[_w ɯ b r ɑ j ɯ m ]_w
[_w ɑ l ɑ b ]_w
[_w t i l d e p ]_w
[_w u dʒ u r d ]_w
[_w ɑ j d ɑ ]_w
[_w z ø z ]_w
[_w ɯ l t ɯ n ɑ n ]_w
[_w dʒ ɑ n d ø ʃ e v ]_w
[_w t r ɑ m ɑ ]_w
[_w o r d o ]_w
[_w k o j u l ɡ ɑ n ]_w
[_w k ø r ɡ ø n ]_w
[_w ɑ j ɑ l ɯ ]_w
[_w t y p k y ]_w
[_w ɑ r ɑ l ɡ ɑ n ]_w
[_w t i l i n ]_w
[_w k e l e r i ]_w
[_w b i l i ʃ e t ]_w
[_w k ø r k ø ]_w
[_w tʃ ɯ l d ɯ n ]_w
[_w ɑː l ɯ ]_w
[_w ʃ ɑ j d ɑ n ]_w
[_w b i l e m ]_w
[_w ɑ k ɯ l ]_w
[_w e v r o b ɑ ]_w
[_w b y ɡ y n ]_w
[_w k i ʃ i n e ]_w
[_w u r m ɑ n ]_w
[_w k o l u n ɑ ]_w
[_w k ɯ l ɡ ɯ ]_w
[_w b i r i k k e ]_w
[_w k oː m u ]_w
[_w dʒ e ŋ i l ]_w
[_w d i e ʃ e l yː ]_w
[_w b i l d i ]_w
[_w t y z ø t ]_w
[_w e n e s i ]_w
[_w dʒ e t k e n ]_w
[_w k ɑ r ʃ ɯ ]_w
[_w dʒ ɑ r tʃ ɯ ]_w
[_w k ɯ l ɯ ʃ ɑ d ]_w
[_w ɑ r t ɯ l ɑ t ]_w
[_w b ɑ j ɯ z ɯ ]_w
[_w d ɑ dʒ r ɯ j b ɑ ]_w
[_w k uː d u l ]_w
[_w b ɑ ʃ ]_w
[_w k e l ]_w
[_w m u r d ɑ ]_w
[_w k i t e b d e r ]_w
[_w χ ɑ n ]_w
[_w e n e ]_w
[_w tʃ e tʃ yː ɡ ø ]_w
[_w dʒ ɑ j ]_w
[_w k o l t o n u p ]_w
[_w u k u ɡ u n ɑ n ]_w
[_w m ɑ k ɑ ]_w
[_w dʒ ɑ ʃ oː d o ]_w
[_w u j u m u n u n ]_w
[_w ɑ t t ɑ ]_w
[_w ɑ ŋ tʃ ɯ l ɯ b ]_w
[_w dʒ ɑ ʃ ɑ p ]_w
[_w dʒ ɯ l ɯ p ]_w
[_w u s ɑ k ]_w
[_w d ɯ ʃ k ɑ n ]_w
[_w e m i ]_w
[_w ɑ v t o r ]_w
[_w ɑ tʃ ɯ l ɡ ɑ ]_w
[_w ɑ r t ɯ n ]_w
[_w p ɑ j ɯ s ɯ ]_w
[_w dʒ e ɡ e n i ]_w
[_w e b o s ]_w
[_w y j r ø n y b ]_w
[_w k ɯ t ɑ j d ɑ n ]_w
[_w i m i ʃ ]_w
[_w k ɑ l ɯ ʃ t ɯ ]_w
[_w o j n o b ]_w
[_w y j ɡ ø ]_w
[_w k o j u l ɑ d ]_w
[_w k ɯ ʃ t ɑ ]_w
[_w s i l e r ]_w
[_w k u r u l u ʃ ]_w
[_w ɑ l ɯ z ]_w
[_w t ɑ ʃ k ɑ dʒ ɑ ]_w
[_w b i l yː ɡ ø ]_w
[_w m e t r ]_w
[_w o ʃ e n d i b ]_w
[_w dʒ ɑ l ɑ ]_w
[_w dʒ ɑ r n ɑ p ]_w
[_w k ɯ r ]_w
[_w b e t e r ]_w
[_w m e t ɑ l l ]_w
[_w dʒ ɑ j ɯ p ]_w
[_w i z d e b ]_w
[_w t ɯ n ɯ m s ɯ z ]_w
[_w s ɯ j ɯ n ]_w
[_w k ø z ɡ ø r y p ]_w
[_w i j i p ]_w
[_w k ɑ n ɑ t ɯ ]_w
[_w k ɑ z ]_w
[_w r o l d o ]_w
[_w s u n u n ]_w
[_w ɑ j t uː s u ]_w
[_w e m n e t e ]_w
[_w tʃ ɑ s uː n u n ]_w
[_w b o s ]_w
[_w b i s k e ]_w
[_w k ɑ p ɑ r ]_w
[_w ɑ r ɯ ]_w
[_w ɑ r d ɯ k ɯ n ]_w
[_w k y m y ʃ ]_w
[_w k e n ]_w
[_w dʒ i k i t k e ]_w
[_w k ɑ r ɑ t uː ]_w
[_w k e s k i ]_w
[_w tʃ ɑ m ɑ n ]_w
[_w dʒ e ŋ i ʃ ]_w
[_w ɑ ɡ ɯ r ɯ ]_w
[_w dʒ e t p e j ]_w
[_w k ɑ r ɑ l ɡ ɑ n ]_w
[_w ɑ t i z d ]_w
[_w t oː l uː ]_w
[_w k ø r y p ]_w
[_w i ʃ t øː ɡ ø ]_w
[_w b ɑ ʃ ɯ ]_w
[_w l i t v ɑ ]_w
[_w i r i ]_w
[_w k ɑ j r ɑ ]_w
[_w d e k e n i n ]_w
[_w ɑ l ɯ s t ɑ ]_w
[_w e v r ɑ z i j ɑ ]_w
[_w k ɑ r m oː ]_w
[_w k ɯ l ɯ m d ɑ n ]_w
[_w t ɑ t ɑ n ]_w
[_w b ɑː r ɯ n ɑ n ]_w
[_w o ɡ uː tʃ u ]_w
[_w k i t e b d i n ]_w
[_w b o l u ʃ ɑ d ]_w
[_w k ɯ l ɑ ]_w
[_w dʒ ɑː t t ɯ n ]_w
[_w ɑ j ɑ k ɯ n ]_w
[_w tʃ e ŋ i p ]_w
[_w t y z d yː ]_w
[_w m uː n ]_w
[_w tʃ y r d y m ]_w
[_w tʃ ɑ ʃ oː s u ]_w
[_w k ɑ b ɑ r o v ]_w
[_w ɑ p ɑ l d ɑ j ]_w
[_w k ɯ l t ɯ j ]_w
[_w k ɑ r ɑ ʃ t uː ]_w
[_w ø z y n y n ø ]_w
[_w b e t t e ]_w
[_w k ɯ l d ɯ z ]_w
[_w ø s y ŋ d y ]_w
[_w k ɑ r ɑ t ɯ b ]_w
[_w ʃ ɑ j l oː d o ]_w
[_w ɑ r d ɯ n ]_w
[_w t u r u b ]_w
[_w b i j l i ɡ i ]_w
[_w ø ɡ y l y ]_w
[_w ɑ l d ɑ r ]_w
[_w m ɑ m i l e t e ]_w
[_w k ø r b ø j ]_w
[_w dʒ ɯ k ɑ ]_w
[_w b i z ]_w
[_w i tʃ i n e ]_w
[_w b ɑ l ɑ ]_w
[_w k ɑ l ɯ ʃ ]_w
[_w k y n d ø ]_w
[_w d e k e n ]_w
[_w s ɑ j ɑ s i j ]_w
[_w k ø z d ø b ]_w
[_w b i r øː n y n ]_w
[_w s y j l øː ]_w
[_w s e n i n tʃ i ]_w
[_w u l uː ]_w
[_w o r d o s u p ]_w
[_w k ø m ø k ]_w
[_w k i tʃ i n ]_w
[_w e s k i l ]_w
[_w ʃ ɑ k e k ]_w
[_w b i z d e p ]_w
[_w dʒ e tʃ i m ]_w
[_w o r u z ]_w
[_w t y ʃ t y ]_w
[_w ø z b e ɡ ]_w
[_w ɑ t ɑ m d ɯ n ]_w
[_w b e r tʃ y ]_w
[_w ɑ b ɑ ]_w
[_w k ø ŋ y l y n ]_w
[_w m ɑː n i d e ]_w
[_w m o n ɡ o n ]_w
[_w ɑ d ɯ b ]_w
[_w y j b y l ø z y ]_w
[_w k i j i n ]_w
[_w dʒ e s i r ]_w
[_w o t u s ]_w
[_w p e l ɡ i z i s ]_w
[_w dʒ ɑ s ɑ t t ɑ r ]_w
[_w m e t r t e n ]_w
[_w dʒ ɑ n ɑ ]_w
[_w s ɑ t uː ]_w
[_w ɑ b ɯ l ]_w
[_w k ɑ k ]_w
[_w b i r i ɡ i p ]_w
[_w ø s y m ]_w
[_w k e l s e ]_w
[_w k ø r y n ø t ]_w
[_w o ʃ o n d o ]_w
[_w b ɑ t ɯ ʃ k ɑ n ]_w
[_w s u r oː l o r u ]_w
[_w k ɯ l m ɯ ʃ ]_w
[_w ø n d y r yː ]_w
[_w k ɯ z ]_w
[_w k ø r ø ]_w
[_w b ɑ z m ɑ d ]_w
[_w k ɯ z ɡ ɑ tʃ ɑ ]_w
[_w y j r ø n y p ]_w
[_w ɑ ɡ ɯ r ɯ n d ɑ ]_w
[_w b i r t e j ]_w
[_w ɑ t ɑ ʃ ɑ t ɯ ]_w
[_w ɑ t ɑ p ɯ s ]_w
[_w t e χ n i k ɑ ]_w
[_w ʃ ɑ r ]_w
[_w k oː s ]_w
[_w dʒ ɯ n ]_w
[_w ɑ dʒ ɯ ]_w
[_w ɑ j ɑ k ]_w
[_w b ɑ m i r ]_w
[_w d ɑ l ɡ ɑ n ]_w
[_w e s k e r i p ]_w
[_w t ɑ p i k ɯ j ]_w
[_w b ɑ j l ɑ n ɡ ɑ ]_w
[_w k e s k i l i ]_w
[_w d ɑ l ]_w
[_w o k u d uː tʃ u ]_w
[_w b ɑ s ɑ r ɯ ]_w
[_w m ɯ j z ɑ ɡ ɑ n ]_w
[_w b ɑ l ɯ k ]_w
[_w tʃ e tʃ yː ]_w
[_w u ʃ u n d ɑ ]_w
[_w ø z d y ɡ ]_w
[_w ɑ n d r e j ]_w
[_w u d u b ]_w
[_w b o r t u n ɑ n ]_w
[_w b ɑ j ]_w
[_w t y b ]_w
[_w k o j uː ]_w
[_w b ɑ r ɡ ɑ ]_w
[_w k ø t ø ]_w
[_w b ɑ ʃ t ɑ l ɑ b ]_w
[_w k ɑ ʃ k ɑ n ]_w
[_w p ɑ d ɑ ]_w
[_w k ɑ n d ɑ ]_w
[_w y j r ø n ø ]_w
[_w ɯ r l ɑ r ]_w
[_w ɡ ɯ l ɑ b ]_w
[_w u r uː z u ]_w
[_w k ɑ l ɯ ʃ ɯ ]_w
[_w tʃ ɑ t k ɑ ]_w
[_w dʒ e t k i s ]_w
[_w ɑ l ɑ r ]_w
[_w m e n tʃ i k ]_w
[_w dʒ y r k ø ]_w
[_w ɑ l ɯ n ɑ ]_w
[_w d ɑ l i l i ]_w
[_w ɑ j l ɑ n ɯ b ]_w
[_w t ɑ l k ɑ ]_w
[_w tʃ ɑ ŋ ɯ t ɑ n ]_w
[_w d y z y p ]_w
[_w ɑ k ɯ n ]_w
[_w ɑ v ɡ u s t t ɑ ]_w
[_w t i j ɡ i s e t ]_w
[_w b ɑ ʃ k ɑ r ɯ ]_w
[_w b u ʃ k i n ]_w
[_w s o v e t ]_w
[_w ɑ l s ɑ ]_w
[_w dʒ ɑ n ɯ ]_w
[_w u tʃ u r d ɑ ]_w
[_w t ɑ ʃ ɡ e n ]_w
[_w dʒ ɑ r ]_w
[_w ɯ ɡ d ɯ ]_w
[_w v o s t o ]_w
[_w s ɑ t ɯ ]_w
[_w k ɯ l d uː ]_w
[_w d i l ]_w
[_w dʒ ɯ ɡ ɯ ʃ ɑ d ]_w
[_w t ɑ r oː ]_w
[_w ɑ l b ɑ j m ]_w
[_w ɑ r d i s t ]_w
[_w ɑ t ɯ n ɑ ]_w
[_w p e r ɡ e ]_w
[_w tʃ ɑ j t ɯ l ɑ t ]_w
[_w m i z ɑ l ɡ ɑ r ]_w
[_w dʒ ɯ ɡ ɑ tʃ ]_w
[_w ɑ r ɑ l ɑ ʃ ɯ b ]_w
[_w e r ɡ e k t i n ]_w
[_w ɑ dʒ ɯ l ɯ n ɑ t ]_w
[_w ø k m ø t ]_w
[_w t ɑ l ɑː ]_w
[_w p ɑ ʃ t ɑ n ]_w
[_w ø l ɡ ø ]_w
[_w u z ɑ k ]_w
[_w b o l uː n u ]_w
[_w ɑ ɡ ɯ n d ɯ n ]_w
[_w p o l s o ]_w
[_w t y ʃ t y ɡ ]_w
[_w n e k i s k i ]_w
[_w m e d r ]_w
[_w k ɑ l ɡ ɑ ]_w
[_w b ɑ ɡ d ɯ l uː ]_w
[_w m y tʃ ø ]_w
[_w k e l e r ]_w
[_w e r ɡ i ]_w
[_w ɑ n ɯ n ]_w
[_w i ʃ i ]_w
[_w b u χ ɑ r ɑ ]_w
[_w t ɑ t k ɑ n ]_w
[_w m e t r i ]_w
[_w ɑ d ɑ t ]_w
[_w k o j s o ]_w
[_w d i l d e p ]_w
[_w k ɑ n ɑ ]_w
[_w dʒ ɑ j ɯ n d ɑ ]_w
[_w n e ɡ i z ɡ i ]_w
[_w b y t y b ]_w
[_w t e k s t ]_w
[_w dʒ y ɡ ø ]_w
[_w dʒ ɑ j ɯ n ]_w
[_w t i l d e r i ]_w
[_w t y z y l ø t ]_w
[_w p u l ɑ k ]_w
[_w u s t ɑ ]_w
[_w m e z ɡ i ]_w
[_w ø l ɡ ø n ]_w
[_w k o m u s ]_w
[_w k ø p t ø k ø n ]_w
[_w k ɯ l k ɑ n ]_w
[_w tʃ e r t i ]_w
[_w t ɯ ʃ k ɑ ]_w
[_w dʒ ɑ k ɑ n ]_w
[_w s o t ]_w
[_w ɑ j r ɯ l ɯ p ]_w
[_w t ɑ ʃ t ɯ ]_w
[_w dʒ u m ɡ ɑ l ɑ t ]_w
[_w dʒ e t ]_w
[_w s e z i m i ]_w
[_w k u t ɑ j ]_w
[_w ɑ n ɑ n ]_w
[_w b ɑ l ɑ r t ɑ ɡ ]_w
[_w k i r i ʃ e t ]_w
[_w m o j n u n ɑ ]_w
[_w b o l o r u ]_w
[_w k ɑ k ɑ n ɑ t ]_w
[_w k ø l ø m d yː ]_w
[_w b o l o m ]_w
[_w tʃ ɑ l p ɯ ɡ ɑ ]_w
[_w m ɑ n ɑ s tʃ ɯ ]_w
[_w s ɯ n tʃ ɯ l ]_w
[_w e l ɑ r ɑ l ɯ p ]_w
[_w ø t ø ]_w
[_w r o m ɑ n ɯ ]_w
[_w t e z ]_w
[_w t e s t ]_w
[_w k ø r z ø t ø t ]_w
[_w ɑ j ɯ n d ɯ n ]_w
[_w ø m y r y n d ø ]_w
[_w p ɑ χ t ɑ ]_w
[_w b ɑː t ɯ r ɯ p ]_w
[_w u j ɡ u r ]_w
[_w ɯ j z ɑ ]_w
[_w dʒ ɑ r ɯ k ]_w
[_w i ʃ k e ]_w
[_w tʃ ɑ s uː ]_w
[_w k u l ɑ ]_w
[_w k e t t i ]_w
[_w ɑ l d ɯ ]_w
[_w k ɑ r oː ɡ o ]_w
[_w s ɑ j ]_w
[_w t ɑ j ɯ n ]_w
[_w ɑ k tʃ ɑ ]_w
[_w tʃ u s u b ]_w
[_w ɑ l ɯ k t ɯ ]_w
[_w ɑ j ɑ k t ɑ l ɑː ]_w
[_w s ɑ b ɑ j ]_w
[_w dʒ ɑ ʃ oː z u ]_w
[_w ɑ d ɑ ]_w
[_w ø n ø r y n y p ]_w
[_w b ɑː r ɯ p ɯ z ]_w
[_w s ø z d y ]_w
[_w s ɑ m ɑ t ]_w
[_w k e l d i r d i ]_w
[_w ɑ j ɑ n ɯ ]_w
[_w z ɑ p ]_w
[_w t i n d i j ɑ ]_w
[_w m ɑ ŋ ɯ s ɯ ]_w
[_w k u d ɑ j ]_w
[_w s y r ø t t yː ]_w
[_w ʃ k u n u tʃ ]_w
[_w t u r u p ]_w
[_w dʒ y r y ʃ ø t ]_w
[_w m y m ɡ y n ]_w
[_w tʃ ɯ l d ɑ r ]_w
[_w e d i l ]_w
[_w s ɯ j l ɯ k ɯ ]_w
[_w i l i m ɡ e ]_w
[_w t ɑ j ɑ r ]_w
[_w t o k t o k u s ]_w
[_w ɑ ʃ ɯ ɡ ]_w
[_w t e l e p ]_w
[_w ɑ b ɑ l ]_w
[_w t ɑ n ]_w
[_w k ɯ j m ɯ l ɡ ɑ ]_w
[_w dʒ ɑ z uː l ɑ r ]_w
[_w e s t e m ɑ ]_w
[_w dʒ o k ]_w
[_w m e ɡ d e ]_w
[_w t y z d y ]_w
[_w t e ɡ e n d e ]_w
[_w dʒ ɑ t ɯ b ]_w
[_w k u r ɑ ]_w
[_w m i ŋ k e ]_w
[_w dʒ o k u l d u b ]_w
[_w s ɑ r ɯ ]_w
[_w k ɑ j t ɯ n ]_w
[_w t i l i n e ]_w
[_w k ɑ t tʃ ɯ ]_w
[_w m ɑ r ɡ ]_w
[_w s ɑ k t ɑ b ]_w
[_w dʒ o l u ɡ u p ]_w
[_w ɑ n dʒ ɑ ]_w
[_w k ɯ t ɑ j ]_w
[_w s ɑ n d ɑ ]_w
[_w k u d ɑ j d ]_w
[_w dʒ o ɡ ]_w
[_w m e t ɑ l ɯ ʃ ɯ ]_w
[_w k e l ɡ e n ]_w
[_w ɑ l d ɯ ɡ ]_w
[_w ø t k ø n ]_w
[_w e l t e r i ]_w
[_w ɑ d ɑ ɡ d ɑ n ]_w
[_w m i ŋ d e n ]_w
[_w dʒ ɑ l p ɯ k ɑ ]_w
[_w ø m y r ]_w
[_w s o k u ʃ t u ]_w
[_w k ø b ø j ɡ ø n ]_w
[_w dʒ ɑ n d uː ]_w
[_w k ɯ l ɑ b ɯ ]_w
[_w d u r m u ʃ t ɑ ]_w
[_w o j l o k o n ]_w
[_w b ɑ l d ɑ ]_w
[_w oː s u n ]_w
[_w ɯ k t ɯ m ɑ l ]_w
[_w b o l b o s ]_w
[_w ø l y ɡ y ]_w
[_w k y t k ø n ]_w
[_w dʒ o m o ɡ ]_w
[_w k ɑ t ɑ m d ɯ n ]_w
[_w t ɑ r t ɯ n ]_w
[_w ø t k ø r k ø m ]_w
[_w y z y n ø n ]_w
[_w b e r i l i ʃ i ]_w
[_w dʒ ɑ l b ɯ ]_w
[_w k ɯ z d ɯ ]_w
[_w k ɑ t ɑ r ɯ ]_w
[_w b e ʃ ]_w
[_w t ɑ l e ]_w
[_w ɑ k ɑ e v ]_w
[_w k ɑ l ɑ d ]_w
[_w ɑ j ɑ n ]_w
[_w e l d i n ]_w
[_w t i n ɡ e ]_w
[_w dʒ o l u k t ɑ r ]_w
[_w t u r u ʃ ɑ t ]_w
[_w u k u ɡ ]_w
[_w s ɑ k ɯ m ɯ ]_w
[_w ɑ m e r i ɡ ɑ ]_w
[_w b e t i ]_w
[_w d ɑ r ɯ ]_w
[_w s ɑ k t ɑ j ]_w
[_w ɑ z ɡ e r i ]_w
[_w tʃ i ɡ i t ]_w
[_w dʒ ɑ r ɑ t ɑ ]_w
[_w k ɑ r ɑ ʃ ɯ ]_w
[_w b ɑ l ɯ n ɡ ɑ n ]_w
[_w e m ɡ e ɡ ]_w
[_w o r u s ]_w
[_w b e k e n d e ]_w
[_w s ɯ j l ɯ k ]_w
[_w e l e ]_w
[_w k o l d o r u ]_w
[_w t ɑː l i m ]_w
[_w e m e z i ]_w
[_w dʒ ɑ s ɯ n ]_w
[_w p i o n e r i ]_w
[_w b ɑ l ɑ ɡ ɑ ]_w
[_w m ɑ l ]_w
[_w t ɑ t ɑ n i j ]_w
[_w ɑ p r e l d e n ]_w
[_w k ɑ tʃ ɯ b ]_w
[_w o ʃ e n t i ]_w
[_w k i r k i z iː ]_w
[_w y z y n ]_w
[_w b e l ɡ i s i ]_w
[_w ʃ k u n u n ]_w
[_w o ʃ o l ]_w
[_w k l ɑ s s t ɯ n ]_w
[_w k e s i b ]_w
[_w o l t u r uː ]_w
[_w dʒ ø n ]_w
[_w ɑ j r ɯ m ]_w
[_w ɑ r d i j ɑ ]_w
[_w u ɡ u ɡ ]_w
[_w s s r i n i n ]_w
[_w tʃ o ŋ ]_w
[_w k ɑ m p ɑ n ɯ n ]_w
[_w b u l ]_w
[_w χ ɑ n s u tʃ ɑ ]_w
[_w k ø m y r ɡ ø n ]_w
[_w k ɑ n d uː ]_w
[_w k i r d i k t e ]_w
[_w t u s ]_w
[_w dʒ u s u ]_w
[_w ɑ j d ɑ n ]_w
[_w s o n ]_w
[_w u b ɑ k ɯ t t ɑ ]_w
[_w dʒ ɑ ʃ t ɑ r ]_w
[_w m e n tʃ i ɡ ]_w
[_w k o t o r k o p ]_w
[_w m ɯ n t ɑ b ]_w
[_w ø t y p ]_w
[_w k o ŋ ʃ u l ɑ ʃ ]_w
[_w d u r u p ]_w
[_w tʃ uː p ]_w
[_w ɑ t ɑ t ]_w
[_w u tʃ u n ]_w
[_w e n i z e j ]_w
[_w u ɡ r ɑ i n ɑ ]_w
[_w s i ŋ i r ɡ e n ]_w
[_w ɑ b ɑ l ɡ i m ]_w
[_w tʃ ɯ ɡ ɑ r m ɑ b ]_w
[_w dʒ ɑ t ɑ m d ɑ r ]_w
[_w ɑ t uː ]_w
[_w u r uː l u k ]_w
[_w d o ɡ d o l u b ]_w
[_w ø s t ø r d ø ]_w
[_w dʒ y s y ]_w
[_w k ɑ r ɯ p ]_w
[_w s y r ø t ]_w
[_w ɑ tʃ uː ɡ ɑ ]_w
[_w ɯ r ɑː s ɯ ]_w
[_w k i r i p ]_w
[_w y l ɡ y ]_w
[_w ɑ ɡ ɯ n d ɑ ]_w
[_w tʃ ɑ ɡ ɑ ]_w
[_w e l k e ]_w
[_w i ʃ e n yː ɡ ø ]_w
[_w k u r u l u ʃ u ]_w
[_w k ø p y n tʃ ø ]_w
[_w e l e ɡ ]_w
[_w t ɑ r d i p t e ]_w
[_w ɡ ɑ t ɯ ʃ ]_w
[_w t u r b ɑ j b ɯ ]_w
[_w tʃ ɑ j ɯ n ]_w
[_w ɑ j l ɑ n ɡ ɑ ]_w
[_w t e m ]_w
[_w ø z y n ]_w
[_w ɑ t e k e r d e ]_w
[_w z ɑ b ]_w
[_w tʃ e k s i s ]_w
[_w k u r s u n ]_w
[_w t ɑ r d ɯ k ]_w
[_w ɡ ɑ m d ɯ n ]_w
[_w e t i p ]_w
[_w ʃ ɑ r d ]_w
[_w i tʃ i n d e k i ]_w
[_w dʒ y s y n d ø ]_w
[_w e m n e k e ]_w
[_w t o b d u n ]_w
[_w ɑ j d ɯ ʃ ɑ ]_w
[_w e ɡ e n ]_w
[_w ɑ r b ɯ ]_w
[_w k ɯ s k ɑ ]_w
[_w t ɑ ɡ ɑ n ]_w
[_w dʒ ɑ k ʃ ɯ ]_w
[_w k o j ]_w
[_w b ɑ j l ɯ ɡ ]_w
[_w t ø r d y m ]_w
[_w o ʃ o n u n ɑ ]_w
[_w s uː s u n u ʃ u ]_w
[_w dʒ ɑ ŋ ]_w
[_w ʃ ɑː r ɡ ɑ ]_w
[_w s ɑ t ]_w
[_w p e t ]_w
[_w ø m y r k ø n ]_w
[_w t ɑ b ɑ ]_w
[_w ɑ n d ɑ ]_w
[_w e s e p t øː ]_w
[_w ø l y m ]_w
[_w b i r i n ]_w
[_w dʒ ɑ s ɑ j d ]_w
[_w o ʃ o n u ]_w
[_w b y t k ø n ]_w
[_w tʃ ɯ l d ɑ t ]_w
[_w i n i s t r i ]_w
[_w k e l ɑ t ɑ t ]_w
[_w k o r ɡ o n ]_w
[_w ɑ l b ɑ j t ɑ n ]_w
[_w dʒ e r d e ]_w
[_w k ɑ b ɑ r ]_w
[_w ɑ m ɑ n ]_w
[_w k o r ]_w
[_w b o l uː s u ]_w
[_w m ɯ k t ɯ ]_w
[_w k e z i t i n e ]_w
[_w y j d ø ]_w
[_w dʒ ɑ ʃ t ɑ b ]_w
[_w s y j l ø p ]_w
[_w d u n u k ]_w
[_w s o ɡ u ʃ ]_w
[_w b u l ɑ r ]_w
[_w m ɑ n ɑ z tʃ ɯ ]_w
[_w b o l o t ]_w
[_w k ɑ l ɯ k ]_w
[_w t ɑ r ɑ b d ɯ k ]_w
[_w m ɑː n i n i n ]_w
[_w ɑ k ɯ r ɯ ]_w
[_w ɑ l d ɯ ŋ k ɯ ]_w
[_w m ɑ t e r i ]_w
[_w dʒ ɑ ʃ oː n u n ]_w
[_w k e l t i r e t ]_w
[_w y j t ø ]_w
[_w tʃ ɑ m ɡ ɯ r ]_w
[_w tʃ ɯ ɡ ɑ tʃ t ɑ n ]_w
[_w r ɯ s k u l o v ]_w
[_w k ɑ j t ɑ r ɯ ]_w
[_w i ʃ t e r ɡ e ]_w
[_w ɑ j t uː ɡ ɑ n ɯ ]_w
[_w eː l e j d ]_w
[_w k ɯ r ɡ ɯ s ]_w
[_w s ɑ b ]_w
[_w m u n ɑ r ɑ ]_w
[_w b y k y n ɡ y ]_w
[_w ø t yː ]_w
[_w k e l dʒ y ]_w
[_w e k i n tʃ i ]_w
[_w b ɑ ʃ t ɑ ɡ ɯ ]_w
[_w m ɑ l i k o v ]_w
[_w χ ɑ n t ɯ ]_w
[_w t ɑ k ]_w
[_w dʒ ɑ s oː ]_w
[_w b ɑ ʃ k ɑ dʒ ɑ n ]_w
[_w e t k e ]_w
[_w k oː m ]_w
[_w ø l ɡ ø n d ø n ]_w
[_w e t i l ]_w
[_w k ɑ r ɑ k o l ]_w
[_w t u r m u ʃ t ɑ ]_w
[_w s o k k u ]_w
[_w b ɑ l b ɑ j ]_w
[_w s i z d e p ]_w
[_w s e j r e k ]_w
[_w b i l i m ]_w
[_w dʒ ɯ l d ɯ ]_w
[_w b o l u p ]_w
[_w o k u j ]_w
[_w k m ʃ ]_w
[_w ɑ j t m ɑ t o v ]_w
[_w b i r i n tʃ i ]_w
[_w o b o ɡ o n ]_w
[_w i ʃ t e t yː ]_w
[_w dʒ e t p e k ]_w
[_w k ɑː l ɑ j t ]_w
[_w dʒ ɑ r ɑ ]_w
[_w m u s ɑ ]_w
[_w s ɑ k t ɑ n ]_w
[_w t ɑ r ɯ χ ɯ ]_w
[_w dʒ ɑ s ɑ l m ɑ k ]_w
[_w k ɑ d ɯ ʃ k ɑ n ]_w
[_w k ø r s ø ]_w
[_w t ɑ r t ɑ m ]_w
[_w i l i m d i ]_w
[_w n ɑ k ɯ ]_w
[_w k ɑ r ]_w
[_w t u r u k u ]_w
[_w b o l o s u ŋ ]_w
[_w k ɯ l s ɑ k ]_w
[_w t ɑ r ɯ χ ɯ n ɑ ]_w
[_w ɑ d ɑ p i j ɑ t ]_w
[_w ɑ d ɯ n ]_w
[_w v i j ]_w
[_w u ɡ r ɑ i n ]_w
[_w t o k t o p ]_w
[_w ɑ ŋ tʃ ɯ l ɯ p ]_w
[_w t e d i ]_w
[_w s ɑ j ɑ s ɑ t ɯ ]_w
[_w k e l i p ]_w
[_w dʒ ɑ ɡ ɯ b ]_w
[_w ɑ r n ɑ m ɑ ]_w
[_w k ɑ n ]_w
[_w e k i ]_w
[_w tʃ ɯ k ɑ r ɯ p ]_w
[_w dʒ ɑ n ɯ n ɑ n ]_w
[_w p y k y n ]_w
[_w k i tʃ i ]_w
[_w dʒ y r y ʃ ]_w
[_w ɑ s t ɯ n ɑ n ]_w
[_w ɯ r ɑ s ]_w
[_w r u t ]_w
[_w m e n t e ]_w
[_w ɑ ŋ ɡ e m e ]_w
[_w ɑ t t ɯ ]_w
[_w o t u n ]_w
[_w u l u ɡ ]_w
[_w dʒ ɯ l d ɯ z ]_w
[_w m ɯ r s ɑ ]_w
[_w k o ʃ u l ɑ ʃ ]_w
[_w b ɑ s ɯ ]_w
[_w y z d y n d ø j ]_w
[_w d ɑ r ɑ b ɑ j ɯ ]_w
[_w k y tʃ ]_w
[_w p ø l y ɡ ]_w
[_w ɑ j t k ɑ n ]_w
[_w t i r yː ]_w
[_w dʒ ɑ z ɑ t ]_w
[_w ø z y ŋ ]_w
[_w m i ŋ ]_w
[_w b e t i n d i n ]_w
[_w dʒ ɯ ɡ ɯ ʃ t ɯ ]_w
[_w i s i l t e ]_w
[_w t y p ]_w
[_w m u k ɑ l ]_w
[_w k ɑ r ɑ k ɑ n ]_w
[_w r ɑ j o n u ]_w
[_w ɑ j t ɯ p ]_w
[_w k ɑː r d uː ]_w
[_w ɯ r tʃ ɯ l ɯ k ]_w
[_w k u t ɑ j t ]_w
[_w ɑ l ɯ z d ɑ n ]_w
[_w ø z y p y z ]_w
[_w s ɑ j ɯ n ɯ n ]_w
[_w e r ɡ e ]_w
[_w o j u n tʃ ɑ ]_w
[_w k i m d i ]_w
[_w e r ɡ i n e ]_w
[_w k ɯ l ɯ p ]_w
[_w ɑ r ɑ ]_w
[_w dʒ ɯ n ɯ n d ɑ ]_w
[_w dʒ e r k t e r ]_w
[_w s e r b ]_w
[_w ɑ l ɯ p ]_w
[_w i ʃ e n ɡ e r ]_w
[_w k y n øː l yː ]_w
[_w dʒ ɑ z ɯ n ɯ n ]_w
[_w b e j i ʃ k e ]_w
[_w k y n ɡ ø n ]_w
[_w i r e t ]_w
[_w s ɑ n ɑ l ɡ ɑ n ]_w
[_w t i n ɡ e n ]_w
[_w t y z y l ɡ ø n ]_w
[_w l u ɡ ɑ t ]_w
[_w u r u ʃ ]_w
[_w e n e r ɡ i n e ]_w
[_w b ø l y p ]_w
[_w m e s k i ]_w
[_w ɑ t ɑ j ɯ n ɯ ]_w
[_w s o s u l u p ]_w
[_w e r k e ]_w
[_w ɑ d ɯ p ]_w
[_w d e ŋ i r t oː ]_w
[_w ɑ r ɑ l ɑ r ]_w
[_w dʒ y r ø k ]_w
[_w b ɑ ʃ k ɯ ]_w
[_w k ø l d y n ]_w
[_w dʒ y r k y n ]_w
[_w u tʃ u r t ɑ ]_w
[_w ʃ ɑ r t t ɑ ]_w
[_w k o ʃ ]_w
[_w ɑ d ɑ z ɯ ]_w
[_w k ɯ l ɑ p ]_w
[_w i ʃ m e r ]_w
[_w k u r ɑ l ]_w
[_w m ɑ k s ɑ k ɑ n ]_w
[_w y z y r l yː ]_w
[_w t ɑ d ɑ z ɯ ]_w
[_w i s ɑ n ɯ ]_w
[_w ø t y ʃ y m ]_w
[_w ɑ n tʃ ɑ ]_w
[_w k ɑ l ɯ z ]_w
[_w ɑ ʃ ɯ b ]_w
[_w dʒ ɑ l ɡ ɯ ]_w
[_w t i n ]_w
[_w dʒ y r t y ]_w
[_w b ɯ tʃ ɑ ɡ ]_w
[_w e t i ]_w
[_w d ɑ ʃ ]_w
[_w s ɑ ɡ d ɑ n ]_w
[_w ɯ j ɯ ɡ ]_w
[_w t ɑ j ɯ m ]_w
[_w ɯ j s ɑ ]_w
[_w b ɑː r ɯ n ]_w
[_w k e tʃ i n d e ]_w
[_w ɑ n d ɑ j ]_w
[_w k ɑ r oː ]_w
[_w i ʃ t e j ]_w
[_w k ø b y r ø ]_w
[_w dʒ y r ø k y n ]_w
[_w t uː l ɡ ɑ n ɯ ]_w
[_w dʒ e t i m ]_w
[_w o k ʃ o b ]_w
[_w t i n i ]_w
[_w s t r ]_w
[_w t e ŋ i r t i ]_w
[_w ɑ s i j ɑ ]_w
[_w ɑ j ɯ l ɯ n ɡ ɑ ]_w
[_w m u r u n ɡ u ]_w
[_w ɑ k ɯ n d ɑ ]_w
[_w dʒ ɯ k ɑ r ]_w
[_w b ɑ d ɯ ʃ ɯ p ]_w
[_w b ɑ j ɑ k t ɑ p ]_w
[_w dʒ ɑ t ɯ ]_w
[_w e b o s t u ɡ ]_w
[_w s ɑ m ɑ n ]_w
[_w dʒ ɯ ɡ ɑ r ɯ s ]_w
[_w ɑ l ɑ t ]_w
[_w b ɑ l d ɑ r ]_w
[_w e z e b d øː ]_w
[_w b i r øː l ø r ]_w
[_w tʃ e s i r ]_w
[_w k ø z d ø r y ]_w
[_w e r d e n ]_w
[_w k ɯ z ɯ ]_w
[_w k oː m d u ɡ ]_w
[_w dʒ ɯ l ɯ n d ɑ ]_w
[_w ɑ r ɡ ɑ ]_w
[_w tʃ ø n ø j t ]_w
[_w dʒ ɑ z ɑ l ɑ t oː ]_w
[_w e m e s p i ]_w
[_w ɯ s m ɑ j ɯ l ɯ ]_w
[_w b e t i n ]_w
[_w dʒ ɑ s ɯ n t ɑ ]_w
[_w ɑ j ɯ l ]_w
[_w dʒ y r ɡ y n ]_w
[_w k ɑ b d ɑ ]_w
[_w ɑ l b ɑ j ]_w
[_w e k e n ]_w
[_w b e r yː n y n ]_w
[_w k ø s y ]_w
[_w b i l e ]_w
[_w b ɑ ʃ ɑ d ]_w
[_w k oː m d o ]_w
[_w k o r ɡ o b ]_w
[_w k ɯ t ɑ j l ɯ k ]_w
[_w ɑ d ɑ m d ɯ ]_w
[_w o t u r u ʃ t u ]_w
[_w ʃ ɑ j d ɑ ]_w
[_w m u r ɑ s ɯ ]_w
[_w k ɑ b ɑ r ɑ t ]_w
[_w k ɑ l ɡ d ɯ n ]_w
[_w b ɑː t ɯ r ]_w
[_w b i r i n e ]_w
[_w k e t tʃ y ]_w
[_w b e r ɡ e ]_w
[_w ɑ r ɑ s uː ]_w
[_w i l i k ]_w
[_w ɑ ɡ d e r ]_w
[_w s ɑ ɡ d oː tʃ u ]_w
[_w s ɑ l ɯ m ɯ ]_w
[_w k ɯ d ɑ j ɡ ɑ ]_w
[_w t y n t ø k y ]_w
[_w u tʃ u r u n ɡ ɑ ]_w
[_w k ø z d ø p ]_w
[_w tʃ ɑ l b ɯ ]_w
[_w k y n d ø j ]_w
[_w ø r øː n y n ø ]_w
[_w k ɯ j n ɑ l ɯ p ]_w
[_w m ɑ l d ɯ ]_w
[_w m i n ɡ e n ]_w
[_w k e r e k ]_w
[_w k u l ]_w
[_w ɑ j ɯ l d ɑ r ]_w
[_w k eː d e ]_w
[_w dʒ o l ɡ u ]_w
[_w o ʃ o ]_w
[_w t ɑ ŋ ]_w
[_w ʃ ɑː r l ɑ r ]_w
[_w dʒ ɯ j ɯ n uː ]_w
[_w k i t e p ]_w
[_w p ɑ ʃ k ɯ ]_w
[_w k e ŋ e ʃ i ]_w
[_w k e t i ʃ t yː ]_w
[_w ɑ j d ɯ n ]_w
[_w ɑ t i z d i ]_w
[_w k ɯ j n ɑ p ]_w
[_w ɑ s k ɑ ]_w
[_w b y t y n ]_w
[_w k ɑ t ɯ ʃ ]_w
[_w k i j i b ]_w
[_w χ ɑ n d ɯ ɡ ]_w
[_w k oː m d u n ]_w
[_w s oː d ɑ ]_w
[_w ɑ dʒ ɯ l d ɯ k ]_w
[_w ɑ t i l ]_w
[_w k o tʃ k o r ]_w
[_w s ɑ l ɯ ]_w
[_w d ɑ r t ɯ ɡ ]_w
[_w d y r ɡ y t ]_w
[_w i ɑ s ɯ n ɑ n ]_w
[_w m ɑː n ɑ j ]_w
[_w k e l i ʃ k e ]_w
[_w dʒ o ŋ ]_w
[_w d i n i ]_w
[_w e l tʃ i z i ]_w
[_w dʒ y r k y t ]_w
[_w u l u t t u ɡ ]_w
[_w t ɑ r ɯ n ɑ ]_w
[_w k ɯ l ɯ ʃ ]_w
[_w t ɑ r ɑ k e t ]_w
[_w dʒ ɑ r ɑ t uː ]_w
[_w s ø z y n ]_w
[_w ɑ r z ɑ n ]_w
[_w k ɑ j t ɯ p ]_w
[_w dʒ ɑ z ɑ l ɡ ɑ dʒ ]_w
[_w b e ɡ e n ]_w
[_w e b o s u n u n ]_w
[_w k t ɯ n ]_w
[_w e l ɑ r ɑ l ɯ ]_w
[_w b ɯ tʃ ɑ k ]_w
[_w ø n ø r y n ]_w
[_w k ɑ l ɡ ɑ n ]_w
[_w y j r ø t yː ]_w
[_w m ɑ k ɑ l ɑ ]_w
[_w dʒ o l ]_w
[_w dʒ o k o r u d ɑ ]_w
[_w s u r oː l o r ]_w
[_w k ɑ t uː ]_w
[_w tʃ ɑ r ɑ l ɯ ]_w
[_w k ɑ l ɯ p ɯ n ɑ ]_w
[_w r ɑ t i o ]_w
[_w ɑ j t ɑ ]_w
[_w b ɑ r b ɯ ]_w
[_w n e ɡ i s i ]_w
[_w tʃ y r k y z ø t ]_w
[_w b y t y r ɡ ]_w
[_w s ɑ m ɑ n d ɯ ]_w
[_w tʃ y r ø ɡ ]_w
[_w k ɯ s m ɑ t t ɯ ]_w
[_w k ɑ r ɑ k e t ]_w
[_w k ɯ l uː ]_w
[_w ʃ ɑː r ɯ n ɑ ]_w
[_w s ɯ r t k ɑ ]_w
[_w ɑ d ɑ e n e ]_w
[_w o b o ]_w
[_w m e ɡ e n i n ]_w
[_w ɑ l s ɑ k ]_w
[_w o r d u n ɑ ]_w
[_w k ɯ l ɡ ɑ ]_w
[_w ɑ j ɯ n ɯ p ]_w
[_w dʒ i b e r k e ]_w
[_w d ɑː n uː ]_w
[_w t y n d y ]_w
[_w k y n t y ]_w
[_w b o l uː d ɑ ]_w
[_w k y p ø z y ]_w
[_w t y ʃ y n y ɡ ]_w
[_w t i l d e r ]_w
[_w d ɑ r ɑ ɡ e t ]_w
[_w k o l d oː ]_w
[_w t o b u ]_w
[_w tʃ e tʃ i m k e ]_w
[_w ɑ tʃ ɯ l ɡ ɑ n d ]_w
[_w dʒ ɑ r b ɑ z ɯ m ]_w
[_w tʃ y r y ʃ ]_w
[_w k ø p ø j y p ]_w
[_w t i j i ʃ ]_w
[_w e b o s u n ]_w
[_w n e m i s ]_w
[_w o j u n ɑ ]_w
[_w k u p ɑ n ɯ ]_w
[_w t e n e ]_w
[_w b ɑ s ɯ l ɯ p ]_w
[_w dʒ y r k ø n ]_w
[_w k ɯ r ɡ ɯ k ɑ ]_w
[_w k e ŋ e ʃ tʃ i ]_w
[_w n e tʃ e ]_w
[_w s ɑ p ɑ d ]_w
[_w o s m o n ]_w
[_w ɑ t k ɑ n ɯ ]_w
[_w b i j ]_w
[_w tʃ o l ]_w
[_w ø z ɡ ø n ]_w
[_w d ɑ l ɑ s ]_w
[_w b ɑ j ɯ ]_w
[_w ɑ l ɡ ɑ n ]_w
[_w k o ʃ u b ]_w
[_w b o l s o m ]_w
[_w s ɑ l ɯ b ]_w
[_w t u r ɑ t ]_w
[_w ɑ b e n d i p ]_w
[_w dʒ ɑ s uː ]_w
[_w b e ɡ ]_w
[_w k u p ɑ t ]_w
[_w ɑ l ɑ s ɯ n ɑ ]_w
[_w d ɑ l ɑː ]_w
[_w e k øː ]_w
[_w t e ɑ t r t ɑ ]_w
[_w b ɑ ʃ ɯ n ɑ n ]_w
[_w s ɑ ɡ ɑ ]_w
[_w s ɑ n ɯ n ]_w
[_w b u ɡ u ]_w
[_w ɑ ʃ k ɑ ]_w
[_w k ɯ z ɡ ɑ ]_w
[_w n oː ɡ ɑ t ]_w
[_w ɑ n ɯ k t ɑ ]_w
[_w ɑ t ɑ j ɯ m ]_w
[_w ɑ r ɑ l ɑ ʃ ]_w
[_w b ɑ ʃ k ɑ n ]_w
[_w k ɯ s ]_w
[_w dʒ e r d i n ]_w
[_w m e k t e ]_w
[_w s ɑ m ɑ d ]_w
[_w ɑ s ɯ l ɑ d ]_w
[_w dʒ ɯ k ɑ r ɯ s ]_w
[_w s l o v ɑ ɡ ]_w
[_w b ɑ l d ɑ r ɯ ]_w
[_w k e l yː ɡ ø ]_w
[_w t ɯ j ɡ ɑ r ɯ p ]_w
[_w d uː r ɑ ]_w
[_w tʃ e k ]_w
[_w dʒ ɑ l p ɯ ]_w
[_w m y tʃ ø l ø r y ]_w
[_w m ɑ n ɑ ]_w
[_w ɑ j d ɯ b ]_w
[_w dʒ oː b d uː ]_w
[_w m ɯ n t ɑ ]_w
[_w dʒ ɑ r ɯ ɡ ]_w
[_w m e n i n tʃ i ]_w
[_w k e t i ʃ e t ]_w
[_w o j u n d u ]_w
[_w d ɑ ŋ k ]_w
[_w t ɑ r ɯ n ]_w
[_w dʒ ɑ t p ɑ j ]_w
[_w b o l s o ]_w
[_w ø k y m ]_w
[_w b o l ɡ o ]_w
[_w k i j i m t i ]_w
[_w ɑ r n ɑ k ɑ n ]_w
[_w u r u b ]_w
[_w b ɑ r k ɑ ]_w
[_w tʃ o m o k ]_w
[_w p ɑ ʃ t ɑ b ]_w
[_w t ɯ ʃ k ɯ ]_w
[_w dʒ ɑ r ɑ t ɯ b ]_w
[_w m u r u ]_w
[_w p ɑ l ɯ k ]_w
[_w t y t y n ]_w
[_w dʒ ɑ l ɑ ŋ ]_w
[_w ɑ r ɑ t k ɑ n ]_w
[_w p ø l y m y ]_w
[_w i ʃ t e t i ]_w
[_w dʒ ɑ r ɯ k k ɑ n ]_w
[_w t o l u p t u r ]_w
[_w ɑ r t ɑ m ]_w
[_w b o l b o s o ]_w
[_w b o r b o r u ]_w
[_w k ɑ d ɑ r ɯ p ]_w
[_w dʒ ɑ b ɯ l ]_w
[_w b o l b o ʃ u ]_w
[_w dʒ y r ø ɡ ]_w
[_w ɑ t ɑ m d ɑ r ]_w
[_w b e j i ʃ k e n ]_w
[_w ɑ j t t ɯ ]_w
[_w b ɑ ʃ ɯ n ɑ ]_w
[_w k ɑ l p ]_w
[_w oː r u b ]_w
[_w dʒ y z y ]_w
[_w e l i n ]_w
[_w dʒ ɯ k uː ]_w
[_w d o k m o k ]_w
[_w t y j n ø z y ]_w
[_w dʒ ɑ ʃ ]_w
[_w b o l j ɑ k ]_w
[_w b ɑ j dʒ i e v ]_w
[_w u l ɑ n ]_w
[_w o k uː s u n ]_w
[_w p e r i l i p ]_w
[_w dʒ e r ɡ e ]_w
[_w e l i m ]_w
[_w oː z e k i ]_w
[_w k uː n u n ]_w
[_w tʃ ɑ ɡ d ɑ p ]_w
[_w y j r ø t y p ]_w
[_w ɑ t ɑ m ɯ ]_w
[_w k ɑ ʃ k ɑ r ]_w
[_w b i r ɡ e n ]_w
[_w b ɑ k ɯ t ]_w
[_w ɑ l d ɯ m ]_w
[_w n i e t ]_w
[_w tʃ e t i ʃ i n i ]_w
[_w ʃ ɑː r t ɯ ]_w
[_w m ɑ s e l e r ]_w
[_w b e l e k ]_w
[_w ɑ j l ɑ r d ɯ n ]_w
[_w p o l tʃ u ]_w
[_w t ɑː z ɯ n ]_w
[_w k ø b ]_w
[_w m ɑ j r ɑ t ɑ r ]_w
[_w ɑ dʒ ɯ l ɯ b ]_w
[_w b ɑ ʃ ɯ n ]_w
[_w k ɑ r ɑ s ɯ ]_w
[_w i z d o r i j ɑ ]_w
[_w k i m d e r ]_w
[_w ɑ t ɑ m ]_w
[_w k u r u l u b ]_w
[_w k ɑ dʒ e t ]_w
[_w ɑ d i z ]_w
[_w s ɯ j l ɯ ɡ ]_w
[_w k ɯ s m ɑ t ɑ ]_w
[_w dʒ u m u ʃ tʃ u ]_w
[_w z ɑ r ɯ ]_w
[_w u r uː l ɑ r ]_w
[_w o b l ɑ s t ɑ n ]_w
[_w k o s u ]_w
[_w ɑ t t ɑ r ɯ χ ]_w
[_w m ɑ χ m u d ]_w
[_w b ɑː r d ɯ ]_w
[_w k e l yː d ø ]_w
[_w m u n u n ]_w
[_w u b ɑ k t ɯ ]_w
[_w ø n y ɡ y ]_w
[_w ɑ l m ɑː t ɑ ]_w
[_w u t u b ]_w
[_w u b ɑ ɡ ɯ p ]_w
[_w k y r ø ʃ y p ]_w
[_w t e r s ]_w
[_w dʒ e r t i ]_w
[_w dʒ e l o v e n ]_w
[_w k e t yː ɡ ø ]_w
[_w ø m y r ɡ ø n ]_w
[_w k u r ɑ n ]_w
[_w d y ʃ t y k ]_w
[_w t oː s u ]_w
[_w k ɑ t ɯ ʃ ɑ t ]_w
[_w dʒ ɑː p ]_w
[_w dʒ ɑ k ɯ m ɯ ]_w
[_w t e l e ]_w
[_w e p o s ]_w
[_w ø s y ]_w
[_w t ɑ l ɑ j ]_w
[_w ɑ r ɑ l ɯ ɡ u l ]_w
[_w k y n d y m ]_w
[_w ʃ ɑ j l oː ɡ o ]_w
[_w k i t e b i n ]_w
[_w tʃ e ŋ i b ]_w
[_w m e n d e ]_w
[_w o r u s t ɑ ]_w
[_w m o l d o ʃ u ]_w
[_w ɑ t tʃ ɑ n ]_w
[_w t o z d u ɡ ]_w
[_w u tʃ u r ɑ j d ]_w
[_w ɑ r d i z d ]_w
[_w m ɑ s e l e z i ]_w
[_w i ʃ t e r d e ]_w
[_w t i l d yː ]_w
[_w dʒ oː p t uː ]_w
[_w k i t e p t e n ]_w
[_w ɑ j ɯ l d uː ]_w
[_w d i l i n e n ]_w
[_w k y n ɡ y ]_w
[_w k ɯ r ɡ ɯ ]_w
[_w tʃ ɑ l ɑ ]_w
[_w k u r uː ɡ ɑ ]_w
[_w dʒ ɑ r ɯ k k ɑ ]_w
[_w k ɯ r t uː ]_w
[_w ɑ l p ɑ j b ɯ s ]_w
[_w b ɑː r ɯ ]_w
[_w ɑ l d ɯ ŋ ɡ ɯ ]_w
[_w ø z y p ]_w
[_w b e r d i ]_w
[_w ø l ɡ ø t ø r yː ]_w
[_w ɡ ø p t ø r ]_w
[_w e l tʃ i l e r ]_w
[_w s o ɡ u ʃ k ɑ ]_w
[_w k o r k u ]_w
[_w m u n ɑ r ɑ s ɯ ]_w
[_w dʒ e tʃ e ]_w
[_w t y ʃ y n y b ]_w
[_w s i s t e n ]_w
[_w b ɑ j ɑ n ]_w
[_w k ɑ j z ɯ ]_w
[_w dʒ ɯ k ɯ ʃ t ɑ k ]_w
[_w k o r ɡ u n u n ]_w
[_w dʒ o l u k u ]_w
[_w tʃ e t ]_w
[_w k o ʃ u l ɡ ɑ n ]_w
[_w k ø r y b ]_w
[_w n ɑː r ɑ z ɯ ]_w
[_w l e n i n ]_w
[_w m e ɡ e n ]_w
[_w ɑ l ɑ r d ɑ k ɯ ]_w
[_w dʒ ɑ l b ɯ ɡ ɑ ]_w
[_w m ɑː l d ɑ ]_w
[_w k e t s e ]_w
[_w e b d e r ]_w
[_w ɑ r ɑ t ]_w
[_w d ø r ɑ ɡ ɑ j ]_w
[_w ʃ ɑ r d ɯ n ]_w
[_w k ɑ t i m ɡ i ]_w
[_w k ɯ l uː n u ]_w
[_w m ɑ t ɑ n ]_w
[_w tʃ ø k y b ]_w
[_w b u r ɑ n ɑ ]_w
[_w t e z e m ]_w
[_w s e j r e ɡ ]_w
[_w k ɑ k ɑ n ɯ ]_w
[_w b e l ɡ i l yː ]_w
[_w u l ɑ n d ɯ n ]_w
[_w ɑ s ɯ r ɑː k ]_w
[_w n ɑ r o t o v ]_w
[_w t u r ɡ ]_w
[_w ɑ j ɯ l d ɯ ]_w
[_w tʃ ɑ s oː d o ]_w
[_w b e l ɡ i z i n ]_w
[_w k i ʃ i n d i ɡ ]_w
[_w d u ʃ u n d ɑ n ]_w
[_w s ɑ j ɑ ɡ ɯ n ]_w
[_w m ɑ t ɑ ]_w
[_w ɑ ʃ ɯ r uː ]_w
[_w b ɑ k ɯ n ]_w
[_w k o ŋ ʃ u ]_w
[_w dʒ u m ʃ ɑ k ]_w
[_w b ɑ ʃ t ɑ n ]_w
[_w k ɯ l ɯ m d ɑ r ]_w
[_w m ɑ k ɑ l ]_w
[_w b e r e t ]_w
[_w k e t yː ]_w
[_w ɑ j t ɯ n ]_w
[_w b u k ɑ ]_w
[_w i ʃ ɑ r ɑ ɡ o l ]_w
[_w t u r tʃ u ]_w
[_w dʒ u m u ʃ k ɑ ]_w
[_w dʒ ɑ k ɯ n ɡ ɯ s ]_w
[_w ɑ t ɑ m d ɑ ]_w
[_w ɑ p ɑ l ɯ ]_w
[_w m i s ɑ l ]_w
[_w dʒ o b o ]_w
[_w k ø t ø r ø ]_w
[_w d ɯ p ɯ ʃ ]_w
[_w m u r t ɑ k ]_w
[_w s y t ]_w
[_w s u l t ɑ n ]_w
[_w s p o r n i k ]_w
[_w χ u d j ɑ k o v ]_w
[_w k ɑ ʃ k ɑ ]_w
[_w ʃ ɑ r d ɯ ]_w
[_w s ɑ m ɑ n d ɑ ]_w
[_w e z e p t øː ]_w
[_w dʒ ɑ k ɯ n ]_w
[_w tʃ ɯ k uː tʃ u ]_w
[_w o ɡ u ɡ u n ɑ n ]_w
[_w k o j u ʃ k ɑ ]_w
[_w ø s ø t ]_w
[_w k o m e t i j ɑ ]_w
[_w o j u n tʃ u ]_w
[_w dʒ y r y ʃ y ]_w
[_w b ɑ ʃ t ɑ t ɯ ]_w
[_w y s y r l yː ]_w
[_w m ɑ k ɑ l ɑ t oː ]_w
[_w o r u s tʃ ɑ ]_w
[_w ɑ l d ɯ n ]_w
[_w ɑ p ɑ m ]_w
[_w l o n d o n ]_w
[_w n ɑ ɡ ɯ l ]_w
[_w tʃ ɑ n ɑ ]_w
[_w b ø l y m ]_w
[_w d o j ]_w
[_w u r u k u ]_w
[_w dʒ ɯ k ɑː n ]_w
[_w s ɑ k t oː k o ]_w
[_w t ɑː n ɯ b ]_w
[_w tʃ ɑ l p ɯ ]_w
[_w s ɑ j ɯ n ]_w
[_w dʒ e t t i ɡ ]_w
[_w k ø tʃ ø ]_w
[_w t i l d e ]_w
[_w k y n y ]_w
[_w dʒ e r i n e n ]_w
[_w k ɑ l m ɑ ]_w
[_w dʒ e p ]_w
[_w t ɯ ʃ k ɑ n ]_w
[_w ɑ ʃ ɯ r uː n ]_w
[_w ɑ j ɯ l ɯ ]_w
[_w k ɑ r ɑ tʃ ɑ d ɯ ]_w
[_w b u j u m ]_w
[_w ɑ l ɑ r ɡ ɑ ]_w
[_w i j ɡ i l i ɡ ]_w
[_w k ɑ l d ɯ ]_w
[_w s ɑ l d ɯ n d ɑ ]_w
[_w t ø l ø b ]_w
[_w o b l u s u ]_w
[_w k u j u p ]_w
[_w b e r ]_w
[_w t ɑ l ɡ ɑ n ɡ ɑ ]_w
[_w b ɑ l t ɑ r d ɯ ]_w
[_w s ø z d ø r y n ]_w
[_w t y s ]_w
[_w k o l d o ʃ u ]_w
[_w χ ɑ n d ɯ p ]_w
[_w k e s t e ɡ i ]_w
[_w m ɯ n d ɑ n ]_w
[_w o ɡ u j ]_w
[_w t o b u n u n ]_w
[_w z ø s t ø p ]_w
[_w k yː s y ]_w
[_w b y d y r y ʃ ]_w
[_w e m n e t e n ]_w
[_w tʃ ɑ p ɯ r ]_w
[_w ɑ n ɯ ]_w
[_w s ɑ k t oː ]_w
[_w m e k e n t ]_w
[_w b e l e k t r ]_w
[_w y m y t ]_w
[_w dʒ e r k e ]_w
[_w o r u n d ɑ j ]_w
[_w k e s i n e n ]_w
[_w p o l s o k ]_w
[_w dʒ ɑ k ɯ p ]_w
[_w m ɑ t ɑ n ɯ ]_w
[_w tʃ ɑ ʃ t ɑ r ]_w
[_w o ɡ u j t ]_w
[_w dʒ e ɡ e dʒ e ]_w
[_w m ɑ j ]_w
[_w tʃ y z d ø ɡ y ]_w
[_w s y r ø t tʃ y ]_w
[_w ɑ r ɑ b d ɑ ]_w
[_w b ɑ ʃ k ɑ l ɑ r ]_w
[_w m e s k i l ]_w
[_w k e l tʃ y ]_w
[_w d ɑ t ɯ ]_w
[_w ɑ t ɑ n ]_w
[_w b y d y n ]_w
[_w d y ʃ y ]_w
[_w k y n y m d y ]_w
[_w b e r b e n ]_w
[_w s e p e p t e ]_w
[_w k ɯ ʃ ɯ n d ɑ j ]_w
[_w k ɑ r ɑ ]_w
[_w dʒ e t t i ]_w
[_w s ɯ j ]_w
[_w ɯ s ɯ k t uː ]_w
[_w d y j n ø t ø n ]_w
[_w n e ɡ i z ]_w
[_w dʒ ɯ n ɯ k ɯ ]_w
[_w b e r k e ]_w
[_w k ɑ r ɑ k ]_w
[_w s ɑ l ɯ k ]_w
[_w dʒ ɑ r ɑ t ɯ p ]_w
[_w ʃ ɑ p ɑ k ]_w
[_w dʒ e k e ]_w
[_w d i j i b ]_w
[_w k ɑ m ɑ k k ɑ ]_w
[_w t ɑ r d ɑ ]_w
[_w dʒ e ŋ i b ]_w
[_w oː r u p ]_w
[_w p i l b e k e r ]_w
[_w e r k e k t i ]_w
[_w o ɡ u j ɑ ]_w
[_w ɑ r ɑ z ɯ ]_w
[_w b o l ɡ u l ɑ ]_w
[_w b u z u p ]_w
[_w d ɑ p ʃ ɯ r ɯ p ]_w
[_w b o l o p u s ]_w
[_w ɑ ɡ ɯ n k ɯ z ]_w
[_w t ɑː n ɯ m ɑ l ]_w
[_w m ɯ n t ɑ n ]_w
[_w k ɑ r ɑ t ɑ t ]_w
[_w e m n e ɡ e ]_w
[_w o k u j ɑ ɡ ɑ ]_w
[_w b e l e ɡ d r ]_w
[_w t u ɡ u ]_w
[_w e k i b e t ]_w
[_w k ɑ t ɯ ʃ k ɑ n ]_w
[_w b i r i k k e n ]_w
[_w ɑ j t s ɑ ɡ ]_w
[_w dʒ ɑ r t ɑ ]_w
[_w ɑ l ɑ j ]_w
[_w k o t o r ]_w
[_w uː l u n u n ]_w
[_w t e n e s ɑ j ]_w
[_w i ʃ e n yː ]_w
[_w o r d o s u n ]_w
[_w d o l u p t u r ]_w
[_w t ɑ l ɑ p ]_w
[_w k ɑ j ɯ n ]_w
[_w b ɑ l ɑ n ɯ n ]_w
[_w tʃ y k ø n y ]_w
[_w tʃ ɯ l t ɑ t ]_w
[_w b o e m ɑ ]_w
[_w d ɑː n ɯ ʃ ɯ p ]_w
[_w ʃ e ɡ ]_w
[_w k ɯ l k ɯ ]_w
[_w s e s i m ]_w
[_w m ɯ n d ɑ j ]_w
[_w m ɑ m ɑ j ]_w
[_w b ɑ l ɑ n ɯ p ]_w
[_w ø k y l y k ]_w
[_w dʒ ɯ n d ɯ k t uː ]_w
[_w ɑ j ɯ l d ɑ r ɯ ]_w
[_w r i m ]_w
[_w k i r t i ]_w
[_w o r t o s u ]_w
[_w t e r e ŋ ]_w
[_w m y n ø z y ]_w
[_w ɑ n d ɑ b ]_w
[_w k ø z y ]_w
[_w dʒ ɯ l d ɑ k ɯ ]_w
[_w b ɑ l ɑ k ]_w
[_w eː l e p ]_w
[_w u j ɑ t ]_w
[_w k r e ɡ ]_w
[_w k ɑ ʃ k ɑ dʒ ɑ ]_w
[_w s u l uː ]_w
[_w s ɑ l ɑ ]_w
[_w t i l ]_w
[_w d o s ]_w
[_w ɑ r tʃ ɑ ]_w
[_w n e k i z ]_w
[_w ø z y n y n ]_w
[_w t y r y n d y ]_w
[_w s ɑ j ɑ k ]_w
[_w t o l u p ]_w
[_w k ɯ ʃ ɯ n d ɑ ]_w
[_w k oː m ɡ o ]_w
[_w tʃ y r k y z yː ]_w
[_w t e ɡ e n d i ]_w
[_w b i r i ]_w
[_w dʒ ɯ n d ɯ n ]_w
[_w dʒ i p e r e ]_w
[_w s y r y b ]_w
[_w d y r y n d ø ]_w
[_w dʒ y r ø t t ø r ]_w
[_w ɑ ɡ ɯ l ɡ ɑ n ]_w
[_w dʒ ɑ l ɯ k ]_w
[_w b ɑ ʃ tʃ ɯ ]_w
[_w b ɑ z ɡ ɑ n ]_w
[_w o r t o ]_w
[_w k ɑ j d ɑ ]_w
[_w k e z e k e ]_w
[_w b e r i ʃ k e n ]_w
[_w s ɑ ɡ d ɑ r ]_w
[_w ɑ r d i b ]_w
[_w d ɑ r ɑ t uː ]_w
[_w e m ɡ e k i ]_w
[_w t ɑ l i l i ]_w
[_w d e ɡ e n i j ]_w
[_w ɑ s k e r e t ]_w
[_w s ɑ j ɑ k p ɑ j ]_w
[_w ɑ p r e l d e ]_w
[_w t y ʃ t y k ]_w
[_w k u j m ɑ s ɯ ]_w
[_w ɑ tʃ ɯ r ɑ d ]_w
[_w t ɑ ɡ ɯ ]_w
[_w r u χ u ]_w
[_w ɑ k t r i z ɑ ]_w
[_w k i ʃ i n ]_w
[_w o k uː k ɑ ]_w
[_w s ɯ n ɑ k ]_w
[_w t ɯ n ɯ m z ɯ z ]_w
[_w k ɑ l ɑ ]_w
[_w ɯ r t ɑ p ]_w
[_w k y n t y k ]_w
[_w p i r i ]_w
[_w r e k t yː ]_w
[_w i ʃ i n i n ]_w
[_w k ɑ r oː k o ]_w
[_w t ɑ k k ɑ n ]_w
[_w tʃ o l d o r u ]_w
[_w ø l tʃ ø m y ]_w
[_w k o r k o ɡ o n ]_w
[_w k e l e ]_w
[_w p ɑ r d ɯ ]_w
[_w t ɑ r ɯ χ t ɑ ]_w
[_w k ø l ø m y ]_w
[_w k e l t i r yː ]_w
[_w i n d i b ]_w
[_w k i t e b ]_w
[_w k ø ɡ ]_w
[_w i tʃ k e ]_w
[_w ɡ ɯ r d ɑː l ]_w
[_w dʒ y j ]_w
[_w k i j i n ɡ i ]_w
[_w χ ɑ n d ɯ n ]_w
[_w n ɑː m ɯ n ]_w
[_w b e r yː n y ]_w
[_w d o ɡ d o r ]_w
[_w m ɑ m i l e ]_w
[_w t ɑ l ]_w
[_w m o j u n ]_w
[_w k ɑ p ɯ l d ɯ ]_w
[_w t ɑ p k ɯ ]_w
[_w s o j u s u n ɑ ]_w
[_w k ɑ d ]_w
[_w k ø b k ø ]_w
[_w t ɑ r d ɯ n ]_w
[_w t ɑ l ɑ b ]_w
[_w dʒ ɑ s ɑ ɡ ]_w
[_w k ɯ ʃ ]_w
[_w t ɑ n t oː ]_w
[_w k ɯ l t uː ]_w
[_w b y ɡ y n ɡ y ]_w
[_w e z e k t e p ]_w
[_w k u d ɑ j t ɑ ]_w
[_w k ɯ l s ɑ ɡ ]_w
[_w ø l y m d y ]_w
[_w s ø z d ø n ]_w
[_w d ɑ r ɑ p t ɯ ]_w
[_w t o l u ɡ u ]_w
[_w ø k y z ]_w
[_w o r d u n ]_w
[_w m i n i n ]_w
[_w ɑ p r e l d e r ]_w
[_w tʃ e ɡ e ]_w
[_w d u r b ɑ j b ɯ ]_w
[_w dʒ o ɡ u s u ]_w
[_w ɑ j ɯ n ]_w
[_w k ø b ø j k ø n ]_w
[_w s i m v o l u ]_w
[_w d i l d e r ɡ e ]_w
[_w t ɑ l ɑ ʃ ]_w
[_w b i l k e ]_w
[_w dʒ y r d y m ]_w
[_w dʒ ɑ k ɯ ]_w
[_w b ɑ r ]_w
[_w i s ɑ ]_w
[_w m ɑ ʃ ɑ j ]_w
[_w s o n u n ]_w
[_w tʃ ɯ k ɑ r ɯ ]_w
[_w b o l o r ]_w
[_w k ɑ j r ɯ l uː ]_w
[_w n ɑː m ]_w
[_w o ʃ o ɡ o ]_w
[_w ɑ s ɑ n ]_w
[_w t r ɑ m ɑ l ]_w
[_w b tʃ ɑ ]_w
[_w k i j i m d i n ]_w
[_w l e j l e k ]_w
[_w z o k u ʃ ]_w
[_w ø z d ø r ɡ ø n ]_w
[_w dʒ ɑ r ɑ t k ɑ n ]_w
[_w d e ɑ d r ɯ ]_w
[_w ɑ p s e l ]_w
[_w y s t y n ø ]_w
[_w tʃ y r y ʃ y ]_w
[_w m ɑ m i l e s i ]_w
[_w t o j ]_w
[_w ɑ v t o r l o ʃ ]_w
[_w k ɑː r m ɑ n ]_w
[_w k ɯ l ɡ ɑ n ]_w
[_w t e m i r ]_w
[_w b o j u n ]_w
[_w k ɑ l ɯ b d ɯ r ]_w
[_w b ɑ j l ɑ n ɑ t ]_w
[_w k e z d e r d e ]_w
[_w s e p e b k e ]_w
[_w tʃ ɑ t k ɑ r ɯ p ]_w
[_w ɑ j ɑ l d ɯ n ]_w
[_w y n s y z d ø ]_w
[_w t ɑ b ɯ l ɯ p ]_w
[_w i ʃ t i n ]_w
[_w dʒ ɯ ɡ ɯ ʃ ]_w
[_w k ɑː l oː s u ]_w
[_w d u ʃ ]_w
[_w o j u n u ]_w
[_w b ɑ j t ]_w
[_w i ʃ t øː d ø n ]_w
[_w t y j n ø n y ]_w
[_w k ɯ l uː tʃ u ]_w
[_w tʃ i b e r i p ]_w
[_w m u r ɑ s ]_w
[_w u j ɡ u r l ɑ r ]_w
[_w ɯ s ɯ k k ø l ]_w
[_w ø z y m d y n ]_w
[_w k ɯ l ɯ m ]_w
[_w ʃ ɑ j l oː ]_w
[_w e l ɑ r ɑ l ɑ t ]_w
[_w r ɑ j o n d o j ]_w
[_w b i k i r ]_w
[_w t ɑ ʃ k ɑ ]_w
[_w k ɯ t ɯ ]_w
[_w k e z i k e t ]_w
[_w b i z ɡ e ]_w
[_w ɑ j d ɑ d ]_w
[_w k ø r s ø t ø ]_w
[_w m u χ ɑ m m e t ]_w
[_w s y r k ø n ]_w
[_w k ø z d ø n ]_w
[_w ɑ j t ɑ t ]_w
[_w s ɑ n ɑ p ]_w
[_w d ɑ r ɑ p ]_w
[_w b ɑ j ɑ n ɯ n ]_w
[_w b e r e m ]_w
[_w t oː r u ]_w
[_w n oː r u s ]_w
[_w k ø l y ]_w
[_w dʒ ɯ k ɯ ʃ ]_w
[_w k o ʃ o j ]_w
[_w i l i m ]_w
[_w b u ɡ ɑ ]_w
[_w s ɯ j ɯ n ɯ n ]_w
[_w s ɑ j ɑ z ɑ t ɯ ]_w
[_w ø ɡ y m ]_w
[_w k o ʃ m o ]_w
[_w y l ɡ y s y p ]_w
[_w ɑ k t i v d yː ]_w
[_w b u t ]_w
[_w t ɑ j ɑ k ɯ n ]_w
[_w ɑ k ɑ t e m i r ]_w
[_w ø z y ŋ d y ]_w
[_w d e s t ]_w
[_w m ɑː n i k e ]_w
[_w s ɑ n d ɑ j tʃ ɑ ]_w
[_w ɑ ɡ ɯ l ]_w
[_w k y j øː ɡ ø ]_w
[_w b ɑ j ɯ r ɡ ɯ ]_w
[_w t y ʃ y ]_w
[_w o t u r k ]_w
[_w r e t ɑ k t uː ]_w
[_w t i n i j ]_w
[_w tʃ e j i n ɡ i ]_w
[_w b ɑ t ]_w
[_w i ʃ i n d i n ]_w
[_w ø l k ø n ]_w
[_w u ʃ u n ]_w
[_w k ɑ t ɑ ]_w
[_w dʒ ɯ l d ɯ n ]_w
[_w k o r k o n ]_w
[_w ɑ r d ɑ p ]_w
[_w o ɡ u j ɑ n ɯ p ]_w
[_w dʒ eː ɡ i n d e ]_w
[_w ɑ s ɑ d ]_w
[_w r o l u n ɑ ]_w
[_w k ø t ø r y ]_w
[_w ɑ z ɯ r k ɯ ]_w
[_w k ɑ tʃ uː ]_w
[_w u l ɑ n d ɑ j ]_w
[_w s u r oː ]_w
[_w b i r t i k t e ]_w
[_w e k øː b y z ]_w
[_w n e k i z ɡ i ]_w
[_w e m ɡ e k ]_w
[_w ɑ l ɡ ɑ tʃ ]_w
[_w b ø l y n y p ]_w
[_w ɑ d ɑ d ɑ r ]_w
[_w b ʃ k n ɯ n ]_w
[_w dʒ e r i n e ]_w
[_w t e ŋ i r i ]_w
[_w o k uː tʃ u ]_w
[_w e s e b d e ]_w
[_w o k u ]_w
[_w b ɑ j ɑ ɡ ɑ ]_w
[_w ʃ ɑː r ɯ ]_w
[_w i ʃ e n i p ]_w
[_w b e r ɡ i ]_w
[_w t y ʃ k ø n ]_w
[_w ɑ r ɑ l ɯ k ]_w
[_w ɯ l d ɯ ]_w
[_w dʒ e r ɡ e n d e ]_w
[_w dʒ e r l e r i n ]_w
[_w ɑ t ɯ n ]_w
[_w o t u ]_w
[_w b u l ɑ r d ɯ p ]_w
[_w b o n tʃ ɑ ]_w
[_w t y r y ʃ ø t ]_w
[_w tʃ ɑ ʃ t ɑ k ɑ n ]_w
[_w t y r y ]_w
[_w e s e b ]_w
[_w ɑ j m ɑ ɡ ɯ ]_w
[_w t o s u ]_w
[_w t u ʃ m ɑ n ɯ ]_w
[_w k u r uː ]_w
[_w s y j l ø ʃ y b ]_w
[_w ɯ z m ɑ t k ɑ n ]_w
[_w k ɑ r m ɑ ]_w
[_w b e l e ]_w
[_w dʒ ɑ k t ɑ b ]_w
[_w u l u d ]_w
[_w dʒ ø b ]_w
[_w p y t ]_w
[_w ʃ ɑ m ɑ l ]_w
[_w k ɑ l ɑ t ]_w
[_w d ɑ r b i j ɑ ]_w
[_w t uː l ɡ ɑ n k ɑ ]_w
[_w ø t k ø r yː ɡ ø ]_w
[_w s o s u l u b ]_w
[_w s ɑ k ɑ n ɑ t ]_w
[_w dʒ e t i ]_w
[_w b ɑ l ɯ ɡ ]_w
[_w s i s k e ]_w
[_w k o l u ]_w
[_w ɑ r ɡ ɯ ]_w
[_w dʒ i k i d ]_w
[_w o k u ɡ u n ]_w
[_w m øː n ø t y ]_w
[_w t y ʃ y n ø ]_w
[_w s ɑ j ɑ s i j ɑ ]_w
[_w k e z i t ]_w
[_w ɯ r tʃ ɯ z ɯ ]_w
[_w t u r uː ]_w
[_w d y ʃ t y ɡ d ø ]_w
[_w m ɯ n d ɑ ]_w
[_w ɑ r ɡ ɯ l uː tʃ u ]_w
[_w k ɑː l ɑ k ɑ n ]_w
[_w y n d yː ]_w
[_w tʃ y ɡ y r t yː ]_w
[_w t ɑ r ɑ b d ɯ ɡ ]_w
[_w k e l ɑ t k ɑ n ]_w
[_w dʒ e r l e r t i ]_w
[_w e z d e ʃ e t ]_w
[_w s ɑ ɡ d ɑ r ɯ ]_w
[_w ø s p e ɡ ]_w
[_w b ɑ ʃ k ɑ dʒ ɑ ]_w
[_w o j l o j m ]_w
[_w dʒ ɯ l d ɑ r t ɑ ]_w
[_w ɑ l ɯ ʃ ɑ d ]_w
[_w b e r i l i b ]_w
[_w ɑ l ɯ m b e ɡ ]_w
[_w k u r k ɑ n ]_w
[_w tʃ ɑ l ɯ ɡ ]_w
[_w o l u t t ɑ r ]_w
[_w y j y ]_w
[_w tʃ ɯ l ]_w
[_w z ø z d y ]_w
[_w e r ɡ e ɡ d i ]_w
[_w k i t e b i n e ]_w
[_w dʒ ɑ k ɯ r ]_w
[_w dʒ ɯ l ]_w
[_w i n d o n ]_w
[_w k ɑ l ɯ ŋ ]_w
[_w b i r t e ]_w
[_w k ɑ b ɯ l ]_w
[_w s ɯ n tʃ ɯ ]_w
[_w dʒ y r y p ]_w
[_w k ø l ]_w
[_w t i l ɡ e r d e ]_w
[_w m ɑː n i k e ɡ e ]_w
[_w b ɑ j ɑ n ɯ p ]_w
[_w t i l d i n ]_w
[_w t y ʃ y n yː ]_w
[_w b ɑ r uː ]_w
[_w ɑ s ɯ r k ɯ s ]_w
[_w b y r ɡ y t ]_w
[_w b o e m ɯ ]_w
[_w t ɑ p t ɯ ]_w
[_w tʃ y r ɡ y t ]_w
[_w k ɑ m d ɯ ]_w
[_w dʒ i ɡ i t ]_w
[_w k o m u z d u n ]_w
[_w tʃ ɑ n ɯ ]_w
[_w ɯ z ɯ m ɯ ]_w
[_w ɑ j t ɑ r ɯ n ]_w
[_w ɑ r ɑ v ɑ n ]_w
[_w tʃ e t e ]_w
[_w ɑ t ɑ p ɯ l ɯ p ]_w
[_w b i r k e n ]_w
[_w d ɑ ɡ ɯ ]_w
[_w o t u r k ɑ j ]_w
[_w s y r ɡ ø n ]_w
[_w ɑ j t ]_w
[_w k u r u l ɡ ɑ n ]_w
[_w e k e r ]_w
[_w s ɯ r ]_w
[_w k ø r ɡ ø ]_w
[_w s uː n u ]_w
[_w t e k e n ]_w
[_w ɯ j s ɑ m d ɑ r ]_w
[_w k o r ɡ oː ɡ o ]_w
[_w ʃ ɑː r ]_w
[_w t uː ɡ ɑ n ]_w
[_w d ɑ t k ɑ ]_w
[_w n ɯ m d uː ]_w
[_w m o j u n d ɑ ]_w
[_w k o m u s t u ɡ ]_w
[_w k o l χ o s t o ]_w
[_w tʃ ɑ r ɯ m ]_w
[_w dʒ o l u n ]_w
[_w ɑ d ɑ ʃ k ɑ n ]_w
[_w s ɑ l t ]_w
[_w e l ɑ r ɑ l ɯ ɡ ]_w
[_w dʒ ɯ k ɑ t ]_w
[_w k ɑ n ɑ t ]_w
[_w s uː ɡ ɑ ]_w
[_w k ɯ z d ɯ ɡ ]_w
[_w s y r ø t t ø r ]_w
[_w d ɑ r ɯ χ ɯ ]_w
[_w k y b ø z y ]_w
[_w k u p ɑ t ɑ ]_w
[_w r u χ ɑ n i j ]_w
[_w ɑ ɡ ɯ r uː ]_w
[_w u tʃ u r ɑ j t ]_w
[_w s ɑ d ɯ ]_w
[_w s o k u l d u p ]_w
[_w b ɑ ʃ t ɑ p k ɯ ]_w
[_w b y k y n ɡ ø ]_w
[_w t e b u d ɑ t ]_w
[_w s i z ]_w
[_w s ɯ n ɑ n ]_w
[_w ɑ l ɯ ʃ k ɑ n ]_w
[_w ɑ dʒ ɯ l ɯ n ɑ ]_w
[_w k yː l ø r y n ]_w
[_w ɑ j l ɯ k ]_w
[_w dʒ ɑ b k ɑ ]_w
[_w k ɑ t tʃ ɯ z ɯ ]_w
[_w ɑ j t k ɑ n ɯ ]_w
[_w s ɑ b ɑ k ]_w
[_w m ɑ ʃ i n ɑ ]_w
[_w k ø p y n ]_w
[_w d e ɡ e n ]_w
[_w y n y n ]_w
[_w t ɑ r d i s t i ]_w
[_w ɑ r t ɑ k ɯ ]_w
[_w ø ɡ y z ]_w
[_w k y t y p ]_w
[_w tʃ ɑ j ɡ ɑ ]_w
[_w ɑ l ɡ ɑ ]_w
[_w dʒ o l u n ɑ ]_w
[_w k y n d ø r ]_w
[_w b ɑ k t ɯ z ɯ ]_w
[_w s o k u ʃ k ɑ n ]_w
[_w ɑ t i z ]_w
[_w k e l ɡ i l e ]_w
[_w tʃ e r ]_w
[_w dʒ ɑ r b ɑ z ɯ ]_w
[_w e l e s i ]_w
[_w t u r u ʃ k ɑ n ]_w
[_w k o k o n ]_w
[_w b i ʃ k e n ]_w
[_w ø z ɡ ø tʃ ø ]_w
[_w k u t u r e t i ]_w
[_w dʒ ɯ l d ɑ r d ɑ ]_w
[_w dʒ ɑ s ]_w
[_w ɑ ɡ ɯ m b ɑ t ]_w
[_w t ɑ l i l d e p ]_w
[_w s i l e t e ]_w
[_w u l ɑ m ]_w
[_w m ɑ j d ɑ n ]_w
[_w b ɑː d ɯ r ɯ p ]_w
[_w e r ɡ e n ]_w
[_w n e r s e n i n ]_w
[_w dʒ e t e ]_w
[_w ɯ r l ɑ r ɯ ]_w
[_w b ɑ t ɑ ]_w
[_w k ø r y ʃ ø t ]_w
[_w i z i l d øː ]_w
[_w t oː l o r ]_w
[_w t oː r u n ɑ ]_w
[_w b i o n e r i ]_w
[_w ɑ d ɑ e n e s i ]_w
[_w s ɑ b ɑ d ]_w
[_w ɑ t ɑ ]_w
[_w r u χ i j ]_w
[_w ɑ k tʃ ɑ n ɯ n ]_w
[_w t ɑ k ɯ ]_w
[_w t o l l ɑ r ]_w
[_w s øː ɡ y ]_w
[_w ø l ɡ ø k ø ]_w
[_w uː l u n ɑ ]_w
[_w ɑ k ɯ n ɑ n ]_w
[_w k ɑ ɡ e n ]_w
[_w ɯ j m ɑ n s ɯ z ]_w
[_w m ɡ e ]_w
[_w dʒ ø n ɡ ø n ]_w
[_w m ɑː n i ]_w
[_w k ɑ k ɑ n ]_w
[_w k y tʃ y ]_w
[_w s e p e p i ]_w
[_w tʃ ɑ ŋ ]_w
[_w i tʃ i p ]_w
[_w s i z d e m e ɡ ]_w
[_w ɑ k ɯ l d ɯ s ]_w
[_w o r u z tʃ ɑ ]_w
[_w n e r s e ]_w
[_w o r d e n ]_w
[_w b ɑ ʃ t ɑ ʃ t ɯ ]_w
[_w i l i m i ]_w
[_w ɑ j l ɑ n d ɯ n ]_w
[_w t ɑ b ɑ d ]_w
[_w o j u ]_w
[_w e l d e r ɡ e n ]_w
[_w i ʃ e n ɡ e n ]_w
[_w ɑ j t uː ɡ ɑ ]_w
[_w k ɑ r ɑ ʃ d uː ]_w
[_w ø z b e k ]_w
[_w b ɑ r t ɯ l ɑ t ]_w
[_w o r u n ɡ ɑ ]_w
[_w k ɑ l ɯ z d ɑ n ]_w
[_w t oː r d o ]_w
[_w t y n d ø ]_w
[_w k ɯ j n ɑ b ]_w
[_w i ʃ e n i m i ]_w
[_w n ɑ j s ɑ ]_w
[_w dʒ ɑ b ɑ r t ɯ n ]_w
[_w ɑ k tʃ ɑ n ɯ ]_w
[_w ɑ d i s t ]_w
[_w ø l y m d y ɡ ]_w
[_w p o l s o m ]_w
[_w ɯ z ɯ k k ɑ n ]_w
[_w p e k e r ]_w
[_w ɑ tʃ ɑ l ]_w
[_w ɑ ɡ ɑ e v ]_w
[_w ɑ l ɯ m b e k ]_w
[_w dʒ ɯ l ɡ ɑ n d uː ]_w
[_w ø t y b ]_w
[_w t o b d o b ]_w
[_w b o l u ʃ ]_w
[_w b ɑ ʃ k ɑ tʃ ɑ ]_w
[_w s ɑ l ɯ ɡ ]_w
[_w ɑ ʃ ɑ t ɯ ]_w
[_w ɑ d ɑ t t ɑ ]_w
[_w tʃ ɑ j d ɑ n ]_w
[_w ɑ l ɯ m ɯ n ]_w
[_w b e l ɡ i z i ]_w
[_w k oː m u n u n ]_w
[_w t ɑ r d ɯ ]_w
[_w s ɑ χ ɑ r o v ]_w
[_w k u d ɑ j t ]_w
[_w t e b ]_w
[_w b i j d i n ]_w
[_w u j u m u ]_w
[_w b o l ɡ o n ]_w
[_w ø z y n ø ]_w
[_w d u r uː ]_w
[_w d e m i r ]_w
[_w k ɑ l b ]_w
[_w u l ɑ n d ɑ ]_w
[_w l e j l e ɡ ]_w
[_w t y r y p ]_w
[_w m u ɡ ɑ l ]_w
[_w dʒ eː ɡ i n d i p ]_w
[_w s ɑ ɡ ]_w
[_w dʒ ɑ r t ɑ m ]_w
[_w b o l d u n ]_w
[_w o p o l u b ]_w
[_w k ɯ z ɡ ɑ dʒ ɑ ]_w
[_w s u r oː k o ]_w
[_w tʃ e dʒ i m i ]_w
[_w i ʃ t e r d i n ]_w
[_w u l u k ]_w
[_w y j r ø n ɡ ø n ]_w
[_w k o l ]_w
[_w b e r uː ]_w
[_w ɑ ɡ d r i s ɑ ]_w
[_w o k uː ]_w
[_w dʒ e r i n ]_w
[_w ɑ l uː tʃ u ]_w
[_w t oː r u n u n ]_w
[_w dʒ i k i t t i n ]_w
[_w b e r i ]_w
[_w i m ɑ m ]_w
[_w y z d y ]_w
[_w ɑ t t uː ]_w
[_w k u d ɑ j ɡ ɑ ]_w
[_w k y tʃ y n ]_w
[_w k o ʃ u p ]_w
[_w ɯ j z ɑ k ɑ ]_w
[_w k ɯ l ɯ m ɡ ɑ ]_w
[_w dʒ ɯ k k ɑ n ]_w
[_w ɑ tʃ ɯ ɡ ]_w
[_w s ɯ r t ɯ n ]_w
[_w dʒ ɑ r ɯ j ɑ ]_w
[_w o b l u z u ]_w
[_w k o ʃ o ]_w
[_w s e p e p k e r ]_w
[_w s uː s u ]_w
[_w ɑ l m ɑ ɡ ]_w
[_w y tʃ t ø n ]_w
[_w k ɑ r ɑ tʃ ɑ d ]_w
[_w t ɑ r ɯ χ ɯ n ]_w
[_w tʃ o l t u ]_w
[_w m e k e n i j ]_w
[_w t ø r t ø ]_w
[_w b u l ɑ k ]_w
[_w dʒ ɑ j ɯ n ɯ n ]_w
[_w t y r ɡ y z ø t ]_w
[_w b i j i ]_w
[_w k y b ø ]_w
[_w n e r s e l e ]_w
[_w b e l k i z i ]_w
[_w ø d y ʃ y m ]_w
[_w b e l ɡ i ]_w
[_w b e k e n i n ]_w
[_w dʒ e n d e ]_w
[_w u tʃ u b ]_w
[_w k ø r ɡ ø m ]_w
[_w s e n i n d i b ]_w
[_w e l tʃ i s i ]_w
[_w s e n ]_w
[_w k ɯ ʃ ɯ n t ɑ ]_w
[_w k ɑ m tʃ ɯ ]_w
[_w dʒ ɑ ɡ ɑ n ]_w
[_w i ʃ i n e ]_w
[_w tʃ e r l e r ]_w
[_w t ɑ b ɑ t ]_w
[_w k ø s t ø r ]_w
[_w k ø s y n y n ø ]_w
[_w ɑ r ɑ ŋ ]_w
[_w o b l u z u n ]_w
[_w t u v ɑ ]_w
[_w k i r e t ]_w
[_w dʒ ɑ ʃ oː s u ]_w
[_w e b o s u n d ɑ ]_w
[_w m i l d e r d i ]_w
[_w k i ʃ i l e r ]_w
[_w b i r d e j ]_w
[_w o ʃ t o b ]_w
[_w t y j n ø t ø n ]_w
[_w b i r ]_w
[_w t y z ɡ ø n ]_w
[_w ɑ r m j ɑ n ]_w
[_w k ɑ ɡ ɑ n ]_w
[_w t y ʃ t y k t ø ]_w
[_w d ɑ ʃ t ɑ r ]_w
[_w t ɑː n uː tʃ u ]_w
[_w uː l d ɑ r ]_w
[_w ɑ k ʃ t ɑ ]_w
[_w i l k e ]_w
[_w s o v e t t i k ]_w
[_w k ø z ]_w
[_w d ɑ tʃ i ɡ ]_w
[_w ɑ ɡ ɯ r ɯ p ]_w
[_w s e b e b d yː ]_w
[_w i ʃ e n i m ]_w
[_w ɑ l ɯ ɡ ]_w
[_w m u ɡ ɑ l i m ]_w
[_w dʒ ɯ ɡ ɯ ʃ t ɑ ]_w
[_w b ɑ s m ɑ n d ɑ ]_w
[_w i l i m i n i b ]_w
[_w d r e v n i χ ]_w
[_w ɑ n t ɑ ]_w
[_w t uː l ɡ ɑ n ]_w
[_w tʃ e t k i s ]_w
[_w k ɑ m d ɯ j d ]_w
[_w k y n d ø n ]_w
[_w dʒ ɯ n d ɯ k t ɯ ]_w
[_w o r d o k ]_w
[_w u n u d u b ]_w
[_w dʒ ɑ s uː l ɑ r ]_w
[_w ø l y ɡ ]_w
[_w k ɑ l b ɑ n ]_w
[_w d i j i ʃ ]_w
[_w k ɑ j d ɑ p ]_w
[_w ɑ t ɑ n ɯ n ]_w
[_w p e r i b ]_w
[_w dʒ ɯ l d ɑ ɡ ɯ ]_w
[_w t ɑ p t ɑ b ]_w
[_w b ɑ ʃ t ɑ r ]_w
[_w k o ɡ o n ]_w
[_w dʒ ɯ ɡ ɑ t ]_w
[_w m o l d o ]_w
[_w b e r yː ɡ ø ]_w
[_w d u r m u ʃ ]_w
[_w tʃ ɯ ɡ ɑ r ]_w
[_w ɑ j ɯ l d ɑ n ]_w
[_w dʒ y z ]_w
[_w ø t k ø r k ø n ]_w
[_w b ø l y k ]_w
[_w k ø p ø j k ø n ]_w
[_w tʃ ɯ k ɯ ʃ ɑ t ]_w
[_w k y j øː ]_w
[_w dʒ y r ø t t yː ]_w
[_w dʒ ɯ l d ɯ ɡ ɑ ]_w
[_w e ɡ e r d i ]_w
[_w m o l d o n uː ]_w
[_w k ɑ n d ]_w
[_w e v ɡ e n i ]_w
[_w k i r i ʃ k e ɡ ]_w
[_w d ɑ n t ɑ j tʃ ɑ ]_w
[_w m i z ɑ l ɯ p ]_w
[_w ɑ j d ]_w
[_w b i r i n e n ]_w
[_w dʒ ɑ r d ɑ t ]_w
[_w k e p ]_w
[_w t ɑ l ɑː t ɑ ]_w
[_w ɑ l ɯ s ]_w
[_w ɑ k ʃ ]_w
[_w k i j i p ]_w
[_w m ɑː l ɯ m ]_w
[_w ø s k ø r d y ]_w
[_w o r t u n ]_w
[_w t y ʃ y m ]_w
[_w t e l e t ]_w
[_w dʒ o m o k ]_w
[_w b ɑ l t ɑ ]_w
[_w k oː m t u ɡ ]_w
[_w b ɑ ʃ t ɑ k ɯ ]_w
[_w dʒ e r l e r ]_w
[_w ɑ tʃ ɯ l d ɑ r ]_w
[_w s ɑ r ɯ m ]_w
[_w dʒ e ŋ i p ]_w
[_w dʒ ɑ k ɑ ]_w
[_w k ɑ l ɡ ɑ n ɯ ]_w
[_w k i ʃ i n i n ]_w
[_w t ɑ j ɑ r d ɑ ]_w
[_w m e k t e ʃ ]_w
[_w ʃ ɑː r ɯ n ɑ n ]_w
[_w b y ɡ y n k y ]_w
[_w k ɯ r d ɑː l ]_w
[_w n i k e ]_w
[_w z ɑ k t ɑ j t ]_w
[_w n i ɡ e ]_w
[_w tʃ ɑ ɡ d ɯ l uː ]_w
[_w m u r ɑ t ]_w
[_w k u r ]_w
[_w k e s k i n ]_w
[_w ɑ j ɯ ]_w
[_w ɑ r ɑ l k ɑ n ɯ ]_w
[_w o j l o r ]_w
[_w m o m u n ]_w
[_w tʃ i ɡ e r d e ]_w
[_w ø n ø r y n y n ]_w
[_w t y r y n ø ]_w
[_w u s ɑ k ɑ n ]_w
[_w ɯ z m ɯ ]_w
[_w k i r e ʃ e ]_w
[_w k o r k o n uː ]_w
[_w dʒ e l e ]_w
[_w t u k u ]_w
[_w s ɑ l ɡ ɑ n ]_w
[_w s e p e b ]_w
[_w k o t o r u p ]_w
[_w b ɑː r ɯ n ɑ ]_w
[_w ɑ d uː ]_w
[_w k y n d y k ]_w
[_w dʒ ɯ ɡ ɑ r uː ]_w
[_w dʒ e r ]_w
[_w o p o k o ]_w
[_w ʃ ɑː r ɯ n ɯ n ]_w
[_w z ø z d y ɡ ]_w
[_w k y l ]_w
[_w t o p u ]_w
[_w ɑ t ɑ b i j ɑ t ]_w
[_w k ɑ l ɯ z d ɑ r ]_w
[_w b ɑ j l ɯ k ɯ ]_w
[_w b ɑ ɡ ɯ t t ɑ ]_w
[_w k e n e r ɑ l ]_w
[_w y j r ø n yː ]_w
[_w d i j ɡ e n ]_w
[_w o ɡ uː ɡ ɑ ]_w
[_w dʒ e t e k t e r ]_w
[_w b i j t i n ]_w
[_w e m e z ]_w
[_w k y tʃ t ø r ]_w
[_w k y tʃ y n tʃ y ]_w
[_w ɑ j ɑ k p ɑ j ]_w
[_w ɑ tʃ uː ]_w
[_w dʒ i ɡ e r d e ŋ ]_w
[_w t ɑ l ɑ ʃ s ɯ z ]_w
[_w t ɑː n ɯ p ]_w
[_w d o l u b ]_w
[_w u s ɑ ɡ ɑ ]_w
[_w dʒ ɑ s ɯ l ɡ ɑ ]_w
[_w ɯ l ɑ j ɯ k ]_w
[_w s ɑ p ɑ k ]_w
[_w tʃ ɑ ʃ ɯ r uː n ]_w
[_w ɑ z b ɑ p t ɑ r ]_w
[_w d i l d e ]_w
[_w k e r b e j ]_w
[_w d o ɡ o l o ]_w
[_w s ɑ l ɑ t ]_w
[_w b ɑ l e t ]_w
[_w t u n u k ]_w
[_w ɑ j l ɑ n ɯ n ]_w
[_w n ɑː m i ]_w
[_w ɑ l ɑ m ]_w
[_w k o l u n ɑ n ]_w
[_w k ɑ n d ɑ p ]_w
[_w b i l i m i j ]_w
[_w ɑ t ɑ ʃ ɑ d ]_w
[_w k i d e p k e ]_w
[_w b e t i n e n ]_w
[_w ɑ k ɯ l m ɑ n ]_w
[_w y n y ]_w
[_w ɑ t ɑ l ɡ ɑ n ]_w
[_w t ɑ r d ɯ l ɑ t ]_w
[_w ɑ l ɑ z ɯ n ɯ n ]_w
[_w tʃ ɑ t k ɑ n ɯ ]_w
[_w s ɯ j ɑ k t ɑ p ]_w
[_w k u r ɑ m ɯ ]_w
[_w t ɑ ʃ t ɑ k ]_w
[_w b i l b e j t ]_w
[_w s ɑ b i r ɑ ]_w
[_w k i j i m ]_w
[_w e l e k t r ]_w
[_w s ɯ r ɯ n d ɑ ]_w
[_w m o l d o p ]_w
[_w ɑ t ɑ ʃ ɡ ɑ ]_w
[_w k ɑ l s ɑ ]_w
[_w dʒ ɑ ɡ ɯ p ]_w
[_w ɯ r l ɑ r ɯ n ]_w
[_w p u χ ɑ r ɑ ]_w
[_w b u l ɑ k t ɑ r ]_w
[_w u b ɑ ɡ ɯ t t ɑ ]_w
[_w k ɯ l ɯ n ɑ t ]_w
[_w dʒ ɯ k p ɑ j t ]_w
[_w ø z ɡ ø ]_w
[_w t o ɡ u ]_w
[_w dʒ i p e k ]_w
[_w k o j ɡ o n ]_w
[_w e s k e r i ]_w
[_w b ɑ l ɑ l uː ]_w
[_w n ɑ t ɯ ]_w
[_w b i r l e r ɡ e ]_w
[_w b ɑ j t ɑ ]_w
[_w d ɑ r ɯ χ ɯ j ]_w
[_w dʒ y k ø n y ]_w
[_w u tʃ u r ]_w
[_w d ɑ n d ɑ ]_w
[_w u tʃ u r u n ]_w
[_w o ɡ u ɡ ɑ n ]_w
[_w b ɑ ʃ k ɑ ]_w
[_w b e k t e b ]_w
[_w d øː l ø z ]_w
[_w k ɯ l ɑ m ]_w
[_w e l e m ]_w
[_w n ɑ j z ɑ ]_w
[_w k e ŋ e ʃ t i n ]_w
[_w y j r ø n ɡ ø ]_w
[_w k oː m t u k ]_w
[_w ɑ r ɑ b ]_w
[_w ɑ l ɯ n ɡ ɑ n ]_w
[_w dʒ e tʃ yː ]_w
[_w tʃ e k i b ]_w
[_w tʃ ɯ n ɯ z d ɯ ]_w
[_w k ɯ z d ɑ p ]_w
[_w m ɑ z e l e r ]_w
[_w dʒ ɑ s m ɑ t ]_w
[_w dʒ ɑ l b ɯ k ɑ ]_w
[_w ɑ l ɯ n ɑ t ]_w
[_w s u r ɑ b ]_w
[_w k ø b y n ]_w
[_w d e m i k ]_w
[_w s o s u l ɡ ɑ n ]_w
[_w b ʃ k ]_w
[_w s ɑ p ɑ r ]_w
[_w k ɯ l k ɑ ]_w
[_w t ɑ r ɯ ]_w
[_w s o j u z u n ]_w
[_w t ɑː s i r i ]_w
[_w k y n øː ]_w
[_w s e s i l e r ]_w
[_w k ø b tʃ y l y ɡ ]_w
[_w ɑ t ɑ m s ɑ t ]_w
[_w tʃ ɯ n ɯ n ]_w
[_w tʃ ɯ k k ɑ ]_w
[_w o b l ɑ s t ɯ n ]_w
[_w e l ɡ e n ]_w
[_w ɑ ʃ ɯ ]_w
[_w b y t ]_w
[_w u ʃ u ]_w
[_w m ɑ ɡ ɑ n ]_w
[_w tʃ i ɡ i t k e ]_w
[_w k ɑ r ɑ t ɑ r ]_w
[_w u k t ɑ p ]_w
[_w b ø l y n y b ]_w
[_w ɑ t ɑ m d ɯ ɡ ]_w
[_w u ʃ u l ]_w
[_w ø n t y r y p ]_w
[_w uː l u ]_w
[_w k i ʃ i ]_w
[_w d ɑ r ɯ n ]_w
[_w ɑ l b e t t e r ]_w
[_w ɑ j m ɑ ɡ ]_w
[_w b i s t e ]_w
[_w ʃ e k s i z ]_w
[_w e ɡ i n ]_w
[_w k o j uː ɡ ɑ ]_w
[_w dʒ ɑ m ɑ n b ɑ b ]_w
[_w t e n e z i ]_w
[_w o r u z i n ]_w
[_w d e m ]_w
[_w ɡ ø p ø j y p ]_w
[_w m ɑ k u l ]_w
[_w dʒ ɑ s ɑ j t ]_w
[_w d u r d u ]_w
[_w b ɑ r ɑ ]_w
[_w dʒ e r d i ]_w
[_w tʃ y r ø k t ø n ]_w
[_w dʒ ɑ ɡ ɯ l ]_w
[_w m ɑ ɡ e n ]_w
[_w ɑ t k ɑ ]_w
[_w k ɑ l m ɑ t ɯ ]_w
[_w t ɑ n d oː ]_w
[_w s ɑ b u r ]_w
[_w ɯ r l ɑ r d ɑ n ]_w
[_w r ɑ j o n d u k ]_w
[_w ɑ d ɑ m d ɯ n ]_w
[_w s ɑ d uː ]_w
[_w o k u s u ]_w
[_w k i t e p t e b ]_w
[_w k ɑ l ɡ ɑ n ɯ n ]_w
[_w k ø r y n y ʃ y ]_w
[_w r ɑ d l o v ]_w
[_w eː r tʃ i p ]_w
[_w ɑ z m ɑ ]_w
[_w ɑ j l ɑ r ɯ ]_w
[_w e l d e r d i n ]_w
[_w t y z d ø k ø n ]_w
[_w b ɑ s ɯ l ɑ t ]_w
[_w dʒ ɑ k ɯ n d ɑ ]_w
[_w b uː d ɑ j ]_w
[_w k o m u s tʃ u ]_w
[_w ɑ l uː d ɑ ]_w
[_w dʒ ɑ m ɑ n d ɑ n ]_w
[_w dʒ ɑ n ɯ n ]_w
[_w d ɑː n ɯ ʃ ]_w
[_w b i r øː n y ]_w
[_w k e l b e k e m ]_w
[_w o r d o s u ]_w
[_w k ɑː l ɑ k ɑ ]_w
[_w u m d u l ɡ ɑ n ]_w
[_w l e t ]_w
[_w k y n y m t y n ]_w
[_w m u k ɑ l i n ]_w
[_w e m e z b i ]_w
[_w b o l o b u z ]_w
[_w d oː s u n ɑ ]_w
[_w d ɑ r t ɑ ɡ ]_w
[_w dʒ ɑ s uː tʃ u ]_w
[_w b e t i n e ]_w
[_w e n i s e j ]_w
[_w t y r y n ]_w
[_w k ɑ r ɑ ʃ ]_w
[_w m ɑ j r ɑ t ɑ ]_w
[_w ɑ dʒ uː ɡ ɑ ]_w
[_w k e l ɡ e n d e ]_w
[_w u z d ɑ ]_w
[_w k ɑ m s ɯ z ]_w
[_w χ i m i j ɑ ]_w
[_w t y r ɡ d ø r ]_w
[_w ɯ j z ɑ m d ɑ r ]_w
[_w d i r yː ]_w
[_w m ɑː n i s i n ]_w
[_w ɑ k e ]_w
[_w s y j y b ]_w
[_w u k k ɑ n ]_w
[_w dʒ ɑ k ]_w
[_w k i t e b d i ]_w
[_w ɑ l uː n u ]_w
[_w r u d ]_w
[_w ø t t y n ]_w
[_w s s r ]_w
[_w ɑ d ɑ j ɯ m ]_w
[_w k ɯ l ɯ ]_w
[_w m i l l i ɑ r t ]_w
[_w t i n k e n ]_w
[_w i s t e p ]_w
[_w dʒ ɯ k ɑ r m ɑ p ]_w
[_w dʒ ɑ p ɯ r ]_w
[_w v r e m e t e j ]_w
[_w k i j ɡ e n ]_w
[_w b i l e t e ]_w
[_w ɑ z i j ɑ ]_w
[_w t ɑ r ɑ p ]_w
[_w ɯ j s ɑ m ]_w
[_w m u r d ɑ k ɯ ]_w
[_w y n s y z ]_w
[_w ɑ j u p ]_w
[_w tʃ e t i n e n ]_w
[_w t i m e t e j ]_w
[_w tʃ ɑ ʃ ɯ r ɯ b ]_w
[_w ɑ ʃ uː n ]_w
[_w ɑ l d ɯ n t ɑ n ]_w
[_w k ɑː l oː z u ]_w
[_w t e ʃ k e n d e ]_w
[_w k i m d i n ]_w
[_w dʒ ɑ s ɑ l ɑ m ]_w
[_w s e k u n d ]_w
[_w dʒ ɑ ŋ ɯ ]_w
[_w b ɑ z m ɑ l ɑ r ]_w
[_w dʒ ɯ l t ɯ j ]_w
[_w t i e ʃ e z i ]_w
[_w ɑ j d ɑ p ]_w
[_w t ø r ø l y ]_w
[_w k m ɡ e ]_w
[_w k o l t o ]_w
[_w k i tʃ yː ]_w
[_w o t u r ɑ ]_w
[_w ɑ k tʃ ɑ s ɯ ]_w
[_w t o ŋ ]_w
[_w o j l o p ]_w
[_w u k u ɡ d uː ]_w
[_w e s t e ʃ e t ]_w
[_w b ɑ j ɡ oː ɡ o ]_w
[_w s ɑ j ɑ ɡ ɯ n ɑ ]_w
[_w k ø z d ø r y p ]_w
[_w t ɑ ʃ t ɑ t ɯ m ]_w
[_w e l ɑ r ɑ l ɯ k ]_w
[_w ɑ t ɑ z ɯ ]_w
[_w d ɑ n d ɯ ]_w
[_w ɑ p ɑ s ɯ m d uː ]_w
[_w k ɑ z ɯ ]_w
[_w n ɑː m k ɑ ]_w
[_w t e ŋ ]_w
[_w ø z y ŋ ø r ]_w
[_w ɑ l ɯ ʃ ɑ t ]_w
[_w tʃ ɑ k t ɯ ]_w
[_w o r u s t ɑ r ]_w
[_w k ɑ tʃ ɑ ]_w
[_w dʒ ø n ø j d ]_w
[_w k e t k e n ]_w
[_w m ɑ n ɑ s ]_w
[_w tʃ ɯ l d ɯ ]_w
[_w tʃ e t k e n i n ]_w
[_w dʒ o l d o n u b ]_w
[_w b e t ]_w
[_w k o l d o ]_w
[_w ɑ n ɡ l i s ]_w
[_w b e r i ʃ i ]_w
[_w ɑ r t t ɑ ]_w
[_w k ɯ l b ɑ j ]_w
[_w b i s t i ]_w
[_w ɑ l l ɑ ]_w
[_w s o r ]_w
[_w b ɑ k t ɯ ]_w
[_w k o n o ɡ ]_w
[_w k ɯ d ɑ j ]_w
[_w s ɑ l ɯ n ]_w
[_w s ɑ l ɯ ʃ k ɑ n ]_w
[_w s y r k ø n t ø ]_w
[_w p ø l y b ]_w
[_w b e r s i n ]_w
[_w s ɑ l uː ɡ ɑ ]_w
[_w k ɯ s ɯ k ]_w
[_w m u ɡ ɑ l i m i ]_w
[_w ɑ l ɡ ɑ r ]_w
[_w t oː k o ]_w
[_w m ɯ j z ɑ m d ɯ ]_w
[_w d i l d e r ]_w
[_w dʒ y r ø ɡ y n ]_w
[_w k o t o r m o n ]_w
[_w t o j u d ]_w
[_w m u z ɑ k ]_w
[_w l ɑ u r e ɑ t ɯ ]_w
[_w k e t i ]_w
[_w i s l ɑ m ]_w
[_w i ʃ t e l i ɡ ]_w
[_w m e t r ɡ e ]_w
[_w ɯ s ɯ ɡ d uː ]_w
[_w k uː ʃ ]_w
[_w k e r e k t yː ]_w
[_w ɑ ʃ ɯ r ɑ t ɯ p ]_w
[_w tʃ o l t o n o ]_w
[_w b u k u ]_w
[_w ɑ t t ɯ ɡ ]_w
[_w k ø r ø p y s ]_w
[_w ɑ l ɯ k ]_w
[_w t y r k ]_w
[_w b o l uː ɡ ɑ ]_w
[_w d uː l ɡ ɑ n ]_w
[_w oː s u n ɑ n ]_w
[_w dʒ ɑ r ɑ t ɑ n ]_w
[_w tʃ ɑ r ɑ n d ɯ n ]_w
[_w d y ʃ y n yː ]_w
[_w p o r b o r u ]_w
[_w s o v e t t e ]_w
[_w ø l ɡ ø l ø r ]_w
[_w n ɑ r ɯ n ]_w
[_w ɑ t ɑ m d ɯ k ɑ ]_w
[_w z ɯ n k ɑ ]_w
[_w p ɑ j ]_w
[_w ɑ dʒ ɯ l ɯ ]_w
[_w k i m ]_w
[_w k e m i n ]_w
[_w t y ʃ y n d y ]_w
[_w k ɑ r ɑ p k ɑ ]_w
[_w k e s i t i ]_w
[_w dʒ ɑ s ɑ l ɑ ]_w
[_w u k u k t u k ]_w
[_w o l d u r uː ɡ ɑ ]_w
[_w k ɑ d ɯ ʃ ɑ t ]_w
[_w p o l d u ]_w
[_w b e r i p ]_w
[_w k ø b d ø r ]_w
[_w i l i m p o s ]_w
[_w b i r o ɡ ]_w
[_w m e z ɡ i n ]_w
[_w dʒ ɑ z ɑ ɡ ɑ n ]_w
[_w m u z ɯ k ɑ ]_w
[_w ɑ tʃ k ɑ n ]_w
[_w s ɯ t ɯ k o v ]_w
[_w t ɑː p ]_w
[_w dʒ e t k i z ]_w
[_w k e t t i k ]_w
[_w dʒ ɑ χ ɑ p ɑ ]_w
[_w k u t ɑ j ɡ ɑ p ]_w
[_w d i l d i ]_w
[_w o k u ɡ ɑ n ]_w
[_w m ɯ j z ɑ m ]_w
[_w t uː r ɑ ]_w
[_w ɑ j r ɯ k tʃ ɑ ]_w
[_w p ø l y n y b ]_w
[_w k ø p t ø r ]_w
[_w b o v e z d i n ]_w
[_w o n t o j ]_w
[_w m e t ɑ l d ɯ n ]_w
[_w ɑ ɡ ɯ r ]_w
[_w m ɑ j r ɑ m ]_w
[_w o k ʃ o ʃ ]_w
[_w k ɑ m b ɑ n ɯ n ]_w
[_w b ɑ r d ɯ ɡ ]_w
[_w s o v e t t e r ]_w
[_w k ø z ø m ø l ]_w
[_w k i tʃ i n e n ]_w
[_w d i j ɡ i z i z ]_w
[_w dʒ ɑ j d ɑ ]_w
[_w ɑ t ɑ m d ɯ j t ]_w
[_w k ɑ ʃ ɯ ɡ ]_w
[_w k ø r s ø t yː ]_w
[_w e s e ]_w
[_w d ɯ n ɯ p ]_w
[_w k e ŋ e ʃ ]_w
[_w t e p u t ɑ t ɯ ]_w
[_w t ɑ k ɯ r ɯ p ]_w
[_w s e m e t ]_w
[_w k ɑ n dʒ ɑ ]_w
[_w oː ɡ ɑ t ]_w
[_w ɑ j l ɑ r ɯ n ]_w
[_w o r d o tʃ o ]_w
[_w b o l o ]_w
[_w dʒ e r t e n ]_w
[_w ʃ u m ɡ ɑ l ]_w
[_w χ ɑ n ɯ ]_w
[_w p tʃ ɑ ]_w
[_w k i ʃ i d e n ]_w
[_w eː r tʃ i t i p ]_w
[_w k u r tʃ ɑ b ]_w
[_w v ɑ r i ɑ n d ]_w
[_w u r u k t uː ]_w
[_w i ɑ n ɯ n ]_w
[_w ɑ l m ɑ m b e t ]_w
[_w ɑ ʃ ɯ r ɯ p ]_w
[_w s y j yː ]_w
[_w ɯ r ɑː t t uː ]_w
[_w s ɑ l d ]_w
[_w d ɑː n d ɯ ɡ ]_w
[_w t u r ɡ ɑ j ]_w
[_w d e r e ŋ ]_w
[_w k ɑ l ɯ p ]_w
[_w b e l k i ]_w
[_w t y ʃ y n y p ]_w
[_w b i r d e ]_w
[_w ɑ s ɯ r ]_w
[_w ɑ b ɑ l t ɑ ]_w
[_w b o l u ʃ u n ]_w
[_w t o s u b ]_w
[_w s ɑ j ɯ n ɑ n ]_w
[_w b ɑ s ɑ ]_w
[_w k oː m t u n ]_w
[_w ɑ l ɑ r d ɑ ]_w
[_w m ɑː n i s i ]_w
[_w t ɯ n tʃ ]_w
[_w e r ɑ n ɯ n ]_w
[_w r o l u ]_w
[_w ɑ k ɯ l m ɯ ʃ ]_w
[_w ɑ r d ɯ n ɑ ]_w
[_w k ɑ b ɯ l ɡ ɑ ]_w
[_w χ ɑ n d ɯ ]_w
[_w s ɯ j ɑ n ]_w
[_w d ɑ l ɑ s ɯ ŋ ]_w
[_w t ɑ r ]_w
[_w o r u n ]_w
[_w k e l i ʃ e t ]_w
[_w s ɑ b ɑ r d ɯ k ]_w
[_w t ɑ t ɑ n i e l ]_w
[_w s i z ɡ e ]_w
[_w e m n e ]_w
[_w ɑ r d ɑ ]_w
[_w tʃ ɑ b ɯ r ]_w
[_w ʃ ɑː r t ɑ ]_w
[_w k ɯ r k ɯ z ]_w
[_w ɑː l ɑ m ]_w
[_w dʒ ɑ ɡ ɯ m ɯ ]_w
[_w dʒ e ɡ i n ]_w
[_w t ø r ɑ ɡ ɑ n ]_w
[_w u k u p ]_w
[_w m e t ɑ l ɯ p ]_w
[_w tʃ ɑ s ɯ l ɡ ɑ ]_w
[_w dʒ ɑ r ɯ m ]_w
[_w s i l e r t i n ]_w
[_w t e p u d ɑ t ]_w
[_w s ɑ n d ɑ k ɯ ]_w
[_w t y r k i j ɑ ]_w
[_w k ɑ m t ɯ j d ]_w
[_w b e r i ʃ t i n ]_w
[_w ɑ l b ɑ k ]_w
[_w k ɑ l uː ]_w
[_w dʒ ɑ r ɑ d ɯ p ]_w
[_w k o l d o b ]_w
[_w b ɑ l ɑ k ɑ ]_w
[_w k o j o ]_w
[_w k u t ]_w
[_w t ø m ø n ɡ y ]_w
[_w o ʃ o n d o j ]_w
[_w b e k e m ]_w
[_w ɑ dʒ ɯ r ɑ d ]_w
[_w ɑ t ɑ m d ɑ n ]_w
[_w tʃ o k k o ]_w
[_w n e r v ]_w
[_w t ɑ r ɑ b d uː ]_w
[_w b ɑː s ɯ ]_w
[_w tʃ ɑ r b ɑ ]_w
[_w s e b e p i ]_w
[_w z ø s t y ɡ ]_w
[_w k y n d y ɡ ]_w
[_w ɑ j r ɯ l uː ]_w
[_w dʒ ɑ r ɑ n d ɯ ]_w
[_w e s e b d e r ]_w
[_w k u b ɑ d ɑ ]_w
[_w dʒ ɑ p ɯ l ]_w
[_w t y z y l y ʃ y ]_w
[_w k ø r ø t ]_w
[_w ɑ b ɑ l ɯ ɡ ]_w
[_w t ø r ɑ ɡ ɑ ]_w
[_w k o m u z ]_w
[_w t ɑ t ɑː l ]_w
[_w k ɑ l d ɯ n ]_w
[_w s ø z d ø p ]_w
[_w d ɑ z d ɑ n ]_w
[_w i ʃ e n i ʃ e t ]_w
[_w ø z y ʃ y ]_w
[_w y l k y ]_w
[_w u r uː l ɑ r ɯ ]_w
[_w k ɯ l uː n u n ]_w
[_w k o ʃ u l ɑ d ]_w
[_w e s e p ]_w
[_w ɑ j m ɑ n ]_w
[_w k ø r y n y n ]_w
[_w k ø p k ø ]_w
[_w m ɑ k s ɑ t ]_w
[_w dʒ ɑ s ɯ n ɯ n ]_w
[_w s ɑ m ɑ n d ɑ j ]_w
[_w dʒ ɑ z ɑ l ɑ ]_w
[_w d ɑ n i e l ]_w
[_w e s k e r e m ]_w
[_w m u r t ɑ ]_w
[_w dʒ ɯ l ɯ n t ɑ j ]_w
[_w ø z y ]_w
[_w t oː r t o ]_w
[_w s ɑ n ]_w
[_w s o l ]_w
[_w i l i m d yː ]_w
[_w v r e m e n i ]_w
[_w ø m y r y ]_w
[_w o ʃ t o ɡ u ]_w
[_w m i l d e p ]_w
[_w dʒ ɑ ʃ ɯ l ɯ ɡ ]_w
[_w d ø m ø n ]_w
[_w r o s ɑ ]_w
[_w s e ɡ ]_w
[_w m i l l i ɑ r d ]_w
[_w dʒ ɯ l ɑ n ]_w
[_w t ɑ s ɑ l oː ]_w
[_w i l i m d e r ]_w
[_w dʒ ɑ s ɑ j ]_w
[_w k y n ]_w
[_w ɑ t ɑ p i j ɑ t ]_w
[_w m ɑ l d ɯ r ɯ p ]_w
[_w t ɑ k ɑ n ]_w
[_w b e r yː d ø ]_w
[_w k ø r y n ɡ ø n ]_w
[_w k ø s k ø r d y ]_w
[_w b ɑ l d ɑ r k ɑ ]_w
[_w k e t e ]_w
[_w tʃ o ɡ ]_w
[_w ɯ j l ɑ p ]_w
[_w ɑ ʃ ɯ r ɑ d ɯ b ]_w
[_w ɑ n ɯ k e j ]_w
[_w t ɑ ʃ ]_w
[_w ɑ k s uː ]_w
[_w t ɑ k t ɑ r ]_w
[_w k e l d i r yː ]_w
[_w dʒ ɑ z uː ]_w
[_w t ɑ t ɯ ɡ ɑ ]_w
[_w r o m ɑ n ]_w
[_w m ɑ z e l e z i ]_w
[_w dʒ e r l e r i ]_w
[_w k o r ɡ u ]_w
[_w b ɑː l ɑ n ɯ n ]_w
[_w ɑ k ɯ r ɯ m ]_w
[_w ø n y ɡ y ʃ y ]_w
[_w t ɑ ʃ t ɑ l ɯ p ]_w
[_w ɑ r t ɑ k ɑ n ]_w
[_w dʒ ɯ l ɡ ɯ l ɑ m ]_w
[_w k ɑ ʃ ɯ k ]_w
[_w o r t u n ɑ n ]_w
[_w t o n n ɑ ]_w
[_w ɑ r t ɑ b ]_w
[_w dʒ o ŋ d u ɡ u ]_w
[_w ɑ l ɡ ɑ tʃ k ɑ n ]_w
[_w s e b e p k e ]_w
[_w b i l i ʃ i b ]_w
[_w s e p e p ]_w
[_w b o l b o s u n ]_w
[_w k u b ɑ n ɯ tʃ ]_w
[_w ʃ ɑː r d ɯ ɡ ]_w
[_w b u d ]_w
[_w k u t k ɑ n ]_w
[_w ʃ ɑ b ɑ k ]_w
[_w ɑ b d ɑ r ]_w
[_w d i j i p ]_w
[_w m o j u n ɡ ɑ n ]_w
[_w l ɑ u r e ɑ d ɯ ]_w
[_w t ɯ n ɯ p ]_w
[_w dʒ y ɡ ]_w
[_w dʒ ɑ s m ɑ ]_w
[_w o ʃ o n u n ]_w
[_w n ɑː m ɡ ɑ ]_w
[_w k ø b ø j y b ]_w
[_w dʒ y z y n ]_w
[_w ɑ v ɡ u z d ]_w
[_w ɑ p ɑ l ɑ k ɑ ]_w
[_w i ʃ e n i b ]_w
[_w k ɑ l s ɑ k ]_w
[_w ø l ɡ ø t ø ]_w
[_w m ɑ χ m u t ]_w
[_w r ɑ d i o ]_w
[_w k y n t y m ]_w
[_w s k ɑ z ɯ ]_w
[_w t ɑ t ɯ m ]_w
[_w u ɡ u k ]_w
[_w ø k m ø t y ]_w
[_w dʒ o ɡ u l u b ]_w
[_w k i j i z ]_w
[_w e l t e n ]_w
[_w tʃ ɑ n t uː ]_w
[_w t ɑ r ɑ ɡ e t ]_w
[_w k e l ɡ e n i ]_w
[_w k o j b o j t ]_w
[_w ɑ l t ɑ j ]_w
[_w u tʃ u r u ]_w
[_w r e k t o r u ]_w
[_w o k u j ɑ k ɑ ]_w
[_w d y t y n ]_w
[_w ʃ u m ɡ ɑ r ]_w
[_w m e k e n ]_w
[_w dʒ o l u k ɑ t ]_w
[_w d ɑ n ]_w
[_w k oː z ]_w
[_w ɑ l b ɑ k ɑ n ]_w
[_w t ɑ r t ɯ ]_w
[_w t oː n u n ]_w
[_w s o ŋ ɡ u ]_w
[_w t i ɡ i ]_w
[_w dʒ ɑ t ɯ ʃ ]_w
[_w k o l o k ]_w
[_w k ɯ t ɯ r ɯ ]_w
[_w t i j i ʃ t yː ]_w
[_w t e k i ]_w
[_w k i r ɡ e n i ]_w
[_w i l i ɡ d øː ]_w
[_w p i l ɡ e n ]_w
[_w p e r i ]_w
[_w e l i ]_w
[_w m e n i n ]_w
[_w k i r k i z yː ]_w
[_w k e l k e n ]_w
[_w s e k i ]_w
[_w u k ɑ t ]_w
[_w e l d e ]_w
[_w k e l d i r i b ]_w
[_w dʒ ɑ r b ɑ ]_w
[_w ɑ j r ɯ m t ɑ n ]_w
[_w k i r e t i ]_w
[_w k ɑ l k ɯ n ɯ n ]_w
[_w ɑ r ɑ p ɯ ]_w
[_w k ɑ t ɯ ʃ k ɯ ]_w
[_w k y n ɡ ø ]_w
[_w t ɑ k ɯ r ]_w
[_w i n d e r n e t ]_w
[_w ɑ l p ]_w
[_w k ɑ j d ɑ z ɯ ]_w
[_w t y p y ]_w
[_w k ø r y n ]_w
[_w k e l i n e ]_w
[_w k ɑ j t ɑ n ]_w
[_w tʃ ɑ k ɯ n ]_w
[_w ɑ t ɑ m t ɑ r ]_w
[_w s uː z u ]_w
[_w m ɑ k e n ]_w
[_w s y j y ɡ d yː ]_w
[_w z o k u ʃ k ɑ ]_w
[_w t ɑ b i j ]_w
[_w k y p ø ]_w
[_w tʃ ɑː t ɯ n d ɑ ]_w
[_w b ɑ t ɯ ʃ ɑ ]_w
[_w t y s y l ɡ ø n ]_w
[_w tʃ u m ʃ ɑ ɡ ]_w
[_w p u l ɑ r ]_w
[_w d y p ]_w
[_w tʃ y s y n ]_w
[_w k u r ɡ ɑ n ]_w
[_w ɑ j t ɑ n ]_w
[_w tʃ o l u k ɑ t ]_w
[_w k ɯ l ɯ ʃ ɯ ]_w
[_w tʃ ɑ b o n ]_w
[_w t e m e ɡ ]_w
[_w k ø r y n y ʃ ]_w
[_w b ø l y n ø t ]_w
[_w k o j k o n ]_w
[_w k ø b y n tʃ ø ]_w
[_w b ɑ k t ɑ ]_w
[_w m l n ]_w
[_w u z ɑ ɡ ]_w
[_w e p o s u n ɑ ]_w
[_w ɯ s ɯ k ]_w
[_w d y ʃ k ø n ]_w
[_w s u n u ʃ u ]_w
[_w y j y n ø ]_w
[_w r ɑ j o n d o n ]_w
[_w d ɑː s i r i ]_w
[_w ɯ k t ɯ ]_w
[_w t u r k ɑ j ]_w
[_w k ø r d y p ]_w
[_w ø s y m d y ɡ ]_w
[_w t ɑ m ɡ ɑ ]_w
[_w ɑ k t ɑ j d ɑ ]_w
[_w e l ɡ e n i ]_w
[_w s ɯ r t k ɑ r uː ]_w
[_w ɑ z m ɑ n d ɑ ]_w
[_w dʒ u p ɑ j ɯ ]_w
[_w e r e tʃ e ]_w
[_w s o v e t t i ɡ ]_w
[_w t y r ɡ ø n ]_w
[_w b o v e z d i ]_w
[_w ø m y r y n ]_w
[_w tʃ e d e ]_w
[_w dʒ e ŋ e ]_w
[_w e l dʒ i s i ]_w
[_w ɑ t ɑ l ɡ ɑ n ɯ ]_w
[_w t ɑː s i m ]_w
[_w s ɑ k ɑ ]_w
[_w ɑ s ɯ k ]_w
[_w t oː ɡ o ]_w
[_w k o j o d ]_w
[_w k ɯ z ɯ s ]_w
[_w k m u n u n ]_w
[_w ɑ l ɑ ]_w
[_w dʒ e t e t ]_w
[_w ɑ t k ɑ n ]_w
[_w b i l i p ]_w
[_w t ɑ r t uː ]_w
[_w dʒ ø n ø k ø j ]_w
[_w dʒ ɑ k t ɑ p ]_w
[_w ɑ ɡ ɯ n ɯ n ]_w
[_w dʒ ɯ k ɯ ʃ ɑ d ]_w
[_w dʒ ɑ z ɑ b ]_w
[_w b i l yː ]_w
[_w χ i m i j ]_w
[_w ʃ ɑ ɡ e ɡ ]_w
[_w u ʃ u n t ɑ ]_w
[_w k oː m d u k ]_w
[_w ɑ l t ɯ n tʃ ɑ ]_w
[_w o l d u ŋ ]_w
[_w ʃ ɑː r t ɯ n ]_w
[_w k i m i s i ]_w
[_w k ɯ t ɑ j d ]_w
[_w t e p u t ɑ t ]_w
[_w b i r i n tʃ i l ]_w
[_w o ŋ o j ]_w
[_w ø r øː n y n ]_w
[_w i ʃ t e r ]_w
[_w oː z u n ]_w
[_w k e l e p ]_w
[_w n ɑ n ]_w
[_w s o m ɡ o ]_w
[_w dʒ ɯ j n ɑ b ]_w
[_w d uː ɡ ɑ ]_w
[_w d y ʃ y p ]_w
[_w ɑ j tʃ y r ø k ]_w
[_w b o l ]_w
[_w s s s r ]_w
[_w dʒ ɑ ʃ t ɑ n ]_w
[_w t u r m u ʃ ]_w
[_w tʃ o l u n u n ]_w
[_w l e n i n tʃ i ]_w
[_w dʒ o k b u ]_w
[_w o ʃ o ɡ o n ]_w
[_w o j d u n ]_w
[_w s o v e t t i ]_w
[_w ɑ r ɡ ɑ n ]_w
[_w dʒ e tʃ i m ɡ e ]_w
[_w b e r k e k ]_w
[_w t ɑ ʃ t ɑ l ɯ ]_w
[_w dʒ ɑ p ɑ r ]_w
[_w dʒ o l d u r uː ]_w
[_w b e r yː ]_w
[_w s ɑ p i r ɑ ]_w
[_w ɑ l k ɯ ]_w
[_w ɑ ʃ k ɑ tʃ ɑ n ]_w
[_w ɑ l ɑ b ɯ z ]_w
[_w i z d e n ]_w
[_w ɑ l ɑ r t ɯ n ]_w
[_w m ɑː n i l yː ]_w
[_w o j n i e t i ]_w
[_w r u χ ]_w
[_w b o l b o j t ]_w
[_w ø z d ø n ]_w
[_w ɑ s s r i n i n ]_w
[_w k y tʃ ø p ]_w
[_w s ɑ k t oː tʃ u ]_w
[_w m o s k v ɑ t ɑ ]_w
[_w tʃ e k e ]_w
[_w r e k t o r u b ]_w
[_w n o r v e k ]_w
[_w b i l i ʃ i m ]_w
[_w d ɑ k ]_w
[_w ɑ s k e r e k i ]_w
[_w t ɑ n d ɯ p ]_w
[_w b ɑ l b ɑ k ]_w
[_w o r u n ɡ u ]_w
[_w b u l ɑ r d ɯ ɡ ]_w
[_w t ɑ b ɯ l ]_w
[_w o j u n dʒ ɑ ]_w
[_w ɑ ɡ ɯ n ɑ n ]_w
[_w k o t o r u ]_w
[_w y j y r ]_w
[_w t ɯ n tʃ t ɯ ɡ ]_w
[_w dʒ u m ɡ ɑ l ɑ p ]_w
[_w m e ɡ d e p i ]_w
[_w i ʃ t e p ]_w
[_w ø l y m y ]_w
[_w ɑ d i s t i n ]_w
[_w dʒ o ɡ o r u t ɑ ]_w
[_w k e tʃ i r i m ]_w
[_w ɑ r k ɑ n d ɑ ]_w
[_w b ɑ j l ɑ n ɯ n ]_w
[_w s ɑ ɡ ɑ n ]_w
[_w k e l d i ɡ ]_w
[_w b y t k y l ]_w
[_w dʒ ɯ k ɯ ʃ k ɑ n ]_w
[_w k e t e j ]_w
[_w ø t k ø r y b ]_w
[_w ɑ j ɑ l d ɑ r ɯ ]_w
[_w b ɑ k t ɑ r ]_w
[_w ɑ k t e r ]_w
[_w i ʃ ɑ r ɑ k ɑ n ]_w
[_w d o k u z ]_w
[_w i ʃ i n i ]_w
[_w b e r yː tʃ y ]_w
[_w dʒ ɯ n d ɑ n ]_w
[_w tʃ ø ɡ y p ]_w
[_w tʃ ɑ n ɯ n ]_w
[_w tʃ o ɡ o r ɡ u ]_w
[_w b ɑ χ t ɑ ]_w
[_w u l ɑ n d ɯ k ɯ ]_w
[_w ɑ l uː ɡ ɑ ]_w
[_w ɯ s ɯ m ]_w
[_w o b l u s t u n ]_w
[_w y j d ø n ]_w
[_w tʃ ɑ r ɯ ɡ ]_w
[_w t ø r ɑ k ɑ n ]_w
[_w k ɯ z m ɑ d ]_w
[_w k ø p ø j ɡ ø n ]_w
[_w dʒ e k s i z ]_w
[_w k ø p y r øː ɡ ]_w
[_w k ɯ s ɯ l ]_w
[_w d ɑ r t i b ]_w
[_w t ɑ r t ɯ n t ɑ ]_w
[_w t ɑ m ɡ ɑ l ]_w
[_w o t k o ]_w
[_w eː r tʃ i d i p ]_w
[_w b e l ɡ i l e ŋ ]_w
[_w b y k y n ]_w
[_w eː r tʃ i t i b ]_w
[_w ɯ s ɯ m ɯ n ]_w
[_w ɑ j ɯ m ɑ ]_w
[_w dʒ ɑ j ɯ n ɯ ]_w
[_w ɑ j d ɯ l ɑ t ]_w
[_w t ɑ ɡ ]_w
[_w t i n i n ]_w
[_w k e r e ɡ ]_w
[_w k o j o t ]_w
[_w d ɑ l ɑː t ɑ ]_w
[_w u l u t t u k ]_w
[_w u l ɑ n ɯ n ]_w
[_w k e s i p ]_w
[_w ø n ø r ]_w
[_w ɑ r ɑ t ɑ ]_w
[_w k ɑ l uː ɡ ɑ ]_w
[_w e l e z i ]_w
[_w b i l i m i j ɑ ]_w
[_w s e n i n ]_w
[_w k ɑ j t ɑ s ɯ ]_w
[_w ɑ d ɑ p i j ]_w
[_w b ɑ l d ɯ ]_w
[_w b ɑ r uː ɡ ɑ ]_w
[_w m ɑ m i l e z i ]_w
[_w b e l ]_w
[_w e l tʃ i ]_w
[_w s e p e b d yː ]_w
[_w ɑ r ɑ ɡ e t ]_w
[_w ɑ dʒ ɯ ɡ ]_w
[_w eː l e k e t ]_w
[_w k ɑ l k ɑ n ]_w
[_w o ɡ u j ɑ n ɯ ]_w
[_w k ɑ n ɯ n ]_w
[_w t ɑ k ɯ r ɯ m ]_w
[_w t ɑ j ]_w
[_w s e z i l e r ]_w
[_w t ɑ j ɑ r t ɯ n ]_w
[_w k ɑ n d ɑ j tʃ ɑ ]_w
[_w s ɑ n ɯ ]_w
[_w o j u n k ɑ ]_w
[_w t ɑ r m ɑ ]_w
[_w k u b ɑ n ɯ n ]_w
[_w p i s ]_w
[_w ɯ ʃ ɑ j ɑ ]_w
[_w e k i n ]_w
[_w oː z u n u n ]_w
[_w o r t o tʃ o ]_w
[_w i l i m i j ɑ ]_w
[_w t oː r u n d u n ]_w
[_w uː l u n ]_w
[_w ɯ j l ɑ ]_w
[_w tʃ ɑ k k ɑ ]_w
[_w k ɯ l ɯ n t ɑ ]_w
[_w b o j u n tʃ ɑ ]_w
[_w t e ɑ t r d ɑ ]_w
[_w dʒ ɑ l k ɯ l ɑ ]_w
[_w o b l ɑ s t ɑ ]_w
[_w m u k t ɑ r ɯ ]_w
[_w d ɑ p k ɯ ]_w
[_w ɑ k t ɑ r ]_w
[_w k y r ø ʃ ]_w
[_w tʃ e r d i ]_w
[_w k o r e j ]_w
[_w t i j ɡ e n ]_w
[_w k ɑ l i m ]_w
[_w k ɯ j l ɑ b ]_w
[_w s o v e t i n ]_w
[_w ɑ r t i p i ]_w
[_w s y j ɡ ø n ]_w
[_w e z d o n ]_w
[_w k i t e p t i ]_w
[_w s t i χ i ]_w
[_w p ɑ l b ɑ j ]_w
[_w k ɑ t ɯ ʃ ɑ z ɯ ]_w
[_w e p o s u ]_w
[_w b i l d i r e t ]_w
[_w dʒ e t e l e ]_w
[_w i l i m d i n ]_w
[_w b ɑ s ɯ m t uː ]_w
[_w b i s t i k i l ]_w
[_w ɑ j t s ɑ k ]_w
[_w χ o r v ɑ t ]_w
[_w e z e p t e r ]_w
[_w ɡ ø r s ø t ø ]_w
[_w t y b y ]_w
[_w y j t ø n ]_w
[_w ɑ z m ɑ l ɑ r ]_w
[_w k ø r y n y p ]_w
[_w ɑ r t ɯ k ]_w
[_w ɑ k ɯ n d ɯ k ]_w
[_w ɑ t e k e n i ]_w
[_w ɑ l p ɑ j b ɯ ]_w
[_w k l u b ]_w
[_w b o l m o k ]_w
[_w ɑ j t ɯ l uː ]_w
[_w b e l ɡ i s i s ]_w
[_w d y z y l y p ]_w
[_w p i z d i n i ]_w
[_w ɑ l ɯ ʃ ɯ ]_w
[_w ø s p y r y m ]_w
[_w ø l y b ]_w
[_w t u r ɡ ɑ n ]_w
[_w k ø tʃ y b ]_w
[_w t e ʃ k e n ]_w
[_w t i j ɡ i l i ]_w
[_w dʒ ɯ l ɡ ɯ ]_w
[_w dʒ i b e r d i ɡ ]_w
[_w ɑ l s ɑ ɡ ]_w
[_w s ø z d ø r y ]_w
[_w tʃ ɑ n d uː ]_w
[_w u ɡ u k t u ɡ ]_w
[_w o r t e n ]_w
[_w s e p e p k e ]_w
[_w ɯ s m ɯ ]_w
[_w k i r k e n ]_w
[_w ɑ z ɡ e r i b ]_w
[_w m ɑ ɡ u l ]_w
[_w ɑ j ɑ l ɡ ɑ n ]_w
[_w m u n u ]_w
[_w ø r d ]_w
[_w s ɑ l ɯ m ]_w
[_w ɑ l ɯ n ]_w
[_w k ɯ z m ɑ t ]_w
[_w tʃ o l u ]_w
[_w b i r l e r ]_w
[_w ɯ z r ɑ j ɯ m ɑ ]_w
[_w ɑ l ɑ r t ɯ ʃ ]_w
[_w k y tʃ ø b ]_w
[_w b ø l y m y ]_w
[_w dʒ ɑ k ɯ r ɡ ɑ n ]_w
[_w ɑ t ɯ ]_w
[_w b o l u ]_w
[_w ɑ s i j ]_w
[_w ø z y b ]_w
[_w u p ɑ k t ɯ r ɯ ]_w
[_w k ɯ l ɯ n ɑ ]_w
[_w eː l e b ]_w
[_w k ɑ l ɑ t oː ]_w
[_w t y ʃ y n ɡ ø n ]_w
[_w k o z u ]_w
[_w b o l k o ]_w
[_w t ɑ n d ɑ n ]_w
[_w m ø ŋ ɡ y ]_w
[_w ɑ t k ɑ r uː ]_w
[_w k e t k e n i ]_w
[_w t ɑ m ɑ k ]_w
[_w d i n i n e ]_w
[_w k o l t oː ɡ o ]_w
[_w k i t e p t e r ]_w
[_w z y r ø t t yː ]_w
[_w s e s i m i n ]_w
[_w t o l u b ]_w
[_w t e s e m ]_w
[_w m ɯ j z ɑ m d ɑ ]_w
[_w r o l u n u n ]_w
[_w k ɯ r ɡ ɯ z ]_w
[_w i ɑ z ɯ n ɑ n ]_w
[_w ɑ k t ɯ r ɯ ]_w
[_w t u n ɡ ɑ ]_w
[_w b e l k i l yː ]_w
[_w ɑ r ɯ z ]_w
[_w ɯ k m ɑ s ɯ ]_w
[_w d uː ɡ ɑ n ]_w
[_w b ɑ l ɯ n ]_w
[_w k i r ɡ e ]_w
[_w tʃ y r ɡ ø n ]_w
[_w k ø r s ø t y p ]_w
[_w k l ɑ s s ]_w
[_w b i l i m i ]_w
[_w dʒ ɯ ɡ ɑ r m oː ]_w
[_w ɑ r ɑ l ɯ ]_w
[_w ø z y b y z ]_w
[_w i l ɡ e r t e ]_w
[_w dʒ ɑ ʃ ɑ j ]_w
[_w k ɑ j t ɑ ]_w
[_w b e r i l e t ]_w
[_w b o l ɡ u ]_w
[_w y s t y ]_w
[_w ɑ z ɯ l ɯ p ]_w
[_w e ɡ i n dʒ i ]_w
[_w tʃ y r k ø n ]_w
[_w b e ɡ e n d e ]_w
[_w l e n i ]_w
[_w ø l y p ]_w
[_w e m ɡ e k t i n ]_w
[_w ɑ v t o r u ]_w
[_w d e ʃ k e n ]_w
[_w k y tʃ t ø n ]_w
[_w k ø p t ø ɡ ø n ]_w
[_w t o ɡ d o b ]_w
[_w b o l s u n ]_w
[_w t oː r ]_w
[_w ɑ s t ɯ n ]_w
[_w dʒ ɑ j ɯ ]_w
[_w k ɑ n d i b ]_w
[_w k e dʒ i n d e ]_w
[_w ø z y m ]_w
[_w ɑ s m ɑ s ɯ ]_w
[_w k ɑ j r ɯ m ]_w
[_w b ɑ r t ɯ n ]_w
[_w b ɑ ʃ t ɑ j d ɑ ]_w
[_w tʃ o k ]_w
[_w n ɑ s ɑː t tʃ ɯ ]_w
[_w o r t u n d ɑ ]_w
[_w b ɑː r ɯ n d ɑ j ]_w
[_w i tʃ i ]_w
[_w ɑ r ɑ b d ɯ n ]_w
[_w ɑ t ɑ j ]_w
[_w dʒ ɑ r n ɑ k ɑ n ]_w
[_w dʒ ɑ ʃ oː z u n ɑ ]_w
[_w m ɯ n ɑ ]_w
[_w dʒ ɑ ʃ oː ]_w
[_w s ø z d ø r d y ]_w
[_w i l ɡ e n ]_w
[_w b ɑ ʃ t ɑ ɡ ɑ n ]_w
[_w s ɑ l ɡ ɑ dʒ ]_w
[_w ʃ ɑ j t ]_w
[_w ɑ l m ɑ ]_w
[_w dʒ ɑ j l ɑ p ]_w
[_w t i n d e ]_w
[_w k ɑ j s ɯ ]_w
[_w b e r e ]_w
[_w i l ɡ e ]_w
[_w dʒ e ɡ e ]_w
[_w dʒ ɑ s oː d o ]_w
[_w b ɑ r ɑ b ]_w
[_w m y n ø z d yː ]_w
[_w k ɑ p ɑ r t ɯ ]_w
[_w b i l b e j d ]_w
[_w i z d øː ]_w
[_w ɑ j r ɯ m d ɑ ]_w
[_w k o l d o n ]_w
[_w i j ɡ i l i ]_w
[_w ɯ j ɯ k ]_w
[_w k ɑ t ɑ r ]_w
[_w p i k i r i ]_w
[_w ɑ b z e l ]_w
[_w b ɑ j d ]_w
[_w k ɯ s ɯ z ]_w
[_w b ɑ r d ɯ ʃ ]_w
[_w dʒ o r o ]_w
[_w b ɑ z ɯ ]_w
[_w m ɑ k s ɑ t t ɑ ]_w
[_w k e l i ʃ i m ]_w
[_w k ɑ l ɯ b ]_w
[_w ɑ l uː s u ]_w
[_w t i e ʃ e l yː ]_w
[_w k ɑ r ɑ ʃ ɑ ]_w
[_w ɑ l b ɑ n ]_w
[_w t o j u t ]_w
[_w s l o v e n ]_w
[_w ɑ b d ɑ b ]_w
[_w dʒ ɑ k ɯ l m ɑ n ]_w
[_w o r tʃ u n d uː ]_w
[_w t o k t o ɡ u s ]_w
[_w k ɑ n ɯ ]_w
[_w y j y n ø n ]_w
[_w ø n y k yː ]_w
[_w n i ɡ e ɡ e ]_w
[_w ʃ ɑ r d ɯ n ɑ n ]_w
[_w ɑ t ɑ s ɯ ]_w
[_w y j r ø t y b ]_w
[_w d e m ɑ t ɑ ]_w
[_w b k n ɯ n ]_w
[_w b ɑ ʃ t ɑ k ɑ j ]_w
[_w b ɑ ʃ t ɑ l ɯ p ]_w
[_w k e l i b ]_w
[_w s u k ɑ t ]_w
[_w k ɯ r k ɯ s ]_w
[_w p i j l i ɡ d øː ]_w
[_w s ɑ b ɑ r d ɯ n ]_w
[_w ɑ l ɑ r ɯ n ]_w
[_w t i l t i r i b ]_w
[_w u l ɑ n t ɯ k ]_w
[_w dʒ y k ø ]_w
[_w χ ɑ n t ɯ ɡ ]_w
[_w dʒ o k o r ɡ u b ]_w
[_w tʃ ɑ ʃ ɑ j ɑ ɡ ɯ ]_w
[_w e s e p i n ]_w
[_w k ɯ l uː ɡ ɑ ]_w
[_w s ɯ j ɯ n uː ]_w
[_w tʃ o l u ɡ ]_w
[_w d ɑ k t uː ]_w
[_w t ɑ l ɑ z ɯ ŋ ]_w
[_w i ʃ t e r k e ]_w
[_w m o j u n ɡ ɑ ]_w
[_w b o l u tʃ u ]_w
[_w t ɑ j ɑ n ]_w
[_w k ø t ø r yː ]_w
[_w t ɑ b d ɑ p ]_w
[_w i ʃ t øː ]_w
[_w k ɯ s t ɑ ]_w
[_w t y r t k y ]_w
[_w k y tʃ t yː ]_w
[_w b ɑː l ɑ n ɑ t ɯ ]_w
[_w ɑ l k ɑ n ]_w
[_w k e l b e j ]_w
[_w k ɯ l b ɑ j m ]_w
[_w tʃ ø n y n ]_w
[_w k ɑ t ɯ ʃ ɑ s ɯ ]_w
[_w k i j i s ]_w
[_w s e k ]_w
[_w b ɑ ʃ t ɑ p ]_w
[_w ɑ k ɯ r ɡ ɯ ]_w
[_w k e l e tʃ e k ]_w
[_w d y ʃ y n ø ]_w
[_w tʃ u r d ɑ ]_w
[_w k ɯ l s ɑ ]_w
[_w dʒ ɑ k ɯ n ɑ ]_w
[_w k ɑ m d ɯ k ]_w
[_w dʒ ɑ r ɑ t k ɑ ]_w
[_w s o m ]_w
[_w dʒ ɑ s ɯ l ɡ ɑ n ]_w
[_w tʃ y ɡ y r d yː ]_w
[_w d i l i ]_w
[_w m ɯ ɡ d ɯ ]_w
[_w ʃ ɑ j t ɑ ]_w
[_w k i r i ʃ t i ]_w
[_w dʒ ɑ z ]_w
[_w ɑ ɡ ɑ e v t i n ]_w
[_w i ʃ ɑ r ɑ k e t ]_w
[_w d i m e t e j ]_w
[_w p ɑ r ɑ ]_w
[_w ɑ d i l e d ]_w
[_w y j r ø n k ø ]_w
[_w b i ʃ p e k ]_w
[_w tʃ e t e l e p i ]_w
[_w ɑ k s ɑ t ɯ p ]_w
[_w ɑ j d ɯ ]_w
[_w ɑ l s ɯ s ]_w
[_w s ø s s y s ]_w
[_w n e r s e k e ]_w
[_w b e r i ʃ ]_w
[_w k ɑ l ɡ ]_w
[_w e l t e r ɡ e ]_w
[_w e m e z m i n ]_w
[_w t y ʃ y p ]_w
[_w b ɑ s ɯ m d uː ]_w
[_w s ɑ l ɡ ɑ ]_w
[_w k ɯ j ɯ n d ɯ ]_w
[_w dʒ ɑ l ɡ ɯ z ]_w
[_w b i l d i r t i ]_w
[_w t y ʃ ø t ]_w
[_w s ɯ m ɑ l ]_w
[_w e k e r d e ]_w
[_w dʒ e k ]_w
[_w e l t e r d i n ]_w
[_w k o j u ʃ k ɑ n ]_w
[_w u z d ɑ r ]_w
[_w ʃ ɑ j t ɑ t ]_w
[_w p i r o t o l o ]_w
[_w ɑ t ɑ m t ɯ ]_w
[_w s o k u ʃ ]_w
[_w ø z y p y s ]_w
[_w b o l u p t u r ]_w
[_w b ɑ ʃ ɯ n d ɑ n ]_w
[_w b o l u ʃ ɑ t ]_w
[_w p ɑ j ɡ ɑ ]_w
[_w ɑ l ɡ ɑ n ɯ ]_w
[_w d u r u b ]_w
[_w tʃ o l d o ]_w
[_w d øː l ø s ]_w
[_w ɑ k ɯ r uː ]_w
[_w k e l yː ]_w
[_w ɑ ŋ tʃ ɯ l ɯ k ]_w
[_w b ɑ n ɡ ]_w
[_w ø s y n d ø r ]_w
[_w t y r ɡ i j ɑ ]_w
[_w k u d ɑ j t ɑ b ]_w
[_w dʒ ɑ ʃ ɯ n ]_w
[_w b i l ɡ e ]_w
[_w ɑ k ɯ r ]_w
[_w b e r e p i s ]_w
[_w k ø z ɡ ø r t y ]_w
[_w k ɯ m b ɑ j ]_w
[_w dʒ ɯ n tʃ ɯ ]_w
[_w k e s ]_w
[_w u r uː s u ]_w
[_w t e m e k ]_w
[_w e p o z u n ɑ ]_w
[_w tʃ e ŋ i l ]_w
[_w t ɑ r ɑ p t ɯ ɡ ]_w
[_w r ɑ s s k ɑ s ɯ ]_w
[_w m ø ŋ k y ]_w
[_w ɯ ʃ ɑ j ɑ ɡ ɑ t ]_w
[_w y j y n y n ]_w
[_w o k u j ɑ ]_w
[_w eː l e j t ]_w
[_w ɑ t ɑ e n e z i ]_w
[_w i ʃ m e r i ]_w
[_w s o t k o ]_w
[_w t o l u ɡ ɑ d ]_w
[_w d ɑː m ɑ j ]_w
[_w dʒ ɑ t k ɑ ]_w
[_w ɑ t ɑ d ]_w
[_w t oː r u n d ɑ ]_w
[_w b o l u ʃ k ɑ ]_w
[_w dʒ ɯ l d ɑ d ]_w
[_w u j k u r ]_w
[_w k y m b ø z ]_w
[_w b ø l y n ɡ ø n ]_w
[_w ɑ d ɑ m ]_w
[_w ɑ t ɯ p ]_w
[_w b o l s o k ]_w
[_w k i ʃ i k e ]_w
[_w y z d y n d y ɡ ]_w
[_w d ɑ r ɑ ɡ ɑ j ]_w
[_w ɑ r ɑ l ]_w
[_w k e l k e ]_w
[_w p ɑ ʃ t ɑ t ɯ ]_w
[_w ɑ t ɑ ɡ ɑ j ]_w
[_w k y n d y n ]_w
[_w m u s ɯ k ɑ n ]_w
[_w d ø ʃ ]_w
[_w ɑ s p ɑ b d ɑ b ]_w
[_w b e l k i l øː ]_w
[_w u b ɑ t t uː ]_w
[_w k ɑ n d ɑ n ]_w
[_w m e n ]_w
[_w s ɯ r ɯ ]_w
[_w b ɑ s k ɑ n ]_w
[_w dʒ ɑ ŋ ɯ t ɑ n ]_w
[_w e r ɡ i j ɑ ]_w
[_w ɑ r ɑ l ɑ ʃ ɯ p ]_w
[_w k ɑ t ɑː l ]_w
[_w u k u k t u ɡ ]_w
[_w ø n y ɡ y p ]_w
[_w ɑ k ɯ r ɑ t ]_w
[_w ɑ j ɑ ɡ d ɑ j ]_w
[_w o b l u z d u n ]_w
[_w n e ɡ i s k i ]_w
[_w k e r e ɡ d yː ]_w
[_w ø r øː n y ]_w
[_w t ɑ ɡ d uː ]_w
[_w u s u n ɑ n ]_w
[_w u ʃ i n d e ]_w
[_w t ɑ ʃ k e n ]_w
[_w b ø l y m y n ]_w
[_w k e z i n ]_w
[_w o r u n k ɑ n ]_w
[_w e r d e ]_w
[_w p ɑ t ɯ n d ɑ n ]_w
[_w k ɑ r ɑ p ]_w
[_w ø k m ø ]_w
[_w b e k t e b i n ]_w
[_w t o k o j ]_w
[_w d oː r u ]_w
[_w b i r o t o l o ]_w
[_w dʒ ɑ r d ɑ b ]_w
[_w k ø l t y n ]_w
[_w ɑ j ɑ n d ɯ n ]_w
[_w m ɑ s e l e ]_w
[_w ɑ t ɑ b i j ]_w
[_w k e l b e j d ]_w
[_w n e p e r ]_w
[_w m ɑ l d ɯ n tʃ ]_w
[_w d y r y n ]_w
[_w s b o r n i ɡ ]_w
[_w e l i n d e ]_w
[_w k y m p ø z ]_w
[_w t ɑ t t uː ]_w
[_w k ɯ z ɯ k k ø l ]_w
[_w s ɑ k t ɑ ]_w
[_w t y r k t ø r ]_w
[_w s u r ɑ j t ]_w
[_w k ɑ l b ɑ j ]_w
[_w b i r o k ]_w
[_w e p o z u n u n ]_w
[_w b i ʃ k e ]_w
[_w z s s r d i n ]_w
[_w ɑ l uː ]_w
[_w m i l l i o n ]_w
[_w m i ŋ d e ɡ e n ]_w
[_w ɑ t ɑ j ɯ n ]_w
[_w d y ʃ y n y p ]_w
[_w ɑ r ɑ ɡ d ɯ ]_w
[_w dʒ e n i n d i p ]_w
[_w s y r y p ]_w
[_w ø m y r y n y ʃ ]_w
[_w s t u t e n d ]_w
[_w dʒ o k m u n u ]_w
[_w t u r ɑ ɡ ɑ n ]_w
[_w ɑ p ɑ l ɑ k ɑ n ]_w
[_w d ɑ p ɯ l ]_w
[_w k ø p tʃ y l y ɡ ]_w
[_w b i l e d ]_w
[_w m e n d e n ]_w
[_w b ɑ ɡ ɑ ]_w
[_w s o n u n ɑ ]_w
[_w ø l ɡ ø n d ø ]_w
[_w k ɑ tʃ ɯ p ]_w
[_w k e l i ʃ i ]_w
[_w dʒ ø n y n y n ]_w
[_w s ɑ j ɑ z ɑ d ]_w
[_w ɯ n ɑ ɡ ]_w
[_w v r e m e n i n ]_w
[_w ɑ r n ɑ l ɡ ɑ n ]_w
[_w tʃ y z ]_w
[_w k ɑ t m ɑ r ɯ ]_w
[_w e z e ]_w
[_w t ø r ɑ k ɑ ]_w
[_w ɑ r ɑ k e d ]_w
[_w dʒ y z d ø ]_w
[_w k o m u s t u n ]_w
[_w i ʃ ɑ r ɑ k o l ]_w
[_w i s r ɑ i l ]_w
[_w d ɑ d ɑː l ]_w
[_w tʃ ɑː p ]_w
[_w dʒ oː b ]_w
[_w y z d y n ]_w
[_w dʒ e t i p ]_w
[_w t o l b oː r u ]_w
[_w k ɯ z ɯ k ]_w
[_w i ʃ t i ]_w
[_w k ɑ r ɑ ɡ o l ]_w
[_w k e t k e ]_w
[_w t e z d ]_w
[_w t ɑ l ɑ d ]_w
[_w d e k i s ]_w
[_w dʒ ɑ j t ɑ n ]_w
[_w e b o s u n ɑ ]_w
[_w dʒ ɯ k ɯ p ]_w
[_w o r tʃ u n t uː ]_w
[_w t uː r ɑ l uː ]_w
[_w t ɑ l ɑ p ɯ z ]_w
[_w e b o s u ]_w
[_w k ɯ z m ɑ t ɯ ]_w
[_w tʃ e ɡ ]_w
[_w o l d u r uː ]_w
[_w dʒ ɯ l d ɯ ɡ ɑ n ]_w
[_w d e k e n d e ]_w
[_w ɑ s k e r d i p ]_w
[_w ʃ u m ɡ ɑ l ɑ b ]_w
[_w tʃ e z ]_w
[_w m u χ ɑ m m ɑ t ]_w
[_w dʒ e t k e ]_w
[_w t i n d i n ]_w
[_w k ɯ l ɯ ʃ ɑ t ]_w
[_w i ʃ t e k e n ]_w
[_w p e r i ʃ ]_w
[_w b i j i ɡ d i k ]_w
[_w k u r u b ]_w
[_w b oː r u k e r ]_w
[_w r e tʃ i s s e r ]_w
[_w m u s u l u b ]_w
[_w k ɑ tʃ e t ]_w
[_w t ɑ r b i j ɑ t ]_w
[_w k ɑ r m ɑ k ɯ ]_w
[_w dʒ o m o ɡ d o r ]_w
[_w i l e ]_w
[_w p e r e m ]_w
[_w dʒ ɯ n d ɑ ]_w
[_w dʒ ɑ r ɑ d ɑ t ]_w
[_w d y ɡ y l ]_w
[_w o b o l u ʃ ]_w
[_w m e t ɑ l ɯ ]_w
[_w ɑ n ɑ l i s ]_w
[_w eː r tʃ i b ]_w
[_w u r u ʃ u ]_w
[_w t ɑː n ɯ ʃ ]_w
[_w e ɡ e r ]_w
[_w dʒ e t k i l e ]_w
[_w k e s k i l ]_w
[_w t uː ɡ ɑ n ɯ ]_w
[_w k ø z d ø j ]_w
[_w ɑ l ɡ ɯ ]_w
[_w ɑ l p ɑ k ]_w
[_w ø t p ø j ]_w
[_w b o l s o ɡ ]_w
[_w m u r t ɑ k ɑ j ]_w
[_w m i ŋ ɡ e ]_w
[_w dʒ ɑ s ɑ s ɯ n ]_w
[_w k ɯ s ɯ k k ɑ ]_w
[_w k ɑ b ɑ r tʃ ɯ ]_w
[_w ɑ tʃ ɯ l ɯ ]_w
[_w d y r y ]_w
[_w k u t k ɑ n ɯ ]_w
[_w t e s ]_w
[_w k i m i z i ]_w
[_w dʒ ɑ n ]_w
[_w dʒ i b ]_w
[_w z s s r t i n ]_w
[_w ɑ j t ɯ l ɯ p ]_w
[_w z y j l ø ɡ ø n ]_w
[_w dʒ i p e r t i ]_w
[_w ɑ j ɯ l ɯ n ɑ t ]_w
[_w t y z ]_w
[_w dʒ o l d o ]_w
[_w e s e p i n e n ]_w
[_w oː z u n u ʃ u ]_w
[_w t y r d ø ]_w
[_w k u r tʃ ]_w
[_w dʒ ɑ k k ɑ ]_w
[_w ɑ r b ɑ ]_w
[_w e v r o p ɑ ]_w
[_w t ɑ ʃ t ɑ ʃ t ɯ ]_w
[_w s o j u z d u k ]_w
[_w ɯ j m ɑ n ]_w
[_w t i b d e k i ]_w
[_w o j l o b ]_w
[_w o p l u s u ]_w
[_w dʒ e t e l e b ]_w
[_w b e t i r ]_w
[_w b ɑ k ɑ j ]_w
[_w t y r l ø r y ]_w
[_w ɑ j ɑ ɡ ɑ ]_w
[_w t o ɡ d o p ]_w
[_w d y r l ø r y ]_w
[_w p ɑ t ɯ ʃ uː ]_w
[_w m o j u n u ]_w
[_w k ɯ l ]_w
[_w dʒ e r l e r d e ]_w
[_w ɑ ʃ k ɑ l ɑ b ɯ ]_w
[_w dʒ ɯ n k ɯ ]_w
[_w ɑ n d ɑ j dʒ ɑ ]_w
[_w ɑ ɡ ɯ l ɡ ɑ ]_w
[_w o b l u z d u ɡ ]_w
[_w k ɑ j d ɯ n ]_w
[_w dʒ ɑ ʃ ɑ j ɑ ]_w
[_w ɑ r ɑ l ɑ b ɯ ]_w
[_w n ɑː m ɯ ]_w
[_w k ɯ ʃ ɯ ]_w
[_w k ɯ l ɑ t ]_w
[_w b ɑ z ɯ p ]_w
[_w t o k u l ]_w
[_w dʒ i p e r d i n ]_w
[_w t ɑ ʃ k ɑ r i ]_w
[_w n o m u r u ]_w
[_w s i l e t ]_w
[_w ʃ ɑ m ɑ l ɯ n ɑ ]_w
[_w m i n k e ]_w
[_w e z d e ]_w
[_w dʒ ɑ r ɑ t ]_w
[_w d e ŋ i r i ]_w
[_w k e ŋ ]_w
[_w m ɑ s e l e s i ]_w
[_w d y ʃ y r y p ]_w
[_w ɑ d ɑ d ]_w
[_w dʒ y z ø k ø ]_w
[_w k ɑ l b ɑ k ]_w
[_w e k i n d i j ɑ ]_w
[_w k r n ɯ n ]_w
[_w k e l b e k e n ]_w
[_w ɑ t ɑ m d ɯ ]_w
[_w dʒ e t k i l e ŋ ]_w
[_w u ɡ u k d ɑ tʃ ]_w
[_w k o j t u ]_w
[_w ɑ b ɯ l ɯ p ]_w
[_w l o n d o ]_w
[_w ø t ø ɡ ø n ]_w
[_w b u z u l m ɑ n ]_w
[_w b ɑ b ɯ l ɡ ɑ ]_w
[_w t ɑ l ɑ t oː ]_w
[_w e r ɡ i n d i b ]_w
[_w p e d i n tʃ i ]_w
[_w t ø ʃ ]_w
[_w i l i m i j ]_w
[_w k o l d o n u p ]_w
[_w t ɑ r ɑ b ]_w
[_w b ɑ r ɑ t ɯ p ]_w
[_w s ɑ n ɑ b ]_w
[_w t y z d y n ]_w
[_w k ɯ l d ɯ k ɯ ]_w
[_w b u s u p ]_w
[_w b i l d i r yː ]_w
[_w dʒ ɑ j l ɑ r ]_w
[_w m i n d i ]_w
[_w k i t e p t i n ]_w
[_w m ɑː l ɯ n d ɑ n ]_w
[_w t ɯ n tʃ ɑ ]_w
[_w tʃ ɯ k p ɑ j ]_w
[_w m i l d e t i ]_w
[_w k ɑ l k ɯ s ]_w
[_w ø k y l y ɡ ]_w
[_w i ʃ t øː t ø n ]_w
[_w k ɑ t ]_w
[_w tʃ u m u ʃ tʃ u ]_w
[_w dʒ ɑ j l ɑ r ɯ ]_w
[_w k ɑ r tʃ ɯ ]_w
[_w b e l e ɡ ]_w
[_w k i r d i n ]_w
[_w ɑ j ɑ b ɑ j ]_w
[_w k o ʃ o t ]_w
[_w ɑ l ɑ s ɯ ŋ ]_w
[_w s o j u s t u n ]_w
[_w d ɑ m ɑ k ɑ n ]_w
[_w ɑ l d ɯ r ɯ ]_w
[_w d y r k ø ]_w
[_w k ɯ d ɑ j t ɑ p ]_w
[_w s p o r t ]_w
[_w i l ɡ e r i p ]_w
[_w k ɯ r d uː ]_w
[_w oː p ɑ ]_w
[_w k ɑ t ɑ r ɯ n ]_w
[_w t y z y l y ʃ ]_w
[_w t e ŋ i r ]_w
[_w t u r t u ]_w
[_w k ɑ m ɑ k ]_w
[_w e p o z d u n ]_w
[_w t o k t o ɡ u z ]_w
[_w m ɑ n ɑ s t ɯ n ]_w
[_w u b ɑ ɡ d ɑ p ]_w
[_w k o l u n ]_w
[_w ɑ t i l e k k e ]_w
[_w s i l e r k e ]_w
[_w m e ɡ d e b d i ]_w
[_w k ø r z ø d y p ]_w
[_w t ɑ j ɑ r t ɑ m ]_w
[_w t i j k e n ]_w
[_w b o l b o ɡ o n ]_w
[_w t ɑ r ɯ χ ɯ j ]_w
[_w i z d o r iː ]_w
[_w tʃ ɑ z ɡ ɑ ]_w
[_w b ɑ ʃ tʃ ɯ l ɯ p ]_w
[_w ɑ t ɑ z ɯ n ]_w
[_w b i r ɡ e ]_w
[_w o r u n d ɑ ]_w
[_w ɑ j ɑ l ]_w
[_w b ɑ s ɯ l k ɑ n ]_w
[_w dʒ y r ɡ ø n ]_w
[_w o r t o s u n ]_w
[_w t ɑ tʃ i k ]_w
[_w ɑ l ɑ s ɯ ]_w
[_w i z ɑ n ɯ n ]_w
[_w b e r i ʃ e t ]_w
[_w b e r ɡ e n i n ]_w
[_w ɑ dʒ ɯ l k ɯ ]_w
[_w u l ɑ n d ɯ ɡ ]_w
[_w m ɑ ʃ ɑ j t ɑ ]_w
[_w z ɑ b ɑ j ]_w
[_w d ɑ r m ɑ p ]_w
[_w dʒ e t e k t e p ]_w
[_w dʒ ɑ ʃ ɑ k ɑ n ]_w
[_w i tʃ k i ]_w
[_w o ɡ uː z u n u n ]_w
[_w b i r i n i n ]_w
[_w m e n e n ]_w
[_w b o l uː ]_w
[_w r ɑ j o n d u n ]_w
[_w dʒ e d e l e t ]_w
[_w ɑ t ɑ l ɯ ]_w
[_w s e b e b d e r ]_w
[_w s ɑ l d ɯ ]_w
[_w b ɑ t ɯ ʃ t ɑ ]_w
[_w ɑ r ɑ l ɑ b ]_w
[_w k ɑ k ɑ z ɡ ɑ n ]_w
[_w k ɯ l ɯ m d ɯ n ]_w
[_w t ø r d ø ]_w
[_w m ɯ j s ɑ n ɯ ]_w
[_w ɑ d ɑ m d ɑ n ]_w
[_w b o l u ʃ t u n ]_w
[_w dʒ ɑ t s ɑ ]_w
[_w e z ɡ e r d i ]_w
[_w ɯ r l ɑ r t ɯ n ]_w
[_w p ɑ ʃ ɯ n ɑ n ]_w
[_w s e n i ]_w
[_w t ɑ n d ɑ ]_w
[_w d ɑ j ɑ k ]_w
[_w t ɑ r ɑ p ɑ j ]_w
[_w dʒ o l d o n m o ]_w
[_w ɑ r ɑ l ɯ ɡ ]_w
[_w tʃ ɑ ʃ ɑ p ]_w
[_w ɑ b ɑ m ]_w
[_w ɑ k t r i s ɑ ]_w
[_w y z d y n ø n ]_w
[_w o r d o z u ]_w
[_w ø ɡ y l y ɡ ]_w
[_w p ɑ r ɯ p ]_w
[_w ɯ l d ɯ ɡ ]_w
[_w k ɯ l d ɯ ]_w
[_w k e l i ʃ t i ]_w
[_w dʒ ɑ j ɯ l ]_w
[_w k ɑ l ɯ ʃ ɑ t ]_w
[_w tʃ y r ø k y ]_w
[_w ɡ o r ]_w
[_w b o r b o r ]_w
[_w t ɑ n i e l ]_w
[_w dʒ o l d o r ]_w
[_w ɑ r ɑ l ɯ k u l ]_w
[_w b o l d u m ]_w
[_w k ɯ s ɯ n ]_w
[_w k e r e m ]_w
[_w e p o s u n ]_w
[_w ɑ t ɑ m ɡ ɑ ]_w
[_w o ʃ t o ɡ u s ]_w
[_w b uː n u n ]_w
[_w dʒ ɑ s ɑ b ]_w
[_w ɑ t ɑ b ɯ l ɯ p ]_w
[_w dʒ ɑ ʃ ɯ r uː n ]_w
[_w tʃ ɯ j n ɑ ɡ ɯ l ]_w
[_w k ɑ j ɡ ɯ n ]_w
[_w s ɑ r ɯ l oː ]_w
[_w ɑ l d ɯ k ]_w
[_w ɯ r l ɑ r t ɯ ]_w
[_w p o l u p t u r ]_w
[_w b e k ]_w
[_w k ɯ l ɡ ɑ n ɯ n ]_w
[_w ø l d y r y n ]_w
[_w dʒ ɯ l k ɑ n ]_w
[_w tʃ ɑ k ɯ ]_w
[_w ɑ j d ɯ l ɯ p ]_w
[_w b ɑ t ɯ ʃ ɑ t ]_w
[_w ɑ k tʃ ɑ ɡ ɑ n ]_w
[_w s ɑ l ɯ ɡ ɯ ]_w
[_w s ø z y n tʃ ø ]_w
[_w e m n e n i n ]_w
[_w z ø z d ø j ]_w
[_w o k u j ɑ l ɑ r ]_w
[_w b ø r y ]_w
[_w m o ŋ ɡ o l ]_w
[_w t ɑ s t ɑ n ]_w
[_w k ɑ t ɑ m ɡ ɑ ]_w
[_w ɑ n ɯ k t oː ]_w
[_w ɑ j ɯ l ɯ n ɯ n ]_w
[_w k ɑ s ɑ ɡ ]_w
[_w t u n ɡ ɑ n ]_w
[_w m o j u n d u k ]_w
[_w dʒ e tʃ i m i ]_w
[_w k ɑ l p ɑ j ]_w
[_w ɯ j l ɑ b ]_w
[_w b o l u ʃ u ]_w
[_w o p l u s u n ]_w
[_w dʒ e dʒ i m i ]_w
[_w u s u n ]_w
[_w dʒ y r ø ɡ y ]_w
[_w s o k u l k ɑ n ]_w
[_w tʃ ɑ s ɑ j ]_w
[_w u tʃ u ]_w
[_w n e m i z ]_w
[_w b o l uː n u n ]_w
[_w b o j u ]_w
[_w dʒ ø k y b ]_w
[_w k o l χ o s ]_w
[_w s ɑ k t ɑ l ɯ p ]_w
[_w o p o l u ʃ k ɑ ]_w
[_w b ɑ k t ɯ n ]_w
[_w m u r d ɑ k t uː ]_w
[_w t y r t yː ]_w
[_w e n e n ]_w
