[_w ɾ ɑ h ɐ ]_w
[_w d̪ ɪ j ɑ ]_w
[_w s m ɑ ɾ ɐ ]_w
[_w kʰ ɪ l ɑ f ɐ ]_w
[_w ʋ ɪ ʃ e ʃ ɐ ]_w
[_w d̪ i n ɐ ]_w
[_w ʋ ɐ ɾ n ɐ ]_w
[_w p ɾ ɐ d̪ ɑ ]_w
[_w ɐ̃ t̪ ɐ ɾ pʰ ɐ ]_w
[_w tʃ ɐ̃ ɡ ɐ l i ]_w
[_w ɪ n h o n e ]_w
[_w bʱ ɐ ɾ ɐ n ɐ ]_w
[_w b ɾ ɐ j o ɡ õ ]_w
[_w m o ʈ ɑ ]_w
[_w ʋ ɪ t̪ j ɑ d̪ ɪ ]_w
[_w d̪ e ɾ e ]_w
[_w s ɐ p ɐ k ɑ ]_w
[_w l e n e ]_w
[_w p ɾ ɐ t̪ʰ ɐ ]_w
[_w ɡ ɐ ʃ m i ɾ ɐ ]_w
[_w dʒ ɐ̃ k ɐ l i ]_w
[_w ɪ̃ ɡ ɑ ɾ ɐ ɡ ɐ ]_w
[_w ɡʱ ɐ t̪ m ɐ ]_w
[_w b ɐ ɾ ɐ ]_w
[_w d̪ ɐ b ɐ ]_w
[_w s ɐ m ɑ n ɐ ʋ ɐ ]_w
[_w dʒ ɪ t̪ ɐ n ɑ ʋ ɐ ]_w
[_w m ɑ n ɐ ]_w
[_w n ɐ t̪ i ]_w
[_w ɛ k ʃ ɐ n ɐ ]_w
[_w j ɑ̃ t̪ ɾ ɪ k ɐ ]_w
[_w k ɐ p ɐ ɽ õ ]_w
[_w j ɑ d̪ ɑ j ɑ d̪ ɐ ]_w
[_w h ɪ l ɐ ]_w
[_w ʋ ɪ ʋ ɑ t̪ õ ]_w
[_w d̪ ɐ l õ ]_w
[_w ɑ dʒ ɑ ɾ ɐ ]_w
[_w ɪ s l ɑ m ɐ ]_w
[_w s m ɐ ɾ ɐ n ɐ ]_w
[_w p ɔ ɖ i ]_w
[_w tʃʰ ɐ t̪ ɐ ]_w
[_w p u tʃ ɑ ]_w
[_w ʋ ɑ k ɐ t̪ ɐ ]_w
[_w e dʒ ẽ s i ]_w
[_w k e n d̪ ɾ ɐ ]_w
[_w j o ɡ ɐ ]_w
[_w ɾ ɐ kʰ ɐ ɡ ɐ ɾ ɐ ]_w
[_w e j ɐ ɾ ɐ s ɐ ]_w
[_w s i d̪ʱ i ]_w
[_w m ɪ l ɐ n ɐ ]_w
[_w p ɐ ɽ ɑ ]_w
[_w p ɛ s e ]_w
[_w d̪ʱ ɑ m ɐ ]_w
[_w s u t̪ ɾ õ ]_w
[_w ɾ ɑ ʃ ʈ ɾ ɐ ]_w
[_w d̪ ɪ s ɐ̃ b ɐ d̪ʱː ɐ ]_w
[_w dʒ ɐ m ɑ n e ]_w
[_w ɐ l m o ʈ ɑ ]_w
[_w b ʊ ʃ ʈ ɪ ]_w
[_w ɐ d̪ bʱ ʊ t̪ ɐ ]_w
[_w b ɐ ɾ ɪ ʋ ɑ ɾ i ]_w
[_w ɾ ɑ n i ]_w
[_w p ɐ j ɑ n ɐ ]_w
[_w k ɐ ʈ ɐ ]_w
[_w ʃ ɐ k t̪ ɪ ]_w
[_w kʰ ɑ i ]_w
[_w s ʊ n ɐ n e ]_w
[_w ɐ ʋ ɐ ɡ ɐ ]_w
[_w s ɐ ɾ ɐ s õ ]_w
[_w t̪ ʊ m ɐ ]_w
[_w f ɾ ɑ̃ s ɐ ]_w
[_w tʃ ɑ h ɐ t̪ e ]_w
[_w n ɑ ɡ ɐ ɾ ɐ ]_w
[_w bʱ ɑ i ]_w
[_w n ɛ d̪ ɪ k ɐ ]_w
[_w ũ dʒ i ]_w
[_w dʒ ɛ s i ]_w
[_w l ɪ kʰ ɐ n e ]_w
[_w p ɐ ɾ e ʈ ɐ ]_w
[_w k ɐ ɾ ɑ ʋ ɐ ]_w
[_w b ɐ ɾ ʋ ɐ ]_w
[_w ɪ̃ s ɑ n ɐ ]_w
[_w ɡ o ɾ ɐ ]_w
[_w b ɾ ɐ t̪ e ]_w
[_w dʒ ɑ l u ]_w
[_w ɐ p ɐ ]_w
[_w tʃ ɐ ɾ m ɐ n i ]_w
[_w l ɑ j e ]_w
[_w s ʋ ɐ s t̪ʰ ɑ ]_w
[_w h ʊ j i ]_w
[_w s ɐ ɾ ɐ ]_w
[_w ɐ ɖː e ]_w
[_w k ʊ tʃ ɐ ɾ ɑ t̪ ɐ ]_w
[_w ɐ bʱ ɪ j ɑ n ɐ ]_w
[_w m ʊ d̪ː õ ]_w
[_w p l ɛ k ɐ ]_w
[_w m ɑ ɾ ɑ ]_w
[_w j ɑ t̪ ɾ ɪ ]_w
[_w h õ k i ]_w
[_w ɐ ɾ ɐ ʋ ɑ dʒ e ]_w
[_w tʃ ɪ t̪ ɾ ɐ ]_w
[_w bʱ ɐ ɾ e ]_w
[_w b ɑ t̪ e ]_w
[_w ɐ d̪ʱ j ɐ ]_w
[_w ɑ p ɐ s e ]_w
[_w b ɪ l ɪ j ɐ m ɐ ]_w
[_w ʊ s ɐ k i ]_w
[_w n ɐ m u n e ]_w
[_w p ɐ ɽ i ]_w
[_w ɑ l o tʃ ɐ ɡ õ ]_w
[_w ɖ ɑ l e ]_w
[_w k ɐ t̪ ɪ ʋ ɪ d̪ʱ ɪ ]_w
[_w ʋ ɪ h ɑ ɾ ɐ ]_w
[_w b ɑ t̪ ɾ ɐ ]_w
[_w dʒ ɪ ʈʰː ɑ ]_w
[_w ʊ t̪ː ɐ ɾ i ]_w
[_w ɾ ɑ ʋ ɐ ]_w
[_w dʒ ɪ s ɐ k ɑ ]_w
[_w ʋ ɐ h ɑ̃ ]_w
[_w n i t̪ ɪ ]_w
[_w t̪ ɐ m ɐ ]_w
[_w m ʊ t̪ ɾ ɐ n ɐ ]_w
[_w ɾ ɪ̃ k ɐ ]_w
[_w j ɑ d̪ ẽ ]_w
[_w ʃ u ʈ ɪ̃ ɡ ɐ ]_w
[_w ɐ m l ɐ ]_w
[_w ɑ̃ d̪ ɐ ɾ ɪ k ʃ õ ]_w
[_w kʰ ɐ ʈ ɐ n ɑ õ ]_w
[_w ɪ s ɐ n e ]_w
[_w ɾ ɪ n ɐ ]_w
[_w t̪ e ɾ ɐ ]_w
[_w s ʋ ɑ ɾ t̪ʰ ɐ ]_w
[_w ɑ ɾ t̪ʰ ɪ k ɐ ]_w
[_w tʃ ɑ p ɑ n ɐ ]_w
[_w tʃʰ o ʈ e ]_w
[_w l ɐ̃ ɖ ɐ ]_w
[_w ɡ ɪ j ɑ ]_w
[_w ɑ ɾ o p ɐ ]_w
[_w ɡ ɔ ɾ ɐ ʋ ɐ ]_w
[_w p ɐ ɽʱ ɐ t̪ e ]_w
[_w ʋ ɐ ɾ ɡ i j ɐ ]_w
[_w ɐ b e k ʃ ɑ ]_w
[_w k ʃ e t̪ ɾ i j ɐ ]_w
[_w k ɐ ʃ m i ɾ ɐ ]_w
[_w ɡ ʋ i n ɐ ]_w
[_w s ẽ ʈ ɐ ]_w
[_w ɾ ɐ n ɐ ]_w
[_w k ɐ l ɑ k ɑ ɾ ɐ ]_w
[_w ɐ lː ɑ h ɐ ]_w
[_w p ɐ n ɑ ʋ ɐ ]_w
[_w b ɐ h ɑ ɽ i ]_w
[_w k ɑ ɽ ɪ j õ ]_w
[_w d̪ ʋ ɪ t̪ i j ɐ ]_w
[_w dʒ ɪ̃ t̪ ɑ ]_w
[_w tʃ ʊ ɽ ɐ ]_w
[_w b ɐ h ʊ̃ tʃ ɑ ]_w
[_w k ʊ m ɑ ũ ]_w
[_w j ɑ t̪ ɐ ]_w
[_w k e n t̪ ɾ ɐ ]_w
[_w n ɪ ɾ ɑ l ɑ ]_w
[_w bʱ ɪ ʈ ɐ ]_w
[_w s ɪ n e m ɑ ]_w
[_w s ɐ m ɐ dʒʱ ɐ t̪ e ]_w
[_w kʰ ɑ ʋ ɐ ]_w
[_w b ɔ d̪ʱ e ]_w
[_w n ɪ k ɑ j ɐ b ɐ ]_w
[_w s ɐ k e ]_w
[_w ɐ n t̪ ɐ ]_w
[_w d̪ o ʃ ɐ ]_w
[_w ʃ ɪ k ɑ j ɐ t̪ ɐ ]_w
[_w k ʃ e t̪ ɾ ɐ ]_w
[_w k ɛ ɾ ɐ ]_w
[_w tʃ ɛ s e ]_w
[_w k ɐ̃ k ɾ i ɖ ɐ ]_w
[_w ʋ j ɐ j ɐ ]_w
[_w s ɐ̃ p ɑ t̪ ɪ t̪ ɐ ]_w
[_w m o ʈ i ]_w
[_w ɾ ɑ t̪ ɾ ɪ j ɐ ]_w
[_w s ɐ m ɐ s j ɑ ]_w
[_w ɪ s ɐ b ɐ n e ]_w
[_w ʋ ɪ n o d̪ ɐ ]_w
[_w k i d̪ ɑ ɾ i kʰ ɐ ]_w
[_w ɾ ɐ h ɐ ]_w
[_w f ɪ l m i ]_w
[_w s ʊ n ɑ ]_w
[_w k ɾ ɐ̃ d̪ʱ õ ]_w
[_w k ɐ ɾ ɐ ]_w
[_w b ɐ t̪ʰː ɐ ]_w
[_w ɐ n ʊ bʱ ɐ ʋ õ ]_w
[_w d̪ ɐ k ʃ ɪ t̪ ɐ ]_w
[_w s u ʈ ɐ ]_w
[_w ʋ ɪ ʋ ɐ ɾ ɐ ]_w
[_w b ɾ e s ɐ ]_w
[_w k ɐ m ẽ ʈ ɐ ]_w
[_w p ɐ ɾ ɐ̃ t̪ ʊ ]_w
[_w ɖ ɪ dʒ ɪ ʈ ɐ l ɐ ]_w
[_w kʰ ɐ ɽ e ]_w
[_w ẽ ʈ ɐ ]_w
[_w j ʊ ʋ ɐ ɡ ɐ ]_w
[_w b ɐ l ɐ ]_w
[_w kʰ ʊ t̪ ɐ ɾ ɑ ]_w
[_w ɡ ɐ l ɑ ]_w
[_w h ɐ l k e ]_w
[_w s ɐ ɾ ɑ ]_w
[_w ɑ l o tʃ ɐ n ɑ ]_w
[_w p ɾ ɐ pʰ ʊ ]_w
[_w ɖʱ i k ɐ ]_w
[_w ɡ ɐ ɾ ɐ ]_w
[_w ɐ ʋ ɐ s t̪ʰ ɑ ]_w
[_w s ɑ ɪ ɡ ɪ l ɐ ]_w
[_w ɛ s e ]_w
[_w s ɐ b ɐ ]_w
[_w k ɐ ɾ ɐ t̪ ɐ ]_w
[_w s ɐ m ɐ ]_w
[_w s ʈ e ɖ ɐ ]_w
[_w ɡʱ ɪ ɾ ɑ ]_w
[_w h ɪ mː ɐ d̪ ɐ ]_w
[_w n ɪ k ɑ l i ]_w
[_w ɡ ʊ ɾ u ]_w
[_w ʈ ɑ ɪ m ɐ ]_w
[_w l e ɡ ɪ n ɐ ]_w
[_w j ɑ d̪ ɾ ɪ ]_w
[_w ʋ ɪ t̪ j ʊ ]_w
[_w p o l ɑ ]_w
[_w t̪ ɑ t̪ ɑ ]_w
[_w ʊ t̪ p ɑ d̪ õ ]_w
[_w tʃʰ e t̪ ɐ ]_w
[_w ʈ ɪ s n i ]_w
[_w p ɐ t̪ m ɐ ]_w
[_w ɡʱ o l ɐ n e ]_w
[_w ɾ o k õ ]_w
[_w m ʊ d̪ ɑ j õ ]_w
[_w t̪ ʊ ʃ m ɐ n ɐ ]_w
[_w s ɐ̃ ɡ ɐ m ɐ l ɑ ]_w
[_w ɑ ɡ ɾ ɐ m ɐ ]_w
[_w n ɪ ɾ t̪ e ʃ ɐ ]_w
[_w ʊ n h e ]_w
[_w p i ɽ ɪ t̪ ɐ ]_w
[_w ʋ j ɐ s t̪ ɐ ]_w
[_w dʒ ɐ k ɐ ]_w
[_w t̪ ɐ b ɑ ]_w
[_w d̪ ɐ ɾ ɐ ]_w
[_w ɖ ɑ l ɑ ]_w
[_w t̪ i ʋ ɾ ɐ d̪ ɐ ]_w
[_w ɡ ɐ l j ɑ n ɐ ]_w
[_w ʈʰ i k ɐ ]_w
[_w ɐ ɡ ɾ ɐ ]_w
[_w b o kʰ ɐ ɾ i t̪ ɑ ]_w
[_w p ɐ n ɑ d̪ ɑ ]_w
[_w l e kʰ õ ]_w
[_w m ɛ s u ɾ ɐ dʒ ɐ ]_w
[_w s ɐ k ɑ ]_w
[_w p ɐ ʃ tʃ ɑ t̪ ]_w
[_w ɾ e kʰ ɑ ]_w
[_w k ɑ ɾ ɐ̃ ɖ i ]_w
[_w ɔ ʃ ɐ d̪ʱ ɪ ]_w
[_w s ɐ̃ b ɑ t̪ ɐ l ɐ ]_w
[_w s ɐ ɾ tʃ ɐ ɾ i ]_w
[_w m ɐ h ɑ ɾ ɑ tʃ ɑ ]_w
[_w ɪ n ɐ ɡ ɑ ɾ i ]_w
[_w s ɐ bʱ ɐ ɾ ɐ ]_w
[_w bʱ i m ɐ ]_w
[_w l ɪ kʰ e ]_w
[_w b ɐ ɽʱ ɐ ]_w
[_w s t̪ʰ ɐ l õ ]_w
[_w pʰ u d̪ ɐ ]_w
[_w l ɪ kʰ ɐ t̪ ɑ ]_w
[_w ɾ ɐ kʰ ɐ k ɐ ɾ õ ]_w
[_w tʃʰ o ɖ i ]_w
[_w s ɐ t̪ j ɐ ]_w
[_w dʒ ɑ n e ʋ ɑ l e ]_w
[_w bʱ ɑ ɪ n ɐ l ɐ ]_w
[_w s ɔ ɾ ɐ ]_w
[_w b ɐ t̪ ɐ l ɑ ʃ ɐ ]_w
[_w m ɐ h ɪ l ɑ ]_w
[_w ɾ ʊ kʰ ɐ ]_w
[_w i ɾ ɑ n ɐ ]_w
[_w n e t̪ ɑ ]_w
[_w tʃ ɪ ʈʰː e ]_w
[_w l ɐ n d̪ ɐ ]_w
[_w kʰ ɑ ʈ i ]_w
[_w m ɑ n o ]_w
[_w ʊ t̪ː ɐ m ɐ ]_w
[_w tʃ ɪ s ɐ ɡ o ]_w
[_w dʒ ɪ n ɐ ]_w
[_w ɐ p ɐ ʋ ɑ t̪ ]_w
[_w s u k ʃ m ɐ n ɐ ]_w
[_w ʋ ɛ t̪ʰ ɐ ]_w
[_w p ɾ ɐ ʃ n ɐ ]_w
[_w h ɪ m ɑ dʒ ɐ ]_w
[_w b ɐ n ɑ e ]_w
[_w s ʋ ɑ d̪ ɐ ]_w
[_w l ɐ kʰ ɐ n ɑ ]_w
[_w ɐ ɡ ɑ l ɐ d̪ e ]_w
[_w e k ɑ t̪ ɐ ]_w
[_w bʱ e dʒ ɐ n e ]_w
[_w ʃ ɪ k ɑ ]_w
[_w j ɐ h ɑ̃ ]_w
[_w s ɐ s t̪ i ]_w
[_w s ʊ̃ d̪ ɐ ɾ ɐ bʱ ɐ ]_w
[_w d̪ ɑ ɾ i ]_w
[_w p ɐ tʃ ɐ n ɑ ]_w
[_w tʃ ɐ kː ɐ ɾ ɐ ]_w
[_w m ɪ l ɐ ]_w
[_w ɐ m ɪ t̪ ɐ ]_w
[_w b ɐ s ɐ̃ t̪ ɐ ]_w
[_w ɡ ɑ̃ d̪ʱ i ]_w
[_w m ɑ n ɐ k ɐ ]_w
[_w p ɾ e ɾ ɐ n ɑ ]_w
[_w l o ɡ ɐ ]_w
[_w p ɐ h ɑ ɽ ɪ j õ ]_w
[_w ɐ nː ɑ ]_w
[_w h ʊ i ]_w
[_w ʃ ʊ ɾ u ɑ d̪ i ]_w
[_w m ɐ t̪ʰ j ɐ ]_w
[_w b ɾ ɐ h m ɐ ]_w
[_w s ɐ h ɑ j ɐ k ɐ ]_w
[_w tʃ ɪ t̪ ɐ ]_w
[_w n ɑ j ɐ k ɐ ]_w
[_w dʒ i ʋ ɐ n ɐ ]_w
[_w d̪ʱ ɑ t̪ ʊ õ ]_w
[_w d̪ʱ ɑ d̪ ʊ ]_w
[_w k ɐ ʃ j ɐ ]_w
[_w p ɑ n e ]_w
[_w p ɐ h ʊ̃ tʃ ɐ ]_w
[_w ɐ n ɐ m o l ɐ ]_w
[_w s t̪ʰ ɪ t̪ ɪ ]_w
[_w kʰ ɑ n e ]_w
[_w k ɪ n ɑ ɾ e ]_w
[_w ʋ j ɐ k t̪ ɪ ]_w
[_w k ẽ d̪ ɐ ]_w
[_w b ɾ ɪ j ɐ l ɐ ]_w
[_w b ɐ m ɐ ]_w
[_w ɪ s ɐ ɡ e k ɑ ]_w
[_w ʊ n ɐ k i ]_w
[_w n ɑ m ɐ k ɐ ]_w
[_w k ɐ ʋ ɪ j õ ]_w
[_w k ɐ h ɐ ɾ ɐ ]_w
[_w ɑ̃ t̪ o l ɐ n e ]_w
[_w ɪ l ɑ k ɐ t̪ ɐ ]_w
[_w tʃ ɐ n ɐ ]_w
[_w ɑ n ɐ̃ t̪ ɐ ]_w
[_w k j ũ ]_w
[_w p ɑ ɾ i k ɐ ]_w
[_w j ɑ d̪ ɑ ]_w
[_w d̪ʱ i ɾ e ]_w
[_w ɑ ɾ ɐ̃ bʱ ɐ ]_w
[_w p ɛ ʈʰ ɐ ]_w
[_w j ɐ m ʊ n ɑ ]_w
[_w ɑ j ʊ ]_w
[_w d̪ʱ ɐ ɾ m õ ]_w
[_w bʱ ɑ ʃ ɑ ]_w
[_w b ɐ ɽ e ]_w
[_w ʊ ɽ ɐ ]_w
[_w p i s ɐ ʋ ĩ ]_w
[_w ɐ t̪ ɪ ɾ ɪ k t̪ ɐ ]_w
[_w p ɐ t̪ ɑ ]_w
[_w n ɪ t̪ ɑ̃ t̪ ɐ ]_w
[_w k ɛ ɾ ɐ s ɛ n ɐ ]_w
[_w n ɐ ɾ e ʃ ɐ ]_w
[_w tʃ ɐ ɾ dʒ ɐ ]_w
[_w s ɐ ɾ ɡ ɪ ʈ ɐ ]_w
[_w ʋ h ɪ s k i ]_w
[_w n ɪ s ɑ n õ ]_w
[_w p ɐ h ɐ n ɐ ]_w
[_w ɐ̃ t̪ ɐ ]_w
[_w k ɪ ɾ ɑ ʋ ɐ ]_w
[_w ʃ l o k ɐ ]_w
[_w m ɑ ɾ ɡ e ɖ ɐ ]_w
[_w b ɑ n i ]_w
[_w m e ɾ e ]_w
[_w d̪ ɐ l ɪ t̪ ɐ ]_w
[_w m ɐ h ɐ t̪ e ]_w
[_w s ɑ l õ ]_w
[_w dʒ ɑ j e ]_w
[_w ʈ i k ɑ ]_w
[_w bʱ ɑ ʃ ɑ õ ]_w
[_w p ɐ l ɐ b ɐ ]_w
[_w m ɔ ɾ j ɐ ]_w
[_w s ɛ ɾ ɐ ]_w
[_w p ɐ ɾ ɐ̃ d̪ ʊ ]_w
[_w tʃ ɑ j e ]_w
[_w n ɪ ɾ n ɐ j ɐ ]_w
[_w k ɛ m ɐ ɾ ɑ ʈʰ i ]_w
[_w ɑ kʰ ɪ ɾ ɐ ]_w
[_w n ɪ pʰ ɑ i ]_w
[_w p o l e ]_w
[_w t̪ ɪ ʋ j ɐ ]_w
[_w ɑ dʒ ɐ k ɐ ]_w
[_w b o s ɐ ]_w
[_w dʒ ɑ l ɐ ]_w
[_w tʃ ɐ m ɑ ]_w
[_w ʃ ʊ ɾ u ɑ t̪ ɐ ]_w
[_w k ɾ ɑ h ɐ k õ ]_w
[_w k ɑ ʊ̃ s ɪ l ɐ ]_w
[_w b ɐ tʃː ɐ n ɐ ]_w
[_w s ɐ m ɑ dʒ ɐ ]_w
[_w bʱ ɐ k t̪ ɐ ]_w
[_w d̪ i s ɐ ɾ i ]_w
[_w bʱ ɐ l e ]_w
[_w d̪ e t̪ e ]_w
[_w tʃ ɛ ɡ ɐ ]_w
[_w d̪ i s ɐ ɾ e ]_w
[_w s ɪ ɾ bʱ ɐ ɾ ɐ ]_w
[_w s ɑ̃ t̪ ɑ ]_w
[_w p ɐ ɽʱ ɐ n e ]_w
[_w ɑ kʰ ɪ ɾ i ]_w
[_w ʃ ɑ̃ t̪ ɪ ]_w
[_w m ɪ ʈː i ]_w
[_w j u ɾ o p ɐ ]_w
[_w t̪ e ʋ ɐ ]_w
[_w kʰ ɪ ɾ ɑ ]_w
[_w m o b ɑ ɪ l ɐ ]_w
[_w dʒ o ɖ i ]_w
[_w d̪ ɾ ɪ ʃ j ɐ ]_w
[_w ɾ ɐ̃ ɡ õ ]_w
[_w p ɔ ɾ ɑ n ɐ s i ]_w
[_w s ɐ ɾ d̪ ɪ j õ ]_w
[_w ɾ ɑ dʒ ɐ ]_w
[_w p ɐ t̪ ɐ k ɐ ]_w
[_w m ɪ ʃ ɐ n ɐ ]_w
[_w n ɪ ʃ tʃ ɪ d̪ ɐ ]_w
[_w tʃ ɑ t̪ ɪ ]_w
[_w h ɐ ɾ ɑ ]_w
[_w ɾ ɪ ʃ t̪ e ]_w
[_w ɐ m ɐ ɾ ɐ n ɑ ]_w
[_w ɾ ɐ k ɐ ]_w
[_w ɔ ɾ ɐ d̪ ɐ ]_w
[_w ʃ ɪ k ʃ ɐ k õ ]_w
[_w d̪ ʊ n ɪ j ɑ ]_w
[_w ɡʱ ɐ ɽ i ]_w
[_w l e p ɐ l ɐ ]_w
[_w j u ɾ o b i j ɐ ]_w
[_w k ɐ̃ d̪ʱ ɐ ]_w
[_w ʋ ɑ j ɐ ]_w
[_w k ɑ pʰ i ]_w
[_w m ʊ̃ b ɐ i ]_w
[_w ɐ n ɑ dʒ ɐ ]_w
[_w t̪ ɪ ʋ ɑ s ɐ ]_w
[_w n ɐ k ɐ ɾ ɐ ]_w
[_w k ɐ h ɑ n ɪ ]_w
[_w j ɑ d̪ õ ]_w
[_w n ɑ ɪ ʈ ɐ ]_w
[_w ɡ ʊ n ɐ ]_w
[_w k ɑ ʃ i ]_w
[_w ʋ ɪ ʃ ʋ ɐ ]_w
[_w p u ɾ ʋ i ]_w
[_w ɐ ɾ ɐ p ɑ ɾ ɐ ]_w
[_w d̪ ɐ ɾ dʒ ɐ ]_w
[_w ɐ tʃ ɐ j ɐ n õ ]_w
[_w ɐ̃ d̪ ɑ s ɐ ]_w
[_w k ɪ ɾ ɑ ʋ ɐ ʈ ɐ ]_w
[_w bʱ u m ɪ k ɐ ]_w
[_w m ɑ n ɐ t̪ ɑ ]_w
[_w ɡ ɑ ʈ ɐ ]_w
[_w k ɾ e ʈ ɐ ]_w
[_w p ɾ e ɾ ɪ t̪ ɐ ]_w
[_w ʃ ɛ k ʃ ɪ k ɐ ]_w
[_w ɡ ɔ ʃ ɐ l ɐ ]_w
[_w s t̪ʰ ɪ t̪ ɪ j õ ]_w
[_w s ʊ d̪ʱ ɑ ɾ õ ]_w
[_w m ɑ ɾ ɡ ɐ ]_w
[_w s ʋ ɐ tʃʰː ɐ ]_w
[_w ɐ b ɐ ʃ ɪ ʃ ʈ ɐ ]_w
[_w n ɪ k ɑ l i n ɐ ]_w
[_w p ɾ ɪ d̪ʱ ɐ ɡ ɐ ]_w
[_w ɾ o ɡ ɐ n e ]_w
[_w t̪ ɐ l ɪ t̪ ɐ ]_w
[_w dʒ ɑ n ɐ d̪ i ]_w
[_w s e k s ɐ ]_w
[_w n ɾ ɪ t̪ j ʊ ]_w
[_w tʃ i ʋ ɪ t̪ ɐ ]_w
[_w p e h ɐ t̪ ɐ ]_w
[_w ʊ p ɐ tʃ ɑ ɾ õ ]_w
[_w h ɛ ɾ i ]_w
[_w b ɐ s ɐ̃ d̪ ɐ ]_w
[_w h ɑ ɾ ʈ ɐ ]_w
[_w l e n i ]_w
[_w pʰ u t̪ ɐ ]_w
[_w s k u l ɐ ]_w
[_w k ɪ s i ]_w
[_w d̪ʱ ɑ ɾ ɐ ]_w
[_w ʃ ɐ ɾ t̪ õ ]_w
[_w t̪ ɑ p ɐ ]_w
[_w ɾ ɐ s ɑ ɾ ɐ ]_w
[_w ɪ l ɑ ɡ õ ]_w
[_w k ɪ ɾ ɑ ]_w
[_w tʃ ɑ h ɑ ]_w
[_w m ɪ ɾ dʒ ɐ ]_w
[_w ɑ tʃ ɑ ɾ ɐ ]_w
[_w l ɐ k ɐ ]_w
[_w ɡʱ ɑ t̪ ɑ ]_w
[_w ʋ j ɐ t̪ i d̪ ɐ ]_w
[_w k ʊ l ɑ m ɐ ]_w
[_w l ɑ n e ]_w
[_w ʊ ʈʰ i ]_w
[_w d̪ u ɾ i ]_w
[_w ʋ ɐ k t̪ ɐ ]_w
[_w s ɐ m ɐ dʒʱ ɐ t̪ ɑ ]_w
[_w k ɑ̃ ʋ ɐ ]_w
[_w s ɐ ɡ ɐ d̪ ɐ m ɑ ]_w
[_w t̪ ʊ ɾ ɡ ɑ ]_w
[_w m ɐ n ɑ ]_w
[_w tʃʰ e d̪ ɐ ]_w
[_w ɪ n ɐ s e ]_w
[_w n i l ɑ ]_w
[_w ɾ ɪ l i dʒ ɐ ]_w
[_w s ɐ ɾ ɐ d̪ ɐ ]_w
[_w k ɪ l e ]_w
[_w tʃ ɐ ɾ tʃ ɪ t̪ ɐ ]_w
[_w p ɐ̃ tʃ ɑ p ɐ ]_w
[_w s ʈ ɾ i ʈ ɐ ]_w
[_w tʃ o ɽ i ]_w
[_w p ɐ ʈʰ ɑ ɾ ɐ ]_w
[_w h ɪ ʈ ɐ ]_w
[_w m o t̪ i ]_w
[_w s ɑ ɾ i ]_w
[_w ɐ ʋ ɐ d̪ʱ ɪ ]_w
[_w d̪ ɑ h ɪ n e ]_w
[_w p ɾ ɪ ʃ ʈʰ ɐ ]_w
[_w n ɪ k ɑ l ɐ n ɐ ]_w
[_w bʱ e tʃ ɑ ]_w
[_w d̪ ɔ ɾ ɐ ]_w
[_w t̪ e kʰ o ]_w
[_w ɾ ɑ h ʊ l ɐ ]_w
[_w t̪ ʊ m ɐ n e ]_w
[_w pʰ ɑ ʋ i ]_w
[_w k u t̪ ɐ ]_w
[_w m ʊ k ɑ b ɐ l ɑ ]_w
[_w m ɐ n ʊ ʃ j õ ]_w
[_w s ʋ ɐ ɾ õ ]_w
[_w h ɐ m ɑ ɾ e ]_w
[_w s ɐ̃ s ɑ d̪ʱ ɐ n ɐ ]_w
[_w ʋ ɪ t̪ e ʃ õ ]_w
[_w k ɛ l ɐ̃ ʈ ɐ ɾ ɐ ]_w
[_w s ɑ ʊ d̪ʱ ɐ ]_w
[_w n ɪ k ɑ s ɐ ]_w
[_w b j ɑ ɾ ɐ h ɐ ]_w
[_w ɪ m ɑ ɾ ɐ ]_w
[_w ʃ ɐ t̪ ɑ ]_w
[_w m ɑ s u m ɐ ]_w
[_w tʃ ʊ k e ]_w
[_w l ɑ ɪ ʋ ɐ ]_w
[_w ɐ pʰ ɪ j ɑ n ɐ ]_w
[_w b ɐ tʃ ɑ e ]_w
[_w ɐ s ɐ l ɐ ]_w
[_w ʊ t̪ ɐ n i ]_w
[_w ʈʰ ɐ̃ ɖ ɑ ]_w
[_w b e ɾ i n ɑ k ɐ ]_w
[_w n ɾ ɪ t̪ j ɐ ]_w
[_w s ɐ ʋ ɑ ɾ ɖ ɐ ]_w
[_w p ʊ ʃ ʈ ɪ ]_w
[_w j ɑ n ɪ ]_w
[_w k ɾ ɑ m ɐ ]_w
[_w k ʊ ɾ ʊ ]_w
[_w n ɪ p ɐ̃ d̪ʱ ɐ ]_w
[_w ɐ m ɪ t̪ ɪ ]_w
[_w k o ɪ ]_w
[_w ʃ ʊ ɾ ʊ ]_w
[_w s ɐ k ẽ ]_w
[_w b ɐ ʈ ɐ n ɑ ẽ ]_w
[_w b ɪ k ɐ ]_w
[_w k ɾ u ɾ ɐ ]_w
[_w k ɪ ɾ ɐ ]_w
[_w k o ʃ ɪ ʃ ɐ ]_w
[_w p ʊ ɾ i ]_w
[_w ʋ ɐ dʒ ɐ ]_w
[_w ɐ l i ]_w
[_w dʒ ɐ̃ k ɐ l ɑ ]_w
[_w kʰ ɐ ɾ e l u ]_w
[_w e k i k ɾ ɪ t̪ ɐ ]_w
[_w p o s ɐ ]_w
[_w ʋ ɐ ɾ ɡ ɐ ]_w
[_w p ɪ j u ʃ ɐ ]_w
[_w d̪ʱ ɐ ɾ ɐ ]_w
[_w s ɐ t̪ ɐ s j õ ]_w
[_w ʋ ɐ ɾ n ɐ l ɐ ]_w
[_w s ɐ ʃ ɐ s t̪ ɾ ɐ ]_w
[_w ɐ t̪ j ɐ ]_w
[_w ʋ ɐ tʃ ɐ ]_w
[_w b ɐ t̪ ɑ n ɐ ]_w
[_w s ɐ̃ s t̪ʰ ɑ n ɐ ]_w
[_w s ɪ ɾ ɐ ]_w
[_w dʒ i ʋ ɑ ʃ m ɐ ]_w
[_w k ɑ ɾ o p ɑ ɾ ɐ ]_w
[_w ʋ ɑ l i ]_w
[_w ɑ ɾ ɐ k ɐ ʈ ɐ ]_w
[_w s ɑ t̪ʰ ɪ j õ ]_w
[_w m ɐ tʃ ɐ d̪ u ɾ õ ]_w
[_w s k ɾ i n ɐ ]_w
[_w tʃ ɐ l ɐ n ɑ ]_w
[_w m ɐ ɾ j ɑ b d̪ ɐ ]_w
[_w t̪ ɐ ɾ ɐ ]_w
[_w ɾ ɐ ʋ ɪ ʃ j ɐ ]_w
[_w s t̪ʰ ɑ p ɐ n ɐ ]_w
[_w ʊ ʈʰ ɑ j ɑ ]_w
[_w ɐ m ɐ ɾ t̪ʰ ɐ ]_w
[_w d̪ e t̪ ɑ ]_w
[_w s ɐ ɾ ɐ l ɐ ]_w
[_w k ɾ i k ɐ ]_w
[_w ɐ k t̪ u p ɐ ɾ ɐ ]_w
[_w d̪ ʊ m ɐ k o ]_w
[_w k ɐ d̪ ɐ ]_w
[_w k ɑ n e ]_w
[_w b u ɾ ʋ ɐ tʃ ɐ ]_w
[_w s ɐ̃ t̪ ɐ ]_w
[_w ɑ d̪ ɑ ]_w
[_w m ɐ̃ d̪ i ]_w
[_w ɐ d̪ʱ j ɑ p ɐ k ɑ ]_w
[_w dʒ ɐ l ɐ t̪ ɑ ]_w
[_w t̪ ɑ n ɐ ]_w
[_w k ɾ ʊ p ɐ e ]_w
[_w ɡʱ ɐ k o l i j ɐ ]_w
[_w k ɐ t̪ j ɐ n d̪ ɐ ]_w
[_w p ɐ̃ k ɐ l ɐ ]_w
[_w k ɑ̃ ɡ ɾ e s i ]_w
[_w ɡ ɐ ɾ m ɪ j õ ]_w
[_w ɑ b ɑ d̪ i ]_w
[_w s ʊ ʋ ɪ d̪ʱ ɑ n ɐ ]_w
[_w ɪ s p ɑ t̪ ɐ ]_w
[_w tʃ o ɽ ɑ ]_w
[_w ɾ e l ɐ ]_w
[_w ʊ nː ɐ d̪ ɐ ]_w
[_w p ɐ t̪ ɐ l ɐ ]_w
[_w s ɐ t̪ ɐ ɾ ɐ ]_w
[_w kʰ ɐ d̪ m ɐ ]_w
[_w n ɪ bʱ ɑ n e ]_w
[_w h ɪ s ɑ p ɐ ]_w
[_w ɡ ɾ ɐ h ɐ ]_w
[_w tʃ ʊ n ɐ ]_w
[_w ʈ ɑ l ɐ n ɐ ]_w
[_w k ɐ l ɑ ]_w
[_w p ɾ ɐ ʋ ɑ ]_w
[_w ɐ m e ɾ ɪ k ɑ ]_w
[_w ʋ ɐ n ɐ ]_w
[_w kʰ ʊ ʈ ɐ n e ]_w
[_w ɑ j o dʒ ɐ n ɑ ]_w
[_w t̪ i n õ ]_w
[_w ɑ p ɐ ɡ o ]_w
[_w ũ tʃ ɑ ]_w
[_w dʒ ɑ n ɐ n t̪ ɐ ]_w
[_w u d̪ ɐ k ɐ ]_w
[_w ʋ ɪ s t̪ ɾ ɪ j õ ]_w
[_w ʃ ɑ h i ]_w
[_w ʋ ɪ k ɾ ɐ m ɐ ]_w
[_w h ɪ sː õ ]_w
[_w t̪ e kʰ ɪ e ]_w
[_w k ʊ n ɑ ]_w
[_w h o n i ]_w
[_w o m ɐ ]_w
[_w s ẽ ʈ ɐ ɾ ɐ ]_w
[_w ʊ s ɐ k e ]_w
[_w p ɐ ɾ l ɐ ]_w
[_w k ɾ e ʈ ɪ j o ]_w
[_w p ɐ ɖː i ]_w
[_w ɡ ɪ n ɐ t̪ i dʒ ɑ ]_w
[_w s ɐ l ɖ ɐ ]_w
[_w n ɪ ʋ ɑ ɾ ɐ ]_w
[_w ɾ ɐ dʒ ɐ n ɐ ]_w
[_w d̪ʱ ɐ n j ɐ ʋ ɑ t̪ ]_w
[_w p ɾ ɐ t̪ i ]_w
[_w n ɐ m i ]_w
[_w p ɪ l i ]_w
[_w ɡ ɐ s ɐ bʱ ɐ l ɐ ]_w
[_w tʃ ɐ l ɑ ]_w
[_w m ɐ h ɪ l ɑ õ ]_w
[_w p ɐ t̪ ɐ l e ]_w
[_w ɑ ʋ ɑ s ɐ ]_w
[_w ʊ ʈʰ ɑ n ɑ ]_w
[_w e k ʃ ɐ ]_w
[_w b ɐ h ɑ ɽ õ ]_w
[_w m e ɾ i ]_w
[_w s ɐ ɾ ʋ ɐ d̪ õ ]_w
[_w s ɐ t̪ ɐ h i ]_w
[_w b ɔ ɽ i ]_w
[_w tʃ ɪ n ɐ ]_w
[_w s ɐ h ɑ j ɐ d̪ ɐ ]_w
[_w p ɾ e z ɐ ]_w
[_w kʰ ʊ l e ]_w
[_w b ʊ k ɐ ]_w
[_w b ɐ d̪ ɪ ]_w
[_w s ɪ k ɐ ]_w
[_w n ɐ ʃ ʈ ɐ ]_w
[_w ʋ j ɑ b ɑ ɾ ɐ ]_w
[_w t̪ u pʰ ɑ n ɐ ]_w
[_w m ʊ t̪ː õ ]_w
[_w s ɐ̃ d̪ʱ ɪ ]_w
[_w ʊ n ɐ ɡ ɐ ɾ ɐ ]_w
[_w l ɐ k e k ɑ ]_w
[_w dʒ e t̪ ɑ ʋ ɐ ]_w
[_w m ɐ t̪ ɐ l ɐ t̪ ɑ ]_w
[_w s ɐ m ɑ t̪ʰ ɑ n ɐ ]_w
[_w s i kʰ ɑ ]_w
[_w ʃ ɪ ɡ ɑ ]_w
[_w t̪ i p ɐ k ɐ ɽ ɐ ]_w
[_w ɐ ɾ t̪ʰ ɐ ]_w
[_w m ɐ ɾ ɑ ʈʰ i ]_w
[_w k ɑ m ɐ j ɪ k ɐ ]_w
[_w dʒ ɐ l ɑ ]_w
[_w p o kʰ ɐ ɾ i ]_w
[_w bʱ ɑ ʋ i ]_w
[_w l ɐ̃ b ɑ ]_w
[_w ʃ ɪ ʋ ɪ ɾ ɐ ]_w
[_w ɾ ɐ kʰ i ]_w
[_w m i l ɐ ]_w
[_w m ɐ t̪ ɐ t̪ ɐ ]_w
[_w l ɑ n ɑ ]_w
[_w ʊ n ɐ b ɐ t̪ ɐ ]_w
[_w ɡʱ ʊ l ɐ ]_w
[_w dʒ i s ɐ ]_w
[_w dʒ ɐ ɾ ɑ t̪ ɑ ]_w
[_w s ɾ o t̪ ɐ ]_w
[_w tʃ ɐ ɽʱ ɐ ]_w
[_w tʃ ɐ ɾ ɪ j ɐ ]_w
[_w s ɐ t̪ ɑ ]_w
[_w n ɑ ɾ i ]_w
[_w p i dʒ ɐ ]_w
[_w s i m ɪ t̪ ɐ ]_w
[_w pʰ ɐ k ɐ d̪ ɐ ]_w
[_w k ɾ ɪ h ɐ ]_w
[_w s ɐ h ɑ j ɐ t̪ ɑ ]_w
[_w t̪ o s t̪ i ]_w
[_w p ɾ ɑ h m ɐ n õ ]_w
[_w s ɐ̃ t̪ ɑ n ɐ ]_w
[_w ɾ e kʰ ɑ õ ]_w
[_w d̪ ɾ ɪ d̪ ɐ ]_w
[_w tʃ ɑ̃ tʃ ɐ ]_w
[_w n ɐ ɾ e ʃ ɑ n i ]_w
[_w d̪ ʋ ɑ ɾ ɐ ]_w
[_w s ɐ̃ p ɐ nː ɐ ]_w
[_w j ɑ n ɐ ]_w
[_w m ɐ̃ k ɐ l ɐ ]_w
[_w ʋ ɪ ʈ ɑ m ɪ n ɐ ]_w
[_w t̪ e dʒ i ]_w
[_w ɐ n ʊ k u l ɐ ]_w
[_w ɪ t̪ ɐ n e ]_w
[_w p ɐ ɽʱ ɐ ]_w
[_w p ɾ ɐ ʃ n õ ]_w
[_w m ɐ l ɐ ]_w
[_w ʋ e k ɐ ]_w
[_w ɡ ɪ t̪ ɐ n ɑ ]_w
[_w l ɑ ɪ bʱ ɐ ]_w
[_w j ɐ h i ]_w
[_w k ɐ h ɐ ɡ ɐ ]_w
[_w b ɐ n ɑ j ɑ ]_w
[_w ʋ ɪ k ɪ ɾ ɐ ]_w
[_w m u l j õ ]_w
[_w ɑ j o tʃ ɪ t̪ ɐ ]_w
[_w m ɑ m u l i ]_w
[_w d̪ ɐ ɾ ʃ ɑ ]_w
[_w m ʊ k ɐ l ɐ ]_w
[_w ɐ̃ t̪ ɪ m ɐ ]_w
[_w ɾ ɐ kʰ ɐ k ɐ ɾ ɐ ]_w
[_w m ɪ j ɑ m i ]_w
[_w k ɑ m õ ]_w
[_w b i ʈ ɐ l ɐ ]_w
[_w p ɑ ɾ e ]_w
[_w b ɐ ʃ ʊ ]_w
[_w s u kʰ e ]_w
[_w ɑ ɪ e ]_w
[_w p ɛ l ɐ ]_w
[_w b ɐ ɽ ɑ ]_w
[_w s o n ɑ ]_w
[_w bʱ ɑ j ɐ t̪ ɑ ]_w
[_w kʰ ɑ s ɐ ]_w
[_w t̪ ɪ kʰ ɐ d̪ i ]_w
[_w s ɐ ʃ ɐ k t̪ ɪ ]_w
[_w ɪ s ɐ ɡ ɑ ]_w
[_w k e ɾ ɐ l ɐ ]_w
[_w ɾ ɐ kʰ ɑ ]_w
[_w l ɐ k ɑ i ]_w
[_w p ɾ ɐ t̪ ɪ ]_w
[_w k ɐ l ɐ d̪ e ]_w
[_w d̪ʱ j ɑ n ɐ ]_w
[_w ɪ n ɐ k e ]_w
[_w p ɐ t̪ʰː ɐ ɾ ɐ ]_w
[_w b ɐ n ɐ ]_w
[_w ʋ ɐ s ɐ̃ d̪ ɐ ]_w
[_w s ɐ̃ s k ɑ ɾ ɐ ]_w
[_w ʊ lː e kʰ ɐ ]_w
[_w ʃ ɑ kʰ ɑ õ ]_w
[_w dʒ ɑ h e ]_w
[_w k ɾ ɐ̃ d̪ʱ ɐ ]_w
[_w j ɑ ɾ ɐ h ɐ n ɐ ]_w
[_w ɐ bʱ ɪ n ɐ ʋ ɐ ]_w
[_w b ɐ t̪ ɐ l ɐ d̪ ɑ ]_w
[_w m ɑ t̪ ɑ ]_w
[_w ɾ ɐ t̪ n ɐ ]_w
[_w ɾ o s ɐ ]_w
[_w ʊ s ɐ ɡ o ]_w
[_w ɐ b d̪ ʊ l ɐ s i ]_w
[_w h ɪ̃ d̪ u ]_w
[_w ɑ s ɐ ]_w
[_w pʰ i ɽ ɐ ]_w
[_w p ɾ ɑ ɾ ɐ̃ bʱ ɐ ]_w
[_w m e dʒ ɐ ɾ ɐ ]_w
[_w p ɐ h ʊ̃ tʃ e ]_w
[_w t̪ ɑ dʒ ɑ ]_w
[_w m o h ɐ ]_w
[_w p ɾ o ɡ ɾ ɑ m ɐ ]_w
[_w tʃ ɐ ɾ u ɾ i ]_w
[_w l ɔ ʈ e ]_w
[_w s ɐ̃ ɡ ɐ ]_w
[_w ɡʱ ʊ l ɑ ]_w
[_w ʋ ɐ̃ ʃ ɐ ]_w
[_w pʰ ɐ ɾ i ]_w
[_w s ʊ d̪ʱ ɑ ɾ ɐ n ɐ ]_w
[_w dʒ n ɑ n ɐ ]_w
[_w n ɪ t̪ ɑ n ɐ ]_w
[_w ɑ kʰ ɑ d̪ ɐ k ɐ ]_w
[_w ɾ ɐ m e ʃ ɑ ]_w
[_w p ɐ ɾ ɪ n ɑ ]_w
[_w ɐ bʱ ɾ i k i ]_w
[_w b ɐ ɽʱ i ]_w
[_w m ʊ dʒʱ ɐ k o ]_w
[_w ʋ ɑ n i ]_w
[_w j ʊ ʋ ɑ ]_w
[_w ʋ ɛ s e ]_w
[_w b ɐ ʃ ʊ õ ]_w
[_w ʃ o ɾ ɐ ]_w
[_w dʒ ɪ t̪ ɾ õ ]_w
[_w p ɐ ɽʱ i ]_w
[_w ɐ̃ d̪ ɐ ɾ ɐ ]_w
[_w ɐ̃ k ɾ e dʒ ɐ ]_w
[_w l ɐ k ɑ n e ]_w
[_w d̪ ʊ ɑ ]_w
[_w dʒ ɑ j ɐ ]_w
[_w p e ʃ e ʋ ɐ ɾ ɐ ]_w
[_w p ɑ n ɖ e j ɐ ]_w
[_w p ʊ l ɪ s ɐ ]_w
[_w m ɐ mː i ]_w
[_w pʰ ɑ b ɐ ]_w
[_w ʃ i ɾ ʃ ɐ ]_w
[_w k ɾ ɐ m ɐ ]_w
[_w s ɐ m p ɐ nː ɐ ]_w
[_w d̪ ɪ ʋ j ɐ ]_w
[_w bʱ ɐ ɾ ɐ ]_w
[_w tʃ ɐ h ɐ ]_w
[_w b o p ɐ ]_w
[_w s ɛ n ɪ ɡ ɐ ]_w
[_w l ɪ kʰ ɪ t̪ ɐ ]_w
[_w dʒ ɑ o ]_w
[_w k ɛ l ɑ ʃ ɐ ]_w
[_w b ɐ d̪ ɾ ɐ ]_w
[_w b ɐ tʃ ɑ ]_w
[_w kʰ ɑ t̪ e ]_w
[_w s ɐ m ɑ p t̪ ɐ ]_w
[_w dʒ j o d̪ ɪ ]_w
[_w d̪ʱ o ɽ ɑ ]_w
[_w s ɐ̃ ɡ ɐ l ɐ t̪ ɑ ]_w
[_w t̪ j ɔ h ɑ ɾ ɐ ]_w
[_w tʃ ɐ̃ ɡ ɐ l ɐ t̪ i ]_w
[_w pʰ ɾ ɑ̃ s i s i ]_w
[_w b ʊ ɾ ɑ n e ]_w
[_w dʒ i dʒ ẽ ]_w
[_w p ɾ ɑ n ɪ j ɑ̃ ]_w
[_w ʊ s ɐ ɡ ɑ ]_w
[_w d̪ ɐ ɾ tʃ ɑ ]_w
[_w p ɑ n ɑ ]_w
[_w tʃʰ ʊ ʈː i ]_w
[_w pʰ ɐ s ɐ l ɐ ]_w
[_w s ʋ i k ɑ ɾ j õ ]_w
[_w h ɐ l ɐ ]_w
[_w d̪ ɐ ɾ ɐ n ɑ ]_w
[_w n ɪ ɡ ɐ ɾ e k ɑ ]_w
[_w s e ʋ ɐ n ɐ ]_w
[_w dʒ ɑ n ɑ ]_w
[_w s ʊ i ]_w
[_w ɪ n ɐ k ɑ ]_w
[_w d̪ʱ ɐ ɾ o h ɐ ]_w
[_w ʋ ɪ ʃ ɾ ɑ m ɐ ]_w
[_w s ɑ ɾ t̪ʰ ɐ k ɐ ]_w
[_w d̪ʱ ɑ ɾ ɐ n ɐ ]_w
[_w p ɐ h ʊ̃ tʃ ɑ n e ]_w
[_w bʱ ɾ ɑ̃ s ɐ ]_w
[_w d̪ ɐ m ɪ l ɐ ]_w
[_w dʒ ɐ ɾ ʊ ɾ ɐ t̪ ɐ ]_w
[_w ʋ ɪ k ɾ e d̪ ɑ ]_w
[_w h o n e ]_w
[_w l ɐ̃ b i ]_w
[_w b ɐ t̪ː õ ]_w
[_w h ɑ s j ɐ ]_w
[_w dʒ ɐ n ɐ ]_w
[_w p ɐ n e ]_w
[_w p ɐ d̪ʱ ɐ ]_w
[_w b ɑ ɾ ɐ ]_w
[_w dʒ o kʰ ɪ m ɐ ]_w
[_w p ɑ ʋ ɐ n ɑ õ ]_w
[_w m ɔ ɡ ɑ ]_w
[_w s ʈ o n ɐ ]_w
[_w ɐ m ɐ ɾ ɐ ]_w
[_w ɾ ɐ kʰ ɐ n ɑ ]_w
[_w b ɐ ɾ e ʈ ɐ ]_w
[_w s i d̪ʱ e ]_w
[_w p ɛ s ɑ ]_w
[_w tʃ ɑ̃ d̪ ɐ ]_w
[_w p ɾ ɐ dʒ ɑ ]_w
[_w dʒ ɪ h n ɐ ]_w
[_w s ɐ b ɐ ɾ ɑ p ɐ ]_w
[_w p ɐ ɾ ɪ n ɑ m ɐ ]_w
[_w s ɐ̃ p o d̪ʱ ɪ t̪ ɐ ]_w
[_w k l ɑ s ɐ ]_w
[_w n ɪ k ɐ l ɐ ]_w
[_w k o ʃ ɐ ]_w
[_w tʃ ɑ e k ɑ ]_w
[_w p ɐ h ɑ ɾ ɐ ]_w
[_w ʊ t̪ k ɾ ɪ ʃ ɪ ]_w
[_w k ʊ ɾ s i ]_w
[_w ɾ ɐ h ɐ s ɐ ]_w
[_w m ɑ n ɐ t̪ e ]_w
[_w ʈ ɐ n ɐ ]_w
[_w p ɐ tʃː ɑ ]_w
[_w ɐ ʃ o ɡ ɐ ]_w
[_w ɡ u ɡ ɐ l ɐ ]_w
[_w tʃ i ʋ õ ]_w
[_w ʊ d̪ ɐ j ɐ ]_w
[_w b ɐ d̪ʱ ɐ ]_w
[_w ʊ n m u l ɐ n ɐ ]_w
[_w p ɾ ɪ ʈ e n ɐ ]_w
[_w ɡ ɪ s ɑ n ɐ ]_w
[_w ɪ̃ k l ɪ ʃ ɐ ]_w
[_w ʋ ɪ ʋ ɑ h ɐ ]_w
[_w l ɐ ɡ ɑ n ɑ ]_w
[_w s ʊ bʱ ɑ ʃ ɐ n ɐ ]_w
[_w k o l ɑ k ɑ ɾ ɐ ]_w
[_w ɪ n ɐ k o ]_w
[_w m ɪ l ɐ n e ]_w
[_w b ɐ n ɑ ]_w
[_w s ɔ̃ p ɑ ]_w
[_w s ɐ m ʊ dʒ ɪ t̪ ɐ ]_w
[_w l ɐ k ɑ n ɑ ]_w
[_w b ɐ tʃː e ]_w
[_w s ɐ m ɑ ʋ e ʃ ɐ ]_w
[_w n ɐ dʒ ɐ ɾ ɐ n õ ]_w
[_w ɖʱ ɐ̃ ɖ i ]_w
[_w m u ɾ d̪ ɪ ]_w
[_w ʊ n m u l ɐ ]_w
[_w ɐ tʃʰː e ]_w
[_w n o ʈ ɐ ]_w
[_w t̪ o s t̪ ɐ ]_w
[_w l ɑ ɪ ʋ ɐ ɾ ɐ ]_w
[_w m ɪ l e ]_w
[_w ɡ ɐ h ɐ t̪ ʋ ɐ ]_w
[_w tʃ ɑ j ẽ ]_w
[_w k ɐ ɽ i ]_w
[_w tʃ ɛ k ɐ ]_w
[_w e ʃ ɪ j ɑ i ]_w
[_w ɡ ɑ ɾ ɐ ]_w
[_w bʱ ɐ ɾ m ɐ ]_w
[_w ɑ̃ ʃ ɪ k ɐ ]_w
[_w ɾ ɐ tʃ ɐ n ɑ ẽ ]_w
[_w ʋ ɪ ʋ e dʒ ɐ n e ]_w
[_w ɾ ɐ h ɐ n e ]_w
[_w n ɔ k ɐ ɾ i ]_w
[_w p ɐ̃ t̪ ɐ ]_w
[_w b ɐ d̪ ɐ l ɐ ]_w
[_w p ɐ n ɑ n ɑ ]_w
[_w b ɐ k ɐ l e ]_w
[_w d̪ ɪ ʃ ɑ õ ]_w
[_w p ɾ ɐ bʱ ɑ ʋ i ]_w
[_w ɾ ɐ kʰ ɐ t̪ i ]_w
[_w s ɐ m ɐ k o ]_w
[_w d̪ʱ ɐ ɾ o h ɐ ɾ ɐ ]_w
[_w k l ɪ k ɐ ]_w
[_w p i l ɑ ]_w
[_w dʒ ʊ ɡ ɑ ]_w
[_w ɾ ɐ h ɪ t̪ ɐ ]_w
[_w s ɐ m bʱ ɐ ]_w
[_w d̪ ʊ m h e ]_w
[_w p ɑ d̪ i ]_w
[_w d̪ ʊ l ɐ s i ]_w
[_w n ɪ k ɐ ʈ ɐ ]_w
[_w p ɑ ʈʰ ɐ k ɐ ]_w
[_w ɡ ɪ t̪ ɑ b ẽ ]_w
[_w tʃʰ ɐ ʈʰ i ]_w
[_w ʃ e ɾ ɐ ]_w
[_w i ʃ ʋ ɐ ɾ ɐ ]_w
[_w s ɐ t̪ ɐ ]_w
[_w tʃʰ ɐ d̪ ɐ ]_w
[_w ɪ̃ t̪ ɐ tʃ ɑ ɾ ɐ ]_w
[_w h o k ɑ ]_w
[_w ʈ u ɾ ɐ ]_w
[_w j ɐ k ɾ ɪ t̪ ɪ ]_w
[_w s ɐ m p u ɾ n ɐ ]_w
[_w ɐ d̪ʱ ɪ k ɐ ]_w
[_w e ɡ ɐ ]_w
[_w ɑ j o k ɐ ]_w
[_w b ɐ tʃ ɐ p ɐ ]_w
[_w d̪ ɐ l ɪ d̪ ɐ ]_w
[_w d̪ ɪ ʋ ɐ s ɐ ɾ õ ]_w
[_w kʰ ɐ ɾ i d̪ ɑ ]_w
[_w dʒ ʊ k i ]_w
[_w ʋ ɪ bʱ ɐ l ɐ ]_w
[_w kʰ o ɽ e ]_w
[_w ʋ ɪ n j ɑ s õ ]_w
[_w bʱ i s ɐ d̪ i j ɐ ]_w
[_w s ɐ̃ p ɑ d̪ ɪ t̪ ɐ ]_w
[_w s ɐ p u t̪ ɐ ]_w
[_w kʰ ɐ ɾ i t̪ ɐ ]_w
[_w k ɐ ɾ i b ɐ ]_w
[_w h ʊ ɑ ]_w
[_w b ɑ j e ]_w
[_w n ɑ k ɐ ]_w
[_w ɐ k ɐ ɾ ɐ ]_w
[_w h ɑ d̪ʱ i ]_w
[_w ɪ n h ẽ ]_w
[_w h ɐ f t̪ e ]_w
[_w b ɐ h ʊ̃ tʃ ɐ n e ]_w
[_w m ʊ kʰ ɐ ]_w
[_w p e ʃ ɐ ]_w
[_w m ɐ h ɐ t̪ː ʋ ɐ ]_w
[_w ɐ l ɐ̃ ɡ ɾ ɪ t̪ ɐ ]_w
[_w ɑ ʃ tʃ ɐ ɾ j ɐ ]_w
[_w ɑ d̪ ɪ ]_w
[_w p ʊ d̪ ɾ i ]_w
[_w pʰ u l ɐ ]_w
[_w ɖ ɑ ɪ m s ɐ ]_w
[_w n ɔ s e n ɑ ]_w
[_w tʃ ɑ d̪ ɪ ]_w
[_w s ʊ l ɐ pʰ ɐ ]_w
[_w b u l ɐ ]_w
[_w ʊ n h õ n e ]_w
[_w s ɐ tʃ ɪ n ɐ s e ]_w
[_w m ɐ ʃ i n õ ]_w
[_w m ɑ n i ]_w
[_w b ɐ ɾ ʋ ɐ t̪ õ ]_w
[_w h õ ɡ e ]_w
[_w ɖ ɑ l ɐ ]_w
[_w n ɪ ɡ ɐ ]_w
[_w ɑ ɾ ɐ m bʱ ɐ ]_w
[_w t̪ ɐ l õ ]_w
[_w t̪ i ɾ t̪ʰ ɐ ]_w
[_w ʋ ɪ d̪ j ʊ t̪ ɐ ]_w
[_w p ɐ n ɐ k ɐ ɾ ɐ ]_w
[_w p ɐ h ʊ t̪ ɐ ]_w
[_w m ɑ n j ɐ ]_w
[_w ɐ l ɐ ]_w
[_w p ũ tʃ i ]_w
[_w d̪ o s t̪ õ ]_w
[_w s ɐ̃ k ɐ d̪ ɐ ]_w
[_w k e m s ɐ ]_w
[_w ʊ tʃː ɑ ɾ ɐ n ɐ ]_w
[_w k ɛ ɾ ɪ j ɐ ɾ ɐ ]_w
[_w ʋ i ɖ ɪ j ɑ ]_w
[_w tʃ ɐ ɾ dʒ ɪ t̪ ɐ ]_w
[_w ũ tʃ i ]_w
[_w s ɐ ɾ ʋ ɐ ]_w
[_w bʱ ɑ ʋ ɐ n ɐ ]_w
[_w p ɐ ɾ ɪ m ɑ n ɐ ]_w
[_w dʒ ɐ m ɑ n ɐ ]_w
[_w p ɐ̃ d̪ i ]_w
[_w ʃ u n j ɐ ]_w
[_w k ɑ ʃ ɐ ]_w
[_w ʋ ɐ ɾ ʃ ɑ ]_w
[_w ʋ ɪ ʋ ɪ t̪ʰ ɪ ]_w
[_w s ɪ pʰ ɑ ɾ ɪ ʃ ɐ ]_w
[_w ɾ ɐ kʰ ɐ n e ]_w
[_w tʃ ʊ k ɑ ]_w
[_w s ɐ̃ b ɐ̃ d̪ʱ i ]_w
[_w k ɐ n ɑ ʈ ɑ ]_w
[_w d̪ i ɾ ɐ ]_w
[_w k ɐ l ɐ ]_w
[_w ʋ ɪ ʋ ɪ d̪ʱ ɐ ]_w
[_w ʋ j ɑ p ɐ ]_w
[_w h ɑ ɾ ɐ ]_w
[_w ɾ ɑ k ɐ ]_w
[_w ɑ k s i dʒ ɐ n ɐ ]_w
[_w l e t̪ i ]_w
[_w m ɪ l ɪ j ɐ n ɐ ]_w
[_w b ɐ d̪ ɐ l i ]_w
[_w dʒ i ʋ ɐ̃ t̪ ɐ ]_w
[_w s ɐ t̪ ɐ t̪ ɑ n ɐ ]_w
[_w s ɛ k ɐ ɽ õ ]_w
[_w ɐ n e k ɐ ]_w
[_w bʱ ɐ i ]_w
[_w b ɐ h ɑ ɽ ɐ ]_w
[_w k ɾ ɪ j ɐ ɾ ɐ ]_w
[_w ʋ ɪ ʋ e ɡ ɐ ]_w
[_w k ɐ h ɑ̃ ]_w
[_w n ɪ ʋ e t̪ ɐ ]_w
[_w s ɪ t̪ ɐ̃ b ɐ ɾ ɐ ]_w
[_w ʋ ɪ pʰ ɑ k ɐ ]_w
[_w p ɐ ɾ ɑ d̪ʱ ɐ ]_w
[_w ɐ d̪ j ɐ n t̪ ɐ ]_w
[_w s ɐ̃ ɡʱ i j ɐ ]_w
[_w s ɐ̃ kʰ j ɐ ]_w
[_w k ɐ ʈʰ ɪ d̪ ɐ ]_w
[_w kʰ ɐ̃ ɖ e ]_w
[_w ɑ m ɐ̃ t̪ ɾ ɪ k ɑ ]_w
[_w ɡ i ʈ ɐ ]_w
[_w ɑ s ɐ n ɐ ]_w
[_w s ɐ f e t̪ ɐ ]_w
[_w m ɐ d̪ ɐ t̪ ɐ ]_w
[_w p ɐ l õ ]_w
[_w s ʊ n ɐ ]_w
[_w k ɐ p t̪ ɑ h ɐ ]_w
[_w s ʊ̃ d̪ ɐ ɾ ɐ ]_w
[_w b ɐ̃ t̪ i ]_w
[_w ʈ ɑ l e ]_w
[_w p e k ɑ ɾ ɐ ]_w
[_w s ʊ kʰ ɐ ]_w
[_w ɑ̃ kʰ ẽ ]_w
[_w k ɑ ɾ õ ]_w
[_w p ɐ k ʃ ɪ n ɐ ]_w
[_w s t̪ʰ ɑ n õ ]_w
[_w b ɑ d̪ ɑ ]_w
[_w k j õ ]_w
[_w u t̪ ɐ k ɐ n e ]_w
[_w t̪ ɪ e ]_w
[_w ʊ n h o n ẽ ]_w
[_w k ɾ ʊ p ɐ ]_w
[_w ʋ ɑ t̪ ɑ ]_w
[_w l e p ɐ l ɐ b ɐ ]_w
[_w k i ʈ õ ]_w
[_w b ɑ ɾ e ]_w
[_w l e ɖ ɐ ]_w
[_w ɪ n ɐ k i ]_w
[_w ʋ j ɐ̃ ɡ ɐ ]_w
[_w ɾ ɑ ʋ ɐ n ɐ ]_w
[_w dʒ ɐ ɾ u ɾ i ]_w
[_w n ɪ k ɐ l ɐ n e ]_w
[_w s ɐ t̪ i ]_w
[_w ʋ ɐ s ɑ ]_w
[_w ɪ̃ dʒ e k ʃ ɐ n ɐ ]_w
[_w h ɐ dʒ ɑ ɾ ɐ ]_w
[_w b i s ɐ ]_w
[_w ʊ n h ẽ ]_w
[_w k ɑ ɾ p ɐ n ɐ ]_w
[_w m ʊ l ɑ ɡ ɑ ɾ ɐ ]_w
[_w dʒ ɪ n ɐ k i ]_w
[_w k ɾ ɪ t̪ ɐ ]_w
[_w ɡ ɐ ɾ m i ]_w
[_w k ɑ ɽ i ]_w
[_w ɪ s ɐ ]_w
[_w ʈ ɛ k ɐ ]_w
[_w s u ɖ ɐ ]_w
[_w b ɔ d̪ʱː ɪ k ɐ ]_w
[_w p ɐ t̪ ɑ d̪ i ]_w
[_w k ɑ j ɐ d̪ ɐ n ɐ ]_w
[_w kʰ j ɑ d̪ ɐ ]_w
[_w m ɑ j ɑ ]_w
[_w h õ k e ]_w
[_w b ɑ s ɐ ]_w
[_w d̪ i s ɐ ]_w
[_w ɐ s t̪ʰ ɑ õ ]_w
[_w p ɐ s ɐ ]_w
[_w tʃʰ ɑ t̪ ɾ õ ]_w
[_w k ʊ tʃ ɐ ɾ ɑ d̪ i ]_w
[_w b ɐ s ɑ ]_w
[_w ɐ b d̪ ʊ l ɐ ]_w
[_w b ɐ d̪ ɑ d̪ e ]_w
[_w b u ɾ ʋ ɐ dʒ ɐ ]_w
[_w ʋ ɑ h ɐ ]_w
[_w ʋ ɐ n õ ]_w
[_w s ɪ d̪ʱː ɑ n d̪ ɐ ]_w
[_w m ɐ h ɐ̃ k ɑ ]_w
[_w d̪ ɪ n õ ]_w
[_w m ʊ k t̪ ɪ ]_w
[_w k ɪ e ]_w
[_w h ɑ s ɪ l ɐ ]_w
[_w ʃ ɐ k t̪ ɐ ʋ j ɐ ]_w
[_w ʋ ɪ ʃ ʋ ɑ s ɐ ]_w
[_w p ɐ ʈ e l ɐ ]_w
[_w bʱ o tʃ ɐ n ɑ ẽ ]_w
[_w t̪ o ʃ ɐ ]_w
[_w s ɑ m u h ɪ k ɐ ]_w
[_w b ɾ ɐ ʋ ɪ ʃ j ɐ ]_w
[_w s ɛ n j ɐ ]_w
[_w d̪ ɑ s ɐ ]_w
[_w b ɪ l ɐ ]_w
[_w d̪ ɪ m ɑ ɡ ɐ ]_w
[_w ʋ ɑ h ɐ n ɑ ]_w
[_w n ɪ j ɐ m ɐ ]_w
[_w ɡʱ ʊ t̪ ɐ ]_w
[_w h ɪ sː ɑ ]_w
[_w t̪ʰ ɑ m ɐ ]_w
[_w b ɾ ɐ tʃ ɐ n ɑ õ ]_w
[_w bʱ e t̪ ɐ ]_w
[_w b e h ɐ t̪ ɐ ]_w
[_w t̪ ɑ ɾ i ]_w
[_w k ɑ ʈ ɐ n e ]_w
[_w ʋ ɐ ɾ ʃ i j ɐ ]_w
[_w n ɪ dʒ ɐ l i ]_w
[_w dʒ ɐ n t̪ ɾ ɐ ]_w
[_w b u dʒ ɐ n ɐ t̪ ɑ ]_w
[_w h ʊ j e ]_w
[_w ɪ z ɐ m e ]_w
[_w h ɑ n ɪ j õ ]_w
[_w pʰ e t̪ ɐ ]_w
[_w ʃ ɑ s ɐ k õ ]_w
[_w t̪ o b ɑ ɾ ɑ ]_w
[_w tʃ ɐ ɾ n ɐ l ɐ ]_w
[_w ɾ e d̪ ɐ ]_w
[_w ɑ k ɑ ɾ õ ]_w
[_w s ɐ̃ bʱ ɑ ʋ ɐ ]_w
[_w k ɾ ɐ h ɐ ]_w
[_w dʒ ɐ k ɐ d̪ e ]_w
[_w ɾ ʊ p ɐ ]_w
[_w k ʊ l ɐ ]_w
[_w l e kʰ ɐ n ɑ ]_w
[_w s m ɐ ɾ ɐ ]_w
[_w s ʋ i k ɾ ɪ t̪ ɐ ]_w
[_w ɾ ɑ dʒ ɐ ʋ ɐ̃ ʃ ɐ ]_w
[_w ʊ n ɐ ]_w
[_w h ɑ l ɐ d̪ ɐ ]_w
[_w n ɐ t̪ ɪ j õ ]_w
[_w s ɐ ɾ ʋ ɐ d̪ i ]_w
[_w kʰ ɐ n ɐ n e ]_w
[_w tʃ ɐ l ɐ k ɐ ɾ ɐ ]_w
[_w ʊ s ɐ m e ]_w
[_w h ɐ ɾ e ]_w
[_w s ɐ ɾ d̪ i ]_w
[_w ɑ p ɐ ]_w
[_w s ɐ̃ dʒ ɑ l ɪ t̪ ɐ ]_w
[_w h ɐ m ɐ ]_w
[_w k ɐ t̪ ɪ ]_w
[_w ʊ t̪ j ɐ m ɐ ]_w
[_w ɑ ɡ ɾ ɑ m ɐ ]_w
[_w dʒ ɑ̃ t̪ ɐ ]_w
[_w ʊ ʈʰ ɑ ]_w
[_w p ɾ ɐ pʰ ɑ ʋ õ ]_w
[_w p ɾ ɑ p t̪ ɪ ]_w
[_w k ɾ ɪ k e ɖ ɐ ]_w
[_w bʱ ɑ ɪ p ɐ ɾ ɐ ]_w
[_w ɡ ɑ l ɑ ]_w
[_w p ɐ t̪ ɐ l ɐ n ɑ ]_w
[_w b ʊ s t̪ ɐ k ẽ ]_w
[_w d̪ʱ o kʰ ɑ ]_w
[_w ʋ j ɐ k t̪ ɐ ]_w
[_w s ɐ ɡ ẽ ]_w
[_w s ɐ bʱ ɑ ]_w
[_w j ʊ ʋ ɐ ɡ ɐ d̪ ɐ ]_w
[_w ʃ ɐ ɾ m ɑ ]_w
[_w k ʊ p t̪ ɐ ]_w
[_w m ɐ̃ t̪ i ]_w
[_w tʃ o s ɐ ]_w
[_w ɑ pʰ ɑ ɾ i ]_w
[_w k ɐ ɾ ɪ k õ ]_w
[_w ɐ ɾ ʊ n ɐ ]_w
[_w l ɪ j ɑ ]_w
[_w m ɐ t̪ʰ ʊ ɾ ɑ ]_w
[_w b ʊ ɾ ɑ n ɐ ]_w
[_w ʃ ɐ h ɐ ɾ i ]_w
[_w m ɑ h ɐ ]_w
[_w k ɐ l ɑ k ɑ ɾ õ ]_w
[_w p ɛ ʈʰ e ]_w
[_w s ɐ m ɾ ɪ d̪ʱː ɪ ]_w
[_w s t̪ ɐ̃ bʱ ɐ ]_w
[_w s ɐ kʰ t̪ ɐ ]_w
[_w m o p ɑ ɪ l ɐ ]_w
[_w p ɐ ɾ ɑ dʒ ɪ t̪ ɐ ]_w
[_w b ɐ h ʊ̃ tʃ ɑ n e ]_w
[_w tʃ i n ɐ ]_w
[_w k ɾ ɐ s t̪ ɐ ]_w
[_w s ɐ m b ɐ n t̪ʰ ɐ ]_w
[_w d̪ u z ɐ ɾ e ]_w
[_w ɪ̃ ɡ l ɪ ʃ ɐ ]_w
[_w ɪ k ɐ ʈʰː ɑ ]_w
[_w k ɐ ʈ ɔ t̪ i ]_w
[_w m ɑ d̪ ɑ õ ]_w
[_w ɾ ɐ h ɐ d̪ e ]_w
[_w t̪ ɪ l ɐ ]_w
[_w tʃ ɐ l t̪ i ]_w
[_w ɡ ɐ ɾ ʋ ɐ ]_w
[_w s ɐ n ɐ ]_w
[_w k o j ɐ l ɑ ]_w
[_w s ʊ n i ]_w
[_w k ɑ m ɐ ]_w
[_w b o ɾ ʈ ɐ ]_w
[_w pʰ ɑ ɪ j õ ]_w
[_w t̪ ɔ ɾ ɐ ]_w
[_w ɡʱ ʊ l ɑ s ɑ ]_w
[_w n ɪ k ɑ s i ]_w
[_w b ɛ s ɑ ]_w
[_w m ɐ ʃ i n ɐ ]_w
[_w t̪ ɐ m ɪ l ɐ ]_w
[_w d̪ ɪ n e ʃ ɐ ]_w
[_w t̪ e n ɑ ]_w
[_w h o t̪ e ]_w
[_w s ɐ d̪ ɐ z j ɐ ]_w
[_w n j u s ɐ ]_w
[_w s ɛ n ɪ k ɐ ]_w
[_w m ɪ l e k i ]_w
[_w ɾ ʊ k ɐ ]_w
[_w b ɾ ɪ ʃ ʈʰ ɐ ]_w
[_w s ɑ h ɐ s ɐ ]_w
[_w n ɑ m ɑ̃ k ɐ ]_w
[_w ʊ s ɐ m ẽ ]_w
[_w ʃ ɪ ʋ ɐ ]_w
[_w ɖ ɑ ɪ p ɐ ]_w
[_w s ɐ m ɑ n ɐ ]_w
[_w p u ɾ d̪ ɪ ]_w
[_w pʰ u ɡ ɐ̃ b ɐ ]_w
[_w ɾ ɑ dʒ ɐ t̪ʰ ɑ n ɐ ]_w
[_w d̪ ɐ ɾ ʃ ɑ d̪ ɑ ]_w
[_w m o ɖ ɐ ɾ ɐ ]_w
[_w ɑ dʒ n ɑ ]_w
[_w h ɑ l ɐ t̪ ɑ ]_w
[_w k ɐ ʃ ʈ ɐ ]_w
[_w ɐ n ʊ ɾ u p ɐ ]_w
[_w t̪ ɑ l ɐ ]_w
[_w d̪ ʊ l ɐ ]_w
[_w p ɑ h ɐ ɾ ɐ ]_w
[_w ɑ ʋ ɐ ɾ ɐ n ɐ ]_w
[_w k ɐ i ]_w
[_w ʊ d̪ʱ ɑ ɾ ɐ ]_w
[_w ɐ n e ɡ õ ]_w
[_w s ɪ̃ t̪ ɐ ɡ i ]_w
[_w ɑ ɾ j õ ]_w
[_w b ɑ p ɑ ]_w
[_w ʃ ɾ e ʃ ʈʰ ɐ ]_w
[_w ʈ ɑ ʈ ɑ ]_w
[_w b ɐ d̪ ɐ n ɐ ]_w
[_w p ɾ ɐ s t̪ ʊ t̪ ɐ ]_w
[_w k ɐ ɾ ɑ ʋ ɐ ɖ ɐ ]_w
[_w n ɪ k ɐ ɾ ɑ ɾ ɐ ]_w
[_w b ɐ h ɐ n e ]_w
[_w ɖʱ ɐ̃ ɡ ɐ ]_w
[_w p ɑ ɾ ʃ ʋ ɐ ]_w
[_w m ɐ h ɐ ɾ ɑ ]_w
[_w ɐ kʰ ɪ l ɐ ]_w
[_w n ɪ k ɑ l ɐ ]_w
[_w ʊ s ɐ n e ]_w
[_w ʊ p ɐ j e ]_w
[_w tʃ ɑ j ɐ ]_w
[_w k ɐ m ɐ ]_w
[_w s ɐ̃ s k ɑ ɾ õ ]_w
[_w ɑ̃ k ɐ ɽ õ ]_w
[_w k ɐ̃ b ɐ n ɪ j õ ]_w
[_w s ɑ ɾ t̪ʰ ɐ ]_w
[_w n ɐ s ɐ ]_w
[_w dʒ ɑ l ɐ ɡ ɐ ]_w
[_w m ɐ t̪ ɐ ]_w
[_w tʃ ɐ l ɐ n e ]_w
[_w ɑ ʋ ɑ dʒ ɐ ]_w
[_w s t̪ʰ ɪ d̪ ɐ ]_w
[_w p ɐ ɾ ɑ t̪ʰ i ]_w
[_w h ɐ ɾ ɪ j e ]_w
[_w p ʊ ɾ ɑ i ]_w
[_w ʃ ɾː ɪ̃ kʰ ɐ l ɑ ]_w
[_w ʊ ʈʰ ɐ t̪ ɑ ]_w
[_w k ɾ o d̪ʱ ɐ ]_w
[_w ɐ k ɾ ɐ ʋ ɑ n ]_w
[_w l ɐ̃ b e ]_w
[_w p ɾ ɐ k ɑ ɾ ɐ ]_w
[_w s ʊ dʒʱ ɑ ʋ ɐ ]_w
[_w kʰ u n ɐ ]_w
[_w ɪ s i l ɪ j e ]_w
[_w k ʊ dʒ ɐ ɾ ɑ d̪ i ]_w
[_w n ɑ ʋ ɐ ʈ ɐ ]_w
[_w k ɾ ɐ n d̪ʱ ɐ ]_w
[_w k ɪ n t̪ ʊ ]_w
[_w ʋ ɐ h ĩ ]_w
[_w s ɑ ɾ ɑ ]_w
[_w ʋ ɪ t̪ ʋ ɑ n ɐ ]_w
[_w dʒ ɐ ɾ ɑ ]_w
[_w b ɔ d̪ʱː ɐ ]_w
[_w tʃ ɐ ɾ ɪ e ]_w
[_w j ɐ̃ k ɐ ]_w
[_w bʱ e dʒ e ]_w
[_w ɐ h ɐ m ɐ n ɐ ]_w
[_w tʃ ɪ s e ]_w
[_w k ɐ n ɪ t̪ ɐ ]_w
[_w s ɐ m ʊ tʃ ɐ ]_w
[_w k ɾ ɪ p ɐ d̪ʱ ɐ ]_w
[_w ɐ d̪ʱ j ɑ j ɐ ]_w
[_w ʋ ɐ s ɐ̃ t̪ ɐ ]_w
[_w s ɐ ʋ ɑ l õ ]_w
[_w ɡʱ ʊ ʃ i ]_w
[_w ɡ ɐ l ɐ ]_w
[_w k ɐ j ĩ ]_w
[_w ɑ t̪ e ]_w
[_w ɡ ɾ ɐ m ɐ ]_w
[_w s ɐ ɾ k ɪ ʈ ɐ ]_w
[_w b ɾ ɐ k ɑ ɾ ɐ ]_w
[_w ɡ ɐ ɾ e ]_w
[_w d̪ʱ ɐ n j ɐ t̪ʰ ɑ ]_w
[_w b ɐ s t̪ i ]_w
[_w l ɪ kʰ ɐ k ɐ ɾ ɐ ]_w
[_w ɑ d̪ʱ ɑ ɾ ɪ t̪ ɐ ]_w
[_w ʃ ɐ ɾ ɐ t̪ ɐ ]_w
[_w m ɑ h ɔ l ɐ ]_w
[_w ɑ j e ]_w
[_w n ɑ ʈ ɐ k õ ]_w
[_w ʋ ɪ ʃ ɑ l ɐ ]_w
[_w ɐ bʱ ɪ n e t̪ ɑ ]_w
[_w p e ɽ õ ]_w
[_w h ɐ l d̪ ʋ ɑ n ]_w
[_w dʒ ɪ n h õ n e ]_w
[_w s t̪ʰ ɑ n ɐ ]_w
[_w k ʃ ɐ t̪ ɑ ]_w
[_w e l ɐ n ɐ ]_w
[_w s ʊ pʰ ɑ ʃ ɐ ]_w
[_w ɡ ɑ j ɐ ]_w
[_w p ɑ̃ d̪ʱ ɐ ]_w
[_w s i n ɪ j ɐ n ɐ ]_w
[_w h õ ɡ i ]_w
[_w bʱ ɑ ɾ ɐ t̪ ɐ ]_w
[_w n o ɖ ɐ ]_w
[_w ɡʱ ɐ k o l i ]_w
[_w ʊ tʃː ɐ ]_w
[_w ɪ n ɐ ]_w
[_w s ʋ ɑ m i ]_w
[_w k e ʈ ɐ ]_w
[_w ɖ ɪ pː ɐ n i ]_w
[_w ɐ ɡ ɐ s t̪ ɐ ]_w
[_w ʋ ɪ l ɐ j ɐ ]_w
[_w p ɐ ɽ ɐ n e ]_w
[_w d̪ʱ ɑ ɾ i ]_w
[_w b ɑ ʈʰ ɐ ɡ õ ]_w
[_w h ʊ ĩ ]_w
[_w ɑ̃ kʰ õ ]_w
[_w n ɪ j ɐ ɾ ɐ ]_w
[_w ɡʱ ɐ n e ]_w
[_w m ɐ n o h ɐ ɾ ɐ ]_w
[_w ɡ ɾ ɪ t̪ ɪ ]_w
[_w b l ɐ k ɐ ]_w
[_w b ɑ ɡ ɐ ɾ ɐ ]_w
[_w ʋ ɐ ɾ k i j ɐ ]_w
[_w tʃ ɐ k ɾ ɐ n t̪ʰ ɐ ]_w
[_w ɐ ʋ ɐ j ɐ ʋ õ ]_w
[_w b ʊ ɾ ʊ ʃ ɐ ]_w
[_w ɡ ɐ h ɐ l u ]_w
[_w b ɾ ɐ j ɑ s ɐ ]_w
[_w n ɪ tʃ i ]_w
[_w t̪ ɪ kʰ ɐ t̪ e ]_w
[_w ɡ ɐ h ɐ n e ]_w
[_w m ɐ t̪ ɐ l ɐ ]_w
[_w s ɾ ɪ dʒ ɐ j i ]_w
[_w b ɑ̃ d̪ʱ ɐ ]_w
[_w p ɑ t̪ ɑ ]_w
[_w h ɐ m ɐ d̪ ɐ ]_w
[_w m i ʈ ɪ j o ]_w
[_w b ɾ ɐ s ɐ nː ɐ ]_w
[_w s ɐ̃ s k ɾ ɪ t̪ ɐ ]_w
[_w b ɑ ɾ ɡ ɐ ]_w
[_w ɾ u p i ]_w
[_w t̪ e kʰ ẽ ]_w
[_w ɐ h ɐ s ɐ ]_w
[_w k o ʈ ɪ ]_w
[_w dʒ ɑ h ɐ t̪ i ]_w
[_w ɑ d̪ e ʃ ɐ ]_w
[_w t̪ e kʰ ɐ ɾ e kʰ ɐ ]_w
[_w b ɾ ɐ tʃ ɑ t̪ ɪ ]_w
[_w b e ʃ ɐ k ɐ ]_w
[_w n ɐ tʃ ɐ ɾ ɐ n ɐ ]_w
[_w ɡ j ɑ ]_w
[_w k ɑ n u n i ]_w
[_w p ɑ ɾ ɪ ʃ ɐ ]_w
[_w dʒ ɑ̃ tʃ ɐ ]_w
[_w tʃ ɐ ɡ ɐ ]_w
[_w ʋ ɐ ɾ t̪ ɐ n ɐ ]_w
[_w d̪ u d̪ʱ ɐ ]_w
[_w ɪ n ɐ k ɑ ɾ i ]_w
[_w m ɐ ɾ ɐ ]_w
[_w d̪ ɐ k ɐ ]_w
[_w ʊ p ɐ j o ɡ ɐ ]_w
[_w pʰ ɑ dʒ ɐ b ɑ ]_w
[_w d̪ e t̪ i ]_w
[_w b ɐ n ɐ ʋ ɐ ]_w
[_w p ɑ ɡ i ]_w
[_w s ɐ n d̪ ɐ ɾ ɐ ]_w
[_w d̪ i ʋ ɾ ɐ ]_w
[_w s ɐ ɾ u ɾ ɐ ]_w
[_w ɡ ɐ ɽ i ]_w
[_w ʃ ɾ ɐ̃ kʰ ɐ l ɑ ]_w
[_w b i ɽ ɑ ]_w
[_w m ʊ ʃ k ɪ l ɐ ]_w
[_w ɐ b ɐ n ɑ ʋ ɐ ]_w
[_w ɑ l o ɡ ɐ ]_w
[_w k ɐ l ɑ ɡ ɑ ɾ õ ]_w
[_w ɡʱ ɐ ɾ e l u ]_w
[_w ɡ ɐ d̪ ɐ ]_w
[_w h ɐ m ɐ l ɐ ]_w
[_w ɡ ɐ n ɑ ʈ ɑ ]_w
[_w ɑ b ɐ s e ]_w
[_w s ɐ m ɐ s e ]_w
[_w ʋ ɾ ɪ t̪ː ɪ ]_w
[_w ʈ e n ɪ s ɐ ]_w
[_w s o n ɪ j ɑ d̪ i ]_w
[_w m ɐ̃ ɖ ɐ l ɐ ]_w
[_w p o l ɐ ]_w
[_w s ɐ ɾ t̪ ɪ j õ ]_w
[_w tʃ i tʃ ɐ ]_w
[_w p ɾ ɐ t̪ j e ɡ ɐ ]_w
[_w ʋ ɐ k ɑ l ɐ ]_w
[_w ɑ s ɑ n i ]_w
[_w ɐ bʱ j ɑ s ɐ ]_w
[_w l e kʰ ɪ k ɑ ]_w
[_w ɐ n j ɐ ]_w
[_w b ɐ̃ p ɐ i ]_w
[_w k ɑ j ɐ ]_w
[_w s ɪ kː õ ]_w
[_w j ʊ ʋ ɐ k ɐ ]_w
[_w k ɾ e ]_w
[_w ɡ ɑ l e ]_w
[_w ɐ k ɑ l ɐ n ɐ ]_w
[_w s ɐ̃ t̪ õ ]_w
[_w dʒ ɑ j ɐ t̪ ɐ ]_w
[_w n j u dʒ ɐ ]_w
[_w p ɐ h ɐ s j ɐ ]_w
[_w dʒ i dʒ õ ]_w
[_w ʃ ɾ i ]_w
[_w h ɪ̃ d̪ ɐ ]_w
[_w dʒ o ʃ i m ɐ ɖʱ ɐ ]_w
[_w ɐ p i l ɐ ]_w
[_w ʋ ɑ ɾ t̪ ɑ ]_w
[_w dʒ e ʃ ʈ ɑ ]_w
[_w t̪ ɪ n e ʃ ɐ n ɐ ]_w
[_w n ɐ h ĩ ]_w
[_w ɡ ɐ ɾ d̪ ɐ n ɐ ]_w
[_w s ʊ m ɐ n e ]_w
[_w k ɾ ɑ h ɐ k ɐ ]_w
[_w k ɑ n ɐ ]_w
[_w s m ɐ ɾ ɐ n d̪ ʊ ]_w
[_w j ɑ t̪ ɐ ʋ ɐ ]_w
[_w dʒ ɐ l o ]_w
[_w k ɾ u ɾ ɐ d̪ ɐ ]_w
[_w s ɑ ɾ t̪ʰ ɐ ɡ ɐ ]_w
[_w pʰ ɪ nː ɐ ]_w
[_w ɡʱ ɐ ʈ ɪ t̪ ɐ ]_w
[_w ɐ d̪ʱ i n ɐ ]_w
[_w m e l ɑ ]_w
[_w ʃ ɑ s t̪ ɾ i ]_w
[_w h ɐ m ɐ t̪ ɐ n ɐ ]_w
[_w l e ʈ ɐ ]_w
[_w ʃ ɪ k ɑ õ ]_w
[_w tʃ ɐ m o l ɐ ]_w
[_w m ʊ k ɑ p ɐ l e ]_w
[_w ɐ dʒ ɑ n ɐ n e ]_w
[_w ɡ ʊ l ɐ ]_w
[_w b ʊ n ɐ ]_w
[_w bʱ o tʃ ɐ n ɐ ]_w
[_w s ɑ h ɪ d̪ ɐ ]_w
[_w dʒ ɑ n ɐ ]_w
[_w l ɐ ʋ ɐ n ɐ ]_w
[_w dʒ ɐ l t̪ ɐ ]_w
[_w dʒ ɑ h ɪ j e ]_w
[_w tʃ e nː ɐ i ]_w
[_w h ɐ m ɐ n ɐ ]_w
[_w pʰ ɑ ʃ i ]_w
[_w tʃ ɛ n ɐ ]_w
[_w s ɐ̃ tʃ ɪ t̪ ɐ ]_w
[_w k ɐ ɾ ʋ ɐ ]_w
[_w s p e n ɪ ʃ ɐ ]_w
[_w s ʈ u ʈ ɪ j o ]_w
[_w t̪ ɐ l e ]_w
[_w p ɐ̃ tʃ ɑ p i ]_w
[_w ɡ ɾ ɪ ʃ ʈ ɪ ]_w
[_w s u tʃ ɐ n ɑ ]_w
[_w ɾ u m ɐ ]_w
[_w m ɐ ɾ i dʒ õ ]_w
[_w s ɐ̃ k ɐ m ɐ̃ dʒ ɐ ]_w
[_w n ɪ ɾ j ɑ d̪ ɑ ]_w
[_w k ɐ̃ p ɐ n ɪ j ɑ̃ ]_w
[_w m ɐ k ɐ ɾ i ]_w
[_w t̪ e k i ]_w
[_w d̪ʱ ɑ ɾ ɑ ]_w
[_w n ɪ ɾ m ɪ t̪ ɐ ]_w
[_w dʒ u ɾ n ɐ ]_w
[_w ʈ ʊ k ɐ ɽ õ ]_w
[_w l ɐ ɽ ɑ i ]_w
[_w b ɐ dʒ ɐ ʈ ɐ ]_w
[_w kʰ u m ɐ ]_w
[_w ɪ s ɐ m ẽ ]_w
[_w k o l ɐ̃ b ɪ j ɑ ]_w
[_w p o d̪ʱ ɐ ]_w
[_w m ɐ̃ t̪ ɾ i ]_w
[_w s ɛ n ɪ k ɐ ɾ e ]_w
[_w s ɑ t̪ ɐ ɾ ɐ n ɑ ]_w
[_w k ɛ s ɑ ]_w
[_w p ɐ ɽʱ ɑ ʋ ɑ ]_w
[_w dʒ ɑ h ɐ t̪ ɑ ]_w
[_w s ɐ tʃː i ]_w
[_w b ɑ ʈʰ ɐ k õ ]_w
[_w k ɐ t̪ ɐ ]_w
[_w s u tʃ ɐ n ɐ t̪ ɑ ]_w
[_w ʋ ɪ ɾ ɑ s ɐ t̪ ɐ ]_w
[_w d̪ i b ɐ ]_w
[_w p ɑ l ɐ ]_w
[_w dʒ ɐ ɽ ɐ ]_w
[_w p ɐ s ɐ̃ t̪ ɐ ]_w
[_w u t̪ ɐ k õ ]_w
[_w k ɾ e k o ɾ i ]_w
[_w s ɪ̃ h ɑ s ɐ ]_w
[_w ʃ ɐ d̪ ɾ ɐ ]_w
[_w b ɐ l ɪ t̪ ɑ n ɐ ]_w
[_w s ɐ m i b ɐ ]_w
[_w m ʊ kʰ ɪ j ɑ ]_w
[_w j o dʒ ɐ n e ]_w
[_w l ɔ h ɐ ]_w
[_w l ɑ bʱ ɐ ]_w
[_w d̪ e kʰ ɐ t̪ e ]_w
[_w s ɐ n d̪ ɐ ]_w
[_w d̪ ɪ ʃ ɑ ]_w
[_w ɪ t̪ ɪ h ɑ s ɐ ]_w
[_w t̪ ɐ ɾ ɐ ʋ ɑ n ɐ ]_w
[_w b ɛ ʈ ɐ ɾ i ]_w
[_w ɡʱ u m ɐ ]_w
[_w l ɐ ɽ ɐ ɡ ɐ ]_w
[_w p ʊ s t̪ ɐ ɡ ẽ ]_w
[_w ɪ n ɐ k ɑ ɾ ɐ ]_w
[_w tʃ ʊ n ɑ ʋ ɐ ]_w
[_w ɾ ɐ h e ]_w
[_w p ɐ ɾ ʋ ɐ t̪ i ]_w
[_w pʰ o tʃ ɐ n ɐ ]_w
[_w m ɐ n ɖ ɐ l ɐ ]_w
[_w ʋ i ɾ ɐ ]_w
[_w tʃ ɐ ɾ s i ]_w
[_w dʒ ɐ ɾ ʊ ɾ i ]_w
[_w ɐ l m o ɽ ɑ ]_w
[_w ɑ s ɑ n ɐ ]_w
[_w ʊ p ɐ ɾ ɑ̃ t̪ ɐ ]_w
[_w ɡ o i ]_w
[_w ɡ o b ɑ l ɐ ]_w
[_w ʊ d̪ː e ʃ j õ ]_w
[_w d̪ e h ɐ ]_w
[_w ʊ d̪ː e ʃ j ɐ ]_w
[_w p ɑ h j ɐ ]_w
[_w p ɑ t̪ i ]_w
[_w ɑ l e kʰ ɐ ]_w
[_w ʋ ɑ k j ɐ ]_w
[_w h ɪ m ɑ l ɐ ]_w
[_w k ɐ ɾ ɐ n ɐ ]_w
[_w p ɐ n ɐ ]_w
[_w t̪ e kʰ i ]_w
[_w d̪ ɐ k ʃ ɪ n i ]_w
[_w ʃ ɐ k t̪ ɪ j õ ]_w
[_w ɐ s ɐ ɾ õ ]_w
[_w p ʊ k ɐ ]_w
[_w n ɪ ɾ m ɐ l ɐ ]_w
[_w ʊ d̪ː ɐ ɾ i ]_w
[_w k ɐ d̪ʱ ɑ ]_w
[_w l ɐ k ʃ ɐ d̪ ɾ ɐ ]_w
[_w t̪ ɐ n ɑ ]_w
[_w b ɛ ʈʰ ɑ ]_w
[_w s ɐ m ɐ dʒʱ ɔ t̪ e ]_w
[_w m ɐ̃ dʒ u ɾ i ]_w
[_w m ɐ h ɐ t̪ ɑ ]_w
[_w p ɐ ʃ tʃ ɑ t̪ j ɐ ]_w
[_w ɑ bʱ ɑ s ɐ ]_w
[_w ɑ k ɾ ɑ m ɐ ]_w
[_w p ɾ ɑ n ɪ j õ ]_w
[_w ɡ ɛ l ɑ ʃ ɐ ]_w
[_w n ɪ t̪ e ʃ õ ]_w
[_w h ɐ ʈ ɑ j ɑ ]_w
[_w p ɐ ɽʱ ɑ n e ]_w
[_w s ɐ̃ h ɪ t̪ ɑ ]_w
[_w tʃʰ o ɽ ɐ n e ]_w
[_w p i ʈ ɐ l ɐ ]_w
[_w l e d̪ i ]_w
[_w b ɐ ɽ ɐ t̪ i ]_w
[_w s m ɾ ɪ t̪ ɐ ]_w
[_w k ɪ n ɐ t̪ i ]_w
[_w n ɑ m ɐ ]_w
[_w s t̪ ɐ ɾ õ ]_w
[_w k ʊ ʃ ɐ l ɐ ]_w
[_w p ɐ h e l i ]_w
[_w p ɐ ɽʱ ɐ d̪ ɑ ]_w
[_w ʋ ɪ ʋ ɐ ʃ ɐ ]_w
[_w ɾ ɐ h ẽ ]_w
[_w ʃ i t̪ ɐ ]_w
[_w p ɐ h ɐ d̪ ɑ ]_w
[_w n ɪ m n ɐ ]_w
[_w dʒ ʊ ɽ e ]_w
[_w ɐ k ʃ ɐ t̪ ɾ ʊ ]_w
[_w k ɐ d̪ʱ ɪ t̪ ɐ ]_w
[_w s ɪ d̪ʱː ɑ̃ t̪ ɐ ]_w
[_w ʋ ɪ kʰ j ɑ t̪ ɪ ]_w
[_w b ɐ ɾ ɐ̃ t̪ ʊ ]_w
[_w ɡʱ ɑ s ɐ ]_w
[_w bʱ i t̪ ɐ ɾ i ]_w
[_w k ɾ e ʈ ɪ ʈ ɐ ]_w
[_w pʰ ɪ l m ẽ ]_w
[_w n ɑ m ɑ̃ ɡ ɐ ]_w
[_w l ɐ k ʃ ɐ ɡ õ ]_w
[_w kʰ ɐ b ɐ d̪ ɐ l ɐ ]_w
[_w d̪ o n õ ]_w
[_w p ɐ ɽ ɐ ]_w
[_w bʱ ɑ̃ s i ]_w
[_w dʒ ɑ j e ɡ ɑ ]_w
[_w bʱ i s ɐ t̪ i j ɐ ]_w
[_w p o ʃ ɐ n ɐ ]_w
[_w p ɪ n ɑ ]_w
[_w b j ɑ ɾ e ]_w
[_w t̪ i ʋ ɾ ɐ ]_w
[_w b ɑ ɾ i ]_w
[_w l ɪ kʰ ɐ k ɐ ɾ i ]_w
[_w ɪ s l ɑ m i ]_w
[_w s ɪ ʋ ɑ j ɐ ]_w
[_w p ɐ t̪ ɑ t̪ e ]_w
[_w p ɐ h ɐ s ɐ ]_w
[_w h ɑ t̪ʰ õ ]_w
[_w s u t̪ ɾ ɐ ]_w
[_w bʱ ɪ ɾ ɐ ]_w
[_w e k s p ɾ e s ɐ ]_w
[_w ɑ ɡ ɐ ɾ ʃ ɪ d̪ ɐ ]_w
[_w d̪ ɐ k ɐ n i k õ ]_w
[_w ɐ t̪ ɪ ]_w
[_w ɡʱ u n ɐ ]_w
[_w ʋ ɐ̃ dʒ ɪ t̪ ɐ ]_w
[_w bʱ ɑ ʃ ɐ n ɐ ]_w
[_w k o ɾ ɪ j ɑ n ɑ ]_w
[_w ʋ ɪ p ɐ n ɐ n ɑ ]_w
[_w m ɪ n ɐ ]_w
[_w s e n ɐ ]_w
[_w ɪ t̪ ɐ n ɑ ]_w
[_w tʃ ɐ n m ɐ ]_w
[_w k ɐ j e ]_w
[_w ɐ̃ ʃ ɐ ]_w
[_w d̪ e kʰ ẽ ]_w
[_w dʒ ɐ n m ɐ ]_w
[_w b ɐ ɽʱ ɑ j ɑ ]_w
[_w l ɑ l ɐ ]_w
[_w e dʒ ẽ s ɪ j õ ]_w
[_w l e t̪ ɑ ]_w
[_w m ɐ s ɑ ]_w
[_w ɡ ʊ ɾ s i ]_w
[_w dʒ ɐ j ɐ n ɐ ]_w
[_w dʒ ɐ l i ]_w
[_w ɾ ʊ p ɐ j o ɡ ɐ ]_w
[_w b ɑ t̪ ɾ õ ]_w
[_w k ɛ ɾ ɪ j ɐ ]_w
[_w t̪ e ɾ i ]_w
[_w p e ɡ ɑ ɾ ɐ ]_w
[_w s o dʒ ɐ n ɐ ]_w
[_w b ɑ n ɑ ]_w
[_w i z ɑ ]_w
[_w ʋ ɑ b ɐ ]_w
[_w p ɛ ʈ ɐ ɾ i ]_w
[_w h ɐ d̪ ɐ ]_w
[_w ɡ ɛ t̪ʰ o l ɪ k ɐ ]_w
[_w ʋ ʊ ʈ s ɐ ]_w
[_w m ʊ n i ʃ ɐ ]_w
[_w ʊ p ɐ tʃ ɑ ɾ ɐ ]_w
[_w d̪ ɪ lː i ]_w
[_w p i tʃʰ ɑ ]_w
[_w ʋ ɪ t̪ e ʃ ɐ k ɐ ]_w
[_w s ɐ d̪ː ɑ ]_w
[_w s ɐ ʃ ɐ k ɐ ʃ ɐ ]_w
[_w n ɐ m ɐ ]_w
[_w d̪ ɑ ʋ ɑ ]_w
[_w kʰ j ɑ l ɐ ]_w
[_w p ɪ tʃʰ ɐ l e ]_w
[_w d̪ʱ ɑ t̪ ʊ ]_w
[_w m ɐ h i n õ ]_w
[_w p ɐ t̪ ɐ l ɑ ʃ ɐ ]_w
[_w k ɑ n õ ]_w
[_w dʒ ɑ h ɪ e ]_w
[_w s ɐ̃ bʱ ɐ ʋ ɐ ]_w
[_w ʃ ɾ i l ɐ̃ ɡ ɑ ]_w
[_w ʋ ɪ ʋ e tʃ ɐ n ɐ ]_w
[_w m ɑ m ɐ l ɑ ]_w
[_w k ɾ ɪ t̪ ɪ ]_w
[_w s ɐ̃ dʒ ɑ ɾ ɐ ]_w
[_w b ɐ̃ ɖ ɪ t̪ ɐ ]_w
[_w n ɪ dʒ i ]_w
[_w h ɑ ʊ s ɐ ]_w
[_w b ɐ ʈ ɑ ]_w
[_w s ɪ n h ɑ ]_w
[_w ʊ lː ɐ̃ ɡʱ ɐ n ɐ ]_w
[_w p ɐ n ɑ ]_w
[_w d̪ e dʒ i ]_w
[_w ɑ d̪ʱ ɑ ]_w
[_w b o ɾ ɖ s ɐ ]_w
[_w ʃ ʋ e t̪ ɐ ]_w
[_w m ɔ kʰ ɪ k ɐ ]_w
[_w ɡ ɑ n ɐ ]_w
[_w kʰ o ʃ ɪ d̪ ɐ ]_w
[_w h ɑ l ɐ t̪ u ]_w
[_w s ɐ tʃ ɪ n ɐ k o ]_w
[_w dʒ ɪ s ɐ k i ]_w
[_w z ɐ p ɐ s j ɑ ]_w
[_w d̪ʱ ʋ ɐ n ɪ ]_w
[_w ʈ j u p ɐ ]_w
[_w m ʊ m p ɐ i ]_w
[_w b ɑ ɾ ɪ ʃ ɐ ]_w
[_w ʊ b ɐ t̪ e ʃ ɐ ]_w
[_w bʱ u t̪ ɐ ]_w
[_w pʰ ɑ ʃ ɑ ]_w
[_w p ɑ d̪ʱ ɑ ]_w
[_w t̪ o s t̪ õ ]_w
[_w s ɑ k ʃ j ɐ ]_w
[_w p e dʒ ɐ n e ]_w
[_w d̪ e k ɑ ]_w
[_w l ɪ kʰ ɐ n ɑ ]_w
[_w ʃ ɐ n ɪ ʋ ɑ ɾ i ]_w
[_w m ɑ l ɪ k ɐ ]_w
[_w h ɐ m ɑ ɾ ɑ ]_w
[_w ɡʱ ɐ ɾ i t̪ ɐ ]_w
[_w dʒ ɑ j ẽ ]_w
[_w pʰ e dʒ ɑ ]_w
[_w ɡʱ o ɽ e ]_w
[_w d̪ e ɾ ɐ ]_w
[_w ɐ t̪ ɐ e ʋ ɐ ]_w
[_w kʰ ɑ n ɐ ]_w
[_w k i dʒ ɪ j e ]_w
[_w t̪ʰ ɐ ɾ ɑ l i ]_w
[_w tʃ ɐ̃ k ɐ ]_w
[_w b ɑ b u ]_w
[_w s ɐ t̪ ɐ p ʊ l i ]_w
[_w ɑ j ɑ ]_w
[_w ʋ ɾ ɐ t̪ ɐ ]_w
[_w p ɑ e ]_w
[_w ɐ ɾ ɐ ʋ ɐ ]_w
[_w k ɐ m ɐ tʃ o ɾ ɐ ]_w
[_w tʃ ɑ n ɑ ]_w
[_w b ɾ ɐ t̪ʰ ɑ n ɐ ]_w
[_w s ɐ̃ k ɐ l ɐ ]_w
[_w m ɑ ʊ̃ ʈ ɐ ]_w
[_w m ɐ ʈʰ ɐ ]_w
[_w ɾ ɪ ʃ t̪ ɑ ]_w
[_w tʃʰ o ɖ ɑ ]_w
[_w d̪ e n ɑ ]_w
[_w ʋ ɪ d̪ʱ e j ɐ k ɐ ]_w
[_w p ɾ ɑ n d̪ ɐ ]_w
[_w ʋ ɪ bʱ ɪ nː ɐ ]_w
[_w s ɐ k ɐ t̪ e ]_w
[_w tʃ o ɽ ɐ ]_w
[_w ʊ p ɑ d̪ʱ ɪ ]_w
[_w dʒ i ʋ õ ]_w
[_w n ɐ d̪ ɪ j õ ]_w
[_w s ɑ t̪ ɐ ]_w
[_w s ɑ h ɐ b ɐ ]_w
[_w h ɪ̃ d̪ i ]_w
[_w k ɐ h ɑ n i ]_w
[_w dʒ ɐ l ɐ n ɐ ]_w
[_w b ɐ n d̪ ɐ n ɐ ]_w
[_w l ɐ k ɑ ]_w
[_w tʃ ɐ ɾ ɐ n e ]_w
[_w h ɐ t̪ʰ ɪ j ɑ ɾ õ ]_w
[_w p ɐ ɾ ɪ ʃ ʈʰ ɐ ]_w
[_w n ɛ ʃ ɐ n ɐ ]_w
[_w ʊ n ɐ k e ]_w
[_w k ɐ t̪ʰ ɑ õ ]_w
[_w t̪ ɔ ɾ e ]_w
[_w k ɐ h ɑ n e ]_w
[_w b ɾ ɑ h m ɐ n õ ]_w
[_w s ɐ m b ɐ n d̪ʱ i ]_w
[_w b ɐ t̪ ɑ l ɐ ]_w
[_w m ɐ h ɪ l ɑ ẽ ]_w
[_w kʰ u p ɐ ]_w
[_w s u ɾ ɐ ]_w
[_w b ɾ ɑ n d̪ ɐ ]_w
[_w b ɐ tʃ ɑ ɾ õ ]_w
[_w ɡ ɐ h ɐ t̪ e ]_w
[_w ʊ d̪ j ɐ m ɐ ]_w
[_w t̪ ɐ̃ ɖ ɐ ]_w
[_w d̪ ɔ ɽ ɐ ]_w
[_w bʱ ɐ ɾ d̪ i ]_w
[_w dʒ i ʋ ɐ ]_w
[_w b ɾ ɐ t̪ ɑ ]_w
[_w ɖ ɪ s n i ]_w
[_w j ʊ k t̪ ɐ ]_w
[_w n e h ɐ ]_w
[_w n ɪ ɾ d̪ e ʃ ɐ ]_w
[_w t̪ ɑ l ɐ d̪ ɐ ]_w
[_w ʃ ɾ i ɾ ɑ m ɐ ]_w
[_w dʒ ɑ h ɐ ]_w
[_w s ɐ m b ɐ n i ]_w
[_w h e n ɐ ɾ i ]_w
[_w n ɑ ʈ j ɐ ]_w
[_w p ɪ l ɪ j ɐ m ɐ ]_w
[_w ʊ t̪ ɐ ɾ ɑ ]_w
[_w kʰ e l õ ]_w
[_w s e ʋ ɑ ]_w
[_w bʱ ɪ nː ɐ ]_w
[_w ɡ ʊ n ɑ ]_w
[_w kʰ ɐ ɾ ɐ ]_w
[_w ɑ ɡ ɑ ɾ ɐ ]_w
[_w k u k ɐ l ɐ ]_w
[_w s n e h ɐ ɾ e ]_w
[_w ɪ̃ t̪ ɐ z ɑ ɾ ɐ ]_w
[_w t̪ ʊ ɾ k ɑ ]_w
[_w d̪ ɑ b ɐ ]_w
[_w ɡ ɛ l ɐ̃ ɖ ɐ ɾ ɐ ]_w
[_w ʃ ɐ h ɐ ɾ ɐ ]_w
[_w ʋ ɐ k ɑ l ɐ d̪ ɐ ]_w
[_w k ɐ̃ d̪ʱ e ]_w
[_w d̪ ʊ ʃ m ɐ n ɐ ]_w
[_w s o n ɪ j ɑ ]_w
[_w b ɛ ʈʰ i ]_w
[_w s t̪ʰ ɪ ɾ ɐ ]_w
[_w dʒ o ʈ ɐ ]_w
[_w ɡ ɾ ɪ p ɐ t̪ʰ ɐ ]_w
[_w dʒ ɛ s ɑ ]_w
[_w s ɑ ɾ ɐ ]_w
[_w d̪ʱ ɐ ɾ ɑ l ɐ ]_w
[_w p ʊ tʃ ɑ ɾ i ]_w
[_w s ɐ bʱ ɐ l ɐ ]_w
[_w ɑ ɾ ɑ m ɐ ]_w
[_w p ɾ ɪ ]_w
[_w kʰ ɐ ɽ i ]_w
[_w bʱ ɪ l ɪ p s ɐ ]_w
[_w ɡ ẽ d̪ ɾ ɐ ]_w
[_w h ɪ n d̪ u ]_w
[_w bʱ ɑ ʃ ɐ n ɐ l ɐ ]_w
[_w m ɐ n ɑ j ɑ ]_w
[_w tʃ ɐ ɽ ẽ ]_w
[_w ɡ ɑ ʈ ɐ k i j ɐ ]_w
[_w d̪ i t̪ i ]_w
[_w t̪ ɐ ɾ d̪ ɐ n ɐ ]_w
[_w tʃ ɐ l ɐ n ɐ ]_w
[_w p ɐ ʃ tʃ ɑ d̪ ]_w
[_w s ɑ d̪ʱ ɐ n ɐ ]_w
[_w d̪ j ɑ k ɐ ]_w
[_w s ɐ̃ s ɐ d̪ i ]_w
[_w j ɔ ɡ ɪ k ɐ ]_w
[_w b ɾ ɐ d̪ʱ ɐ m ɐ ]_w
[_w p ɛ ʈʰ ɐ k ɐ ]_w
[_w ʃ ɪ ʃ j ɐ ]_w
[_w s ɐ m ɑ n e ]_w
[_w s ɐ h ɐ ]_w
[_w n o p e l ɐ ]_w
[_w s ɐ̃ p ɐ̃ t̪ʰ i ]_w
[_w dʒ e k ɐ ]_w
[_w e ʋ ɐ̃ ]_w
[_w s o dʒ ɐ n e ]_w
[_w m ɐ t̪ʰ ʊ ʃ ɑ l ɑ ]_w
[_w f ɪ l m ẽ ]_w
[_w ɡ o l ɐ ]_w
[_w t̪ ɐ ɾ ʃ ɑ j ɑ ]_w
[_w dʒʱ ɐ l ɐ k ɐ ]_w
[_w b ɐ h ʊ̃ tʃ e ]_w
[_w ɐ l ɔ k ɪ k ɐ ]_w
[_w dʒ ɐ ɾ ɪ t̪ ɐ ]_w
[_w m ʊ t̪ ɾ ɑ ]_w
[_w ʃ ɛ l ɪ j õ ]_w
[_w n ɪ j ʊ k t̪ ɐ ]_w
[_w s o dʒ ɐ ]_w
[_w k ẽ d̪ ɾ i j ɐ ]_w
[_w h ɐ ɾ ɪ j ɐ ɾ ɐ ]_w
[_w m ɑ n j ɐ t̪ ɑ ]_w
[_w ɐ ɡ ɐ l ɐ t̪ ɑ ]_w
[_w ʃ ɑ n d̪ ɪ ]_w
[_w b ɑ n e ]_w
[_w m ɪ l ɐ t̪ i ]_w
[_w ɾ e s t̪ ɐ ɾ ɑ̃ ]_w
[_w k o l ɐ̃ p ɪ j ɑ ]_w
[_w tʃ ɐ ʋ ɑ b ɐ ]_w
[_w ɡ ɪ ɾ ɑ ]_w
[_w ɐ̃ d̪ ɐ ɾ ɑ l i ]_w
[_w ɐ ʋ ɐ s ɐ ɾ õ ]_w
[_w t̪ ɐ̃ ʈ ɐ ]_w
[_w dʒ ɑ d̪ i j ɐ ]_w
[_w dʒ ɐ l ɐ d̪ ɐ ]_w
[_w l ɐ h ɐ s i l ɐ ]_w
[_w ɖ ɑ ɪ m ɐ ]_w
[_w ʃ ɑ s ɐ ɡ ɐ d̪ ɐ ]_w
[_w s ʊ l ɐ bʱ ɐ ]_w
[_w ʊ p e k ʃ ɐ ]_w
[_w ʊ t̪ p ɑ t̪ õ ]_w
[_w k i t̪ ɑ ɾ i kʰ ɐ ]_w
[_w n ɪ ɾ m ɪ d̪ ɐ ]_w
[_w b ɾ ɐ t̪ j e k ɐ ]_w
[_w s ɐ̃ dʒ ɐ j ɐ ]_w
[_w ɐ t̪ʰ ɪ k ɐ ]_w
[_w s ɐ n ]_w
[_w kʰ ɐ ɖ ɐ n ɑ ]_w
[_w p ɔ ʈ i ]_w
[_w ɾ o ʈ ɐ ]_w
[_w ɑ ɡ ɾ ɐ m i ]_w
[_w tʃ ɪ s ɐ k e ]_w
[_w m ɛ ɾ i ]_w
[_w dʒ ɪ n t̪ ɐ k i ]_w
[_w ʈ ɑ ɡ ɐ ]_w
[_w pʰ ɑ ʋ õ ]_w
[_w bʱ ɐ n o l i ]_w
[_w ɾ ɪ ʃ ɪ ]_w
[_w tʃ o ɖ ɐ ]_w
[_w ɾ u tʃ ɪ ]_w
[_w ɐ̃ ɡ ɐ ]_w
[_w n ɪ h ɪ t̪ ɐ ]_w
[_w s ɐ̃ ɡ e t̪ õ ]_w
[_w s ɐ d̪ j ɐ ]_w
[_w s ɐ m p ɐ ɾ ɡ ɐ ]_w
[_w s ɾ ɪ tʃ ɐ ɾ ʈ ɐ ]_w
[_w k ɐ b ɐ ɽ õ ]_w
[_w ɾ ɑ s t̪ ɑ ]_w
[_w m o ʈ ɑ i ]_w
[_w ʃ ɪ k ʃ ɑ ]_w
[_w s ɐ m ɐ t̪ ɐ ]_w
[_w p ɐ dʒ ɑ j ɐ ]_w
[_w l ɐ k ɑ t̪ ɐ ʃ i ]_w
[_w m ɪ l ɑ j ɑ ]_w
[_w b ɐ k ɐ ɽ ɑ ]_w
[_w ʊ p ɐ ]_w
[_w p ɑ j i ]_w
[_w dʒ ɐ ʋ ɑ n ]_w
[_w tʃ ɐ ʋ ɑ n ɐ ]_w
[_w b ɾ ɪ d̪ʱ ʋ i ]_w
[_w d̪ʱ ɑ ɾ ɐ n ɑ ]_w
[_w tʃ ɪ n h ɐ ]_w
[_w k ɐ h ĩ ]_w
[_w ɡ ɐ ɾ ɑ ɾ ɐ ]_w
[_w bʱ u m ɪ k ɑ ]_w
[_w s ɪ kʰ ɐ ]_w
[_w tʃ i ʋ ɑ ʃ m ɐ ]_w
[_w tʃ ɐ ɾ ɐ ]_w
[_w bʱ u m ɪ ]_w
[_w s ɪ s ʈ ɐ l ɐ ]_w
[_w d̪ ɐ d̪ʱ j õ ]_w
[_w b ɾ ɪ ʈ ɪ ʃ ɐ ]_w
[_w e dʒ ẽ ʈ ɐ ]_w
[_w n ĩ ʋ ɐ ]_w
[_w ʋ ɐ j ɐ s k ɐ ]_w
[_w t̪ ɑ ɾ i kʰ ɐ ]_w
[_w s ɐ ɾ ʋ o tʃː ɐ ]_w
[_w s ɾ o t̪ õ ]_w
[_w bʱ ɐ l õ ]_w
[_w k ɑ j ɐ n ɐ ]_w
[_w t̪ u s ɐ ɾ õ ]_w
[_w k e ʋ ɐ l ɐ ]_w
[_w m ɐ s t̪ ɐ ]_w
[_w ɖ ɑ l ɐ k ɐ ]_w
[_w k o l ʈ ɐ ]_w
[_w d̪ e dʒ ɐ ]_w
[_w dʒ ɑ d̪ u ]_w
[_w ɾ e ʈ ɐ ]_w
[_w k o ɾ ɪ j ɑ õ ]_w
[_w k ɐ s ɔ ʈ i ]_w
[_w ʊ t̪ ɐ n e ]_w
[_w ʊ tʃː ɑ ɾ ɐ n e ]_w
[_w s ɐ k ɐ ɾ ɐ ]_w
[_w ʋ ɪ s pʰ o ʈ ɐ ]_w
[_w d̪ u s ɐ ɾ õ ]_w
[_w b ɐ k ɐ ]_w
[_w ɑ ɡ ɐ ɾ u k ɐ ]_w
[_w b ɐ ʃ tʃ ɑ d̪ ɐ ]_w
[_w s ʋ ɐ ɾ n ɐ ]_w
[_w s ɐ̃ p ɐ̃ d̪ʱ õ ]_w
[_w d̪ ʊ ɾ bʱ ɑ ɡ j ɐ ]_w
[_w d̪ʱ o ɽ e ]_w
[_w m ɪ l ʋ ɔ ɡ i ]_w
[_w k ʊ t̪ː õ ]_w
[_w ʋ ɪ ʋ ɑ ɾ ɐ ]_w
[_w s ɐ m ɾ ɑ ʈ ɐ ]_w
[_w k ɐ ʋ ɪ t̪ ɑ ẽ ]_w
[_w ɐ s ʋ i ɾ ẽ ]_w
[_w k ɔ n ɐ ]_w
[_w ʋ ɐ j ɐ ʋ õ ]_w
[_w ʊ d̪ j o k ɪ k ɐ ]_w
[_w ɾ ɪ k ɑ ]_w
[_w s ʋ i k ɑ ɾ j ɐ ]_w
[_w p ɐ ɾ ɪ ʋ e ʃ ɐ ]_w
[_w b ɐ ɽʱ ɐ t̪ e ]_w
[_w n e d̪ ɾ i j ɐ ]_w
[_w ʋ ɪ ʋ e k ɐ ]_w
[_w l ɑ j ɐ k ɐ ]_w
[_w e j ɐ ɾ ɐ ]_w
[_w ɡ l ɛ p ʈ ɐ n ɐ ]_w
[_w b ɾ ɑ n i ]_w
[_w d̪ e kʰ ɐ n ɑ ]_w
[_w kʰ e l ɐ t̪ e ]_w
[_w ɡ o m ɐ l ɐ ]_w
[_w p ɐ h ɐ dʒ ɑ ɾ ɐ ]_w
[_w ʊ nː ɐ t̪ ɪ ]_w
[_w bʱ ɐ s ɐ l õ ]_w
[_w ɖ ɑ ʊ n ɐ ]_w
[_w ɑ ɡ ɐ ɾ ɐ m ɐ ]_w
[_w s i m ɑ ]_w
[_w b ɾ ɑ ɾ u b ɐ ]_w
[_w b ɾ ɐ ʋ ɑ dʒ e ]_w
[_w n ɑ k ɐ ɾ ɐ ]_w
[_w t̪ ɪ ʋ ɐ s ɐ ɾ ɐ ]_w
[_w ɑ k ɾ ɐ h ɐ ]_w
[_w ɡʱ ʊ ʃ ɐ ]_w
[_w t̪ ɪ n õ ]_w
[_w m u l ɐ n ɐ ]_w
[_w p ɑ k ɐ l ɐ ]_w
[_w p ɾ ɪ ʈ ɪ ʃ ɐ ]_w
[_w ʃ ʊ l k ɐ ]_w
[_w ɡ ɐ ʈʰ ɪ t̪ ɐ ]_w
[_w p ɐ dʒ ɑ ɾ ɐ ]_w
[_w k ɑ ɾ ɐ ]_w
[_w s ɐ̃ b ɑ t̪ ɐ ]_w
[_w l ɑ i ]_w
[_w j ɐ dʒ n ɐ ]_w
[_w dʒ ɛ n ɐ l õ ]_w
[_w n ɪ bʱ ɑ j ɑ ]_w
[_w ɑ s ɐ p ɑ s ɐ ]_w
[_w p ɔ d̪ʱː ɪ k ɐ ]_w
[_w h ɑ i ]_w
[_w pʰ ɛ l i ]_w
[_w k ɐ̃ ɡ ɑ ]_w
[_w s ɐ ʈ i k ɐ ]_w
[_w t̪ i ʋ ɑ ɾ õ ]_w
[_w ʃ ʊ ʃ k ɐ ]_w
[_w ɡ ɪ ɾ ɐ n e ]_w
[_w p ɪ t̪ ɑ dʒ i ]_w
[_w tʃ ɔ kʰ ʊ ɖ ɪ j ɑ ]_w
[_w ʋ ɑ ɾ ʃ ɪ k ɐ ]_w
[_w n ɪ p ɐ̃ d̪ʱ ɐ n ɐ ]_w
[_w ʋ ɪ kʰ j ɑ d̪ ɐ ]_w
[_w l ɪ kʰ ɐ t̪ e ]_w
[_w ɑ t̪ m ɐ ]_w
[_w ɾ ɐ h e k ɑ ]_w
[_w ɡ ɑ j ɐ n ɐ ]_w
[_w ɖ e ɽʱ ɐ ]_w
[_w d̪ ʊ m h ɑ ɾ e ]_w
[_w s ɐ h i ]_w
[_w d̪ e ʃ ɐ ]_w
[_w tʃʰ o ʈ ɑ ]_w
[_w p ɐ h ɐ tʃ ɐ ]_w
[_w k ɾ ɐ̃ t̪ʰ õ ]_w
[_w k ɐ d̪ʱ ɐ n ɐ ]_w
[_w tʃ ʊ ɽ ɑ ]_w
[_w s ʋ ɑ m ɪ t̪ ʋ ɐ ]_w
[_w ɪ d̪ ɐ n i ]_w
[_w s ɪ d̪ʱː ɑ̃ t̪ õ ]_w
[_w p ɑ n ɐ ]_w
[_w ɾ ɐ h ɐ m ɑ ɾ i ]_w
[_w ɾ ɐ m e ʃ ɐ ]_w
[_w dʒ ɑ j e ɡ i ]_w
[_w s p e n ɐ ]_w
[_w ɑ dʒ ɐ ɾ ɐ n ɐ ]_w
[_w kʰ ĩ tʃ ɐ ]_w
[_w ɡ ɾ ɐ n d̪ʱ ɐ ]_w
[_w m ɐ ʃ ɐ h u ɾ ɐ ]_w
[_w ʋ ɪ dʒ ɐ j ɐ ]_w
[_w n ɪ ʋ ɑ ɾ i ]_w
[_w ɔ ɾ ɐ ]_w
[_w k ɐ ɾ ɑ ]_w
[_w tʃ ɔ ɽ ɑ ]_w
[_w ʃ ɐ b ɐ d̪ʱ ɐ ]_w
[_w bʱ ɐ tʃ ɐ n ɑ ]_w
[_w b e ʃ ɐ ]_w
[_w s ʋ i k ɾ ɪ t̪ ɪ ]_w
[_w p ɑ t̪ ɐ l ɐ ]_w
[_w j ɐ ɡ ɾ ɪ t̪ ɐ ]_w
[_w b ɾ ɐ t̪ e ʃ ɐ ]_w
[_w m ɐ dʒ ɐ t̪ u ɾ ɐ ]_w
[_w ʊ ʈʰ ɑ n e ]_w
[_w ũ tʃ e ]_w
[_w s t̪ʰ ɑ b ɪ t̪ ɐ ]_w
[_w n ɪ ɾ ɑ ʃ ɑ ]_w
[_w ɾ e l ɐ ʋ e ]_w
[_w ʋ ɐ h ɐ ]_w
[_w ɾ ɪ l i s ɐ ]_w
[_w l ɐ k ʃ ɐ ]_w
[_w l ẽ ɡ e ]_w
[_w k ɐ h ɐ d̪ i ]_w
[_w ʋ ɪ dʒ ɑ ɾ ɐ ]_w
[_w ʊ p ɐ k ɾ ɐ n i ]_w
[_w s o dʒ ɐ t̪ e ]_w
[_w m ɐ h ɑ t̪ ʊ ɾ ɐ ]_w
[_w m ɐ n ɐ ]_w
[_w n j u ]_w
[_w m ɐ t̪ ɐ n ɐ ]_w
[_w p ɐ h u ]_w
[_w d̪ j ɔ h ɑ ɾ ɐ ]_w
[_w b e ɾ ɪ s ɐ ɾ ɐ ]_w
[_w p ɐ tʃ e ]_w
[_w ɾ o ɡ ɐ ]_w
[_w m ɪ l ɐ d̪ ɑ ]_w
[_w d̪ i p ɐ ]_w
[_w k ɐ ɾ e ɡ ɑ ]_w
[_w ʋ ɐ tʃ ɐ h ɐ ]_w
[_w kʰ ɐ ʈ ɐ ]_w
[_w p ɐ h ɐ n ɐ d̪ e ]_w
[_w k ɐ m i ]_w
[_w kʰ ɪ t̪ ɑ p õ ]_w
[_w s ɐ d̪ ɐ ]_w
[_w bʱ ɾ ɐ m ɐ ]_w
[_w s u tʃ ɪ t̪ ɐ ]_w
[_w dʒ e h ɐ ɾ u ]_w
[_w ɐ pʰ ɪ n e d̪ ɾ ɐ ]_w
[_w k ɐ ɖ ɐ ]_w
[_w p ɾ e ɡ ɐ ]_w
[_w ɾ ɐ h o ]_w
[_w s ɛ n ɪ k ɐ l e ]_w
[_w k ɑ̃ tʃ ɐ ]_w
[_w p ɾ ɐ bʱ ɑ ʋ õ ]_w
[_w n ɑ ɡ ɐ ɾ ɑ t̪ i ]_w
[_w k ɾ e ɖ ɐ ]_w
[_w m ɐ s dʒ ɪ t̪ ɐ ]_w
[_w b l ɛ k ɐ ]_w
[_w ʃ ɑ m ɪ l ɐ n e ]_w
[_w b ɐ h ɑ n ɪ ]_w
[_w k ɾ ɑ h ɐ n õ ]_w
[_w dʒ ɪ ɽ ɪ j ɑ ]_w
[_w pʰ ɛ l ɑ ]_w
[_w d̪ ɐ t̪ k ɑ l ɐ ]_w
[_w ɐ b ɐ ʋ ɑ t̪ ]_w
[_w ɡ ɑ j ɐ p ɐ ]_w
[_w ɐ p ɐ n ɑ ]_w
[_w m u l j ɐ ]_w
[_w l ɐ m p i ]_w
[_w ɐ d̪ ɪ d̪ʱ ɪ ]_w
[_w tʃ ɑ ɾ l s ɐ ]_w
[_w m u t̪ ɾ ɐ ]_w
[_w bʱ ɐ ɾ o s ɑ ]_w
[_w k ɐ b d̪ ɑ n ɐ ]_w
[_w dʒ ɑ ɾ l s ɐ ]_w
[_w ɑ j ɑ t̪ ɐ ]_w
[_w ɡ ɐ ɾ i b ɐ ]_w
[_w l ɐ ɡ ɐ ]_w
[_w k ɐ s ɐ l i ]_w
[_w tʃ ɑ o ]_w
[_w b ɾ ɐ t̪ i t̪ ɐ ]_w
[_w z ɐ m ʊ d̪ ɑ j õ ]_w
[_w s o ʃ ɐ l ɐ ]_w
[_w k ɑ d̪ e ]_w
[_w m ɑ ɾ ɐ n ɐ ]_w
[_w tʃ ɑ h ɐ t̪ ɐ ]_w
[_w j u n ɪ j ɐ t̪ ɐ ]_w
[_w ʋ j ɑ p ɑ ɾ ɐ ]_w
[_w k ɪ n ɐ ]_w
[_w bʱ e d̪ ɐ ]_w
[_w ɡ o l ɐ ɡ ɑ n e ]_w
[_w ʃ ɾ o d̪ ɑ õ ]_w
[_w tʃ ɐ p ɐ ]_w
[_w d̪ ɾ ɪ p ɑ ]_w
[_w h ɪ n t̪ i ]_w
[_w p j ɑ s ɐ ]_w
[_w l ɐ k ʃ j ɐ ]_w
[_w s ɑ̃ s ɐ ]_w
[_w ʋ ɑ ɾ ɐ ]_w
[_w ɾ ɑ h ɐ k õ ]_w
[_w p ɐ̃ k ɐ l õ ]_w
[_w f ɪ l m ɐ ]_w
[_w p ɑ̃ tʃ ɐ ]_w
[_w e n ɐ ]_w
[_w d̪ ɑ k ɪ ]_w
[_w ɐ h ɐ m u d̪ ɐ ]_w
[_w s ɐ̃ l ɐ ɡ n ɐ ]_w
[_w ʃ ʊ ɾ ʊ ɑ t̪ i ]_w
[_w n ɪ ɾ t̪ ɪ ʃ ʈ ɐ ]_w
[_w pʰ ɑ ɾ i ]_w
[_w bʱ ɑ ʋ ɐ ]_w
[_w m ɐ h ɐ d̪ e ]_w
[_w pʰ ɑ ɾ ɐ t̪ ɐ ]_w
[_w b ɛ ɾ ɐ ]_w
[_w ʃ ɐ h i t̪ ɐ ]_w
[_w b ɐ h ɐ l ɐ ]_w
[_w s ɑ m ɐ k ɐ ]_w
[_w dʒʱ u ʈʰ ɐ ]_w
[_w s ɐ h ɐ j o k õ ]_w
[_w ɡ ɐ e ]_w
[_w dʒ ɑ d̪ i ]_w
[_w ʃ ɾ ɪ̃ kʰ ɐ l ɑ ]_w
[_w n ɪ ʃ ɑ n ɐ ]_w
[_w ɑ t̪ e ʃ ɐ ]_w
[_w n ɑ ɾ ɐ s ɐ ]_w
[_w bʱ ɐ ʋ ɐ ]_w
[_w ʃ ʊ ɾ u ]_w
[_w b ɾ ɐ d̪ ɪ ʃ ʈʰ ɑ ]_w
[_w b ɐ t̪ ɐ l ɐ ]_w
[_w ɾ ɪ dʒ ɐ ɾ ʈ ɐ ]_w
[_w l ɑ kʰ ɐ ]_w
[_w s ɐ ɾ u ɾ i ]_w
[_w k ʊ pʰ ɑ ]_w
[_w m ɾ ɪ t̪ ɪ ]_w
[_w i s ʈ ɐ ]_w
[_w ʋ ɪ m ɐ ɾ ʃ ɐ ]_w
[_w s ɑ h ɪ t̪ j ɐ ]_w
[_w k o n e ]_w
[_w z ɐ k ẽ ]_w
[_w dʒ ɪ s ɐ ɡ i ]_w
[_w k ɛ s i ]_w
[_w ʃ ɪ k ʃ ɐ ɡ õ ]_w
[_w bʱ ɑ ɾ m ɐ ]_w
[_w ɐ b ɐ n e ]_w
[_w k o m ɐ l ɐ ]_w
[_w ɡ ɑ f i ]_w
[_w d̪ʱ i m i ]_w
[_w s ɐ pʰ ɑ i ]_w
[_w k ɪ j ɑ ]_w
[_w ɡʱ ɐ ɾ ɑ b ɐ ɾ i ]_w
[_w m ɑ d̪ ɑ ]_w
[_w s o s ɑ ɪ ʈ ɐ ]_w
[_w p ɐ tʃː ɐ n ɐ ]_w
[_w d̪ʱ ɐ n i ]_w
[_w dʒ ɐ l d̪ i ]_w
[_w p ɐ̃ k ɑ l i ]_w
[_w i s ɑ i ]_w
[_w tʃ ɑ ẽ ]_w
[_w tʃ ɐ l ɐ ʋ ɑ j ɑ ]_w
[_w ɾ ɐ̃ ɡ i n ɐ ]_w
[_w ɑ ɾ ʈ ɐ ]_w
[_w p ɔ t̪ʰ õ ]_w
[_w ɖ ɑ l i ]_w
[_w l ɐ ɡ ɐ ɽ i ]_w
[_w t̪ ɐ ɾ ɐ f ɐ ]_w
[_w ʃ ɐ t̪ ɾ ʊ ]_w
[_w n ɪ ʃ ɑ ]_w
[_w l ɐ ɡ ɑ e ]_w
[_w d̪ e s i ]_w
[_w ʋ ɾ ɪ k ʃ õ ]_w
[_w k ʋ i n ɐ ]_w
[_w ʊ t̪ s ɑ h ɐ ]_w
[_w ɪ s ɐ m e ]_w
[_w p ɐ ɾ e ʃ ɐ ]_w
[_w tʃ i t̪ e ]_w
[_w dʒ ɪ s ɐ n e ]_w
[_w s m ɾ ɪ t̪ j ɐ ]_w
[_w ɑ k ɾ ɐ m ɐ ]_w
[_w ʊ n ɐ ɡ ɑ ɾ i ]_w
[_w s ɐ̃ k e t̪ õ ]_w
[_w kʰ ʊ d̪ ɑ ]_w
[_w p ɾ ɐ tʃ ʊ ɾ ɐ ]_w
[_w bʱ o ʈ o ]_w
[_w j o tʃ ɐ n ɑ õ ]_w
[_w dʒ ɐ l ɐ k ɐ ]_w
[_w ʊ t̪ ɐ j ɐ ]_w
[_w k ɐ b d̪ ɑ h ɐ ]_w
[_w ʋ ɪ n ɑ ʃ ɐ ]_w
[_w tʃ ɑ n ɐ t̪ i ]_w
[_w n o b e l ɐ ]_w
[_w ʈ e k s ɑ s ɐ ]_w
[_w tʃʰ o ʈ i ]_w
[_w ɾ u s i ]_w
[_w t̪ ʋ i b ɐ ]_w
[_w ʋ ɪ d̪ʱ ɑ õ ]_w
[_w b ɐ h ɑ ɽ ɪ j õ ]_w
[_w n ɑ ɾ ɐ t̪ õ ]_w
[_w tʃ ɐ l e ]_w
[_w l ɪ j e ]_w
[_w m ɑ ɾ ɐ t̪ õ ]_w
[_w tʃ ɪ s ɐ p ɐ ]_w
[_w d̪ ɐ ɾ ʃ ɐ ]_w
[_w b ɐ n d̪ ɐ ɾ ɐ ]_w
[_w m ɛ n ɐ ]_w
[_w l ɐ̃ d̪ ɐ n ɐ ]_w
[_w ʋ ɪ tʃ ɪ t̪ ɐ ]_w
[_w s ʊ ʋ ɪ t̪ʰ ɑ ]_w
[_w m ɑ̃ s ɐ ]_w
[_w k ɪ ʃ o ɾ ɐ ]_w
[_w s ʋ ɑ ɡ ɐ t̪ ɐ ]_w
[_w k ɐ h ɐ n e ]_w
[_w t̪ ʋ ɐ dʒ ɑ ]_w
[_w ɐ̃ ɡ ɾ e dʒ õ ]_w
[_w ʋ ɐ s t̪ ʊ ẽ ]_w
[_w kʰ o l ɑ ]_w
[_w s ɐ̃ ʋ e t̪ ɐ ]_w
[_w ɾ ɐ kʰ e ]_w
[_w b i s ɐ ʋ i ]_w
[_w ɑ ʈʰ ɐ ]_w
[_w kʰ ʊ s ɐ ]_w
[_w ʋ ɪ k ɾ e t̪ ɑ ]_w
[_w dʒ ɐ l d̪ ɐ ]_w
[_w m o m ɐ ]_w
[_w tʃʰ ɑ p ɐ ]_w
[_w b i ɖʱ i ]_w
[_w ʃ ɑ h ɐ ]_w
[_w ɑ ʋ ɐ ʃ j ɐ b ɐ ]_w
[_w s ɐ̃ s ɑ t̪ʰ ɐ n ɐ ]_w
[_w l ɪ kʰ i ]_w
[_w tʃ ɐ h ɑ̃ ]_w
[_w ʊ dʒ ɪ d̪ ɐ ]_w
[_w d̪ e ɾ i ]_w
[_w n ɪ ɾ m ɑ t̪ ɑ ]_w
[_w k ɐ t̪ː i ]_w
[_w b i l e ]_w
[_w p ɾ e s ɐ ]_w
[_w k ɾ ɐ h õ ]_w
[_w p ɑ ɾ ʈ i ]_w
[_w ɑ̃ d̪ o l ɐ n ɐ ]_w
[_w m e ʈ ɾ o ]_w
[_w ɑ ʃ ɾ ɐ m ɐ ]_w
[_w b ɐ ɾ ɐ n i ]_w
[_w h o m ɐ ]_w
[_w ʋ ɐ s ɐ̃ t̪ i t̪ ɑ ]_w
[_w bʱ ɾ ɐ ʃ ʈ ɐ ]_w
[_w s ɐ̃ h ɪ d̪ ɑ ]_w
[_w s t̪ ɐ n ɐ ]_w
[_w b i ʈʰ i ]_w
[_w m ɐ̃ tʃ ɪ l ɐ ]_w
[_w b ɐ ɾ ɐ̃ p ɐ ɾ ɐ ]_w
[_w tʃ i ʋ ɐ̃ t̪ ɐ ]_w
[_w ɑ h ɑ ɾ ɐ ]_w
[_w k ɐ m ɐ n ɐ ]_w
[_w b ɾ o dʒ e k ʈ ɐ ]_w
[_w k ɪ̃ ɡ ɐ ]_w
[_w p ɐ d̪ ɐ ]_w
[_w tʃ ɐ j ɐ ]_w
[_w b ɐ k ʃ ɐ ]_w
[_w ɐ pʰ ɪ n ɐ j ɐ ]_w
[_w ɑ ʃ ɾ ɐ j ɐ ]_w
[_w ʊ ɽ ɑ n ɐ ]_w
[_w dʒ ɑ n ɐ n ɑ ]_w
[_w b ɐ d̪ ɑ j ɑ ]_w
[_w dʒʱ ɐ l ɐ k ɐ t̪ e ]_w
[_w b ɐ dʒ ɑ e ]_w
[_w l ɐ̃ k ɑ ]_w
[_w ɐ t̪ʰ ɪ k ɑ ɾ i ]_w
[_w dʒ ɑ p ɑ n i ]_w
[_w b ɐ ɖʱ ɑ ɾ ɐ ]_w
[_w l ɐ k ɐ t̪ ɐ ]_w
[_w tʃ ɑ e ]_w
[_w p ɐ t̪ː e ]_w
[_w n i d̪ ɪ ]_w
[_w ʋ ɐ h i ]_w
[_w k ɑ l ɐ n e ]_w
[_w h o d̪ ɑ ]_w
[_w e ʈ s ɐ ]_w
[_w ɐ s ɐ̃ bʱ ɐ ʋ ɐ ]_w
[_w p ɐ t̪ː õ ]_w
[_w e k ɐ ]_w
[_w ɾ o ʃ ɐ n ɑ ]_w
[_w m ɐ h ɐ̃ k ɑ i ]_w
[_w ʋ ɪ ʋ ɪ d̪ʱ ɐ t̪ ɑ ]_w
[_w tʃʰ o ɽ ɐ k ɐ ɾ ɐ ]_w
[_w ɖ ɑ ʈ ɑ ]_w
[_w kʰ o ʃ ɐ n ɐ ]_w
[_w k ɐ d̪ ɪ p ɐ j ɐ ]_w
[_w s ɐ dʒ ɑ ]_w
[_w ɾ ɐ d̪ʱ ɐ ]_w
[_w ɐ n ʊ ʋ ɑ t̪ ɐ ]_w
[_w u n ɐ ]_w
[_w ɡʱ ɐ ɖ ɐ n ɑ ẽ ]_w
[_w p j ɑ dʒ ɐ ]_w
[_w ʊ d̪ʱː ɾ ɪ d̪ ɐ ]_w
[_w p ɑ i ]_w
[_w p ɾ ɐ k ɐ ]_w
[_w m ɐ s t̪ i ]_w
[_w e ʃ ɪ j ɑ ]_w
[_w ʋ i ʈ ɪ j ɑ ]_w
[_w ʋ j ɐ̃ k j ɐ ]_w
[_w ɡʱ ʊ d̪ ɑ ]_w
[_w j ɐ̃ t̪ ɾ ɐ ]_w
[_w l e t̪ e ]_w
[_w ɐ m ɪ d̪ ɐ ]_w
[_w s ʊ p ɐ h ɐ l ɐ ]_w
[_w d̪ʱ ɑ ɾ ɐ n ɐ n e ]_w
[_w k ɑ dʒ ɐ ]_w
[_w ɑ pʰ ɑ ɾ ɐ ]_w
[_w tʃ ɑ n ɐ n ɑ ]_w
[_w k ʊ tʃʰ ɐ ]_w
[_w s ɐ m p ɐ n i ]_w
[_w k ɐ l b ɐ ]_w
[_w ɑ j ɐ ]_w
[_w d̪ ɪ kʰ ɐ d̪ i ]_w
[_w s ɐ ɡ ɐ n e ]_w
[_w m ɐ dʒ ɐ b u t̪ ɐ ]_w
[_w t̪ ɐ ʃ ɐ k õ ]_w
[_w tʃʰ ɐ̃ d̪ ɐ ]_w
[_w b ɔ ɾ ɑ n ɪ j ɑ̃ ]_w
[_w t̪ ʊ m ɐ k o ]_w
[_w ɐ d̪ʱ ɪ k ɑ ɾ õ ]_w
[_w d̪ ɐ ɾ dʒ ɑ ]_w
[_w o l ɖ ɐ ]_w
[_w ʋ ɐ ɾ ʃ ɐ ]_w
[_w p ɾ ɐ h m ɐ ]_w
[_w tʃ ɑ n ɐ ʋ ɐ ]_w
[_w b i ʈʰ ɐ ]_w
[_w tʃ u n ɐ ]_w
[_w dʒ ɐ h ɑ̃ ]_w
[_w ʊ n ɐ k ɐ ɾ ɐ ]_w
[_w t̪ e n e ]_w
[_w b ɐ k ɐ ɽ e ]_w
[_w b ɑ k ɐ ɾ ɐ ]_w
[_w ɑ s ɐ m ɑ b d̪ ɐ ]_w
[_w s ʊ kʰ ɐ d̪ ɐ ]_w
[_w ĩ d̪ʱ ɐ n ɐ ]_w
[_w p ɾ ɐ bʱ ʊ d̪ ʋ ɐ ]_w
[_w ɡʱ ɐ ɾ i ]_w
[_w p ɐ ɽʱ e ]_w
[_w ʃ ɾ i m ɐ d̪ i ]_w
[_w b ɐ ɽʱ ɐ k ɐ ɾ ɐ ]_w
[_w ɾ ɐ tʃ ɐ n ɑ ]_w
[_w p ɐ t̪ ɪ ]_w
[_w b o d̪ʱ ɐ ]_w
[_w p ɾ ɐ kʰ j ɑ t̪ ɪ ]_w
[_w m ʊ dʒʱ ɐ ]_w
[_w k j ɑ ]_w
[_w ɐ n ʊ m ɐ t̪ ɪ ]_w
[_w k ɐ ʃ j ɐ k ɐ ]_w
[_w b ɐ k ɐ l ɑ ]_w
[_w ʋ e b ɐ ]_w
[_w ʋ ɪ dʒ e d̪ ɑ ]_w
[_w m ɐ dʒ ɐ p u ɾ ɐ ]_w
[_w s ʊ d̪ʱ ɑ ɾ ɐ ]_w
[_w t̪ ʊ kʰ ɐ ]_w
[_w ʊ t̪ ɐ ɾ ɐ ]_w
[_w o ɾ ɐ ]_w
[_w k ɐ m ɐ l ɑ ]_w
[_w ɪ s ɐ b ɐ s e ]_w
[_w ʋ ɐ s t̪ ʊ t̪ ɐ ]_w
[_w h ɪ t̪ ɐ ]_w
[_w s ɐ m ɐ s j ɑ õ ]_w
[_w p ɾ ɐ s t̪ ɐ ]_w
[_w ʃ ɑ s ɐ n ɐ ]_w
[_w ɐ s ɐ m ɐ k ʃ ɐ ]_w
[_w ʋ ɪ ʃ ɐ ]_w
[_w ɡ ʊ l ɑ m ɐ ]_w
[_w ɐ kʰ ɐ p ɑ ɾ ɐ ]_w
[_w ɡ ɐ ʋ ɐ ɾ i ]_w
[_w t̪ ɐ ʃ ɐ k ɐ ]_w
[_w p ɐ ʈ ɐ n ɐ ]_w
[_w bʱ ɪ l m ẽ ]_w
[_w n ɐ ɾ e n d̪ ɾ ɐ ]_w
[_w ʊ p ɐ n j ɑ ]_w
[_w s ɐ b u t̪ ɐ ]_w
[_w tʃ ɐ̃ t̪ ɐ ]_w
[_w m ɐ ʃ ɐ ]_w
[_w d̪ʱ u l ɐ ]_w
[_w d̪ ɐ ɾ ʃ ɐ ɡ ɐ ]_w
[_w kʰ ʊ l ɑ s ɑ ]_w
[_w ɐ n ʊ ]_w
[_w dʒ o ʃ i m ɐ ʈʰ ɐ ]_w
[_w dʒ ɐ ʈ ɪ l ɐ ]_w
[_w dʒ ɐ h ɑ dʒ õ ]_w
[_w t̪ʰ i m i ]_w
[_w d̪ ɾ ɪ ɽʱ ɐ ]_w
[_w s ɐ d̪ ɑ ]_w
[_w l ɪ e ]_w
[_w dʒ ɐ ɾ dʒ ɐ ɾ i ]_w
[_w ʋ ɪ n j ɑ s ɐ ]_w
[_w ɪ l ɑ dʒ ɐ ]_w
[_w k ɐ ɾ m ɐ ]_w
[_w ʋ ɪ ʃ ʊ d̪ʱː ɐ ]_w
[_w t̪ʰ ɐ ɾ ɑ l ɐ ]_w
[_w dʒ ɪ s ɐ s e ]_w
[_w tʃ ɪ s ɐ k i ]_w
[_w m e j ɐ ɾ ɐ ]_w
[_w ɑ d̪ ɐ ɾ ɐ ]_w
[_w bʱ u m ɪ k ɑ õ ]_w
[_w h ɪ t̪ õ ]_w
[_w ɪ s ɐ k i ]_w
[_w s ʊ ɾ ɐ ]_w
[_w m ɑ ɾ k ɐ ]_w
[_w ʃ ɾ ɐ m ɐ n e ]_w
[_w dʒ ɐ̃ d̪ ɐ ]_w
[_w s ɪ̃ dʒ ɑ i ]_w
[_w p ɐ̃ tʃ ɑ j ɐ ]_w
[_w ʃ ɐ ɾ ɑ p ɐ ]_w
[_w ʈʰ ɐ̃ ɡ ɐ ]_w
[_w ʃ ʊ ɡ ɾ ɐ ]_w
[_w p ɐ ʃ tʃ ɪ m i ]_w
[_w ɑ ʃ ɐ̃ k ɑ ]_w
[_w ɐ b i l ɐ ]_w
[_w ɾ ɑ dʒ ɐ k ɐ ]_w
[_w p ɐ h ʊ̃ tʃ ɑ ]_w
[_w b ʊ s t̪ ɐ k ɐ ]_w
[_w e k ɐ t̪ ɾ ɐ ]_w
[_w ɪ s ɐ k o ]_w
[_w p i t̪ ɐ ]_w
[_w ɡ ɐ ɾ m õ ]_w
[_w n ɪ k ɑ l e ]_w
[_w ɐ ɾ tʃ ʊ n ɐ ]_w
[_w k ɐ ʈʰ o ɾ ɐ ]_w
[_w p ɾ ɑ dʒ i n ɐ ]_w
[_w n ɛ t̪ ɪ k ɐ ]_w
[_w b ɪ t̪ ɑ ]_w
[_w n ɐ ɾ ɐ ]_w
[_w b ɑ ʋ ɐ dʒ u t̪ ɐ ]_w
[_w ɡ ɐ ʃ j ɐ k ɐ ]_w
[_w d̪ i b ɐ ɡ ɐ ɽ ɐ ]_w
[_w m ʊ n ɪ ]_w
[_w bʱ ɐ ɾ t̪ i ]_w
[_w k ɐ p ɐ ɽ e ]_w
[_w m ɔ s ɐ m ɐ dʒʱ ɑ ]_w
[_w ʋ ɪ t̪ ʋ ɑ n i ]_w
[_w p ɾ ɑ tʃ i ʋ ɐ ]_w
[_w ɐ h ɐ s u s ɐ ]_w
[_w d̪ ʊ p ɑ ɾ ɑ ]_w
[_w k ɐ b ɐ ɾ ɐ m ɐ ]_w
[_w k ɐ l i ]_w
[_w ɑ j i ]_w
[_w ʋ ɪ dʒ n ɑ n ɐ ]_w
[_w pʰ ɛ s ɐ l e ]_w
[_w k ɐ ɾ bʱ ɐ ]_w
[_w ɪ d̪ j ɑ ]_w
[_w s u dʒ i ]_w
[_w m e ɾ ɑ ]_w
[_w kʰ ɐ ɽ ɑ ]_w
[_w t̪ ɑ b ɐ ]_w
[_w s p e s ɐ ]_w
[_w p ɛ ʈʰ i ]_w
[_w ɾ o ɡ i ]_w
[_w k o ɾ ʈ ɐ ]_w
[_w k ɪ ɾ ɐ t̪ ɑ ]_w
[_w dʒ ɪ t̪ ɐ ]_w
[_w s ɑ m ɐ j ɑ p ɐ ]_w
[_w s ɐ̃ tʃ ɑ l ɐ n ɐ ]_w
[_w b o l i ]_w
[_w h ɪ n t̪ u ]_w
[_w ʊ n ɐ ɡ o ]_w
[_w z ɐ h ɐ n ɐ ]_w
[_w ɡ ɾ ɐ̃ d̪ʱ õ ]_w
[_w m ɐ ɖʱ ɐ ]_w
[_w ɑ ʋ ɑ z ɐ ]_w
[_w m ɐ h ɐ m ɐ ]_w
[_w h ɪ mː ɐ t̪ ɐ ]_w
[_w h ɐ m ɑ n ɐ n ɑ ]_w
[_w b ʊ d̪ ɾ ɐ n ɐ ]_w
[_w kʰ ʊ l ɑ ]_w
[_w ɡ ɐ ɾ i ]_w
[_w h ɾ ɐ d̪ ɐ ]_w
[_w m ɐ t̪ ɾ ɑ s ɐ ]_w
[_w ɪ n h ĩ ]_w
[_w ʋ ɛ s ɑ ]_w
[_w p ɐ ɾ ɪ z ɐ ɾ ɐ ]_w
[_w s ɑ k ɑ ɾ ɐ ]_w
[_w s i n ɪ j ɐ m ɐ ]_w
[_w n ɑ ɾ ɪ j õ ]_w
[_w m e l ɐ ]_w
[_w o b ɑ m ɑ ]_w
[_w k ɐ̃ b ɐ ]_w
[_w p ɑ ɾ ɡ ɐ ]_w
[_w s ɑ ɽʱ e ]_w
[_w tʃ ɔ t̪ʰ ɑ ]_w
[_w l ɑ pʰ ɐ ]_w
[_w m ɑ n ɐ s i ]_w
[_w l e kʰ ɐ n i ]_w
[_w tʃ ɪ l ɑ ]_w
[_w k ʊ tʃ ɐ ɾ ɑ ]_w
[_w p ɾ ɐ ʃ ɑ̃ t̪ ɐ ]_w
[_w p ɐ h ʊ t̪ʰ ɑ ]_w
[_w ʈ ɑ l ɑ ]_w
[_w m ʊ d̪ ɑ p ɪ k ɐ ]_w
[_w b ʊ dʒ ɑ ɾ i ]_w
[_w k ɔ ʃ ɐ l ɐ ]_w
[_w tʃʰ ɐ̃ t̪ ɐ ]_w
[_w ʊ p ɐ bʱ o ɡ ɐ ]_w
[_w ɐ k ɐ l e ]_w
[_w ʋ ɪ ɾ ʊ d̪ʱː ɐ ]_w
[_w p e ɽ ɐ ]_w
[_w m ɐ̃ d̪ ɪ ɾ ɐ ]_w
[_w ɪ t̪ ɐ n i ]_w
[_w p ɐ n ɑ ɾ ɐ s ɐ ]_w
[_w n ɪ d̪ʱ ɐ n ɐ ]_w
[_w l ɐ k i ]_w
[_w ɑ b u ɾ t̪ ɪ ]_w
[_w j ɐ t̪ ɪ ]_w
[_w p ʊ ɾ ʊ ʃ ɐ ]_w
[_w tʃ ɐ l ɑ j ɑ ]_w
[_w s ʋ ɐ ɾ n ɪ t̪ ɐ ]_w
[_w pʰ ɐ k ɐ ]_w
[_w n ɐ h ɐ ɾ ɐ ]_w
[_w ɐ t̪ ɪ d̪ʱ ɪ ]_w
[_w p ɐ ɾ ɪ ʋ ɑ ɾ ɐ ]_w
[_w n ɪ ʃ k ɾ ɪ j ɑ ]_w
[_w tʃ ɪ m ɐ ]_w
[_w ʋ ɪ bʱ ɐ k t̪ ɐ ]_w
[_w ɐ̃ d̪ ɐ ɾ k ɐ ]_w
[_w s u dʒ ɐ n ɐ ]_w
[_w k ɐ h ɐ t̪ i ]_w
[_w h ʊ s ɛ n ɐ ]_w
[_w ɡʱ ɪ l ɑ ɽ i ]_w
[_w ʋ ɪ bʱ ɑ ɡ ɐ ]_w
[_w ʊ p ɐ k ɾ ɐ ]_w
[_w h ɾ ɪ d̪ ɐ ]_w
[_w ɾ ɑ dʒ e ʃ ɐ ]_w
[_w s ɑ ɪ ʈ i ]_w
[_w j ɐ k ɾ ɪ d̪ ɐ ]_w
[_w dʒ ɪ l õ ]_w
[_w d̪ʱ ɐ n ʊ ʃ j ɐ ]_w
[_w t̪ʰ o ɽ ɑ ]_w
[_w ɡ ɾ e ʈ ɐ ]_w
[_w b ɐ ʋ ɪ t̪ ɑ õ ]_w
[_w tʃ ɐ ɽʱ ɑ i ]_w
[_w dʒ i ʋ ɑ n ʊ ]_w
[_w l ɐ k ɑ n ɐ ]_w
[_w p ɐ n ɑ n e ]_w
[_w k ɪ s m ɐ ]_w
[_w ɐ pʰ ɪ j ɑ n õ ]_w
[_w p ʊ ɾ ʊ ʃ õ ]_w
[_w ʋ ɑ h ɪ t̪ ɐ ]_w
[_w s ɛ n ɐ ]_w
[_w dʒ e h ɐ ɾ e ]_w
[_w s ɐ ʋ ɑ ɾ i ]_w
[_w ɾ ɑ ʃ ʈ ɾ i j ɐ ]_w
[_w b o ʃ ɐ n ɐ ]_w
[_w p ɐ̃ ɡ ɐ tʃ ɐ ]_w
[_w ɑ p ɐ k ɑ ]_w
[_w tʃʰ ɐ p ɑ i ]_w
[_w s ɐ̃ b ɐ ɾ ɑ ]_w
[_w ʈ ɾ e n ɐ ]_w
[_w m ɛ d̪ ɑ n ɐ ]_w
[_w p ɐ t̪ː ɪ ]_w
[_w s ɑ h ɪ p ɐ ]_w
[_w e k ɑ t̪ ɐ ʃ ɑ ]_w
[_w p ɐ ɾ ɪ ʃ ɐ t̪ ]_w
[_w p i ɽʱ i ]_w
[_w ʈ ɑ l i ]_w
[_w p o s ʈ ɐ ]_w
[_w d̪ ɪ l ɐ ]_w
[_w s ɐ t̪ː ɑ ]_w
[_w bʱ ẽ ʈ ɐ ]_w
[_w k ɐ h ɐ ]_w
[_w s ɐ ɡ ɐ t̪ e ]_w
[_w t̪ ɐ d̪ʱ j ɐ m ɐ ]_w
[_w u ʃ m ɑ ]_w
[_w ɡ ɐ m ɐ ɾ t̪ʰ ɐ ]_w
[_w s ɐ m ɑ dʒ ɑ ɾ ɐ ]_w
[_w b ɐ ʈː i ]_w
[_w ʋ ɑ̃ tʃʰ ɪ t̪ ɐ ]_w
[_w k ɐ ɾ i p i ]_w
[_w ɡ ɐ t̪ ɪ ]_w
[_w t̪ u s ɐ ɾ e ]_w
[_w tʃ ɐ ʋ ɑ p ɐ ]_w
[_w m e ɖ ɾ o l ɐ ]_w
[_w p ɾ ɐ d̪ i ]_w
[_w h ɐ l k ɑ ]_w
[_w n e d̪ ɑ ]_w
[_w ʃ ʊ ɡ l ɐ ]_w
[_w tʃ ɪ s ɐ k ɑ ]_w
[_w ɪ k ɐ ]_w
[_w d̪ʱ ɐ ɾ ɑ d̪ ɐ ]_w
[_w p ɑ j ɐ l ɐ ʈ ɐ ]_w
[_w b u ɾ ɐ ]_w
[_w s ɐ̃ p ɐ̃ d̪ʱ ɪ t̪ ɐ ]_w
[_w ʋ ɑ ɾ ɑ n i ]_w
[_w kʰ ʊ ɖ ɐ n e ]_w
[_w ʋ j ɐ ɾ t̪ʰ ɐ ]_w
[_w tʃʰ o ɽ ɐ ]_w
[_w dʒ ɐ l ɐ ]_w
[_w m o d̪ i ]_w
[_w p ɑ p u ]_w
[_w b ʊ n j ɐ ]_w
[_w ĩ ʈ ɐ ]_w
[_w ɾ ɐ kʰ ɐ t̪ e ]_w
[_w bʱ ɑ p ɐ ]_w
[_w s ɐ pʰ ɐ l ɐ ]_w
[_w p ɐ s ɐ̃ t̪ ɐ ɾ ɐ ]_w
[_w d̪ ɐ̃ d̪ ɾ ɐ ]_w
[_w k ɔ ɾ ɐ ʋ ɐ ɾ i ]_w
[_w s b ɐ ʃ ʈ ɐ ]_w
[_w h o l ɐ ]_w
[_w s ɐ h ɐ j o ɡ ɐ ]_w
[_w tʃ ɑ h e ]_w
[_w k ɐ h ɐ l e ]_w
[_w t̪ ɐ ʈ ɐ ]_w
[_w tʃ ɐ ʈ ɪ l ɐ ]_w
[_w ɐ t̪ ʋ ɪ t̪ i j ɐ ]_w
[_w tʃʰ ɑ j ɑ ]_w
[_w k ɐ ɾ ẽ ɡ e ]_w
[_w ɑ tʃ ɑ t̪ i ]_w
[_w s t̪ ɾ i ]_w
[_w m ɪ l ɐ t̪ ɑ ]_w
[_w s t̪ʰ ɑ j i ]_w
[_w dʒ ɑ ɡ ɐ ɾ ɐ ]_w
[_w s ʊ p ɐ ɾ ɑ̃ t̪ ɐ ]_w
[_w b ɐ h ʊ d̪ʱ ɑ ]_w
[_w k ɑ j ɐ m ɐ ]_w
[_w m ʊ dʒʱ ɐ s e ]_w
[_w ʋ ɪ t̪ ʋ ɑ n õ ]_w
[_w ɐ p ɐ ɾ ɐ ]_w
[_w dʒ ʊ ɽ i ]_w
[_w k o l ɑ ɡ ɑ d̪ ɐ ]_w
[_w ʊ ɾ d̪ u ]_w
[_w p u tʃʰ ɑ ]_w
[_w p ʊ s t̪ ɐ ɡ õ ]_w
[_w bʱ o ɡ ɐ ]_w
[_w p ɐ n i ]_w
[_w n ɪ k ɐ ]_w
[_w s ɐ m ɐ dʒʱ ɐ d̪ ɑ ]_w
[_w ɪ tʃʰː ɑ ]_w
[_w j ɐ t̪ʰ ɑ ɾ t̪ʰ ɐ ]_w
[_w p o ɾ ʈ ɐ ]_w
[_w n ɐ i ]_w
[_w b ɐ k ʃ ɪ n i ]_w
[_w k o ʋ ɑ ]_w
[_w ʊ p ɐ j o k ɐ ]_w
[_w t̪ ɐ ɾ ʃ ɑ t̪ i ]_w
[_w ʃ ɛ l i ]_w
[_w p ɾ e m i ]_w
[_w pʰ ɐ k ɐ ʋ ɑ n ]_w
[_w m ɐ d̪ʱ j ɐ ]_w
[_w d̪ ʊ s ɐ ɾ e ]_w
[_w b ɾ ɐ n ɑ ]_w
[_w k ɾ ɐ s t̪ ʊ ]_w
[_w s ɐ̃ b ɐ̃ d̪ʱ ɪ t̪ ɐ ]_w
[_w ɐ m i ɾ ɐ ]_w
[_w kʰ o l ɐ ]_w
[_w dʒ ɐ m i n ɐ ]_w
[_w p i m ɑ ɾ ɪ j ɐ ]_w
[_w f ɪ l m õ ]_w
[_w m ɪ t̪ ɾ õ ]_w
[_w ɑ t̪ e ʃ ɐ k ɐ ]_w
[_w k ɐ b u ɾ ɐ ]_w
[_w ɾ o ʈ i ]_w
[_w dʒ i n i ]_w
[_w n ɑ d̪ʱ ɐ ]_w
[_w s ɐ m u h ɐ ]_w
[_w s ɛ m ɐ ]_w
[_w ɐ d̪ j ɑ dʒ ɑ ɾ õ ]_w
[_w b ɐ l k ɪ ]_w
[_w p ɾ ɐ pʰ ɑ ʋ i ]_w
[_w ɑ k ɐ ɾ ɐ ]_w
[_w b ɑ ʊ ɖ ɐ ɾ ɐ ]_w
[_w p j ɑ tʃ ɐ ]_w
[_w ɐ n ɪ ʋ ɑ ɾ i ]_w
[_w ʋ ɪ t̪ʰ ɑ õ ]_w
[_w s ɪ t̪ ɑ ɾ e ]_w
[_w l i ɖ ɐ ɾ ɐ ]_w
[_w ʋ ɪ ɾ o d̪ʱ ɐ ]_w
[_w h ɪ m ɑ ]_w
[_w ɾ o m ɐ ]_w
[_w k ɐ e ]_w
[_w b ɛ m ɑ n e ]_w
[_w s ɐ m ɑ d̪ʱ ɪ ]_w
[_w d̪ ʊ ɾ l ɐ bʱ ɐ ]_w
[_w b ɐ t̪ ɑ t̪ ɑ ]_w
[_w l o k o ]_w
[_w pʰ ɐ k ɐ ʋ ɑ n ɐ ]_w
[_w ɡ ɪ ɾ ɑ ʋ ɐ ʈ ɐ ]_w
[_w ʃ ɑ s t̪ ɾ õ ]_w
[_w ɪ n s ɑ n ɐ ]_w
[_w s ɐ bʱ e d̪ ɐ ]_w
[_w l ɐ k ʃ m ɐ n ɐ ]_w
[_w p ɐ ɾ ɪ ʃ ɐ ]_w
[_w m ɐ h ɐ̃ ɡ ɑ ]_w
[_w dʒ ɪ s ɐ ]_w
[_w s o ɖ ɪ j ɐ n ɐ ]_w
[_w p ɐ dʒ ɐ n ɐ ]_w
[_w l o ɡ ɐ s ɐ ]_w
[_w tʃʰ o ɾ ɐ ]_w
[_w p i n e ]_w
[_w s ɪ s ʈ ɐ m ɐ ]_w
[_w b ɾ ɐ s ɐ ]_w
[_w ʋ ɪ d̪ ʋ ɑ n õ ]_w
[_w k ɐ h e ]_w
[_w p ɾ ɐ s ɪ d̪ʱː ɐ ]_w
[_w ɾ ɐ k t̪ ɐ ]_w
[_w bʱ ɐ ɾ ɑ ]_w
[_w bʱ e s ɐ p ʊ k ɐ ]_w
[_w dʒ e l ɐ ]_w
[_w h o m s ɐ ]_w
[_w bʱ ɐ ɾ i ]_w
[_w s ɐ m ɑ p ɐ n e ]_w
[_w m o ɽ ɐ ]_w
[_w ɖʱ e ɾ ɐ ]_w
[_w ɾ ɑ dʒ j õ ]_w
[_w b ɾ ɪ ]_w
[_w ʈ ɾ ɛ pʰ ɪ k ɐ ]_w
[_w ɐ n ʊ tʃʰː e t̪ ɐ ]_w
[_w dʒ o ɽ e ]_w
[_w ɔ ʃ ɐ t̪ʰ ɪ ]_w
[_w ɡ ɑ ʈ ɐ n ɐ ]_w
[_w n ɐ j i ]_w
[_w ʃ ɑ s ɐ k ɐ ]_w
[_w kʰ ɐ ɾ e kʰ ɐ ]_w
[_w dʒ ɐ ɾ ɐ n t̪ ʊ ]_w
[_w s ɑ pʰ ɐ ]_w
[_w ʊ lː ɐ̃ ɡʱ ɐ n ɐ u ]_w
[_w s ɐ ɾ tʃ ɐ ]_w
[_w p ɾ ɐ bʱ ɑ ʋ ɐ ]_w
[_w d̪ ɪ m ɑ ]_w
[_w k ʊ d̪ː e ]_w
[_w ʋ ɪ t̪ ʋ ɑ n ]_w
[_w pʰ ɐ l e ]_w
[_w s ɪ̃ d̪ʱ ɐ ]_w
[_w h ɐ ʈ ɑ ]_w
[_w bʱ ɑ ɡ ɐ ]_w
[_w s ɐ m ɐ k ɐ ]_w
[_w h ɑ l ɑ̃ k ɪ ]_w
[_w s e l ɐ ]_w
[_w dʒ ɪ n d̪ ɐ k i ]_w
[_w s t̪ ɾ ɪ j õ ]_w
[_w p ɐ n ɐ k ɐ ]_w
[_w ɑ ɡ ɾ ɐ h ɐ ]_w
[_w j ɑ̃ d̪ ɾ ɪ k ɑ ]_w
[_w bʱ ɑ ɪ p ɐ ]_w
[_w s i ɡʱ ɐ n e ]_w
[_w kʰ ʊ t̪ ɐ ]_w
[_w s u dʒ ɐ k ɐ h õ ]_w
[_w m ɑ s ɐ ]_w
[_w kʰ ɐ p ɐ ɾ ɐ m ɑ ]_w
[_w l ɐ k ʃ ɐ ɡ ɐ ]_w
[_w ɾ ɐ h ɐ t̪ ɑ ]_w
[_w ʈ e ʋ ɪ ʈ ɐ ]_w
[_w ɐ ɾ dʒ ɪ t̪ ɐ ]_w
[_w ɐ p ɾ ɛ l ɐ ]_w
[_w dʒ o ɽ ɐ ]_w
[_w dʒ ɪ k ɾ ɐ ]_w
[_w tʃ ɑ n ɐ ]_w
[_w s ɐ p ɐ n i ]_w
[_w b ɐ ɽʱ ɐ n e ]_w
[_w dʒ ʊ n ɑ ]_w
[_w ʈʰ ɑ l ɐ ]_w
[_w b ɔ d̪ʱ ɑ ]_w
[_w ʋ ɾ ɪ d̪ʱː ɪ ]_w
[_w ʋ ɑ l e ]_w
[_w p ɑ t̪ ɐ ]_w
[_w d̪ ɪ kʰ ɑ d̪ e ]_w
[_w ʃ ɪ k ʃ ɪ t̪ ɐ ]_w
[_w k ɾ ɑ̃ t̪ ɪ ]_w
[_w ɾ ɑ dʒ u ]_w
[_w s ɐ m i ɾ ɐ ]_w
[_w ɪ s ɐ k e ]_w
[_w kʰ e ɾ e ]_w
[_w ʋ ɪ k ɑ ɾ ɐ ]_w
[_w ɪ s t̪ e m ɑ l ɐ ]_w
[_w n ɐ s ɐ ɾ ɐ ]_w
[_w ɑ dʒ ɐ ɾ ɐ ]_w
[_w m u ɾ kʰ ɐ ]_w
[_w m ʊ ɡ ɐ t̪ ɐ m ɐ ]_w
[_w ɡ ɐ ʈʰ ɪ n ɐ ]_w
[_w ɑ j ɐ t̪ ɐ ]_w
[_w p ɾ ɐ t̪ i t̪ ɐ ]_w
[_w m ɑ l ɪ ʃ ɐ ]_w
[_w m ɾ ɪ t̪ ɐ ]_w
[_w ɐ ɡ n ɪ ]_w
[_w k ɐ ɾ m i ]_w
[_w h ɑ d̪ʱ ɐ ]_w
[_w b ɾ ɑ h m ɐ n ɐ ]_w
[_w s o s ɑ ɪ ʈ i ]_w
[_w ʋ ɪ k ɾ ɐ ]_w
[_w ɐ d̪ʱ ɐ ʋ ɑ ]_w
[_w p ɐ h ɐ n ɐ n e ]_w
[_w t̪ ʊ ɾ bʱ ɑ ɡ j ɐ ]_w
[_w n ɪ ɾ m ɑ n ɐ ]_w
[_w z ɪ̃ d̪ʱ ɐ ]_w
[_w tʃʰ ɐ b ɑ i ]_w
[_w ɐ ɾ t̪ʰ ɑ d̪ ɐ ]_w
[_w ʋ ɪ t̪ ɐ ɾ ɪ t̪ ɐ ]_w
[_w ɐ f ɾ i k ɑ ]_w
[_w ɖ e ʋ ɪ ʈ ɐ ]_w
[_w ʃ ɑ j ɐ t̪ ɐ ]_w
[_w b ɐ ɾ p ɑ t̪ ɐ ]_w
[_w ɪ ʈ ɐ ]_w
[_w dʒ ɪ t̪ ɾ ɐ ]_w
[_w p ɐ k ʃ i ]_w
[_w p ɐ n ɑ t̪ e ]_w
[_w dʒ ɐ ɾ dʒ ɑ ]_w
[_w ɐ ɾ dʒ ʊ n ɐ n e ]_w
[_w t̪ ʊ ɾ l ɐ bʱ ɐ ]_w
[_w dʒ ɐ̃ t̪ ɐ ]_w
[_w p ɐ̃ ɖ ɪ t̪ ɐ ]_w
[_w b ɐ̃ ɡ ɐ l i ]_w
[_w ʊ bʱ ɐ ɾ ɐ ]_w
[_w ɡ ɪ s ɑ n õ ]_w
[_w s ɐ ɾ dʒ ɐ ]_w
[_w e ɖ s ɐ ]_w
[_w dʒ ɑ k ɐ ɾ ɐ ]_w
[_w bʱ ɐ̃ ɖ ɑ ɾ ɐ ]_w
[_w b ɐ ɽ e ɡ ɑ ]_w
[_w m ɐ n ʊ ʃ j ɐ ]_w
[_w k ʃ e d̪ ɾ ɐ ]_w
[_w b ɐ t̪ ɑ n ɑ ]_w
[_w s e ʋ ɑ ẽ ]_w
[_w j ɑ̃ t̪ ɾ ɪ k ɑ õ ]_w
[_w d̪ e kʰ ɐ t̪ ɑ ]_w
[_w b ɑ ʃ tʃ ɑ t̪ ]_w
[_w m ɑ ɾ ɐ t̪ i j ɐ ]_w
[_w dʒ e d̪ ɐ n ɑ ]_w
[_w tʃ ɐ l ɐ ]_w
[_w tʃ ɑ n ɐ d̪ ɑ ]_w
[_w p ʊ ɾ ɑ n õ ]_w
[_w ɡ i t̪ õ ]_w
[_w m ʊ pʰ t̪ ɐ ]_w
[_w dʒ ɐ l ɑ j ɑ ]_w
[_w ɑ b ɐ s i ]_w
[_w ɐ ɾ ɐ p i ]_w
[_w s ɪ l e ]_w
[_w bʱ ɔ t̪ ɪ k i ]_w
[_w l o k ɐ s ɐ l õ ]_w
[_w ɐ ʋ ɐ ɾ ɐ ]_w
[_w ʃ i ɾ ʃ ɐ k õ ]_w
[_w dʒ o ɽ ɑ ]_w
[_w s o ʋ ɪ j ɐ d̪ ɐ ]_w
[_w k ɑ ʈ ɐ k ɐ ]_w
[_w ɐ l ɐ k ɐ t̪ i ]_w
[_w d̪ ɐ ɾ ʃ ɐ n ɐ ]_w
[_w p ɾ ɐ t̪ ɑ n ɐ ]_w
[_w p ɑ l õ ]_w
[_w ɪ k ɑ i ]_w
[_w ʋ ɐ s t̪ ʊ ]_w
[_w m ʊ̃ h ɐ ]_w
[_w kʰ o dʒ ɐ n ɐ ]_w
[_w dʒ ɐ ɾ ɪ e ]_w
[_w ʋ j ɑ b d̪ ɐ ]_w
[_w s ɐ̃ kʰ i j ɐ ]_w
[_w l ɔ ʈ ɐ ]_w
[_w tʃ ɑ d̪ ɪ j õ ]_w
[_w ɐ t̪ʰ ɪ k ɑ ɾ ɐ ]_w
[_w ʋ j ɑ j ɑ m ɐ ]_w
[_w d̪ ʊ ɾ k ɐ ]_w
[_w ʊ b ɑ d̪ʱ ɪ ]_w
[_w h ɐ l d̪ ʋ ɑ n õ ]_w
[_w ɡ ɑ l ɐ n ɐ ]_w
[_w p ɾ ɐ z ɐ ]_w
[_w p ɑ b ɑ ]_w
[_w m ɑ ɾ dʒ ɐ ]_w
[_w n ɑ k ɐ ɾ ʃ ɐ ]_w
[_w d̪ʱ u p ɐ ]_w
[_w d̪ ɑ m ɐ ]_w
[_w dʒ ɑ n i ]_w
[_w n ɐ ʃ e ]_w
[_w k ʊ n õ ]_w
[_w k ɐ s ɐ l ɐ ]_w
[_w dʒ i ʋ ɐ n i ]_w
[_w ʊ p ɐ bʱ o k ɐ ]_w
[_w ʈ ɾ ɛ ɡ ɐ n ɐ ]_w
[_w pʰ ɑ k i t̪ ɑ ]_w
[_w l ɐ k ɐ d̪ ɐ ]_w
[_w p ɾ ɐ j ɐ ]_w
[_w ɐ n d̪ ɐ ]_w
[_w k ʃ ɐ n ɐ ]_w
[_w ʃ ɛ l ɐ ]_w
[_w b ɑ p ɐ ]_w
[_w kʰ ɑ t̪ j ɐ ]_w
[_w ɡʱ ɐ ɾ ɑ p ɐ ]_w
[_w p ɾ ɐ ʋ ɑ n e ]_w
[_w ʃ ɪ ɡ ɑ ɾ ʈ ɐ ]_w
[_w l e b ɐ l ɐ ]_w
[_w h ɐ l d̪ ʋ ɑ n i ]_w
[_w s ɑ m ɑ n ɐ ]_w
[_w b ɐ ɽ ɐ n e ]_w
[_w ɪ l ɑ k ɐ d̪ ɐ ]_w
[_w p ɑ d̪ ɑ ]_w
[_w ɐ̃ d̪ ɑ dʒ ɐ ]_w
[_w ɐ ɾ ɐ b ɐ ]_w
[_w d̪ e ʋ i ]_w
[_w n ɑ ɖ ɐ k i j ɐ ]_w
[_w s ɐ dʒ ɪ ʋ ɐ ]_w
[_w ɑ ʋ ɑ s i ]_w
[_w kʰ ɑ ɽ i ]_w
[_w p ɐ dʒ i ]_w
[_w p ɐ n ɑ j e ]_w
[_w p ɐ d̪ ɾ ɪ ʃ ʈ ɪ ]_w
[_w p ɐ t̪ ɑ t̪ ɑ ]_w
[_w ɡ ɪ n t̪ ʊ ]_w
[_w h ɪ̃ s ɑ ]_w
[_w b ɐ d̪ ɑ t̪ ɑ ]_w
[_w s ɑ d̪ʱ ɪ j õ ]_w
[_w t̪ ɛ j ɑ ɾ i ]_w
[_w s ɐ m e ]_w
[_w ʃ ʊ d̪ʱː ɐ ]_w
[_w bʱ ɑ ɾ ɐ ]_w
[_w n ɪ j ʊ ɡ ɐ ]_w
[_w s ʈ e ʃ ɐ n õ ]_w
[_w s ɐ t̪ j ɐ n t̪ ɐ ]_w
[_w dʒ ɑ n ɐ k ɐ ɾ ɐ ]_w
[_w h ɐ pʰ t̪ e ]_w
[_w b ɐ l ɪ d̪ ɐ ]_w
[_w m ɪ l ẽ ɡ e ]_w
[_w b ɾ ɐ s ɪ d̪ʱː ɪ ]_w
[_w b ɐ tʃ ɑ s ɐ ]_w
[_w p ɾ e m ɐ ]_w
[_w kʰ e l ɐ ]_w
[_w t̪ ɑ p ɐ m ɑ n e ]_w
[_w ɡ ɐ j e ]_w
[_w j ɑ t̪ õ ]_w
[_w h ɐ m e ]_w
[_w b ɐ ɾ ʋ ɐ t̪ ɾ ɐ ]_w
[_w b ɾ ɐ s ɑ ɾ ɐ ]_w
[_w ʋ ɐ ɾ ʊ n ɐ ]_w
[_w k ɐ n ɐ n ɑ ]_w
[_w k ɑ ɾ j ɐ ]_w
[_w n ɪ ʋ e t̪ ɐ n ɐ ]_w
[_w dʒ ɑ ẽ ]_w
[_w h ɐ m ɑ ɾ o h ɐ ]_w
[_w ʋ ɪ m ɑ n ɐ n e ]_w
[_w n e ʈ ɐ ]_w
[_w ʃ ɑ d̪ i ]_w
[_w e ɡ ɐ l ɐ n e ]_w
[_w dʒ e nː ɐ i ]_w
[_w dʒ i t̪ ɐ n e ]_w
[_w s ɪ kː e ]_w
[_w ʃ ɑ ɾ i ɾ ɪ k ɐ ]_w
[_w p ɐ n ɑ d̪ e ]_w
[_w dʒ ɐ n d̪ ɾ ɐ ]_w
[_w m e k s ɪ k o ]_w
[_w m ɐ n d̪ ɪ m ɐ ]_w
[_w ʋ ɪ ʋ ɑ d̪ õ ]_w
[_w s ɔ bʱ ɑ k j ɐ ]_w
[_w k ɑ ʋ j ɐ ]_w
[_w l ɐ k ɑ e ]_w
[_w tʃ ɑ h ɪ j e ]_w
[_w ɡʱ o ɾ ɐ ]_w
[_w s ɪ k ɐ ɾ e ]_w
[_w ɑ p ɐ k i ]_w
[_w ɡ e n d̪ ɾ ɐ ]_w
[_w h ɐ ɖ ɑ j ɑ ]_w
[_w l ɑ ɪ n ɐ l ɐ ]_w
[_w s ɑ l ɐ ]_w
[_w m u ɾ t̪ ɪ j õ ]_w
[_w k ʊ p t̪ ɑ ]_w
[_w ɐ n ʊ s ɑ ɾ ɐ ]_w
[_w ɪ s ɐ k ɑ ]_w
[_w b ɾ ɐ k ɐ ]_w
[_w n ɐ d̪ i ]_w
[_w s ɐ k e k ɑ ]_w
[_w n ɪ ɾ m ɑ d̪ ɑ ]_w
[_w n ɐ s l ɐ ]_w
[_w pʰ ʊ ʈ ɐ ]_w
[_w m ɐ n ʊ ]_w
[_w b i t̪ ɐ ]_w
[_w ɑ b ɐ ɡ ɐ ɽ i ]_w
[_w k ɾ ɐ m ɐ n ɐ ]_w
[_w kʰ ɑ d̪ e ]_w
[_w ɐ ɾ ɐ b i ]_w
[_w ɡ ɐ ɾ ɑ j ɑ ]_w
[_w b ɐ dʒ e ]_w
[_w p ɔ d̪ʱː ɐ ]_w
[_w m ɑ l ɪ k õ ]_w
[_w ɐ t̪ ɑ ]_w
[_w h ɐ ɾ ʃ ɪ ]_w
[_w b ɐ tʃ e ]_w
[_w l ɐ d̪ ɑ ]_w
[_w p ɑ ɾ ɪ d̪ ɐ ]_w
[_w j ɐ t̪ʰ ɑ ]_w
[_w ʋ e t̪ ɐ n ɑ ]_w
[_w k ɐ m ɐ dʒ o ɾ ɐ ]_w
[_w z ɪ ɖ i ]_w
[_w tʃ ʊ p ɐ ]_w
[_w ʋ ɐ k i l ɐ ]_w
[_w pʰ ɐ ɾ ɐ t̪ ɐ ]_w
[_w ɡʱ ɐ n ɐ u ]_w
[_w tʃ ɐ j ɐ n ɐ ]_w
[_w dʒ ɪ n h ẽ ]_w
[_w s ʋ ɑ t̪ ɐ ]_w
[_w p ɑ t̪ ẽ ]_w
[_w ʋ ɪ ʋ ɪ d̪ʱ ɪ ]_w
[_w k ɑ l e ]_w
[_w n ɐ ɡ ɐ ɾ ɐ ]_w
[_w ʈ i ɖ i h ɑ ʈ ɐ ]_w
[_w ɪ n ɐ m e ]_w
[_w p ʊ d̪ ɾ õ ]_w
[_w ɑ s t̪ʰ ɑ ]_w
[_w s ɐ bʱ i ]_w
[_w k ɐ m ɑ l ɐ j ɐ ]_w
[_w tʃ ʊ l ɑ i ]_w
[_w k ɑ n u n ɐ ]_w
[_w p ɾ ɐ n ɑ l i ]_w
[_w k ɐ ĩ ]_w
[_w ɑ k s i tʃ ɐ n ɐ ]_w
[_w pʰ ɛ s ɐ l ɑ ]_w
[_w b ɐ ʃ tʃ ɪ m ɐ ]_w
[_w p ɛ d̪ ɑ ]_w
[_w ʃ ɾ ɐ m ɐ n ɐ ]_w
[_w m ɐ̃ d̪ ɪ ɾ õ ]_w
[_w l ɐ n d̪ ɐ n ɐ ]_w
[_w ɾ ɪ p o ɾ ʈ s ɐ ]_w
[_w ɾ ɑ ʃ ɪ ]_w
[_w ɐ h ɐ s ʊ n ɐ ]_w
[_w k ɐ t̪ʰ ɐ n ɐ ]_w
[_w m o h ɐ n ɐ ]_w
[_w ɐ d̪ ʋ ɪ t̪ i j ɐ ]_w
[_w ɐ m ɪ t̪ ɑ ]_w
[_w p ʊ kʰ ɑ ɾ ɐ ]_w
[_w ʊ d̪ ɑ ɾ ɐ ]_w
[_w ʈʰ e ɾ ɐ ]_w
[_w k ɐ m ɐ s o ɾ ɐ ]_w
[_w ʋ ɪ ʋ ɑ t̪ ɐ ]_w
[_w n j ɑ j ɐ ]_w
[_w b ɐ h ɐ ɾ ɐ ]_w
[_w n ɑ ɡ ɐ ]_w
[_w ɡ ɾ e ɡ o ɾ i ]_w
[_w d̪ ɐ m ɑ ]_w
[_w s ɪ ʋ ɑ ]_w
[_w s p o ɾ ɖ s ɐ ]_w
[_w h ɑ d̪ʱ õ ]_w
[_w ʋ ɐ s t̪ ʊ d̪ ɐ ]_w
[_w p ɑ ʋ ɐ l i ]_w
[_w p ʊ l ɐ ]_w
[_w b ɾ ɐ ʃ n ɐ ]_w
[_w b u ɾ ʋ i ]_w
[_w ʋ ɪ dʒ ɪ t̪ ɐ ]_w
[_w bʱ ɑ̃ d̪ ɪ ]_w
[_w s ɑ ɡ ɐ ɾ ɪ k ɐ ]_w
[_w k ɐ ɾ ɪ j ɐ ]_w
[_w ɪ t̪ ɑ l ɐ ʋ i ]_w
[_w s ɐ bʱ e t̪ ɐ ]_w
[_w ɡʱ ɐ ʈ ɐ n ɑ õ ]_w
[_w ɐ k e l e ]_w
[_w j ɐ̃ t̪ ɾ õ ]_w
[_w h ɐ s ɑ s ɐ ]_w
[_w s ɐ b ɐ n ɑ d̪ e ]_w
[_w b o s ʈ ɐ ]_w
[_w d̪ ʊ m ɐ s e ]_w
[_w ʋ ɪ d̪ ʋ ɑ n ]_w
[_w m ɐ h ɐ l u ]_w
[_w h ɪ̃ t̪ i ]_w
[_w ʊ p ɐ n j ɑ s õ ]_w
[_w p ɐ̃ k ɐ dʒ ɐ ]_w
[_w k o ɡ e n ɐ ]_w
[_w s o ɾ ɐ ]_w
[_w dʒ u n ɐ ]_w
[_w ɡ ɾ i n ɐ ]_w
[_w b ɐ ʈ ɐ n ɑ ]_w
[_w kʰ ɐ ɾ i d̪ ɐ n e ]_w
[_w p ɑ ʊ̃ ɖ ɐ ]_w
[_w s ʋ ɐ p n ɐ ]_w
[_w bʱ ʊ k ɐ t̪ ɑ ]_w
[_w b ɛ d̪ ɑ ]_w
[_w ʃ ɐ ɡ ɐ ]_w
[_w ɡ ɛ ɾ ɐ ]_w
[_w d̪ ʋ i p õ ]_w
[_w l ʊ p t̪ ɐ ]_w
[_w k o l i ]_w
[_w m ɑ ɾ tʃ ɐ ]_w
[_w tʃ ɪ h n ɐ ]_w
[_w m ɑ ɾ k e ʈ ɐ ]_w
[_w ɾ e s ɪ̃ ɡ ɐ ]_w
[_w d̪ e ʃ õ ]_w
[_w h ɐ dʒ ɑ n ɐ ]_w
[_w o b ɐ n ɐ ]_w
[_w dʒ i ʋ ɐ̃ d̪ ɐ ]_w
[_w dʒ ʊ n ɑ ʋ õ ]_w
[_w tʃ ɪ k ɾ ɐ ]_w
[_w ɑ ɾ ɐ k ɐ d̪ i ]_w
[_w s ɐ k ɾ ɪ d̪ ɐ ]_w
[_w p ɛ ʈ ɐ ɾ n ɐ ]_w
[_w p ɑ ɽʱ ɐ ]_w
[_w ɡ e n d̪ ɾ ɪ t̪ ɐ ]_w
[_w e k ɐ l ɐ ]_w
[_w s ɐ t̪ ɛ ʋ ɐ ]_w
[_w p ɐ t̪ʰː ɐ ]_w
[_w h o ɡ ɑ ]_w
[_w m ɐ h ɐ l i ]_w
[_w ɑ ɾ ɖ ɐ ]_w
[_w dʒ o ɾ i ]_w
[_w s e ʈ ɐ ]_w
[_w ɐ kʰ ɐ p ɑ ɾ õ ]_w
[_w tʃ ɑ n e ʋ ɑ l e ]_w
[_w s ɐ ʋ ɑ ɾ ɐ ]_w
[_w ʋ ɪ t̪ e ʃ ɐ ]_w
[_w k ɪ j e ]_w
[_w b ɾ ɐ bʱ ɑ ʋ õ ]_w
[_w ɾ ɐ ʋ ɪ n d̪ ɐ ]_w
[_w ɡ ɐ h ɑ n ɪ ]_w
[_w s ɐ̃ ʋ ɪ d̪ʱ ɑ n ɐ ]_w
[_w l e kʰ ɐ ɡ õ ]_w
[_w m ɐ h ɑ ɾ e ]_w
[_w ʃ ɐ ɾ ɐ n ɐ ]_w
[_w p ɐ t̪ ɑ l ɐ ]_w
[_w z ɐ bʱ ɐ l ɐ d̪ ɑ ]_w
[_w ʃ ɾ ɐ m ɪ k ɐ ]_w
[_w ʋ ɪ ɡ ɾ ɪ t̪ ɐ ]_w
[_w dʒ ɐ l ɑ n e ]_w
[_w ẽ dʒ ɪ l s ɐ ]_w
[_w h ɐ ɾ ɐ ]_w
[_w p ʊ n ɪ j ɑ ]_w
[_w pʰ ɐ ɡ ɐ t̪ ɑ n e ]_w
[_w ɐ p ɐ ʃ ɪ ʃ ʈ ɐ ]_w
[_w d̪ʱ o ɽ i ]_w
[_w p ɾ o ɖ i ]_w
[_w ʊ s i ]_w
[_w ɡ ɑ ɾː ɐ ʋ ɑ i ]_w
[_w k ɐ ɾ ũ ɡ ɑ ]_w
[_w p ɾ ɐ j ɑ s õ ]_w
[_w d̪ ɐ bʱ i ]_w
[_w ɾ ɐ tʃ ɐ n ɐ ]_w
[_w tʃ ɪ d̪ ɾ ɪ m ɐ ]_w
[_w ʈ ɾ ɐ s ʈ ɐ ]_w
[_w l e kʰ ɐ k ɐ ɾ ɐ ]_w
[_w ɾ ɐ dʒ ɐ n ɑ ]_w
[_w s ɐ m ɐ dʒʱ ɑ ]_w
[_w t̪ i n ɐ ]_w
[_w k ɐ m ɐ l e ]_w
[_w s ɐ p ɐ ɾ ɐ ]_w
[_w ʊ nː ɐ t̪ ɐ ]_w
[_w ʋ ɪ n o t̪ ɐ ]_w
[_w k ɐ n õ ]_w
[_w b ɔ t̪ʰ e ]_w
[_w ɐ bʱ ɪ n e d̪ ɾ i ]_w
[_w l ɪ̃ ɡ ɐ ]_w
[_w dʒ i n e ]_w
[_w p ɐ s t̪ i ]_w
[_w ʋ ɪ l ɐ ]_w
[_w bʱ ɾ ẽ dʒ ɐ ]_w
[_w ɾ ʊ dʒ ɪ ]_w
[_w p ɐ n ɑ m ɐ ]_w
[_w p ɐ t̪ ɐ l ɐ n ɐ ]_w
[_w ɪ n h õ n e ]_w
[_w d̪ʱ ɐ ɾ m ɐ n ɐ ]_w
[_w s ʋ ɑ s t̪ʰ j ɐ ]_w
[_w f ɪ ɾ ɐ ]_w
[_w s ɪ̃ ɡ ɑ p ʊ ɾ ɐ ]_w
[_w ɡ ʊ l ɑ p i ]_w
[_w ɐ̃ k ɐ ]_w
[_w ɾ ɑ kʰ ɐ ]_w
[_w tʃ ɑ̃ t̪ ɐ ]_w
[_w ɾ ɪ tʃ ɐ ɾ ʈ ɐ ]_w
[_w s ɐ s t̪ e ]_w
[_w k ɐ t̪ ɪ ʋ ɪ t̪ʰ ɐ ]_w
[_w ɡ ɛ s i ]_w
[_w ɐ d̪ʱ ɪ k ɑ ɾ ɐ ]_w
[_w s ɑ h ɐ z ɐ ]_w
[_w ɡ ẽ d̪ ɾ ɪ d̪ ɐ ]_w
[_w b i tʃʰ ɑ ]_w
[_w p ɾ ɐ j ɑ s ɐ ]_w
[_w ɐ m ɾ ɪ t̪ ɪ ]_w
[_w p ɐ ʈ ɐ n ɑ ]_w
[_w p ɐ h ɐ l ɐ ]_w
[_w bʱ ʊ ʈ ɐ ]_w
[_w j ɑ t̪ ɾ i ]_w
[_w l ɑ ɡ u ]_w
[_w k ɑ j ɐ p ɐ ]_w
[_w bʱ ɔ t̪ ɪ ɡ i ]_w
[_w s ɐ̃ ɡ ɐ ʈʰ ɪ t̪ ɐ ]_w
[_w ɐ l ɑ ʋ ɑ ]_w
[_w ɑ ʋ ɐ ʃ j ɐ ɡ ɐ ]_w
[_w ɖ ɾ e n ɐ ]_w
[_w k j u b ɑ ]_w
[_w k ʃ ɐ t̪ ɾ ʊ ]_w
[_w m ʊ ɡ ɑ p ɐ l e ]_w
[_w tʃ e m s ɐ ]_w
[_w s ɐ d̪ ɐ n ɐ ]_w
[_w h o ɡ ɐ ɾ ɐ ]_w
[_w s ɐ bʱ j ɐ ]_w
[_w s ɑ f ɐ ]_w
[_w p ɐ nː e ]_w
[_w l ɑ h ɔ ɾ ɐ ]_w
[_w h ʊ e ]_w
[_w s ɐ ɡ e ]_w
[_w ɐ ɡ ɐ ɾ ɐ ]_w
[_w k ɪ m i ]_w
[_w n ɑ m ɪ t̪ ɐ ]_w
[_w k ɐ h ẽ ]_w
[_w ʃ ɾ ɐ m ɐ ]_w
[_w ɡ ɾ i k ɐ ]_w
[_w s ɐ m ɐ ɡ ɐ ɾ ɐ ]_w
[_w k ɪ n ɐ d̪ i ]_w
[_w ʋ ɪ t̪ː i j ɐ ]_w
[_w m o ʈ ɐ ɾ ɐ ]_w
[_w tʃ ɑ n ɐ d̪ e ]_w
[_w b ɐ ʋ ɪ d̪ ɑ õ ]_w
[_w ɪ n ɐ ɡ i ]_w
[_w z ɑ t̪ ɐ ]_w
[_w ɐ s t̪ ɪ ʃ k ɐ ]_w
[_w ɪ ʃ ɑ ɾ ɑ ]_w
[_w ɡ ɐ b ɐ ɾ ɐ ]_w
[_w ɡ o j ɐ l ɑ ]_w
[_w p e ʈ ɑ ]_w
[_w ɖ ɑ l ɐ t̪ e ]_w
[_w k ɐ t̪ʰ ɪ t̪ ɐ ]_w
[_w l ɐ k ɐ t̪ i ]_w
[_w p ɾ ɪ t̪ʰ ʋ i ]_w
[_w b ɐ h ɑ t̪ ʊ ɾ ɐ ]_w
[_w b ɑ ɡ i ]_w
[_w k ẽ d̪ ɾ ɐ ]_w
[_w p ɐ n ɑ t̪ ɑ ]_w
[_w m ɔ l ɪ k ɐ ]_w
[_w b ɑ ɡ ɐ ]_w
[_w b ʊ l ɐ ]_w
[_w b i d̪ ɐ ]_w
[_w h ɐ ɾ i ]_w
[_w s ɪ̃ h ɐ ]_w
[_w ɑ j o dʒ ɪ t̪ ɐ ]_w
[_w e k i k ɾ ɪ d̪ ɪ ]_w
[_w ʋ j ɐ̃ dʒ ɐ n ɐ ]_w
[_w p ɐ t̪ ɑ j ɑ ]_w
[_w b ɐ h u ]_w
[_w ɾ ɑ dʒ ɐ s ʋ ɐ ]_w
[_w l ɐ̃ p e ]_w
[_w k ɑ ʈ ɐ ]_w
[_w ʃ ɐ p t̪ õ ]_w
[_w k ɾ ɪ ʃ ʈ ɪ ]_w
[_w s o ʋ ɪ j ɐ t̪ ɐ ]_w
[_w s ɐ̃ d̪ ɐ ]_w
[_w ʃ ɐ ɾ ɐ t̪ i t̪ ɐ ]_w
[_w k o p ɑ l ɐ ]_w
[_w h ɐ n ʊ m ɐ t̪ ɪ ]_w
[_w p ɪ dʒ ɐ l e ]_w
[_w ɐ s ɐ bʱ ɑ ]_w
[_w ɡ ɐ m ɐ ɾ i ɡ ɑ ]_w
[_w d̪ ɑ j ɪ t̪ ʋ ɐ ]_w
[_w dʒ ɐ ɽ ẽ ]_w
[_w m ɑ̃ k ɐ n ɐ ]_w
[_w d̪ ɑ d̪ ɑ ]_w
[_w n ɐ e ]_w
[_w p ɐ ɽʱ ɑ ]_w
[_w ʋ ɪ d̪ e ʃ õ ]_w
[_w d̪ ɑ n ɐ ]_w
[_w b ɾ ɑ ɪ ʋ ɐ ]_w
[_w ɐ p t̪ ʊ l ɐ n ɑ ]_w
[_w ʃ ɪ k ʃ ɐ n ɐ ]_w
[_w ɪ s i l ɪ e ]_w
[_w p ɾ ɐ d̪ ɐ ]_w
[_w k j õ k ɪ ]_w
[_w ɡʱ ɐ ɾ i d̪ ɑ ]_w
[_w s ɑ m ɐ ɡ ɐ ]_w
[_w s ɐ tʃː ɑ ]_w
[_w m ɪ l ʋ ɔ k i ]_w
[_w s ɐ h ɐ m ɐ d̪ ɪ ]_w
[_w k j ɑ ɾ ɐ ]_w
[_w p ɛ m ɑ n e ]_w
[_w d̪ ɐ ʋ ɑ ]_w
[_w m ʊ k e ʃ ɐ ]_w
[_w k ɐ h ɐ l ɑ d̪ ɑ ]_w
[_w m e ɖ ɪ k ɐ ɖ ɐ ]_w
[_w n ɑ ɾ ɪ j ɐ ]_w
[_w dʒʱ ʊ k ɑ ʋ ɐ ]_w
[_w ɐ n ʊ tʃʰː e d̪ ɐ ]_w
[_w t̪ ɪ ʃ ɑ ]_w
[_w s ɐ p ɐ n õ ]_w
[_w m ʊ d̪ ɑ j ɐ ]_w
[_w h ɾ ɪ t̪ ɐ ]_w
[_w ɡ ɾ ɪ t̪ ɐ ]_w
[_w ɾ o ɡ õ ]_w
[_w ʋ ɐ dʒ ɐ n ɑ ]_w
[_w d̪ u pʰ ɑ n ɐ ]_w
[_w ɐ ʈː ɑ ]_w
[_w ɡ ɾ o d̪ʱ ɐ ]_w
[_w s ɐ̃ t̪ ʊ ʃ ʈ ɐ ]_w
[_w m ɐ d̪ ɐ ]_w
[_w tʃ ɪ s ɐ m ẽ ]_w
[_w ɛ s i ]_w
[_w b ɐ ʈ e l ɐ ]_w
[_w b ɐ n ɐ t̪ ɐ ]_w
[_w s ɐ h ɐ n e ]_w
[_w l ɐ k ɐ n i k i ]_w
[_w pʰ ɑ ʃ ɐ ]_w
[_w pʰ ɐ ɾ ɐ ʋ ɑ dʒ e ]_w
[_w ɐ m ɾ ɪ d̪ʱː ɪ ]_w
[_w ɐ b ɾ ɛ l ɐ ]_w
[_w k ɐ ʈ ɑ i ]_w
[_w n i d̪ ɪ j õ ]_w
[_w bʱ u l ɐ ]_w
[_w s ɐ̃ b ɐ̃ d̪ʱ õ ]_w
[_w m ɑ n ɑ ]_w
[_w ʊ ʈʰ e ]_w
[_w k ɐ̃ t̪ʰ e ]_w
[_w s ɐ tʃ ɐ m ʊ tʃ ɐ ]_w
[_w s ɐ tʃ ɑ ]_w
[_w s ɐ̃ ʋ e d̪ ɐ ]_w
[_w tʃ ɪ l e ]_w
[_w b ɑ d̪ ẽ ]_w
[_w ɡʱ ɐ̃ ɖ ɑ ]_w
[_w j ʊ ʋ ɑ õ ]_w
[_w p ɾ ɐ m ʊ kʰ ɐ ]_w
[_w m ɛ tʃ õ ]_w
[_w d̪ ɑ l ɐ ʋ i ]_w
[_w b i tʃʰ e ]_w
[_w ɐ h ɐ z ɑ s ɐ ]_w
[_w b ɾ ɑ ɾ ɐ ]_w
[_w ʊ d̪ ɐ n e ]_w
[_w h ɐ ʈ ɑ n e ]_w
[_w d̪ j ɑ ɡ ɐ ]_w
[_w l e k ɐ ɾ ɐ ]_w
[_w kʰ ɐ̃ ɖ ɑ ]_w
[_w ʃ ɪ ʋ ɐ l ɪ̃ ɡ ɐ ]_w
[_w ɐ ʋ ɐ k ɐ ]_w
[_w s ɐ t̪ ɪ j õ ]_w
[_w b ɛ l ɐ ]_w
[_w k o ɾ ɪ j ɑ ]_w
[_w l ɐ ʋ ɐ ]_w
[_w ɐ tʃʰː i ]_w
[_w h ɐ l d̪ ʋ ɑ n ɐ ]_w
[_w n ɑ m õ ]_w
[_w tʃ ɪ n d̪ ɐ k i ]_w
[_w b ɐ tʃː ɑ ]_w
[_w ɡʱ ɑ ʈ ɐ ]_w
[_w s ɐ̃ p u ɾ n ɐ ]_w
[_w n ɑ j ɪ k ɑ ]_w
[_w m ɑ s ʈ ɐ ɾ ɐ ]_w
[_w k ɾ ɪ j ɑ ]_w
[_w ɡ ɐ d̪ j ɐ ]_w
[_w ɡ ɐ ɾ o ]_w
[_w m ɪ l e k ɑ ]_w
[_w s ɐ̃ s ɑ ɾ ɐ ]_w
[_w d̪ e z ɐ ]_w
[_w ʋ ɪ ʃ ɾ ɑ ]_w
[_w s ɐ̃ t̪ e ʃ ɐ ]_w
[_w ʋ j ɐ k t̪ ɪ j õ ]_w
[_w m ɐ k ɑ n ɐ ]_w
[_w d̪ ɾ ɪ ʃ j õ ]_w
[_w ɐ s t̪ ɪ t̪ ʋ ɐ ]_w
[_w j ɔ n ɐ ]_w
[_w p ɑ t̪ e ]_w
[_w ɑ ʋ e d̪ ɐ ]_w
[_w tʃ ɪ s ɐ ɡ e ]_w
[_w ɾ u p ɐ n ɐ ]_w
[_w ɐ t̪ʰ j ɑ j ɐ ]_w
[_w ɑ m ɐ t̪ ɔ ɾ ɐ ]_w
[_w p ɐ t̪ n i ]_w
[_w ʃ ɐ h ɐ ɾ ɑ ]_w
[_w bʱ ɑ̃ t̪ ɪ ]_w
[_w ʈ ɪ k ɐ ]_w
[_w ʋ ɪ t̪ ɐ ɾ ɐ h ɐ ]_w
[_w s ɐ̃ ɾ ɐ tʃ ɐ n ɐ ]_w
[_w ɾ ɐ tʃ ɪ t̪ ɐ n ɑ ]_w
[_w ɡʱ e l ɑ ]_w
[_w tʃ ɑ n ɐ k ɐ ]_w
[_w b i m ɑ ɾ i ]_w
[_w pʰ ɛ ʃ ɐ n ɐ ]_w
[_w bʱ ɑ ʋ ɐ n ɑ õ ]_w
[_w ɐ ʋ ɐ ʃ j ɐ p ɐ ]_w
[_w s ʊ l d̪ ɑ n ɐ ]_w
[_w p ɐ ɾ j ɐ ]_w
[_w m u ɾ ɐ ]_w
[_w dʒ i n ɐ ]_w
[_w s ʋ ɐ ɾ k õ ]_w
[_w pʰ ɪ l ɐ h ɑ l ɐ ]_w
[_w d̪ ɑ ɾ ɐ ]_w
[_w m e h ɐ ]_w
[_w s ɐ pʰ ɑ ]_w
[_w ʃ ɐ ɾ d̪ õ ]_w
[_w ɡ ɐ ʋ ɪ t̪ ɑ õ ]_w
[_w ɑ ɡ ɑ ɾ ɐ n e ]_w
[_w ɪ n ɐ ɡ o ]_w
[_w p e ɖ ɾ o ]_w
[_w s ʋ ɐ t̪ ɐ̃ d̪ ɾ ɐ ]_w
[_w ɐ n ɐ ʃ ɐ n ɐ ]_w
[_w ɪ s ɐ l ɪ j e ]_w
[_w d̪ ʊ m h ɑ ɾ i ]_w
[_w ʃ ʊ k ɾ ɐ ]_w
[_w b ɐ ɾ ɪ s ɐ ]_w
[_w ʃ ɐ d̪ ɾ ʊ ]_w
[_w ɡ ɑ n õ ]_w
[_w b ɾ ɐ j ɑ k ɐ ]_w
[_w ɾ ɐ s ɐ ʋ ɐ ]_w
[_w ɑ t̪ʰ ɑ ɾ ɐ n ɐ ]_w
[_w ɐ dʒ i b ɐ ]_w
[_w k ɑ t̪ e ]_w
[_w ʃ ɪ kʰ ɐ ɾ ɐ ]_w
[_w b ɐ t̪ ɐ n ɐ ]_w
[_w k ɾ ɪ t̪ ɾ ɐ ]_w
[_w ʃ ɐ h ɐ ɾ õ ]_w
[_w n ɪ t̪ e ʃ ɐ ]_w
[_w p u tʃ ɐ n ɑ ]_w
[_w n e p ɑ l i ]_w
[_w ɐ ʋ ɐ s ɐ ɾ ɐ ]_w
[_w k o l ɐ ]_w
[_w ʊ tʃː ɐ t̪ ɐ m ɐ ]_w
[_w m ɑ ɾ ʈ ɪ n ɐ ]_w
[_w e k ɐ d̪ ɾ ɐ ]_w
[_w p ɐ h ɑ ɽ õ ]_w
[_w m ɛ t̪ ɑ n ɪ k ɐ ]_w
[_w s ʈ e ʃ ɐ n ɐ ]_w
[_w p ɑ kʰ ɐ ]_w
[_w ʃ ɐ t̪ ɾ ɐ ]_w
[_w p ɛ ʈʰ ɐ k ɐ ɾ ɐ ]_w
[_w ɡ ɐ m ɐ s t̪ i ]_w
[_w ɐ b ɐ ɾ ɐ ]_w
[_w tʃ ɑ ɾ ɐ ]_w
[_w b ɪ l k ʊ l ɐ ]_w
[_w p ɑ d̪ ɐ n ɐ ]_w
[_w ɐ k ɑ t̪ ɑ ]_w
[_w ɡ ɾ ɪ p ɐ j ɐ ]_w
[_w ɑ dʒ ɑ t̪ ɐ k ɐ ]_w
[_w ɡ i ʈ õ ]_w
[_w m ɪ ʃ ɾ ɑ ]_w
[_w b ʊ ɾ ɑ i ]_w
[_w s i n e ]_w
[_w b ɑ s ɑ ɾ ɐ ]_w
[_w n e ʃ ɐ n ɐ ]_w
[_w ɡ ɐ h ɐ ]_w
[_w bʱ ɾ ɐ m ɐ ʃ ɐ ]_w
[_w s ɐ̃ p ɑ d̪ ɐ ]_w
[_w j o k ɐ ]_w
[_w tʃ ɐ ɾ ɪ j e ]_w
[_w dʒ ʊ l ɑ i ]_w
[_w dʒ ɪ l ɑ ]_w
[_w ʈ i m õ ]_w
[_w b ɾ ɐ t̪ i j õ ]_w
[_w l ɐ kʰ ʊ ]_w
[_w ʊ n h ĩ ]_w
[_w ɡ ɪ ɾ ɐ t̪ ɑ ɾ ɐ ]_w
[_w dʒ ɐ k ɐ t̪ ɑ ]_w
[_w ɐ m ɾ ɪ d̪ʱː ɐ ]_w
[_w ʊ d̪ j o k ɐ ]_w
[_w d̪ ʊ dʒʱ e ]_w
[_w bʱ ɑ ʃ i ]_w
[_w s ɐ̃ t̪ ɐ ɾ bʱ ɐ ]_w
[_w ʊ s ɐ k o ]_w
[_w s ɐ p ɐ ɾ ɑ d̪ʱ i ]_w
[_w k ɐ t̪ ɪ p ɐ j ɑ ]_w
[_w l ɪ̃ k ɐ ]_w
[_w ɾ ɪ dʒ ɐ ɾ ɖ ɐ ]_w
[_w e k ɐ t̪ ɾ ɪ k ɐ ]_w
[_w ɑ l o tʃ ɐ k õ ]_w
[_w ʈ i ʋ i ɖ i ]_w
[_w ʃ ɐ l j ɐ ]_w
[_w h ɑ ɾ m o n ɐ ]_w
[_w s ɪ ɖ i ]_w
[_w ʊ n ɐ k ɐ ɾ õ ]_w
[_w bʱ ɾ ɑ̃ s i s i ]_w
[_w b ɾ ɐ tʃ ɑ ɾ ɐ ]_w
[_w n ɪ ɡ ɑ j ɐ t̪ ɐ ]_w
[_w ũ dʒ ɑ i ]_w
[_w b ʊ l ɑ j ɑ ]_w
[_w dʒ ɐ p ɐ k ɑ ]_w
[_w p ɑ ʋ ɐ ɾ ɐ ]_w
[_w k ɐ ʋ ɪ t̪ ɑ õ ]_w
[_w dʒ o ʃ i ]_w
[_w j o ɡ j ɐ t̪ ɑ ]_w
[_w p ɐ t̪ ɑ d̪ e ]_w
[_w ɡʱ ɑ n ɐ ]_w
[_w bʱ ɐ l ɐ ]_w
[_w d̪ ɪ j e ]_w
[_w b ɐ̃ b ɐ i ]_w
[_w ʃ ɐ t̪ ɾ ɪ k ɐ ]_w
[_w ɾ ɑ d̪ ɾ ɪ j õ ]_w
[_w p e tʃ ɐ n ɐ ]_w
[_w b ɐ tʃ ɐ ʈ ɐ ]_w
[_w t̪ e ʋ ɐ t̪ ɑ ]_w
[_w ɖ e k s ɑ s ɐ ]_w
[_w p ɑ ɾ k ɐ ]_w
[_w u ɾ dʒ ɑ ]_w
[_w b ɾ ɐ bʱ ʊ ]_w
[_w ʋ ɪ dʒ ɐ j i ]_w
[_w b ɑ ʋ ɐ n ɑ ]_w
[_w pʰ e s ɐ p ʊ ɡ ɐ ]_w
[_w kʰ o tʃ ɐ n ɐ ʋ ɐ ]_w
[_w p ʊ n ɐ ]_w
[_w s ɑ̃ p ɐ ]_w
[_w m ɑ b ɐ n e ]_w
[_w dʒ ɑ n ɐ t̪ ɑ ]_w
[_w ɑ ɾ ɐ k ɐ ]_w
[_w k ɑ l i n ɐ ]_w
[_w l ɐ k ʃ m ɐ ]_w
[_w d̪ ɐ k ʃ ɪ n ɐ ]_w
[_w ɑ ʊ ɖ ɐ ]_w
[_w p ɾ ɐ ʋ ɪ ]_w
[_w j ɑ n i ]_w
[_w ʈ ɑ ɪ m s ɐ ]_w
[_w s ɐ k ɾ ɪ j ɑ õ ]_w
[_w dʒ ɐ h ɐ ɾ ɐ ]_w
[_w b ɐ s ɐ ]_w
[_w k ɑ tʃ ɐ ]_w
[_w ɾ ɐ̃ ɡ ɐ ]_w
[_w s ɐ b ɐ n ɐ ]_w
[_w p i m ɑ ɾ ɐ ]_w
[_w ɡ ɐ ɾ o ɽ ɐ ]_w
[_w k ʊ bʱ ɑ ]_w
[_w t̪ e kʰ ɐ ɡ ɐ ɾ ɐ ]_w
[_w k ɐ t̪ ɪ p ɐ j ɐ ]_w
[_w bʱ ɑ ɾ ɐ d̪ ɐ ]_w
[_w k ɑ ɾ j õ ]_w
[_w ɡ ɑ ʋ j ɐ ]_w
[_w ɾ ẽ tʃ ɐ ]_w
[_w p ɾ ɐ k ɾ ɪ j ɑ ]_w
[_w ɪ d̪ʱ ɐ ɾ ɐ ]_w
[_w p ɾ ɐ b ɐ ]_w
[_w t̪ ɐ ɾ ʃ ɐ ]_w
[_w b ɑ ʋ ɐ n ɐ ]_w
[_w dʒ i ʋ ɪ t̪ ɐ ]_w
[_w s ɐ m ɾ ɪ t̪ ɐ ]_w
[_w ɔ s ɐ t̪ ɐ d̪ ɐ ]_w
[_w tʃ ɐ l ɑ n e ]_w
[_w ɐ ʋ ɐ s ɑ t̪ ɐ ]_w
[_w s ɑ d̪ʱ i ]_w
[_w m ɐ h ɐ m ɐ l e ]_w
[_w d̪ o ɽ ɐ ]_w
[_w t̪ i s ɐ ɾ i ]_w
[_w tʃʰ o ɽ ɑ ]_w
[_w pʰ i ʈ ɐ ]_w
[_w ʋ e l s ɐ ]_w
[_w ɾ o m ɐ n ɐ ]_w
[_w b ɐ j ɑ ]_w
[_w s ɐ̃ k ɐ l p ɐ ]_w
[_w p ɐ ɾ ʋ ɐ ɾ ɐ ]_w
[_w ʋ ɪ p ɐ n ɐ ]_w
[_w k ɐ p u ɾ ɐ ]_w
[_w s ɑ ɡ ɑ ɾ ɐ n ɐ ]_w
[_w p ɾ ɐ dʒ ʊ ɾ ɐ ]_w
[_w ɡ o ɡ e n ɐ ]_w
[_w ɡʱ ʊ t̪ ɑ ]_w
[_w s e n ɑ õ ]_w
[_w d̪ʱ ʋ ɐ dʒ ɐ ]_w
[_w tʃ ɑ n e ]_w
[_w d̪ e ɾ ɑ ]_w
[_w ʋ ɐ ɾ l ɖ ɐ ]_w
[_w t̪ ɾ ɪ ʃ j ɐ ]_w
[_w s ɐ̃ k ɐ ʈʰ ɐ n ɐ ]_w
[_w s ʊ n ɐ t̪ e ]_w
[_w k ɐ ʈʰ ɪ n ɐ ]_w
[_w ɐ ɾ t̪ʰ ɑ d̪ ]_w
[_w ɾ ɐ h e ɡ ɑ ]_w
[_w ɑ b ɐ ]_w
[_w l ɐ h ɐ ɾ ɑ ]_w
[_w l e n ɑ ]_w
[_w s ɐ p ɐ k e ]_w
[_w s ɑ d̪ʱ ɑ ɾ ɐ ]_w
[_w ɾ ɑ dʒ i ʋ ɐ ]_w
[_w h ɑ n ɪ j ɑ̃ ]_w
[_w s ɐ n t̪ e ʃ ɐ ]_w
[_w k ɐ k ʃ ɑ ]_w
[_w ɐ ɾ e ]_w
[_w ɐ̃ d̪ ɐ ɾ ɡ ɐ ]_w
[_w p ɪ̃ t̪ ʊ ]_w
[_w ɪ n ɐ m ẽ ]_w
[_w ʋ ɪ k ɾ ɐ m i ]_w
[_w ɡ ɐ t̪ ɪ p ɐ j ɐ ]_w
[_w d̪ e kʰ ɪ j e ]_w
[_w k ɐ j i ]_w
[_w dʒ ɑ̃ d̪ i ]_w
[_w h ɐ tʃ ɑ ɾ ɐ ]_w
[_w n ɪ k ɑ l ɑ ]_w
[_w b ɐ n ɑ n ɑ ]_w
[_w e s ɪ ʈ ɐ n i ]_w
[_w ɑ l o dʒ ɐ n ɐ ]_w
[_w tʃ ʊ n ɑ ]_w
[_w ɡ ɾ e ]_w
[_w ɡʱ ɐ ɾ i t̪ ɐ n e ]_w
[_w bʱ ɾ e m ɐ ]_w
[_w k ɐ̃ bʱ i ɾ ɐ d̪ ɑ ]_w
[_w m ɑ l ɪ ɡ õ ]_w
[_w s ɪ p ɑ h i ]_w
[_w ɡʱ e l ɐ n e ]_w
[_w m ɐ ɡ ɐ ]_w
[_w s ɐ̃ j o tʃ ɐ n ɑ ]_w
[_w ɡ ɐ ɾ i p ɐ ]_w
[_w s o n e ]_w
[_w s e k ɐ̃ ɖ ɐ ]_w
[_w p ɐ n ɑ j ɑ ]_w
[_w ɪ̃ t̪ ɐ dʒ ɑ ɾ õ ]_w
[_w ɡ j ũ ɡ ɪ ]_w
[_w ɐ̃ t̪ ɐ ɾ ɐ l ɐ ]_w
[_w ɾ ɐ kʰ ɐ k ɐ ]_w
[_w t̪ ɪ lː i ]_w
[_w ɡ ɑ ʃ ɐ ]_w
[_w d̪ ɔ ɾ ɑ n ɪ j ɑ̃ ]_w
[_w ɐ p ɐ n ɑ j ɑ ]_w
[_w tʃ ɪ d̪ ɾ ɐ ]_w
[_w d̪ ʊ m ɐ ]_w
[_w ʋ ɪ t̪ː ɐ ]_w
[_w e k ɑ d̪ ɐ ʃ i ]_w
[_w b ɐ t̪ ɑ d̪ ɑ ]_w
[_w p ɐ ɽʱ ɪ j ɑ ]_w
[_w b ɾ ɐ d̪ʱ ɑ ]_w
[_w s ɪ ɾ f ɐ ]_w
[_w t̪ o p ɐ h ɐ d̪ ɑ ]_w
[_w l ɐ l ɪ t̪ ɑ n ɐ ]_w
[_w tʃ ʊ ɽ e ]_w
[_w s ɐ̃ tʃ ɑ l ɐ ]_w
[_w s ɐ̃ k ɐ ʈʰ ɪ n ɐ ]_w
[_w p ʊ t̪ ɾ ɐ n ɐ ]_w
[_w s ɐ m ɐ dʒʱ ɑ n e ]_w
[_w s ʋ ɐ ɾ k ɐ ]_w
[_w ɾ ɪ ʃ t̪ õ ]_w
[_w s m ɑ ɾ ɐ n ɐ ]_w
[_w b ɑ ɾ ɪ t̪ ɐ ]_w
[_w m ɑ m ɐ l e ]_w
[_w b ɐ ɽʱ ɐ n ɑ ]_w
[_w k ʊ m ɑ ɾ ɐ n e ]_w
[_w ɑ l o dʒ ɐ k õ ]_w
[_w ɾ o tʃ ɐ ɡ õ ]_w
[_w p ɐ t̪ ɾ ɪ k ɑ ]_w
[_w ʃ ɐ ɾ i ɾ ɐ ]_w
[_w ɾ ɐ k ɐ d̪ ɑ n ɐ ]_w
[_w ʈ ɪ k ɐ l ɐ ]_w
[_w ɐ bʱ ɪ j ɑ n õ ]_w
[_w m ɪ l ɐ n ɑ ]_w
[_w n ɪ ʃ k ɐ ]_w
[_w h ɪ m ɑ l ɐ j ɐ ]_w
[_w dʒ ɑ ɾ õ ]_w
[_w ɾ o z ɐ ]_w
[_w k ɛ t̪ʰ o l ɪ k ɐ ]_w
[_w ɑ n ɑ ]_w
[_w ɡ ɐ b ɐ ɽ e ]_w
[_w d̪ ɐ ʃ ɐ ɡ ɐ ]_w
[_w d̪ ʋ ɐ dʒ ɑ ]_w
[_w b ɾ ɐ ]_w
[_w pʰ e tʃ ɐ ]_w
[_w ʊ p ɐ ɡ ɾ ɐ ]_w
[_w ʃ ʊ k ɾ ɪ j ɐ ]_w
[_w ɡ ɾ ɑ m ɐ ]_w
[_w d̪ ɑ l ɑ p ɐ ]_w
[_w m ɐ̃ ɡ ɐ l ɐ n e ]_w
[_w b ɐ ʋ ɐ n ɐ ]_w
[_w p ʊ d̪ʱː ɐ ]_w
[_w m ɐ tʃʰ ɐ l i ]_w
[_w ɐ l ɐ k ɐ ]_w
[_w ɑ ɡ e ]_w
[_w t̪ ɑ ɾ i pʰ ɐ ]_w
[_w ɐ t̪ ɪ t̪ʰ ɪ ]_w
[_w ɐ b e k ʃ ɪ t̪ ɐ ]_w
[_w s ɐ̃ ɡ ɐ l ɪ j e ]_w
[_w dʒ ɐ l ɐ d̪ e ]_w
[_w ɡ ɾ u ɾ ɐ d̪ ɐ ]_w
[_w h o k ɐ ɾ ɐ m ɐ ]_w
[_w ɾ ɐ h ɐ t̪ i ]_w
[_w ɡ ɾ ɐ m i ]_w
[_w k ʊ l ɑ p ɐ ]_w
[_w m ɑ t̪ ɾ ɐ ]_w
[_w b ɐ̃ d̪ i ]_w
[_w tʃ i dʒ õ ]_w
[_w ɡ ɐ l ɐ t̪ i ]_w
[_w s ɐ̃ ɡ i t̪ ɐ ]_w
[_w k ɪ̃ ɡ ɐ ʈ ɐ ]_w
[_w k ɑ̃ d̪ʱ i ]_w
[_w ɑ j ʊ ɾ ʋ e t̪ ɐ ]_w
[_w n ɪ t̪ ɑ̃ d̪ ɐ ]_w
[_w b ɾ ɐ j o k ɐ ]_w
[_w m i ɖ ɪ j o ]_w
[_w ʈ u ʈ ɐ ]_w
[_w ɾ i t̪ ɪ ]_w
[_w ɐ ɾ t̪ʰ ɑ t̪ ]_w
[_w e pʰ ɐ ]_w
[_w l o k ɐ ]_w
[_w m ʊ kʰ j ɐ ]_w
[_w d̪ ɐ ɾ i k e ]_w
[_w b ɐ t̪ ɑ n e ]_w
[_w ɑ m ɐ̃ d̪ ɾ i ]_w
[_w j ʊ ʋ ɐ k ɐ d̪ i ]_w
[_w ɾ ɪ t̪ ʊ ]_w
[_w s ʋ ɑ k ɐ t̪ ɐ ]_w
[_w k ɐ ʈʰ ɪ t̪ ɐ ]_w
[_w ɾ u p ɐ ]_w
[_w kʰ ɑ t̪ ɑ ]_w
[_w tʃ ɪ n ɐ k o ]_w
[_w b o l ɑ ]_w
[_w h ɐ ɾ ʃ ɐ ]_w
[_w e tʃ ɐ ]_w
[_w m e ʈ ɪ ɡ ɐ l ɐ ]_w
[_w tʃ ɐ ɾ ɪ t̪ ɾ ɐ ]_w
[_w t̪ ɐ s ʋ i ɾ ɐ ]_w
[_w p ɐ ɾ e ʃ ɑ n ɐ ]_w
[_w p ɪ tʃ ɐ l i ]_w
[_w ɡ ɾ ɪ h ɐ ]_w
[_w ɐ bʱ ɪ n e t̪ ɾ i ]_w
[_w p ɐ h ɑ ɾ e ]_w
[_w s ɐ m ɐ j ɐ ]_w
[_w bʱ ɐ s ɐ l ɐ ]_w
[_w k o ʈ ɐ ]_w
[_w ʊ n ɐ m ẽ ]_w
[_w s ɐ m ɐ ɡ ɾ ɐ ]_w
[_w p ɾ ɑ̃ d̪ ɐ ]_w
[_w ɾ ʊ p ɐ j e ]_w
[_w k ɐ̃ p ɐ n i ]_w
[_w ɪ̃ k ɑ ɾ ɐ n ɐ ]_w
[_w dʒ ɪ t̪ ɾ ɪ t̪ ɐ ]_w
[_w ɡ ɐ̃ d̪ʱ ɐ ]_w
[_w m ɐ k ɐ t̪ʰ ɑ õ ]_w
[_w n ɪ ʃ tʃ ɐ j ɐ ]_w
[_w ʋ o ʈ ɐ ]_w
[_w ɑ t̪ʰ ɑ ]_w
[_w b ɾ ɐ ʋ e ʃ ɐ ]_w
[_w j ɐ d̪ʱ ɑ ]_w
[_w ʈ ɐ tʃ ɐ ]_w
[_w l ɐ k ɐ ɾ õ ]_w
[_w ɑ ɡ ɐ m ɐ ]_w
[_w k ɪ n ɑ ɾ õ ]_w
[_w ɡ ɐ h ɐ ɾ ɑ ]_w
[_w dʒ ɑ ɾ dʒ ɐ ]_w
[_w t̪ ɑ l ɑ p ɐ ]_w
[_w n ɐ tʃ ɐ ɾ ɐ ]_w
[_w t̪ʰ ɑ ɾ ɐ n ɐ ]_w
[_w d̪ ʊ l ɐ n ɑ ]_w
[_w s ʋ ɐ s t̪ʰ ɑ õ ]_w
[_w s ɑ m ɾ ɑ dʒ j ɐ ]_w
[_w ʋ ɪ bʱ ɑ tʃ ɐ n ɐ ]_w
[_w s ɐ tʃ i ʋ ɐ ]_w
[_w m ɐ h o d̪ ɐ j ɐ ]_w
[_w tʃ ɪ n ɐ m ẽ ]_w
[_w tʃ ɐ ɾ dʒ ɑ ]_w
[_w n ɐ h ɐ ɾ ɑ i ]_w
[_w ɑ d̪ e ]_w
[_w s i t̪ ɑ ]_w
[_w s ɐ t̪ ɐ ɾ ɐ l ɐ ]_w
[_w ɑ d̪ʱ ɑ ɾ ɐ n ɐ ]_w
[_w ʋ ɪ ɡ ɾ ɐ m ɐ ]_w
[_w j ɐ k ɾ ɪ t̪ ɐ ]_w
[_w tʃ ɐ ɡ ɐ l ɐ t̪ ɑ ]_w
[_w ɐ t̪ʰ j ɐ j ɐ n õ ]_w
[_w m ɛ n e ]_w
[_w ɐ b ɐ n ɑ ]_w
[_w ʈ ɑ ɪ b ɐ ɾ ɐ ]_w
[_w m o ʈ e ]_w
[_w p ɐ ɡ ɛ ɾ ɐ ]_w
[_w h ɪ̃ t̪ u ]_w
[_w s ɪ ʋ ɪ l ɐ j ɐ ]_w
[_w b ʊ s t̪ ɐ ɡ õ ]_w
[_w d̪ ɐ t̪ ʋ õ ]_w
[_w m ɑ p ɐ n ɐ ]_w
[_w p o ʃ ɐ ɡ ɐ ]_w
[_w ɡ ɪ n ɑ ɾ e ]_w
[_w ɡ ɐ ɾ bʱ ɐ ]_w
[_w p ɔ d̪ʱ õ ]_w
[_w m ɐ ɡ ɐ s ɐ ]_w
[_w kʰ ɑ j ɑ ]_w
[_w b ɐ ɾ bʱ ɐ ]_w
[_w l e d̪ ɑ ]_w
[_w ɐ d̪ʱ j ɐ j ɐ n ɐ ]_w
[_w d̪ ɐ ʃ ɐ k t̪ ɐ ]_w
[_w ʊ d̪ j o k õ ]_w
[_w k ɐ n e ]_w
[_w k ɐ l ɐ t̪ i ]_w
[_w p i l e ]_w
[_w ɐ n ʊ ɾ o d̪ʱ ɐ ]_w
[_w ʃ l o ɡ ɐ ]_w
[_w ʃ ɐ ɾ ɐ d̪ ɐ ]_w
[_w d̪ ɪ kʰ ɑ i ]_w
[_w k l ɛ p ʈ ɐ n ɐ ]_w
[_w ɑ ʃ ɾ ɐ m ɐ ʃ ɐ ]_w
[_w s t̪ʰ ɑ n i ]_w
[_w s ɐ̃ ɾ ɐ dʒ ɐ n e ]_w
[_w ʋ ɪ t̪ ɾ o h i ]_w
[_w b e ɽ õ ]_w
[_w bʱ o p ɑ l ɐ ]_w
[_w ɐ dʒ ɑ n e ]_w
[_w p ɐ h ʊ̃ tʃ ɐ n e ]_w
[_w s ɐ k ɐ d̪ e ]_w
[_w ɾ ɐ h ɐ k ɐ ɾ ɐ ]_w
[_w n ɪ ɾ ɐ̃ t̪ ɐ ]_w
[_w ɡ e ɾ ɐ l ɐ ]_w
[_w s n ɑ n ɐ ]_w
[_w ɡ ɐ ɾ ũ ɡ ɑ ]_w
[_w ʋ j ɐ t̪ i t̪ ɐ ]_w
[_w ɡ ɐ h ɑ ]_w
[_w ɑ e ɡ i ]_w
[_w ʊ ɽ i s ɑ ]_w
[_w t̪ e kʰ ɐ ]_w
[_w t̪ ɪ kʰ ɑ t̪ e ]_w
[_w b ɐ t̪ ɑ ɾ t̪ʰ õ ]_w
[_w k ɐ s p e ]_w
[_w ɾ u s ɐ ]_w
[_w t̪ u ɾ ɐ ]_w
[_w s ɑ d̪ʱ ɐ n õ ]_w
[_w ɐ l p ɐ ]_w
[_w ʃ o d̪ʱ ɐ n ɐ ]_w
[_w ɑ tʃ ɑ d̪ i j ɐ ]_w
[_w ʃ e ʃ ɐ ]_w
[_w d̪ ɐ̃ t̪ ɾ ɐ ]_w
[_w ɾ i d̪ ɪ ]_w
[_w p ɐ dʒ ɐ ʈ ɐ ]_w
[_w dʒ ɑ t̪ i j ɐ ]_w
[_w m ɐ h ɑ ɾ ɑ n ɐ ]_w
[_w dʒ ʊ n ɔ t̪ i ]_w
[_w bʱ ɑ ʃ ɑ ẽ ]_w
[_w h ɪ n d̪ i ]_w
[_w s ʋ i ɡ ɾ ɪ t̪ ɐ ]_w
[_w d̪ e kʰ e ]_w
[_w ɑ pʰ ɑ ɾ ɐ s ɐ ]_w
[_w l o ɡ o ]_w
[_w s ɐ̃ s ɑ d̪ʱ ɐ n õ ]_w
[_w ɑ n e ]_w
[_w d̪ e kʰ ɐ ɾ e l u ]_w
[_w p ɐ ɾ ɐ ]_w
[_w ɖ ɐ tʃ ɐ ]_w
[_w n e t̪ ɑ õ ]_w
[_w p ɐ n d̪ ɐ ]_w
[_w s e ɖ ɐ ]_w
[_w k ɛ s ɐ ]_w
[_w kʰ ɪ l ɑ ɽ ɪ j õ ]_w
[_w d̪ ɐ l e ]_w
[_w ʋ ɛ t̪ ɪ k ɐ ]_w
[_w ʃ ɐ d̪ ɐ k ɐ ]_w
[_w b o l ɐ n e ]_w
[_w ɾ ɑ m ɐ ]_w
[_w m ɐ h ɐ d̪ i ]_w
[_w ɑ ʋ ɪ ʃ k ɑ ɾ ɐ ]_w
[_w k ɐ ɾ ũ ]_w
[_w d̪ ɐ l ɐ ]_w
[_w s ɐ m ɐ dʒʱ e ]_w
[_w d̪ e ɡ ɑ ]_w
[_w kʰ ʊ ʃ i ]_w
[_w k ɪ t̪ ɐ n i ]_w
[_w s ɐ b ɐ n ɑ n e ]_w
[_w p u l ɐ ]_w
[_w n ɐ dʒ ɐ d̪ u ɾ ɐ ]_w
[_w ʃ u ʈ ɪ̃ k ɐ ]_w
[_w m ɑ ɾ e ]_w
[_w k ɐ h ɐ l ɑ t̪ e ]_w
[_w dʒ e m s ɐ ]_w
[_w m ɐ ɾ j ɑ d̪ ɐ ]_w
[_w tʃ ɐ m o l i ]_w
[_w m ɔ dʒ u d̪ ɑ ]_w
[_w b ʊ d̪ʱ ɐ ʋ ɑ ]_w
[_w m ʊ t̪ː ɑ ]_w
[_w b ɐ ɾ e ʃ ɐ ]_w
[_w e s ɐ ]_w
[_w h o ʈ ɐ l ɐ ]_w
[_w dʒʱ ɪ lː i ]_w
[_w l e kʰ ɐ ]_w
[_w ʃ ɐ b d̪ õ ]_w
[_w m ɑ ɾ ɖ ɪ n ɐ ]_w
[_w l ɪ m ɪ ɖ e ʈ ɐ ]_w
[_w ɐ̃ t̪ ɐ ɾ ɡ ɐ ]_w
[_w b ɐ n ɑ i ]_w
[_w ɡ ɪ j e ]_w
[_w tʃ ɪ s ɐ ɡ i ]_w
[_w b ɐ t̪ ɑ ɾ ɐ ]_w
[_w m ɔ dʒ u t̪ ɑ ]_w
[_w ɑ ɾ ɐ ]_w
[_w ɐ̃ t̪ ɐ ɾ ɐ ]_w
[_w ʊ d̪ j o ɡ ɪ k ɐ ]_w
[_w ɡ ʊ n õ ]_w
[_w ɐ t̪ j ɐ̃ d̪ ɐ ]_w
[_w dʒ o ɽ i ]_w
[_w l ɐ k ɑ d̪ ɐ ]_w
[_w m ɾ ɪ d̪ ɐ ]_w
[_w d̪ ɔ ɾ ɑ ]_w
[_w e l ɐ ]_w
[_w ɪ n ɐ ɡ e ]_w
[_w dʒ ɐ ɾ ɐ ]_w
[_w ɡ i dʒ ɪ j e ]_w
[_w ʈ ɐ ɾ ɐ ]_w
[_w kʰ ɑ n ɑ ]_w
[_w s ʊ kʰ ɐ t̪ ɐ ]_w
[_w n ɪ ʃ tʃ ɪ t̪ ɐ ]_w
[_w s ʋ ɑ ɾ t̪ʰ ɐ n ɑ ]_w
[_w s ɐ ʋ ɑ l ɐ ]_w
[_w d̪ e n e ]_w
[_w pʰ ɑ̃ t̪ ɪ ]_w
[_w t̪ ʊ ɾ ɡ ɐ ]_w
[_w l ɐ k ʃ ɐ n ɐ ]_w
[_w s ɪ ɖ ɐ ]_w
[_w n ɪ j ɐ n ɐ ]_w
[_w dʒ ɐ l e ]_w
[_w t̪ ɐ ɾ ʃ ɑ d̪ i ]_w
[_w m ʊ s l ɪ m ɐ ]_w
[_w ɑ t̪ ɐ m i ]_w
[_w d̪ ɑ tʃ ɑ ]_w
[_w k ɐ ɽʱ ɐ ʋ ɑ l ɐ ]_w
[_w b ɐ ɽ i ]_w
[_w d̪ u s ɐ ɾ ɑ ]_w
[_w k ɐ h ɐ l u ]_w
[_w d̪ʱ ɐ n ɐ ]_w
[_w k e n t̪ ɾ i j ɐ ]_w
[_w ɾ ɐ̃ k i n ɐ ]_w
[_w s ɐ̃ b u ɾ n ɐ ]_w
[_w ʊ t̪ p ɑ d̪ ɪ d̪ ɐ ]_w
[_w b ɑ n ɖ e j ɐ ]_w
[_w ʃ ʊ ɾ u ɑ t̪ i ]_w
[_w t̪ ɑ j ɪ t̪ ʋ ɐ ]_w
[_w s ɐ̃ b ɐ ɾ ɐ ]_w
[_w b ɐ̃ tʃ ɑ j ɐ d̪ ɐ ]_w
[_w ɡʱ u b ɐ ]_w
[_w m ɐ i ]_w
[_w bʱ i ɽ ɐ ]_w
[_w s ɐ̃ s ɐ t̪ ɐ ]_w
[_w m ɪ n ɐ ʈ ɐ ]_w
[_w e k ʃ ɐ n ɐ ]_w
[_w p u ɾ ʋ ɐ ]_w
[_w h ɑ l ɑ d̪ ɐ ]_w
[_w ʃ ɐ p t̪ ɐ ɾ ʃ ɪ ]_w
[_w bʱ ɐ ʋ ɐ n ɐ ]_w
[_w k ɑ̃ ʋ õ ]_w
[_w p ɐ h ɑ ɽ ɐ ]_w
[_w p o ʃ ɑ ɡ ɐ ]_w
[_w ʋ j ɑ s ɐ ]_w
[_w bʱ o n ɐ ]_w
[_w k ɑ n ɑ ]_w
[_w kʰ ɐ ʈ ɪ t̪ ɐ ]_w
[_w e ɡ ɐ ɽ ɐ ]_w
[_w p ɐ n ɑ e ]_w
[_w bʱ ɐ k ɐ ʋ ɑ n ]_w
[_w ɾ ɑ s t̪ e ]_w
[_w t̪ ɐ d̪ʱ ɑ ]_w
[_w b ɑ h j ɐ ]_w
[_w s ɐ ɾ ɐ ɡ ɑ ɾ i ]_w
[_w n ɑ ɾ ɑ j ɐ ]_w
[_w p ɐ h ɐ ]_w
[_w t̪ ɪ kʰ ɐ d̪ ɑ ]_w
[_w ɑ tʃ ɐ ]_w
[_w t̪ o ʃ i ]_w
[_w d̪ ɪ kʰ ɐ ]_w
[_w d̪ ɐ ɾ dʒ e ]_w
[_w p ɐ ɾ ɪ bʱ ɑ ʃ ɑ ]_w
[_w ɡ ɐ h ĩ ]_w
[_w s ɐ̃ t̪ o ʃ ɐ ]_w
[_w n e d̪ ɾ ɐ ]_w
[_w k ɐ ɾ m ɪ j õ ]_w
[_w d̪ ɐ t̪ː ɐ ]_w
[_w b ɐ d̪ ɑ ]_w
[_w ɡ ẽ d̪ ɐ ]_w
[_w p e s ɐ ]_w
[_w ɑ pʰ ɑ s ɐ ]_w
[_w p ɑ k i ]_w
[_w b ɛ ʈʰ ɐ k ɐ ɾ õ ]_w
[_w n e ʃ ɐ n õ ]_w
[_w p ɐ ɽ e ɡ ɑ ]_w
[_w ʋ ɑ h ɐ n õ ]_w
[_w dʒ ɑ̃ t̪ i ]_w
[_w h ɐ m ẽ ]_w
[_w d̪ ɐ p ɐ s e ]_w
[_w n ɐ m ɐ k ɐ ]_w
[_w k ʃ ɐ m ɐ ]_w
[_w ɡ ɐ p ɐ ɽ e ]_w
[_w s ɐ k ɾ ɪ j ɑ ]_w
[_w s ɐ k ɐ t̪ i ]_w
[_w b ɐ t̪ ɾ ɪ ʃ j õ ]_w
[_w k ɪ ɾ ɐ n e ]_w
[_w k ɐ ɾ d̪ ɐ n ɐ ]_w
[_w e k ɐ ɽ ɐ ]_w
[_w l e kʰ ɐ n ɐ n ɑ ]_w
[_w ʋ j ɑ kʰ j ɑ ]_w
[_w ɑ m ɐ ]_w
[_w m ɛ tʃ ɐ ]_w
[_w ɐ ɾ ɐ ʋ ɐ ɾ ɐ ]_w
[_w b ɐ h ɐ n ɑ ]_w
[_w p ɐ d̪ ɑ d̪ e ]_w
[_w p ɾ ɑ ɾ t̪ʰ ɐ ]_w
[_w ɡ ɐ p ɾ ɐ ]_w
[_w kʰ ɑ ʈ ɐ ]_w
[_w b ɐ d̪ʱː ɐ ɾ ɐ ]_w
[_w b i z ɐ ]_w
[_w ɐ m ɪ d̪ ɑ ]_w
[_w ɡ ɑ n u n i ]_w
[_w ɡ ɐ l i ]_w
[_w m ɐ d̪ ɐ l i ]_w
[_w t̪ ʊ s ɐ ɾ e ]_w
[_w s ʋ i k ɑ ɾ ɐ ]_w
[_w ɾ o ʃ ɐ n ɐ ]_w
[_w l o h ɑ ]_w
[_w dʒ ɑ ẽ ɡ e ]_w
[_w k ɑ l e dʒ ɐ ]_w
[_w ɐ p ɐ n e ]_w
[_w tʃ ɐ n d̪ ɾ ɐ ]_w
[_w ʋ ɐ s t̪ ɾ ɐ ]_w
[_w s ɐ̃ j o k ɐ ]_w
[_w l ɐ ɡ ɐ bʱ ɐ k ɐ ]_w
[_w m ɑ n ɐ t̪ i ]_w
[_w n ɐ k ɐ ɾ i ]_w
[_w tʃ ɑ l u ]_w
[_w t̪ ʊ m h ɑ ɾ i ]_w
[_w l ɐ m p e ]_w
[_w h o k ɐ ɾ ɐ t̪ ɐ ]_w
[_w m ʊ kʰ j ɐ t̪ ɐ ]_w
[_w e ɡ ɐ ɽ ɐ n e ]_w
[_w ʃ ɑ n t̪ ɪ ]_w
[_w p ɐ ɽ ɐ t̪ e ]_w
[_w s o tʃ ɐ ]_w
[_w b ɑ dʒ ɑ ɾ ɐ ]_w
[_w h ɐ m ɐ t̪ ɑ ]_w
[_w dʒ ɛ n ɐ l ɐ ]_w
[_w b ɔ ʈ i ]_w
[_w dʒ ɑ h ɑ ]_w
[_w d̪ ɪ kʰ ɑ j ɑ ]_w
[_w p ɐ ʈʰ ɐ n ɐ ]_w
[_w s ɐ t̪ ɾ ɪ t̪ ɐ ]_w
[_w ɐ ɾ ɐ p ɐ ]_w
[_w p ɐ ɡ ɐ ]_w
[_w kʰ ʊ ɾ ɑ n ɑ ]_w
[_w p ʊ n ɪ j ɑ t̪ i ]_w
[_w l ɑ ɪ n ɐ ]_w
[_w d̪ ʊ kʰ ɐ ]_w
[_w ɑ dʒ ɐ ]_w
[_w ɐ n j ɐ ʋ ɑ d̪ ɐ ]_w
[_w b ɾ o k ɾ ɑ m ɐ ]_w
[_w ɡ ɐ ʋ ɪ ]_w
[_w k ɐ h ɐ d̪ ʋ ɐ ]_w
[_w ʊ ʈʰ ɑ d̪ e ]_w
[_w ɪ d̪ ɐ n e ]_w
[_w tʃ ɪ s ɐ ]_w
[_w s o dʒ ɐ t̪ ɑ ]_w
[_w ʃ ʊ bʱ ɐ ]_w
[_w h ɐ ɾ ɑ i ]_w
[_w b ɾ ɑ b d̪ ɪ ]_w
[_w s i ɡʱ ɑ ]_w
[_w f o n ɐ ]_w
[_w h o k ɐ ɾ ɐ ]_w
[_w k ɐ̃ t̪ʰ ɐ ]_w
[_w k j õ ɡ ɪ ]_w
[_w ɐ m ɐ ɾ ɐ n ɐ ]_w
[_w m ɐ h ɪ m ɑ ]_w
[_w dʒ ɐ n ɐ t̪ e ]_w
[_w m ɐ k ɐ ]_w
[_w s ɐ̃ s t̪ʰ ɑ ]_w
[_w ɐ ʋ ɐ ʃ j ɐ ]_w
[_w p l e ʈ ɐ ]_w
[_w s u tʃ i ]_w
[_w dʒ ɪ n ɐ k o ]_w
[_w ʊ p ɐ l ɐ ]_w
[_w ɑ b u ɾ d̪ ɪ j õ ]_w
[_w h ɐ ɾ ɪ ]_w
[_w tʃ ɐ l t̪ ɐ ]_w
[_w s j ɑ t̪ ɑ ]_w
[_w dʒ i t̪ ɑ ]_w
[_w kʰ ɐ ʈ ɐ k õ ]_w
[_w p ɐ ɾ ɪ s ɐ ɾ ɐ ]_w
[_w s ɐ tʃ ɪ ʋ ɐ ]_w
[_w ʋ ɪ d̪ʱ ɪ j õ ]_w
[_w s ɪ̃ d̪ ɐ ɡ i ]_w
[_w bʱ u l õ ]_w
[_w k o n ɐ ]_w
[_w t̪ e kʰ e ]_w
[_w b e ʈ e ]_w
[_w kʰ o ʃ ɪ t̪ ɐ ]_w
[_w k ɐ ɾ ʋ ɐ ɾ ɐ ]_w
[_w kʰ ʊ t̪ ɑ i ]_w
[_w p ɐ̃ ɡ ɐ l ɐ ]_w
[_w n ɪ bʱ ɑ i ]_w
[_w k ɐ t̪ ɐ m ɐ ]_w
[_w i s ɐ ʋ i ]_w
[_w s ɐ p t̪ ɐ ]_w
[_w s ɐ m ɐ dʒʱ ɐ n ɑ ]_w
[_w ɪ t̪ j ɑ d̪ ɪ ]_w
[_w b ɐ ɾ m ɑ ]_w
[_w p ɾ ɐ s ɐ ʋ ɐ ]_w
[_w pʰ ɐ k ɐ t̪ ɑ ]_w
[_w n ɐ dʒ ɐ d̪ u ɾ õ ]_w
[_w ʊ ʈʰ ɐ ]_w
[_w k ɛ l ɐ̃ ɖ ɐ ɾ ɐ ]_w
[_w ɐ kʰ ɐ b ɑ ɾ ɐ ]_w
[_w p ɐ̃ d̪ʱ ɐ ]_w
[_w tʃ ɐ l i ]_w
[_w l ɐ j ɐ ]_w
[_w ɐ̃ k ɾ e tʃ i ]_w
[_w tʃ o ʈ i ]_w
[_w n ɪ t̪ e ʃ i ]_w
[_w tʃ ɑ dʒ ɑ ]_w
[_w tʃ ɐ ɾ n ɐ ]_w
[_w k ʊ b d̪ ɑ ]_w
[_w ɪ̃ t̪ ɪ ɾ ɑ ]_w
[_w ɐ s ɐ̃ kʰ j ɑ ]_w
[_w kʰ e l e ]_w
[_w ɡ ɪ e ]_w
[_w bʱ i t̪ ɐ ɾ ɐ bʱ ɐ ]_w
[_w p e dʒ ɐ ]_w
[_w p ɾ ɐ t̪ j e k ɐ ]_w
[_w dʒ ɐ ɡ ɐ ]_w
[_w tʃ ɐ ɾ tʃ ɐ ɾ i ]_w
[_w ɐ dʒ n ɑ t̪ ɐ k ɐ ]_w
[_w h ɐ m ɐ l ɑ ]_w
[_w s ɑ t̪ʰ ɑ ɾ ɐ ]_w
[_w ʈ e l i pʰ o n ɐ ]_w
[_w t̪ e kʰ ɐ t̪ ɑ ]_w
[_w k o j ɐ l e ]_w
[_w s ɑ d̪ʱ ʊ ʋ ɑ t̪ ɐ ]_w
[_w p i tʃʰ e ]_w
[_w dʒ ɑ t̪ ɑ ]_w
[_w s ɐ̃ ʋ ɪ d̪ʱ ɑ ẽ ]_w
[_w k ɐ m ɑ i ]_w
[_w ɐ n j ɐ t̪ʰ ɑ ]_w
[_w d̪ ɑ l ɑ b ɐ ]_w
[_w s ɐ s ɑ ]_w
[_w ʊ tʃ ɑ ɡ ɐ ]_w
[_w k ɐ ɾ ɪ k ɐ ]_w
[_w l ɪ kʰ ɐ ɡ ɐ ɾ ɐ ]_w
[_w l ɑ k u ]_w
[_w e ʈ ɐ ʋ ɐ ɾ i ]_w
[_w l ɐ̃ ɖ ɐ ɾ ɐ ]_w
[_w ɑ k ɑ ɾ ɐ ]_w
[_w ʊ p ɑ j õ ]_w
[_w l ɑ e ]_w
[_w p u ɾ ɑ ]_w
[_w d̪ ɐ p ɑ ]_w
[_w d̪ ɪ kʰ ɐ n e ]_w
[_w ʃ ɾ e n i ]_w
[_w p ɾ ɐ s ɪ d̪ʱː ɪ ]_w
[_w ɑ̃ d̪ʱ ɾ ɐ ]_w
[_w ʋ ɪ d̪ ʋ ɑ n ɐ ]_w
[_w k ɐ p ɑ l ɐ ]_w
[_w s ɐ̃ ɡ ɐ l ɑ ]_w
[_w p ɐ d̪ ɾ ɪ k ɑ ]_w
[_w ʋ ɪ n ɪ m ɐ j ɐ ]_w
[_w dʒ ɐ n m e ]_w
[_w kʰ ʊ l i ]_w
[_w ʋ ɐ ɾ k ɐ ]_w
[_w t̪ʰ ɐ n i ]_w
[_w b ɑ n ɐ ]_w
[_w pʰ ɪ ɾ ɐ ]_w
[_w s ɐ̃ ɡ ɐ m ɐ n ɐ ]_w
[_w ɑ p ɐ s i ]_w
[_w s ʋ ɐ t̪ ɐ ]_w
[_w ɡ o ɖ ɐ ]_w
[_w ɑ b ɐ n ɐ t̪ i ]_w
[_w d̪ʱ ɐ ɾ ɑ d̪ i ]_w
[_w ɐ n j ɐ d̪ʱ ɑ ]_w
[_w n ɐ j ɑ ]_w
[_w dʒ ʊ ɽ ɐ ]_w
[_w p ɑ ʋ ɐ ]_w
[_w d̪ʱ ɐ ɾ m ɐ ]_w
[_w b ʊ d̪ ɾ õ ]_w
[_w ɖ ɪ k ɐ ]_w
[_w ɐ k s ɐ ɾ ɐ ]_w
[_w ɑ j ɑ m ɐ ]_w
[_w b ɐ t̪ ɾ õ ]_w
[_w ɐ bʱ ɾ i k ɑ ]_w
[_w ɾ ɑ m ɑ j ɐ n ɐ ]_w
[_w k ɑ n ɐ b ʊ ɾ ɐ ]_w
[_w ɐ dʒ i p ɐ ]_w
[_w k ɾ ɪ p ɑ ʈʰ i ]_w
[_w d̪ ɐ n ɑ ]_w
[_w ʋ ɐ k ɑ l ɐ t̪ e ]_w
[_w e l ɐ b ɐ ]_w
[_w ɑ̃ kʰ ɐ ]_w
[_w b ɐ h ʊ̃ tʃ ɐ ]_w
[_w ɐ ɾ dʒ ʊ n ɐ ]_w
[_w k o l ɐ k ɑ j ɑ ]_w
[_w t̪ʰ o ɽ i ]_w
[_w dʒ ʊ ɽ ɑ ]_w
[_w s ɐ̃ k ʃ ɪ p t̪ ɐ ]_w
[_w ɑ ɡ ɑ ɾ ɐ k ɐ ]_w
[_w s i dʒ ɐ n ɐ t̪ ɐ ]_w
[_w k ɐ bʱ i ]_w
[_w dʒ ɑ ɾ ʈ ɐ ]_w
[_w i s ɑ ]_w
[_w m ɛ s u ɾ ɐ tʃ ɐ ]_w
[_w tʃ ɐ l ɪ e ]_w
[_w t̪ ɐ m ɐ n ɐ ]_w
[_w ɾ ɑ dʒ j ɐ ]_w
[_w ɑ l o tʃ ɐ k ɐ ]_w
[_w p ɾ ɑ dʒ i l ɐ ]_w
[_w ɐ k e l ɑ ]_w
[_w n ɐ h ɐ ɾ i ]_w
[_w k ɐ ʈʰ ɐ n e ]_w
[_w k o ʃ ɪ k ɑ k o ]_w
[_w ɐ dʒ ɐ j ɐ ]_w
[_w s ɪ̃ ɡ ɑ b ʊ ɾ ɐ ]_w
[_w p ɾ ɑ̃ t̪ ɐ ]_w
[_w s e ʋ ɑ õ ]_w
[_w k ʃ ɐ m ɑ ]_w
[_w t̪ ɐ d̪ ʋ ɐ ]_w
[_w p i ʈʰ ɐ ]_w
[_w p ɐ ɾ ɪ dʒ ɪ t̪ ɐ ]_w
[_w s ɐ n d̪ e ʃ ɐ ]_w
[_w s ɐ̃ dʒ n ɑ ]_w
[_w t̪ ɐ l ɐ p ɐ ]_w
[_w m ɑ n ɐ k ɐ ɾ i ]_w
[_w tʃ ɐ l ɐ t̪ i ]_w
[_w ʋ ɐ ɾ k õ ]_w
[_w k ɐ h ɑ ]_w
[_w u d̪ ɐ k õ ]_w
[_w d̪ ɐ b ɐ s j ɑ ]_w
[_w b ɾ o tʃ e k ʈ ɐ ]_w
[_w ɐ kʰ ɐ b ɑ ɾ õ ]_w
[_w ɐ d̪ ɐ ]_w
[_w pʰ ɐ k t̪ ɪ j ɑ̃ ]_w
[_w d̪ i ʋ ɾ ɐ d̪ ɑ ]_w
[_w b ɑ ɾ i k ɐ ]_w
[_w p ɑ k ɐ ]_w
[_w ɡ ʊ l ɑ b ɐ ]_w
[_w dʒ ɪ s ɐ m ẽ ]_w
[_w dʒ ɐ̃ ɡ ɐ l ɐ ]_w
[_w b ɑ b ɑ ]_w
[_w ʊ p ɐ j o k õ ]_w
[_w m ʊ k ɐ t̪ ɐ ]_w
[_w ɾ e s ɐ ]_w
[_w tʃ ɑ j e ɡ i ]_w
[_w s m ɑ ɾ ɐ t̪ ɐ ]_w
[_w s ɐ t̪ ɐ t̪ ɐ ]_w
[_w ɪ̃ ɖ ɪ j ɑ ]_w
[_w ʃ ɐ n ɪ ʋ ɑ s ɐ ]_w
[_w ɐ n d̪ ɐ ɾ ɐ ]_w
[_w ɾ o k ɪ j õ ]_w
[_w dʒ ɑ t̪ ɪ j ɑ̃ ]_w
[_w s ɐ̃ k ɐ l ɑ ]_w
[_w s ɪ d̪ʱː ɑ̃ d̪ ɐ ]_w
[_w ɪ̃ tʃ e k ʃ ɐ ]_w
[_w n ɐ k ɐ ]_w
[_w j ɐ̃ ɡ ɐ ]_w
[_w p j ɑ ɾ e ]_w
[_w ɑ ɡ ɐ ɾ u ɡ ɐ ]_w
[_w b ɐ ɾ ɪ ʋ ɑ ɾ ɐ ]_w
[_w s ʋ ɐ ɾ ɐ ]_w
[_w pʰ u m ɪ k ɐ t̪ ɐ ]_w
[_w ɐ̃ k ɪ t̪ ɐ ]_w
[_w m ɐ h ɐ dʒ ɑ ɾ ɐ ]_w
[_w k ʃ ɐ t̪ ɾ ɐ ]_w
[_w dʒ ɪ m ɐ ]_w
[_w ʈ e ɽʱ ɐ ]_w
[_w b i ʈ ɐ ɾ ɐ ]_w
[_w d̪ i p ɐ k ɐ ɽ ɐ ]_w
[_w ʊ p ɐ ɾ ɐ ]_w
[_w d̪ʱ ɐ n j ɐ ]_w
[_w ɑ t̪ ɪ ]_w
[_w b ɾ ɐ bʱ ɑ ʋ ɐ ]_w
[_w s ɐ̃ s t̪ʰ ɑ n õ ]_w
[_w p ɾ ɐ ʋ ɑ s ɐ ]_w
[_w s ɑ p e k ʃ ɑ ]_w
[_w d̪ ɐ m ɐ ]_w
[_w k ɐ h ɐ t̪ ʋ ɐ ]_w
[_w s ɐ m i k ʃ ɑ ]_w
[_w ɾ o ɡ ɪ j õ ]_w
[_w b ɐ t̪ ɐ l i ]_w
[_w b ɐ̃ t̪ ɐ ]_w
[_w l ɪ m ɪ ʈ e ʈ ɐ ]_w
[_w m ɐ dʒ ɑ ]_w
[_w ɐ mː ɑ ]_w
