[_w e ɟ i m e j ]_w
[_w w ɘ ʊ ]_w
[_w m ʊ t ɪ t ɪː r ]_w
[_w b a n t o l i ]_w
[_w ɘ m ɘ ŋ ʊ ɟ ɔ ]_w
[_w k ɘ r ɛː s ɘ ɡ ]_w
[_w u j iː s e n ]_w
[_w l ʊ w ɘ ]_w
[_w ɛ n ɘ ɡ ]_w
[_w m ɘː m ʊ ]_w
[_w s i s u k a s ]_w
[_w f ʊ k ɔ ɔː l ]_w
[_w ɘ m ɪː c ɛː l ]_w
[_w n ʊ ɟ ɘ w ʊ m ɪ ]_w
[_w k ʊ s ɛː k ɘ k ]_w
[_w b a l i k a b ]_w
[_w k ɘ f ɪ r ɘ k ]_w
[_w ɛ ɟ ɘ w ʊ m ɪ ]_w
[_w ɘ n s ɪ ]_w
[_w f ɘ r ɘ f ]_w
[_w k ɘ f ɪ ʊ m ]_w
[_w ɟ ɪ ɟ ɛ ɛ ]_w
[_w d ɔː k ɛ ]_w
[_w b ɘ l ʊ k ]_w
[_w w u p ]_w
[_w e ɟ i m ]_w
[_w n a t a t aː s ]_w
[_w k ɘ ɟ ʊː m ɛ n ]_w
[_w b ʊ k ɘː k ʊ ]_w
[_w ɟ ɪ s ɛ n ]_w
[_w n ɘː n ɛ ]_w
[_w ɘ k ɔ b ɘ f ]_w
[_w r iː ŋ u m i ]_w
[_w t ɔ m ɘ s ]_w
[_w s ɪ m ɪ t ]_w
[_w k ɘ l ɔ f ]_w
[_w ɛ n ʊ ɡ ]_w
[_w k ɘ r ʊ n k ɘ ]_w
[_w a ɡ a l i ŋ aː k ]_w
[_w ɟ ɘ k ɔ k ɔ j ]_w
[_w i s iː n a s ]_w
[_w s ɪ p ɘ k ɪː r ]_w
[_w f ɪ l ɪ b ]_w
[_w b ʊː l ɔː l ]_w
[_w ɟ ɘ ɟ ɘ k ɘː ʊ ]_w
[_w ɘ n ɔː ɘ n ]_w
[_w w ɘ ɟ ɛ ɛ ]_w
[_w n ɪ l ɘ ɡ ɔ ]_w
[_w j ɘː t ʊ m ɪ ]_w
[_w b ʊ k ɘ n k ɘː n ]_w
[_w k ʊ t ɪ ɔ m ]_w
[_w ɘ k ɘ m ɔː r ]_w
[_w t ɔː k ɛ ]_w
[_w ɟ ɪ k ɘː n ʊ t ]_w
[_w ɘ l ɔ l ɔ f ]_w
[_w b ɛ r ʊ k ɛ ]_w
[_w ɘ t ɛː p ɘː ʊ ]_w
[_w s ɪ r ɪ ɘ ]_w
[_w ɟ ɪ b ʊ ɟ ]_w
[_w n ɘ f ɘ r ʊ m ɪ ]_w
[_w k ʊ b ɔ ɲ ɘ ]_w
[_w k ɘː n ɪː l ]_w
[_w ɘ l ɪ f ]_w
[_w ɛ k ɘ mː ɪ ]_w
[_w p ɘː b ɘː b ɘ ]_w
[_w ɟ ɪ f ɪ ʊ mː ɪ ]_w
[_w p ʊ w ɘː s ]_w
[_w ɘ m b ɪ ]_w
[_w t ɘ r ʊ s ]_w
[_w f ʊ r ɪ m ]_w
[_w k o j u m e ]_w
[_w n a t i p u m i ]_w
[_w ɘ m p ɘ ɟ ]_w
[_w m ʊ r ɪ ɘ f ]_w
[_w ɘ f ɪ r ɘ ʊ n ɘ ]_w
[_w k ʊ k ɔ b ]_w
[_w k ɘ t ɛ p ɔ ]_w
[_w ɛː n ɔ ɟ ɘː t ]_w
[_w k ʊ r ɛ ɡ ]_w
[_w e b o ɲ u l ]_w
[_w k ɘ b ɘ ɟ ɔ ]_w
[_w k u t i b ]_w
[_w j aː m a k ]_w
[_w k ʊ k ɘː n ]_w
[_w ɟ ɘ w ]_w
[_w k ʊ t ɪː k ]_w
[_w t ɪ m ɘː ]_w
[_w m ʊː s ɘ ]_w
[_w k ʊ t ɪ ]_w
[_w f a c u l iː l ]_w
[_w p ɘ ɟ ɘː l ]_w
[_w k ɔː k ɛ ɪ ]_w
[_w ɛ t ɔ k ɛ j ]_w
[_w b ʊ r ɔ k ]_w
[_w ɘ l ɔ l ɔ ]_w
[_w ɛ j ɛ l ɘː j ]_w
[_w ɛ t ɔ k ɛ n ]_w
[_w b ɘ b ɘ ɟ ɛ ]_w
[_w k ʊ l ɘ w ʊ m ɪ ]_w
[_w w ɘ n ]_w
[_w k u b u r u m ]_w
[_w ɟ ɪ r ɔ k ]_w
[_w b ɘː b ʊ ]_w
[_w k ɘ t ɛ n ɛ ]_w
[_w k ʊ j ɘ b ]_w
[_w b ʊ f ɘ ŋ ʊ m ɪ ]_w
[_w b aː m a k a u ]_w
[_w n ɘ ɟ ʊ k ]_w
[_w p ɪː b l ɛ j ]_w
[_w f u k o u s o ]_w
[_w ɛ w ɔ l ]_w
[_w ɟ i k aː n u m ]_w
[_w s ɪ j ɛ l ɘ ]_w
[_w f a k o n a k ]_w
[_w k ɘ w ʊ l ]_w
[_w k a s u m u t ]_w
[_w n ɘ l ɛ l ɛ t ]_w
[_w k ɘ m ɘ ŋ ]_w
[_w k ʊ b ɛ n ɛ n ]_w
[_w k ɘ ɟ ɪ p ʊ l ɔ ]_w
[_w f ʊ k ]_w
[_w ɘ s ɔ f ɪ m ɪ ]_w
[_w a j i a u ]_w
[_w ɘ m ɘ n ɟ ɛ n ]_w
[_w f a k o j u m e ]_w
[_w k ʊ b ɘ ɟ ɔ m ]_w
[_w k ʊ s ɔ f ɛ ]_w
[_w m ʊ b ɘ ɟ ɔ ]_w
[_w k ɘː n ʊ t ]_w
[_w ɘ ɟ ɘ m ɛ m ɪ ]_w
[_w ɟ ɪ r ɘː f ɘ ]_w
[_w m ʊ j ʊː l ]_w
[_w ʊ b ɘ ɟ ]_w
[_w ɘː n ɔ ]_w
[_w a s i m e n ]_w
[_w m ɛ l ɘ m ]_w
[_w ʊ b ɘ k ɪː r ]_w
[_w a k o l u m ]_w
[_w ɘ b ʊː n ]_w
[_w k ʊ k ɘ mː ɪ ]_w
[_w f u k o i ]_w
[_w n ɘ ɟ ɪ ɟ ɪː k ]_w
[_w k u r oː m a n ]_w
[_w f ʊ l ɘ ɡ ɔ ʊ t ]_w
[_w k ɘ r ɛː s ɔ m ]_w
[_w ɟ ɪ k ɘ t ]_w
[_w f ɪ r ɘ ʊ n ɘ ]_w
[_w ɪ s ɪ r ɘ ɛ l ]_w
[_w k ʊ m b ɘ ]_w
[_w f ʊ ɡ ʊː p ]_w
[_w ɟ ɘ k ɪː c ɘ k ]_w
[_w k ɘ j ɘ b ]_w
[_w e r iː ŋ e ]_w
[_w b ɪ l ɘ t ʊ m ɪ ]_w
[_w ɛ b ʊ ɟ ]_w
[_w n ɘ t ɛ j ʊ m ɪ ]_w
[_w k ɘ s ɔ f ]_w
[_w k ɔː t ɛ ]_w
[_w ɟ ɪ w ʊ l ]_w
[_w k ʊ b ɘ ɟ ]_w
[_w ɟ ʊː m ]_w
[_w k ɔː n ɛ m ɪ ]_w
[_w k ʊ ɟ ɘ ŋ ɘː ʊ ]_w
[_w ɛ w ʊː ɟ ɛ ]_w
[_w ɟ ɪ b ɛ t ɛ r ]_w
[_w b u k o r o ]_w
[_w ɘ r ɛ k ɔː l ]_w
[_w f ʊ n ɔː m ɘ k ]_w
[_w ɟ ɪ r ɛ m p ]_w
[_w m ʊ b ɪ l ]_w
[_w b ʊ k ɔː k ɛ ]_w
[_w s ɔː n ɪ ]_w
[_w k ʊ l ɔ ]_w
[_w ɟ ɪ ŋ ɘ r ]_w
[_w k ɘ s ɘː r ɪ ɘ ]_w
[_w b ɛ r ɔ ɘ ]_w
[_w ɘ s ɔ f ʊ m ɪ ]_w
[_w ɪ r ɛ k ʊ m ɪ ]_w
[_w k a p u t o a m ]_w
[_w n ɘ s ɔ s ɔ f ]_w
[_w w ɘː n ɔ m ]_w
[_w k a l i a ]_w
[_w b u n iː w a p ]_w
[_w ŋ ɘ r ]_w
[_w ʊ k ɘː n ʊ t ]_w
[_w k ʊ r ɪ m ɔː l ]_w
[_w ʊ r ɪ ɘː l ]_w
[_w k ɘ l ɛ m p ɘ k ]_w
[_w f ʊ b ɘ ɟ ɛ ]_w
[_w b ʊ r ɛ ɡ ɛ ]_w
[_w ɟ a r u s e j ]_w
[_w k a m i k a k ]_w
[_w ɟ ɪ m ɘ ŋ ɔː r ]_w
[_w t ʊ r ʊ w ɘː j ]_w
[_w ɛ l ʊː p ɛ j ]_w
[_w l ʊ s ʊ t ʊ r ɘ ]_w
[_w ɛ w ɘ ɲ ɛ j ]_w
[_w k ʊ l ɪ ]_w
[_w f ʊ r ɛ ɡ ]_w
[_w b ɘ r ɘː n ]_w
[_w r ɘː r ʊ ]_w
[_w ɟ ɪ m ɘ w ]_w
[_w k ɘ b ɘː s ]_w
[_w n ɘ t ɪ ]_w
[_w ɟ i l i n l i ŋ ]_w
[_w ɛ k ɔː b ɘ ]_w
[_w ɘ m ɘ ŋ ʊ m ɪ ]_w
[_w k ʊ r ɪ m ]_w
[_w t ʊ r ʊ w ɘː s ]_w
[_w m oː m i ]_w
[_w f u k aː f ]_w
[_w ɛ c ɘ l ɛ j ]_w
[_w ɔː m ɘː ɲ ɘː ]_w
[_w p ɘ l ɛ ɡ ɛ n ]_w
[_w f ʊ ɡ ɔː p ɘ ]_w
[_w n ɘː t ɛ ]_w
[_w w ʊ l ɘː l ]_w
[_w f u r aː r ]_w
[_w s ɔː s ʊ ]_w
[_w m ɘ t ɘ ]_w
[_w e j iː s ]_w
[_w ʊ l ɘː k ɘ s ]_w
[_w n ʊ m ɘ ŋ ʊ m ɪ ]_w
[_w s ɔː t ɛ ]_w
[_w ɘː n ɔː l ]_w
[_w b a n t oː r ]_w
[_w ɟ ɔː k ʊ m ɪ ]_w
[_w k ɘ b ɪ j ɔ ʊ t ]_w
[_w ɛ m ɛ r ]_w
[_w ɟ ɪː k ɪ m ɪ ]_w
[_w k ʊ k ʊ l ]_w
[_w ɟ ɪ ɟ ɘ n ɟ ɘ m ]_w
[_w ʊ ɲ ɛ n ɪː l ]_w
[_w ɲ ɪ l ɪ ɲ ɪ l ]_w
[_w k ɘ b ɪ ɲ ɔː ]_w
[_w ʊ c ɪ m ɘ mː ɘ ŋ ]_w
[_w ɘ ɟ ʊ ɡ ]_w
[_w k ʊ k ɔ r ]_w
[_w ɛ m ɪ d ]_w
[_w m ʊ ɟ ɘ w ]_w
[_w ɪ j ɘ ɟ ʊ t ]_w
[_w b ɘ l ɘ j ]_w
[_w b i m ]_w
[_w ʊ ɟ ʊː p ɔ ɛ ]_w
[_w m ɘ r ʊ k ]_w
[_w k ɘ r ʊː k ɛ n ]_w
[_w k ʊ b ʊ ɟ ]_w
[_w s ɪ n ʊ k ]_w
[_w s ɘ t ɘː ]_w
[_w ɟ ɛ t ɛ j ]_w
[_w ɘ t ɘ m p ɪ ]_w
[_w a r iː ŋ e ]_w
[_w ɘ ɟ ʊ k ɔː l ]_w
[_w k ɘ r ɛː s ɘ k ]_w
[_w t i t i ]_w
[_w b u p i n a b ]_w
[_w ɟ a n k ]_w
[_w ɘ r ɛ ɡ ʊː l ]_w
[_w k a j i t o u l ]_w
[_w k ʊ b ɘː l ɪ ]_w
[_w ɘ k ɪ r ɪ b ɘ ]_w
[_w k ʊ ɟ ɘ m ɔː r ]_w
[_w k u t aː k u l ]_w
[_w ɟ ɪ b ɪ l ]_w
[_w k ʊ r ɛ ɛ ]_w
[_w t ɪ r ]_w
[_w b ɘ n ʊ m ɪ ]_w
[_w n ɔ ɔ n ʊ ]_w
[_w b ɘ l ɛ ɡ ɛ n ]_w
[_w b ɘ n ɘ w ]_w
[_w e r i n t iː ŋ ]_w
[_w ɲ ɪ w ʊ c ]_w
[_w ɘ m ɔ s ]_w
[_w u k a m u n i ]_w
[_w n ɘ l ɔ m ɪ ]_w
[_w m ɘ n t ɛː r ]_w
[_w k a r i d oː l ]_w
[_w b ɘ n ɡ ɔː t ɛ ]_w
[_w ɛ n ɘ t ɘ n ɘ t ]_w
[_w k ɘ r ɔ k ɛ m ɪ ]_w
[_w k a b uː m e ]_w
[_w ɛ m ɘː t ]_w
[_w ʊ t ɛ ɡ ɛ l ]_w
[_w w ɘ ɟ ɘ k ɛ ]_w
[_w k ɘ t ʊ m ɪ ]_w
[_w ɟ ɪ m ɘ n ɟ ɛ n ]_w
[_w ɘ b ɘː t ɘ k ]_w
[_w f a c u l e j ]_w
[_w k ɘ ɲ ɛ n ʊ j ɔ ]_w
[_w aː m i ]_w
[_w p ɘ ɟ ʊ m ɪ ]_w
[_w k ɘ n ɔː m ɘ n ]_w
[_w k u r e k ]_w
[_w n ɘ n ɛ ]_w
[_w m ɔː m ʊ ]_w
[_w k ɘ p ɔː j ]_w
[_w ɛ m ɘ ŋ ʊ m ɪ ]_w
[_w ʊ k ɘ b ɘ ɟ ]_w
[_w ɘ m ɘ ŋ ɔː r ]_w
[_w ɛ p ɘ ɟ ʊ m ɪ ]_w
[_w f ʊ k ɔ b ]_w
[_w ɘ ɟ ɘ mː ɪ ]_w
[_w p i p ]_w
[_w m ɘ a m a k ]_w
[_w m ɘ b ʊ t ]_w
[_w ɟ ɪ r ɪ ]_w
[_w b ʊ l ɘ k ɔ m ɪ ]_w
[_w b ɘ ɟ ɘ ]_w
[_w w ɘ k ɘ mː ɔ ]_w
[_w ɛ l ɘː ɲ ɛ j ]_w
[_w ɛ r ʊ n k ɘː ʊ ]_w
[_w ʊ b ɘ ɟ ɛ ]_w
[_w ɛ k ɘː n ɔː m ɪ ]_w
[_w ɪ t ɛ p ɛ n ]_w
[_w m ɔ ɔ m ɛ ]_w
[_w ɘ l ɔ b ɛ ]_w
[_w ɡ ɘ l ɔ ɘ ɪ ]_w
[_w a b u r u m u l ]_w
[_w p ɘ l ɪ n t ɘ k ]_w
[_w m ɔ f ɔː m ɔ f ]_w
[_w p ɘ k ɘ m ɛ n ɘ ]_w
[_w m u k o j u m e ]_w
[_w k ɘ t ɔː l ]_w
[_w k ɘ f ɘ t ]_w
[_w n ʊ m ɘ n ɟ ɛ ]_w
[_w k ʊ ɟ ɪ l ɘ ]_w
[_w j ɔ b ɘ ]_w
[_w b ɘː n ɔ m ɪ ]_w
[_w ɘ w ɘ ɲ ɘː ʊ ]_w
[_w p ʊ ɡ ɔː k ʊ ]_w
[_w p ʊ t ʊ m ɘ w ]_w
[_w f u s i m a f ]_w
[_w f ʊ ɟ ɔ ɟ ]_w
[_w k ɘ k ɘ ɲ ɔ ɘ k ]_w
[_w d ɛ j ]_w
[_w w aː m a k ]_w
[_w ɟ ɘ k ɛ ]_w
[_w ɟ ɪ ɲ ɪː l ɘ ʊ ]_w
[_w i p u r e n ]_w
[_w ɘ t ɔː ŋ ʊ m ɪ ]_w
[_w k ɘ n ɡ ɘː n ]_w
[_w k ɘ t ɛ b ɔ ɛ ]_w
[_w b ʊ c ɪ ]_w
[_w ɟ ɛ b ɔː l ]_w
[_w c ɪ b ɛ k ɛ t ]_w
[_w ɘ n ɘ ʊ ]_w
[_w s ɘ m p ʊ l ]_w
[_w s i n t eː j ]_w
[_w j ɘ mː ɪ ]_w
[_w a m eː l o ]_w
[_w k ɘ l ɪ l ɪ ]_w
[_w n ɘ f ɘ ]_w
[_w ɛ c ɪː k ɛ j ]_w
[_w ɘ l ɔː k ]_w
[_w ɛ ɟ ɪː k ]_w
[_w ɲ ɘː ɲ ɘː ɲ ɘ ]_w
[_w u t iː k aː r ]_w
[_w k a j iː s ]_w
[_w b ɘː b ɛ ]_w
[_w ɟ i l i ]_w
[_w ɡ ɘ t ɘː ɡ ]_w
[_w ɘ t ɘ ɔː l ]_w
[_w ɟ ɪ b ɛ k ɛ t ]_w
[_w e ɡ uː t e j ]_w
[_w ɪ s r ɘ ]_w
[_w k ɘ r ɛː s ]_w
[_w s i m eː t a r ]_w
[_w p ɘ c ɘː ɟ ɘ b ]_w
[_w n ɘ ɟ ɛ t ʊ m ɪ ]_w
[_w f ʊ m ʊː m ]_w
[_w h ɛ r ɔ d ɪ ɘ s ]_w
[_w ɟ ɛ b ]_w
[_w ɘ ɟ ʊː m ɛ ]_w
[_w b ɘ n ɛ j ]_w
[_w ɛ l ɘ t ]_w
[_w a j i ]_w
[_w ɟ ɪ c ɘ m ]_w
[_w w ɘː t ʊ m ɪ ]_w
[_w ɘ b ɔ ɲ ɘː ɡ ]_w
[_w ɘ k ɘ t ɪ ]_w
[_w s ɪ l ɘː k ɪ ]_w
[_w m ʊ t ʊ k ɛ n ]_w
[_w m ɘ m ɘː t ʊ m ɪ ]_w
[_w s ɪ c ɛ b ɪː l ]_w
[_w e l iː l ]_w
[_w t ɘ k ʊ m b ɪ ]_w
[_w k u p uː m a ]_w
[_w k ɘ r ɔ k ɘː ʊ ]_w
[_w e ɟ i t u m a ]_w
[_w ɘ b ɔ ɲ ʊ m ɪ ]_w
[_w ɟ ɪ b ɘ ɟ ]_w
[_w ɛ r ɛ ɡ ]_w
[_w k ʊ r ɔ k ɪː l ]_w
[_w ɘ p ɔː j ]_w
[_w k ɘ b ɔː j ]_w
[_w u k u n ]_w
[_w t ɘ n ɘ ɛ l ]_w
[_w ɟ ɪ ɟ ɔ ɟ ɛ m ɪ ]_w
[_w ɘ s ɛ n ɔː l ]_w
[_w k a ɟ a w u m ]_w
[_w ɪ l ɘː ɲ ]_w
[_w k ɔː m ]_w
[_w k ɘ w ʊ l ɛ m ɪ ]_w
[_w k ɘ r ɘ ŋ ]_w
[_w k ʊ f ɪ n d ɔ ]_w
[_w s ɪ r ɘ ]_w
[_w f u s i m e n ]_w
[_w n ɪ b ɘ ɟ ʊ m ɪ ]_w
[_w k ʊ r ɪ m ɘ k ]_w
[_w ɘː n ɛ ]_w
[_w m aː m a k ]_w
[_w ɘ r ʊ n k ɘ ]_w
[_w p a k o r i ]_w
[_w ʊ m ɘ ŋ ʊ m ɪ ]_w
[_w b ɘ l ɘ ɘ b ]_w
[_w ɛ s ɛ n ʊ t ]_w
[_w f ɪː l ɔː l ]_w
[_w p ʊ k ɔː ]_w
[_w f ɔː l ɪː l ]_w
[_w ɛ r ɔ h ɘ ɔː l ]_w
[_w k ʊ ŋ ɘ r ]_w
[_w ɪ m ɘ n ɟ ʊ t ]_w
[_w ɛ ɟ ʊ k ɪ ]_w
[_w ɪ l ɘ w ʊ m ɪ ]_w
[_w k ʊ k ɘ t ʊ m ɪ ]_w
[_w ɘ ɲ ɔː l ]_w
[_w n ɘ s ɔ f ɪ m ɪ ]_w
[_w r ɔː r ʊ ]_w
[_w ɘ s ɔ f ɪ ]_w
[_w ɘ m ɛ n ɘ ]_w
[_w ɛ s ɛ n ɘː m ]_w
[_w b ɘ m ɘː l ]_w
[_w b a n k oː m i ]_w
[_w f ʊ f ɛ l ʊ m ɪ ]_w
[_w a k o n ]_w
[_w b ɘ n ɘ s ɔ f ]_w
[_w ɪ ɟ ɘ w ]_w
[_w k ɘ r ɛː s ɪ ]_w
[_w s i ɡ o r i ]_w
[_w ʊ b ɘ n ]_w
[_w s i n d eː j ]_w
[_w ʊ s ɘ n k ɛ n ]_w
[_w t ɪ t ɔː r ɘ ]_w
[_w f u k o u m o ]_w
[_w ʊ l ɘː k ]_w
[_w m b ɘː ]_w
[_w k a p a c u m ]_w
[_w k ɘː n ]_w
[_w f a l i ŋ aː k ]_w
[_w ɛ t ɔ c ɛ j ]_w
[_w j a k o n a w ]_w
[_w ɟ ɪ ɟ ɘ w ]_w
[_w n ɘ n ]_w
[_w ɟ ɪ k ɘ m ɛ n ]_w
[_w ɔː t ʊ m ɪ ]_w
[_w b ɘ l ɪ n d ɘ k ]_w
[_w m ʊ m ɛ l ɘ m ]_w
[_w k ɘ ɟ ʊ ɡ ]_w
[_w ɘː k ʊ m ɪ ]_w
[_w s ɔː l ɪ j ɔ ]_w
[_w ɘ ŋ ɘ r ]_w
[_w r ɘ t ]_w
[_w w ɘ s ɔ f ]_w
[_w b u s u s oː l ]_w
[_w n ɘ b ɘ ɟ ʊ t ]_w
[_w f uː r ]_w
[_w ɘ b ɪ l ʊ m ɪ ]_w
[_w ɘ mː ɪ ]_w
[_w e r i m ]_w
[_w ɟ ɪ s ɘ h ɘː ɟ ]_w
[_w ɛ s ɛ n ɪ s ɛ n ]_w
[_w m ɔ f ɪː l ]_w
[_w k ʊ s ɛː k ɘ ʊ ]_w
[_w ɘ l ɔ f ʊ m ɪ ]_w
[_w j ɘ s ɔ n t ɛ n ]_w
[_w ɛ ɲ ɛ s ɛ j ]_w
[_w k ʊ s ɘ n k ]_w
[_w ɛ m ɪ t ɛ j ]_w
[_w b ɪ s ɪ t ɪ ɘ ]_w
[_w k ʊ l ɛː ]_w
[_w w o l i ]_w
[_w ɛ m ɪ t ɛː j ]_w
[_w ɟ ɪ f ɘ b ɛ l ]_w
[_w k ɔː n ɪ ]_w
[_w ʊ k ɘ t ]_w
[_w k ʊ s ɛ n ʊ m ɪ ]_w
[_w ɛ r ɪː b ]_w
[_w k ʊ r ɘː n ]_w
[_w ʊ r ʊ l ɛ n ]_w
[_w ɛ m ɛː ŋ ]_w
[_w k ɘ ɟ ɛ t ]_w
[_w k u c i l o m i ]_w
[_w k ɘ f ɪ ʊ mː ɪ ]_w
[_w a l i r oː r ]_w
[_w k ʊ ɟ ɔː n ɘː ʊ ]_w
[_w ɟ a r u s ]_w
[_w ɛ c ɛ t ]_w
[_w t ɘ b ɛ t ]_w
[_w b ʊ k ɘː k ʊ m ɪ ]_w
[_w ɘ w ɔ l ɪ m ɪ ]_w
[_w ɘ l ɔ ]_w
[_w m ɘ k ɘ b ɘ k ]_w
[_w w ɘ f ɘ ŋ ]_w
[_w b ɘ m p ɘ ɔ m ]_w
[_w ʊ ŋ ɔː l ɛ n ]_w
[_w l oː k u l ]_w
[_w k ɔː n s ɔː n ]_w
[_w n ʊ s ɛ n s ɛ n ]_w
[_w f a ɟ u l o m ]_w
[_w k ɘ b ɔ ɲ ]_w
[_w a j i l o m i ]_w
[_w f ɘː n ɘ mː ɪ ]_w
[_w n ɘ ɟ ɘ w ]_w
[_w t ɔː t ɔː t ɔ ]_w
[_w k ɘ l ɛ b ɔː r ɘ ]_w
[_w j ɘ m b ɪ ]_w
[_w b u r o k o l i ]_w
[_w d eː ŋ e j ]_w
[_w ɘ r ɪː b ɘː ʊ ]_w
[_w ʊ r ɛ ɡ ʊ m ɪ ]_w
[_w m ʊ k ɛː n ]_w
[_w ɛ b ɘ n ɛ ɡ ɘː l ]_w
[_w w u t ]_w
[_w ɔː m ɛ ɪ ]_w
[_w w ɛː l ʊ m ɘ w ]_w
[_w ɟ ɔː n ɛ ]_w
[_w k ɘ ɟ ʊ k ]_w
[_w ɟ ʊː p ]_w
[_w u ɟ a m u m a ]_w
[_w t ɘ n ɘ t ɛ j ]_w
[_w k ɘ ɲ ɛ n ɔ m ]_w
[_w ɟ ɪ b ʊ l ɔ m ɪ ]_w
[_w ɘ m ɘ ŋ ɛ ]_w
[_w k ɘ p ɛ ŋ ɘ k ]_w
[_w k ʊ ŋ ɘ b ]_w
[_w l ʊ t ɘ ]_w
[_w f ʊː ɲ ]_w
[_w f ɘ t ɪ j ɛ n ]_w
[_w ʊ r ɘ m b ɛ n ]_w
[_w h ɛ r ɔ d ]_w
[_w k ɘ ɲ ɔː ɘ k ]_w
[_w k ɘ b ʊ n t ʊː l ]_w
[_w k ɘ k ɘː l ]_w
[_w ɘ ɡ ʊ l ɘ t ]_w
[_w b ʊ ɟ ʊ m ɪ ]_w
[_w n ʊ ɟ ɘ w ]_w
[_w ɘ b ɘː t ]_w
[_w ɟ ɪ r ɛ k ʊ m ɪ ]_w
[_w f ɪː l ]_w
[_w m ɔː m ]_w
[_w l o i e ]_w
[_w ɲ ɔː n ɪ ]_w
[_w k ɘ f ɔː b ]_w
[_w k ɘ s ɘ l ɪ ]_w
[_w k ʊ r ɔ k ɘ ]_w
[_w b ɪː ŋ ɔː l ]_w
[_w n ɘ ɡ ɔ k ɪ ]_w
[_w ɛ b ɘ c ɛ ]_w
[_w n ɘ l ɘ t ʊ m ɪ ]_w
[_w ɟ ɘ r ɪ ]_w
[_w k ʊ l ɘ k ɘː k ]_w
[_w p ɘː b ʊ ]_w
[_w m a t i e n ]_w
[_w k a p u m p ]_w
[_w f ʊ t ɪ ŋ ]_w
[_w ɘ k ɘː n ]_w
[_w p ʊ w ʊ w ʊː ɟ ]_w
[_w s ɘ l ɔ f ʊ m ɪ ]_w
[_w ɟ ɪ ɲ ɪː l ɘ ɡ ]_w
[_w k ɘ j ɘ f ɘ ŋ ]_w
[_w ɘ r ɪ k ɔ ]_w
[_w d ɘ m p ɪ ]_w
[_w s ɪ s ɘ h ɘ ]_w
[_w ɟ ɪ t ɪː t ɪ ɛ ]_w
[_w ɟ ɪ r ɔ h ɘː ɟ ]_w
[_w k ɘ k ɘ mː ɪ ]_w
[_w ʊ s ɘ l ɘː l ]_w
[_w t ʊ t ɔː r ]_w
[_w ɘ s ɘ m p ʊ n ]_w
[_w ɛ j ɪ n k ]_w
[_w l ʊ w ɘː j ]_w
[_w ʊ k ɘ b ɘː k ]_w
[_w k a k a l aː m ]_w
[_w ɟ ɘ ɡ ɛ ]_w
[_w ɪ r ɛ ɡ ɔː m ɪ ]_w
[_w ʊ r ɘ m p ɛ n ]_w
[_w ɛ ɟ ɘ l ɛ j ]_w
[_w k ɘ j ɛ n ]_w
[_w ɟ ɪ c ɘ m ɔː r ]_w
[_w b a ɟ iː n a p ]_w
[_w k ʊ f ɛ l ʊ m ɪ ]_w
[_w ʊ t ʊ m ɪ ]_w
[_w w ɛ j ]_w
[_w ʊ l ɘ k ɘː m ]_w
[_w n ɘ t ɘ l ɛ j ]_w
[_w b ʊ n k ʊ j ɘ b ]_w
[_w n ɘ s ɛ n ʊː l ]_w
[_w w ɘ m ɛː ŋ ɛ ]_w
[_w a k a l aː e ]_w
[_w ɟ ɘ mː ɪ ]_w
[_w k ʊ s ɛː k ]_w
[_w e s u k ]_w
[_w ɔː m ɘ ]_w
[_w i b u r ]_w
[_w d u n i aː j ]_w
[_w s ɪ l ɛ t ]_w
[_w ɘ r ʊ n k ɘ f ]_w
[_w f ʊ ɟ ɛ ɛ ]_w
[_w ɟ i p u r e n ]_w
[_w j ʊː t ɪ ]_w
[_w k ʊ b ɘː l ɔ m ]_w
[_w k ɘː t ɛ ]_w
[_w m ʊ k ɘ b ɘ ɟ ɔ ]_w
[_w b ʊ k ɛ ]_w
[_w w ɘ ɟ ɘ ʊ m ɪ ]_w
[_w b ɘ c ɘ m ɔː r ]_w
[_w f ɔː m ]_w
[_w k ɔː l ɘ ]_w
[_w k ɘ r ɪ ɘ k ]_w
[_w k ɔː l ɪ m ɔ n ]_w
[_w k ɘ m ɘ ŋ ɘ k ]_w
[_w k ʊ r ɪ m ɔ m ]_w
[_w f ʊ b ɘ p ɘ ɟ ɛ ]_w
[_w a n iː n e ]_w
[_w l a r ]_w
[_w m u w a ɲ u m a ]_w
[_w k ʊ m ɘ n ɟ ɘ m ]_w
[_w ɛ w ɔ n ɡ ɪ ]_w
[_w k u p u r ]_w
[_w j e m ]_w
[_w k ɘ p ɘ ]_w
[_w k u j i a k ]_w
[_w f ɘ mː ɪ ]_w
[_w n ɘ m ]_w
[_w n ɘ r ɪ ɛ m ɪ ]_w
[_w ɛ c ɪ l ɘ ]_w
[_w e l i n ɡ aː j ]_w
[_w k a c u m ]_w
[_w ɛ ɡ ɔ l ɛ j ]_w
[_w a k o n a b ]_w
[_w b u l a t ]_w
[_w s ɪ l ɘː k ]_w
[_w k u m b uː r ]_w
[_w b u r o m iː l ]_w
[_w u t a k a s ]_w
[_w k ɘ m ɪ n k ɛ j ]_w
[_w b ʊ r ɪ ɔ ɛ ]_w
[_w k ʊ k ɘ f ]_w
[_w m ɔ ɔ m ʊ ]_w
[_w b ɘ f ɘ ŋ ʊ m ɪ ]_w
[_w k ʊ r ʊ l ɛ n ]_w
[_w ɛ ɡ ɘː n ɪː m ɪ ]_w
[_w ɟ ɪ t ɔː ŋ ]_w
[_w ɟ ɘ t ɛ m ɘ s ]_w
[_w f ɘ ɟ ɘ k ɛ ]_w
[_w ʊ j ʊ ]_w
[_w ɘ b ɘ ɟ ʊ m ɪ ]_w
[_w k ɘ m ɘ ]_w
[_w n ʊ ŋ ɘ r ʊ m ɪ ]_w
[_w j ɛ n t ɘː m ]_w
[_w j ʊ n ʊ s ɘ ]_w
[_w ɟ ɘ n d ɪ ]_w
[_w k a m a r u l ]_w
[_w k ʊ r ɛ k ]_w
[_w ɪ ɟ ɘ mː ɪ ]_w
[_w ɟ ɪ n ɔ k ɛ n ɛ ]_w
[_w m ʊ l ɔ b ɘː m ]_w
[_w t ʊ r ɘː t ]_w
[_w ɟ ɪ b ɘ c ]_w
[_w w ɘ j ɛ ʊ m ɪ ]_w
[_w ɘ p ɔ ɲ ʊ m ɪ ]_w
[_w k ʊ w ɘ ɲ ɘː m ]_w
[_w s a n i ]_w
[_w m p uː r e j ]_w
[_w k ɘ t ɛː p ]_w
[_w s ɪ m ɪ l ɪ ɔ ŋ ]_w
[_w e t i p e j ]_w
[_w s aː u t ]_w
[_w ɛ s ɘ n ɡ ɛ n ]_w
[_w ɡ ɘː t ʊ m ɪ ]_w
[_w j ɘ ɟ ]_w
[_w k ʊ r ɔ k ]_w
[_w ɡ ɘ n ɛ n ɪ m ɪ ]_w
[_w b ɘ b ɘ ɟ ]_w
[_w ɲ ɘ k ɘ b ɘː k ]_w
[_w s ɪ b ʊ r ]_w
[_w k ɘ l ɘ k ɔ m ɪ ]_w
[_w m ɘ c ɔː n ɛ ]_w
[_w c ɪ r ɘː n t ɛ r ]_w
[_w b ɛ r ɪ ɘ ]_w
[_w f a k o n ]_w
[_w s ɘ m ɘ r ɪ ɘ ]_w
[_w f ɘ k ɔː r ]_w
[_w ɘ l ɘː ɲ ]_w
[_w n ɘ b ɘ ɟ ]_w
[_w k ɘ b ɔ n k ɛ t ]_w
[_w d a k o n a p ]_w
[_w n ɪ b ɘ b ɘ ɟ ]_w
[_w p ɛː t ]_w
[_w k ʊ h ɪː l ɪ ɛ ]_w
[_w b ɘ n ɘ t ɛ j ]_w
[_w m ʊ k ɘː n ɛ ]_w
[_w k ɔ m ɔ r ɘ ]_w
[_w ɘ t ɪ ɔ m ]_w
[_w k ʊ b ɘ b ɘ ɟ ɔ ]_w
[_w b ʊ k ɘ n ɘ k ]_w
[_w k ʊ w ɔ l ɪː w ]_w
[_w p a k u m ]_w
[_w ɛ ŋ ɘ r ɪ ]_w
[_w m ʊ l ɪ p ɘ ]_w
[_w ɘ n ɔː s ɘ n ɪ ]_w
[_w k ʊ n ɔː m ɘ n ]_w
[_w w aː l o uː l ]_w
[_w b iː n e ]_w
[_w k ɔ ɔ k ʊ ]_w
[_w w ɘ ɟ ɘ w ʊ t ]_w
[_w r ɪː b ɛ n ]_w
[_w s ɘ m ɘ t ɘ k ]_w
[_w k ʊ w ɘ ɲ ɘː ʊ ]_w
[_w f ʊ f ɔ k ]_w
[_w ʊ l ɘː ɲ ]_w
[_w ɘ k ʊ l ɪ ]_w
[_w a k o n a k ]_w
[_w ɘː n ɔː m ɪ ]_w
[_w n ɘ s ɔ f ʊ m ɪ ]_w
[_w n ɘː n ɪː m ɪ ]_w
[_w k u t aː k ]_w
[_w s ɛ n ɔː l ]_w
[_w k ɘ ɟ ɘ m ɛ m ɪ ]_w
[_w k u t i o l i ]_w
[_w a j a h uː t ]_w
[_w ɘ l ɛː ]_w
[_w l i ŋ ]_w
[_w e b o l i a k ]_w
[_w ɛ k ɘː n ɪː l ]_w
[_w k ɘ n ɔː m ɘ k ]_w
[_w ɟ ɪ m ɘ ŋ ʊ m ɪ ]_w
[_w ɛ l ʊ b ʊ m ɪ ]_w
[_w ɟ ɪ ɟ ʊː m ]_w
[_w j ɛ r ɪ k ]_w
[_w s ɔː t ɘ s ]_w
[_w f ʊ n ɔː m ɘ f ]_w
[_w ɘ j ɘ p ]_w
[_w ɲ a t u m ]_w
[_w ɘ ɟ ɘ w ]_w
[_w n ɪ n ɪ w ɛ t ]_w
[_w a f i r e n ]_w
[_w ɟ ɪ k ɘ t ɛ b ɔ ]_w
[_w f a r u s ]_w
[_w ɪ r ɛ ɡ ʊ t ]_w
[_w ɲ ɪ w ʊ ɟ ɘ ɲ ]_w
[_w ɛ r ɘː n ɛ j ]_w
[_w n a p i l e u l ]_w
[_w k ʊ t ɛ b ]_w
[_w r e ɡ o l i ]_w
[_w f u ɡ o oː l ]_w
[_w ɛ s ɛ n ʊ m ɪ ]_w
[_w k a k o n a w ]_w
[_w k ʊ k ɘ m ɛ n ɘ ]_w
[_w ɪ m ɘ n ɟ ɛ j ]_w
[_w l ɘː ɲ ]_w
[_w n ɔː n ɛ ]_w
[_w c ɘ j ɪ t ɘ ɟ ]_w
[_w w ɘ k ɪ l ɘ ]_w
[_w ɘ n ɔː s ɘ n ]_w
[_w e s u ɡ ]_w
[_w b ɘ m ɘ n ɟ ]_w
[_w b ɛ n ɛ n ]_w
[_w f ʊ j ɘ b ]_w
[_w k ɘ b ɘ ɟ ]_w
[_w k ʊ f ɔ k ʊ m ɪ ]_w
[_w ɛ n ɘ k ]_w
[_w l oː k ]_w
[_w n ʊ ɟ ɘ w ɔː r ]_w
[_w k ɘ m ɘ t ]_w
[_w ɘ b ɘ ɟ ɛ ]_w
[_w k ɘ b ɘ k ɔ ɛ ]_w
[_w b ɘ ɟ ʊː m ]_w
[_w b ʊ s ʊ n ]_w
[_w ɛ b ɪː n ɛ j ]_w
[_w b a n d o l i ]_w
[_w e b aː r e j ]_w
[_w m ɔː f ɪː l ]_w
[_w f a t i e n aː l ]_w
[_w b ɘ n ɘ k ʊ ]_w
[_w n ɘ ɲ ]_w
[_w f ɘ l ɛ ɡ ɛ n ]_w
[_w s ɛ r ɛ ŋ ]_w
[_w ʊ s ɘː n ɘ ]_w
[_w k u ɟ eː t u m ]_w
[_w r iː ŋ u t ]_w
[_w k a n k u m a k ]_w
[_w n ɘ n ɔː s ɘ n ]_w
[_w e j iː s e n ]_w
[_w ɘ k ʊ r ɪ n ɛ n ]_w
[_w ɛ ɡ ɔ b ]_w
[_w n ʊ r ɔ k ɔ m ]_w
[_w f ɘ n ]_w
[_w j oː l o l i ]_w
[_w ɟ i r uː r e n ]_w
[_w n ʊ m ʊː t ɛ n ]_w
[_w k a s o f u m ]_w
[_w m ʊ k ɘ mː ɔ ]_w
[_w k ɘ l ɛ b ɔː r ]_w
[_w j ɔː k ɛ n ]_w
[_w k u k uː t ]_w
[_w m u ɡ o j u m e ]_w
[_w m ɘ r ʊ t ɛ m ɪ ]_w
[_w ʊ t ɪ l ʊ l ɔ m ]_w
[_w ɛ ɲ ɔː s ɛ j ]_w
[_w w ɘ ɟ ɔː n ɛ ]_w
[_w ɛ p ɘ n ɛ l ɘ k ]_w
[_w ɲ ɪ w ʊ c ɘ ɲ ]_w
[_w s oː l o l i ]_w
[_w ɟ i j i n e n ]_w
[_w n ɘ ɟ ʊ k ʊ m ɪ ]_w
[_w m ɪ s ɪ r ɘ h ]_w
[_w n ʊ m ɘ ŋ ]_w
[_w b ɘ m b ɘ ɟ ]_w
[_w k ɘ ɲ ɛ n ɘ w ]_w
[_w b a r i t a k ]_w
[_w a l a u l u t ]_w
[_w m ʊ k ɘ p ɘː k ɛ ]_w
[_w ɟ ɪ r ɘː k ɘ l ]_w
[_w b a ɡ o r i ]_w
[_w k ʊ t ɘ ʊː l ]_w
[_w n ɘ b ɔ ɲ ɘː ʊ ]_w
[_w p u j iː k ]_w
[_w ɛ b ɪ l ɛ m ɪ ]_w
[_w b ɛː t ]_w
[_w ɘ w ɘ ɲ ɘ ]_w
[_w ɟ ɘ ɟ ]_w
[_w k ʊ n ɘ p ʊ m ɪ ]_w
[_w ɟ i l i r oː r ]_w
[_w l ɛ t ]_w
[_w w ɘ ɲ ɔː l ɪ ]_w
[_w ɘ t ɘ ]_w
[_w b ɪ r ɪ s ɪ k ɘ ]_w
[_w b ɘ ŋ ɘː n ɘ b ]_w
[_w ɘ m ɘ n ɟ ɘ ]_w
[_w a ɟ i mː i ]_w
[_w b a k o l i ]_w
[_w b ʊ b ɘ b ɘ ɟ ɛ ]_w
[_w ɟ ɪ k ɘː n ɛ r ]_w
[_w k ɘ s ʊː l ɛ n ]_w
[_w ʊ r ɛ ]_w
[_w ɘ l ɔ f ]_w
[_w f ɘ l ɘ k ɔ m ɪ ]_w
[_w k ɘː n ɔ ]_w
[_w j e n d e n ]_w
[_w k a k aː n u m a ]_w
[_w ɛ k ɔ l ɛ j ]_w
[_w ɛ r ɪ k ɔ ]_w
[_w b ʊ f ɘ ŋ ]_w
[_w b u p u r e n ]_w
[_w ɟ ɔ mː ɪ ]_w
[_w ɘ ɟ ɔː n ɘː ʊ ]_w
[_w f u r aː r i ]_w
[_w p ɘ r ɘ b ]_w
[_w b ɪ j ɔ ʊ t ]_w
[_w ɘ s ɛː k ]_w
[_w u ɡ uː t ]_w
[_w b a k o r i ]_w
[_w p ʊ k ɘ n ɪː l ]_w
[_w k ɘ mː ɪ ]_w
[_w f ʊ ŋ ɘ p ]_w
[_w k ʊ ɟ ɘ w ]_w
[_w b ʊ ɟ ɘ ]_w
[_w ʊ ɲ ɛ n ɪ ]_w
[_w n ɘː n ɔː m ɪ ]_w
[_w f ɘ t ɪː t ]_w
[_w ʊ r ɘ m p ɘ ɔː l ]_w
[_w ʊ ɟ ɘ m ɪ t ]_w
[_w b ɔː l ɪ j ɔ ]_w
[_w ɛ n ɛ n ɔ ]_w
[_w e l i n k a f ]_w
[_w k u n iː n e ]_w
[_w u l i n l i ŋ ]_w
[_w ɟ ɪ k ɘː n ]_w
[_w j aː m a k a k ]_w
[_w ɛ r ʊ n k ɘ ɔ m ]_w
[_w ɘ r ɛ ɡ ʊː m ɪ ]_w
[_w k ʊ k ɪ l ɘ ]_w
[_w a p a l a ]_w
[_w n ɘ s ɘ l ʊ m ɪ ]_w
[_w w a r iː ŋ e ]_w
[_w ɘ t ʊː k ʊ m ɪ ]_w
[_w n a t e m i e ]_w
[_w b ɪ j ɔ k ]_w
[_w ɟ i p aː r ]_w
[_w b ɔː b ]_w
[_w f ɘ k ɔː r ɘ f ]_w
[_w ɘ ɪ m ɘ ]_w
[_w k u k a l aː e ]_w
[_w ɟ ɪ r ʊ l ɛ n ]_w
[_w ɘ m b ɘ r ɘ w ]_w
[_w u j e k e t i ]_w
[_w ʊ k ɪ l ɘ ]_w
[_w s i p i r aː s ]_w
[_w b ɔː b ɛ ɪ ]_w
[_w m b uː r ]_w
[_w m ʊ r ɪ ɘː l ]_w
[_w n ɘ b ɔ ɲ ɘ ɔ m ]_w
[_w n ɘ ŋ ɘ r ]_w
[_w d i ɟ ]_w
[_w ɘ ɲ ɔː l ɪ ]_w
[_w ɛ l ʊ w ]_w
[_w l ɛ ɡ ɔː l ]_w
[_w ʊ r ɘː n ]_w
[_w f ʊ j ɪː f ɘ f ]_w
[_w s ɘ m ʊ ɛ l ]_w
[_w n ɘ l ɘ t ɪ ɘ ]_w
[_w a ɟ u p o m i ]_w
[_w ɛ j ɪ n ɡ ]_w
[_w ɘ ɲ ɔː l ɔː l ]_w
[_w m ɘ l ɛ ɡ ɛ n ]_w
[_w b ɘː n ɔ ɛ ]_w
[_w k a s uː m a j ]_w
[_w ɘ ɟ ɪː k ɘ ]_w
[_w b u n u ŋ a ]_w
[_w n ɪ b ɘ c ɛ ]_w
[_w a t i j aː r ]_w
[_w s ɔ t ɔ m ]_w
[_w t ɛ r ɛ p ɛ ]_w
[_w k ɔː k ɛ ]_w
[_w k ʊ m ɘ mː ɘ ŋ ]_w
[_w k ʊ p ʊ ɟ ʊ m ɪ ]_w
[_w ɟ ɪ ɟ ɪ k ɛ r ]_w
[_w l ɛː ɟ ɘː t ]_w
[_w m ʊ r ɪ ɘ m ʊ ]_w
[_w n ɘ t ɛ j ]_w
[_w w ɔː l ɪ k ɔ ]_w
[_w b ɘ l ]_w
[_w s ɪ k ɘ b ]_w
[_w ʊ r ɔ ŋ ɘː w ]_w
[_w k ɘ l ɛ t ]_w
[_w f ʊ ɟ ʊː m ]_w
[_w ʊ s ɛ n ʊ m ɪ ]_w
[_w k ʊ f ɘ r ɪ s ɘ ]_w
[_w k ɘ t ɘː k ]_w
[_w k ɘː n ɔ m ɪ ]_w
[_w k ʊ p ɘ n ]_w
[_w w ɛː l ʊ m ɘ ]_w
[_w ʊ r ʊ ŋ ɘ b ɘ f ]_w
[_w k ɘ r ɘ s ɪː n ]_w
[_w ɘ r ɛ ɡ ]_w
[_w k ɘ b ɛː t ɔ ]_w
[_w w ɔ ɔ w ʊ ]_w
[_w b ɘ ɟ ɘː m ]_w
[_w b a p uː m e ]_w
[_w ɛ b ɔː j ]_w
[_w ɘ b ʊ c ]_w
[_w f ɘ ŋ ʊ m ɪ ]_w
[_w ɟ ɪ s ɛ n ʊ m ɪ ]_w
[_w b ɘ ɟ ɘ f ]_w
[_w ɟ ɘ b ɘ ɟ ɔ ]_w
[_w m ʊ k ɘ b ɘ ŋ ]_w
[_w ʊ l ɘː ɲ ɛ n ]_w
[_w ɟ ɔː l ɪ j ɔ ]_w
[_w l ʊː t ]_w
[_w ɛ b ɘ ɟ ]_w
[_w ʊ k ɔ j ]_w
[_w w ɘ m b ɪ ]_w
[_w ɡ ʊ c ɔː n ɛ ]_w
[_w m ʊ k ɘː n ]_w
[_w c ɪ t ɛ j ]_w
[_w ɪ ɲ ɛ s ]_w
[_w ɟ ɔː t ʊ m ɪ ]_w
[_w m ɘ l ɛ k ʊ m ɪ ]_w
[_w m ɔː l ɪː l ]_w
[_w k u j i n iː l ]_w
[_w ʊ r ɪː b ɛ n ]_w
[_w ɟ ɘ l ɛː b ɪ ]_w
[_w k ʊ b ɘ ɟ ɛ ]_w
[_w m ɪː n ɡ ɔ ]_w
[_w ʊ r ʊ ]_w
[_w s ɛ m p ɘː j ]_w
[_w t ɛ r ɛ b ɛ ]_w
[_w k ʊ n ɔ mː ɪ ]_w
[_w ʊ r ɛː s ɘ k ]_w
[_w b u r o m uː l ]_w
[_w w ɘ r ɛ ɡ ʊ m ɪ ]_w
[_w k ɘ f ɘ r ɔː r ]_w
[_w b o l i a k ]_w
[_w ɘ r ɛ m b ɛ n ]_w
[_w k a k a l aː k ]_w
[_w b ɘ t ɪ ]_w
[_w ɘ t ʊː k ɪ m ɪ ]_w
[_w ɛ n ʊ k ]_w
[_w f ɘ b ɘː k ɛ ]_w
[_w n ɪ ɟ ɘ mː ɪ ]_w
[_w k ɘ l ɔ m ɪ ]_w
[_w d ɔː t ɔː t ɔ ]_w
[_w ɘ b ʊ n d ɘː ʊ ]_w
[_w a n iː n aː u ]_w
[_w f ʊ b ɘ n ɘ w ]_w
[_w n ɘ ɟ ɛ c ɛ t ]_w
[_w ɘ s ɛ n ɛ j ]_w
[_w ɘ m ɪ n k ɛ n ]_w
[_w ʊ ɲ ɛ n ɔː l ]_w
[_w p ɔː t ɘ p ]_w
[_w l ɪ t ]_w
[_w t ɪ b ɛ r ɪ ɘ ]_w
[_w w ɘ n ɔː w ɘ n ]_w
[_w k ʊ r ɪː b ɘ ]_w
[_w a c u b o m i ]_w
[_w ʊ b ɘ ɟ ɘ f ]_w
[_w h ɘ l ɛ l ɛ t ]_w
[_w b u ɡ o r o ]_w
[_w b a ɡ u n a w ]_w
[_w k ʊ n k ʊː l ]_w
[_w a b u r u m ]_w
[_w ʊ b ɘ ]_w
[_w k ɘ mː ɔ ]_w
[_w b ʊ b ɘ ɟ ɛ ]_w
[_w n ɪ ɟ ʊ ɟ ʊ k ɪ ]_w
[_w p a k o r aː b ]_w
[_w b u p aː r a p ]_w
[_w n a f i r e n ]_w
[_w k ɘ p ʊ t ɛ m ɪ ]_w
[_w n ɘ ŋ ɘ r ʊ m ɪ ]_w
[_w ɘ m b ɘ ʊː l ]_w
[_w k a l e p i e n ]_w
[_w k ɘ j ɛ l ]_w
[_w k u k uː d ]_w
[_w n a k o l u m ]_w
[_w b ʊ r ɛ ɡ ]_w
[_w ɘ b ɘ ɟ ʊ t ]_w
[_w ɟ ɪ j ɘ j ɘ b ]_w
[_w ɟ ɔː t ʊ t ]_w
[_w b a ɡ o n ]_w
[_w s ɪ t ɘː j ]_w
[_w k ʊ ŋ ɘ b ɘ f ]_w
[_w u j e n d e n ]_w
[_w u p u r u m i ]_w
[_w n ɔː t ɛ ]_w
[_w k u j i n e n ]_w
[_w b ɘ ɟ ɘː ʊ ]_w
[_w ɛ w ɔ n k ɔ m ]_w
[_w k ɘ f ɛ l ʊ m ɪ ]_w
[_w k a f a ]_w
[_w s ɔː m ]_w
[_w ɘ p ɘ n ʊ m ɪ ]_w
[_w f ʊ ŋ ɔː l ɛ n ɛ ]_w
[_w k ɔ b ]_w
[_w b ɘ ɟ ʊ m ɪ ]_w
[_w ʊ m ɘ n ɟ ɛ n ]_w
[_w ɟ i l a ɟ ]_w
[_w i r iː ŋ e n ]_w
[_w ɟ i m eː l o ]_w
[_w n ɘ ɟ ɛ t ]_w
[_w u s u m u t ]_w
[_w f ʊ l ɔ ɟ ɘː t ]_w
[_w ʊ f ɛː f ɘ w ]_w
[_w n ɛ ɪ ]_w
[_w ɘ ɟ ɘ m ]_w
[_w e ɟ a w u m ]_w
[_w k ɘ j ɘ b ʊ m ɪ ]_w
[_w n ɘ j ɪ d ]_w
[_w k ʊ c ɛː n ]_w
[_w ɔː l ɪ ]_w
[_w ɘ m b ɘ ɔ m ]_w
[_w b ɔː k ʊ m ɪ ]_w
[_w w ɘ ɟ ɘ k ʊ m ]_w
[_w k ɘ m ɘ ŋ ʊ t ]_w
[_w k u j i t o u l ]_w
[_w k aː m a k ]_w
[_w b ʊ j ʊ p ɘ ]_w
[_w m ɘ k ɘ p ɘ ]_w
[_w t u n i j aː j ]_w
[_w k ɘ b ɘ n ]_w
[_w k ɘ l ɪː k ɛ n ]_w
[_w k ɘ l ɘ t ʊ t ]_w
[_w b ɘ r ɛ ]_w
[_w ɛ ɡ ɔ l ɔ ŋ ɛ j ]_w
[_w ɘː n ɘ mː ɪ ]_w
[_w t ɘ b ]_w
[_w ɟ ɘ l ɛː b ɘ ]_w
[_w b a r i t o m ]_w
[_w k u b aː r a k ]_w
[_w m ɘ m p ɪ ]_w
[_w d a ɡ o n a m ]_w
[_w d i n ]_w
[_w k u ɡ o uː l ]_w
[_w n ɔː m ]_w
[_w ʊ w ɔ l ɪː w ]_w
[_w k ʊ k ɘ ɟ ]_w
[_w k ʊ ɟ ɔː n ɛ ]_w
[_w k u ɟ i m a w ]_w
[_w ɛ s ɔ s ɔ f ]_w
[_w s ɪ j ɘː k ɘ ]_w
[_w ɪ ɲ ɘː j ɪː l ]_w
[_w ɘ l ɛː b ɘ ɟ ]_w
[_w m ɘː l ʊ m ɪ ]_w
[_w aː m a k a k ]_w
[_w s ɘ n ]_w
[_w k ʊ r ʊ n k ]_w
[_w k ʊ r ɔ k ɘː k ]_w
[_w k u m u s aː k ]_w
[_w w ɘ r ɔ ŋ ʊ m ɪ ]_w
[_w f ʊ j ɘː k ɘ ]_w
[_w a l iː n o m ]_w
[_w ɛ ɡ ɘː n ɪː l ]_w
[_w ɘ b ɛ l ]_w
[_w k u k o l u m ]_w
[_w f aː m a ɡ ]_w
[_w j ɛ n s ɘ ]_w
[_w ɛ t ɛ n ]_w
[_w n ɘ ɲ ɔː s ʊ m ɪ ]_w
[_w ɟ ɪ l ɪ b ɔ ]_w
[_w b ɘ r ɛ ɲ ɘː ]_w
[_w ɛ w ɘ ɲ ]_w
[_w p a n s i c i m ]_w
[_w ɟ ɪ l ɘ ]_w
[_w ɛ ɡ ɔ r ɔː r ]_w
[_w k ɘ l ɘ k ]_w
[_w a b u r u m i ]_w
[_w w a t aː ɲ i ]_w
[_w ɛ ɡ ɘː n ɪ ]_w
[_w f ʊ r ɪ m ɘ f ]_w
[_w b ʊ r ɘ b ʊ m ɪ ]_w
[_w s ɛ m ]_w
[_w e s u k e j ]_w
[_w n ʊ k ɘː n ʊ t ]_w
[_w t ɘː ɟ ]_w
[_w n ɘ f ɘ ŋ ʊ m ɪ ]_w
[_w i n ɟ e ]_w
[_w t eː ŋ e j ]_w
[_w f ʊ n k ɔː l ]_w
[_w a j iː s ]_w
[_w k ɘ k ɘ m ]_w
[_w ɛ r ɛ ɡ ʊː l ]_w
[_w k ʊ f ɘ ŋ ʊ m ɪ ]_w
[_w k ʊ t ʊ n t ɛ n ]_w
[_w ɘ r ʊ n k ɛ j ]_w
[_w k ʊ m ɘ n ɟ ʊ t ]_w
[_w m ɔː t ʊ m ɪ ]_w
[_w p a k o l i ]_w
[_w ɘ s ɘ l ]_w
[_w k ɘ l ɘ ɡ ɔ ]_w
[_w ɟ ɪ k ɘ t ɛ n ]_w
[_w k u k uː ]_w
[_w ɟ i j e n t e n ]_w
[_w k ɘ s ʊː ŋ ʊ t ]_w
[_w ʊ b ɪ l ʊ m ɪ ]_w
[_w ɟ ʊː p ɔ ]_w
[_w ɟ ɘ k ɔ k ɛ r ]_w
[_w ʊ b ɪ l ]_w
[_w w ɘ s ɔ f ʊ m ɪ ]_w
[_w m u k u m ]_w
[_w m ɘ t ɘ k ]_w
[_w p ɘ k ɔː b ɘ ]_w
[_w s ɘː k ʊ m ɪ ]_w
[_w ɘ k ɪ l ɛ ]_w
[_w f ɔː l ɪ j ɔ ]_w
[_w k ɘː ɡ ʊ ]_w
[_w m ɔ f ɔː l ]_w
[_w r ɛ m ɔ ]_w
[_w k ɘ ɟ ɔ m ]_w
[_w d ɘ b ]_w
[_w n ɪ m ɘ ŋ ʊ t ]_w
[_w a m eː l o i ]_w
[_w ɟ ɪ m ɘ n ɟ ]_w
[_w k ɘ n ɘː n ]_w
[_w n ɪ l ɘː ɲ ]_w
[_w ɟ ɔː k ɛ n ]_w
[_w n ʊ ɟ ɘ n ɟ ɘ m ]_w
[_w k ʊ n ɘ k ɘ k ]_w
[_w ɘ b ɔː j ]_w
[_w s ɘː s ʊ ]_w
[_w ʊ l ɔ ɘ ]_w
[_w ɛ r ɔ k ]_w
[_w ʊ l ɛ t ]_w
[_w s ʊ m ʊ r ʊ n ]_w
[_w ʊ b ɘ ɟ ɘː m ɪ ]_w
[_w c ɪ r ɛ k ɔː m ɪ ]_w
[_w f ɘ s ɔ f ]_w
[_w k ɘ b ɘ n ɘ k ]_w
[_w k ɘ m ɘ l ]_w
[_w ɘ m ɘ n ɟ ʊ t ]_w
[_w ɟ ɪ t ɘ m b ɛ n ]_w
[_w b u s u s iː l ]_w
[_w w ɘ l ɛ ɡ ɛ n ]_w
[_w k ɘ m ɪ n ]_w
[_w ɔː t ɛ ]_w
[_w k ɘ s ɔ f ʊ m ɪ ]_w
[_w ɘ k ɘ mː ɔ ]_w
[_w k ɘ s ɔ f ɪ ]_w
[_w p u b u d o ]_w
[_w ɘ m b ɘ ɪ ]_w
[_w k ɘ s ɔ f ɪ m ɪ ]_w
[_w a j a h uː d ]_w
[_w a m a ɟ i r a ]_w
[_w w a n k u m a w ]_w
[_w ɛː t ɛ ]_w
[_w b u ɟ uː s a ]_w
[_w ɪ l ɘ k ɔ ɘː ʊ ]_w
[_w ɛ b ɪ l ɪ n k ]_w
[_w k ʊ c ɘ w ]_w
[_w ɘ l ɘ k ɔ m ɪ ]_w
[_w t ɪ l ʊ l ɔ ]_w
[_w ɪ k ɘː n ɛ ]_w
[_w b u r o k u m ]_w
[_w ɛ n ɔ k ]_w
[_w k ʊ b ɔ ɲ ɘ ɔ m ]_w
[_w k u b u l u l ]_w
[_w m ɘ s ɪ k ɔ ɛ ]_w
[_w l ʊ w ɘː s ]_w
[_w s ɪ l ɛː k ɔ m ]_w
[_w w ɘː f ɘ w ]_w
[_w n ʊ b ɛ t ɛ n ]_w
[_w ɛ k ɔ p ɛ j ]_w
[_w ɟ i b u r e n ]_w
[_w k u d i b ]_w
[_w ɛː n ʊ t ]_w
[_w ɛ b ɘ n ɛ ɡ ɘː n ]_w
[_w k a l i ŋ aː k ]_w
[_w ʊ ɟ ɛ ɡ ɔː r ]_w
[_w k ɘ l ɔ f ʊ m ɪ ]_w
[_w k ɘː j ɪː t ]_w
[_w k ʊ ɟ ʊ k ]_w
[_w k ɘ ɟ ɘ m ]_w
[_w ɛ j ɪ n k ʊː l ]_w
[_w k ɘ b ʊ ɲ ɘ k ]_w
[_w j ʊ n k ʊ l ɘ w ]_w
[_w n ɘ c ɛ t ]_w
[_w ɘ r ʊ n k ]_w
[_w ɛ l ɔ l ɔ ]_w
[_w n ɔ ɔ n ɘ ]_w
[_w ʊ r ɘ m p ɘː w ]_w
[_w ɪ w ɘ l ɛ n ɪ ]_w
[_w j ɔː l ɪ ]_w
[_w l ɘ k ɔ m ɪ ]_w
[_w a r iː ŋ e n a ]_w
[_w ɛ c ɘ w ]_w
[_w ɔː l ɪ j ɔ ]_w
[_w ɘ r ɛ m b ɛ ]_w
[_w ɪ m ɘ n ɟ ]_w
[_w ʊ f ɛ l ʊ m ɪ ]_w
[_w b ɘ ɟ ɘː r ɘ b ]_w
[_w ɪ k ɘː n ɔ ɛ ]_w
[_w ɘ l ɘ k ɔ ]_w
[_w j ɪ t ɔ ]_w
[_w n ɪ m ɘ mː ɘ ŋ ]_w
[_w l ɛː k ʊ ɟ ɛ d ]_w
[_w k ɘ b ʊ t ɛ m ɪ ]_w
[_w t i e n ]_w
[_w ɟ ɪ r ɛ k ɪː l ]_w
[_w ɘ s ɘ l ɘ k ɔ ɛ ]_w
[_w a l i k a b ]_w
[_w t oː r o ]_w
[_w n u m b oː m ]_w
[_w k ɔː n ɪː l ]_w
[_w ʊ b ɘ ɟ ɛ j ]_w
[_w k u l a u l a ɡ ]_w
[_w w ɘ r ɪ n ɔ ]_w
[_w ɟ ɪ b ɪ r ɪː n ]_w
[_w p ɘ r ɛ ]_w
[_w ɛ ɟ ɘ m ɛ j ]_w
[_w l ʊ s ɪ ɘ ]_w
[_w n ɘ n ɘ m ]_w
[_w k u t i p ]_w
[_w ʊ k ɘː n ɪ ]_w
[_w s ɪ n ɘː ŋ ɘ s ]_w
[_w m ʊ r ɪ ɘː m ]_w
[_w k a k a l aː e ]_w
[_w ɟ ɘ ɡ ʊ t ]_w
[_w f ʊ k ɔː b ɘ ]_w
[_w ɟ ɪ m ʊː t ɛ n ]_w
[_w ɛ c ɘ m ]_w
[_w p ɘː n ɔ m ɪ ]_w
[_w ɘ s ɔ f ɪː l ]_w
[_w b ʊ t ɔ m ɪ ]_w
[_w m ɘː t ʊ m ɪ ]_w
[_w ɘː m ɘː m ɘ ]_w
[_w ɘː k ɛ n ʊ m ɪ ]_w
[_w ɘ k ɘː n ɛ ]_w
[_w ɘ k ɪ l ʊ m ɪ ]_w
[_w ɘ j ɘ b ʊ m ɪ ]_w
[_w ɛ p ɪ l ʊ m ɪ ]_w
[_w t ɘ k ɘː n ɛ ]_w
[_w ɘ n ɘː r ɘː ʊ ]_w
[_w s ɘ m b ʊ r ]_w
[_w k u s i m ]_w
[_w k ʊ b ɪ l ]_w
[_w e t i b e j ]_w
[_w ɘ m b ɘː w ]_w
[_w ɟ ɪ m ɘ mː ɘ ŋ ]_w
[_w k ʊ m ɘː t ]_w
[_w e l i n ɡ a f ]_w
[_w ɘ b ɔ ɲ ]_w
[_w k ʊ l ɪ m ɪ ]_w
[_w s ɘ ɟ ɘ ɡ ɛ ]_w
[_w s ɪ n ʊ k ɘ s ]_w
[_w f u m b oː m ]_w
[_w b ɔː p ɪː l ]_w
[_w k ʊ m ɘ n ɟ ]_w
[_w s ɪ j ɛ l ɘ k ɔ ]_w
[_w ɘ w ɔ l ɪ ]_w
[_w n ɘ ɟ ʊ mː ɪ ]_w
[_w ɘ f ɪ ʊ m ]_w
[_w k aː m a k a w ]_w
[_w ɪ ŋ ɔː l ɛ n ]_w
[_w ɘ s ɛ n ɘ mː ɪ ]_w
[_w ɟ ɪ ɡ ɛ r ]_w
[_w e p u r u m i ]_w
[_w k ʊ ɟ ɪ k ɛ r ]_w
[_w ɛ ɟ ɛ t ]_w
[_w b ʊ l ɘː ɲ ɘ b ]_w
[_w ɛ l ɪ t ʊ m ɪ ]_w
[_w b ʊ s ɘː n ɘː w ]_w
[_w ɛ ɟ ɘː m ]_w
[_w b ʊ w ʊ w ʊː ɟ ]_w
[_w k a w a l o u l ]_w
[_w k ʊ ɲ ɪː l ɘ k ]_w
[_w k ʊ n ɘ k ]_w
[_w j u t a s ]_w
[_w l ɛ t ɘ r ɘ ]_w
[_w n ɛ n ]_w
[_w n ɔː t ɘː l ɛ ]_w
[_w ɲ ɔ f ɛ n ]_w
[_w k ʊ k ɘ b ]_w
[_w f ʊ t ɔ k ]_w
[_w ɟ ɔː t ɛ ]_w
[_w f u p aː r a k ]_w
[_w k ɘː n ɟ ɘː t ]_w
[_w b u w o l u m ]_w
[_w ɡ ɘ r ɛ ɡ ʊ m ɔ ]_w
[_w n ɪ b ɘ c ]_w
[_w b ɘ b ɘ ɟ ɘː l ]_w
[_w ɛ s ɛ n ɔː l ]_w
[_w m ɘ p ʊ t ɘ k ]_w
[_w ɔː m ɛ ]_w
[_w e l i ŋ ]_w
[_w k ɘ f ɘ t ɔː l ]_w
[_w s ʊː t ]_w
[_w j u t e a ]_w
[_w l ɛː k ʊ ɟ ʊ mː ɪ ]_w
[_w p ɛ r ɪ ]_w
[_w n ɘ s ɛ n ɪː l ɪ ]_w
[_w m ɘ m p ɘ ɟ ]_w
[_w n ɘ l ɘ k ɔ ]_w
[_w w ɘ m p ɪ ]_w
[_w ɛ r ɔ ŋ ɛ ]_w
[_w a l e b i e n i ]_w
[_w ɡ ʊ b ʊ n t ɘ ]_w
[_w s ɛ r ɛ r ]_w
[_w k ɘ b ɪ l ɛ m ɪ ]_w
[_w ɛ ɡ ɘː n ɔ m ɪ ]_w
[_w ɪ ɲ ɘː j ɪ ]_w
[_w p ɔː k ɔː l ]_w
[_w u t i e n aː l ]_w
[_w k a l a ]_w
[_w ɟ ɪ ɡ ɔː l ]_w
[_w n ɘ c ɪ n ]_w
[_w oː l o l i ]_w
[_w k ɘ s ɔ f ɪː l ]_w
[_w ɪ ɟ ɪː k ]_w
[_w ʊ b ɘ ɟ ɛ m ɪ ]_w
[_w m ɘ c ɘ k ʊ t ]_w
[_w b ʊ ɡ ɔː k ɛ ɪ ]_w
[_w ɘ r ʊ n ɡ ]_w
[_w e j u ]_w
[_w m a t aː ɲ i e ]_w
[_w w ɘ r ɔ ŋ ɛ j ]_w
[_w ɟ ʊː p ɔ ɛ ]_w
[_w ɟ ɘ ɡ ʊ t ɪ ɪː l ]_w
[_w ʊ t ɘ n ɟ ɘ m ]_w
[_w ʊ l ɔ ]_w
[_w j ɘ l ɛ k ʊ m ɪ ]_w
[_w ɛ r ɘː n ]_w
[_w ʊ t ɛ ɡ ɪː l ]_w
[_w ɲ ɘ ɟ ]_w
[_w n ʊ b ɘ ɟ ]_w
[_w k ɘ n ɘː m ʊ t ]_w
[_w b ɘ t ɘː l ]_w
[_w s ɪ w ɛː r ]_w
[_w k ʊ n ɪ f ɘː n ]_w
[_w a r iː ŋ ]_w
[_w k ɘ k ɘ ɲ ɔ ]_w
[_w b ʊ ɟ ɪ n ]_w
[_w m ɘ l ɛː k ɘ ]_w
[_w ɘ ɟ ɔː n ɛ ]_w
[_w ʊ k ɪ l ɘ ʊ t ]_w
[_w m ɘ n ]_w
[_w w ɘ j ɪ n ɛ j ]_w
[_w m ɘ m b ɪ ]_w
[_w ɛː n ɔː m ɪ ]_w
[_w n ɘ l ɘ k ɘː ɡ ]_w
[_w ɛː n ɔ m ɪ ]_w
[_w ɘ r ʊ n ɡ ɘ f ]_w
[_w e s i k i r e j ]_w
[_w ɛ f ɘ ŋ ɛ ]_w
[_w r ɘ n ]_w
[_w ɘ l ɘ w ]_w
[_w k a b iː l ]_w
[_w ɟ ɪ m ʊ k ɔː r ]_w
[_w s ɔː t ]_w
[_w ɘ l ɛ ɡ ɛ n ]_w
[_w ɘ b ɪ ɘ ]_w
[_w f ʊ f ɘː n ]_w
[_w ɛ r ɔ ŋ ɪ ]_w
[_w w ɘ k ɪ l ʊ m ɪ ]_w
[_w k u w o n ɡ u l ]_w
[_w m ɘ n ɘ k ]_w
[_w m ɘ t ɪ ]_w
[_w l ɛː k ʊ ɟ ʊ k ]_w
[_w j ɘː j ʊ ]_w
[_w ɛ b ɘ k ]_w
[_w ɟ ɘ b ʊ ɟ ]_w
[_w p ʊ l ɔ m ]_w
[_w ɪ l ɘ k ɔ ɛ ]_w
[_w ɘ n ɪ f ɘː n ]_w
[_w m p ɘ ]_w
[_w k ɘ b ɘː k ɘ k ]_w
[_w w ɪ ɟ ]_w
[_w k ʊ w ʊː ɟ ]_w
[_w ʊ f ʊ ]_w
[_w n ʊ k ɘː n ɛ ]_w
[_w b ɪː b l ɛ j ]_w
[_w s ɪ l ʊː p ]_w
[_w k u f i m a ]_w
[_w k u r iː ŋ ]_w
[_w b u n iː w a b ]_w
[_w k ʊ b ʊ b ʊ c ]_w
[_w d ʊ k ɪ k ɔ ]_w
[_w t a m i ]_w
[_w ɘ r ɔ k ɘ ɔ m ]_w
[_w k ʊ ɲ ɛ s ʊ m ɪ ]_w
[_w k ɘː k ɛ mː ɪ ]_w
[_w b ʊ r ʊ ŋ ]_w
[_w k ɘ f ɔ k ɘ k ]_w
[_w k ɘ b ɔː ɲ ɛ ]_w
[_w j ɔː n ɘ mː ɪ ]_w
[_w n ɘ m ɘ ŋ ʊ m ɪ ]_w
[_w t ɪ t ɔː r ɛ j ]_w
[_w e p u l aː j ]_w
[_w k ɘ ɲ ɛ n ɪ ]_w
[_w ʊ s ɘ l ]_w
[_w c ɔː l ɘ ]_w
[_w k a l iː m ]_w
[_w w ɘ s ɪ ɡ ɔ ɛ ]_w
[_w t ɘ n ]_w
[_w k ʊ k ɘ ɟ ɛ n ɪ ]_w
[_w ɟ ɪ r ɔ ŋ ]_w
[_w ɛ n ɪː l ɔː l ]_w
[_w ɟ ɪ b ɛ ɡ ɛ t ]_w
[_w d ɘ k ]_w
[_w ʊ k ɘ b ɘː k ɘ k ]_w
[_w ɛ f ɛ l ]_w
[_w k ɘ j ɔː l ɔ ]_w
[_w ɟ ɪ r ɪ m ɪ ]_w
[_w f ʊ r ɪ m ɔː l ]_w
[_w k ʊ ɡ ɘ m ɔː r ]_w
[_w ɘ t ɪ ɔː l ]_w
[_w ɘ ɡ ɔ r ɔː r ]_w
[_w m ɘ n k ɘː n ]_w
[_w ʊ ɲ ɛ n ɔ m ]_w
[_w ɪ b ɘ ɟ ]_w
[_w ɛ l ʊ k ]_w
[_w k ɪ t ɪ ]_w
[_w k ʊ k ɘ t ʊ b ɔ ]_w
[_w a j i l o m ]_w
[_w ɪ r ɛ ɡ ]_w
[_w ɟ ɘ n t ɪ ]_w
[_w k ʊ j ɘ p ]_w
[_w ɛ w ʊː ɟ ]_w
[_w k ɘ n ɔː k ɘ n ]_w
[_w ɘ ɡ ɪ l ɛ ]_w
[_w n ɘ m ɘ ŋ ɛ ]_w
[_w p ɘ b ɘ ɟ ɔ ]_w
[_w s ɪ b ɘ k ]_w
[_w ɟ i p u r e j ]_w
[_w ɟ ɘː t ]_w
[_w w ɘ r ɔ ŋ ]_w
[_w t ɘː t ɛ ]_w
[_w f ʊ k ɘ f ]_w
[_w b ʊ k ɔ ]_w
[_w k ɘ t ɛ n ]_w
[_w ɟ ɪ l ɔ l ɔ ]_w
[_w k ɘ l ʊ b ]_w
[_w ɪ ɲ ɛ m ɛ ]_w
[_w ɟ ɪ p ɛ b ɛ j ]_w
[_w f u k o u j o ]_w
[_w s uː m uː l ]_w
[_w b ɔː t ʊ t ]_w
[_w f ʊ j ɪː f ]_w
[_w k ɘ f ɪ n t ɔ ]_w
[_w k ɘ j ɔː ŋ ɘ k ]_w
[_w ɛ l ɘ k ]_w
[_w ɘ n ɔ k ɛ n ]_w
[_w f ʊ t ɪː k ɘ f ]_w
[_w p ʊ k ɛ ɪ ]_w
[_w k ɘ w ɔː k ɛ ]_w
[_w s u m ]_w
[_w e p u r ]_w
[_w n ʊ r ɛ k ɛ ]_w
[_w b ʊ t ʊ m ɪː l ]_w
[_w n ɘ c ɪ ɟ ɪː k ]_w
[_w ɟ i p u r ]_w
[_w ɛ l ɘ k ɔ m ɪ ]_w
[_w ɛ l ʊː p ɔː l ]_w
[_w m ɔː n ɪ ]_w
[_w ʊ ɟ ʊ k ɔː r ]_w
[_w ɪ k ɘː n ]_w
[_w ɟ ɪ k ɘː l ]_w
[_w n a j i t o u l ]_w
[_w k u c i m ]_w
[_w c ɪ k ɘː n ]_w
[_w n ɘ m ɘ mː ɘ ŋ ]_w
[_w k ʊ ɟ ɔ ɟ ɘ f ]_w
[_w ɛ m ɘ ŋ ʊ t ]_w
[_w b ɘ k ɘː n ]_w
[_w k ɘ k ɘː n ɔ ɛ ]_w
[_w k a l a u l a k ]_w
[_w k ɘ ɟ ɘ ɡ ʊ t ]_w
[_w r oː m a ]_w
[_w ʊ b ɘ ɟ ʊ t ]_w
[_w ɪ l ɘ k ɔ m ɪ ]_w
[_w m ɘ l ɪ n l ɔ ]_w
[_w ɘ m p ɘ ɪː l ]_w
[_w t i j a ŋ ]_w
[_w l ɛ t ʊ m ɪ ]_w
[_w ɘ t ɪ t ɔː r ɛ j ]_w
[_w p ʊ k ɘ b ]_w
[_w k ɘ n l ɪ ɔ ]_w
[_w m ɘ n s ɪ ]_w
[_w k ɘ k ɘ m ɛ n ɪ ]_w
[_w ɛ k ɘː l ]_w
[_w ʊ r ɛ k ʊ m ɪ ]_w
[_w p ʊ f ɘ ŋ ʊ m ɪ ]_w
[_w f ʊ n ɘ k ]_w
[_w k a p o l i e ]_w
[_w m ɪː l ]_w
[_w n ɘ l ɘ t ɘ b ]_w
[_w w ɘ b ɘ ɟ ɛ ]_w
[_w ɘ p ɪ l ʊ m ɪ ]_w
[_w w ɘː n ɔ m ɪ ]_w
[_w ɘ b ɔ n k ɛ d ]_w
[_w ɟ ɪ r ɛ ɡ ʊ m ɪ ]_w
[_w b ɘ s ɘː f ɘ k ]_w
[_w f ʊ f ɔ k ʊ m ɪ ]_w
[_w ɘ m ɘ n ɟ ]_w
[_w w ɘ ɟ ɘ w ]_w
[_w ɛ b ɪ l ɪ n ɡ ]_w
[_w w ɘː n ɔ ɛ ]_w
[_w ɘ m ɘ ŋ ɘ k ]_w
[_w m ɘ w ʊ ŋ ɛ n ]_w
[_w k u j e n d e n ]_w
[_w ɟ ɪ t ɛ j ]_w
[_w b ɘ n ɘ r ɔ ŋ ɛ ]_w
[_w k ʊ b ɪ n ɘː j ]_w
[_w ʊ m ɘ ŋ ]_w
[_w w ɘ j ɪ t ɘ w ]_w
[_w f ɘ m b ɪ ]_w
[_w f ʊ l ɘ k ɔ ]_w
[_w j ɘ ŋ ]_w
[_w ɘ k ɘ t ʊ n t ]_w
[_w ɡ ʊ n k ʊː l ]_w
[_w n ɘ p ɘ k ɔ ɘː l ]_w
[_w m ɪ l ɛ t ɔ ]_w
[_w u m i ɡ a k ]_w
[_w d ɪ m ɘː ]_w
[_w k a s uː m e ]_w
[_w p ʊ b ɘ ɟ ]_w
[_w ɘ ɟ ʊ k ɛ ]_w
[_w m ʊ l ɔ b ɘ ]_w
[_w ɘ ɟ ɪ k ɛ r ]_w
[_w k ʊ ŋ ɘ ŋː ɘ r ]_w
[_w ɡ ɘ f ɘ t ɘ k ]_w
[_w k ɔː n ɔ m ɪ ]_w
[_w ʊ m ɘ ŋ ɘː m ]_w
[_w t ɘ p ]_w
[_w ɘ m p ɘ ɪ ]_w
[_w k u p u t o e ]_w
[_w s i k o d aː s ]_w
[_w k ʊ s ɔ f ʊ m ɪ ]_w
[_w ʊ t ʊ m ]_w
[_w k ʊ r ɪ m ɪ ]_w
[_w s i p aː s ]_w
[_w s i n d aː j ]_w
[_w ɘ w ɘ r ]_w
[_w b ʊ t ʊ m ɪ ]_w
[_w ɪ b ɘ ɟ ʊ t ]_w
[_w m ɔː l ɪ f ɔ ]_w
[_w ɘ t ɪ ɟ ɘ m ɔː r ]_w
[_w ʊ k ɘ n ]_w
[_w d i c ]_w
[_w s ɪ s ɔ s ɔ f ]_w
[_w m ʊ l ɛː ŋ ]_w
[_w m a t aː ɲ i ]_w
[_w k ʊ t ɔ k ɛ j ]_w
[_w ʊ b ɘ n ʊ m ɪ ]_w
[_w f ʊ n ɡ ʊ l ]_w
[_w h ɘ n ɪ ]_w
[_w a r u ŋ u l ]_w
[_w ɟ ɪ f ɘː n ]_w
[_w ʊ m ʊ ]_w
[_w p ɛ n ɛ n ]_w
[_w c ɪ k ɔ b ]_w
[_w s uː k a s ]_w
[_w ɘ r ɘ m b ɛ j ]_w
[_w b ʊ r ɛ ɡ ʊ m ɪ ]_w
[_w p ʊ l ɔ l ɔ ]_w
[_w k a ɟ iː ŋ i t ]_w
[_w b ʊ b ɘ n ]_w
[_w ɘ s ɘ m ɘ t ]_w
[_w ɛ b ɔː l ɛ j ]_w
[_w b ɘ n ɟ ɪ ɟ ɛ t ]_w
[_w ɘ l ɘ t ʊ m ɪ ]_w
[_w k u b u t o a m ]_w
[_w l ɛ ɡ ɔː l ɛ j ]_w
[_w u j iː k ]_w
[_w k ʊ n ɡ ]_w
[_w k ɘ r ɔ ŋ ɛ ]_w
[_w ɲ ɘ m ɛː ŋ ɛ j ]_w
[_w f u s i m ]_w
[_w f ɘ l ɘ ɡ ɔ m ɪ ]_w
[_w ɡ ɘː k ʊ ]_w
[_w b u b u r u l o ]_w
[_w f a k ]_w
[_w ɘ ɟ ʊ ɡ ɛ m ɪ ]_w
[_w k ʊ l ɘ l ɘ t ɛ ]_w
[_w r i mː i ]_w
[_w ɛ ɡ ɘ n k ɘː n ]_w
[_w f ɘː f ʊ ]_w
[_w k ʊ r ɔ l ɘː f ]_w
[_w m ɪ k ɘ k ]_w
[_w ɘ s ɔ ]_w
[_w ɘ k ʊ r ɘ k ]_w
[_w ɘ s ɔ f ɔː r ɔ ]_w
[_w f ʊ l ɘ w ɔː m ɪ ]_w
[_w b ɔː m ]_w
[_w ɛ t ʊː k ɘ l ]_w
[_w ɘ t ʊː k ɘː ʊ ]_w
[_w n ɘ s ɘ r ɔ ]_w
[_w w a r iː ŋ u m i ]_w
[_w ɘ ɟ ɪ n ʊ k ɘ s ]_w
[_w ɟ ɪ ɡ ɔ b ]_w
[_w ɛ c ɘː j ]_w
[_w s ɪ b ɘ k ɛ n ]_w
[_w u k a m u n ]_w
[_w n ɘ l ɘ ɡ ɔ m ɪ ]_w
[_w ɪ r ɘː n d ɛ r ]_w
[_w k ʊ s ɘ l ɘː l ]_w
[_w s ɪ p ɘ ɟ ʊ m ɪ ]_w
[_w ɪ b ɪ l ]_w
[_w ɟ ɪ l ɘː ɲ ]_w
[_w ɛ p ʊ ɟ ɛ j ]_w
[_w k ɘ r ɔ ŋ ʊ m ɪ ]_w
[_w ɟ ɪ ɟ ʊː m ɛ ]_w
[_w k ʊ l ɘ ɡ ɔ ]_w
[_w k ɔː n ɪː m ɪ ]_w
[_w ɟ ɘ k ʊː ɟ ɘ k ]_w
[_w m ɘ ɟ ɔː n ]_w
[_w ɘ b ɘː l ɘ ]_w
[_w b ɔ m b ɔ ŋ ]_w
[_w k ʊ ɲ ɪː l ]_w
[_w ɟ ɪ r ɛ ɡ ɪː l ]_w
[_w k a b u t ]_w
[_w t i n o k ]_w
[_w ɘ m ɘ t ɘ ]_w
[_w ɟ ɪ l ɘ t ]_w
[_w b u l i ŋ e ]_w
[_w ɛ s ɔ f ɛ m ɪ ]_w
[_w k ʊ t ɪ ɪ ]_w
[_w ɛ ɟ ʊ k ]_w
[_w ɛ k ɘ n k ɘː n ]_w
[_w k ɘ p ɘ ɡ ɔ ɛ ]_w
[_w r ɪ ɔː m ɪ ]_w
[_w ɘ m p ɘ r ɘ w ]_w
[_w e ɟ a w u l e j ]_w
[_w n ɘ w ɘ w ɘ r ]_w
[_w k ɔː l ɪ ]_w
[_w k ʊ ɟ ɪː k ɪ ]_w
[_w ɟ ɪ l ɘ w ]_w
[_w aː m a k a w ]_w
[_w ɟ ɘ k ɔː ɟ ɘ k ]_w
[_w b a k u n a k ]_w
[_w k ɘ t ɪ ]_w
[_w ʊ h ɪː l ɪ ɛ ]_w
[_w k ɘ k ɘː ɲ ɛ n ]_w
[_w a r aː t i a ]_w
[_w k a ŋ a r u m a ]_w
[_w ɘ k ɘː n ɔ ɛ ]_w
[_w b ɪ l ɘ t ]_w
[_w b ɘ n ʊ ɡ ɘː n ]_w
[_w m ʊ r ɪ ]_w
[_w k ɘ ɲ ɛ n ɔː l ]_w
[_w s ɘ m p ʊ l ɪ ɘ ]_w
[_w ʊ b ʊ ]_w
[_w ɟ ɘ k ɛ ɔ ]_w
[_w b u k aː s ]_w
[_w ɘ m p ɘ ʊː l ]_w
[_w ɘ s ɛ n ]_w
[_w k ʊ r ɔː k ɘ l ]_w
[_w j a p u r u l ]_w
[_w k ɘ b ɘ k ]_w
[_w ɘ n ɘ n ]_w
[_w ɛ t ɛ b ]_w
[_w b ʊ s ɘː n ɘ ]_w
[_w ɘ m ɘ ŋ ɘ mː ɪ ]_w
[_w ɛ p ʊ ɟ ɪː l ]_w
[_w s ɘ ɟ ʊː p ɔ ]_w
[_w k aː m a ɡ ]_w
[_w b ʊ r ɔ k ɘ ɪ ]_w
[_w ɘ p ɘː l ɔː l ]_w
[_w k a ɟ i m ]_w
[_w k ɘ s ɘ l ]_w
[_w ɟ ɪ ɟ ɛ t ]_w
[_w b a ɟ iː n a b ]_w
[_w ɘ s ɪ ɘ ]_w
[_w k a ɡ a l aː ɡ ]_w
[_w m ʊ k ɘ b ɘ ]_w
[_w ʊ b ɪ n ɘː j ]_w
[_w ʊ t ɪ l ʊ l ɔ ]_w
[_w ɛ ɟ ʊ k ʊ t ]_w
[_w k ʊ f ɘ ŋ ɛ ]_w
[_w ɟ ɪ w ɔː l ɔ ]_w
[_w k ɘ l ɛ p ɔː r ɘ ]_w
[_w k ɘ s ɘː f ]_w
[_w s uː m o m ]_w
[_w b u l a b u t o ]_w
[_w k u k aː n u m ]_w
[_w ɛ r ɛ ɡ ʊ m ɪ ]_w
[_w ɛ ɟ ɘː m ɛ j ]_w
[_w r ɪː b ɔː r ]_w
[_w j u m b oː m ]_w
[_w b ɔ n ɡ ɛ d ]_w
[_w ɛ p ɘ b ɘ ɟ ɛ ]_w
[_w ɘː m ʊ ]_w
[_w ɪ ŋ ɔ d ʊ t ]_w
[_w ɘ w ɔ l ɪ ɛ j ]_w
[_w k ɘ m ɘ l ɪ ɛ l ]_w
[_w m p uː r ]_w
[_w j ɘ k ɘ mː ɪ ]_w
[_w ʊ r ɔ ŋ ɘː l ]_w
[_w ɘ l ɘ ɔː r ɪ ]_w
[_w ɛ n ɪː l ]_w
[_w w a r iː ŋ u t ]_w
[_w w ɪː ŋ ɪː l ]_w
[_w ɟ ɪ ɟ ɔː n ɛ n ]_w
[_w k a n k u m ]_w
[_w k ɘ k ɔ d ʊ m ɪ ]_w
[_w u ɡ a m u n i ]_w
[_w w ʊː ɟ ]_w
[_w ɘ f ɪ r ɪ k ]_w
[_w k ʊ f ɘː r ɘ k ]_w
[_w u f eː ɡ iː r ]_w
[_w ɛ k ɘː n ɪ ]_w
[_w b ɔː l ɘ ]_w
[_w ɟ ɪ ɟ ʊː m ɛ n ]_w
[_w k ɘ m ɘ b ]_w
[_w k ʊ ŋ ɔː p ɛ n ]_w
[_w m aː m a k e j ]_w
[_w b ʊ r ɔ k ʊ m ɪ ]_w
[_w a b uː m aː u ]_w
[_w d ɪ t ɔː r ɛ j ]_w
[_w w oː j ]_w
[_w ɘ ŋ ɘ r ʊ m ɪ ]_w
[_w k ɘ m ʊː t ɛ n ]_w
[_w w ɔː l ɪ j ɔ ]_w
[_w ɛ ŋ ɘ r ]_w
[_w f ʊ l ɘ k ɔ m ɪ ]_w
[_w ɘ r ɔ k ɘː ʊ ]_w
[_w ɡ u r e ɡ a k ]_w
[_w n ɘ f ɘ ŋ ɘː m ]_w
[_w a j i n e n i ]_w
[_w k ɘ j ɛ l ɘ ]_w
[_w k ʊ l ɛː ŋ ɘ k ]_w
[_w m ɔː l ɘ ]_w
[_w k ʊ n ɘː r ɛ ]_w
[_w ɛ s ɛ n ]_w
[_w t ɔ ɔ t ʊ ]_w
[_w b ɘ l ɘ k ]_w
[_w ɟ ɪ ɟ ɘ mː ɪ ]_w
[_w s ɪ l ɛː t ɘ r ]_w
[_w k ʊ k ɔ j ]_w
[_w m ɔː l ɪ j ɔ ]_w
[_w k ʊ m ɘ ŋ ]_w
[_w a l i r e n ]_w
[_w ɟ ɪ k ɔː l ]_w
[_w a p u t a ]_w
[_w w i l i ]_w
[_w k ʊ ɲ ɔː l ɔ m ]_w
[_w p ɘ n ɛ j ]_w
[_w ɛ l ɔ ɛ j ]_w
[_w f u b a ɡ u n ]_w
[_w b ʊ k ɔː ]_w
[_w m ɘ s ɪ ɡ ɔ m ɪ ]_w
[_w ʊ r ɛ s ɛ ŋ ]_w
[_w m ɘ t aː ɲ i ]_w
[_w b ɔː t ɘ p ]_w
[_w ʊ w ɛ ]_w
[_w f u m a n ɟ u m ]_w
[_w n ʊ l ɘ k ɔ ]_w
[_w ɟ ɪ s ɔ f ʊ m ɪ ]_w
[_w ɘ t ɘ m ɘ ]_w
[_w b ɘ m b ʊ l ]_w
[_w ɟ ɔː ɟ ʊ ]_w
[_w ɟ i p u r u m i ]_w
[_w k u r e ɡ ]_w
[_w b ʊ k ɘ b ɘː m ]_w
[_w ɛ b ʊ ɟ ɔː l ]_w
[_w k u b aː r ]_w
[_w ɘ r ɛ ɡ ɪː m ɪ ]_w
[_w ɟ ɪ ɟ ʊ ɟ ʊ k ]_w
[_w ɘ s ɛː k ɔː l ]_w
[_w k ɘ l ɘː k ɘ s ]_w
[_w k ɔː t ʊ t ]_w
[_w k ʊ ɲ ɛ s ]_w
[_w m u k uː t ]_w
[_w ʊ m ɘ ŋ ʊ t ]_w
[_w b u j a p o ]_w
[_w e r a c u l e j ]_w
[_w k ʊ ɟ ɪ n ɘː l ]_w
[_w ʊ r ɔ k ɘ ]_w
[_w a ɟ i m ]_w
[_w ɘ k ɘ t ]_w
[_w ɘ ɡ ɘ t ]_w
[_w k ʊ w ɘ ɲ ɘ w ]_w
[_w k a ɟ i m a ]_w
[_w n a ɟ u b o m i ]_w
[_w m ɘ ɟ ʊː p ɔ ɛ ]_w
[_w s ɔ ɔ s ʊ ]_w
[_w ɛ r ɔ ŋ ]_w
[_w k ʊ ɡ ɘː n ɛ ]_w
[_w f ɘː n ɔ ɛ ]_w
[_w j ɔ h ɘ n ]_w
[_w ɪ r ɛ k ]_w
[_w w a k o j u m e ]_w
[_w ɘ r ɪ m ɪ ]_w
[_w ɡ ɔː k ɛ ɪ ]_w
[_w f a t aː m ]_w
[_w d ɛ m ]_w
[_w ɛ ɡ ɪ l ɛ ]_w
[_w s ɪ k ɪ l ɘ ]_w
[_w p ɔː b ]_w
[_w n ɘ b ɪ l ɛ j ]_w
[_w k u ɟ i mː i ]_w
[_w p ɘ m ɘː l ]_w
[_w b aː m a ɡ ]_w
[_w k ʊ j ɘ b ʊ f ɔ ]_w
[_w k u l a w ]_w
[_w k ʊ k ɘ m ɛ n ]_w
[_w t ʊ d ʊ r ɔ ]_w
[_w n ɘ r ɛ ɡ ɪ ]_w
[_w k ʊ ɟ ɔ ɟ ɛ n ]_w
[_w n ɘ k ɘ t ɛ n ]_w
[_w n ɘː m ]_w
[_w ɟ ɪ f ɪ ʊ m ɘ k ]_w
[_w s ɛ n ʊ t ]_w
[_w ɛ ɡ ɘː l ]_w
[_w ɟ ɪ c ɘ ɘː l ]_w
[_w ʊ r ɘː n ɘ b ]_w
[_w m ɘ n t ɛ ]_w
[_w a k a l aː m ]_w
[_w k ʊ b ɘ k ]_w
[_w u k uː t ]_w
[_w s ɔː n ɛ ]_w
[_w k a m eː l o ]_w
[_w ʊ w ɔ s ]_w
[_w ɟ ɪ l ɘ w ɔ m ]_w
[_w s ɪ k ɔː p ɘ ]_w
[_w k ɘ m ɘ ŋ ʊ m ɪ ]_w
[_w r ɘ h ɘ b ]_w
[_w ɘ ɟ ɘː m ]_w
[_w l ɛ t ɪ l ɘː ɲ ]_w
[_w k i r i ]_w
[_w k ʊ r ɛ ɡ ʊ t ]_w
[_w ɛ b ʊ ɟ ɔ m ]_w
[_w k ʊ ɟ ʊː m ɛ n ]_w
[_w ɛ b ɪ l ʊ m ɪ ]_w
[_w k ʊ m ɘ n ɟ ɛ ]_w
[_w k a m uː r o ]_w
[_w k ɘ b ɘː k ɛ ]_w
[_w ʊ n ɛ ]_w
[_w f u p uː r ]_w
[_w e r iː ŋ u t ]_w
[_w n a j i n i m i ]_w
[_w ɛ mː ɪ ɲ ɘː ]_w
[_w k ɘ b ɛ ŋ ɘ k ]_w
[_w w ɘ r ]_w
[_w k ɘ b ɔː j ɘː ʊ ]_w
[_w ɘ b ɔ ɲ ɘ ɔ m ]_w
[_w k u t e k a k ]_w
[_w ʊ s ɔː r ɘ w ]_w
[_w j ɔ k ]_w
[_w k ʊ b ɘ ɟ ɘː ʊ ]_w
[_w l ɛ t ɘ k ]_w
[_w a k uː ]_w
[_w b ɔː k ɔː l ]_w
[_w ɪ l ɛ t ]_w
[_w f ɘ ɟ ɘ k ʊ t ]_w
[_w c ɘ w ]_w
[_w s ɪ l ɘ ]_w
[_w k ɘ ɟ ɔ m ɪ ]_w
[_w m u k a ]_w
[_w ɪ n ɡ ɪ ]_w
[_w ʊ r ɪ ]_w
[_w ɪ f ɘ ŋ ]_w
[_w r iː ŋ ]_w
[_w m ɔː l ʊː l ]_w
[_w k ɘ ɟ ɔː n ]_w
[_w w ɔ mː ɪ ]_w
[_w p ʊ r ʊ ŋ ]_w
[_w f ɘ b ɘ ɟ ɛ ]_w
[_w u b u r aː u ]_w
[_w k u k aː k ]_w
[_w b ɘ l ɪ n d ɘ p ]_w
[_w ɛ r ɛ ɡ ɪ ]_w
[_w m ɘ f ɔ s ɘ m ]_w
[_w n ɘ r ɪ ɛ j ]_w
[_w t ɘ k ʊ m ]_w
[_w b ɘː k ]_w
[_w ʊ s ɔ f ɛ ]_w
[_w e l i n k aː j ]_w
[_w t ɘ k ]_w
[_w m ɔ f ]_w
[_w ɘ ɟ ɔː n ɛ n ]_w
[_w n ʊ c ɘ w ]_w
[_w ɟ a k uː t ]_w
[_w k ʊ j ɪ t ɔ m ɪ ]_w
[_w ɪ m ɘ ŋ ʊː m ɪ ]_w
[_w k u s uː m ]_w
[_w l ɛː k ʊ ɟ ɛ t ]_w
[_w ɟ i c i l i ]_w
[_w w ɘ r ɛ k ʊ m ɪ ]_w
[_w k a s uː m a k ]_w
[_w ʊ s ɘ n ɡ ]_w
[_w b a r iː ŋ e n ]_w
[_w n ɘ s ɛ n ɪ ]_w
[_w n ɘ s ɘ n k ɛ n ]_w
[_w h ɪ t ɔ n ]_w
[_w ʊ s ɛ l ɘ w ɪ ]_w
[_w ɘ s ɘ l ɪ ]_w
[_w s ɪ s ɘ h ɘ ɔ m ]_w
[_w ɘ s ɛ n ɪ m ɪ ]_w
[_w ɔː t ɘː l ɛ ]_w
[_w ɛ r ɪ k ]_w
[_w ʊ r ɔ k ]_w
[_w r ɪː r ɘː l ]_w
[_w f ʊ r ʊ n ɡ ]_w
[_w b ʊ k ɘː n ɘ m ]_w
[_w ɪ l ɛ t ɔ ]_w
[_w ɔː t ɘː m ɪ ]_w
[_w k ɘ ɟ ɛ l ]_w
[_w k ɘ l ɘ k ɘː ʊ ]_w
[_w ɘ b ɘː l ɔ m ]_w
[_w k ɘ b ʊ ɲ ]_w
[_w k ɘ t ɘ ]_w
[_w k u r e k a ɡ ]_w
[_w ɟ ɪ r ɪ ɔː r ]_w
[_w b ɛ t ɛ n ɘː r ɪ ]_w
[_w s ɪ n ɪː l ɘ s ]_w
[_w ɘ t ɛ n ]_w
[_w ɛ l ɘ k ɔ ɛ ]_w
[_w b ɪː j ɘ ]_w
[_w ɟ ɪ l ɘ l ɘ t ]_w
[_w e r u s e j ]_w
[_w k a r iː ŋ ]_w
[_w a ɡ i r i ]_w
[_w k ʊ r ɛ ɡ ʊ m ɪ ]_w
[_w w ɛː r ]_w
[_w f ɔː l ɪ ]_w
[_w k ʊ k ɘː n ɘ ]_w
[_w k u c u p o m i ]_w
[_w ʊ k ɔ j ʊ m ɪ ]_w
[_w m ɪː j ɘ ]_w
[_w ɘ ŋ ɔː l ɛ n ]_w
[_w ɛ mː ɪ ]_w
[_w b u t i n k e n ]_w
[_w ɘ ɟ ɘ k ɘː k ]_w
[_w p ʊ l ɘ ɡ ɔ m ɪ ]_w
[_w b ɪ j ɔ ]_w
[_w d ɘː t ɛ ]_w
[_w f ʊ t ɪː k ɘ ]_w
[_w ɛ l ʊː b ɛ j ]_w
[_w n ɘ n ɛ nː ɛ n ]_w
[_w b ɘ ɟ ɘ k ɛ ]_w
[_w p ɘ m p ɪ ]_w
[_w k ɘ p ɘ n ɘ t ]_w
[_w e r i n d iː ŋ ]_w
[_w d iː k aː r ]_w
[_w b ʊ r ɔ k ɛ m ɪ ]_w
[_w b ʊ ɡ ɔ ]_w
[_w w ɘ c ɔː n ɛ ]_w
[_w w ɘ ɟ ʊː p ɔ ɛ ]_w
[_w ɛ p ʊ ɟ ɪ m ɘ k ]_w
[_w k ʊ l ɪ m b ɪ s ]_w
[_w ɛ k ɪ l ɘ ]_w
[_w f a c u l i ]_w
[_w k ɘ p ɛː t ɔ ]_w
[_w k a j o k u l o ]_w
[_w s ɪ s ɘ h ɘː c ]_w
[_w ɘ r ɪ n ɔ m ɪ ]_w
[_w ɛ w ɔ n k ɘ ɲ ]_w
[_w b ɘ b ɘ k ɔ ɘː l ]_w
[_w b ɔ ɔ b ʊ ]_w
[_w k ʊ r ɪː b ɘ ɪ ]_w
[_w a ɡ o l i ]_w
[_w m ɘ ɟ ɘ k ɘː m ɪ ]_w
[_w ʊ k ɘ n ɪ ]_w
[_w ɟ ɪ p ɪː m ɪ ]_w
[_w b ɪː ŋ ɘ p ]_w
[_w e s i k i r o m ]_w
[_w t ɛ m ]_w
[_w e p u r u m ]_w
[_w n ɘ mː ɪ ]_w
[_w k ɘ m ɛː ŋ ]_w
[_w m ɔː t ʊ t ]_w
[_w k ɘ s ɘ n ɡ ɛ n ]_w
[_w k a ɲ iː e ]_w
[_w k ʊ b ɔ m ɘ ]_w
[_w w ɘ r ɔ ŋ ɛ ]_w
[_w k ɘ r ɔ ŋ ɘː l ]_w
[_w ɘ m b ɘ f ]_w
[_w p a r i d a k ]_w
[_w ɡ ʊ l ɘ ]_w
[_w j ɔ ɔ j ʊ ]_w
[_w n ɘ n ɔː s ɘ n ɪ ]_w
[_w k ʊ p ɘ ɟ ʊ m ɪ ]_w
[_w b u w uː l ]_w
[_w ɟ i j iː s e n ]_w
[_w f ʊ r ɔ l ɘ ]_w
[_w f ʊ b ɘ ɟ ]_w
[_w ɟ ɪ b ɘ ɟ ʊ m ɪ ]_w
[_w k ʊ b ɘ ]_w
[_w n ɘ ɟ ɛ ɟ ɛ t ɛ ]_w
[_w w ɘ b ɘ c ]_w
[_w ʊ s ɛ l ɘ w ʊː l ]_w
[_w s ɘ w ʊː ɟ ]_w
[_w b ɘ f ɘ ŋ ]_w
[_w f ʊ m ɘ n ɟ ]_w
[_w ʊ r ɔ k ɘː k ]_w
[_w ɘ ɟ ɪː k ]_w
[_w ʊ r ʊ ŋ ]_w
[_w b ɘ ɟ ]_w
[_w ɡ ɔ b ]_w
[_w m o r o ]_w
[_w ʊ ɟ ɘ w ]_w
[_w b ɪ b ɪ b ɪ l ]_w
[_w k ʊ m ɔ ]_w
[_w m ɪ s ɪ r ɘ ]_w
[_w a r iː ŋ e n ]_w
[_w ɛ ɟ ʊ k ɔː l ]_w
[_w a j iː s iː l ]_w
[_w k ɘː n ʊ m ɪ ]_w
[_w ɔː l ɪː l ]_w
[_w n ʊ m ɘ b ]_w
[_w ʊ r ɛ ɡ ]_w
[_w k ɘ n ɛ w ɘ k ]_w
[_w h ɛ r ɔ t ɪ ɘ s ]_w
[_w ɛ l ɘː ɲ ɛ n ]_w
[_w ɛ s ɛ n ɪ m ɪ ]_w
[_w w ɘ mː ɪ ]_w
[_w n ɘ k ɘ f ]_w
[_w j ɔː j ʊ ]_w
[_w w ɔː k ʊ m ɪ ]_w
[_w ɘ r ɘ m p ɛ n ]_w
[_w ɟ ɪ n ɔ k ɛ n ]_w
[_w ɛ b e ]_w
[_w m u b u t aː m ]_w
[_w p ɘ l ɛ t ]_w
[_w k u m u s aː ɡ ]_w
[_w k ɔː l ɪ s ɔ ]_w
[_w ʊ k ɛ ]_w
[_w f ʊ j ɘː k ɘ k ]_w
[_w b oː t ]_w
[_w w ɔː w ɛ ]_w
[_w b ɪ ɲ ɔː ]_w
[_w ɘ b ɔ ɲ ɪ m ɪ ]_w
[_w ɟ ɪ r ɔ h ɘ ɔː l ]_w
[_w ɟ ɘ t ɪː t ]_w
[_w ɘː n ɛ j ]_w
[_w k ʊ l ɛː ŋ ɘ ɡ ]_w
[_w ɛ ɟ ɘː j ]_w
[_w w ɘ l ɔː l ]_w
[_w e w a l o u l ]_w
[_w f ʊ ŋ ɘ b ]_w
[_w j ɔː l ɪː l ]_w
[_w ɘ b ɔ n k ɛ t ]_w
[_w k ɘ j ɔː ŋ ɘ ɡ ]_w
[_w a ɟ u b o m i ]_w
[_w ɘ r ʊ n ɡ ɛ m ɪ ]_w
[_w p ɘ n k ʊ j ɔ ]_w
[_w b ɘ n k ʊ b ɪ l ]_w
[_w k ʊ s ɛ n ɔː l ]_w
[_w n ɪ l ɔ m ɪ ]_w
[_w ɘ r ɔ ɡ ʊ m ɪ ]_w
[_w b o l i d i ɡ ]_w
[_w ɟ a j i ]_w
[_w k a ɟ i mː i ]_w
[_w m b ɘ ]_w
[_w b ɘ k ɘ m ɘ ŋ ɛ ]_w
[_w f ɪ l ɪ b ɘː m ]_w
[_w p ʊ ɟ ɘː b ]_w
[_w k ɘ m ɘ l ɔː r ]_w
[_w k ʊ ɟ ɘ mː ɪ ]_w
[_w u j e ɡ e t a w ]_w
[_w k ɘ b ɘ ]_w
[_w ɛ l ɘː ɲ ]_w
[_w ɟ i ɟ i l i ]_w
[_w ɘ t ɛː b ɘː ʊ ]_w
[_w ɛ l ɛː ]_w
[_w ʊ k ɘː n ɛ r ]_w
[_w ɪ ɲ ɛ m ɛ ɲ ɘː ]_w
[_w k ɘ n k ɘː n ]_w
[_w ɟ ɪ ɟ ʊ k ]_w
[_w p ʊ p ɘ ɟ ʊ m ɪ ]_w
[_w ɟ ɘ m ɛː ŋ ɛ ]_w
[_w k u ɟ i l a k ]_w
[_w ʊ ɡ ɘ t ]_w
[_w k ɘ r ɘː j ]_w
[_w m ɔː l ɪ k ɔ ]_w
[_w j ɔ mː ɪ ]_w
[_w ɘ k ɘ ɟ ɛ n ]_w
[_w ɛ ɟ ɘ m ]_w
[_w t a k o n a u ]_w
[_w ʊ t ɪ l ʊ l ]_w
[_w ʊ ɲ ɪ l ɪ ɲ ɪ l ]_w
[_w ɘ t ɪ ɔ l ɘː l ]_w
[_w s ɪ b ɘ n ]_w
[_w f ɛ l ʊ m ɪ ]_w
[_w n a l i l i ɡ ]_w
[_w n ʊ b ɘ ɟ ʊ m ɪ ]_w
[_w w a k o n a m ]_w
[_w ɟ a k o n ]_w
[_w ɛ s ɘ n k ɛ n ]_w
[_w ʊ b ɛ ]_w
[_w ʊ l ɘ ɡ ɔ ]_w
[_w j ɘ ɟ ɘ k ʊ t ɪ ]_w
[_w p ɘ n ɘ ŋ ɘ r ]_w
[_w a ɟ u b o ]_w
[_w b ʊ t ʊ m ɔː l ]_w
[_w k ɘ b ɪ j ɔ ]_w
[_w ɔː l ɔ l ɘː l ]_w
[_w e ɡ o d i ]_w
[_w ɘ ɲ ɪː l ]_w
[_w k ʊ b ɔ ɲ ɘː ʊ ]_w
[_w a m a c i r a ]_w
[_w m ʊ l ɛ t ]_w
[_w p ʊ r ɔ ŋ ]_w
[_w ɟ ɪ r ɛ m b ]_w
[_w n ɘ s ɛ n ʊː m ɪ ]_w
[_w k ʊ r ɛ ɡ ɘː l ]_w
[_w k a r u ŋ u l ]_w
[_w ɪ k ɘː n ʊ t ]_w
[_w k ʊ ɟ ɘː m ɪ ]_w
[_w ɛ ɡ ɘː n ɔː m ɪ ]_w
[_w n ɘ ɟ ʊː m ɛ ]_w
[_w w aː m a k e j ]_w
[_w ɪ l ɘː ɲ ʊ m ɪ ]_w
[_w ɛː n ɟ ɘː t ]_w
[_w ɘ p ɘ ɟ ]_w
[_w ɟ ɪ r ɪː b ɛ n ]_w
[_w k ɘ m ɘ t ɪ ]_w
[_w k ɘ m ɘ ŋ ɘ ɡ ]_w
[_w d ʊ r ʊ w ɘː j ]_w
[_w m ɘ k ɘ ]_w
[_w ɛ j ɘ b ɛ m ɪ ]_w
[_w m ɘ n d ɪ ]_w
[_w ɟ ɪ b ɘ k ɪː r ]_w
[_w k ʊ t ʊ n d ɛ j ]_w
[_w a c u p o m i ]_w
[_w p ʊ l ɛː ]_w
[_w s ɘ ɟ ɘ k ʊ d ]_w
[_w ɘ ɟ ɘ k ʊ m ]_w
[_w n ɘ l ɛ l ʊ j ɘ ]_w
[_w k ɪː j ɘ ]_w
[_w p o l i a k ]_w
[_w b a n d oː r ]_w
[_w ɔː l ɘ ]_w
[_w b ʊ m ɘ ŋ ]_w
[_w b ɘ n ɘː b ɘ s ]_w
[_w k ɘ b ɔː j ɘ ]_w
[_w k ʊ ɡ ʊ l ɪ ]_w
[_w e l u t ]_w
[_w j ɘ n ]_w
[_w k ʊ n k ]_w
[_w k ʊ k ɘ mː ɔ ]_w
[_w k ɘ m ɘ n ɟ ʊ t ]_w
[_w b ʊ r ʊ ŋ ɘ b ]_w
[_w k ɘ w ɔ s ]_w
[_w k ʊ t ɪ ɘː k ]_w
[_w k ʊ b ʊ b ʊ ɟ ]_w
[_w f ɘ ŋ ɛ ]_w
[_w n ʊ k ɘ mː ɪ ]_w
[_w ɪ h ɪ ]_w
[_w ʊ f ɘ ŋ ɛ ]_w
[_w k a l i r e n ]_w
[_w ɘː n ɪː l ]_w
[_w ɘ f ɛ l ɔ ɘ k ]_w
[_w b ɔː k ɛ ]_w
[_w k ʊ l ɛ ɡ ɘː w ]_w
[_w m ɪ l ɛ d ]_w
[_w k o m i d e ]_w
[_w b ɘ n ɟ ɘː t ]_w
[_w m u p u t o ]_w
[_w k ʊ b ɔː j ]_w
[_w ɛ m ɪ n ɪ t ]_w
[_w b ɘ t ɔ l ɔ m ɛ ]_w
[_w ɘ r ɘː n ]_w
[_w ɛ l ʊː b ɪ ]_w
[_w b ʊ l ɘː ɲ ]_w
[_w j ɛ ɪ ]_w
[_w ɟ ɪ r ɛ ɡ ʊː m ɪ ]_w
[_w o l i ]_w
[_w s ɪ l ʊː p ɘ s ]_w
[_w ɘ p ʊ n d ɘː ʊ ]_w
[_w ɘ l ɛː b ɘ ]_w
[_w ɛ b ɘ n ɛ j ]_w
[_w ɟ ɪ s ɘ l ]_w
[_w f a c u l a f ]_w
[_w ɛ t ɛ j ]_w
[_w w ɔː l ɘ ]_w
[_w ɛ s ɘː f ʊː l ]_w
[_w ɛ r ɛː b ɛ j ]_w
[_w ɟ ɛ p ɔː l ɛ j ]_w
[_w n ɪ l ɘ k ɔ ]_w
[_w l ɪː k ɪ t ɛ n ]_w
[_w ʊ ɛ m ɔ ɘ ]_w
[_w ɟ ɔː m ]_w
[_w k a l i l i ɡ ]_w
[_w e s i k i l o ]_w
[_w ɘ s ɔ f ɛ ]_w
[_w k a p u r a ]_w
[_w ɘ s ɔ n d ɛ n ]_w
[_w f u t aː k u l ]_w
[_w ʊ s ʊ ]_w
[_w m ʊ r ɪ ɘː j ]_w
[_w r ɛ ʊ t ]_w
[_w b ʊ r ɛ t ɔ r ɪ ]_w
[_w k ɔː k ʊ ]_w
[_w d i e n uː l ]_w
[_w ɛ ɲ ɛ s ]_w
[_w u m b oː m ]_w
[_w w u l i ]_w
[_w w ɘː f ɪ ]_w
[_w s ɪ s ɛ n ɪː l ]_w
[_w b ʊ l ɔ l ]_w
[_w k ɘ ɟ ɪ n ]_w
[_w w ɛ ɪ ]_w
[_w k ɔː l ɪ k ɔ ]_w
[_w ɟ ɪ ɟ ɔ f ɘː c ]_w
[_w p a r iː ŋ e n ]_w
[_w d i e n aː l ]_w
[_w ʊ ɟ ʊ k ]_w
[_w ɘ w ɘ ɲ ɘː m ]_w
[_w a l a u l ]_w
[_w k ɘ l ɘ k ɔ ɘː l ]_w
[_w ɘ w ɔ n k ]_w
[_w n ɘ ɟ ɘ n ɟ ɘ m ]_w
[_w ɘ ɲ ɛ s ʊ m ɪ ]_w
[_w k ɘ l ɘ k ɔ ]_w
[_w k ɘ k ʊ f ɘ ŋ ɛ ]_w
[_w w u k ]_w
[_w m a l o i e ]_w
[_w ɟ i l a u l a ɡ ]_w
[_w t ɘ m p ɪ ]_w
[_w ɪ k ɘː n ɔ ]_w
[_w m u b u t o ]_w
[_w ɘ k ʊ r ]_w
[_w ɪ m ɘ n ɟ ɘ m ]_w
[_w k a ɟ i m a w ]_w
[_w ɟ ɪ m ɘ ŋ ʊ t ]_w
[_w n ɘ m b ɪ ]_w
[_w ɘ k ʊ l ɘ w ]_w
[_w k u l a b u t o ]_w
[_w t u l u ]_w
[_w n ɘ r ɛ ɡ ʊ m ɪ ]_w
[_w k u b u r ]_w
[_w ɟ ɪ r ɘː n t ɛ r ]_w
[_w h ɘː n ɪ ]_w
[_w s ɪ l ɛː k ɘ s ]_w
[_w k u ɟ u p o m i ]_w
[_w s i b i r aː s ]_w
[_w a l e p i e n ]_w
[_w k ɘ ɟ ɛ n ]_w
[_w ɘ n ɘ n ɪ ɘ ]_w
[_w ɛ ɡ ɪ l ɛ j ]_w
[_w c ɪ r ɔ ŋ ]_w
[_w ɘ b ɘ ɟ ɔ ]_w
[_w k a l i ŋ e n ]_w
[_w ʊ n ɛ w ɘ k ]_w
[_w f ʊ f ɛ n ɘ f ]_w
[_w s ɪ l ɘː k ɘ s ]_w
[_w ɡ ɘ m ɘ ŋ ʊ m ɪ ]_w
[_w k ʊ k ɘ t ]_w
[_w ɘ m p ɘ ɔ m ]_w
[_w k u m u m u n e ]_w
[_w ɘ s ɛ n ʊ m ɪ ]_w
[_w k ʊ r ɔ k ɘ w ]_w
[_w f u r i n k a ]_w
[_w m u r iː ŋ u m i ]_w
[_w ɘ j ɘ b ɔ ʊ t ]_w
[_w n ʊ m ɘ ŋ ʊ t ]_w
[_w ɘ k ɔ j ]_w
[_w ɟ ɪ r ɛ ɡ ɔː l ]_w
[_w s ɘ t ɪ s ]_w
[_w ɛ r ʊ n k ɛ m ɪ ]_w
[_w k ɘ p ɪ l ]_w
[_w ɘ n t ʊ r ʊ w ɘ ]_w
[_w b ɘ n ɘ j ɘ b ]_w
[_w ɟ i r iː ŋ u m i ]_w
[_w k ɘ b ɪ l ]_w
[_w ɘ l ɛ k ɛ n ]_w
[_w n ʊ b ɘ ɟ ɔ ]_w
[_w k ɔː l ɪ j ɔ ]_w
[_w b o l i iː m i ]_w
[_w ɛ c ɛː ŋ ɛ j ]_w
[_w k eː l aː k ]_w
[_w k ɘ t ɛː p ɘː ʊ ]_w
[_w b ʊ k ɘː l ]_w
[_w k ɘ r ɛː m ɛ n ]_w
[_w k ɛ ɪ ]_w
[_w ɘ r ɔ ŋ ]_w
[_w k ɘ f ɘː n ]_w
[_w k ɘ ɟ ʊː m ɛ ]_w
[_w n ɘ b ɔ ɲ ]_w
[_w ɟ ɘ p ɘː k ]_w
[_w ɪ r ɘ m p ɛ n ]_w
[_w p ɘ ɟ ]_w
[_w p ɘ ɟ ʊː l ]_w
[_w ɟ ɪ b ʊ l ɔ ]_w
[_w n ɘ b ɪ b ɪ b ɪ ]_w
[_w s ɛ n s ɛ n ]_w
[_w f ʊ r ɪ m ɪ ]_w
[_w j ɔː m ]_w
[_w t u ɟ ]_w
[_w n ʊ k ɘː n ɘ ]_w
[_w s ɪ m ɪ t ɘ s ]_w
[_w ʊ f ɘ ŋ ]_w
[_w ɘ k ɘ ɪ ɘ ]_w
[_w k ʊ f ɔ k ]_w
[_w ɟ i k aː n u m a ]_w
[_w w ɘ b ɘ ɟ ʊ m ɔ ]_w
[_w b ɘ r ɘ r ]_w
[_w ɛ l ʊː b ]_w
[_w p ɘ k ɔː ŋ ]_w
[_w ɘ r ɛ m p ɛ n ]_w
[_w ɛ ɲ ɘ b ]_w
[_w k a p u r aː u ]_w
[_w t ʊ t ʊ r ɔ ]_w
[_w ɘ s ɔ n t ɘ k ]_w
[_w t ɪː t ɔ ]_w
[_w k ʊ t ɪ ɘː j ]_w
[_w ʊ k ɔ r ]_w
[_w d ʊ r ɔ ]_w
[_w k ɘ l ɘː k ]_w
[_w b ɘ l ɔ m ɪ ]_w
[_w k ɘ m b ɪ ]_w
[_w n ɘ r ɔ n d ɔ ]_w
[_w w ɘː f ]_w
[_w u m i k ]_w
[_w k u t e ɡ ]_w
[_w k a k o l i a k ]_w
[_w ɛ l ʊ m ɪ ]_w
[_w n ɘ k ɘ k ]_w
[_w a c u b o ]_w
[_w k ʊ ɟ ʊː m ]_w
[_w ʊ ɟ ɪː k ɪ ]_w
[_w k ɘ s ɛ n ɪː l ɪ ]_w
[_w f ɘ f ɘ ŋ ʊ m ɪ ]_w
[_w k a k o n a u ]_w
[_w k ʊ m ɔ ɟ ɘ k ]_w
[_w b u j iː k a b ]_w
[_w k ɘː n ʊː l ]_w
[_w k a ŋ a r u m ]_w
[_w ɟ ɘ r ɪ ɛ j ]_w
[_w b ʊ j ʊ b ɘ ]_w
[_w n ɘː n ɘ mː ɪ ]_w
[_w ɛ w ʊː ɟ ɛ j ]_w
[_w ɲ ɘ k ɘ b ɘː w ]_w
[_w p ʊ r ʊ ŋ ɔː l ]_w
[_w b ɔ n d ɔ ŋ ]_w
[_w k ɔ r ɪ n d ]_w
[_w ɘ ɟ ʊ k ɪː l ]_w
[_w ɪ r ɛ ɡ ʊ m ɪ ]_w
[_w m ɘː n ]_w
[_w ɟ i c i m ]_w
[_w ʊ b ɘ ɟ ɔ ]_w
[_w b ɘ b ɘ ɟ ʊ m ɪ ]_w
[_w e l i n ɡ a ]_w
[_w ɘ r ɪː b ɘ ]_w
[_w m ʊ r ɘː n ]_w
[_w m ɘ ɟ ɘ k ɛ ]_w
[_w k u j i d o u l ]_w
[_w f eː n aː f ]_w
[_w k u b u r u m i ]_w
[_w j ɘ s ɔ f ʊ m ɪ ]_w
[_w ɟ ɛ k ]_w
[_w ɡ ʊ k ɪ l ʊ m ɪ ]_w
[_w f ɔ n ɛ ɡ ɪ ɘ ]_w
[_w k ʊ r ɪː b ɘ ɔ m ]_w
[_w e ɡ a f aː j ]_w
[_w j ʊ n ɡ ʊ l ɘ w ]_w
[_w k ɘ c ɔː n ɛ n ]_w
[_w k ɘ m ʊ k ɛ n ]_w
[_w ɘ s ɛ n s ɛ n ]_w
[_w k a b u t a ]_w
[_w ɘ c ɪː k ɘː ʊ ]_w
[_w m ʊ l ɪ p ɘː m ]_w
[_w p ɔː t ɛ ]_w
[_w k ɘ ɲ ɛ n ɘ k ]_w
[_w k ɘ r ɛ ]_w
[_w b ʊ t ʊ m ]_w
[_w m ʊ r ɪ ɘ ]_w
[_w ɛ r ɛ k ɔː m ɪ ]_w
[_w ɘ r ɪ ɛ r ɪ ]_w
[_w s aː m a k a m ]_w
[_w w ɘ r ɔ ŋ ɘː l ]_w
[_w k a l i n t ]_w
[_w s uː m oː m i ]_w
[_w ɘ nː ɘ s ]_w
[_w ɪ p ɘ ɟ ]_w
[_w b ʊ k ɘː l ɛ n ]_w
[_w ɡ ʊ j ɘ p ʊ m ɪ ]_w
[_w ɟ i d o r o ]_w
[_w f a l i ŋ ]_w
[_w e ɡ uː t ]_w
[_w ɟ ɛ b ɪː l ]_w
[_w n ʊ b ɘ c ɛ ]_w
[_w k ʊ t ɘː k ɛ n ]_w
[_w ɘ f ɘ ŋ ɛ ]_w
[_w m ɘ n s ɘ ɪ ]_w
[_w n ɘ j ɘ b ʊ f ɔ ]_w
[_w ɘ n ɘː r ɛ ]_w
[_w k a k a m u n i ]_w
[_w n a k o n ]_w
[_w ɛ b ɘ k ɛ n ]_w
[_w j ɔː n ɔː m ɪ ]_w
[_w ɛ w ɘː t ɪ ]_w
[_w ʊ ɲ ɛ n ]_w
[_w ɘ m ɘ k ʊ m ɪ ]_w
[_w ɟ ɔː n ɛ n ]_w
[_w s ɪ n ʊ k ɘ mː ɔ ]_w
[_w f u s i m e n a ]_w
[_w j ɘː j ɘ ]_w
[_w b a b uː m e ]_w
[_w k u l aː ɲ u l ]_w
[_w b ɘ n ɘ c ɘ mː ɪ ]_w
[_w n ɘ w ɘ l ɛ n ]_w
[_w u m a r u l ]_w
[_w ɲ ɔ n k ɘ ɲ ]_w
[_w ɘ l ɘ k ɘː m ]_w
[_w ʊ l ɘ k ɔ m ɪ ]_w
[_w e c i m e j ]_w
[_w k ʊ k ɘː n ɛ m ɪ ]_w
[_w k ɘ w ɔ s ɘ w ]_w
[_w k ʊ ɟ ɘ w ɔː r ]_w
[_w ʊ ŋ ɔː l ]_w
[_w ɟ ɪ r ɛ m b ɛ n ]_w
[_w t ɛː s ]_w
[_w f ʊ k ɛ n ]_w
[_w p ʊ r ʊ ŋ ɘ b ]_w
[_w f ʊ r ɪ m ɘ t ɛ ]_w
[_w k ʊ ɟ ɘ k ɛ ]_w
[_w ɛ s ɔ f ʊ t ]_w
[_w b u r ]_w
[_w f ɘ b ɘ ɟ ʊ m ɪ ]_w
[_w k ɘ l ɪ m ɔ n ]_w
[_w j ʊː t ɔ m ]_w
[_w k ɘ ɟ ɘ k ɘː f ]_w
[_w ʊ s ɛ n s ɛ n ]_w
[_w k ɘ j ɪ t ɔ m ɪ ]_w
[_w f u k a w ]_w
[_w k ɘː n ɛ ]_w
[_w ɘ ɟ ɔː k ɔː r ]_w
[_w b ɘ c ɛ ]_w
[_w k ɔ m ɪ ]_w
[_w b o r o ]_w
[_w k a t u l a ]_w
[_w t i d i ]_w
[_w f a c u l o m ]_w
[_w ʊ ɟ ɛ ɛ ]_w
[_w s ɔ f ]_w
[_w ɘ b ɘ c ɛ ]_w
[_w k a j iː s e n ]_w
[_w ɘ r ɔ k ʊ m ɪ ]_w
[_w p ɛ r ɪ ɘ ]_w
[_w ɪ n k ɪ ]_w
[_w k ɘ m ɪ n k ɛ n ]_w
[_w k ɔ n ɛː l ɪ ]_w
[_w k ʊ l ɘ w ɔː l ɔ ]_w
[_w b ɘ n k ʊ l ]_w
[_w n ɘ m p ɪ ]_w
[_w m ɘ w ʊ ŋ ɛ ]_w
[_w s ɪ l ɘː ɡ ]_w
[_w k ʊ l ɛ t ]_w
[_w r ɪ n ɔ m ɪ ]_w
[_w ɪ l ɘ k ɔ ]_w
[_w d ɪ l ʊ l ɔ ]_w
[_w t ɔ ɔ d ʊ ]_w
[_w w ɘ ɡ ɪ l ʊ m ɪ ]_w
[_w ɪ k ɘ mː ɪ ]_w
[_w ʊ r ʊ ŋ ɪ ]_w
[_w n ɛː n ɛ ]_w
[_w k ɘ r ʊː ɔː r ]_w
[_w ɘ r ɔ k ɛ m ɪ ]_w
[_w ʊ b ɘ b ɘ ɟ ]_w
[_w k ʊ t ɛ ɡ ɪ ]_w
[_w k ɘ k ɘː l ɛ n ]_w
[_w s ɔː l ɘ ]_w
[_w k ɘ c ɘ k ɛ ]_w
[_w w ɘ ɟ ɘ k ɛ ɔ ]_w
[_w ɟ ɘ t ɪ ]_w
[_w f ɘ t ɪ j ɘː j ]_w
[_w b ʊ k ʊ ]_w
[_w k u d e ɡ a k ]_w
[_w s i n aː t i ]_w
[_w u l aː b aː n ]_w
[_w ɟ i n iː n e ]_w
[_w m ʊ ɲ ɪː l ɘ ʊ ]_w
[_w b a m o n k o e ]_w
[_w b iː n aː t ]_w
[_w p u j iː k a w ]_w
[_w k ɘ r ɪː b ɘː ʊ ]_w
[_w ɟ i r iː ŋ u t ]_w
[_w ʊ m ɛ ]_w
[_w f ʊ k ɪ l ɘ ]_w
[_w m ɘː n ɔ m ɪ ]_w
[_w ʊ r ɔ k ɘ ɪ ]_w
[_w t ɘ k ɘː n ɪː l ]_w
[_w ɘ t ɪ ɪ ]_w
[_w u m i k a w ]_w
[_w k ʊ j ɪ d ɔ ]_w
[_w d ɔ m ɘ s ]_w
[_w ɛ b ʊ c ɛ m ɪ ]_w
[_w ɟ ɪ ɟ ʊ k ʊ m ɪ ]_w
[_w k a t i p aː k ]_w
[_w k u m a ]_w
[_w j o r o ]_w
[_w k ɘ r ɔ k ɘ w ]_w
[_w k a j i n e n ]_w
[_w ɘ ɟ ɘ ŋ ɘ ]_w
[_w ʊ r ʊ ŋ ɘ b ]_w
[_w ɛ l ɪː k ]_w
[_w ɟ a p u r ]_w
[_w ɘ k ɘ t ʊ m ɪ ]_w
[_w b ʊ r ɔ k ɘ p ]_w
[_w n ɘ s ɛ n ]_w
[_w ɘ k ɘ m ɘ ]_w
[_w r ɛ ʊ t ʊ t ɔ ]_w
[_w n ɘ k ɘ mː ɪ ]_w
[_w s ɘ m p ʊ n ɘ s ]_w
[_w m ɘ r ʊ t ɘ ]_w
[_w ɛ m ɘ ŋ ɛ m ɪ ]_w
[_w ɛ r ɛ ]_w
[_w k ɘ p ɘ n ɘ k ʊ ]_w
[_w p a r i t a k ]_w
[_w b ʊ k ɘː l ɘ b ]_w
[_w ɘ m ɘ k ʊ m b ɪ ]_w
[_w k eː l ]_w
[_w s ɘ m p ʊ l ɛ ]_w
[_w ɘ p ʊ c ɘ w ]_w
[_w k u j a h uː t ]_w
[_w b ɘ m p ɪ ]_w
[_w p ɪ p ɪ b ɪ l ]_w
[_w k ɘ j ɔː ŋ ]_w
[_w k a p u r u m i ]_w
[_w m ɘ t ɔː b ɛ ]_w
[_w w ɘ w ʊː ɟ ɛ j ]_w
[_w p o r o ]_w
[_w ɛ c ɛ t ɛ ɘ ɔ ]_w
[_w ɘ w ʊ l ]_w
[_w a b u r ]_w
[_w s ɪ ɟ ɛ m ɛ ]_w
[_w b ɔ n t ɔ ŋ ]_w
[_w m ʊ ɡ ʊ m ɪ ]_w
[_w k ɘ b ʊ ɟ ɘ w ]_w
[_w f ʊ k ɔ b ɘ f ]_w
[_w ʊ l ɘ k ]_w
[_w s ɪ w ɔ n ɔː r ]_w
[_w ɟ u t ]_w
[_w k ɔː n ɛ ]_w
[_w ʊ k ɘː n ]_w
[_w w ɔː t ɛ ]_w
[_w ɘ ɟ ɛ t ʊ m ɪ ]_w
[_w m u p u t aː m ]_w
[_w n ɛ l ]_w
[_w n ɘ b ɘ ɡ ]_w
[_w p ɔː ɡ ɔː l ]_w
[_w k u w o n k u l ]_w
[_w ɘ r ɛ k ɪː l ]_w
[_w ɘ p ʊ m ɪ ]_w
[_w ɪ j ɘ b ]_w
[_w ɘ b ɔː j ɘː ʊ ]_w
[_w s ɘ l ɪ m b ɪ s ]_w
[_w ɛ l ʊː p ɪ ]_w
[_w n ɘ m ɘ ŋ ɘ k ]_w
[_w k u c eː ŋ ]_w
[_w n ɘ ɟ ɛ ɟ ɛ d ɛ ]_w
[_w b ɘ s ɘ n k ɛ n ]_w
[_w f u l i r oː r ]_w
[_w n ɘ ɟ ɘ n ɟ ɘ f ]_w
[_w k ɘ b ɘː w ]_w
[_w k a n d o m i ]_w
[_w k ʊ l ɘ f ]_w
[_w k ʊ k ɘː n ɘ m ]_w
[_w j a k o n ]_w
[_w w a n k u m ]_w
[_w k ɘ t ɛː b ]_w
[_w b u r u t o m i ]_w
[_w ɛ s ɔ f ʊ m ɪ ]_w
[_w s i ɡ i r i k ]_w
[_w n ɘ s ɛ n ɪ m ɪ ]_w
[_w ɘ s ɘ l ʊ m ɪ ]_w
[_w f a c u l oː l ]_w
[_w k ɔː l ɪ m ɔ ]_w
[_w ɘ ɡ ɘː n ɛ ]_w
[_w f u k o u ɡ o ]_w
[_w c ɪ j ɘ b ]_w
[_w ɘ r ɪː b ɘ ɪ ]_w
[_w b i b ]_w
[_w b ɔː l ʊː l ]_w
[_w k ʊ b ɔ ɲ ]_w
[_w k u ɟ i l o m ]_w
[_w j ɘ t ɪ ]_w
[_w ɟ i l e b i e n ]_w
[_w ɪ k ɔ n ɪ ]_w
[_w f ɘ c ɘ k ɛ ]_w
[_w t ɘ ʊ t ɘ ]_w
[_w ɟ ɪ ɲ ɛ s ʊ m ɪ ]_w
[_w b ɪ b l ɛ j ]_w
[_w p ɘ s ʊ w ɘː b ]_w
[_w p ʊ r ɘ b ʊ m ɪ ]_w
[_w p ʊ r ʊ ŋ ɪ ]_w
[_w k ɘ f ɘ t ɘ k ]_w
[_w s ɘ ɟ ʊː p ɔ ɛ ]_w
[_w n ʊ ŋ ɘ r ]_w
[_w f ʊ n ʊ ɡ ]_w
[_w aː m a k ]_w
[_w m ɘ m ɛː ŋ ]_w
[_w m ɘ m p ɘ ]_w
[_w ɛ p ɘ b ɘ ɟ ʊ t ]_w
[_w ʊ s ɘ n ɡ ɛ n ]_w
[_w e s i ɡ i r i ]_w
[_w ɛ w ɘ w ]_w
[_w a b uː m e ]_w
[_w ʊ f ɪː t ]_w
[_w ɛ b ɔ ɲ ]_w
[_w k ɘː t ʊ m ɪ ]_w
[_w w ɘ k ɘː n ɘ m ]_w
[_w ɘ f ɪ ʊ m ɘ k ]_w
[_w j ɔː t ɛ j ]_w
[_w b ʊ b ɘ p ɘ ɟ ]_w
[_w k eː l aː ɡ ]_w
[_w i r iː ŋ e j ]_w
[_w u k u n a k a ɡ ]_w
[_w s i ɡ o d i ]_w
[_w k ʊ r ɪ m ɘ f ]_w
[_w ɘ s ɛ n ɘː m ]_w
[_w w ɘ b ɘ ɟ ʊ m ɪ ]_w
[_w ɛ ɡ ɘː n ]_w
[_w k ɘ l ɘː ɲ ɛ n ]_w
[_w n a l i l i k ]_w
[_w w a k o n ]_w
[_w c ɪ ɟ ʊ k ɛ m ɪ ]_w
[_w ɛ ɡ ɔː p ɘ ]_w
[_w k a n k u m a w ]_w
[_w p ʊ r ɪ ɔ ɛ ]_w
[_w f ʊ ɡ ɪ l ʊ m ɪ ]_w
[_w b u p a ɟ u m ]_w
[_w k ɘ n ɘ k ]_w
[_w t i t i iː l ]_w
[_w ɘ m b ɘ ɔː l ]_w
[_w ʊ l ɘː k ɘ ɡ ]_w
[_w ɟ ɪ k ɔ b ]_w
[_w k ʊ k ʊ k ɘ b ɘ ]_w
[_w ɘ l ɘ k ɔ ɛ ]_w
[_w k ʊ r ɛ t ɔ r ɪ ]_w
[_w k ɘ b ʊ ɟ ʊ k ɪ ]_w
[_w ɘ ɟ ʊ k ]_w
[_w n ɘ n ɘ n ]_w
[_w n ʊ r ɛ ɡ ɛ ]_w
[_w a c i m ]_w
[_w d u l u ]_w
[_w k u r i t ]_w
[_w e n u k u r u ŋ ]_w
[_w ɘ w ʊː ɟ ɛ ]_w
[_w f ʊ r ɪ ɘ f ]_w
[_w u b u r e n ]_w
[_w e c i d u m a ]_w
[_w k ɘ b ɛ t ]_w
[_w ʊ ɡ ɘ b ɘː k ɛ ]_w
[_w ɘ r ɛ ɡ ʊ m ɪ ]_w
[_w u l a u l ]_w
[_w ɛ r ɘ s ʊ t ɔ s ]_w
[_w n ɘ l ɘː ɲ ʊ m ɪ ]_w
[_w ɛ n ɘ t ɘ l ɛ j ]_w
[_w n ɘ c ɔː n ɛ n ]_w
[_w b ɘː t ɛ ]_w
[_w k ɘ l ɛ ɡ ɛ n ]_w
[_w j ɔː l ɪ b ɔ ]_w
[_w k ɔː l ʊː l ]_w
[_w f ʊ r ɔ l ɘː f ]_w
[_w ɘ c ɪ k ]_w
[_w ɟ ɪ s ɔ m ɪ ]_w
[_w b ɔː l ɪ b ɔ ]_w
[_w ɪ f ɘ b ɛ l ]_w
[_w ɟ ɪ j ɘ b ]_w
[_w m a k a l aː m ]_w
[_w a p u r u m i ]_w
[_w f ɛ l ɪ s ]_w
[_w m ɘ ɟ ɘ k ʊ t ]_w
[_w b ɘ m p ʊ n ɘ s ]_w
[_w ɘ ɟ ɛ t ɛ j ]_w
[_w m ɘ ɟ ɘ k ɘː m ]_w
[_w k ɘ r ɛː s ɘ w ]_w
[_w m ɘ n ɔː m ɛ n ]_w
[_w ɘː n ɪ ]_w
[_w n ɛː t ɛ ]_w
[_w k ɘː k ʊ ]_w
[_w d o r o ]_w
[_w ɘ k ɘː n ʊ t ]_w
[_w u p u r u l o ]_w
[_w ɛ ŋ ɔː l ɛ n ɛ ]_w
[_w k ɘ p ɘ k ɔ ɛ ]_w
[_w n ɘ ɟ ɘ m ɘ f ]_w
[_w ʊ b ɘ ŋ ]_w
[_w b ɘ n ɘ ŋ ɘ r ]_w
[_w ɛ ɡ ɔ r ɔː m ɪ ]_w
[_w ɪ b ɪ l ʊ m ɪ ]_w
[_w b ɘ n ɘ k ]_w
[_w u r oː k aː w ]_w
[_w f a ɲ iː aː k ]_w
[_w ɘ k ɘː n ɘ ]_w
[_w ɛ j ɪ n k ɛ n ]_w
[_w c ɪ l ɘ ]_w
[_w w a n ɡ u m a k ]_w
[_w k ɘ r ɘ b ɘ ]_w
[_w ɟ ɪ s ɘ n k ɛ n ]_w
[_w ɘ k ɔ r ʊ m ɪ ]_w
[_w p ɘ r ɘ w ]_w
[_w ɛ b ɔ d ]_w
[_w f a t i e n e ]_w
[_w ɘ b ɘ ɟ ]_w
[_w t ɪ k ɪ l ɘ ]_w
[_w n ɔː t ɘː m ɪ ]_w
[_w ɘ s ɛ n ʊː l ]_w
[_w e r iu m aː j ]_w
[_w c ɔː l ɪ j ɔ ]_w
[_w f u l i r oː r e ]_w
[_w b ʊ r ɔ m ]_w
[_w j ɘ b ɘ ]_w
[_w k a ɟ u m ]_w
[_w ɛ c ɪː k ɛ ]_w
[_w k ʊ b ɘ ɟ ʊ t ]_w
[_w u l a u l u t ]_w
[_w a b o ɲ u l e j ]_w
[_w k ʊ t ɪ ɔː l ]_w
[_w w ɘ ɟ ɘ k ]_w
[_w a j iː s e n ]_w
[_w ɛ p ɪː n ɛ j ]_w
[_w ɟ ɔː n ɔː l ]_w
[_w l ɛ k ɔː l ]_w
[_w ɘ k ɘ t ɛ n ]_w
[_w l ɔ n ɡ ɔ m ]_w
[_w ɛ t ɪ n k ɛ j ]_w
[_w ʊ ɟ ɘː b ]_w
[_w b ʊ r ɛ k ɛ ]_w
[_w ɟ ɪ p ɘ ɟ ]_w
[_w s ɪ l ɔ ɘ m ]_w
[_w ʊ w ɔ s ɪː l ]_w
[_w k ɘ n ɛ n ɪ m ɪ ]_w
[_w e ɟ u e j ]_w
[_w ʊ w ɔ s ɔː l ]_w
[_w ɛ b ɪ n ɛ ɡ ɘ r ]_w
[_w k u p u t o ]_w
[_w k ʊ l ɛ j ]_w
[_w p ɘ ɟ ɘ k ʊ m ɪ ]_w
[_w ɟ ɪ k ɛ r ]_w
[_w j u t a ]_w
[_w b ʊ b ɘ c ɘː m ]_w
[_w ʊ w ʊ ]_w
[_w k a b iː l a ɡ ]_w
[_w n ɘ m ɘ ŋ ʊː m ɪ ]_w
[_w ɘ t ɘ ɪ ]_w
[_w k ɘ m ɘ ŋ ɛ ]_w
[_w n ʊ s ɛ n ]_w
[_w k ʊ ɟ ɘ w ʊ m ɪ ]_w
[_w p u l a t oː r ]_w
[_w ɘ ɟ ʊː m ɛ n ]_w
[_w e r a c u l a f ]_w
[_w k ʊ l ɘ t ʊ m ɪ ]_w
[_w f a t i e n ]_w
[_w w ɘ k ɘː n ɛ ]_w
[_w b ɘ ɟ ʊː m ɛ ]_w
[_w ɛ l ɘ k ɔ ]_w
[_w ɘ k ɪ l ɘ ʊ t ]_w
[_w k o r o ]_w
[_w ɘ n t ɪ ]_w
[_w ɛ ɟ ɘ m ɛ m ɪ ]_w
[_w ɛ p ʊ n t ɘ ]_w
[_w f ʊ r ɪ ]_w
[_w k a r i t o m ]_w
[_w ɛ l ɘ w ɪ ]_w
[_w ɟ ɪ m ɘ k ]_w
[_w b ʊ s ɛ r ɛ r ɛ ]_w
[_w ɘ s ɔ n t ɛ n ]_w
[_w b ʊ b ɘ ɟ ɘː r ]_w
[_w u l i r oː r e ]_w
[_w k ɔ t ɔ r ɔ ŋ ]_w
[_w k u p u r u m i ]_w
[_w c ɪ m ʊ k ɔː r ]_w
[_w t i c ]_w
[_w w ɘ r ɛ k ]_w
[_w b ʊ b ɘ ɟ ]_w
[_w k ɘ n ɔ k ɛ n ]_w
[_w ɘː k ɛ n ɛ j ]_w
[_w ʊ ɟ ɛ k ɔː r ]_w
[_w s ɪ n ɟ ɘ n ]_w
[_w s ɪ s ʊ k ɘ s ]_w
[_w ɘ r ɛ ɡ ɛ n ]_w
[_w ɛ f ɘ ŋ ]_w
[_w k ʊ c ɛː ]_w
[_w k ɔː l ɪ ɟ ɔ ]_w
[_w f ʊ n ɘ k ɘ f ]_w
[_w s ɘ m b ʊ n ɘ s ]_w
[_w f ɛ s ɪ t ɔ n ]_w
[_w f ɘ t ɪː t ɘ f ]_w
[_w b ɪ p ɪ l ɪ n ɡ ]_w
[_w k ʊ p ɘ c ]_w
[_w ɟ i t o r o ]_w
[_w k ʊ w ɔ k ]_w
[_w k ɘ f ɘː ɲ ɘ k ]_w
[_w m b ɪ ]_w
[_w ʊ n ɘ b ]_w
[_w l ɘ n d ɛ n ɪ ]_w
[_w w ɘ f ]_w
[_w k ʊ l ɛː ŋ ]_w
[_w ɛ k ɘː n ]_w
[_w m ɘ s ɛ n ɪ ]_w
[_w ɘ l ɔ f ɘ ]_w
[_w ɘ k ɘ t ɛ b ɛ n ]_w
[_w s ɪ k ʊ m p ɪ ]_w
[_w n ɪ s ɔ s ɔ f ]_w
[_w k a k aː n u m ]_w
[_w l ɔ f ]_w
[_w k ʊ t ɔ k ]_w
[_w c ɪ l ɔ l ɔ ]_w
[_w e b aː r ]_w
[_w ɟ ɪ f ɪ ʊ m ɘː j ]_w
[_w ɘ t ɪ ]_w
[_w m ʊ m ɛ l ]_w
[_w k ɘ b ʊ t ]_w
[_w m ɘ w ʊ ŋ ]_w
[_w ʊ l ɛ k ɘ b ]_w
[_w ɡ u ɡ o l u m ]_w
[_w ɘ m p ɘː ʊ ]_w
[_w ɪ p ɪ l ɪ n k ]_w
[_w ɘ ɲ ɛ s ]_w
[_w ʊ b ɘ ɟ ʊ m ɪ ]_w
[_w b ʊ f ɪ n d ɔ ]_w
[_w ʊ c ɪ n ]_w
[_w k ɘː n ɔː l ]_w
[_w j ɘ n ɔː s ɘ n ]_w
[_w ɪ b ɘ ɟ ʊ k ]_w
[_w f ɘ l ɘ k ɘː f ]_w
[_w k ɘ j ʊː j ɘ k ]_w
[_w e c i t u m a ]_w
[_w p ʊ ɟ ɪ l ɘ w ]_w
[_w k u ɟ u b o ]_w
[_w k ʊ ɟ ɪ n ]_w
[_w k ɘ ɟ ɘ k ɘː ʊ ]_w
[_w ʊ r ɔ k ʊ m ɪ ]_w
[_w n ɘ ɲ ɔː s ]_w
[_w s ɪ t ɘ ]_w
[_w ɪ n s ɪ ]_w
[_w ɪ f ɘ ŋ ɛ ]_w
[_w n ɘ b ɘ b ɘː t ]_w
[_w k ʊ t ɔː ŋ ]_w
[_w m ʊ n k ʊ l ɔ m ]_w
[_w ɲ ɘ ɡ ɘ b ɘː k ]_w
[_w k ɘ f ɪ ʊ m ɘ k ]_w
[_w ɟ ɪ k ɘː n ɪ ]_w
[_w t ɘ n ɔ s ɘ n ]_w
[_w ʊ m ɘ ŋ ɛ ]_w
[_w ɘ p ɪ l ɛ j ]_w
[_w l ɛ c ]_w
[_w n ɘ p ɔ ɲ ]_w
[_w l ɘ k ɔ ɛ ]_w
[_w ʊ c ɛ ɛ m ɪ ]_w
[_w ɘ m p ɘ ]_w
[_w f u d oː ŋ u m ]_w
[_w k eː n a k ]_w
[_w ɛ ɟ ɪː l ɘ ]_w
[_w t u n i aː j ]_w
[_w b ɘ s ɘ s ]_w
[_w m u b u t aː k ]_w
[_w k ʊ r ɪ m ɘ t ɛ ]_w
[_w ʊ s ɪː n ɘ w ]_w
[_w ʊ n ɛ w ɘ w ]_w
[_w m u m b oː m ]_w
[_w b ʊ t ʊ m ɘ w ]_w
[_w s ɪ ɡ ɘ b ɘː s ]_w
[_w f n t ɘ s p ]_w
[_w k ɘ ɟ ɪ n ʊ m ɪ ]_w
[_w k ɘ l ɛ t ʊ m ɪ ]_w
[_w ɟ ɛ ɡ ]_w
[_w ʊ j ɘ b ʊ m ɪ ]_w
[_w b ɛ t ɛ ]_w
[_w ɘ r ɘ m b ɛ n ]_w
[_w b u l o k ]_w
[_w ɛ m ɘ ŋ ɛ ]_w
[_w f ʊ j ɘː k ]_w
[_w f ʊ t ɔ k ɔ ɲ ]_w
[_w k ɘ m p ɪ ]_w
[_w s ɘ ʊ l ]_w
[_w b ɘ r ɔ ŋ ɛ n ]_w
[_w p ʊ r ɔ ŋ ɘː w ]_w
[_w ɔː m ɘː m ɪ ]_w
[_w k ʊ t ɪː k ɘ f ]_w
[_w c i m eː l o ]_w
[_w b ɘ n ɪ k ɘː n ɪ ]_w
[_w m ɘ c ɘ k ɛ ]_w
[_w p ɪ n ]_w
[_w ɛ ɡ ɘ t ]_w
[_w k ʊ b ɘ n ]_w
[_w b ɘ n ]_w
[_w a p o t u l ]_w
[_w b aː m a k a s ]_w
[_w m a k a k ]_w
[_w k ɘ ɟ ɔ m ɘ f ]_w
[_w n ɘ f ɘ ŋ ]_w
[_w k ɘ l ɪː r ɘ k ]_w
[_w b ʊ s ɛ r ɛ r ]_w
[_w ɔː t ʊ t ]_w
[_w ʊ j ɘ b ɘː l ɘ ]_w
[_w ɘ r ɪː b ɛ n ɔ m ]_w
[_w b ɔː b ʊ ]_w
[_w ʊ l ɘ k ɔ ]_w
[_w f aː m a k a k ]_w
[_w b ʊ b ɪ l ʊ m ɪ ]_w
[_w a b a l a ]_w
[_w ɛ l ɘ w ]_w
[_w f u j i n iː l ]_w
[_w b ʊ ɟ ɪ l ɘ k ɔ ]_w
[_w s a n ɡ i ]_w
[_w k ɘ j ɛ l ɘ k ɔ ]_w
[_w k ɘ k ɘ t ɪ ]_w
[_w ɘ r ɛ ɡ ɘ mː ɪ ]_w
[_w ɘ l ɔ l ɔː l ]_w
[_w k ʊ ɲ ɛ s ʊ t ]_w
[_w ʊ ɟ ɘ ɘː l ]_w
[_w ɪ ɲ ɘː j ɘː ʊ ]_w
[_w ɛ c ɪː k ]_w
[_w ɘ l ɘ k ]_w
[_w k ʊ p ɘ ɟ ]_w
[_w k ɘ m ɘ ŋ ɔː r ]_w
[_w s ɪ w ɔ l ]_w
[_w ɘ ɲ ɪː l ɘ k ]_w
[_w b ɘ n ɔ ]_w
[_w b u l i ŋ e t ]_w
[_w b ɛ k ɘ s ]_w
[_w m ɔː l ɪ ]_w
[_w n ɪ m ɘ ŋ ]_w
[_w ɛ ɟ ʊ k ɔː m ɪ ]_w
[_w ʊ b ɪ k ɘ w ]_w
[_w k ʊ c ɘ k ]_w
[_w ɟ ɛ r ɛ r ]_w
[_w n ʊ c ɘ n ɟ ɘ f ]_w
[_w n ʊ m ɘ mː ɘ ŋ ]_w
[_w p u k o r o ]_w
[_w ɛ t ɔ ɟ ɛ j ]_w
[_w f ʊ ɟ ʊː m ɘ f ]_w
[_w p ʊ k ɘː l ]_w
[_w p ɛ r ʊ k ɛ ]_w
[_w ʊ s ɛ ]_w
[_w ɟ ɪ m ɘ ŋ ɛ ]_w
[_w ɘ ɟ ɪː k ɘː ʊ ]_w
[_w p ɘ m p ʊ n ɘ s ]_w
[_w ɛ k ɔ b ]_w
[_w w ɘ k ɘː n ɔ m ɪ ]_w
[_w k ɘ f ɛ l ɔ ɘ k ]_w
[_w b ɘ n k ʊ m ɪ ]_w
[_w e r iː ŋ e n ]_w
[_w k a w ]_w
[_w k ʊ k ɔ b ɘ ]_w
[_w ɛ b ɘ ɟ ɔ m ɘ f ]_w
[_w k ʊ ɲ ɪː l ɘ ʊ ]_w
[_w b ɔ m p ɔ ŋ ]_w
[_w k a k o n e j ]_w
[_w f u p a k u m ]_w
[_w k ɘ s ɔ n ]_w
[_w f ɘː n ɔ ]_w
[_w p ɛ ɪ ]_w
[_w k ʊ n ɔː m ɘ f ]_w
[_w b ɘ ɟ ʊː l ]_w
[_w ɘː k ɛ n ɛ ]_w
[_w f ʊ b ɘ c ɛ ]_w
[_w p ʊ l ɘː ɲ ]_w
[_w f u t oː ŋ u m ]_w
[_w n ɪ l ɘ k ɔ ɛ ]_w
[_w ɪ s ɔ f ɔː l ]_w
[_w j ɘ l ɛ ɡ ɛ n ]_w
[_w b ʊ ɡ ɔː k ʊ ]_w
[_w n ɪ c ɛː n ]_w
[_w k ʊ m ɘ t ɘː k ]_w
[_w k ɘ f ɘ r ɪ s ɘ ]_w
[_w w ɘ s ɪ k ɔ ɛ ]_w
[_w b ʊ r ʊ ŋ ɘ w ]_w
[_w n ɔ n ]_w
[_w ɡ ɘ b ɪ l ʊ m ɪ ]_w
[_w ɘ p ɘ ɟ ʊ t ]_w
[_w ɪ ɟ ɛ ɛ m ɪ ]_w
[_w w ɔː n ɪ ]_w
[_w s ɪ s ɛ n ɪː m ɪ ]_w
[_w ʊ m ɘ n ɟ ɛ j ]_w
[_w m ʊ l ɘ k ɔ m ɪ ]_w
[_w j ɔ s ɛ ]_w
[_w b ɪ l ]_w
[_w k ɘ c ɪ n ʊ k ]_w
[_w b ʊ k ɘ n ]_w
[_w k ʊ ɟ ɪ b ʊ l ɔ ]_w
[_w b ʊ t ʊː k ɘ b ]_w
[_w k ɘː n ɔ ɛ ]_w
[_w ɟ ɪ c ɪ ɟ ɪː k ]_w
[_w ɟ a j i a ɟ ]_w
[_w f u ɡ o u k o ]_w
[_w b u s i m o m ]_w
[_w ɘː k ɛ n ]_w
[_w p ɛ t ɘ n ɪ ]_w
[_w m ɘ n ɛ m ɔ j ]_w
[_w k u p u l u l ]_w
[_w ɛ m ɘ ŋ ]_w
[_w k u r oː m a ]_w
[_w k a r u m a ]_w
[_w j a k o n a k ]_w
[_w b a k u n ]_w
[_w f ʊ r ʊ n ɡ ɘ ]_w
[_w n ɛ mː ɪ ]_w
[_w k ɘ k ɔ r ʊ m ɪ ]_w
[_w e k uː t e j ]_w
[_w k ɘ t ɘː ɡ ɛ n ]_w
[_w e t uː r eː j ]_w
[_w ɔ ɔ m ʊ ]_w
[_w k ʊ t ɛ k ɛ l ]_w
[_w ɛ b ɪ l ]_w
[_w k ɘ w ʊ ŋ ɘ m ]_w
[_w b ɘ m p ɘ r ɘ w ]_w
[_w k ɘ t ɘː l ɘ ]_w
[_w w ɘː n ɘ w ]_w
[_w ɟ ɪ r ʊː m ]_w
[_w k ʊ k ɘː n ɪ ]_w
[_w m ɘ n ɔː m ɘ n ]_w
[_w ɛ b ɘ ɟ ɔ ]_w
[_w k ʊ ŋ ɘ r ɘ w ]_w
[_w ɘ ɲ ɔː l ɔ m ]_w
[_w m ɔ f ɘ m ]_w
[_w k ʊ l ɛː ŋ ɘ f ]_w
[_w m ʊ w ɘ ɲ ɘː ʊ ]_w
[_w ɛ t ɛː p ]_w
[_w ʊ ɟ ɪː k ɪ m ɪ ]_w
[_w k ɔː t ʊ t ɘː l ]_w
[_w l i r oː r ]_w
[_w f ʊ l ɛː ŋ ]_w
[_w b ʊ ɡ ʊ ]_w
[_w m ɘ m p ɘ f ]_w
[_w k ɘ l ɛ k ɛ n ]_w
[_w b u l a ]_w
[_w s ɪ m ɪ n ɪ t ]_w
[_w n ʊ b ɛ d ɛ ]_w
[_w k ʊ j ɔː m ]_w
[_w f a l i ŋ e t ]_w
[_w m ɘ ɟ ɔː n ɘ m ]_w
[_w ɟ ɪ ɟ ɘ ŋ ɘː k ]_w
[_w ɛ t ɘ m ]_w
[_w b ɛː r ɪ ]_w
[_w m ʊ l ɪ b ɘː m ]_w
[_w ɟ ɪ ɟ ɘ w ʊ m ɪ ]_w
[_w s ɘ ɟ ɘ k ʊ t ]_w
[_w ɟ ɔː l ɪ ]_w
[_w b ʊ s ɔ f ɔ m ]_w
[_w j ʊː t ɛ j ]_w
[_w j i n e n a ]_w
[_w k u ɟ u b o m i ]_w
[_w b ʊ s ɛ n ʊ t ]_w
[_w m ʊ b ɘ ɟ ]_w
[_w r ɛ ɡ ɔ m ]_w
[_w w ɘ j ɪ t ɘ k ]_w
[_w ɘ s ɛː k ɘ ʊ ]_w
[_w f ʊ j ɘ b ɔː r ]_w
[_w ɟ a b uː r a ]_w
[_w k ɘ ɟ ɔː n ʊ t ]_w
[_w k ɘ w ʊ l ɔ ]_w
[_w b ʊ r ʊ ŋ ɪː l ]_w
[_w k u j iː s ]_w
[_w k ʊ m ɘ ŋ ʊ m ɪ ]_w
[_w b ʊ l ɔ ]_w
[_w s uː m oː l ]_w
[_w k ʊ s ɛ n ɪ ]_w
[_w s ɘː l ɘ s ]_w
[_w m ɘ ŋ ɛ ]_w
[_w k ɘ k ɘ c ɛ n ]_w
[_w ɛ n ɪː l ɛ j ]_w
[_w n ɘ m ɘ k ʊ m ]_w
[_w ɘ l ɘ w ʊ m ɪ ]_w
[_w s i w i l i ]_w
[_w n u j iː s e n ]_w
[_w k ʊ s ɘ l ]_w
[_w k ɘ n ]_w
[_w k u r iː ŋ e ]_w
[_w ɛ b ɔ s ɛ j ]_w
[_w u t i p ]_w
[_w p o l i iː m i ]_w
[_w n ɘ ɟ ɪ n ʊ m ɪ ]_w
[_w b ʊ b ɪ l ]_w
[_w u p u r e n ]_w
[_w d aː ɲ i ]_w
[_w t ɘ k ʊ m ɪ ]_w
[_w k ɘ ɟ ɛ n ɛ ]_w
[_w b u j iː k a w ]_w
[_w k ʊ l ɛ t ɘː l ]_w
[_w k ʊ k ɔ j ʊ m ɪ ]_w
[_w b ɘ b ɪ l ɔ n ]_w
[_w k ʊ b ɔ ɲ ʊ m ɪ ]_w
[_w p a ɟ iː n a b ]_w
[_w k ʊ s ɛ n ]_w
[_w m ʊ l ɪ p ɘː ɟ ]_w
[_w s ɪ n ʊ ɡ ɘ mː ɪ ]_w
[_w ɘ f ɪ ʊ m ɘ ɡ ]_w
[_w u l i n d ]_w
[_w k ʊ t ʊ n d ɛ n ]_w
[_w f u b aː r ]_w
[_w ɛ r ɛ k ʊ m ɪ ]_w
[_w u k a m u n a w ]_w
[_w w ɔ w ]_w
[_w k ɘ f ɘ ŋ ]_w
[_w c ɪ r ɘː f ɘ ]_w
[_w ɘ c ɪː k ]_w
[_w j ʊ l ɪ ɔ ]_w
[_w k u n a k ]_w
[_w k ɘ ɟ ɘ l ɔː r ]_w
[_w ɟ i b aː r ]_w
[_w ɛ t ʊː k ɘ b ]_w
[_w k ɘ l ɘ ɡ ]_w
[_w m ɘ l ɛ k ɛ n ]_w
[_w j aː l i n t ]_w
[_w ɘ r ɘ m p ɘː ʊ ]_w
[_w u s u m u d ]_w
[_w f ʊ ɟ ɔ ɟ ɘ f ]_w
[_w k a ŋ a r u l ]_w
[_w ɟ ɪ ŋ ɔː l ɛ n ]_w
[_w f u b u t o a m ]_w
[_w k ʊ r ɔ l ɘ ]_w
[_w b ɘ l ɛː b ɘ b ]_w
[_w j ɘ l ɔ f ʊ m ɪ ]_w
[_w f ʊ p ɪ l ]_w
[_w k u r o k u m ]_w
[_w ɛ s ɘ ʊ ]_w
[_w ɛ c ɪː l ɘ ]_w
[_w k ʊ l ɘ k ]_w
[_w ɟ ɪ b ɘ ɟ ɛ ]_w
[_w f ʊ ɟ ɔ ɟ ʊ m ɪ ]_w
[_w k ʊ l ɘ d ɔː r ]_w
[_w n ɛː m ]_w
[_w k u l o ]_w
[_w f ʊ ɡ ɔ ɔː l ]_w
[_w ɘ f ɘ ŋ ʊ m ɪ ]_w
[_w k ʊ j ɘ b ɘ f ]_w
[_w k ʊ l ɘ k ɘː m ]_w
[_w ɟ ɪ r ɛ ɡ ɪː m ɪ ]_w
[_w n ʊ r ɛ ɡ ɘː l ]_w
[_w k a k o l i m i ]_w
[_w b ʊ f ɔ k ʊ m ɪ ]_w
[_w w ɘ c ɘ k ʊ t ]_w
[_w f ɘ l ɘ f ]_w
[_w w ɘ ɲ ]_w
[_w w ɘ ɟ ɘ k ɘː ʊ ]_w
[_w b ɪː ŋ ɘ b ]_w
[_w ɘ r ɛ ɡ ɔː m ɪ ]_w
[_w k ʊ s ɘ l ɔː l ]_w
[_w k u k o o m ]_w
[_w n ʊ r ɔ k ]_w
[_w s ɘ t ɪ ]_w
[_w k a n t o m i ]_w
[_w s i k o r i ]_w
[_w k ʊ k ɘ m ɔː r ]_w
[_w b ɘ b ɪ l ]_w
[_w k ʊ l ɘ ]_w
[_w m ɘ f ɔ s ]_w
[_w k u p u r e n ]_w
[_w l o i ]_w
[_w ʊ l ɘ w ɔː l ]_w
[_w ɛ b ɪ l ɛ ]_w
[_w k ɘ w ɔː l ]_w
[_w n a t i b aː ɡ ]_w
[_w k ɘ f ɘː n ɔ ]_w
[_w ɟ ɔ ɟ ]_w
[_w ɛ s ɘ l ]_w
[_w ɘ l ɔ b ɔː r ɪ ]_w
[_w ɟ ɪ j ɪ t ɔ ]_w
[_w j ɘ m p ɪ ]_w
[_w ɛ r ʊ n k ɘ f ]_w
[_w k ɘ r ʊ n ɡ ɘː ʊ ]_w
[_w k u k o l i ]_w
[_w ɪ m ɘ ŋ ]_w
[_w n ɘ b ɘ ɟ ɔ m ]_w
[_w k a m eː l o i ]_w
[_w ɟ ɪ s ɔ f ]_w
[_w u j e k e t ]_w
[_w ʊ j ɘ b ]_w
[_w a p o ɲ u l e j ]_w
[_w n a ɟ i m aː k ]_w
[_w n ɪ ɟ ʊ ɡ ɛ m ɪ ]_w
[_w k u r i t a k ]_w
[_w w ɘː w ʊ ]_w
[_w u b aː r a f ]_w
[_w n ɘ r ɘː n ]_w
[_w l ɛ ɡ ɛ n ɛ ]_w
[_w m ɘ ɟ ɘ k ɘː w ]_w
[_w ɛː n c ɘː t ]_w
[_w n ʊ ɟ ʊ ɟ ʊ k ɪ ]_w
[_w ɘ ɟ ɛ t ]_w
[_w s ɪ l ʊː b ɘ s ]_w
[_w ɘ l ɛː m ɪ ]_w
[_w ɘ ɡ ɘː n ɪː m ɪ ]_w
[_w ɟ ɪ p ɪ l ]_w
[_w ɘ k ɘː n ɛ m ɪ ]_w
[_w k ʊ k ʊ l ɪ t ]_w
[_w e k uː t ]_w
[_w ɛ ɟ ɪ n ]_w
[_w e c i m ]_w
[_w u b aː r a w ]_w
[_w ɟ ɪ n ʊ m ɪ ]_w
[_w n ɘ b ɪ l ]_w
[_w k a m a l oː r ]_w
[_w b ʊ b ɘ ɟ ʊ t ]_w
[_w f ʊ k ʊː p ]_w
[_w w ɔː l ʊː l ]_w
[_w f u k o o m ]_w
[_w ʊ c ɛː ŋ ]_w
[_w ʊ r ɔ k ɛ m ɪ ]_w
[_w n ɘ b ɔ ɲ ʊ m ɪ ]_w
[_w ɟ ɪ r ɔ h ɘː c ]_w
[_w k ʊ b ʊ ɟ ɪ n ]_w
[_w f oː l o l i ]_w
[_w k u c i m aː u ]_w
[_w k ɘ j ɪ t ɘ w ]_w
[_w k ʊ r ɛ r ɛ ]_w
[_w n a c u b o m i ]_w
[_w n ɘ k ɘː n ɘ ]_w
[_w k ɘ p ʊ n t ]_w
[_w k u b o ɲ a k ]_w
[_w f ʊ n ɔː m ɘ n ]_w
[_w f a j u i m i ]_w
[_w s i s u k ]_w
[_w k ɘ f ʊ l ]_w
[_w l ɛ t ɘ p ɘ ɟ ]_w
[_w ɛ t ʊː k ɘ p ]_w
[_w ɘ ɡ ɘ ɟ ɛ t ]_w
[_w ɘ k ɘ ɟ ɛ s ɔː r ]_w
[_w ɡ ɘ t ɛ n ]_w
[_w s ɪ w ɔ l ɘ s ]_w
[_w l ɛ t ɘ k ɘː r ]_w
[_w m ɪ k ɘ ɡ ]_w
[_w f u k o l i ]_w
[_w p ɘ r ɛ ɲ ɘː ]_w
[_w f ʊ t ɔ k ɛ j ]_w
[_w ɟ ɪ t ɘ m p ɪ ]_w
[_w k ʊ c ɘ mː ɪ ]_w
[_w f a t aː m a f ]_w
[_w k ɘ b ʊ d ]_w
[_w k a l i ]_w
[_w ɪ r ɪ ]_w
[_w k ɘ r ɛ ɡ ʊː m ɪ ]_w
[_w ɟ ɪ c ɛ t ]_w
[_w ɘ k ɘ mː ɪ ]_w
[_w k ʊ m ɘ ŋ ɛ m ɪ ]_w
[_w ɛ l ɪ j ɘ ]_w
[_w ʊ p ɘ n d ɔː k ]_w
[_w s ɪ k ɘ ]_w
[_w n ɔː n ɛ ɪ ]_w
[_w k ɪ l ɪ k ɪ ɘ ]_w
[_w ɟ ɪ k ɘː n ʊː l ]_w
[_w e r aː n u m ]_w
[_w k ɘ l ɘ t ɘ mː ɪ ]_w
[_w c ɛ b ]_w
[_w ɛ n ɘ k ɛ j ]_w
[_w b u j e ɡ e t ]_w
[_w ʊ l ɪ m ɪ ]_w
[_w ɘ t ɔː k ʊ m ɪ ]_w
[_w ɘ r ɔ ŋ ɛ ]_w
[_w b ɔː t ɛ ]_w
[_w n ʊ s ɛ n ɔː l ]_w
[_w d ʊ r ʊ ]_w
[_w k ʊ ŋ ɘ r ɘ b ]_w
[_w b ɘ r ɔ ŋ ɛ ]_w
[_w e p u r e j ]_w
[_w m ʊ j ɛ ɔː m ɪ ]_w
[_w b a r i t oː l ]_w
[_w p ɛː r ɪ ]_w
[_w ɛ w ɔ n ɡ ɘ k ]_w
[_w ʊ r ɛ k ɪː m ɪ ]_w
[_w k ʊ r ɔ l ɘː k ]_w
[_w ʊ b ɛ t ɛ n ]_w
[_w k ʊ m ɘ t ɘː ʊ ]_w
[_w k ɘ r ɘ m b ɘː ʊ ]_w
[_w k ɘ l ʊː s ɘ k ]_w
[_w k u l i ŋ e t ]_w
[_w e ɟ u w e j ]_w
[_w s ɪ t ɔ s ]_w
[_w b ɘ ɟ ɘ k ʊ t ]_w
[_w ʊ b ɘ c ]_w
[_w w ɔː l ɪ ]_w
[_w k u ɟ i m ]_w
[_w w ɘ k ɘ mː ɪ ]_w
[_w k u j iː s e n ]_w
[_w ʊ l ɘ w ʊ m ɪ ]_w
[_w f u m eː l o i ]_w
[_w k ʊ j ɘː k ɘ ]_w
[_w ɘ k ɘ t ʊ p ɔ ]_w
[_w u ɟ i m a ]_w
[_w k ʊ f ɪ ʊ m ɘ ɡ ]_w
[_w ɛ b ɘ ɟ ɛ ]_w
[_w ɟ i ɡ aː n u m ]_w
[_w k ɘ r ʊ n k ɘː ʊ ]_w
[_w ɘ m ɘ k ʊ m ]_w
[_w k a b u r u l ]_w
[_w ɛ ɲ ɘ b ɛ j ]_w
[_w s i w i l aː s ]_w
[_w w ɘː t ɛ ]_w
[_w k ɘ j ɪ t ɘ ɟ ]_w
[_w n ɘ ɟ ɪ k ɛ r ]_w
[_w ɛ r ɛ k ɛ ]_w
[_w n ɪ b ɘ b ɘ ɟ ɔ ]_w
[_w n ɪ f ɘ ŋ ɛ ]_w
[_w a f e ɡ e t ]_w
[_w ʊ ŋ ɘ r ɘ w ]_w
[_w p ɔː t ʊ t ]_w
[_w ɘ r ɘ m p ɘ ɪː l ]_w
[_w k ɘ ɟ ɘ l ]_w
[_w k ʊ l ɔ l ɔ ]_w
[_w k ʊ j ɘ j ɘ b ]_w
[_w ɘ k ɘ ɟ ɛ n ɪ ]_w
[_w ɘː n ʊː l ]_w
[_w c ɪ r ʊ l ɛ n ]_w
[_w f ɘ l ɛ k ɛ n ]_w
[_w n ɘ l ɘ t ]_w
[_w n a p u r e n ]_w
[_w c ɘ m ɛː ŋ ɛ ]_w
[_w k ʊ k ʊ k ɘ t ]_w
[_w w ɘː t ɪ ]_w
[_w j ʊ n k ʊ l ]_w
[_w a c i m a k ]_w
[_w k ʊ l ɘ ɡ ɘ ]_w
[_w b ɘ l ɘ r ɘː j ]_w
[_w j ʊː t ɔː l ]_w
[_w k ʊ w ɘ w ɘ r ]_w
[_w m ʊ l ɘ b ]_w
[_w k u k aː ɡ ]_w
[_w m ʊ n k ʊ l ]_w
[_w s ɪ n ʊ ɡ ]_w
[_w ɪ l ɛ t ɘ r ɘː j ]_w
[_w k ɘ ɟ ʊː p ɔ ɛ ]_w
[_w ɪ b ɘ c ]_w
[_w b ʊ w ɘː s ]_w
[_w m aː m a k a m ]_w
[_w w ʊ k ɛː n ]_w
[_w p ɘ n ʊ m ɪ ]_w
[_w p ʊ r ɔ ŋ ɘ b ]_w
[_w u j iː k a w ]_w
[_w ʊ l ɛ p ɔː r ɘ ]_w
[_w e b u r ]_w
[_w s ɪ t ɛ f ɘ n ]_w
[_w ɘ ɟ ɘ w ʊ t ]_w
[_w s ɘ m p ʊ n ]_w
[_w e t iː w uː l ]_w
[_w b u b u t aː m ]_w
[_w b u j iː k a p ]_w
[_w k ɘ k ɘ m ɛ n ]_w
[_w k ʊ j ɘː k ɘ ɡ ]_w
[_w s ɪ r ɘ h ]_w
[_w ɟ ɘ k ʊː ɟ ɘ ɡ ]_w
[_w ɪ ɟ ʊ k ʊ m ]_w
[_w ɛ ɟ ɪː k ɛ ]_w
[_w i r iː ŋ ]_w
[_w ɟ ɪ ɟ ɘ m ɪ ]_w
[_w ɘ c ɛː n ]_w
[_w a k o n a m ]_w
[_w b ɪː ŋ ]_w
[_w f u b uː r a f ]_w
[_w i r iː ŋ u t ]_w
[_w k ʊ l ɘ k ɔ ]_w
[_w k ʊ ŋ ɘ r ʊ m ɪ ]_w
[_w d ɛ m ɘ s ]_w
[_w n ɪ b ɪ l ɪ n ɡ ]_w
[_w b ɘ r ɘ w ]_w
[_w f a k o n a u ]_w
[_w b ɘ n ɛ l ɘ k ɔ ]_w
[_w k ʊ p ɘː l ɪ ]_w
[_w f a k o n a f ]_w
[_w ɘ l ɛː p ɘ ɟ ]_w
[_w m ʊ w ɘ ɲ ɘ ]_w
[_w k ɘ r ɘ m b ɘː w ]_w
[_w f ɘ ŋ ]_w
[_w ɘ k ɔ b ɘ ]_w
[_w e j e m ]_w
[_w k ɘ b ʊ t ɘ k ]_w
[_w b ɘ n ɟ ɪ j ɘ p ]_w
[_w k ʊ j ɘ b ɘ ɟ ɛ ]_w
[_w u b aː r ]_w
[_w k ɘ r ɛ ɡ ʊ m ɪ ]_w
[_w b ɘ n ɘː l ]_w
[_w p ʊ t ʊː k ɘ b ]_w
[_w e b u r u l ]_w
[_w m a k o n ]_w
[_w e k uː d e j ]_w
[_w k ɘ r ɔ ŋ ɘː w ]_w
[_w k ʊ ɟ ɘ ŋ ɘː ɟ ]_w
[_w f ɔː f ʊ ]_w
[_w ɘ m ɔ n t ʊ m ɪ ]_w
[_w ɟ ɪ l ɘ k ɔ m ɪ ]_w
[_w f ʊ t ɪ ŋ ɘ k ]_w
[_w l ɛ w ɪ ]_w
[_w u p u r ]_w
[_w ɛ ŋ ɘ r ʊ m ɪ ]_w
[_w ɪ m ɘ n ɟ ʊ m ɪ ]_w
[_w p ʊː l ɔː l ]_w
[_w f u s i m o m ]_w
[_w ɛ f ɛ s ]_w
[_w s ɪ m ɛ ɔ n ]_w
[_w ɘ r ɛ k ]_w
[_w k ʊ b ɘ ɟ ɔ m ɪ ]_w
[_w k ɘ ɟ ʊ mː ɪ ]_w
[_w b ɘː b ɘː b ɘ ]_w
[_w a t iː w oː r ]_w
[_w k u t e ɡ a k ]_w
[_w s ɪ n ɘː ŋ ]_w
[_w k ʊ l ɘ t ]_w
[_w n ʊ p ɘ ɟ ʊ m ɪ ]_w
[_w b ʊ n k ʊ l ]_w
[_w b ɛ r ɪ ]_w
[_w ʊ r ɛ k ɛ n ]_w
[_w ɛ ɡ ɔ r ɔː l ]_w
[_w ɛ w ɔ l ɪ ]_w
[_w a p o d u l ]_w
[_w b ʊ t ʊ m ɘ b ]_w
[_w ɟ i b u r ]_w
[_w ɘ p ɘː l ɔ m ]_w
[_w ʊ ɟ ʊ k ɪ ]_w
[_w s ɪ t ɔ n ]_w
[_w b u b aː r ]_w
[_w s ɪ k ɪ l ɘ ʊ t ]_w
[_w k ɘ ɟ ɪ ɡ ɛ r ]_w
[_w ɘ k ɛː n ]_w
[_w t ʊ t ʊ l ɔ ]_w
[_w n ɘ j ɘ b ʊ t ]_w
[_w f ʊ c ɛ ɛ m ɪ ]_w
[_w ɘ b ɔ ɲ ɘː ʊ ]_w
[_w ʊ t ʊ m ɘ b ]_w
[_w m ɘ f ɘ ŋ ʊ m ɪ ]_w
[_w ɛ t ʊː k ɪ ]_w
[_w u k o l i ]_w
[_w b o l i t i ɡ ]_w
[_w m ɘː b ɪ ]_w
[_w ɘ r ɛ ɡ ɪ ]_w
[_w t ɘ m b ɪ ]_w
[_w p ʊ l ɛ ]_w
[_w ɘ m b ɘ r ɘ r ]_w
[_w ʊ ɟ ɛ ɛ m ɪ ]_w
[_w f ʊ k ɔ b ɘ ]_w
[_w ɛ ɟ ʊ ɡ ʊ t ]_w
[_w w aː j ]_w
[_w k ʊ ŋ ɔː l ɛ n ]_w
[_w b ɘ k ɔː ŋ ]_w
[_w ʊ r ɘ m b ɘ ɟ ]_w
[_w k ʊ l ɘ m ]_w
[_w k ɘ b ʊ ɲ ɘ ɡ ]_w
[_w a ɡ o n ]_w
[_w a l aː ɲ u l ]_w
[_w k ʊ b ʊ ɟ ʊ m ɪ ]_w
[_w p ʊ r ɔ k ]_w
[_w ʊ r ɪː b ɘ ]_w
[_w ɘ ɟ ɪ n ]_w
[_w j aː m a ɡ ]_w
[_w b ɛ t ɛ n ]_w
[_w ɟ ɪ f ɘ ŋ ʊ m ɪ ]_w
[_w b ɘ n ɪ l ɘː ɲ ]_w
[_w ɟ ɛ b ɔ m ]_w
[_w ɟ ɪ s ɔ f ɔː r ɔ ]_w
[_w b u r oː k aː w ]_w
[_w ɛ ɟ ɔ ɟ ʊ m ɪ ]_w
[_w k ʊ ɟ ɘ w ʊ t ]_w
[_w b u j a b oː r ]_w
[_w u r iː ŋ e ]_w
[_w ɘ l ɔ m ɪ ]_w
[_w f ʊ r ɪ ɘ m ʊ ]_w
[_w w ɔː m ]_w
[_w k ʊ ŋ ɔː l ɛ n ɛ ]_w
[_w b ɘ m p ʊ l ]_w
[_w p u r o k u m ]_w
[_w e r iː ŋ e j ]_w
[_w ɔː l ʊː l ]_w
[_w b ɘ ɟ ʊː b ɔ ɛ ]_w
[_w e t uː r u ]_w
[_w ʊ ɡ ʊ ]_w
[_w b ɔː t ɘ b ]_w
[_w ɘ k ɔ p ]_w
[_w u p aː r ]_w
[_w k ʊ n ɘ k ɘ mː ɪ ]_w
[_w k ʊ l ɘ w ]_w
[_w m ɘ b ɘː k ɛ ]_w
[_w ɪ r ɘ m b ɛ n ]_w
[_w b ɘ ɟ ʊ t ]_w
[_w m ɛ n ɡ h ɛ ]_w
[_w ʊ ɲ ɛ n ɘ k ]_w
[_w k ʊ n ɛ n ]_w
[_w ɘ ɡ ɔ r ʊ m ɪ ]_w
[_w ɟ ɪ s ɛ n ɪː m ɪ ]_w
[_w u ɡ a m u n a w ]_w
[_w s ɘ l ɪ ]_w
[_w ʊ s ɔ f ɔ m ]_w
[_w ɘ k ɘː n ɪː l ]_w
[_w k ɘ j ɪ t ɔ ]_w
[_w l ɛ d ɘ r ɘ ]_w
[_w b ɘ n ɘ b ɪ l ]_w
[_w p ɔː t ʊ t ɘː l ]_w
[_w ɘ s ɛ n ɪ ]_w
[_w k ʊ m ɘ ŋ ɛ ]_w
[_w p ʊ k ɘ n ɘ ]_w
[_w b a k o n ]_w
[_w u r iː ŋ u m i ]_w
[_w ɘː ɡ ɛ n ɛ ]_w
[_w n ʊ l ɘ w ]_w
[_w b ʊ ŋ ɘ r ]_w
[_w k ʊ ɟ ʊ k ɪ ]_w
[_w ɘ b ɘ ɟ ɔ m ]_w
[_w ɟ ɪ r ɘ m b ɛ n ]_w
[_w ɛ ɟ ʊː m ]_w
[_w b ʊ s ɔ f ɘː l ]_w
[_w s uː m iː m i ]_w
[_w w a ɟ ]_w
[_w ɛ w ɔ n k ɪ ]_w
[_w ɘ l ɘ t ɛ ]_w
[_w k ʊ l ɘ k ɔ m ɪ ]_w
[_w k ʊ w ɘ ɲ ɘː j ]_w
[_w ɲ ɘ k ɘ b ɘ ]_w
[_w m ɘ m ɛː ŋ ɛ j ]_w
[_w e p o ɲ u l ]_w
[_w k ɘ m ɘ t ɘ k ]_w
[_w ɛ m ɪ t ]_w
[_w m ɘ t ɪ ʊ ]_w
[_w a j i n e n ]_w
[_w p ɘ n ʊ b ɘ ɟ ɔ ]_w
[_w p ʊ t ʊ m ɪː l ]_w
[_w k ɘ l ɔ ɘ ]_w
[_w ɘ s ɔ n ]_w
[_w ɘ b ɘ k ]_w
[_w ɟ ɪ k ɘ m ɛ n ɪ ]_w
[_w ɟ ɘ k ɘ r ɘ ŋ ]_w
[_w m ɛː ɟ ]_w
[_w s ɘː t ʊ m ɪ ]_w
[_w b ɛ ɪ ]_w
[_w b ʊ s ɔ f ʊ m ɪ ]_w
[_w f ɘ t ɪ j ɘ ]_w
[_w n ɪ b ɘ ɟ ]_w
[_w ɟ a j i a u ]_w
[_w ɟ ɔː l ɘ ]_w
[_w s ɘ n k ɛ n ]_w
[_w ɪ l ɘ ɡ ɔ ]_w
[_w ɛ b ʊ ɟ ɪ ]_w
[_w ɟ ɘ p ɘː k ɛ ]_w
[_w k ɘ r ɪ n ɔ ɛ ]_w
[_w f ɔː n ɛ ]_w
[_w s i n t o oː l ]_w
[_w ɡ ɘ ɟ ɘ l ɔː r ]_w
[_w k ɘ s ɘ n k ɛ n ]_w
[_w j ɛ s ɘː j ɘ ]_w
[_w l ɛ t ɘ ɟ ʊ k ]_w
[_w k ɔ n k ]_w
[_w w u b ]_w
[_w ɪ s ɔ f ʊ m ɪ ]_w
[_w s ɪ l ɛ ɡ ɔː l ]_w
[_w ɟ ɪ k ɘ mː ɪ ]_w
[_w ɛ k ɪ l ɛ ]_w
[_w e f u l e j ]_w
[_w p ɘ s ɘː f ɘ k ]_w
[_w ɛ l ʊː p ɔ m ]_w
[_w l ɛ d ɘ ɟ ɛ t ɛ ]_w
[_w ʊ k ɘ b ]_w
[_w k ʊ j ɘː k ]_w
[_w m ɘ r ɔ ŋ ɘː ʊ ]_w
[_w n ɘ l ɔ ]_w
[_w w ɘ ɟ ɘ k ɘː f ]_w
[_w d ʊ l ]_w
[_w w ɘ f ɘ ŋ ʊ m ɪ ]_w
[_w b ɘ k ɛ n ]_w
[_w p ʊ k ɘ p ɘ ɟ ɔ ]_w
[_w k ʊ p ɔː j ɘ ɡ ]_w
[_w b ʊ r ɛ t ɛ ]_w
[_w a ɟ i m a ]_w
[_w b ʊ b ɛː b ɛ n ]_w
[_w ʊ s ɔ f ʊ m ɪ ]_w
[_w ɘ k ɔ r ɔː m ɪ ]_w
[_w b ɘ l ɪ n t ]_w
[_w s ɪ l ɛ t ɔ ]_w
[_w s ʊː t ʊː l ]_w
[_w ɛ ɟ ʊ n ɟ ʊː m ]_w
[_w k ʊ s ɔ f ɔː l ]_w
[_w k ʊ d ɘ ɪː l ]_w
[_w w a s u mː i ]_w
[_w f a ɡ o n a u ]_w
[_w n ɘ j ɘ p ʊ t ]_w
[_w b a r iː ŋ u m i ]_w
[_w ɘ s ɛ n ʊː m ɪ ]_w
[_w d a m i ]_w
[_w ɟ ɛ b ʊ j ɔ ]_w
[_w k a m i k a w ]_w
[_w k ɘ r ɔ ŋ ]_w
[_w k u c i l oː l ]_w
[_w k ɘ ɟ ɔ ɟ ɛ n ]_w
[_w d ɘ k ʊ m p ɘ ]_w
[_w ɛ r ɛ ɡ ɔː m ɪ ]_w
[_w k ɘ j ɔ s ]_w
[_w ɟ eː t u m ]_w
[_w m ɘ c ɘ k ɘː k ]_w
[_w k u ɟ eː ŋ ]_w
[_w c i ɡ o l i m i ]_w
[_w ɘ f ɘ ŋ ɘː m ɪ ]_w
[_w k ɘ r ɪː b ɘ ]_w
[_w s ɘ w ʊː ɟ ɛ ]_w
[_w f ʊ t ɘ m b ɪ ]_w
[_w m ʊ f ɘ ŋ ʊ m ɪ ]_w
[_w n ɪ ɟ ʊ k ʊ t ]_w
[_w b u p aː r a b ]_w
[_w ʊ b ɘ ɟ ʊː l ]_w
[_w n ɘ ɟ ʊ k ɔː l ]_w
[_w ɟ ɪ r ɔ h ɘ ]_w
[_w ʊ b ɘ ŋ ɘ w ]_w
[_w k ɘ j ɛ r ɘː j ]_w
[_w ʊ s ɘː n ɘː w ]_w
[_w m ɘː p ɪ ]_w
[_w b ɘ n ɘ n ]_w
[_w f ɘ b ɘ c ]_w
[_w ɘ k ɘ ɟ ɛ t ]_w
[_w f ʊ p ɘ ɟ ʊ m ɪ ]_w
[_w s ɪ l ʊ w ɘː s ]_w
[_w ʊ k ɘ t ɘː l ]_w
[_w k ɘ ɟ ɘ m ɘ p ]_w
[_w b ɘ r ɘː n ɘ p ]_w
[_w b ɘ ɟ ʊː m ɛ n ]_w
[_w ɟ ɪ l ɘ k ɔ ]_w
[_w f ɪ l ɪ b ɔ ]_w
[_w f u m a n u m ]_w
[_w a k o l i ]_w
[_w ɛ ɡ ɘ mː ɪ ]_w
[_w s ɪ b ɪː n ɘ s ]_w
[_w ʊ l ɘː ɲ ɘ b ]_w
[_w ɟ ɪ l ɘ t ʊ m ɪ ]_w
[_w b u k aː j ]_w
[_w k ɘ l ɘ w ɘ ]_w
[_w ɪ ɟ ʊ k ʊ m ɪ ]_w
[_w ɟ ɘ b ɘ ɟ ɘː r ]_w
[_w k ɘ r ɔ k ɘ ɪ ]_w
[_w k ʊ t ɪ ʊː l ]_w
[_w s uː m ]_w
[_w n ɘ l ɘ k ɔ m ɪ ]_w
[_w ɟ ɪ b ɘ ɟ ʊ t ]_w
[_w b ʊ ŋ ɘ r ɘ b ]_w
[_w b ɘ n ɘ f ɘ ŋ ]_w
[_w b ʊ p ɪ l ]_w
[_w f ʊ m ɘ n ɟ ɘ f ]_w
[_w p ʊ s ɔ f ɛ ]_w
[_w k ʊ k ʊ l ɪ m ɪ ]_w
[_w b ɛ b ɛ n ]_w
[_w ɟ i l a u l ]_w
[_w b ɛ f ]_w
[_w k u r e k a k ]_w
[_w k ɘ l ɘː ɲ ]_w
[_w k u p u r aː u ]_w
[_w ɟ ɪ b ɪː m ɪ ]_w
[_w k ʊ k ɘː n ɛ ]_w
[_w a l i ŋ aː k ]_w
[_w f ɘ t ɪ ]_w
[_w ɛ n ɔː m ɪ ]_w
[_w a b a t u l ]_w
[_w b ʊ k ɘ n ɡ ɘː n ]_w
[_w k ʊ k ɘ k ]_w
[_w ɟ a k aː t i ]_w
[_w ɘ ŋ ɘ r ɪ ]_w
[_w k ɘ ɟ ɘ m ɔ ]_w
[_w k ʊ b ɘ ɟ ɔ ɘ k ]_w
[_w b ɘ k ɘː n ɔ ]_w
[_w b u s i m oː l ]_w
[_w b u l o k a b ]_w
[_w ɟ ɛ t ɛ ]_w
[_w u j iː k a p ]_w
[_w m ɘ w ʊ ŋ ɘ m ]_w
[_w ɪ n ɟ e ]_w
[_w n a k o l i m i ]_w
[_w ɘ b ʊ ɟ ɪ ]_w
[_w ɛː t ʊ t ]_w
[_w s ɪ k ɘ b ɘ ]_w
[_w ɛ r ɔ ŋ ɛ j ]_w
[_w ɟ ɪ l ɪ p ɔ ]_w
[_w k a k a l i a ]_w
[_w n ɘː n ɔː l ]_w
[_w k a l i ŋ ]_w
[_w ɘ ɟ ʊː m ]_w
[_w k ʊ c ɪ k ɛ r ]_w
[_w f a ɟ u l e j ]_w
[_w ɘ k ʊ r ɪ m ]_w
[_w k ʊ s ɔ f ]_w
[_w k ʊ k ɔ b ɘ f ]_w
[_w ɡ ʊ b ʊ ɟ ]_w
[_w ɟ ɘ t ɛ m ]_w
[_w b ɘ r ɘ p ɘ ]_w
[_w n ʊ ɟ ʊ k ɪ ]_w
[_w ɛ t ɔː ŋ ]_w
[_w k ʊ ɟ ʊ ɡ ]_w
[_w ɘ r ʊ n k ɛ m ɪ ]_w
[_w ɘ l ɛ b ɔː r ]_w
[_w m ɘ ɟ ɘ k ]_w
[_w k ɘ d ɘ ]_w
[_w w a j e m e ]_w
[_w n ɘ l ɘ k ɔ ɛ ]_w
[_w k u l a m u k ]_w
[_w k ʊ f ɘ n f ɘ ŋ ]_w
[_w c ɪ ɟ ɔ f ɘː ɟ ]_w
[_w k ʊ f ɛ t ʊ m ɪ ]_w
[_w ʊ l ɛː ]_w
[_w k ɘ p ɘ l ɘː t ]_w
[_w f ʊ n k ʊ j ɔ ]_w
[_w b ɘː t ʊ m ɪ ]_w
[_w m ɘ n k ʊ m ɪ ]_w
[_w ɘ ɟ ɘ k ɛ ]_w
[_w ɟ ɪ r ɛ m b ɘ k ]_w
[_w ɘ p ɘː t ]_w
[_w b ɘ n ɘ b ɪ l ɛ ]_w
[_w ɪ p ɪ l ʊ m ɪ ]_w
[_w m ɘ l ɛ ɡ ʊ m ɪ ]_w
[_w k a b o t u l ]_w
[_w ɘ ɟ ɘ m ɛ j ]_w
[_w n ɘ p ɪ l ɛ j ]_w
[_w ɟ ɪ ɟ ɘ m ɔː r ]_w
[_w p ɘ ɟ ɘː r ɘ b ]_w
[_w b ɘ l ɘ ɘ ]_w
[_w t ɛ p ]_w
[_w k ʊ t ɛ ɡ ɪː l ]_w
[_w e s i ɡ i r e j ]_w
[_w k ʊ s ɛ n s ɛ n ]_w
[_w s ɘ ɟ ɘ k ʊ m ]_w
[_w s i ɡ o d aː s ]_w
[_w ɘ ɟ ɔː n ɘ m ]_w
[_w ɟ ɪ ɡ ɘ mː ɔ ]_w
[_w w ɘ b ɘ ɟ ʊ k ]_w
[_w f ɘ n k ɘ f ]_w
[_w u m i k a k ]_w
[_w ɟ ɪ l ɪ p ]_w
[_w s u m b oː m ]_w
[_w c ɪ s ɔ f ʊ m ɪ ]_w
[_w m ɘː t ɛ ]_w
[_w n ɘ ɟ ɘ w ʊ m ɪ ]_w
[_w b ɘ c ɘː ʊ ]_w
[_w k u m i m i k ]_w
[_w a p u r aː k ]_w
[_w m ɘ mː ɪ ]_w
[_w n ɪ ɟ ɘ w ]_w
[_w k ɘ b ɔ n ɡ ɛ t ]_w
[_w f ɘ n s ɘ ɪ ]_w
[_w b ʊ k ɘ mː ɪ ]_w
[_w ʊ w ɔ l ɘː k ]_w
[_w c ɪ f ɘ ŋ ʊ m ɪ ]_w
[_w l ɘ ɔ d ɪ k ]_w
[_w k ɘ r ɪ ɘ ]_w
[_w ʊ c ɛː n ɘ k ]_w
[_w t ɪ l ʊ l ɔ m ɪ ]_w
[_w n ɘ ɟ ɘ mː ɪ ]_w
[_w j ɔː l ɪ p ɔ ]_w
[_w n ʊ m ɘ ŋ ɘː m ]_w
[_w ɟ i r iː ŋ e ]_w
[_w b ɔ n d ɪ ʊ s ]_w
[_w k ɔː l ɪ f ɔ ]_w
[_w s ɘ m b ʊ l ɛ ]_w
[_w n ʊ l ɘ w ʊ m ɪ ]_w
[_w ɲ ɘ ɟ ʊː p ɔ ɛ ]_w
[_w k ɘ ɟ ɔː n ɛ ]_w
[_w ɟ ɪ l ɘ ɡ ɔ ]_w
[_w k ʊ ɟ ɘ m ]_w
[_w k ɘ n ɔː l ]_w
[_w a j i a c ]_w
[_w ɛ n ɪː l ɔ m ]_w
[_w j ɛ m ]_w
[_w ʊ ŋ ɘ r ɘ b ]_w
[_w a t aː ɲ i e ]_w
[_w f ɘ b ɘ ɟ ʊ l ɔ ]_w
[_w k ʊ j ɛ t ʊ t ]_w
[_w n ɘː n ɪ ŋ ]_w
[_w ɟ ɪ s ɘ h ɘː c ]_w
[_w ɟ i l i ŋ ]_w
[_w k u l u oː r ]_w
[_w n a j i n e n ]_w
[_w b ɘ l ɛ k ɛ n ]_w
[_w ɘ p ʊ n t ɘː ʊ ]_w
[_w ɟ ɪ ɟ ɘ ɘː l ]_w
[_w ɛ t ɔː k ɔː l ]_w
[_w n ɘ k ɔ r ɔː m ɪ ]_w
[_w d ɛ m ɘ ɟ ]_w
[_w s i l u t ]_w
[_w ɘ m ɘ t ]_w
[_w ɘ s ɘ n k ]_w
[_w e b u k ]_w
[_w k u r o k o l i ]_w
[_w k u t i j aː r ]_w
[_w f ʊ t ɪː k ]_w
[_w n ɘ n ɘ n ɪ ɘ s ]_w
[_w ɘ ɟ ɪ k ]_w
[_w ɟ i c i l ]_w
[_w b ɘ ɟ ɔː l ]_w
[_w ɟ ɪ ɟ ɔ ɟ ɛ n ]_w
[_w c ɛː ŋ ʊ t ]_w
[_w k ʊ t ɘː k ɛ n ɛ ]_w
[_w ɟ ɪ l ɛː ]_w
[_w ɪ r ɘː n ]_w
[_w f ʊ k ɪ l ɘ ʊ t ]_w
[_w f u k o u k o ]_w
[_w e b u r e j ]_w
[_w s ɪ r ɪ k ]_w
[_w ɟ ɪ s ɘ l ɔː l ]_w
[_w m ɘ l ɪ ɛ l ]_w
[_w b ʊ l ɛ ]_w
[_w b ʊ ɟ ɘː b ]_w
[_w ɘ b ɪ l ]_w
[_w k ɘ f ɪ r ɪ k ]_w
[_w ɘ j ɘ b ɛ j ]_w
[_w m ʊ f ɛ l ʊ m ɪ ]_w
[_w k a n k u m i ]_w
[_w e s i ɡ i r i k ]_w
[_w ɟ ɪ f ɘ ŋ ]_w
[_w n ɘ ŋ ɔː l ɛ n ]_w
[_w k ʊ c ɘː m ɪ ]_w
[_w ɘ m b ɘ c ]_w
[_w m ʊ ɡ ɘː n ɛ ]_w
[_w ɲ ɪ w ʊ ɟ ]_w
[_w f ɔ n ɛ k ɪ ɘ ]_w
[_w k a f i r e n ]_w
[_w ʊ s ɪː n ]_w
[_w l ɪ b ɔː r ]_w
[_w m ʊ k ɘː n ɪ ]_w
[_w k ʊ t ɪ ɪː l ]_w
[_w ʊ s ɔː r ]_w
[_w d oː r o ]_w
[_w k a m oː r i e ]_w
[_w ɘ j ɪ t ɔ ]_w
[_w k u p aː r ]_w
[_w p ɘ n ɛ l ɘ k ]_w
[_w k ʊ k ɔ b ɘ k ]_w
[_w ɘ p ɘ ɟ ɔ m ɪ ]_w
[_w ɛ p ɘ k ɛ n ]_w
[_w ɘ r ɛ m p ]_w
[_w ɘ ɡ ɘː n ʊ t ]_w
[_w p ɘ n k ɔː t ɛ ]_w
[_w m ʊ n ɡ ʊ l ɘ f ]_w
[_w r iː ŋ u d ]_w
[_w k ʊ b ɘ ɟ ɔ ]_w
[_w ɘ r ʊ t ɛ m ɪ ]_w
[_w ɛ t ʊː k ɪ m ɪ ]_w
[_w ʊ f ɛ ]_w
[_w b ɘ b ɪ l ʊ m ɪ ]_w
[_w b ɘ p ɘ ɟ ]_w
[_w ɟ ɪ s ɘ h ɘ ]_w
[_w m ɘ k ɘ mː ɪ ]_w
[_w ɛ s ɛ n ɛ m ɪ ]_w
[_w ɛ c ɘː m ]_w
[_w f ʊ r ɘ ]_w
[_w w a n ɡ u m ]_w
[_w t ʊ l ]_w
[_w d ɘ t ɪ ]_w
[_w k ɘ t ɘ f ɘ k ]_w
[_w k ɘ k ɘ m ɔː r ]_w
[_w p u n iː w a p ]_w
[_w k ɘ b ɛ n ɘ ]_w
[_w ɟ i r iː ŋ ]_w
[_w n ɪ c ɛ ɛ ]_w
[_w p ʊ l ɔ ]_w
[_w n ʊ s ɔ f ]_w
[_w k o t i ]_w
[_w ɟ ɘ ɟ ɘ k ɛ ]_w
[_w b ɘː p ʊ ]_w
[_w f u ɡ o u p o ]_w
[_w ɛ k ɔ r ɔː l ]_w
[_w c ɪ k ɘː n ɔ ]_w
[_w f ɪ l ɪ p ɔ ]_w
[_w b ʊ l ɔ n ]_w
[_w n ɪ l ɔ l ɔ ]_w
[_w ɘ b ɘː l ]_w
[_w s ɘ d ɪ s ]_w
[_w f aː m a k ]_w
[_w p ʊ k ɘ n k ɘː n ]_w
[_w ʊ l ɘː k ɘ w ]_w
[_w k ʊ w ɘ ɲ ɘ ]_w
[_w ʊ r ɪ ɘː j ]_w
[_w s ʊː t ɘ s ]_w
[_w ɟ ɪ ɟ ɪ c ɪː k ]_w
[_w k ʊ m ɘ n c ɛ n ]_w
[_w f a ɟ u l ]_w
[_w ɘ r ɛ ɡ ɛ ]_w
[_w k oː l o l i ]_w
[_w k u s i m e n ]_w
[_w ɟ ɔː t ʊ t ɘː l ]_w
[_w b ɘ ŋ ɘː n ]_w
[_w d ɔ r ʊ k ɘ ]_w
[_w ɪ ɟ ɪː k ʊ m ɪ ]_w
[_w ɘ b ɪ l ɛ j ]_w
[_w m a k o n a u ]_w
[_w ɟ ɛ b ɔː l ɛ j ]_w
[_w k i r i ɡ ]_w
[_w ɘ b ʊ ɟ ʊ m ɪ ]_w
[_w ɘ m ɘ n ɟ ɛ ]_w
[_w f u m b uː r ]_w
[_w k u ɟ i l oː l ]_w
[_w ɘ m b ɘ ɪː l ]_w
[_w b ʊ c ɘː b ]_w
[_w b ɘ n c ɘː t ]_w
[_w ɘ m ɘ t ɪ ]_w
[_w ɟ ɪ b ɛ t ɛ n ]_w
[_w p ɘ n ɡ ʊ ɟ ʊ k ]_w
[_w b ɔː k ɪ ]_w
[_w m aː m a k a p ]_w
[_w s a l o iː m i ]_w
[_w s i k i l o ]_w
[_w ɪ m ɘ ŋ ɛ ]_w
[_w p u l a b u d o ]_w
[_w ʊ c ɘ m ɘ f ]_w
[_w f ʊ f ɔ k ɘ f ]_w
[_w k o m i t e ]_w
[_w ɡ a n t o m i ]_w
[_w ɛ c ɛː ŋ ʊ m ɪ ]_w
[_w ʊ k ɘ ɟ ɛ n ɪ ]_w
[_w ʊ ŋ ɘ r ]_w
[_w s ɪ l ɛː k ɘ ]_w
[_w k ɘ ɲ ɛ n ]_w
[_w ɟ ɪ ɡ ɘː n ]_w
[_w ɡ u n iː n e ]_w
[_w l i r oː r e ]_w
[_w k u m a k ]_w
[_w k ʊ r ʊ n k ɘ ]_w
[_w ɪ j ɘ b ʊ m ɪ ]_w
[_w ʊ m ɘ n ɟ ]_w
[_w ɟ i ɟ i l ]_w
[_w k u l o u mː i ]_w
[_w ɘ k ɪː j ɘː ʊ ]_w
[_w ʊ k ɘ n ɔː l ]_w
[_w k ɘ ɡ ʊ f ɘ k ɛ ]_w
[_w ɪ l ɘ w ]_w
[_w b ɪ b ɪ ]_w
[_w k ʊ r ɔ k ɔː l ]_w
[_w m ɘ n d ɪ ɔ k ]_w
[_w ɛ w ɘ w ɘ r ]_w
[_w k ɘ j ɘ b ʊ t ]_w
[_w ɛ s ɔ f ɔː l ]_w
[_w c i l i ]_w
[_w m ɘ s ɛ n ʊː l ]_w
[_w e r iː ŋ ]_w
[_w w ɘ ɟ ɔː n ɘː ʊ ]_w
[_w k u m i ]_w
[_w d ʊ t ʊ r ɘ ]_w
[_w k ɔ r ɪ n ɔ m ɪ ]_w
[_w n ɪ n s ɪ ]_w
[_w p ɘ m b ɘ f ]_w
[_w ɘ m ɘ ŋ ʊ t ]_w
[_w k ɘ s ɔ f ɛ ]_w
[_w t o r o ]_w
[_w f ʊ ɟ ɘ m ]_w
[_w b ɘ n k ʊ j ɘ p ]_w
[_w ʊ b ɘ ɟ ɔ m ɪ ]_w
[_w w ɘ b ɘ ɟ ɔ ]_w
[_w b ɛ t ]_w
[_w s ɪ m ɔ ]_w
[_w k u c i m aː ɡ ]_w
[_w f ɘː n ɔ m ɪ ]_w
[_w k aː n i n k ]_w
[_w ɟ ɪ t ɪ l ʊ l ɔ ]_w
[_w n a ɟ u p o m i ]_w
[_w k ʊ ɟ ɔ ɟ ]_w
[_w ɘ t ɪ ɟ ɘ m ]_w
[_w m ʊ f ɘ ŋ ɛ ]_w
[_w ɛ r ɘ s ɛ n ɔː m ]_w
[_w ɘ m ɘ t ɘ t ]_w
[_w ɘ t ɛː b ]_w
[_w ɘ ɟ ɔː n ɛ n ɛ ]_w
[_w k u c i l uː l ]_w
[_w k ɘ c ɪ n l ɛ n ]_w
[_w e s u k oː l ]_w
[_w k ɘ s ɘː f ɘ k ]_w
[_w f ʊ n k ʊ l ]_w
[_w a f a ɟ u l a f ]_w
[_w k a n k u m a ]_w
[_w ɘ m b ɘː ʊ ]_w
[_w n ɘ ɡ ɘ f ]_w
[_w k ʊ ɟ ʊː m ɛ ]_w
[_w b ʊ p ɘ n ]_w
[_w k ɘ p ɪ ɲ ɔː ]_w
[_w b ɘ p ɘ ɟ ɔ ]_w
[_w k a p uː m e ]_w
[_w ʊ j ɛ ]_w
[_w k ɘ j ɘ b ʊ m ]_w
[_w ɪ m ɘ n ɟ ʊ d ]_w
[_w j ɔː l ʊː l ]_w
[_w ʊ ɟ ɘ m ɘ b ]_w
[_w b ɘ n ɘ w ʊː ɟ ɛ ]_w
[_w b ɘ m b ɘ ɪː l ]_w
[_w f ʊ b ɘ n d ɔː k ]_w
[_w d ɘ n ]_w
[_w f ʊ b ɘ ɟ ɘː w ]_w
[_w p ɘ s ɘː f ]_w
[_w m a t i e n e ]_w
[_w b ɘ n ɟ ɪ s ɔ f ]_w
[_w ɘ ɟ ɪ n ʊ m ɪ ]_w
[_w ɘ s ɛː k ɘ ɡ ]_w
[_w n ɪ ɟ ɪ c ɪː k ]_w
[_w b a l u t a p ]_w
[_w m u b u t o e ]_w
[_w k a k o l u m ]_w
[_w k ɘ l ɪ m b ɪ s ]_w
[_w k ʊ r ɔ k ʊ m ɪ ]_w
[_w ʊ r ɘ m p ɛ j ]_w
[_w k ʊ p ɪ n ɘː j ]_w
[_w s ɪ w ɔ l ɘ ]_w
[_w ɘ l ɪː n ɘ ]_w
[_w k ʊ l ɘ w ɔː m ɪ ]_w
[_w f ʊ t ɪ ŋ ɘ f ]_w
[_w m ɘ s ɛ n ɪː m ɪ ]_w
[_w k ɘ k ɘː n ɔ ]_w
[_w k ɘ t ɛ b ɔ ]_w
[_w k ɘ l ɘ b ]_w
[_w f ɘ s ɔ f ɔː r ɔ ]_w
[_w ʊ ɟ ɘ mː ɪ ]_w
[_w a l a u l a ɡ ]_w
[_w b ɔ n k ɛ t ]_w
[_w k ʊ ɡ ɘː n ɪ ]_w
[_w k ɘ n ɔ m ]_w
[_w w ɘ k ɪ l ɛ ]_w
[_w w aː m a k a f ]_w
[_w ʊ r ɛː s ɪː l ]_w
[_w ɛ b ɪ n ɘː j ]_w
[_w p ɘ ɟ ʊ k ʊ m ɪ ]_w
[_w p u r o m iː l ]_w
[_w a p uː m e ]_w
[_w w ɘ ɲ ɘ w ]_w
[_w k ʊ r ɪ n ɛ n ]_w
[_w c i j iː s uː l ]_w
[_w s ɪ m ɪ n ɘː s ]_w
[_w ɟ ɪ p ʊ l ɔ ]_w
[_w s i b aː s ]_w
[_w f u b u t o ]_w
[_w c ɛ p ɪ ]_w
[_w b ɘ n k ʊ s ɛ n ]_w
[_w k a k o n a b ]_w
[_w ɘ ɟ ɘ w ʊ m ɪ ]_w
[_w ɘ l ɘ ɡ ɔ ]_w
[_w w oː l o l i ]_w
[_w k ɘ f ɪ ʊ m ɘː j ]_w
[_w k ɘ s ɔ n t ɛ n ]_w
[_w k ɘ p ɘː s ]_w
[_w t ɘ ɡ ʊ m p ɘː k ]_w
[_w d ʊ t ɔː r ]_w
[_w l ɔ n k ɔ s ɛ j ]_w
[_w k ʊ f ɪ n t ɘ b ]_w
[_w n a t i p aː ɡ ]_w
[_w f ɛ l ʊ m ɘ ]_w
[_w b ɘ n ɘ b ʊ ɟ ɘ ]_w
[_w ɘ m ɪ n k ɛ j ]_w
[_w f ʊ ɟ ɛ ɛ m ɪ ]_w
[_w ɟ ɪ l ɪː k ɛ n ]_w
[_w ɘ s ʊ w ɛ n ɛ ]_w
[_w b ɪ j ɔ ɛ ]_w
[_w f ɘ l ɘ k ɘː m ]_w
[_w a p u r ]_w
[_w k ɘ l ɔ ɘː k ]_w
[_w k ʊ r ʊ n ɡ ]_w
[_w n ɘ ɟ ʊː m ɛ n ]_w
[_w b ɘ n d ɔː k ]_w
[_w k u l a w a k ]_w
[_w t ɘ ʊ d ɘ ]_w
[_w s a n aː j ]_w
[_w d aː ɲ i e ]_w
[_w k ʊ r ʊ n k ɛ n ]_w
[_w b ɘ n ɘ f ɘ ]_w
[_w n ɘ ɲ ɘ k ]_w
[_w m ɘ nː ɘ ]_w
[_w l ɛ t ʊ ɟ ɘː m ɪ ]_w
