[_w h e tʃ ]_w
[_w ɡ e r æ k k æ ]_w
[_w ɑ t æ m ]_w
[_w k æ l t y r y ʃ ]_w
[_w m u h i t ]_w
[_w q ɑ j t i ŋ ]_w
[_w t o j ]_w
[_w x æ t æ r ]_w
[_w q i l i ʃ i ]_w
[_w ø m i k i ]_w
[_w b i r æ r ]_w
[_w ɑ b i t i ]_w
[_w d æ r j ɑ n i ]_w
[_w q o j ɣ ɑ n ]_w
[_w b e r i m i ]_w
[_w m i ŋ l i ɣ ɑ n ]_w
[_w u j ɣ u n ]_w
[_w d y r ɡ ]_w
[_w i n s ɑ n ]_w
[_w j i l m u ]_w
[_w y tʃ æ j ]_w
[_w b i z n i ŋ ]_w
[_w tʃ e q i l i m ]_w
[_w i ʃ i k n i ]_w
[_w k y tʃ æ j d d æ ]_w
[_w ɑ l l ɑ r d ɑ ]_w
[_w x ɑ j æ ]_w
[_w q i s q ɑ ]_w
[_w e l i ]_w
[_w ɑ dʒ r i d i ʃ ]_w
[_w o q u ʃ q ɑ ]_w
[_w w æ q æ s i ɡ æ ]_w
[_w i m p o r d ]_w
[_w x ɑ m ]_w
[_w l i ɡ ]_w
[_w dʒ ɑ j ]_w
[_w s i s ]_w
[_w u z u l l i r i ]_w
[_w dʒ æ l b ]_w
[_w s ɑ q l ɑ ʃ ]_w
[_w k e z i d i ]_w
[_w r o h ]_w
[_w ɣ i t ɑ j d ɑ ]_w
[_w tʃ i q ɑ r ɣ ɑ n ]_w
[_w d ø l æ t n i ŋ ]_w
[_w q i l m ɑ j t u ]_w
[_w m u z ɑ ]_w
[_w q i l d u r ]_w
[_w ɑ t ɑ ]_w
[_w x ɑ j i p ]_w
[_w q e t i m ]_w
[_w ɑ j l ɑ r ]_w
[_w ɑ l ɑ h i z æ ]_w
[_w t ɑ ɣ ]_w
[_w i ʃ i k æ ]_w
[_w p i l ɑ n ]_w
[_w j i ɣ i n d ɑ ]_w
[_w n ɑ m ɑ j i l ]_w
[_w s o r l u q ]_w
[_w k ø r y p ]_w
[_w p i r i ]_w
[_w k u r u h i ]_w
[_w ɑ d ɑ b ]_w
[_w k i m n i ŋ ]_w
[_w j i ɣ i p ]_w
[_w h ɑ j w ɑ n ɑ t ]_w
[_w j i d æ ]_w
[_w s u n ɣ ɑ n ]_w
[_w d i l ʃ ɑ t ]_w
[_w u dʒ u n ]_w
[_w s æ h æ r d æ ]_w
[_w t o r ]_w
[_w x e l i l ]_w
[_w q ɑ n d ɑ ]_w
[_w q ɑ t ɑ r i ɣ i ]_w
[_w e tʃ i l i ʃ ]_w
[_w j o r u q ]_w
[_w m e n i ŋ ]_w
[_w ø r l æ ʃ m æ ]_w
[_w ɑ i l æ ]_w
[_w ɑ l t i ]_w
[_w j e q i n t ɑ ]_w
[_w p e t i d u ]_w
[_w s o r ɑ ʃ ]_w
[_w t æ r ɣ i b ]_w
[_w h ɑ l ɑ ʃ ]_w
[_w t u r ɑ ]_w
[_w n e m æ ]_w
[_w b ɑ z ɑ r ]_w
[_w k e j i n l ɑ ]_w
[_w q i l s u n ]_w
[_w u s s u l ]_w
[_w s e m i n ]_w
[_w b æ x t ]_w
[_w o j n i d i n ]_w
[_w t æ r ɡ i n ]_w
[_w q o l t i ]_w
[_w k i r i ]_w
[_w d ɑ l l ɑ ]_w
[_w b o l s i ŋ i p ]_w
[_w b æ q æ t æ ]_w
[_w j o l i d i n ]_w
[_w p æ l ɡ i l i q ]_w
[_w k y tʃ ]_w
[_w t o ɣ d i ]_w
[_w s ɑ d l ɑ r ]_w
[_w b ɑ h ɑ r ]_w
[_w b ɑ x ]_w
[_w b æ r q l i q ]_w
[_w j æ ʃ m i s i ]_w
[_w t u j u q s i s ]_w
[_w s ø z i t i ʃ ]_w
[_w b ɑ ʃ ]_w
[_w h o q u q q ɑ ]_w
[_w k u n ɑ h s i s ]_w
[_w b u n i ŋ d i n ]_w
[_w m ɑ r ɡ i l i ɡ ]_w
[_w m æ p l æ r ]_w
[_w s y r i t i p ]_w
[_w t u r b ɑ n ]_w
[_w æ k æ r ]_w
[_w ɣ ɑ n i m ɣ ɑ ]_w
[_w b ɑ r dʒ æ ]_w
[_w i dʒ i k æ ]_w
[_w q ɑ s ɑ q ]_w
[_w i ʃ q ɑ ]_w
[_w t ɑ i m ]_w
[_w q i z m i ɣ ɑ n ]_w
[_w t i n i ]_w
[_w t ɑ r d d i ]_w
[_w m i l j o n ]_w
[_w ɑ l t i n ]_w
[_w j ɑ ʃ ]_w
[_w b o tʃ t i s i ]_w
[_w r æ h m æ t ]_w
[_w j ɑ w ɑ j i ]_w
[_w k æ r tʃ æ ]_w
[_w q i m m æ t ]_w
[_w d ɑ r i x i n ]_w
[_w j æ n æ ]_w
[_w ɑ j æ d ]_w
[_w m æ x s u s ]_w
[_w s i m w o l i ]_w
[_w h e s ]_w
[_w q ɑ r i x t ɑ ]_w
[_w m æ r ɡ i b i j ]_w
[_w n o b e l ]_w
[_w t æ r h ɑ l ]_w
[_w t æ j w æ n ]_w
[_w tʃ i q i ʃ ]_w
[_w m æ z m u n ]_w
[_w dʒ y ʃ y r ɡ æ n ]_w
[_w s ɑ æ d ]_w
[_w s y n i j ]_w
[_w t æ s i r n i ]_w
[_w t i l l ɑ r ]_w
[_w h ɑ l q i m i s ]_w
[_w m u s ɑ p i r ]_w
[_w ɣ æ w æ r ]_w
[_w b æ s i t æ ]_w
[_w k i m l i k ]_w
[_w x æ w b ]_w
[_w k ø r t y m ]_w
[_w m æ n b æ ]_w
[_w i s s i q ]_w
[_w s y t ]_w
[_w t o b b ɑ ]_w
[_w q i l ɣ i l i ]_w
[_w i m i n ]_w
[_w j ɑ s x u dʒ i ]_w
[_w i t i ]_w
[_w ø z i n i ŋ ]_w
[_w b ɑ l i s ]_w
[_w ɑ ŋ l ɑ ʃ ]_w
[_w e t i b ɑ r æ t ]_w
[_w i z i m l i r i ]_w
[_w u s u l l ɑ ]_w
[_w j ɑ x ʃ i ]_w
[_w m æ w dʒ u d ]_w
[_w r ɑ h æ t ]_w
[_w ɑ z i j ]_w
[_w d y r k æ n d i ]_w
[_w z i m w o l i ]_w
[_w m u æ j j æ n ]_w
[_w d y s y m ]_w
[_w ɑ d æ m ]_w
[_w b i tʃ ɑ q ]_w
[_w dʒ æ t æ l k æ n ]_w
[_w dʒ y n k i ]_w
[_w ɑ r i s i d i ]_w
[_w d o l u q l ɑ p ]_w
[_w m æ n i ]_w
[_w j i l i ɣ i ]_w
[_w d ɑ r t i m i ]_w
[_w n ɑ s u k ]_w
[_w e tʃ i p ]_w
[_w j ɑ x ʃ i l ɑ ʃ ]_w
[_w t æ ŋ ]_w
[_w n ɑ m r ɑ t ]_w
[_w p e r i ʃ n i ]_w
[_w w æ d æ ]_w
[_w k ø tʃ y ʃ ]_w
[_w s ɑ t l ɑ r ]_w
[_w i r ɑ t i z i ]_w
[_w f ɑ m i l æ ]_w
[_w k ø r y n y ʃ i ]_w
[_w t æ n q i d ]_w
[_w ʃ æ x s ]_w
[_w s ɑ n d i n ]_w
[_w s ɑ j l i m i ]_w
[_w m æ j d u ]_w
[_w p ɑ l i d æ ]_w
[_w s i l æ r ]_w
[_w t u r m u ʃ i ]_w
[_w q ɑ r ]_w
[_w q u r u l u ʃ ]_w
[_w n æ b æ r ]_w
[_w ɣ i t ɑ j t ɑ ]_w
[_w b ɑ j l i q ]_w
[_w u s t ɑ s i ]_w
[_w t y p ]_w
[_w t ø l æ t t æ s ]_w
[_w j ɑ q ɑ ]_w
[_w j ɑ r ɑ t ]_w
[_w t i r i ]_w
[_w o j n i ɣ ɑ ]_w
[_w x i d ɑ p q ɑ n ]_w
[_w j e n i d ɑ ]_w
[_w e h t i r ɑ k ]_w
[_w d ɑ m o l l ɑ b ]_w
[_w e j d i l ɣ ɑ r ]_w
[_w j e q i n d i n ]_w
[_w t i n ]_w
[_w j i l i ]_w
[_w h ɑ j ɑ d i j ]_w
[_w y r y m tʃ i k æ ]_w
[_w ɑ i l i d ɑ ]_w
[_w l i n i ]_w
[_w k ɑ l t s i j ]_w
[_w æ l w æ d d æ ]_w
[_w dʒ ɑ x t ɑ ]_w
[_w s æ w æ b i ]_w
[_w h ɑ s i r ɣ ɑ ]_w
[_w ɑ w ɑ z i d æ ]_w
[_w ø z l i ɡ æ ]_w
[_w m ɑ h i r ]_w
[_w k ø z d æ ]_w
[_w j ɑ s x ɑ ]_w
[_w l e ɡ i n ]_w
[_w p y t y n ]_w
[_w s u n ɑ j ]_w
[_w d i l ɣ ɑ ]_w
[_w æ s ɑ s i d i ]_w
[_w s i j ɑ ]_w
[_w i d ɑ r i t i ]_w
[_w ɡ y t i t u ]_w
[_w j i l n i ŋ ]_w
[_w æ k s i dʒ æ ]_w
[_w d i n l ɑ r ]_w
[_w æ b z u n ]_w
[_w s y r m æ k t æ ]_w
[_w r ɑ j o n d ɑ ]_w
[_w z i j ɑ ]_w
[_w k i d ɑ p ]_w
[_w m æ s i l i ]_w
[_w q o j u l ɣ ɑ n ]_w
[_w i n d i l i ʃ i ]_w
[_w q o l l ɑ r ]_w
[_w q e l i ʃ i ]_w
[_w b ɑ j d i ŋ ]_w
[_w b i ɣ æ t æ r ]_w
[_w ɑ j r i l i b ]_w
[_w ɑ l t æ ]_w
[_w d o b l i n i ŋ ]_w
[_w ʃ æ h r i r ]_w
[_w i l h ɑ m ]_w
[_w x o tʃ ɑ ]_w
[_w s ɑ m ɑ n l i q ]_w
[_w q ɑ t n i ʃ i ]_w
[_w t o n u p ]_w
[_w s æ w æ p i ]_w
[_w b e r i ʃ n i ŋ ]_w
[_w r i q ɑ p æ t ]_w
[_w r ɑ t i o m i s ]_w
[_w j ɑ w r o b ɑ ]_w
[_w j æ t k y z d i ]_w
[_w n æ t æ ]_w
[_w q i m m i d i n ]_w
[_w q i l i ʃ n i ŋ ]_w
[_w ø r l æ p ]_w
[_w b ø l ɡ y n dʒ i ]_w
[_w t æ w æ k k u l ]_w
[_w s ɑ h i p i z i ]_w
[_w ø l d i ]_w
[_w æ k s i tʃ æ ]_w
[_w ø z i ]_w
[_w k æ w d æ ]_w
[_w o x r i ]_w
[_w i n i ]_w
[_w p ɑ r tʃ i l ɑ r ]_w
[_w d y r k æ n ]_w
[_w m u s ɑ p i q ]_w
[_w j ɑ x ʃ i l ɑ b ]_w
[_w n ɑ z ɑ r ]_w
[_w ɑ l ɣ ɑ n ]_w
[_w ʒ u n i ]_w
[_w l j u ]_w
[_w y tʃ y n ]_w
[_w k ø l æ m d i ]_w
[_w y tʃ i n i ]_w
[_w x i s m i n i ]_w
[_w ɑ p r e l ]_w
[_w e n i q k i ]_w
[_w k æ r i m d æ ]_w
[_w d o n u m ]_w
[_w s i j ɑ z æ t ]_w
[_w n o b i l ]_w
[_w x u d ɑ ɣ ɑ ]_w
[_w dʒ y m æ ]_w
[_w t u ɣ q ɑ n ]_w
[_w h æ m d æ ]_w
[_w b i r ɑ q ]_w
[_w æ r s ɑ n ]_w
[_w s æ r b ]_w
[_w t u n j ɑ n i ŋ ]_w
[_w t ø l i t i b ]_w
[_w q o ʃ u l ɣ ɑ n ]_w
[_w æ n æ n æ ]_w
[_w m o l ]_w
[_w ʃ u n d ɑ q ]_w
[_w q ɑ n u n ]_w
[_w æ l i ]_w
[_w t u j u q s i z ]_w
[_w s ɑ l d i ]_w
[_w k ø w r y k ]_w
[_w x i s m æ t tʃ i ]_w
[_w n u r ]_w
[_w z i d i ʃ ]_w
[_w m æ n s i r æ ]_w
[_w ɑ j l ɑ n d i n ]_w
[_w dʒ e k r ɑ ]_w
[_w u r u n ]_w
[_w t æ r i dʒ i s i ]_w
[_w j i l i t i ɡ i ]_w
[_w j ɑ s i t u ]_w
[_w s ø z l æ r ]_w
[_w k e l i p ]_w
[_w h æ t t i t i ʃ ]_w
[_w ɑ r q i t i n ]_w
[_w s ɑ n tʃ i l i ʃ ]_w
[_w o q u ŋ ]_w
[_w tʃ e k r ɑ ]_w
[_w r u s ]_w
[_w p e j dʒ i ŋ ]_w
[_w e l ɑ n ]_w
[_w b i r i k æ ]_w
[_w b ɑ r t u q ]_w
[_w ɑ ʃ k ɑ r ɑ ]_w
[_w j ɑ r ɑ d ]_w
[_w t i l i n i p ]_w
[_w k y l ]_w
[_w d u r ɑ d d i q ]_w
[_w i s t i p ɑ q i ]_w
[_w j ɑ z ɣ u tʃ i ]_w
[_w r e ɑ l ]_w
[_w k e j i m ]_w
[_w æ h w ɑ ]_w
[_w b u l ɣ ɑ n ]_w
[_w ɡ ø p i ]_w
[_w s i r ]_w
[_w u n i ]_w
[_w h æ r q ɑ j s i ]_w
[_w q ɑ l ɣ ɑ n ]_w
[_w ɑ ʃ l i n i ]_w
[_w q i l i ʃ q ɑ ]_w
[_w b æ s i ]_w
[_w t e h q ɑ n ]_w
[_w t i n i ɡ æ ]_w
[_w q ɑ r ɑ r i ]_w
[_w h u tʃ u m i ɣ ɑ ]_w
[_w o r n i ɣ ɑ ]_w
[_w ɑ t æ m l æ r ]_w
[_w q ɑ n tʃ æ ]_w
[_w z ø h b æ d ]_w
[_w ɣ i d ɑ j n i ŋ ]_w
[_w æ s l i ]_w
[_w ɡ e j i n ]_w
[_w æ r æ p ]_w
[_w æ z i r ]_w
[_w d ɑ n æ ]_w
[_w b e r i ʃ k æ ]_w
[_w ʃ æ j d ɑ n ɣ ɑ ]_w
[_w j i l l i r i ]_w
[_w p ɑ j t i ʃ ]_w
[_w b u j r u q ]_w
[_w s e t i ʃ l i k ]_w
[_w w ɑ q d i ]_w
[_w ɑ i l i z i d i ]_w
[_w x i t ɑ j ]_w
[_w b ɑ l i l ɑ r ]_w
[_w b u l ɑ r ɣ ɑ ]_w
[_w s ɑ w u t ]_w
[_w i n d e r n e t ]_w
[_w t e ɡ ɑ p i r ]_w
[_w b e s i m i ]_w
[_w j æ t k y s y ʃ ]_w
[_w ø m æ r ]_w
[_w r o h i ɣ ɑ ]_w
[_w n u r u n u ʃ ]_w
[_w n i ʃ ɑ n i ]_w
[_w ɑ m m ɑ ]_w
[_w e x i r ]_w
[_w m ɑ q ɑ l i t æ ]_w
[_w h æ q t i m ]_w
[_w k ø r y l y p ]_w
[_w j æ n i l ɑ r ]_w
[_w n æ t i tʃ i ]_w
[_w æ n d i ]_w
[_w æ n q æ r æ t æ ]_w
[_w s ɑ n i j ]_w
[_w u l ɑ r ]_w
[_w b u s u b ]_w
[_w t y z y m i ]_w
[_w q o ʃ u m tʃ æ ]_w
[_w t æ r i b ]_w
[_w æ s k æ r t i ʃ ]_w
[_w b e j dʒ i ŋ d ɑ ]_w
[_w o r n i n i ŋ ]_w
[_w æ r l æ r n i ŋ ]_w
[_w ø j i t æ ]_w
[_w ɑ m e r i ɡ ɑ ]_w
[_w s ɑ n d ɑ ]_w
[_w ɑ ŋ l i d i ʃ ]_w
[_w m u ɑ m i l æ ]_w
[_w t æ q t i r i ʃ ]_w
[_w i p r ɑ h i m ]_w
[_w n æ p æ s ]_w
[_w tʃ e tʃ i n i ]_w
[_w t æ h r i m ɑ j ]_w
[_w h ɑ w ɑ j i ]_w
[_w m i l l i q ]_w
[_w n u q t ɑ ]_w
[_w o q u t u l u ʃ ]_w
[_w s æ p ]_w
[_w x ɑ d ɑ j ]_w
[_w i s s æ t ]_w
[_w m u q ɑ m n i ŋ ]_w
[_w dʒ æ t æ l l i ɡ ]_w
[_w t ɑ ʃ l i q ]_w
[_w dʒ y ʃ æ n p æ ]_w
[_w ɑ d i z i ]_w
[_w d i ɡ i ]_w
[_w i tʃ i d i k i ]_w
[_w o q u ʃ ]_w
[_w s ɑ m ɑ n i ]_w
[_w m u s u l i ]_w
[_w m u r ɑ z i n ]_w
[_w h æ dʒ ]_w
[_w u n i ŋ ]_w
[_w n e m i n ]_w
[_w i tʃ m æ k ]_w
[_w t o ŋ b i ŋ ]_w
[_w p u j r i ɣ ɑ ]_w
[_w n o r m ɑ n ]_w
[_w q ɑ r ɑ ʃ q ɑ ]_w
[_w æ w l ɑ d ]_w
[_w i ʃ l æ b ]_w
[_w i tʃ k i ]_w
[_w q u r u l ɣ ɑ n ]_w
[_w k y n l y k ]_w
[_w t i tʃ ɑ r æ ]_w
[_w k ø ŋ y l ]_w
[_w ø t k y z y ʃ ]_w
[_w ʃ æ k i l l i j ]_w
[_w b y t y n l æ j ]_w
[_w j ɑ n w ɑ r ]_w
[_w ø s i t i ʃ ]_w
[_w t u r t i ]_w
[_w ʃ æ r q ]_w
[_w b o l t u r ]_w
[_w q i l s i m u ]_w
[_w i s ɑ h ɑ t ]_w
[_w x æ l q ]_w
[_w x æ l q n i ŋ ]_w
[_w m u r ɑ dʒ i æ t ]_w
[_w i l ɣ ɑ n ]_w
[_w n ø w æ t ]_w
[_w ø l k æ n ]_w
[_w k ø t y r y p ]_w
[_w j ɑ ʃ l i q ]_w
[_w s æ h i p i ]_w
[_w k i r i m ]_w
[_w e n i q l ɑ p ]_w
[_w b e tʃ i ]_w
[_w j æ k ʃ æ n p æ ]_w
[_w q ɑ j d u ]_w
[_w e l i t u ]_w
[_w m æ x b i j ]_w
[_w q ɑ j t q ɑ n ]_w
[_w ø l tʃ æ m ]_w
[_w i ʃ s i s l i q ]_w
[_w k y n i k i dʒ æ ]_w
[_w d u r ɑ l ɣ u ]_w
[_w q o l i ɣ ɑ ]_w
[_w t æ w r æ ʃ ]_w
[_w t æ ʃ k i l ɑ d ]_w
[_w t æ k ʃ y r y p ]_w
[_w u s u l ]_w
[_w o r u n ]_w
[_w i l i t u ]_w
[_w k o n d r o l ]_w
[_w ɑ ɣ i r q i ]_w
[_w k o n t r o l ]_w
[_w s ɑ h æ s i k æ ]_w
[_w æ t r ɑ p i j æ ]_w
[_w m æ ʃ h u r ]_w
[_w dʒ i n z i ]_w
[_w h ɑ dʒ æ t ]_w
[_w ʃ u n t ɑ q ]_w
[_w b e s i ʃ ]_w
[_w ø l ɡ i z i ]_w
[_w b e l i t i n ]_w
[_w i p n ]_w
[_w j y æ n l i r i ]_w
[_w b o l s ɑ q ]_w
[_w j e n i ɣ ɑ n ]_w
[_w m æ m l i k ]_w
[_w q æ t i m i ]_w
[_w b æ j d d i ]_w
[_w d o l ɑ n ]_w
[_w d æ z i r n i ŋ ]_w
[_w z ɑ q tʃ i ]_w
[_w k ɑ m n ɑ m ]_w
[_w i n ɑ q ]_w
[_w q i l i n i ŋ ]_w
[_w q ɑ r i ]_w
[_w t ø l æ m d i ]_w
[_w k e s i p ]_w
[_w s i r d q i ]_w
[_w ɑ i l i d i n ]_w
[_w r ɑ j o n ]_w
[_w q ɑ j d i p ]_w
[_w ɑ ʃ l i r i ]_w
[_w tʃ ɑ ɣ d i ɡ i ]_w
[_w t æ k l æ ʃ ]_w
[_w x æ l q ɑ r ɑ ʃ ]_w
[_w j y z y f ]_w
[_w e l e k t i r ]_w
[_w q ɑ tʃ ɑ n ]_w
[_w t ɑ w ɑ m ]_w
[_w æ j n i ɡ æ ]_w
[_w æ s æ r l æ r ]_w
[_w t ɑ q ɑ ʃ ]_w
[_w h æ r b i j ]_w
[_w b ɑ r ɑ k ]_w
[_w b y ɡ y n ]_w
[_w q æ ʃ q æ r i ]_w
[_w b e j dʒ i ŋ ]_w
[_w k i d ɑ b ]_w
[_w j u q i r i ]_w
[_w t u n i j ]_w
[_w n ɑ h i j æ ]_w
[_w i dʒ ɡ i ]_w
[_w æ t r i d ]_w
[_w i l i ]_w
[_w k y n i t i ]_w
[_w j ɑ k i ]_w
[_w e j i ]_w
[_w w e n ]_w
[_w s æ w i j i k æ ]_w
[_w k e t i ʃ i k æ ]_w
[_w m æ r h u m ]_w
[_w b o l ɑ r ]_w
[_w t æ w r æ ʃ k æ ]_w
[_w ɣ u l tʃ ɑ ]_w
[_w s o t ɑ ]_w
[_w b ɑ l i n i ]_w
[_w t æ r d i p k æ ]_w
[_w j ɑ w r o p ɑ ]_w
[_w t e l e f o n ]_w
[_w m u z ]_w
[_w k ɑ p ɑ d ]_w
[_w ɑ r d u q ]_w
[_w ɑ s t i ]_w
[_w k e s i l i j ]_w
[_w æ s ɑ ]_w
[_w q ɑ j t u ]_w
[_w i n q i ]_w
[_w e ɣ i r ]_w
[_w s ɑ p i d ɑ ]_w
[_w ɑ tʃ t i ]_w
[_w r o h i ]_w
[_w j ɑ w ɑ ]_w
[_w x æ m i d ]_w
[_w dʒ e t i l i ɣ ɑ ]_w
[_w tʃ i t t i p ɑ ]_w
[_w b æ s i l æ r ]_w
[_w w æ z i p i z i ]_w
[_w ø k t æ p ]_w
[_w d e ɣ i m u ]_w
[_w i n k ɑ z i ]_w
[_w k ø r y ʃ ]_w
[_w r æ i s i ]_w
[_w m æ x s u m ]_w
[_w r æ s i m ]_w
[_w h ø k y m ]_w
[_w q ɑ l d i n ]_w
[_w ɑ m ɑ n i w i ]_w
[_w x e n i m ]_w
[_w s ø ŋ æ k ]_w
[_w q æ r s ]_w
[_w b æ k l ɑ ]_w
[_w i q t i ]_w
[_w s ø z i k æ ]_w
[_w t i q q æ t ]_w
[_w t o z d l u q ]_w
[_w d æ r æ p ]_w
[_w b o l s i ŋ i b ]_w
[_w ɣ ɑ n i m n i ŋ ]_w
[_w ɑ j d ɑ ]_w
[_w j i l i n i t u ]_w
[_w k æ m ɑ l ]_w
[_w ʃ e i r l i ɡ ]_w
[_w d u r t i ]_w
[_w n æ ʃ r ]_w
[_w s ɑ x t ɑ ]_w
[_w b æ t æ n ]_w
[_w b o l ɑ m d u ]_w
[_w k o tʃ ɑ ]_w
[_w u tʃ u r l ɑ r ]_w
[_w æ n k i l i j æ ]_w
[_w s i l æ r ɡ æ n ]_w
[_w ɑ tʃ i s ]_w
[_w h y n i r i ]_w
[_w r o h i j ]_w
[_w ɑ dʒ dʒ i q ]_w
[_w k æ l t y r y p ]_w
[_w æ t r ɑ p i ɣ ɑ ]_w
[_w w ɑ p ɑ d ]_w
[_w r o h i n i ]_w
[_w ø z ɡ æ r t i ʃ ]_w
[_w k e t i t æ ]_w
[_w r æ s m i j ]_w
[_w ɑ l æ m d æ ]_w
[_w tʃ i q q ɑ n ]_w
[_w l e tʃ y æ n ]_w
[_w s u n ɣ ɑ ]_w
[_w tʃ ɑ s ɑ ]_w
[_w n æ d i dʒ i ]_w
[_w m e n i ]_w
[_w q e l i ʃ ]_w
[_w i z m i ɣ ɑ n ]_w
[_w x æ w i r i d æ ]_w
[_w w u tʃ u t q ɑ ]_w
[_w k i r d i n ]_w
[_w k ø r i d u ]_w
[_w z ɑ j r ɑ n ]_w
[_w m ɑ j ]_w
[_w t æ p i j ]_w
[_w m æ d i n æ ]_w
[_w k i ʃ i ]_w
[_w l o n d o n ]_w
[_w b o l ɣ ɑ ]_w
[_w s æ n i d i n ]_w
[_w dʒ i ŋ ]_w
[_w q u r u l d ɑ n ]_w
[_w dʒ æ t ]_w
[_w ɡ ø p i r æ k ]_w
[_w t u d q u s u ʃ ]_w
[_w m y l y k ]_w
[_w h æ b d i l i q ]_w
[_w t e dʒ æ ʃ ]_w
[_w b o l m ɑ q t ɑ ]_w
[_w j ɑ l ɣ ɑ n ]_w
[_w s æ r b æ ]_w
[_w n o p u s ]_w
[_w d u n i j ]_w
[_w k ø r s æ t ]_w
[_w b ɑ r dʒ i l ɑ r ]_w
[_w p ɑ r tʃ i l ɑ ʃ ]_w
[_w j ɑ p o n i ŋ ]_w
[_w s ø s i ]_w
[_w ɣ o ŋ ɡ o ŋ d ɑ ]_w
[_w i ʃ l ɑ r n i ŋ ]_w
[_w m e h r i p ɑ n ]_w
[_w k e d i p ]_w
[_w q æ d æ m ]_w
[_w j ɑ s m ɑ ]_w
[_w s o w e t ]_w
[_w y m i d ]_w
[_w m æ m u r i j ]_w
[_w m æ s k u r ]_w
[_w d o k l ɑ t t ɑ ]_w
[_w m y l y ɡ ]_w
[_w x æ n s u l ɑ t ]_w
[_w y z d i d ɑ ]_w
[_w p i tʃ ɑ q ]_w
[_w k e ŋ æ j d i b ]_w
[_w z æ r p æ ]_w
[_w l ɑ m ɑ n i ŋ ]_w
[_w m ɑ z ]_w
[_w q o l i ɣ ɑ n ]_w
[_w m u h t ɑ dʒ ]_w
[_w o q u t i ]_w
[_w k i d ɑ p n i ŋ ]_w
[_w b i dʒ ɑ n ]_w
[_w s ɑ l m i ɣ ɑ ]_w
[_w j ɑ p o n i j æ ]_w
[_w m æ l u m ]_w
[_w t ɑ p q ɑ n ]_w
[_w d y ʃ æ n dʒ æ ]_w
[_w b o m b ɑ ]_w
[_w t æ h s i l ]_w
[_w x ɑ n i ʃ ]_w
[_w b o l m ɑ q n i ]_w
[_w d ɑ r t i ʃ ]_w
[_w f o n d i ]_w
[_w n u q t i d ɑ ]_w
[_w t æ m i n l æ ʃ ]_w
[_w ø z i n i ]_w
[_w q ɑ n u n l u q ]_w
[_w tʃ ɑ q i r i ]_w
[_w i l ɡ i r i ʃ ]_w
[_w j ø t k æ n ]_w
[_w j æ n i m u ]_w
[_w ɑ s t i d æ ]_w
[_w dʒ ɑ z ɑ z i ]_w
[_w j y r y p ]_w
[_w s o d ]_w
[_w dʒ i q ɑ r t i n ]_w
[_w q o ʃ u n ]_w
[_w æ l æ j k u m ]_w
[_w j o l l ɑ m æ ]_w
[_w q ɑ l m ɑ j ]_w
[_w k ø p ]_w
[_w q i s q i dʒ æ ]_w
[_w d i l i x i dʒ æ ]_w
[_w k ɑ w ɑ b ]_w
[_w dʒ ɑ m ɑ i d i ]_w
[_w d u r ɑ ]_w
[_w m æ z i l æ n ]_w
[_w ø t k y z y p ]_w
[_w d ɑ t i s æ ]_w
[_w u z z u l i ]_w
[_w ɑ p t o n o m ]_w
[_w e l i ɡ æ ]_w
[_w m u ʃ u n d ɑ q ]_w
[_w j æ k æ ]_w
[_w i z m ɑ j i ʃ ]_w
[_w e r i ʃ k æ ]_w
[_w k æ ŋ r i ]_w
[_w h æ d d ɑ ]_w
[_w h ɑ m ɑ n ]_w
[_w t u t u ʃ ]_w
[_w e z i l ɣ ɑ n ]_w
[_w i s t e m ɑ l ]_w
[_w j i l i x ɑ ]_w
[_w k e ŋ æ j d i p ]_w
[_w k w ɑ t r ɑ d ]_w
[_w r o m ɑ n i j ]_w
[_w m u t i r i k i ]_w
[_w q ɑ r i d u ]_w
[_w i q t i s ɑ m ]_w
[_w b e z i ʃ ]_w
[_w æ h l i k æ ]_w
[_w tʃ æ h æ t t i ]_w
[_w ɑ l l ɑ r ]_w
[_w p i r ]_w
[_w q o r ɑ l l i q ]_w
[_w n ɑ m ɑ j æ n ]_w
[_w q u r u l m ɑ n ]_w
[_w j æ h w æ ]_w
[_w x i d ɑ j n i ŋ ]_w
[_w b ɑ r d u q ]_w
[_w t æ r æ p ]_w
[_w r ɑ t i ɡ ɑ l ]_w
[_w s ɑ l m ɑ t ɑ ]_w
[_w i d d i b ɑ q i ]_w
[_w j o l l u q ]_w
[_w æ z l i ]_w
[_w y r y m ]_w
[_w f e j ]_w
[_w æ j s ɑ n i n i ]_w
[_w e r i q ]_w
[_w ɑ n i l ɑ ]_w
[_w b u j ɑ n ]_w
[_w b i z ]_w
[_w ø j i k æ ]_w
[_w e ɣ i s ]_w
[_w b ɑ r m ɑ q ]_w
[_w ɑ l i j æ ]_w
[_w b i ɡ ɑ r ]_w
[_w ɑ n ɑ ]_w
[_w m æ x m u d ]_w
[_w t æ b i r i ]_w
[_w w æ t æ ]_w
[_w k y n d i n ]_w
[_w x i s m æ n ]_w
[_w s ɑ q l ɑ p ]_w
[_w d u n j ɑ ]_w
[_w p i r i d u ]_w
[_w i q t i s i ]_w
[_w x i s m æ t ]_w
[_w b ɑ r tʃ æ ]_w
[_w r ɑ j o n ɣ ɑ ]_w
[_w i z l ɑ h ɑ d i ]_w
[_w d u r b ɑ n ]_w
[_w r æ h p i r i k ]_w
[_w s ɑ l i d æ ]_w
[_w m u h i d i ]_w
[_w h æ t i s ]_w
[_w w ɑ q i d ]_w
[_w n ɑ s u k u m ]_w
[_w ɑ m i l æ ]_w
[_w j o l i d ɑ ]_w
[_w æ x l ɑ q i ]_w
[_w z æ u t i ]_w
[_w s e t i l i k ]_w
[_w d o p l i n i ]_w
[_w o l d u r ]_w
[_w æ s ɑ l i d ɑ ]_w
[_w q u m u l ]_w
[_w w ɑ q i t t ɑ ]_w
[_w y n y m ]_w
[_w k ø t y r ɡ ]_w
[_w p i l ɑ n i x ɑ ]_w
[_w ɑ n i l ɑ r ɣ ɑ ]_w
[_w ʃ æ r t ]_w
[_w æ k i ʃ i l i ɡ ]_w
[_w k e ŋ æ ʃ ]_w
[_w n ɑ m z ɑ d ]_w
[_w i m ɑ n ]_w
[_w ø j l æ r ]_w
[_w x u t ɑ n i ŋ ]_w
[_w s o m m i z i ]_w
[_w m æ t p u ɑ d ]_w
[_w x o ʃ ɑ l ]_w
[_w h æ t t æ ]_w
[_w j ø t k i k æ n ]_w
[_w x æ l i q ]_w
[_w b i r i ]_w
[_w ø r l i ʃ i ]_w
[_w t y r l i r i ɡ ]_w
[_w i p n i ]_w
[_w l i n i p ]_w
[_w t ɑ w ɑ m i t i ]_w
[_w p u l ɣ ɑ n ]_w
[_w m u h æ r r i r ]_w
[_w p ɑ ʃ ]_w
[_w k i m u n ]_w
[_w x i s m i n i ŋ ]_w
[_w s æ k k i s i ]_w
[_w m æ m u r i ]_w
[_w t æ l i p i ɡ æ ]_w
[_w s e l i n t i ]_w
[_w q i l m ɑ ]_w
[_w k e ŋ æ ʃ n i ŋ ]_w
[_w n ɑ r ɑ z i ]_w
[_w t e z l i t i n ]_w
[_w b e r i ʃ i ʃ i ]_w
[_w m u ʃ u ]_w
[_w k i d ɑ p q ɑ n ]_w
[_w u tʃ u r ]_w
[_w x u d ɑ n i j æ ]_w
[_w s i j ɑ s æ t ]_w
[_w k y tʃ i j i p ]_w
[_w i l ɡ i r i b ]_w
[_w b y k y n k i ]_w
[_w d ɑ ʃ ]_w
[_w ɑ n t i ]_w
[_w j ɑ ʃ l i r i ]_w
[_w i z l ɑ m n i ŋ ]_w
[_w æ p u ]_w
[_w q i l i m i s ]_w
[_w ʃ u n i ŋ ]_w
[_w q æ l æ m ]_w
[_w k ø r s i t i ]_w
[_w b i l i ʃ n i ŋ ]_w
[_w dʒ o j l ɑ b ]_w
[_w k i j i m ]_w
[_w dʒ æ n u p ]_w
[_w b ɑ x tʃ i ɣ ɑ ]_w
[_w dʒ e q i ʃ ]_w
[_w j æ r d æ ]_w
[_w f i l i m ]_w
[_w h æ z æ n ]_w
[_w ø r b ]_w
[_w x æ w i r i t ɑ ]_w
[_w j i x i n n i ]_w
[_w s ø z l i r i ]_w
[_w h ɑ j ɑ t ]_w
[_w h ɑ s i r i ]_w
[_w q o j u ʃ ]_w
[_w q i l i t u ]_w
[_w j i l i d i n ]_w
[_w tʃ u ŋ ɡ o x ɑ ]_w
[_w ɑ d ɑ l ɣ ɑ n ]_w
[_w æ j i p l æ ʃ ]_w
[_w j i l ɣ i n i ]_w
[_w x æ l q i x æ ]_w
[_w o r n i d i ]_w
[_w w æ t æ n ]_w
[_w ø z d y r y ʃ ]_w
[_w q i l ɣ i dʒ æ ]_w
[_w t e p i l ɣ ɑ ]_w
[_w q æ t i j ]_w
[_w k ø r y ʃ k æ ]_w
[_w ø z i d i ʃ ]_w
[_w u r u ʃ n i ]_w
[_w t æ n d i n ]_w
[_w b u l i ]_w
[_w i dʒ i d i ɡ i ]_w
[_w b i r s æ n d ]_w
[_w s e l i n ɣ ɑ n ]_w
[_w h e k m æ d ]_w
[_w b ɑ z b o r d ]_w
[_w b u l i n i ]_w
[_w ɑ d ɑ l m i ʃ ]_w
[_w b i k ɑ r ]_w
[_w s e m i n i ŋ ]_w
[_w m i l ɑ t t ɑ ]_w
[_w i d i j i t i ]_w
[_w b ɑ l i d i ʃ ]_w
[_w q o ʃ n ɑ ]_w
[_w i tʃ t i m ɑ i j ]_w
[_w ɡ i r i ɡ æ ]_w
[_w ɡ æ t t i n ]_w
[_w u r u q ]_w
[_w i s l ɑ m ]_w
[_w i k i l i j æ t ]_w
[_w d u ɣ u t ]_w
[_w u j u ʃ m i s i ]_w
[_w t æ r dʒ i m æ ]_w
[_w b i l l æ ]_w
[_w ø t t i ]_w
[_w o r d ɑ ]_w
[_w b æ k r æ m ]_w
[_w q ɑ r ɑ ]_w
[_w q i l i ʃ n i ]_w
[_w j y r æ k ]_w
[_w dʒ e n ]_w
[_w ɑ ŋ l ɑ b ]_w
[_w ɑ i l i n i d u ]_w
[_w b æ q æ t ]_w
[_w ɑ i l i z i ]_w
[_w d u r i dʒ æ ]_w
[_w d ɑ w ɑ l ]_w
[_w t u r u p ]_w
[_w b ɑ ʃ q ɑ ]_w
[_w j ɑ s x u tʃ i ]_w
[_w b i ʃ q æ d æ m ]_w
[_w ɑ j d i n ]_w
[_w tʃ ɑ w ɑ p ]_w
[_w q o ʃ u m dʒ æ ]_w
[_w k æ z b i j ]_w
[_w ʃ æ n d u ŋ ]_w
[_w n ɑ m l i q ]_w
[_w n æ z æ r l æ r ]_w
[_w ø k t i dʒ i s i ]_w
[_w ɑ l i m ]_w
[_w k ø ŋ l i ]_w
[_w d u d u ʃ ]_w
[_w q e t i m q i ]_w
[_w d ɑ i m ]_w
[_w q æ ʃ q æ r d æ ]_w
[_w d o x t i l ɑ p ]_w
[_w t æ r s ]_w
[_w j o l i n i ]_w
[_w n o p u s i ]_w
[_w t ɑ t l i q ]_w
[_w r ɑ j o n n i ŋ ]_w
[_w t æ w æ k k u r ]_w
[_w m u j æ s s æ ]_w
[_w r ɑ z d ]_w
[_w x i t ɑ j dʒ æ ]_w
[_w q o ʃ q ɑ n ]_w
[_w m æ t t ɑ ]_w
[_w ø j l æ r n i ŋ ]_w
[_w x u ʃ ɑ l l i q ]_w
[_w j i ɣ i n ]_w
[_w t ɑ z i ]_w
[_w b ɑ l i t i n i ]_w
[_w q i s ]_w
[_w d u r u b ]_w
[_w n ɑ m i t ɑ ]_w
[_w t ɑ r q ɑ t t i ]_w
[_w t æ l i l ]_w
[_w x e l i ]_w
[_w x o tʃ i l i p ]_w
[_w ø t k æ n ]_w
[_w q i l ɣ ɑ ]_w
[_w o r u n l i r i ]_w
[_w t æ j j ɑ r ]_w
[_w r æ i s ]_w
[_w d ɑ r i x q ɑ ]_w
[_w b i ɡ i ]_w
[_w k y t y p ]_w
[_w k æ d d i d i n ]_w
[_w i n q i l ɑ p i ]_w
[_w l ɑ j i q ]_w
[_w m u q i m ]_w
[_w ɑ d i l i ɡ ]_w
[_w b e s i b ]_w
[_w w ɑ ŋ ]_w
[_w æ m m ɑ ]_w
[_w s i j ɑ r æ t ]_w
[_w h æ r b i j æ ]_w
[_w r æ h b i r i ]_w
[_w n ø w æ d l i ɡ ]_w
[_w b u l u p ]_w
[_w ø j i ]_w
[_w t ɑ q ɑ p i l ]_w
[_w n i ʃ ɑ n ]_w
[_w z i r ]_w
[_w k ø k ]_w
[_w ʃ æ ɡ l i ɡ ]_w
[_w b æ r t i n i ŋ ]_w
[_w k ɑ n ɑ t ]_w
[_w q o l i d i ɡ i ]_w
[_w q ɑ tʃ q ɑ n ]_w
[_w q o l j ɑ s m ɑ ]_w
[_w j æ p ]_w
[_w t ɑ ʃ l i r i ]_w
[_w r i ɑ j æ ]_w
[_w j e ʃ i l ]_w
[_w b i l i p ]_w
[_w h ɑ l æ t k æ n ]_w
[_w n æ p æ r ]_w
[_w b o l u p m u ]_w
[_w dʒ u ŋ ɡ o ]_w
[_w k æ l s æ b æ ]_w
[_w b e r i ʃ n i ]_w
[_w s ɑ w u t i ]_w
[_w tʃ y n ɡ i ]_w
[_w o m u m i j ]_w
[_w s ɑ r i d ɑ ]_w
[_w q ɑ d ɑ r ]_w
[_w o q u p ]_w
[_w j e q i n q i ]_w
[_w ɣ e n i ]_w
[_w k æ l ɡ y z i ]_w
[_w æ h m i j æ ]_w
[_w t ɑ r t t i ]_w
[_w b ɑ r d i m i j ]_w
[_w u j ɣ u r ]_w
[_w x æ l q q æ ]_w
[_w ʒ i m ɑ l i j ]_w
[_w q æ t æ m ]_w
[_w h e z ]_w
[_w b y d d y r y p ]_w
[_w r e m o n d ]_w
[_w u l ɑ r n i ]_w
[_w t u n j ɑ ]_w
[_w dʒ i q ɑ r ɣ ɑ n ]_w
[_w q i j ɑ m æ t ]_w
[_w q i l i n i p ]_w
[_w m æ j d ɑ n ]_w
[_w o q u x u tʃ i ]_w
[_w b ɑ ʃ q i ]_w
[_w h ø r m æ t ]_w
[_w t u r u ʃ i ]_w
[_w t ø l æ t t æ ]_w
[_w b ɑ h ɑ s i ɣ ɑ ]_w
[_w m ɑ n ɑ ]_w
[_w tʃ u ŋ ɡ o tʃ æ ]_w
[_w m æ k t i p i ]_w
[_w k y l m i r æ ]_w
[_w q o j u ʃ i ]_w
[_w æ s i s ]_w
[_w s æ n æ t ]_w
[_w y m i d i ]_w
[_w m æ tʃ l i ɡ ]_w
[_w d ɑ z i ]_w
[_w ɣ æ l q i ]_w
[_w x u ʃ ɑ l ]_w
[_w t y r ɡ y n ]_w
[_w n æ ʃ r i ]_w
[_w m æ h m u t ]_w
[_w ɑ r q i d i ʃ ]_w
[_w d o r ]_w
[_w ɡ i d ɑ p q ɑ n ]_w
[_w ɑ j ɣ i dʒ æ ]_w
[_w k æ r i m ]_w
[_w d e k æ n ]_w
[_w j e ʃ i t ɑ ]_w
[_w r o s ɑ ]_w
[_w ɑ l m ɑ t ɑ ]_w
[_w y r y m tʃ i ]_w
[_w u l ɑ r t i n ]_w
[_w b i r i n tʃ i ]_w
[_w t o n u l ɣ ɑ n ]_w
[_w b ɑ ɑ l ]_w
[_w b ɑ j d æ x t i ]_w
[_w n ɑ s ɑ r i j i ]_w
[_w n ɑ z u ɡ ]_w
[_w m æ s m u n ]_w
[_w h ɑ l l i q ]_w
[_w x æ n z u ]_w
[_w s y r t i ]_w
[_w ɡ u m ɑ n ]_w
[_w t æ s t i q ]_w
[_w h ɑ l i l æ r ]_w
[_w dʒ ɑ z ɑ ]_w
[_w i ʃ l æ p ]_w
[_w t æ r tʃ i m æ ]_w
[_w æ s i r n i ]_w
[_w i s ɑ h ɑ d i ]_w
[_w t ɑ x ]_w
[_w ɑ h ɑ ŋ l i r i ]_w
[_w h o q u q i ]_w
[_w æ m d i ]_w
[_w t u r m u ʃ ]_w
[_w j o q ]_w
[_w t o l ɑ ]_w
[_w ɑ l i t i n ]_w
[_w k ø z i ]_w
[_w j y z i ]_w
[_w s ɑ h æ s i ]_w
[_w s ɑ t l ɑ p ]_w
[_w j ɑ m ɑ n n i ŋ ]_w
[_w s æ w r ]_w
[_w b u l d u r ]_w
[_w i n s ɑ n i j ɑ ]_w
[_w ɑ z ɑ s i ]_w
[_w ø k t i dʒ i t æ ]_w
[_w m i ŋ ]_w
[_w b u l ]_w
[_w b ɑ r l i q ]_w
[_w ʃ æ h r i m ɑ n ]_w
[_w l u t b u l l ɑ ]_w
[_w k u m r ɑ n ]_w
[_w i ʃ æ n tʃ ]_w
[_w o l i m p i ɡ i ]_w
[_w tʃ y ʃ y r k æ n ]_w
[_w tʃ æ t æ l ]_w
[_w k e l i d i n ]_w
[_w n o r m ɑ l ]_w
[_w d æ l i p æ ]_w
[_w s ɑ r i t i ʃ ]_w
[_w h e tʃ k i m ]_w
[_w j ɑ s i ]_w
[_w o ɣ l u m ]_w
[_w h ø ɡ y m æ t ]_w
[_w z ø s n i ]_w
[_w x u ʃ ]_w
[_w b i r q ɑ n dʒ æ ]_w
[_w ɑ b l i ɡ æ n ]_w
[_w k ø r i t u ]_w
[_w n æ t i tʃ æ ]_w
[_w s æ b æ r ]_w
[_w q æ d æ r ]_w
[_w o ŋ u ʃ l u q ]_w
[_w n i z b i d i ]_w
[_w i ʃ t i n ]_w
[_w æ w æ t k æ ]_w
[_w ɑ s t ɑ ]_w
[_w b ɑ p ]_w
[_w ʃ æ k i l l i q ]_w
[_w i n d i n ]_w
[_w dʒ u ŋ x u ɑ ]_w
[_w b ɑ d u r ]_w
[_w m ɑ w ]_w
[_w s y r i t i ]_w
[_w b ɑ x l i q ]_w
[_w l ɑ j i d i ]_w
[_w s o d i s i ]_w
[_w b i l ɡ æ n ]_w
[_w b i r q ɑ n tʃ æ ]_w
[_w t æ r b i j ]_w
[_w ɑ j l ɑ r n i ŋ ]_w
[_w ɑ ʃ t i n ]_w
[_w b æ k r æ k ]_w
[_w r ɑ d i o z i ]_w
[_w t ɑ w ɑ m i n i ]_w
[_w q i s m i ]_w
[_w i q d i s ɑ m ]_w
[_w dʒ ɑ q i r ɣ ɑ n ]_w
[_w k æ dʒ l i s i ]_w
[_w k æ s i b æ ]_w
[_w æ l ɑ ]_w
[_w ɑ dʒ t i ]_w
[_w o r ɡ ɑ n ]_w
[_w q ɑ t ɑ r ]_w
[_w b e l i d i ɡ i ]_w
[_w k y s æ l ]_w
[_w n u r x u n ]_w
[_w b æ r m i d i n ]_w
[_w k ø r t i ]_w
[_w ɑ i l i d æ ]_w
[_w b æ d ]_w
[_w b ɑ ɑ l i j æ t ]_w
[_w q o r ɑ l i ]_w
[_w s o x u q ]_w
[_w ɣ ɑ l i ]_w
[_w q ɑ n l i q ]_w
[_w i ʃ l i r i ]_w
[_w m u tʃ t æ h i d ]_w
[_w s ɑ d i q ]_w
[_w q o l l i ʃ i p ]_w
[_w x i l ɑ p ]_w
[_w m i r ɑ z ]_w
[_w q i ʃ ]_w
[_w j o ʃ u r u ʃ i ]_w
[_w y tʃ i n tʃ i ]_w
[_w t ɑ l ɑ j ]_w
[_w ʃ æ h i r i ]_w
[_w n ɑ m ɑ j ]_w
[_w l i q ]_w
[_w p ɑ x ]_w
[_w t i w ɑ n i ]_w
[_w q o z ɣ i l ɑ ŋ ]_w
[_w s i s n i ŋ ]_w
[_w ɣ æ d æ r ]_w
[_w p u n i ŋ x ɑ ]_w
[_w b æ t t æ ]_w
[_w ʃ u n i n i ŋ ]_w
[_w æ w l ɑ t ]_w
[_w e k s b o r d ]_w
[_w ʃ e i r ]_w
[_w h ɑ z i r q i j ]_w
[_w t o ʃ u p ]_w
[_w b æ l ɡ i l i ]_w
[_w ɡ æ z ɡ i l ]_w
[_w b e ʃ i d ɑ ]_w
[_w ɑ d æ m k æ k ]_w
[_w o b z o r t ɑ ]_w
[_w ɑ z d i ]_w
[_w b i dʒ ɑ q ]_w
[_w q e t i m ɣ ɑ ]_w
[_w s æ w æ p l æ r ]_w
[_w b ɑ s q u dʒ t ɑ ]_w
[_w b æ k m u ]_w
[_w t y s y p ]_w
[_w q i l i m n i ŋ ]_w
[_w e t i p ]_w
[_w ø k i n i ŋ ]_w
[_w s ø z l æ r n i ]_w
[_w w æ q æ z i k æ ]_w
[_w tʃ i n d ɑ ]_w
[_w b e r i l ɣ u tʃ ]_w
[_w dʒ y ʃ y r y p ]_w
[_w ø l dʒ æ m ]_w
[_w m æ h k æ m ]_w
[_w e tʃ i l ɣ ɑ n ]_w
[_w p æ r æ z ]_w
[_w ɑ b l i q ]_w
[_w q i l i ʃ ]_w
[_w q æ j æ r d i ]_w
[_w æ z i r i ]_w
[_w t ɑ i r i l æ r ]_w
[_w d u ŋ ɡ ɑ n ]_w
[_w j i ɣ i l i ]_w
[_w t æ k ]_w
[_w h æ t t ɑ ]_w
[_w x æ w æ r t ɑ r ]_w
[_w s ɑ h i l l ɑ r ]_w
[_w q i l t u r d i ]_w
[_w d y z æ ʃ ]_w
[_w j ɑ s ɑ l ɣ ɑ ]_w
[_w ɑ m ɑ n l i q ]_w
[_w e ʃ i n i ŋ ]_w
[_w w æ q æ n i ŋ ]_w
[_w h æ m m æ t ]_w
[_w æ s k æ r ]_w
[_w j o q i t i ʃ ]_w
[_w k y tʃ æ b ]_w
[_w k ø w r y ɡ ]_w
[_w t æ b ]_w
[_w b u l ɑ r ]_w
[_w q i l d i n ]_w
[_w ɑ tʃ r ɑ d q ɑ n ]_w
[_w t e k æ n d æ k ]_w
[_w y s t i d ɑ ]_w
[_w m i z ]_w
[_w o q u d i ]_w
[_w ɑ t i l ɑ b ]_w
[_w m u t ɑ p i æ ]_w
[_w ʃ i l ]_w
[_w m ɑ q ɑ l æ ]_w
[_w t ɑ m o l l ɑ p ]_w
[_w ʃ æ r æ p n i ]_w
[_w dʒ y ʃ æ n tʃ ]_w
[_w i ʃ l æ n k æ n ]_w
[_w b i ʃ q æ t æ r ]_w
[_w s ɑ t l i q ]_w
[_w p o l ɑ m d u ]_w
[_w o l i m p i k ]_w
[_w j e t æ r ]_w
[_w k y n i t i n ]_w
[_w b ɑ s t u r u s ]_w
[_w q o j u q ]_w
[_w s o r i d i ]_w
[_w m ɑ ŋ d i ]_w
[_w t u n j ɑ x ɑ ]_w
[_w k i n o ]_w
[_w m o ʃ u ]_w
[_w i n k ɑ r ]_w
[_w ɑ m m i w i ]_w
[_w d æ ʃ w i q ɑ d ]_w
[_w t o n u m ]_w
[_w k y z æ t ]_w
[_w o q u ɣ ɑ n ]_w
[_w j æ t t æ ]_w
[_w s o r i t ɑ ]_w
[_w r æ h b i r i j ]_w
[_w n i dʒ y k ]_w
[_w p ɑ b u r ]_w
[_w i k i l i q ]_w
[_w n e f i d ]_w
[_w w ɑ q i t t i j ]_w
[_w m o ɣ ɑ ]_w
[_w q i l i ʃ i n i ]_w
[_w tʃ ɑ ŋ ]_w
[_w ʃ i n tʃ ɑ ŋ ɣ ɑ ]_w
[_w b ɑ ʃ q i tʃ æ ]_w
[_w j u r t ]_w
[_w d i l ɑ p ]_w
[_w s i j ɑ z i ]_w
[_w t æ t q i q ]_w
[_w o l d u r t i ]_w
[_w b i r t i ]_w
[_w ɣ i t ɑ j l ɑ m ]_w
[_w y r y m tʃ i ɡ æ ]_w
[_w x æ w æ r ]_w
[_w i s l ɑ m i t ɑ ]_w
[_w h e j t k ɑ h ]_w
[_w p i s k æ ]_w
[_w ʃ u r n i l i ]_w
[_w q e ʃ i ɣ ɑ n ]_w
[_w j ɑ m u l d i ]_w
[_w z ɑ h i l l ɑ r ]_w
[_w w ɑ p ɑ t ]_w
[_w k i t ɑ b n i ]_w
[_w o x u z n i ŋ ]_w
[_w æ h m i j æ t ]_w
[_w i dʒ i ]_w
[_w ɑ dʒ i s ]_w
[_w j i l i d i ɡ i ]_w
[_w m æ h m u d ]_w
[_w d ɑ w ɑ m i ]_w
[_w t u r m ɑ q d ɑ ]_w
[_w i d d i j ]_w
[_w j ɑ z ɑ l ɣ ɑ n ]_w
[_w b e j dʒ i ŋ x ɑ ]_w
[_w x u l tʃ ɑ ]_w
[_w ø z ɡ æ ]_w
[_w x e t i ]_w
[_w q i l s ɑ ]_w
[_w d ɑ m ɑ m æ n ]_w
[_w j i l l ɑ r ]_w
[_w i k k i n dʒ i ]_w
[_w h o q u q n i ŋ ]_w
[_w b ɑ j ɑ n ]_w
[_w b o l u ʃ i ɣ ɑ ]_w
[_w t ø l æ t n i ŋ ]_w
[_w t y m d y r ɡ ]_w
[_w ɑ r ɑ n ]_w
[_w ø l ɡ i l i ɡ i ]_w
[_w d i w ɑ n i ]_w
[_w æ s i r i ]_w
[_w ɣ æ r b ]_w
[_w o r u n d ɑ q ]_w
[_w i d i q u d ]_w
[_w p o n ɡ i t i ]_w
[_w ɑ l ɑ q æ ]_w
[_w q u r u q l u q ]_w
[_w k y n i ]_w
[_w dʒ æ s i t æ ]_w
[_w ɑ p t o r ]_w
[_w tʃ i d d i j ]_w
[_w dʒ æ n u p i j ]_w
[_w k i ʃ i l i k ]_w
[_w d y n y ɡ y n ]_w
[_w ɑ d ɑ q l ɑ ʃ ]_w
[_w k ɑ p ɑ l ]_w
[_w j æ k ʃ æ n b æ ]_w
[_w j e z i ʃ ]_w
[_w b ø l ɡ y n tʃ i ]_w
[_w j ɑ s i j ɑ n ]_w
[_w b ɑ r t i m i ]_w
[_w h ɑ z i r æ ]_w
[_w p i r l i ɡ ]_w
[_w m u h i d i n ]_w
[_w ɑ ɣ i r i ]_w
[_w e h t i j ɑ tʃ ]_w
[_w d i n dʒ i ]_w
[_w k æ m ]_w
[_w w æ q æ ]_w
[_w h u dʒ u m ɣ ɑ ]_w
[_w ʃ æ k i l t æ ]_w
[_w s y r ɡ y z y p ]_w
[_w k i ʃ i n i ]_w
[_w ø s i k æ ]_w
[_w t u n tʃ i ]_w
[_w q ɑ n u n ɣ ɑ ]_w
[_w j i l ]_w
[_w h æ m i ʃ æ ]_w
[_w d e z l i t æ ]_w
[_w m u m ɡ i n ]_w
[_w tʃ o ŋ ]_w
[_w u n d ɑ ]_w
[_w ɑ j l i n i ]_w
[_w tʃ æ k l æ p ]_w
[_w t ø t i n dʒ i ]_w
[_w t ø m y r ]_w
[_w d ɑ q ɑ ʃ ]_w
[_w ɑ l m ɑ s b æ k ]_w
[_w j ɑ l ɣ u s ]_w
[_w b ɑ q m i ɣ ɑ ]_w
[_w d u r u p p ɑ ]_w
[_w æ z d æ ]_w
[_w o j n i t i ]_w
[_w p o tʃ t ɑ ]_w
[_w d æ r æ b ]_w
[_w d æ r æ q q i j ]_w
[_w s ɑ q l ɑ ]_w
[_w e j t i ʃ ]_w
[_w x ɑ n l i q ]_w
[_w o r ɡ i n ]_w
[_w dʒ i t t i j ]_w
[_w p ɑ l i n i ŋ ]_w
[_w k ø l i m i n i ]_w
[_w y ɡ i n i p ]_w
[_w t æ w r ]_w
[_w b æ ʃ ]_w
[_w b e r i t u r ]_w
[_w i ʃ l i q ]_w
[_w s ɑ m ɑ n i ŋ ]_w
[_w o l i m u ]_w
[_w æ j n i ]_w
[_w j i l n i ]_w
[_w e l i ʃ i tʃ æ ]_w
[_w p æ h r i r ]_w
[_w j i l d i ]_w
[_w t e m i z i ]_w
[_w w i l ɑ j æ t ]_w
[_w ɑ j ɑ l ]_w
[_w k e d i d æ ]_w
[_w k e l i ʃ n i ŋ ]_w
[_w t y r ɡ æ n ]_w
[_w t ɑ ʃ q i ]_w
[_w m i ŋ l i ɣ ɑ ]_w
[_w k æ r dʒ æ ]_w
[_w d u x q ɑ n ]_w
[_w d ɑ ʃ l ɑ ]_w
[_w i ʃ æ n dʒ æ ]_w
[_w e t i q ]_w
[_w m u x b i r ɣ ɑ ]_w
[_w m ɑ r ɡ i l i ]_w
[_w dʒ o ŋ ]_w
[_w n ɑ s ɑ r i t ɑ ]_w
[_w u tʃ r ɑ j d u ]_w
[_w p ɑ k ]_w
[_w e tʃ i l i b ]_w
[_w u s l u p i ]_w
[_w j y æ n ]_w
[_w ɑ s ɑ t ]_w
[_w æ z æ r l i k ]_w
[_w t ɑ r m ɑ q t ɑ ]_w
[_w z o d ]_w
[_w tʃ æ m i j æ t ]_w
[_w k æ dʒ l i ɡ ]_w
[_w y z d i d i p ]_w
[_w q e s i ʃ ]_w
[_w ɑ p l i q ]_w
[_w d o ɣ d ɑ ʃ ]_w
[_w m æ x m u t ]_w
[_w d u r u p ]_w
[_w s ɑ k ɑ d ]_w
[_w i tʃ ɑ r i ]_w
[_w m u m ɡ i ]_w
[_w ø z k i r i m ]_w
[_w q ɑ r ɑ d q ɑ n ]_w
[_w tʃ i t t i j ]_w
[_w b i l ɑ n i x ɑ ]_w
[_w o n l ɑ r ]_w
[_w q u w w æ t ]_w
[_w r æ t t i n ]_w
[_w b u q r ɑ l ɑ r ]_w
[_w x æ r b i j ]_w
[_w x æ w æ r n i ]_w
[_w j o l i ]_w
[_w m æ z ɡ u r ]_w
[_w d o k l ɑ d ]_w
[_w o q u ɣ u tʃ i ]_w
[_w b ɑ l i d i ]_w
[_w l u q ɑ ]_w
[_w r ɑ t i s i ]_w
[_w æ z l i m æ n ]_w
[_w i r ɑ n ]_w
[_w u r u ʃ ]_w
[_w t e k ɑ p i r ]_w
[_w n ɑ h i j s i ]_w
[_w i z ɑ h ɑ d ]_w
[_w ɑ j ɑ l l ɑ h ]_w
[_w u j ɣ u r n i ŋ ]_w
[_w d æ k ʃ y r y p ]_w
[_w s ɑ æ t ]_w
[_w i l i m æ ]_w
[_w tʃ ɑ s ɑ x ɑ ]_w
[_w d ɑ r i ɣ i j ]_w
[_w s ɑ h æ ]_w
[_w n æ t i dʒ i d æ ]_w
[_w m æ s i l i n i ]_w
[_w x i t ɑ j d ɑ ]_w
[_w b æ n l i k i ]_w
[_w u q t u r u ʃ ]_w
[_w u tʃ u n ]_w
[_w k ø dʒ y p ]_w
[_w k ø r y ŋ ]_w
[_w t ɑ l l ɑ r ]_w
[_w d æ r i dʒ i s i ]_w
[_w n o b u s i ]_w
[_w x ɑ n i m ]_w
[_w æ z æ l t i n ]_w
[_w i ʃ l i k æ t ]_w
[_w t ɑ r i ]_w
[_w ɑ w ɑ l ɑ ʃ ]_w
[_w ʃ ɑ r i d i ]_w
[_w i s l ɑ h ɑ d ]_w
[_w b u ɣ r ɑ ]_w
[_w b æ l s æ b æ ]_w
[_w k i t ɑ p n i ŋ ]_w
[_w t e l o z i ]_w
[_w m u s i k ɑ ]_w
[_w q i l i p ]_w
[_w p o r ɑ n ]_w
[_w b i r q ɑ n tʃ i ]_w
[_w ɑ ʃ i t u ]_w
[_w m æ d æ t ]_w
[_w t æ k ʃ y r y ʃ ]_w
[_w x r i z d i ɑ n ]_w
[_w ø z y p ]_w
[_w q ɑ t l ɑ r ]_w
[_w h æ q i q i j ]_w
[_w b ø l y n y p ]_w
[_w dʒ u ŋ ɡ o n i ŋ ]_w
[_w k e l i ʃ i ]_w
[_w i j u l ]_w
[_w q u r u q ]_w
[_w k ø r s æ d d i ]_w
[_w ɑ r q i s i q i ]_w
[_w d i l ʃ ɑ d ]_w
[_w k r ɑ m ]_w
[_w k y n l y ɡ ]_w
[_w q æ d i m i ]_w
[_w q i z n i ŋ ]_w
[_w ø l y m ]_w
[_w u n i ŋ d i n ]_w
[_w ø s b e k ]_w
[_w p i r i j ]_w
[_w q ɑ d l ɑ m ]_w
[_w dʒ i q i t u ]_w
[_w q o l i t u ]_w
[_w x æ w i r i d u ]_w
[_w w æ j r ɑ n i ]_w
[_w j e r i m ]_w
[_w æ q i l ]_w
[_w d o l u q ]_w
[_w q o j u ʃ n i ]_w
[_w l i n i ŋ ]_w
[_w k y tʃ i n i ]_w
[_w k æ t t i j ]_w
[_w j e ŋ i t i n ]_w
[_w æ x m æ t dʒ i ]_w
[_w r æ t t æ ]_w
[_w t æ r æ b ]_w
[_w m æ x s u z ]_w
[_w b u l ɑ ʃ ]_w
[_w b æ n l æ r t æ ]_w
[_w t o ʃ u ʃ ]_w
[_w s æ r i j ]_w
[_w s ø z i n i ]_w
[_w k i ʃ i l æ r ]_w
[_w w æ z i t i d æ ]_w
[_w s ɑ p i q æ ]_w
[_w b i l æ n ]_w
[_w dʒ i n d ɑ w n i ]_w
[_w i q t i s ɑ t ]_w
[_w q æ ʃ q i r i p ]_w
[_w q e t i q ɑ t i ]_w
[_w n o m u r ]_w
[_w d ø t i n tʃ i ]_w
[_w q ɑ t l ɑ b ]_w
[_w k ɑ n ɑ d ]_w
[_w i ʃ æ n tʃ æ ]_w
[_w q u r u ʃ q ɑ ]_w
[_w n i s b i t i ]_w
[_w ɑ r i s i t ɑ ]_w
[_w m æ dʒ b u r i j ]_w
[_w ø l ɡ æ n ]_w
[_w q o r ɣ ɑ s ]_w
[_w e r i ʃ i k ]_w
[_w x ɑ l i ɣ ɑ n ]_w
[_w b æ r s æ ]_w
[_w q ɑ r i t i ]_w
[_w b i r l i k ]_w
[_w d e h q ɑ n ]_w
[_w b o j i ]_w
[_w j i l ɣ ɑ r ]_w
[_w ɑ j n i ŋ ]_w
[_w q e z i ʃ ]_w
[_w b ɑ n ]_w
[_w p i r l i k ]_w
[_w ɑ t ɑ l æ t k æ ]_w
[_w b o l m i ɣ ɑ n ]_w
[_w t o s ɑ x q ɑ ]_w
[_w k e t i ʃ ]_w
[_w t ø w æ n l æ p ]_w
[_w ɑ m ɑ n i ŋ ]_w
[_w x i t ɑ ]_w
[_w q i s m i n i ]_w
[_w q ɑ t n ɑ ʃ ]_w
[_w q o j u p ]_w
[_w x ɑ t i m n i ŋ ]_w
[_w t ɑ s i l ]_w
[_w b e r i ʃ t æ ]_w
[_w y l ɡ æ ]_w
[_w ɡ ø p l æ p ]_w
[_w k i ʃ i p ]_w
[_w p o w ɑ j ]_w
[_w j e s i ʃ ]_w
[_w ɡ o dʒ ɑ ]_w
[_w h e ɡ ɑ j æ ]_w
[_w k e ŋ i ʃ i ]_w
[_w x u t t i ]_w
[_w e l i ʃ ]_w
[_w w ɑ q i d l i q ]_w
[_w ɑ j t ɑ ]_w
[_w l e k i n i ʃ ]_w
[_w j ɑ m ɑ n i ŋ ]_w
[_w j ɑ t q ɑ n ]_w
[_w q u m ]_w
[_w b i s t æ ]_w
[_w b o l d u r q i ]_w
[_w n æ p i r i n i ]_w
[_w t o k l ɑ t i ]_w
[_w d æ x m i n æ n ]_w
[_w b e ʃ i n i ]_w
[_w y s t i ]_w
[_w p ɑ r ɑ t q ɑ n ]_w
[_w x r i s t i ɑ n ]_w
[_w x ɑ n i m n i ŋ ]_w
[_w i s tʃ i l ]_w
[_w w æ s i b i z i ]_w
[_w r æ i z ]_w
[_w s e l i ʃ ]_w
[_w ɡ ø j y p ]_w
[_w i ʃ s i z ]_w
[_w z o t ɑ ]_w
[_w q ɑ i d i ]_w
[_w o p o r o t ]_w
[_w x æ w æ r ɡ æ ]_w
[_w w ɑ q i t ]_w
[_w h æ l ]_w
[_w i q t i d ɑ ]_w
[_w n ɑ m ɑ z ]_w
[_w i dʒ r ɑ i j æ ]_w
[_w e l i b ]_w
[_w i p ɑ d i l i ʃ ]_w
[_w ɑ m m i w i j ]_w
[_w s ɑ b i d i ]_w
[_w i tʃ i ]_w
[_w e j t i l ɣ ɑ n ]_w
[_w i z l ɑ h ]_w
[_w m u d ɑ p i ]_w
[_w t i l ]_w
[_w m æ n ]_w
[_w ø t k y s k æ n ]_w
[_w n ɑ h i j i z i ]_w
[_w æ r s ]_w
[_w æ z l i d i n ]_w
[_w i l i m n i ŋ ]_w
[_w b i s n i ŋ ]_w
[_w t ɑ n æ ]_w
[_w æ s l i d i ]_w
[_w n ɑ x ʃ i z i ]_w
[_w b u l d u r ɑ ]_w
[_w q o l l i ʃ i ]_w
[_w x æ l q l æ r ]_w
[_w j y s y f ]_w
[_w q i z ɣ i n ]_w
[_w b ɑ q ]_w
[_w q ɑ r ɑ j t u ]_w
[_w m æ t i n i ]_w
[_w ɡ ø p l i ɡ ]_w
[_w j i l i n i ]_w
[_w ɑ x i r i t æ ]_w
[_w ɑ x i r ]_w
[_w q i l t u q ]_w
[_w t æ w z i j æ ]_w
[_w m u s ɑ ]_w
[_w q o ʃ u ʃ ]_w
[_w x æ l q i k æ ]_w
[_w d æ w s i j æ ]_w
[_w ɑ z ɑ s ]_w
[_w x ɑ d i m n i ]_w
[_w j æ r l i ɡ ]_w
[_w tʃ y ʃ y r ɡ æ n ]_w
[_w q i l d u q ]_w
[_w b u x t ɑ ]_w
[_w ɡ y l ]_w
[_w ɑ p i d ɑ ]_w
[_w p ɑ s i r q i j ]_w
[_w j i l l i j ]_w
[_w d æ m i n l æ ʃ ]_w
[_w k ɑ b u l ]_w
[_w w u t u ]_w
[_w s æ r i p ]_w
[_w m ø m i n ]_w
[_w n æ p i r ]_w
[_w ʃ ɑ r ɑ i d d ɑ ]_w
[_w dʒ y ʃ i d u ]_w
[_w i s m ɑ j i ʃ ]_w
[_w q ɑ z i m ]_w
[_w q i s i q i ]_w
[_w o m u m æ n ]_w
[_w ɑ t i ɣ ɑ ]_w
[_w n ɑ m i s i ]_w
[_w q o b u l ]_w
[_w dʒ ɑ ŋ ]_w
[_w p e q i ʃ ]_w
[_w j i l i d i ]_w
[_w t u r u ʃ q ɑ ]_w
[_w t ɑ r i x i j ]_w
[_w k æ l m æ j t u ]_w
[_w s e j i d ]_w
[_w b e r i l i q ]_w
[_w q ɑ n u n ɣ ɑ n ]_w
[_w j e t æ k l i k ]_w
[_w ɑ j r i m i n ]_w
[_w k æ j n i ɡ æ ]_w
[_w k æ w d i l i ɡ ]_w
[_w s ɑ q l ɑ b ]_w
[_w t y r ɡ i j æ ]_w
[_w k ɑ t i ]_w
[_w i p ɑ r ]_w
[_w t æ s æ w w u r ]_w
[_w l ɑ m ɑ ]_w
[_w ø l d y r y p ]_w
[_w n u r ɣ u n ]_w
[_w b o l ɑ d ]_w
[_w p ɑ r ɑ w æ r ]_w
[_w i p ɑ d æ d d i ]_w
[_w s t e p h e n ]_w
[_w t æ r æ q q i ]_w
[_w ɑ x i r i ɣ ɑ ]_w
[_w o r d i d i n ]_w
[_w s y r y p ]_w
[_w u n d ɑ q ]_w
[_w q u t r æ d ]_w
[_w ɑ ʃ u ]_w
[_w s ɑ j d i n ]_w
[_w m ɑ ɑ ʃ ]_w
[_w dʒ j ɑ p ɑ w ]_w
[_w m æ w l i w i ]_w
[_w æ m k æ k ]_w
[_w ø r l æ ʃ ]_w
[_w ɡ ø r ɡ æ n ]_w
[_w k ø j t y r y p ]_w
[_w d o k l ɑ t i ]_w
[_w k e ŋ æ j t i s ]_w
[_w r æ t ]_w
[_w q o j i d u ]_w
[_w b i n ɑ ]_w
[_w t u n i j ɑ l ]_w
[_w m u h æ p p æ d ]_w
[_w ɡ e z i d i n ]_w
[_w m i l l i ]_w
[_w b o x u z n i ŋ ]_w
[_w k i m ]_w
[_w t o k l ɑ t t ɑ ]_w
[_w ʃ u ŋ ɑ ]_w
[_w t e k æ n ]_w
[_w m æ z ɡ i n ]_w
[_w ɑ w ɑ z i n ]_w
[_w ø z ɑ r ɑ ]_w
[_w k e j i n ]_w
[_w j e ʃ i x ɑ ]_w
[_w dʒ ɑ s u z l u q ]_w
[_w m ɑ ʃ i n ɑ ]_w
[_w j ɑ x ʃ i z i ]_w
[_w ʃ ɑ r ɑ i t t ɑ ]_w
[_w ɡ y z æ l ]_w
[_w t ɑ i r ]_w
[_w æ d r ɑ p i d ]_w
[_w j e ʃ i ]_w
[_w w æ d æ n ]_w
[_w ɑ dʒ ɑ j i p ]_w
[_w u s u l l ɑ r ]_w
[_w k e d i ʃ i tʃ æ ]_w
[_w b y t k y l ]_w
[_w æ n d i n ]_w
[_w t ɑ l l ɑ h ]_w
[_w x æ r b ]_w
[_w j y k s æ ɡ ]_w
[_w j y s i ]_w
[_w b o m p ɑ ]_w
[_w b ɑ ɑ l i j ]_w
[_w b e l æ t ]_w
[_w ʃ i n tʃ ɑ ŋ d ɑ ]_w
[_w x ɑ z ]_w
[_w y s l y k s i z ]_w
[_w h y s æ j i n ]_w
[_w k i r i p ]_w
[_w y l ɡ æ n d ]_w
[_w s y r i m i ]_w
[_w ɣ o dʒ i l i q ]_w
[_w b i r i t i ]_w
[_w æ z l i d i k i ]_w
[_w k o m i d e t ]_w
[_w ɡ e r æ k ]_w
[_w u n i ŋ d ɑ ]_w
[_w ɡ ø ŋ y l ]_w
[_w d æ w r i n i ]_w
[_w t e p i ʃ ]_w
[_w j ɑ ʃ l i d i n ]_w
[_w æ h w ɑ l ]_w
[_w p ɑ r ɑ k ]_w
[_w r æ ŋ l i k ]_w
[_w i ɡ i z i ]_w
[_w i ɡ i s i ]_w
[_w ɡ e tʃ æ ]_w
[_w p o l u ʃ i tʃ æ ]_w
[_w b ɑ j r ɑ n ]_w
[_w q æ p r æ ]_w
[_w t ø l æ t l i ɡ ]_w
[_w p u l n i ]_w
[_w dʒ i n ɑ j i d i ]_w
[_w t e m i s i ɣ ɑ ]_w
[_w ø l ɡ i z i j ]_w
[_w ʒ u tʃ i z i ]_w
[_w k i ʃ i l i q ]_w
[_w t ɑ r i ɣ tʃ i ]_w
[_w j ɑ z ɣ u dʒ i ]_w
[_w j i l d i ɡ i ]_w
[_w d ø l æ t ]_w
[_w i ʃ s i s ]_w
[_w k i l i b ]_w
[_w dʒ ɑ ɣ l ɑ r t ɑ ]_w
[_w æ l æ j ɡ u m ]_w
[_w t ɑ r i ɣ d ɑ ]_w
[_w q i l ɑ p ]_w
[_w t y r t æ ]_w
[_w m æ dʒ l i z i ]_w
[_w h ɑ t i ]_w
[_w æ z æ l d i n ]_w
[_w h y z æ j i n ]_w
[_w ø j ɡ æ ]_w
[_w i ʃ n i ŋ ]_w
[_w b ɑ l i z i n i ]_w
[_w ɡ o tʃ i z i ]_w
[_w q ɑ j t ɑ ]_w
[_w o j u n ]_w
[_w m æ s u l ]_w
[_w u s u n ]_w
[_w t æ p ]_w
[_w m u q æ t t æ s ]_w
[_w b ɑ l i s i ]_w
[_w b i r æ k ]_w
[_w t o b l i n i p ]_w
[_w ɑ ʃ u r u p ]_w
[_w ʃ u n i ŋ d i n ]_w
[_w b o l ɑ t t i ]_w
[_w u n t u q ]_w
[_w w æ z i p i s i ]_w
[_w h ɑ r p e r ]_w
[_w ø tʃ m æ n ]_w
[_w s y r æ d d i ]_w
[_w s u l u m ]_w
[_w q æ r æ l l i k ]_w
[_w dʒ y ʃ k æ n ]_w
[_w æ r l æ r t æ ]_w
[_w h æ r ]_w
[_w ʃ ɑ ŋ x æ j ]_w
[_w b æ l s æ p æ ]_w
[_w m i ŋ d i n ]_w
[_w ɑ r m i j æ ]_w
[_w ɑ t æ m n i ŋ ]_w
[_w dʒ ɑ r æ ]_w
[_w o b z o r d ɑ ]_w
[_w s i j ɑ s i j ]_w
[_w ɑ d i l i ]_w
[_w b u j r i ɣ ɑ n ]_w
[_w j ɑ d q ɑ n d ɑ ]_w
[_w t æ w æ ]_w
[_w j æ r l i k ]_w
[_w h æ q i q æ t ]_w
[_w i ɡ i l i ɡ ]_w
[_w ʃ u n dʒ æ ]_w
[_w x æ n s u p ]_w
[_w t ɑ w ɑ r ]_w
[_w æ t l i ɡ ]_w
[_w ʃ u n d ɑ ]_w
[_w ɑ l i t u ]_w
[_w m æ s i l i ɡ ]_w
[_w d e t i k ]_w
[_w ɑ i d ]_w
[_w m ɑ ɑ r i p ]_w
[_w s i j ɑ r i d i ]_w
[_w t æ s l æ b t æ ]_w
[_w e l i n d i ]_w
[_w x æ j r i j ]_w
[_w j i l l i q ]_w
[_w n ɑ m ɑ j i ʃ i ]_w
[_w n o r u s ]_w
[_w m i l l ɑ r ]_w
[_w p i r ɑ q ]_w
[_w u z l u p i ]_w
[_w t ɑ m ɑ m æ n ]_w
[_w æ l l æ r ]_w
[_w k o n k r e t ]_w
[_w m u s ɑ k i r æ ]_w
[_w b ø l y p ]_w
[_w ʃ i l d i ]_w
[_w ʃ u r n i ]_w
[_w q ɑ r i ʃ i ʃ ]_w
[_w q e l i ʃ i m ]_w
[_w s ɑ l m i ʃ ]_w
[_w i l m i s ɑ ]_w
[_w t ɑ ʃ q i r i ]_w
[_w e n i q l ɑ ʃ ]_w
[_w ɑ d æ m n i ]_w
[_w k i d ɑ p i d æ ]_w
[_w z ɑ w u t i ]_w
[_w tʃ u ŋ ɡ o t ɑ ]_w
[_w ʃ u tʃ i s i ]_w
[_w y tʃ y n m u ]_w
[_w ø z b e k ]_w
[_w m æ ŋ k y ]_w
[_w ɑ w w ɑ l ]_w
[_w s i j ɑ n ]_w
[_w h i tʃ ɑ p i j ]_w
[_w b u l i n i ʃ ]_w
[_w z ø z l i d i ʃ ]_w
[_w d æ r t i p ]_w
[_w ø j k æ ]_w
[_w q i l i ʃ t i n ]_w
[_w r æ ŋ l i ɡ ]_w
[_w t ɑ r d i m i ]_w
[_w j ɑ m u l d i n ]_w
[_w t e x n i k ɑ ]_w
[_w t u r u b ]_w
[_w ɑ r s u s i ]_w
[_w s i j ɑ z i d i ]_w
[_w tʃ æ m i j æ ]_w
[_w p ɑ ʃ æ k m æ s ]_w
[_w ɑ m e r i k ɑ ]_w
[_w d o p p ɑ ]_w
[_w k ø p l i k æ t ]_w
[_w w æ s i d æ ]_w
[_w x æ l q ɑ r ɑ d ]_w
[_w ɑ r ɑ ]_w
[_w p o l t u q ]_w
[_w h æ q s i d i ʃ ]_w
[_w m u h i t i ]_w
[_w ɑ tʃ q ɑ n ]_w
[_w q i l ɣ u tʃ i ]_w
[_w j ɑ m u l t i ]_w
[_w e z d e t i ]_w
[_w m æ r ɡ i n i ʃ ]_w
[_w d æ j w æ n ]_w
[_w ɑ d i d i n ]_w
[_w t e k ɑ b i r ]_w
[_w d e m ɑ ]_w
[_w j y r ɡ y s y p ]_w
[_w h æ m ]_w
[_w b æ z l i d i ]_w
[_w b ø z y p ]_w
[_w m o ŋ ɣ u l ]_w
[_w u dʒ u r ]_w
[_w s æ n æ d ]_w
[_w dʒ o ŋ q u r ]_w
[_w e l i n t i n ]_w
[_w j ɑ x ʃ i l ɑ p ]_w
[_w m æ s i l æ ]_w
[_w x ɑ n ]_w
[_w ʃ u n i n i ]_w
[_w j e q i l ɣ u ]_w
[_w t i l l i ]_w
[_w m æ n s u p ]_w
[_w b ɑ ʃ æ k m æ s ]_w
[_w r u s i j æ ]_w
[_w b i l ɑ n l i q ]_w
[_w b u q r ɑ z i ]_w
[_w w æ q æ s i n i ]_w
[_w u n i ŋ x ɑ ]_w
[_w j æ r t æ ]_w
[_w ʃ ɑ i r ]_w
[_w m u d ɑ p i æ ]_w
[_w m æ s i h ]_w
[_w ø t k æ b ]_w
[_w q o x t ɑ ʃ t ɑ ]_w
[_w o p l ɑ ʃ ]_w
[_w u s ɑ q ]_w
[_w k i r i m i ]_w
[_w k r i z i ]_w
[_w t æ m ]_w
[_w b e r i ]_w
[_w tʃ ɑ r i ]_w
[_w d u tʃ ]_w
[_w b i n ɑ s i ]_w
[_w e n i q l ɑ b ]_w
[_w b u n i ŋ d æ k ]_w
[_w s æ w æ b l æ x ]_w
[_w q ɑ l d u n ]_w
[_w d æ w r æ ʃ k æ ]_w
[_w ɑ r q i d ɑ r ]_w
[_w ɑ d æ t t æ ]_w
[_w k y n i t æ ]_w
[_w t æ ʃ w i q ɑ d ]_w
[_w q ɑ s ɑ ]_w
[_w s ɑ q tʃ i ]_w
[_w ɑ z r ɑ ʃ ]_w
[_w æ s æ r ]_w
[_w q ɑ r ʃ i l i ɡ ]_w
[_w t o l ɑ n ]_w
[_w w æ s i p i z i ]_w
[_w ɑ i l i d i ]_w
[_w b ɑ r ɑ w æ r ]_w
[_w e r i ʃ ]_w
[_w i n ɑ q l i q ]_w
[_w æ z i r i d æ ]_w
[_w d e k ɑ b i r ]_w
[_w ɑ l t i ɣ ɑ ]_w
[_w t i n tʃ l i q ]_w
[_w dʒ ɑ m ɑ æ d ]_w
[_w i p ɑ r æ t ]_w
[_w r o l i ]_w
[_w b æ t i w ɑ ]_w
[_w t ø l æ d ]_w
[_w t y r k i j ]_w
[_w n æ ʃ i r ]_w
[_w k æ t s æ ]_w
[_w ɑ r m i j æ t ]_w
[_w j æ n i ]_w
[_w ɑ d i l i p ]_w
[_w x æ w æ r t æ ]_w
[_w æ t i ɡ æ ]_w
[_w t y r l y ɡ ]_w
[_w t æ t q i q ɑ t ]_w
[_w b ɑ z ɑ r n i ŋ ]_w
[_w b ɑ l i l i r i ]_w
[_w j ɑ s ɑ p ]_w
[_w ɑ i l i t i n ]_w
[_w ɑ z d ɑ n ]_w
[_w k ø p i ]_w
[_w n o p i l ]_w
[_w b y t y n ]_w
[_w dʒ i q i ʃ ]_w
[_w t ɑ l l ɑ ʃ ]_w
[_w o b ɑ m ɑ n ]_w
[_w b i k i ]_w
[_w ɑ tʃ r i d i ]_w
[_w j u q i r i d æ ]_w
[_w d ø l æ t n i ]_w
[_w z ɑ q l i q ]_w
[_w m ɑ z ɑ r ]_w
[_w w ɑ q t i ]_w
[_w x i l ɑ b ]_w
[_w ɑ h ɑ ŋ l i q ]_w
[_w q i z i q ]_w
[_w b o n k i t i ]_w
[_w s ø s l æ r ]_w
[_w p i ɡ i ]_w
[_w s ɑ j l ɑ p ]_w
[_w e ʃ i ʃ ]_w
[_w d u n tʃ i ]_w
[_w t o l l ɑ r t ɑ ]_w
[_w h æ j i d i ]_w
[_w s ɑ l m ɑ q t ɑ ]_w
[_w i d ɑ r i x tʃ i ]_w
[_w ʃ æ j ɣ ]_w
[_w q o j t i ]_w
[_w y z d i t i ɡ i ]_w
[_w x æ w æ r d ɑ r ]_w
[_w d æ r dʒ i m æ ]_w
[_w n ɑ tʃ ɑ r ]_w
[_w r ɑ j o n i ]_w
[_w m e h r i ]_w
[_w b u l ɑ r n i ]_w
[_w m u n t ɑ ]_w
[_w j e s i q ]_w
[_w q o j ]_w
[_w j i p æ k ]_w
[_w d æ l i p i n i ]_w
[_w b i r i t æ ]_w
[_w x æ l i p i n i ]_w
[_w i j u n ]_w
[_w æ n æ n i w i ]_w
[_w b ɑ ʃ l i t i n ]_w
[_w s æ n i t i ]_w
[_w d æ r ]_w
[_w d e t i ]_w
[_w dʒ æ m ]_w
[_w o x l i ]_w
[_w t o q s u ]_w
[_w h o q u q n i ]_w
[_w s y r y l d i ]_w
[_w i k æ ]_w
[_w t i l i q ]_w
[_w q ɑ r ɑ m ]_w
[_w b u l n i ŋ ]_w
[_w h æ q q i j ]_w
[_w t u r p ɑ n ]_w
[_w j æ s l i t æ ]_w
[_w j ɑ r t æ m ]_w
[_w h ɑ l æ t k æ ]_w
[_w j ɑ ŋ ]_w
[_w ø z b e ɡ ]_w
[_w b ɑ r ]_w
[_w d i n i ɡ æ ]_w
[_w m e n i ŋ tʃ æ ]_w
[_w dʒ ɑ j t i k i ]_w
[_w j i ɣ i n ɣ ɑ ]_w
[_w b æ k r i ]_w
[_w dʒ ɑ j l ɑ n ɣ ɑ ]_w
[_w t æ r l i ɡ ]_w
[_w m u s t æ q i l ]_w
[_w b ɑ j t i t i ]_w
[_w ɑ q s ɑ r ɑ ]_w
[_w æ n æ ]_w
[_w ɑ tʃ ɑ j i p ]_w
[_w t ɑ d ɑ m ]_w
[_w k y tʃ æ j d i s ]_w
[_w m i n i ]_w
[_w k ɑ n ]_w
[_w b e l i t i ]_w
[_w j e s i q i ]_w
[_w o x ʃ ɑ p ]_w
[_w p ɑ z ɑ r ]_w
[_w ɑ i t ]_w
[_w w æ z i j i p ]_w
[_w h æ r i k æ ]_w
[_w m æ w dʒ u t ]_w
[_w t æ k ʃ i ]_w
[_w p ɑ q ]_w
[_w p ɑ j t ɑ ]_w
[_w m ɑ t t i ]_w
[_w x æ r b i j æ ]_w
[_w k i r i d ɑ ]_w
[_w k ø r y ʃ t i ]_w
[_w dʒ i n d ɑ ]_w
[_w k y n d æ ]_w
[_w p e ʃ i ]_w
[_w q ɑ r ɑ t ]_w
[_w q u r ɑ n ]_w
[_w j e z i q i ʃ ]_w
[_w h e tʃ q ɑ dʒ ɑ n ]_w
[_w r ɑ j o n d i n ]_w
[_w m æ z u l i ]_w
[_w b æ r æ s ]_w
[_w b i l i ʃ ]_w
[_w m æ n i z i ]_w
[_w m æ s l i ]_w
[_w b e r i ʃ i b ]_w
[_w ɑ j r i m i ]_w
[_w d o k t o r ]_w
[_w s y p i t i ]_w
[_w æ t r ɑ p l i ɡ ]_w
[_w b ɑ t u r ]_w
[_w d y r l y k ]_w
[_w ø z m y r ]_w
[_w ɑ d ɑ ]_w
[_w j o l i ɣ ɑ ]_w
[_w j e ŋ i l i q ]_w
[_w s ɑ d l ɑ r ɣ ɑ ]_w
[_w t æ ŋ r i ]_w
[_w k ø j y p ]_w
[_w ʃ æ h æ r n i ŋ ]_w
[_w p ɑ r m ɑ q tʃ i ]_w
[_w b i l i m i z ]_w
[_w j o l ]_w
[_w h æ m t æ ]_w
[_w q o l l i n i ]_w
[_w m u r ɑ s i m ]_w
[_w d æ j j ɑ r ]_w
[_w n o b u z ]_w
[_w j æ r l i r i ]_w
[_w m u ʃ u n d ɑ ]_w
[_w d i n i ]_w
[_w b æ j d d æ ]_w
[_w ɑ m e r i ɡ i ]_w
[_w i s l ɑ m i d i ]_w
[_w i d i q ]_w
[_w z ɑ m ɑ n æ t ]_w
[_w t æ w r i n i ]_w
[_w q i l m ɑ j ]_w
[_w j e s i l ]_w
[_w q ɑ n u n i j ɑ ]_w
[_w t o x t i m ɑ i ]_w
[_w æ s ɑ z i ]_w
[_w b æ q æ t æ m ]_w
[_w s i r l i r i ]_w
[_w d e k æ n d æ ]_w
[_w x ɑ d i m l i ɡ ]_w
[_w tʃ æ s i d æ ]_w
[_w q ɑ m ɑ l ]_w
[_w h æ m m æ l ]_w
[_w ɑ m m i n i ŋ ]_w
[_w i ʃ n i ]_w
[_w b o l s ɑ ]_w
[_w s o d ɑ ]_w
[_w n ɑ m i ]_w
[_w h ɑ tʃ i ]_w
[_w q ɑ t n i ]_w
[_w ɣ æ l i p i ]_w
[_w ɑ r i s i ]_w
[_w k y tʃ l y k ]_w
[_w j e ʃ i d i n ]_w
[_w j e s i p ]_w
[_w k ø p i j i p ]_w
[_w e t n i ɡ ]_w
[_w m u q æ t t æ ]_w
[_w q o l i d u ]_w
[_w p o l i d i k i ]_w
[_w m æ b l æ r ]_w
[_w b ɑ ʃ l ɑ p ]_w
[_w j ɑ j d u ]_w
[_w ʃ u n tʃ æ ]_w
[_w w ɑ r i z i ]_w
[_w j ɑ ʃ l i q i ]_w
[_w s ɑ h i p i ]_w
[_w z ø r y r ]_w
[_w k ø r y ʃ t i n ]_w
[_w j e ŋ i ]_w
[_w q ɑ r i ʃ i p ]_w
[_w b ɑ ʃ t i n ]_w
[_w i k i l i ɡ ]_w
[_w b i r l i r i ]_w
[_w m æ s k i l d æ ]_w
[_w t i n i x ɑ ]_w
[_w d ɑ x l i q ]_w
[_w q æ t i m ɡ i ]_w
[_w tʃ ɑ m ɑ æ t ]_w
[_w ɑ n i l ɑ r ]_w
[_w b ɑ k i s i ]_w
[_w j e z i l ɣ ɑ n ]_w
[_w d æ w r æ ʃ ]_w
[_w k ø p i j i b ]_w
[_w ɑ l i m i ]_w
[_w ø z k i r i ʃ ]_w
[_w m u s u l l ɑ ]_w
[_w t u n j ɑ d ɑ ]_w
[_w q ɑ j d i ʃ ]_w
[_w o p s o r ]_w
[_w z ɑ ɣ l ɑ m ]_w
[_w q ɑ r i ʃ i ɣ ɑ ]_w
[_w b o j i dʒ æ ]_w
[_w d u r ɑ q ]_w
[_w q ɑ t i ]_w
[_w ɑ d æ m n i ŋ ]_w
[_w j ɑ s x ɑ n ]_w
[_w h ɑ l d ɑ ]_w
[_w t o l q u n ]_w
[_w b u l i n i p ]_w
[_w t o j i ]_w
[_w d ɑ r q i t i ʃ ]_w
[_w q æ t æ ]_w
[_w r o m ɑ n i ŋ ]_w
[_w i s i m i ]_w
[_w æ l w æ t t æ ]_w
[_w dʒ y ʃ y r y ʃ ]_w
[_w tʃ e n ]_w
[_w æ l dʒ i z i ]_w
[_w x ɑ d i m ]_w
[_w ɑ l i j ]_w
[_w k e r æ k ]_w
[_w d i r i ʃ ]_w
[_w b o s ]_w
[_w d ø l æ t t æ ]_w
[_w e t i q ɑ t ]_w
[_w i l m i j ]_w
[_w t o k t o r ]_w
[_w q ɑ r ɑ ŋ ɣ u ]_w
[_w b ɑ ʃ æ k m æ z ]_w
[_w d æ b ]_w
[_w s ɑ l ɣ ɑ n ]_w
[_w d æ t r i t i ]_w
[_w h æ r k i z ]_w
[_w k æ n d æ ]_w
[_w k ø r ɡ æ s m æ ]_w
[_w ø s i n i ]_w
[_w n ɑ m i d i ]_w
[_w b ɑ ɑ l i j æ ]_w
[_w i s p ɑ d l ɑ b ]_w
[_w æ m æ l ɡ æ n ]_w
[_w ʃ u n i ŋ ɣ ɑ ]_w
[_w n æ p s ]_w
[_w tʃ æ n u b ]_w
[_w s y r y ʃ ]_w
[_w q o ʃ u l d i ]_w
[_w q o ʃ u p ]_w
[_w h æ tʃ ]_w
[_w ɑ j ɑ l n i ]_w
[_w j æ t k y z y p ]_w
[_w d æ p i r ]_w
[_w b æ r ɡ æ ]_w
[_w b æ r m i k æ n ]_w
[_w s ɑ n ]_w
[_w k ø r z i d i n ]_w
[_w tʃ ɑ j l ɑ n t i ]_w
[_w m æ r k i n ]_w
[_w s ɑ h æ t æ ]_w
[_w s ɑ n i ŋ ]_w
[_w h e j d ]_w
[_w k e s i t i ]_w
[_w k i ʃ i ɡ æ ]_w
[_w æ d r ɑ p i j æ ]_w
[_w æ h w ɑ l ɣ ɑ n ]_w
[_w m u h æ p p æ t ]_w
[_w s ɑ t i r æ ]_w
[_w q æ ʃ q æ r n i ]_w
[_w k æ j n i ]_w
[_w o p s o r t ɑ ]_w
[_w ɑ j ɣ i tʃ æ ]_w
[_w k ø r s i d i ]_w
[_w n ɑ dʒ ɑ r ]_w
[_w ʃ æ j t ɑ ]_w
[_w m æ r ɡ i s i ]_w
[_w m æ r ɡ i z ]_w
[_w p ɑ q i ]_w
[_w p ɑ h ɑ n æ ]_w
[_w e j d q ɑ n ]_w
[_w m i s ]_w
[_w ɑ w ɑ z ɣ ɑ n ]_w
[_w t i l ʃ ɑ t ]_w
[_w z æ r b æ ]_w
[_w b ɑ x tʃ i x ɑ ]_w
[_w o r k i n l i ɡ ]_w
[_w tʃ i q i r i ʃ ]_w
[_w ɑ d i l ɑ r ]_w
[_w j o l d ɑ ʃ ]_w
[_w dʒ ɑ w ɑ p ]_w
[_w n i ɡ ɑ h ]_w
[_w s ɑ ŋ ɑ ]_w
[_w d u n j ɑ n i ŋ ]_w
[_w j i ɣ i n n i ]_w
[_w q æ ʃ q i r i ʃ ]_w
[_w ɑ s ɑ s i ]_w
[_w o b ɑ m ɑ ]_w
[_w s ɑ d i ]_w
[_w ɑ ʃ u r u ʃ i ]_w
[_w ø z y ʃ ]_w
[_w j ɑ z ɣ ɑ n ]_w
[_w d i l i ɣ ɑ ]_w
[_w i z m i n i ]_w
[_w m u n u ]_w
[_w s i n n æ t ]_w
[_w s i r t q i ]_w
[_w n ɑ t o ]_w
[_w tʃ ɑ j d ɑ ]_w
[_w b o l d i ]_w
[_w d i l ]_w
[_w s ɑ l m ɑ j ]_w
[_w t u n j ɑ n i ]_w
[_w h ɑ j ɑ d i ]_w
[_w ɑ l b ɑ n i j ]_w
[_w t i l i ɣ i ]_w
[_w u j x u r tʃ æ ]_w
[_w ø z ɡ i tʃ æ ]_w
[_w d i p æ t l i k ]_w
[_w i p ɑ d æ t ]_w
[_w b o l t u m ]_w
[_w j e t i m l ɑ r ]_w
[_w b e ʃ ɑ r æ t ]_w
[_w q ɑ l ɣ ɑ ]_w
[_w d ɑ r q ɑ ]_w
[_w t ɑ r t ɑ ]_w
[_w j y r ɡ y z y ʃ ]_w
[_w s ɑ w u d ]_w
[_w q o ʃ ]_w
[_w o j n i ɣ ɑ n ]_w
[_w s o w ɣ ɑ ]_w
[_w ʃ i n tʃ ɑ ŋ ]_w
[_w s ɑ q l i q ]_w
[_w tʃ ɑ q i r ɣ ɑ n ]_w
[_w m u h i d ]_w
[_w æ z ɡ æ r d i ʃ ]_w
[_w dʒ æ t æ l ɡ æ n ]_w
[_w x i t ɑ j d i b ]_w
[_w y r y m tʃ i t æ ]_w
[_w i m s ɑ l i h ]_w
[_w s æ u d i ]_w
[_w i n ɡ ɑ z i ]_w
[_w b o l u ʃ i ]_w
[_w ɑ l d i ]_w
[_w x o ŋ ɡ o ŋ d ɑ ]_w
[_w e dʒ i l i ʃ ]_w
[_w t ɑ k i ]_w
[_w d o b l i n i j ]_w
[_w p ɑ ɑ l i j æ ]_w
[_w t e z æ ]_w
[_w o d d u r ɑ ]_w
[_w æ p æ n d i ʃ æ ]_w
[_w j æ k æ n ]_w
[_w b o l u b ]_w
[_w s i j ɑ r i ]_w
[_w ɑ t i d i k i ]_w
[_w x æ l q i m ɑ ]_w
[_w p o j i s ]_w
[_w b o n k i d i ]_w
[_w r i q ɑ ]_w
[_w d o l ɣ ɑ n ]_w
[_w i ʃ t i ]_w
[_w o b z o r i ]_w
[_w j ɑ ʃ l ɑ b ]_w
[_w p i r q ɑ n tʃ æ ]_w
[_w t o l u q ]_w
[_w k y tʃ k æ ]_w
[_w ɑ ŋ l i q ]_w
[_w b u t b o l ]_w
[_w b u l ɑ r x ɑ ]_w
[_w ɑ m p i r i ]_w
[_w s e l i ʃ i dʒ æ ]_w
[_w dʒ e q i p ]_w
[_w m ɑ l i j æ ]_w
[_w m u z ɑ b i q ]_w
[_w m u h t ɑ tʃ ]_w
[_w ø t k æ ʃ n i ]_w
[_w tʃ u ŋ ɡ o ]_w
[_w s i j ɑ s æ d ]_w
[_w ø l ɡ æ n t æ ]_w
[_w u j x u r ɣ ɑ n ]_w
[_w d ɑ p t i ŋ i s ]_w
[_w æ h m i j i d æ ]_w
[_w f o d o s i ]_w
[_w k æ t t i n ]_w
[_w q ɑ j s i ]_w
[_w d e j i ʃ k æ ]_w
[_w k ø t y r y ʃ ]_w
[_w p i k r i n i ]_w
[_w h e ɡ m æ t ]_w
[_w tʃ æ n n æ t ]_w
[_w t e z l i d æ ]_w
[_w y m i t i ]_w
[_w k e t i l i d i ]_w
[_w s ɑ h æ t ]_w
[_w i ʃ l i k ]_w
[_w h æ r i ɡ i ]_w
[_w q i s i l ]_w
[_w k e z i b ]_w
[_w ø t m æ j ]_w
[_w s o ɣ u q ]_w
[_w j ɑ b o n i ŋ ]_w
[_w i m s ɑ l i r i ]_w
[_w m u ɡ æ m m æ ]_w
[_w k e l i ʃ ]_w
[_w æ m æ l d i ]_w
[_w b ɑ l i l æ r ]_w
[_w i ʃ tʃ i ]_w
[_w q ɑ l i d u ]_w
[_w dʒ æ n n æ t ]_w
[_w m æ d d ɑ ]_w
[_w k e z i t i ]_w
[_w tʃ ɑ z ɑ z æ n ]_w
[_w k i d ɑ p n i ]_w
[_w o r u n x ɑ ]_w
[_w i ʃ x ɑ n i m ]_w
[_w s ɑ h i b i ]_w
[_w j u r t i ]_w
[_w j i r i ɡ æ ]_w
[_w h ɑ l i t i ɡ i ]_w
[_w n i m æ ]_w
[_w tʃ ɑ ɣ d i k i ]_w
[_w x i d ɑ ]_w
[_w y z d i k æ n ]_w
[_w k i t ɑ b i æ ]_w
[_w n æ q i l ]_w
[_w ɣ i d ɑ j t ɑ ]_w
[_w h e tʃ q ɑ tʃ ɑ n ]_w
[_w u z ɑ q ]_w
[_w t æ r d i n ]_w
[_w b æ l l i ɡ æ ]_w
[_w q ɑ l s ɑ ]_w
[_w h æ q s i t i ʃ ]_w
[_w j ø l æ ʃ ]_w
[_w b i l i t i n ]_w
[_w ɑ j r i l ɣ ɑ n ]_w
[_w p ɑ ɑ l i j ]_w
[_w k æ l ɡ æ n d æ ]_w
[_w i ʃ l i ɡ ]_w
[_w k e l i ʃ i n i ]_w
[_w k o r i j æ ]_w
[_w ɑ m m i n i ]_w
[_w k ø z ]_w
[_w b i r t i n ]_w
[_w k u n ɑ h ]_w
[_w k e l i ʃ q ɑ ]_w
[_w h æ t t i n ]_w
[_w l i n ]_w
[_w b i r ɡ æ n d ]_w
[_w k y tʃ æ j t i p ]_w
[_w q u r u l m ɑ ]_w
[_w x æ w i r i ]_w
[_w t æ p i æ t ]_w
[_w q e d i m ]_w
[_w d æ s i r ]_w
[_w q i s i ɣ ɑ ]_w
[_w k ɑ d i r l ɑ r ]_w
[_w s o r i ]_w
[_w t e r i l t i n ]_w
[_w h ɑ s i ɣ ɑ ]_w
[_w b u n i ŋ ]_w
[_w k æ tʃ t æ ]_w
[_w i b n ]_w
[_w k ø k t ɑ t ]_w
[_w æ q i t æ ]_w
[_w q ɑ l m ɑ q n i ]_w
[_w m æ t i n i k æ ]_w
[_w ɑ t æ t t i ɡ i ]_w
[_w o d d u r i ɣ ɑ ]_w
[_w t æ s i r d ]_w
[_w d o z d ]_w
[_w q ɑ l d i x ɑ n ]_w
[_w m u n d ɑ q ]_w
[_w k e s i l ]_w
[_w m ɑ ɑ r i b i ]_w
[_w t æ t b i r ]_w
[_w ɑ dʒ r i t i ɡ i ]_w
[_w m ɑ r d ]_w
[_w k ø s ]_w
[_w ɡ i r i d æ ]_w
[_w ø z l i r i ]_w
[_w m u s ]_w
[_w h æ t t i ]_w
[_w b o l d u q ]_w
[_w ʃ ɑ n l i q ]_w
[_w b i z n i ]_w
[_w dʒ y ʃ æ n b æ ]_w
[_w i p ɑ t æ t t æ ]_w
[_w z e m i n ]_w
[_w ø z m y r l æ r ]_w
[_w t i ɡ i ]_w
[_w j e q i l ɣ ɑ n ]_w
[_w q u r u p ]_w
[_w t e m ɑ ]_w
[_w ɑ l t u r u p ]_w
[_w i s p ɑ d l ɑ r ]_w
[_w q o z ɣ i d i ]_w
[_w ø z i t æ ]_w
[_w t ø h b æ t t æ ]_w
[_w ɑ n i n i ]_w
[_w m æ l u m ɡ i ]_w
[_w b ɑ ʃ l i q ]_w
[_w i q d i s ɑ d ]_w
[_w q ɑ n dʒ æ ]_w
[_w r æ z i m ]_w
[_w o j u n l i r i ]_w
[_w b i r i t u ]_w
[_w k ø p l i ɡ i m ]_w
[_w j ɑ ʃ l ɑ r n i ]_w
[_w k i r k æ n ]_w
[_w q o x t ɑ ʃ ]_w
[_w j i ɣ i n ɣ ɑ n ]_w
[_w u r u b ]_w
[_w ʃ æ r d i n ]_w
[_w j i l i ɣ ɑ ]_w
[_w ɑ i l i s i ]_w
[_w m ɑ h i r i t æ ]_w
[_w j æ r ]_w
[_w ʃ ɑ r ɑ i d i ]_w
[_w ɑ r q i s i x ɑ ]_w
[_w æ j t i s ]_w
[_w k ɑ r x ɑ ]_w
[_w h o q u q i n i ]_w
[_w k y m y ʃ ]_w
[_w j o l l i ʃ i ]_w
[_w t æ ʃ w i q ]_w
[_w q ɑ r ɑ j m æ n ]_w
[_w t i n dʒ l i q ]_w
[_w t æ s i r n i ŋ ]_w
[_w m u j æ z z æ r ]_w
[_w b i l d y r ɡ i ]_w
[_w o p r ɑ z i ]_w
[_w b o l t i n q i ]_w
[_w æ ɡ æ r ]_w
[_w k ø ʃ ]_w
[_w t ɑ r d q ɑ n ]_w
[_w b y j y ɡ ]_w
[_w q i l i q ]_w
[_w o r n i n i ]_w
[_w n u q d i n i ]_w
[_w w æ q æ s i k æ ]_w
[_w o j l ɑ p ]_w
[_w s e n i ŋ ]_w
[_w ɑ j ɑ l n i ŋ ]_w
[_w p ɑ z ɑ r ɣ ɑ ]_w
[_w p æ r q i ]_w
[_w ø j i d i ]_w
[_w w æ q æ l æ m ]_w
[_w b i r q æ t æ m ]_w
[_w k e r æ m ]_w
[_w t æ n ]_w
[_w dʒ i q t i s ɑ t ]_w
[_w o x ʃ ɑ ʃ l ɑ ]_w
[_w u dʒ u r l ɑ r ]_w
[_w æ t æ b i t ]_w
[_w q o ɣ d ɑ b ]_w
[_w ɡ y n i d i ]_w
[_w ɑ j d i p ]_w
[_w k e tʃ æ k ]_w
[_w k y z æ l ]_w
[_w k ø p æ j k æ n ]_w
[_w k e z i l ]_w
[_w s ɑ j r ɑ m ]_w
[_w ʃ æ r æ b n i ŋ ]_w
[_w w æ q æ t ]_w
[_w m æ s i l i k ]_w
[_w p ɑ r t k o m ]_w
[_w s i t i ]_w
[_w u s s u l i ]_w
[_w k i dʒ i k æ ]_w
[_w j i l t i ]_w
[_w tʃ i n ]_w
[_w m ɑ s ]_w
[_w s ɑ l ɣ ɑ ]_w
[_w b e j tʃ i ŋ ɣ ɑ ]_w
[_w s ɑ j t i ʃ ]_w
[_w s ɑ b ɑ l æ t ]_w
[_w i t i m ]_w
[_w z o d ɑ ]_w
[_w b i r i n dʒ i ]_w
[_w k ø z d æ ŋ ]_w
[_w m æ k k æ b ]_w
[_w b i r i j ]_w
[_w n i ŋ ]_w
[_w ɣ æ l q ɑ r ɑ r ]_w
[_w m æ q s i t i p ]_w
[_w t y z æ ʃ ]_w
[_w ø t k æ ʃ ]_w
[_w q i l i ŋ ]_w
[_w t i p æ t ]_w
[_w b i r i n i ŋ ]_w
[_w b i l ɑ n i ŋ ]_w
[_w æ s i z ]_w
[_w dʒ i q i ʃ i ɣ ɑ ]_w
[_w b æ t æ n i j ]_w
[_w ɣ æ l q q æ ]_w
[_w m æ m l i ɡ ]_w
[_w l e tʃ u æ n ]_w
[_w m æ j l i ]_w
[_w b e r i l ɣ u ]_w
[_w t æ p i r ]_w
[_w n o m u r i j ]_w
[_w d æ p i j ɑ t ]_w
[_w dʒ o r tʃ ]_w
[_w ɑ t æ t ]_w
[_w m ɑ s ɑ r d ɑ ]_w
[_w b e q i ʃ ]_w
[_w q e t i q ]_w
[_w d e z l i t i p ]_w
[_w n æ d i tʃ æ ]_w
[_w q o j i t u ]_w
[_w dʒ æ n w æ t æ ]_w
[_w s i r t ]_w
[_w m æ s u l i ]_w
[_w m ɑ ŋ ɑ ]_w
[_w tʃ ɑ x t ɑ ]_w
[_w z ø s l i d æ ]_w
[_w ʃ æ h æ r ]_w
[_w ɣ æ l q ]_w
[_w t ø l æ t ]_w
[_w b i z d æ ]_w
[_w æ l l ɑ m ]_w
[_w m u q ɑ m i ]_w
[_w t u r u ʃ ]_w
[_w n e f i t ]_w
[_w k ø l i m i s ]_w
[_w j o l d ɑ ]_w
[_w q o l d i n ]_w
[_w s ɑ n i n i ]_w
[_w w æ q æ s i ]_w
[_w æ s æ l d i ]_w
[_w t i n tʃ ]_w
[_w m ɑ ɑ r i b ]_w
[_w u n i ŋ ɣ ɑ ]_w
[_w ɑ r i s i x ɑ ]_w
[_w b æ h r ]_w
[_w m u h ɑ k i m æ ]_w
[_w j ɑ m ɑ n ]_w
[_w n ø w æ d d æ ]_w
[_w s ɑ ɣ l ɑ r d ɑ ]_w
[_w q ɑ t t i ]_w
[_w o q u x ɑ n ]_w
[_w y z d i ɡ æ ]_w
[_w x æ l q i n i ŋ ]_w
[_w æ h l i l ]_w
[_w b ɑ r m u ]_w
[_w ɑ d i l i q ]_w
[_w e l i n ɣ ɑ ]_w
[_w m æ d b u ɑ d ]_w
[_w n ɑ z ɑ r n i ]_w
[_w b ɑ j d i n ]_w
[_w b o l i t u ]_w
[_w j ɑ s i n ]_w
[_w ɑ n d i ]_w
[_w h æ q l i r i ]_w
[_w d i l l ɑ r ]_w
[_w q i s n i ŋ ]_w
[_w j ɑ x ʃ i s i ]_w
[_w p æ r m æ k t æ ]_w
[_w ʃ ɑ m ]_w
[_w q o s x i l ɑ ŋ ]_w
[_w t ɑ ɑ l ɑ ɣ ɑ ]_w
[_w n æ d i dʒ æ ]_w
[_w m æ q s i s ]_w
[_w æ h w ɑ l n i ]_w
[_w ʃ æ r d ]_w
[_w e l i m i s ]_w
[_w n i ɡ ɑ ]_w
[_w q ɑ r ɑ ʃ t ɑ ]_w
[_w dʒ ɑ q i r i p ]_w
[_w ɑ s t i ɣ ɑ n ]_w
[_w x æ l q i ]_w
[_w b ɑ j r ɑ m ]_w
[_w s o r i d ɑ ]_w
[_w s y p i d i ]_w
[_w ɑ ŋ l ɑ p ]_w
[_w e ŋ i ]_w
[_w x æ l q i m i z ]_w
[_w d i q q æ t ]_w
[_w ɑ t r e z i ]_w
[_w x e n i ]_w
[_w b ɑ r d l ɑ ʃ ]_w
[_w k æ z i p æ ]_w
[_w t æ b æ k k u r ]_w
[_w æ ʃ u ]_w
[_w b u n i ŋ x ɑ ]_w
[_w r i w ɑ j æ t ]_w
[_w t æ l i p i k æ ]_w
[_w d e m æ k t æ ]_w
[_w y z d y n ]_w
[_w t o z d ]_w
[_w n æ t i dʒ i t æ ]_w
[_w w ɑ q i d ɑ r æ ]_w
[_w q ɑ l d u n ɣ ɑ ]_w
[_w dʒ æ t æ l ]_w
[_w ɣ ɑ n i m n i ]_w
[_w h æ q d æ ]_w
[_w ɑ s ɑ z l i q ]_w
[_w t æ b i æ t ]_w
[_w i ʃ i ɣ ɑ ]_w
[_w i z z ɑ q b æ ɡ ]_w
[_w h æ t i z ]_w
[_w p i r l i q ]_w
[_w n æ r s i l æ r ]_w
[_w o j u l i d u ]_w
[_w ɑ w ɑ s i ]_w
[_w h æ j æ t ]_w
[_w m æ h æ l l æ r ]_w
[_w ʃ u n i ]_w
[_w q o j u ʃ q ɑ ]_w
[_w b o r ɑ n ]_w
[_w ɑ m ɑ n ]_w
[_w j y æ n k æ ]_w
[_w ɡ æ dʒ y r y p ]_w
[_w u n s i z ]_w
[_w ø z i k æ ]_w
[_w j ɑ r d ]_w
[_w ɡ i t ɑ p ]_w
[_w e l i n i ]_w
[_w dʒ æ ɡ l i ɡ ]_w
[_w p æ l ɡ i l i k ]_w
[_w æ z ɑ l i h ]_w
[_w j ɑ s i j ]_w
[_w k æ l t i n ]_w
[_w t o x r ɑ ]_w
[_w ɑ t æ t l i k ]_w
[_w p u q r ɑ l ɑ r ]_w
[_w i s s ɑ q b æ k ]_w
[_w k i j i p ]_w
[_w r ɑ j o n i t ɑ ]_w
[_w s u l ɑ d ]_w
[_w m e t ɑ l ]_w
[_w ɑ s ɑ s i j ]_w
[_w k i r t i n ]_w
[_w d i p t i ɡ i ]_w
[_w t e m i z i d æ ]_w
[_w h æ m m i k æ n ]_w
[_w ʃ æ r q i ]_w
[_w ɑ t ɑ l m i ɣ ɑ ]_w
[_w h æ q q i ]_w
[_w n æ d i tʃ i s i ]_w
[_w m ɑ ŋ i t u ]_w
[_w z ɑ l m i d i n ]_w
[_w u r u p ]_w
[_w ʃ æ k i l ]_w
[_w d ɑ p t ɑ ]_w
[_w e j i d ]_w
[_w p ɑ l i l i r i ]_w
[_w s u l ɑ j m ɑ n ]_w
[_w s y r d i ]_w
[_w d e l o z i ]_w
[_w b ɑ s ɑ r i t ɑ ]_w
[_w t æ l æ p ]_w
[_w s e l i ʃ n i ŋ ]_w
[_w dʒ e ɡ i ]_w
[_w j e q i n ]_w
[_w m æ t æ n ]_w
[_w p o l d i ]_w
[_w b ɑ l i n i ŋ ]_w
[_w y l k æ n ]_w
[_w tʃ i j æ n l u ŋ ]_w
[_w i l i t i n i ]_w
[_w r u z i j æ ]_w
[_w j e j i ʃ ]_w
[_w s i s k æ ]_w
[_w x o l ]_w
[_w p æ k l ɑ ]_w
[_w t ɑ i m i j ]_w
[_w k ø z d i n ]_w
[_w n o r u z ]_w
[_w t ø l i t i k i ]_w
[_w q ɑ l m i q i ]_w
[_w b u j r i ɣ ɑ ]_w
[_w k ø r y l i d u ]_w
[_w ɑ r q ɑ ]_w
[_w ɑ t i s i ]_w
[_w ɑ ŋ l ɑ j s i ]_w
[_w q i l i ʃ i m i ]_w
[_w x ɑ d i m i n i ]_w
[_w m æ s tʃ i t ]_w
[_w f i q h i j ]_w
[_w dʒ æ k l æ ʃ ]_w
[_w h ɑ l i t i ]_w
[_w i z z ɑ q b æ k ]_w
[_w b e l i d ɑ ]_w
[_w s ɑ j l ɑ r ]_w
[_w s ɑ l m i d i n ]_w
[_w ɑ p i d æ ]_w
[_w d u r s u n ]_w
[_w æ h w ɑ l i ɣ ɑ ]_w
[_w k y n i d i ]_w
[_w b æ h r i d æ ]_w
[_w j e n i ɡ ]_w
[_w s y r i j æ ]_w
[_w æ k r æ m ]_w
[_w t e m æ k ]_w
[_w s ɑ j l ɑ m ]_w
[_w j o l l ɑ p ]_w
[_w ɑ j ɑ l l u ɣ i ]_w
[_w t æ w r i n i ŋ ]_w
[_w s i j ɑ d ]_w
[_w tʃ ɑ r ʃ æ n b æ ]_w
[_w d æ h t i t ]_w
[_w x i s m æ d ]_w
[_w i s l ɑ h ]_w
[_w d u r ɑ t t i ]_w
[_w k ø z ɡ æ r t i ]_w
[_w q æ t æ r ]_w
[_w i dʒ t i m ɑ i j ]_w
[_w e r i ʃ q ɑ ]_w
[_w tʃ ɑ j ]_w
[_w t æ d q i q ]_w
[_w b o l m i s u n ]_w
[_w b ɑ k i z d ɑ n ]_w
[_w k ɑ d i r ]_w
[_w s ɑ h æ s i d æ ]_w
[_w d o n n ɑ ]_w
[_w b æ j t i p ]_w
[_w d o r ɑ ]_w
[_w x i t ɑ j n i ŋ ]_w
[_w s ɑ h i p i s i ]_w
[_w i b ɑ t æ ]_w
[_w j ɑ s i t i ]_w
[_w r ɑ p i j æ ]_w
[_w ʃ æ x s i j ]_w
[_w t i p æ d ]_w
[_w ʃ i l d i m ]_w
[_w b ɑ j ]_w
[_w i b ɑ r æ t ]_w
[_w p ɑ ʃ l i r i ɡ ]_w
[_w tʃ æ z i t i d æ ]_w
[_w h ɑ dʒ i m n i ]_w
[_w t u t u p ]_w
[_w b ɑ s ɑ r d ɑ ]_w
[_w k i l i k ]_w
[_w t æ r t i p ]_w
[_w q ɑ j t i n ]_w
[_w m æ m æ t ]_w
[_w ɑ ɣ i r ]_w
[_w ø l tʃ i m i k æ ]_w
[_w j ɑ x ʃ i l i k ]_w
[_w m u n b i r i ]_w
[_w ɑ d æ t ]_w
[_w z ɑ j t i z i ]_w
[_w ɑ w ɣ u z d ]_w
[_w k æ l d y r y ʃ ]_w
[_w ɑ r z u ]_w
[_w ɑ r q i t i p ]_w
[_w t i l l i ɡ ]_w
[_w j y z ]_w
[_w p e r i p ]_w
[_w k y tʃ l y ɡ ]_w
[_w j ɑ l l ɑ r ]_w
[_w t u x u t ]_w
[_w ɑ t æ m n i ]_w
[_w ø z y m l y ɡ ]_w
[_w ɣ æ m i t ]_w
[_w l o ŋ q i s i ]_w
[_w k o r l ɑ ]_w
[_w b ɑ j l i n i p ]_w
[_w t æ b i j ɑ t ]_w
[_w d æ q t i r i ]_w
[_w o r m ɑ n ]_w
[_w i d i j æ ]_w
[_w j ɑ r d æ m ]_w
[_w t y ʃ æ n dʒ æ ]_w
[_w ɑ x i r q i ]_w
[_w ɑ s r ɑ q ]_w
[_w t e x i m u ]_w
[_w q e t i q ɑ d ]_w
[_w s i ŋ i p ]_w
[_w k u r u p ]_w
[_w n æ tʃ tʃ æ ]_w
[_w j e t i ʃ ]_w
[_w d e ɡ æ n ]_w
[_w t u n j ɑ t ɑ ]_w
[_w ø j i ɡ æ ]_w
[_w j i ɣ i n i ]_w
[_w t ɑ m ɑ q ]_w
[_w d o l ɑ ]_w
[_w ɑ b t o r ]_w
[_w i dʒ ɑ p i j ]_w
[_w q ɑ l i d i ʃ ]_w
[_w s i k n ɑ l ]_w
[_w d e k y t æ k ]_w
[_w q o p u l ]_w
[_w q ɑ i t i ]_w
[_w s y p æ t ]_w
[_w q i z m æ t ]_w
[_w b e r i l ɣ ɑ ]_w
[_w q o l l i r i ]_w
[_w j e t i b ]_w
[_w ø l d y r ɡ ]_w
[_w k æ tʃ y r y p ]_w
[_w p æ k r i ]_w
[_w ɑ n tʃ æ ]_w
[_w k e l i ʃ t i n ]_w
[_w b ɑ k i s t ɑ n ]_w
[_w k æ p ]_w
[_w d y r i ]_w
[_w ɑ l d i m ]_w
[_w m ɑ ŋ i d u ]_w
[_w b ɑ s ɑ r ɣ ɑ ]_w
[_w ɑ l d i n ]_w
[_w s æ m i m i j ]_w
[_w k e l i b ]_w
[_w q ɑ l i t u ]_w
[_w t ø w æ n ]_w
[_w s æ l ]_w
[_w æ l l ɑ m æ ]_w
[_w h ɑ j ɑ t i ]_w
[_w u z u n ]_w
[_w b u l i n i b ]_w
[_w s æ n ]_w
[_w k u m ɑ n ]_w
[_w d e p i l ɣ ɑ ]_w
[_w ɑ b i d ɑ ]_w
[_w u s u l i n i ]_w
[_w p e r i l ɣ ɑ n ]_w
[_w d u ɑ ]_w
[_w k y z æ l l i k ]_w
[_w ʃ ɑ r i ]_w
[_w o r n i ]_w
[_w d e j i l ɡ æ n ]_w
[_w s u l d ɑ j ]_w
[_w b i ɣ æ d æ r ]_w
[_w q i l ɣ i n ]_w
[_w q ɑ n d ɑ q ]_w
[_w q e l i ʃ t i ]_w
[_w u tʃ r ɑ b ]_w
[_w t æ w r i ]_w
[_w y s t i t i ɡ i ]_w
[_w tʃ i q ɑ r d i n ]_w
[_w b o x u s n i ŋ ]_w
[_w k i d ɑ b n i ]_w
[_w æ k s ]_w
[_w o l t u r u ʃ ]_w
[_w b o l m ɑ j ]_w
[_w s u t i n ]_w
[_w t y s i t æ ]_w
[_w p u l ɑ r ]_w
[_w q i l ɣ u ]_w
[_w k y n d i l i k ]_w
[_w m æ z i l æ r ]_w
[_w j e q i n d i ]_w
[_w b ɑ r ɣ ɑ ]_w
[_w t ɑ ɑ l ɑ x ɑ ]_w
[_w q u r u b ]_w
[_w ɑ z d ɑ ]_w
[_w r u s l ɑ r ]_w
[_w æ s t æ ]_w
[_w p æ d d æ s ]_w
[_w i s m i n i ]_w
[_w m u s u l i n i ]_w
[_w z y r æ t k æ ]_w
[_w d y r l i r i ]_w
[_w b e ɡ æ t ]_w
[_w p æ r æ s ]_w
[_w b æ t ]_w
[_w i m ɑ m ]_w
[_w k ø m y r ]_w
[_w w æ k i l i ]_w
[_w k ɑ m i r o n ]_w
[_w j i l i d ɑ ]_w
[_w dʒ e t i ʃ k æ ]_w
[_w ʃ ɑ ɣ tʃ æ ]_w
[_w b u ʃ ]_w
[_w æ r ɡ i s m u ]_w
[_w m æ k t æ ]_w
[_w t e t i ]_w
[_w e t i q ɑ d ]_w
[_w s i j ɑ s i d i ]_w
[_w i n t e r n e d ]_w
[_w t y n y ɡ y n ]_w
[_w q o z ɣ i ɣ ɑ ]_w
[_w h æ m m æ ]_w
[_w t o s u p ]_w
[_w ɑ p t o n u ʃ ]_w
[_w u j ɣ u r l ɑ r ]_w
[_w n i s b æ t æ l ]_w
[_w d æ r h ɑ l ]_w
[_w h ɑ z i l ɑ ʃ ]_w
[_w u j ɣ u r tʃ æ ]_w
[_w tʃ æ r j ɑ n i ŋ ]_w
[_w s ɑ t ]_w
[_w o j n ɑ j d u ]_w
[_w k ɑ s ]_w
[_w s ɑ b ɑ s i r ]_w
[_w q ɑ r i ʃ i b ]_w
[_w k i m l i ɡ æ ]_w
[_w r o ŋ ]_w
[_w s æ r p æ ]_w
[_w p e j dʒ i ŋ d ɑ ]_w
[_w r ɑ j o n l ɑ r ]_w
[_w b ɑ q m i ɣ ɑ n ]_w
[_w r ɑ d i o m i z ]_w
[_w b u n i ]_w
[_w m æ k t i b i ]_w
[_w s ɑ l i d i n ]_w
[_w t y p æ j l i ]_w
[_w ʃ æ n b æ ]_w
[_w t ɑ s ɑ ]_w
[_w t o ɣ ɑ p ]_w
[_w k o n ɡ r e t ]_w
[_w t i l t ɑ ]_w
[_w n ɑ m ɑ s ]_w
[_w ɑ ʃ u r ɣ ɑ ]_w
[_w t ɑ z d ɑ ]_w
[_w i dʒ t i m ɑ j ]_w
[_w m ɑ d d i ]_w
[_w j o l l i n i ]_w
[_w s e t i p ]_w
[_w s ɑ b i q ]_w
[_w s æ w i j æ k æ ]_w
[_w b e j dʒ i ŋ ɣ ɑ ]_w
[_w ɡ y tʃ æ j d i ʃ ]_w
[_w q o l ɣ ɑ ]_w
[_w b u n i ŋ ɣ ɑ ]_w
[_w t u r m ɑ q t ɑ ]_w
[_w b ɑ b ]_w
[_w s ɑ w u t i ɣ ɑ ]_w
[_w x u l ɣ u l ɑ ]_w
[_w o b z o r i d i ]_w
[_w x ɑ r p e r ]_w
[_w b i k i r ]_w
[_w i ʃ l æ ʃ k æ ]_w
[_w l e ɡ i n i ʃ ]_w
[_w d æ k ʃ y r y ʃ ]_w
[_w b u l n i ]_w
[_w ʃ w e t s i j æ ]_w
[_w ɑ k i z d ɑ n ]_w
[_w s i r d q ɑ n ]_w
[_w q e tʃ i b ]_w
[_w ɑ ʃ u r u ʃ ]_w
[_w u l ɑ r t ɑ ]_w
[_w u tʃ r i t i ]_w
[_w j ø t k æ p ]_w
[_w d o ɣ d ɑ ʃ n i ]_w
[_w k e z æ l l æ ]_w
[_w p e r i ʃ t i n ]_w
[_w æ z ɡ æ r ]_w
[_w u r u n q i ]_w
[_w k e l æ r ]_w
[_w s y p i t i t æ ]_w
[_w ø k t æ b d æ ]_w
[_w x æ l q ɑ r ɑ r ]_w
[_w ɑ t r e s i ]_w
[_w ʃ æ k i l l i ]_w
[_w l e k i n ]_w
[_w w æ d æ n i j ]_w
[_w m æ r ɡ i s ]_w
[_w d u n i j ɑ ]_w
[_w k e ŋ æ j t i ʃ ]_w
[_w s u n u ʃ ]_w
[_w q ɑ j d ɑ ]_w
[_w p æ q æ t æ ]_w
[_w n ɑ z u k u m ]_w
[_w j y k s æ k ]_w
[_w æ z l i h æ t ]_w
[_w q i z i t ɑ ]_w
[_w x æ l q i ɡ æ ]_w
[_w s o ɑ l ]_w
[_w e k s p o r d ]_w
[_w ɑ ŋ l i d i ]_w
[_w p u l d u r q i ]_w
[_w s æ j ʃ æ n p æ ]_w
[_w p ɑ ʃ q i l ɑ p ]_w
[_w x i m i j æ ]_w
[_w dʒ y ʃ y p ]_w
[_w tʃ ɑ r i t ɑ ]_w
[_w ɑ ʃ l i q ]_w
[_w b ɑ tʃ i æ z i ]_w
[_w j e t æ k l æ ʃ ]_w
[_w k o n ɑ ]_w
[_w j i ɣ i n n i ŋ ]_w
[_w j i l d ɑ ]_w
[_w k æ n t æ ]_w
[_w æ z ɑ s i ]_w
[_w ʃ i n ɣ u ɑ ]_w
[_w s æ b i r ]_w
[_w ɑ l t u n ]_w
[_w dʒ ɑ r i d i ]_w
[_w æ h w ɑ l i ]_w
[_w p ɑ x t ɑ ]_w
[_w s æ n i t i n ]_w
[_w k ø r y l ɡ æ n ]_w
[_w d ø l æ m ]_w
[_w ʃ ɑ i r i s i ]_w
[_w q i l i d u ]_w
[_w b æ r i ʃ t i n ]_w
[_w b u r dʒ i n i ŋ ]_w
[_w dʒ æ m i ]_w
[_w q o j u b ]_w
[_w n ɑ h ɑ j i t i ]_w
[_w j y z y p ]_w
[_w u n s i j æ ]_w
[_w i z l ɑ h ɑ t ]_w
[_w d u r u ʃ n i ]_w
[_w q ɑ l m i ʃ ]_w
[_w e z i l ɣ ɑ r ]_w
[_w h ɑ m ɑ n i w i ]_w
[_w e l e k t r ]_w
[_w tʃ ɑ q i r ɣ ɑ ]_w
[_w x æ w p ]_w
[_w tʃ ɑ q i r i p ]_w
[_w b i l m æ j d ɑ ]_w
[_w d u r m u ʃ q ɑ ]_w
[_w o l d u q ]_w
[_w ɑ ʃ l i d i ]_w
[_w tʃ o l b ɑ n ]_w
[_w b o l ɣ ɑ n ]_w
[_w æ t r ɑ b i j æ ]_w
[_w t o n u ʃ ]_w
[_w m æ h æ l l æ ]_w
[_w o r t ɑ q ]_w
[_w m æ k t i p ]_w
[_w z ɑ j ɑ h æ t ]_w
[_w ø t k y s t i ]_w
[_w dʒ e t i ʃ ]_w
[_w b i ʃ q æ t æ m ]_w
[_w t ɑ r i x tʃ i ]_w
[_w q i z m i t ɑ ]_w
[_w ø t k y s y p ]_w
[_w q æ t æ m d æ ]_w
[_w o p s o r i x ɑ ]_w
[_w dʒ æ r j ɑ n d ɑ ]_w
[_w h æ d d i j æ ]_w
[_w n o p e l ]_w
[_w s ɑ m ɑ n ]_w
[_w h ɑ m i d ]_w
[_w p u l u b ]_w
[_w q i l d i m ]_w
[_w t o s t l u q ]_w
[_w ɡ æ tʃ m i ʃ ]_w
[_w i s p ɑ t l ɑ m ]_w
[_w h æ q ]_w
[_w j e z i p ]_w
[_w ɡ i t ɑ b n i ŋ ]_w
[_w i tʃ r ɑ i j æ ]_w
[_w m æ dʒ l i k ]_w
[_w q ɑ j t i b ]_w
[_w m æ s k i l ]_w
[_w t æ p s i l i k ]_w
[_w dʒ u ŋ tʃ i ŋ ]_w
[_w q ɑ l t u r q i ]_w
[_w r ɑ f t o ]_w
[_w ʃ æ h i r i k æ ]_w
[_w dʒ ɑ s ɑ ɣ ɑ ]_w
[_w i tʃ r ɑ ]_w
[_w ɑ z ɑ s l i q ]_w
[_w q ɑ m ɑ q ]_w
[_w b æ k ]_w
[_w j æ t k æ ]_w
[_w j e q i l i m ]_w
[_w n ø w æ d ]_w
[_w h ɑ j ɑ d ]_w
[_w j i ɣ i n t ɑ ]_w
[_w ʃ e r i k i ]_w
[_w ø l ɡ æ n d æ ]_w
[_w t y r i t i ]_w
[_w ø l d y r d æ ]_w
[_w q ɑ l m i t i ]_w
[_w d æ r d i ʃ ]_w
[_w j æ r n i ]_w
[_w q i l i n i ]_w
[_w t ɑ ʃ l i ɣ ɑ ]_w
[_w p ɑ r t l ɑ ʃ ]_w
[_w dʒ e l i l ɑ r ]_w
[_w s ɑ l i r i ]_w
[_w o k j ɑ n ]_w
[_w o b o r o t ]_w
[_w d ø t ]_w
[_w b o z ]_w
[_w æ r k i z m u ]_w
[_w dʒ ɑ s ɑ ]_w
[_w j i l i t i n ]_w
[_w ʃ æ k l i ]_w
[_w t æ r p i j ]_w
[_w s e l i p ]_w
[_w ɣ æ t æ r ]_w
[_w t o l u q l ɑ b ]_w
[_w x o dʒ ɑ ]_w
[_w u dʒ t u r b ɑ n ]_w
[_w m ɑ d d i j ]_w
[_w b ɑ r l i q q ɑ ]_w
[_w d i l l i ]_w
[_w x æ w i r i d i ]_w
[_w k ɑ d d ɑ ]_w
[_w m u z ɑ p i q ]_w
[_w x æ l q i m i s ]_w
[_w k æ t k æ n ]_w
[_w ø j d æ ]_w
[_w tʃ i q i r i ]_w
[_w p i z d i n ]_w
[_w t æ ŋ ʃ æ b ]_w
[_w q ɑ s i m ]_w
[_w dʒ i d ɑ m l i q ]_w
[_w ɑ l i ]_w
[_w æ m k æ ]_w
[_w m ɑ q ɑ l i t i ]_w
[_w b u ɣ d ɑ ]_w
[_w m o x ɑ ]_w
[_w q i r x i s ]_w
[_w d æ w r i ]_w
[_w t ø w æ n l æ b ]_w
[_w o l t u r ]_w
[_w m æ j t ɑ n ]_w
[_w m æ k k æ ]_w
[_w w æ q æ l i r i ]_w
[_w æ t r ɑ p l i q ]_w
[_w i s l ɑ m i j ]_w
[_w p u r u l u ʃ ]_w
[_w j e ŋ i d i n ]_w
[_w tʃ æ m i j ]_w
[_w d ɑ l ]_w
[_w q o j u l t i n ]_w
[_w q u r b ɑ n ]_w
[_w ɡ ø r y l ɡ æ n ]_w
[_w w æ t æ n d i n ]_w
[_w i n z ɑ n i j æ ]_w
[_w b ɑ r m ɑ q t ɑ ]_w
[_w t ɑ r i m ɑ j ]_w
[_w x i s m æ t k æ ]_w
[_w tʃ æ k s i tʃ æ ]_w
[_w q i s i ]_w
[_w ɑ l m ɑ d ɑ ]_w
[_w t o l l ɑ m æ ]_w
[_w i d i m ]_w
[_w b æ j ʃ æ n p æ ]_w
[_w æ w dʒ ]_w
[_w u dʒ r ɑ ʃ ]_w
[_w h æ r k i z i j ]_w
[_w ɣ æ r b i j æ ]_w
[_w e ʃ i p ]_w
[_w ɑ l i m l ɑ r ]_w
[_w j ɑ r i ]_w
[_w x i t ɑ b ]_w
[_w z ɑ m ɑ n n i ŋ ]_w
[_w x æ w æ r l æ r ]_w
[_w l i n i b ]_w
[_w n æ r s i n i ]_w
[_w ɑ j l ɑ r ɣ ɑ ]_w
[_w i dʒ t i h ɑ t ]_w
[_w h ɑ dʒ i ]_w
[_w y n y m i ]_w
[_w b ø s y p ]_w
[_w e l i ʃ i p ]_w
[_w ɣ o ʃ ɑ l ]_w
[_w b ɑ z ɑ r d ɑ ]_w
[_w dʒ i n ɑ j i t i ]_w
[_w ʃ æ r i j æ ]_w
[_w ɑ r q i t i ʃ ]_w
[_w o x ʃ ɑ ʃ ]_w
[_w dʒ e d i l i ʃ ]_w
[_w q o x l ɑ p ]_w
[_w dʒ e q i l ɣ u dʒ ]_w
[_w dʒ i n b i ŋ ]_w
[_w n ɑ m i t i ]_w
[_w z ɑ t i r n i ŋ ]_w
[_w u n z i j æ ]_w
[_w h ɑ z i r i ]_w
[_w ɑ f r i q ɑ ]_w
[_w i q b ɑ l ]_w
[_w b æ r q l æ r ]_w
[_w t ɑ ɣ l i q ]_w
[_w s ɑ j l i q ]_w
[_w ʃ æ h i r i d u ]_w
[_w j e r i ]_w
[_w p u d b o l ]_w
[_w j y s l i k æ ]_w
[_w o p l ɑ s t i ]_w
[_w b ɑ s t u r u ʃ ]_w
[_w e tʃ i ʃ ]_w
[_w q u r u ʃ n i ]_w
[_w ʃ ɑ ŋ ɣ æ j ]_w
[_w k æ s b i ]_w
[_w b ɑ s t u r u p ]_w
[_w dʒ ɑ dʒ ]_w
[_w ɑ m ɑ n æ t ]_w
[_w x ɑ j æ t ]_w
[_w o r d i d ɑ ]_w
[_w k ɑ r s ɑ j ]_w
[_w j e t æ k tʃ i ]_w
[_w m u r ɑ tʃ i æ t ]_w
[_w q ɑ j t i s ]_w
[_w i tʃ i k ]_w
[_w b y j y k ]_w
[_w t o b ]_w
[_w p u n d i n ]_w
[_w h ɑ r ɑ m ]_w
[_w k r i s i ]_w
[_w s ø z i ]_w
[_w k e t i l i p ]_w
[_w d ɑ l l ɑ r ]_w
[_w q ɑ t l ɑ m ɣ ɑ ]_w
[_w s u k ɑ m ]_w
[_w h e dʒ ɡ i m ]_w
[_w e t i r ]_w
[_w k w ɑ d r ɑ t ]_w
[_w t o x t i ]_w
[_w h i dʒ ɑ p i j æ ]_w
[_w t æ h t i d ]_w
[_w b e z i m ]_w
[_w b o l d u m ]_w
[_w f i l i m n i ŋ ]_w
[_w b æ l ɡ i ]_w
[_w j æ t k y z y ʃ ]_w
[_w d u j u q s i s ]_w
[_w j o ʃ u r u ʃ ]_w
[_w i z i m ]_w
[_w ø s y ʃ i k æ ]_w
[_w x i t ɑ j t i ŋ ]_w
[_w q æ ʃ q i r i ]_w
[_w æ t r i t i ]_w
[_w p æ t æ n ]_w
[_w æ s i r n i ŋ ]_w
[_w t ɑ z ɑ ]_w
[_w m e t i r ɑ k ]_w
[_w k ø l æ m ]_w
[_w u l u ɣ w ɑ r ]_w
[_w dʒ i n d ɑ j i p ]_w
[_w s y r æ t ]_w
[_w b o l u p ]_w
[_w dʒ i n ]_w
[_w ɑ p t u l l ɑ r ]_w
[_w p i l i ʃ t ɑ ]_w
[_w o r n i d ɑ ]_w
[_w t æ b z æ n d i ]_w
[_w n e m i d i ]_w
[_w q ɑ n l i q i ]_w
[_w æ j t i z ]_w
[_w m u q ɑ m ]_w
[_w tʃ ɑ j d i s ]_w
[_w l ɑ j i t i n ]_w
[_w t æ k r ɑ r ]_w
[_w b u z u p ]_w
[_w t u n j ɑ ɣ ɑ ]_w
[_w d i n ]_w
[_w j i ɣ i n i t u ]_w
[_w p u ʃ ]_w
[_w ɑ l i t æ ]_w
[_w b i s t æ p ]_w
[_w ɑ r q i d i n ]_w
[_w d ɑ l ɑ ʃ ]_w
[_w t y r ]_w
[_w k ø r m i ɡ æ ]_w
[_w j ɑ l l ɑ h ]_w
[_w r o ʃ æ n ]_w
[_w tʃ e dʒ i n i ]_w
[_w s o r ]_w
[_w o p s o r t ɑ q ]_w
[_w ø l ɡ æ n d æ k ]_w
[_w n æ q ]_w
[_w k ø r z i t i b ]_w
[_w p ɑ k i s i j ]_w
[_w p æ t ]_w
[_w x æ n s u tʃ æ ]_w
[_w ɣ i z m æ n ]_w
[_w z æ w i j i ɡ æ ]_w
[_w p o l s u n ]_w
[_w ø t ɡ æ n ]_w
[_w ɑ ʃ i d u ]_w
[_w t y r k i j æ ]_w
[_w ø l ɡ i l i ]_w
[_w h ɑ z i r tʃ æ m ]_w
[_w y r y m dʒ i ]_w
[_w b æ r z æ ]_w
[_w i t i j æ ]_w
[_w dʒ ɑ b ɑ ]_w
[_w j i l ɣ ɑ n ]_w
[_w q i l ɣ i l i p ]_w
[_w t ɑ t i z i ]_w
[_w t u r z u n ]_w
[_w z i j ɑ r i t i ]_w
[_w s ɑ j t n i ]_w
[_w e s i l ɣ ɑ n ]_w
[_w p i r i n i ŋ ]_w
[_w z æ n æ t ]_w
[_w dʒ æ m i j i s i ]_w
[_w m æ ŋ ɡ y l y k ]_w
[_w i k k i z ]_w
[_w t æ p i r i k ]_w
[_w p i l i p ]_w
[_w q u d q u s u ʃ ]_w
[_w s ɑ d l ɑ m ]_w
[_w ɡ i t ɑ b i æ ]_w
[_w k ɑ t t ɑ ]_w
[_w m u t æ l l i p ]_w
[_w ɑ l t i t ɑ ]_w
[_w æ j d i p ]_w
[_w æ h w ɑ l i n i ]_w
[_w z æ r i j ]_w
[_w ɑ z ɑ t ]_w
[_w j i t i ]_w
[_w i ɑ n æ ]_w
[_w i ʃ l æ t k æ ]_w
[_w b æ q æ d l ɑ ]_w
[_w s o r ɑ q ]_w
[_w l o ŋ q i z i ]_w
[_w k e j i n ɡ i ]_w
[_w i s l ɑ h ɑ t ]_w
[_w ɑ l t u n n i ŋ ]_w
[_w y ɡ i n i ʃ ]_w
[_w ɑ l i m i n ]_w
[_w q æ r æ ]_w
[_w j ɑ l ɣ u s i ]_w
[_w o ɣ r i ]_w
[_w æ p æ n d i n ]_w
[_w m u tʃ t æ h i t ]_w
[_w e t i b ɑ q i ]_w
[_w d ø l æ d l i k ]_w
[_w w æ s i j æ ]_w
[_w n o b u s n i ŋ ]_w
[_w dʒ ɑ h ɑ n ]_w
[_w b i r ]_w
[_w j æ k k æ b ]_w
[_w b i r l i ɡ ]_w
[_w ɣ ɑ n ]_w
[_w i ʃ i n i ]_w
[_w b i r q æ t æ r ]_w
[_w æ s l i k æ ]_w
[_w ɑ t i l dʒ ɑ n ]_w
[_w tʃ e ɡ i ]_w
[_w m i ŋ ɣ ɑ ]_w
[_w o tʃ u q ]_w
[_w d u r m u ʃ i ]_w
[_w z o s u l ɣ ɑ n ]_w
[_w e j t q ɑ n ]_w
[_w p ɑ j ɑ n ɑ t ɑ ]_w
[_w b ɑ r d i n ]_w
[_w r æ h p i r i ]_w
[_w t u r d i ]_w
[_w i m z ɑ ]_w
[_w p i l ɑ n l i q ]_w
[_w w i l ɑ j i t i ]_w
[_w j ɑ ʃ i x ɑ ]_w
[_w q u r u ʃ ]_w
[_w k æ w d i l i p ]_w
[_w s e l i b ]_w
[_w q o r x ɑ s ]_w
[_w s ø z n i ]_w
[_w ɑ i l i s i n i ]_w
[_w i ʃ l i t i ɡ i ]_w
[_w q i l ɑ b ]_w
[_w t ɑ m o l l ɑ r ]_w
[_w b o l t i ]_w
[_w s u n d u b ]_w
[_w k ø p i r æ r ]_w
[_w b e ɡ i d d i ]_w
[_w ɡ i r i m ]_w
[_w m æ s i l i q ]_w
[_w d i r i ɡ æ ]_w
[_w j ɑ l l u ɣ i ]_w
[_w d æ h r i m ɑ n ]_w
[_w j i l l i d i b ]_w
[_w x u t ɑ ]_w
[_w o ɣ u l ]_w
[_w n æ b æ s ]_w
[_w x i t ɑ p n i ŋ ]_w
[_w d ɑ ʃ q ɑ ]_w
[_w k y n i d æ ]_w
[_w s ɑ n ɑ æ t ]_w
[_w k i r i ʃ i x ɑ ]_w
[_w e l i m i n i ]_w
[_w d æ r i b ]_w
[_w m æ r k i p i j ]_w
[_w f ɑ m i l l i j ]_w
[_w j ɑ ʃ l ɑ p ]_w
[_w o r u n ɣ ɑ ]_w
[_w q æ j æ r d i p ]_w
[_w tʃ æ k l i ɡ ]_w
[_w b ɑ l ɑ ]_w
[_w i ʃ l ɑ r ɣ ɑ ]_w
[_w æ s l i d i k i ]_w
[_w i j u l d i ]_w
[_w d e p i p ]_w
[_w æ m æ t ]_w
[_w i n s ɑ n i j ]_w
[_w æ t r ɑ b l i q ]_w
[_w s ɑ n i ]_w
[_w q i l i m ]_w
[_w q ɑ j i l ]_w
[_w q e dʒ i b ]_w
[_w ɑ z r ɑ q ]_w
[_w ɑ l æ m ]_w
[_w m u h i m ]_w
[_w p ɑ ʃ l ɑ n d i ]_w
[_w q ɑ r ɑ m ɑ j ]_w
[_w x u d ɑ ]_w
[_w f o t o s i ]_w
[_w ɑ s ɑ d ]_w
[_w n ɑ r ɑ s i m ]_w
[_w j i t æ r l i ɡ ]_w
[_w q æ ʃ q æ r ]_w
[_w x æ w æ r n i ŋ ]_w
[_w d o ʃ u ʃ ]_w
[_w q æ t i m k i ]_w
[_w ɑ j t i k i ]_w
[_w j ɑ j t u ]_w
[_w ɑ j l i q ]_w
[_w i l ɡ i r i p ]_w
[_w tʃ æ d ]_w
[_w tʃ o ŋ q u r ]_w
[_w p i l æ n ]_w
[_w d o ŋ b i ŋ ]_w
[_w j e j i ʃ k æ n ]_w
[_w b i l æ n l ɑ ]_w
[_w tʃ æ d æ l k æ n ]_w
[_w i d d i ]_w
[_w t ɑ p t ɑ ]_w
[_w ø l ɡ i l i k ]_w
[_w ø z ɡ æ r t t i ]_w
[_w b ɑ ɣ l i q ]_w
[_w æ w l ɑ d i j ]_w
[_w j ɑ x ʃ i l i q ]_w
[_w s u l ɑ l i s ]_w
[_w h ɑ ʃ i m ]_w
[_w s i r d æ ]_w
[_w n e m i t ɑ ]_w
[_w s ɑ w u d i ɣ ɑ ]_w
[_w t o ɣ d i n i ]_w
[_w d æ ʃ k i l ɑ d ]_w
[_w b ɑ z d u r u p ]_w
[_w dʒ i l ɑ ʃ ]_w
[_w q ɑ d l ɑ m ɣ ɑ ]_w
[_w m æ k t i b ]_w
[_w ʃ ɑ ŋ ɣ æ j t æ ]_w
[_w j æ k k æ ]_w
[_w d æ ŋ ʃ æ b ]_w
[_w k y r æ ʃ ]_w
[_w m æ j t u ]_w
[_w r ɑ p i j ]_w
[_w t i d i k i ]_w
[_w p u n i ŋ ]_w
[_w ɑ t t i ]_w
[_w j y s i ɡ æ ]_w
[_w n æ p ]_w
[_w j o l i t i ]_w
[_w x æ r p i j ]_w
[_w j e n i k ]_w
[_w w ɑ n ]_w
[_w o r m ɑ l ]_w
[_w ʃ i n tʃ ɑ ]_w
[_w b o l i t i n ]_w
[_w æ d r ɑ b l i k ]_w
[_w ʒ i l ]_w
[_w t ɑ m o l l ɑ ]_w
[_w m æ k k æ p ]_w
[_w t ɑ x l i q ]_w
[_w q ɑ r ɑ ŋ x u ]_w
[_w k i r i ʃ q i n ]_w
[_w x æ w æ r d æ ]_w
[_w b ɑ tʃ ]_w
[_w b i r l i ʃ i ]_w
[_w q i r ɣ i s ]_w
[_w ø t k y r ]_w
[_w ɑ s ɑ s l i q ]_w
[_w t e k y t æ k ]_w
[_w x o ŋ k o ŋ d ɑ ]_w
[_w ʃ ɑ r ɑ i t i ]_w
[_w e j t q ɑ n d ɑ ]_w
[_w ʃ æ h i r i t ɑ ]_w
[_w æ w l ɑ d i ]_w
[_w w ɑ s ]_w
[_w ɑ w ɑ z i t æ ]_w
[_w j æ t t i n ]_w
[_w t ø l æ m l i k ]_w
[_w t y r ɡ ]_w
[_w b o w ɑ j ]_w
[_w i n d i ]_w
[_w m ɑ l ]_w
[_w tʃ ɑ x ɑ t ɑ ]_w
[_w t i r i ʃ ]_w
[_w b e r i ʃ i ʃ ]_w
[_w j y r ɡ æ n d ]_w
[_w ɑ k i s i ]_w
[_w t ɑ r d ɑ ]_w
[_w i r q i j ]_w
[_w h æ r i k i ]_w
[_w k y n ]_w
[_w ɡ ø ɡ ]_w
[_w d æ r æ b n i ŋ ]_w
[_w t æ t q i q ɑ d ]_w
[_w r o z i ]_w
[_w p æ r q l æ r ]_w
[_w e n i q ]_w
[_w h ɑ l æ t ]_w
[_w e t i p ɑ ]_w
[_w t ø l æ d l i k ]_w
[_w b i l i ʃ i ]_w
[_w ʃ i r ɡ i t i ]_w
[_w æ n d i k æ ]_w
[_w n æ ʃ r d i n ]_w
[_w b ɑ q i ]_w
[_w s o r i ɣ ɑ n ]_w
[_w i k æ n ]_w
[_w s o t i s i n i ]_w
[_w æ t r ɑ b l i k ]_w
[_w r u s tʃ æ ]_w
[_w y ɡ i n i ʃ i ]_w
[_w t i l i ɡ æ ]_w
[_w j e ʃ i ɣ ɑ ]_w
[_w i l i m ]_w
[_w p ɑ r d l ɑ ʃ ]_w
[_w t o ɣ d ɑ ʃ q i ]_w
[_w u n t ɑ q ]_w
[_w b ɑ h ɑ l æ d ]_w
[_w b ɑ r d i b i ]_w
[_w q æ j æ r t æ ]_w
[_w tʃ æ ŋ tʃ i z i ]_w
[_w x ɑ d i m i ]_w
[_w æ w æ d i p ]_w
[_w q ɑ j s i s ]_w
[_w m i k ɑ i l ]_w
[_w æ m æ l ]_w
[_w j i l i n i ŋ ]_w
[_w h ɑ l b u k i ]_w
[_w l ɑ j i h i n i ]_w
[_w ɑ s t i d i k i ]_w
[_w b æ z i ]_w
[_w i z m ɑ n i ]_w
[_w t æ q d i k i ]_w
[_w d y r k i j æ ]_w
[_w t o l ɣ ɑ ]_w
[_w ɑ s t ɑ n ]_w
[_w ɑ l m ɑ s p e k ]_w
[_w s æ p æ r w æ r ]_w
[_w m u d ɑ b i ]_w
[_w ɡ e z æ l l æ ]_w
[_w m æ s tʃ i d ]_w
[_w s m i s ]_w
[_w b ɑ ʃ q u r u ʃ ]_w
[_w k i d ɑ p q ɑ ]_w
[_w i ɡ i l æ ʃ ]_w
[_w ɣ æ n s u ]_w
[_w t ɑ ŋ l i q ]_w
[_w b ɑ r l i q i ]_w
[_w u l ɑ r n i ŋ ]_w
[_w l o n t o n ]_w
[_w m æ n i s i ]_w
[_w ɑ l ɑ q i j ]_w
[_w ɑ l ɑ m i j ]_w
[_w u l u ɣ ]_w
[_w h ø tʃ tʃ æ t ]_w
[_w w æ t æ n i j ]_w
[_w p e r i t u ]_w
[_w m u k ɑ b ɑ t ]_w
[_w e l i n ɣ ɑ n ]_w
[_w ɡ y n s e r i ]_w
[_w s i j ɑ s i t i ]_w
[_w æ n q æ r æ ]_w
[_w d æ l i l ]_w
[_w æ k s i z ]_w
[_w t o l l ɑ r ]_w
[_w b i r n i ]_w
[_w h æ r ɣ i p ]_w
[_w s æ k k i s ]_w
[_w b i l ɑ n i ɣ ɑ ]_w
[_w i s i m l i q ]_w
[_w t y r k ]_w
[_w k e z æ l l i k ]_w
[_w n u s x i s i ]_w
[_w tʃ y m æ ]_w
[_w ɑ l i d i ɡ i ]_w
[_w j u q i r i q i ]_w
[_w ɣ æ w i r i ]_w
[_w b e k i d d i n ]_w
[_w b ɑ ʃ q i r i p ]_w
[_w o x l u m ]_w
[_w b ɑ j l i n i ]_w
[_w t ø l i d i n ]_w
[_w d o k ]_w
[_w t e ɑ l o k ]_w
[_w j i x i n ɣ ɑ n ]_w
[_w m u x b i r i ]_w
[_w t y s y m i n i ]_w
[_w h æ r ɡ i p i j ]_w
[_w h ɑ l æ ]_w
[_w b o j i s ]_w
[_w s ɑ d i l ]_w
[_w o l d u r q i ]_w
[_w b ɑ ʃ l i n i ]_w
[_w i l i d æ ]_w
[_w ɑ r i s i z ]_w
[_w k ø l i m i ]_w
[_w s e t i l i ]_w
[_w x æ j r æ d ]_w
[_w m æ z m u n i ]_w
[_w t i l i t i ɡ i ]_w
[_w ø l dʒ i m i ]_w
[_w e l i n i p ]_w
[_w i ʃ ɣ ɑ l ]_w
[_w h æ s æ n ]_w
