[_w o ɾ a l ]_w
[_w ɡ a l e ɾ i a ]_w
[_w t u ɾ i s m e ]_w
[_w ɡ a n a ]_w
[_w f i l m ]_w
[_w e n b i a t ]_w
[_w k a n t i ]_w
[_w m i k a ]_w
[_w s o n a ]_w
[_w d i n t ɾ e ]_w
[_w o b l i t ]_w
[_w f a m i l i ]_w
[_w n a t u ɾ a ]_w
[_w m i n u t i l ]_w
[_w d o n k s ]_w
[_w t o d a ]_w
[_w t o n e m ]_w
[_w i s t ɔ ɾ i e s ]_w
[_w f e r o ]_w
[_w t o t a ]_w
[_w k a m p ]_w
[_w e s p a i ]_w
[_w p o ɾ d ]_w
[_w ʒ o ɡ s ]_w
[_w b l a n ts ]_w
[_w n o t i s i a ]_w
[_w s o b ɾ e ]_w
[_w e i n e s ]_w
[_w d e l s ]_w
[_w p o ɾ t a ]_w
[_w r e ɡ o ɾ t ]_w
[_w d a l t a ɾ ]_w
[_w k u ɾ s ]_w
[_w ʒ i f ɾ a ]_w
[_w t i k ɾ e s ]_w
[_w p u p l i k a ]_w
[_w k o m e n a ]_w
[_w f i ɡ ɾ a ]_w
[_w b o b l e ]_w
[_w ʒ u ɡ a n t a ]_w
[_w p o ɛ t i k ]_w
[_w s i s t e s ]_w
[_w k e i ʃ ]_w
[_w t a l k n a ]_w
[_w t i u s ]_w
[_w p u ʎ ]_w
[_w t i a t a ]_w
[_w m i ɾ a ɾ ]_w
[_w k ɾ a n ]_w
[_w t o ɾ n ]_w
[_w p e ɾ d e s ]_w
[_w d a b i e ɾ ]_w
[_w ʃ i k ]_w
[_w f e b ɾ e ]_w
[_w ɡ a p a d e s ]_w
[_w k i n a ]_w
[_w p o s t o s ]_w
[_w o b e ɾ n ]_w
[_w p e s p ɾ e s a ]_w
[_w d ɾ a b e s ]_w
[_w p i k t i a ]_w
[_w p e ɾ k ɛ ]_w
[_w d a n t ]_w
[_w p ɾ e n t ]_w
[_w p a b a ]_w
[_w k o lː e ʒ i ]_w
[_w p o l ]_w
[_w s u p o ɾ d ]_w
[_w b a ɾ d ]_w
[_w p o b ɾ e ]_w
[_w m e n o ɾ m a l ]_w
[_w m a ɾ ]_w
[_w l e s t a s i o ]_w
[_w e n e ɾ a ]_w
[_w ʎ o b ]_w
[_w f a n t i l ]_w
[_w b o ɾ ]_w
[_w r e b ɾ e ]_w
[_w p e t i t a t ]_w
[_w k w a ɲ a ɾ ]_w
[_w l u n i b e ɾ t ]_w
[_w b o k e s ]_w
[_w l o b e s ]_w
[_w p o ts ]_w
[_w p i u e n ]_w
[_w t a s t a ]_w
[_w k a n b i s ]_w
[_w kː o o ]_w
[_w k a ɾ s i a ]_w
[_w d i ɾ e k t a ]_w
[_w l ɛ k s i t ]_w
[_w m a ʒ i a ]_w
[_w d e ɾ s e ɾ ]_w
[_w m a s e s ]_w
[_w b e n e s ]_w
[_w b u p l i k a t ]_w
[_w n o i e s ]_w
[_w s u b e ɾ a ]_w
[_w ʎ i u ɾ e ]_w
[_w ʒ u t i s ]_w
[_w a n d i ɡ n a ]_w
[_w s e t m a n a ]_w
[_w p o l t e s ]_w
[_w p i s k a l s ]_w
[_w k o s a s ]_w
[_w b a l o ɾ a ]_w
[_w f o ɾ t a l ]_w
[_w d e u a ]_w
[_w f i ɡ e ɾ e s ]_w
[_w p a s i k s ]_w
[_w e n o ɾ ]_w
[_w m e u ]_w
[_w d e s p ɾ ɛ s ]_w
[_w t e p ɛ n ]_w
[_w t ɾ e s a ]_w
[_w p a s a ɾ ]_w
[_w k o s e s ]_w
[_w e s p e ɾ i ]_w
[_w r e k o ɾ d a t ]_w
[_w e t i s i e s ]_w
[_w l i t e ɾ a ]_w
[_w p i t e o s ]_w
[_w p e n s a ]_w
[_w k o m u n s ]_w
[_w e s p a ɲ o l ]_w
[_w u ɾ ʒ e ʎ ]_w
[_w s a m a r e d ]_w
[_w f e s t e b e ]_w
[_w a l e m a ɲ ]_w
[_w k a o s ]_w
[_w m a m a ]_w
[_w p e ɾ k o ɲ a ]_w
[_w a n a l ]_w
[_w o ɾ i o l ]_w
[_w d i d u l a ɾ ]_w
[_w k l o b a l ]_w
[_w e i ʒ a ]_w
[_w k o r e s p o kː ]_w
[_w s a n d a ]_w
[_w m i f a s ]_w
[_w f i n s ]_w
[_w d a n ɡ a ]_w
[_w s i n t i k a ɾ ]_w
[_w k ɾ e e n s e m ]_w
[_w n o t a ]_w
[_w m e l ]_w
[_w s e k s u ]_w
[_w k a r o tʃ a ]_w
[_w n i b e ʎ s ]_w
[_w a ɡ a f a t ]_w
[_w p e ɾ m e ʎ ]_w
[_w t o r e s p o n ]_w
[_w m u l t i m ]_w
[_w m i ɾ a t a ]_w
[_w s e ɲ o ɾ a ]_w
[_w l i n d e ɾ a ]_w
[_w n o s t ɾ e s ]_w
[_w d o ɾ n a t a ]_w
[_w k i m ]_w
[_w a k ɾ a d e n z ]_w
[_w k l ɔ ɾ i a ]_w
[_w f o s k o ɾ ]_w
[_w m a k i n a ]_w
[_w k i d a ]_w
[_w r e s p o n ]_w
[_w p ɾ o u ]_w
[_w a ɾ m e ]_w
[_w r o m a ]_w
[_w e ɡ o n a ]_w
[_w a l e ɡ ]_w
[_w d a l k n e s ]_w
[_w u ʎ e ɾ e s ]_w
[_w k a n ]_w
[_w k ɾ i t i ɡ ]_w
[_w s e ɡ ɾ e ts ]_w
[_w b a s k ]_w
[_w p a i ʃ ]_w
[_w ʎ u n a ]_w
[_w l e s ]_w
[_w m a n a ]_w
[_w p a ʒ i n ]_w
[_w k i n ]_w
[_w i n k l a ɾ ]_w
[_w p ɾ u d a l ]_w
[_w a u t o ɾ ]_w
[_w m a d e i ʃ a ]_w
[_w p o n i k ]_w
[_w r e a l i dz a t ]_w
[_w t e u ]_w
[_w i n i s i a l ]_w
[_w d i n d ɾ e ]_w
[_w ʒ u n t a ]_w
[_w m u l t i m a ]_w
[_w d a k e ʎ s ]_w
[_w k e d a ]_w
[_w e s t a t ]_w
[_w r ɛ ʒ i m ]_w
[_w k ɾ o k ]_w
[_w n a d u ɾ a ]_w
[_w k a i ʃ a ɾ ]_w
[_w i n i s i s ]_w
[_w d a n i e l ]_w
[_w l a k o ɾ t a ]_w
[_w d ɾ i s t a ]_w
[_w s o b ɾ e t o d ]_w
[_w p l e n s i a t ]_w
[_w p l e k a t e s ]_w
[_w r e ɡ l a m a ɾ ]_w
[_w a u n ɡ e ]_w
[_w s e ɾ b e i ]_w
[_w ɡ ɾ a u ]_w
[_w r e s e p t e s ]_w
[_w b o ɾ t a t ]_w
[_w m e tʃ e ]_w
[_w u l t i m ]_w
[_w s i m i l a ɾ ]_w
[_w p a s e tʃ ]_w
[_w d a d e s ]_w
[_w ɡ a i ɡ t a ]_w
[_w a k s i o ]_w
[_w t o l ]_w
[_w e p ɾ e s a ]_w
[_w n u m e ɾ o s ]_w
[_w s e ɡ ɾ ]_w
[_w p e i e n ]_w
[_w b ɾ o k ɾ a m a ]_w
[_w k a n t a ]_w
[_w e s p e k t e ]_w
[_w k w a d ɾ e ]_w
[_w d e n ts ]_w
[_w b a s e tʃ ]_w
[_w b e ɾ b ]_w
[_w n o b e lː e s ]_w
[_w s o t a ]_w
[_w ɡ o m e n t ]_w
[_w w e b ]_w
[_w e n t ɾ e m ]_w
[_w r a o ]_w
[_w p l e ]_w
[_w p a i ʃ o s ]_w
[_w n o p e t a ts ]_w
[_w k ɾ a m a ]_w
[_w p a p a ]_w
[_w r e b e n ]_w
[_w b i d ɾ e ]_w
[_w d o n e n ]_w
[_w s e m p l e ]_w
[_w m i ʎ o ɾ ]_w
[_w p i s u a l ]_w
[_w a ɡ s i o n s ]_w
[_w r e u n i o n s ]_w
[_w e s t a t a ]_w
[_w p a ʒ e s ]_w
[_w n a t a ]_w
[_w d e a t ɾ e ]_w
[_w r e s ]_w
[_w a i ʃ o s ]_w
[_w e n ʎ a s o s ]_w
[_w p l a s a ]_w
[_w s a b a ]_w
[_w k w e ʎ ]_w
[_w p o k a ]_w
[_w a l t ]_w
[_w k e d a b a ʎ ]_w
[_w b l e n e ɾ a ɾ ]_w
[_w a m i k ]_w
[_w d o l s ]_w
[_w a s i ]_w
[_w a b a n s ]_w
[_w p l o k t i s ]_w
[_w m i dʒ a n s ]_w
[_w ɡ i n e s ]_w
[_w e ɾ e s ]_w
[_w n o ɾ t ]_w
[_w s e ɲ ]_w
[_w k a ɲ e ʎ a ]_w
[_w p ɾ o k ɾ a m a ]_w
[_w l o m e ]_w
[_w a u ɾ i a ]_w
[_w b ɾ e b a ʎ a ]_w
[_w k o n t ɾ e s o ]_w
[_w t e b a d ]_w
[_w f o ɾ a ]_w
[_w r e f ɾ a ɲ s ]_w
[_w d o ɾ n e n ]_w
[_w i n f a n ts ]_w
[_w k ɾ a s i a ]_w
[_w s i n k l o u ]_w
[_w t ɾ o p e s ]_w
[_w u d i l s ]_w
[_w n o b l e ]_w
[_w n i dz ]_w
[_w m i dʒ a ]_w
[_w t a ɾ d ]_w
[_w r o t o ɾ e ʎ o ]_w
[_w l e s k e r a ]_w
[_w m u s e u ]_w
[_w t ɾ a p e s a ]_w
[_w r a f a e l ]_w
[_w o m e n s e n ]_w
[_w e s p e ɾ o ]_w
[_w b i d e o s ]_w
[_w m a ɡ a ]_w
[_w n o p a ]_w
[_w k ɾ i d e ɾ ]_w
[_w b a s a ɾ a ]_w
[_w k o m i a d ]_w
[_w b a ʎ ]_w
[_w l e s t a ts ]_w
[_w n e b e ɾ a b a ]_w
[_w p o s o ]_w
[_w f ɾ a n k e s ]_w
[_w p e ʎ s ]_w
[_w a m p l i ɾ ]_w
[_w k e t a s ]_w
[_w p e ɾ s o n a l ]_w
[_w d ɾ a ʒ e k t e ]_w
[_w a b o ɾ s ]_w
[_w d e ɾ ɡ ]_w
[_w t e m o s i o ]_w
[_w p l o k s ]_w
[_w m i t a ]_w
[_w l o m p ɾ e ]_w
[_w t a u l a ]_w
[_w k o p e ɾ ]_w
[_w d i s a b t e ]_w
[_w s e k o n e ɡ ts ]_w
[_w p u s k a ɾ ]_w
[_w t a p a ]_w
[_w t ɾ i a t ]_w
[_w m e t i e b a l ]_w
[_w s e n t ]_w
[_w a ɾ d i ɡ l e ]_w
[_w m i s ]_w
[_w s a ɾ a ]_w
[_w t e ɾ s ]_w
[_w t e i ʒ ]_w
[_w a ɾ m e n ]_w
[_w b a ɡ e t ]_w
[_w k e d a t ]_w
[_w ʒ a u m e ]_w
[_w a n u n s i ]_w
[_w b o d ]_w
[_w l e n ʎ a s ]_w
[_w f o t o ]_w
[_w k o n e i ʒ e n ]_w
[_w a d e u ]_w
[_w k o l ɔ n i a ]_w
[_w ɡ o l ɔ n i a ]_w
[_w m e n d ]_w
[_w a n a t ]_w
[_w o n e s ]_w
[_w r i b e ɾ a n d ]_w
[_w t e ʎ e s ]_w
[_w a n e m ]_w
[_w p l a n t ]_w
[_w a k t u a l ]_w
[_w b e t i ts ]_w
[_w n o u ]_w
[_w r e p ]_w
[_w ʎ i b ɾ e ]_w
[_w k a i ɡ t a ]_w
[_w a s e ]_w
[_w p i s o s ]_w
[_w d o n e s ]_w
[_w l e m b ɾ e ]_w
[_w m o ts ]_w
[_w d e u ]_w
[_w a n i ɾ a ]_w
[_w a m p i dz ]_w
[_w b o l i s i a ]_w
[_w m a n s ]_w
[_w e ʎ s ]_w
[_w m e ɾ k a ]_w
[_w l i n i a ]_w
[_w s o l u t a ]_w
[_w s o l ]_w
[_w p l e n a ]_w
[_w p l a n e d a ]_w
[_w a l u m n a t ]_w
[_w s a r i a ]_w
[_w f e u ]_w
[_w k a l t ɾ a ]_w
[_w t e s i ɾ ]_w
[_w s a n ]_w
[_w b a k a m e n a ]_w
[_w b e ʎ a ]_w
[_w m a ɾ k a ɾ ]_w
[_w e ɾ b e ʎ ]_w
[_w s o l o ]_w
[_w b a m ]_w
[_w e s t a ]_w
[_w a k ɾ a d a ]_w
[_w p e ɾ i t a t ]_w
[_w d ɾ o p a ]_w
[_w m a ʒ i ɡ a ]_w
[_w p a k t e ]_w
[_w m a ɾ i ]_w
[_w s t e b e s ]_w
[_w m e d ɾ o ]_w
[_w a p o ɾ ]_w
[_w s u b o s a ]_w
[_w k w a l i d a ɾ ]_w
[_w p u ʒ a ɾ ]_w
[_w a n u n s i a ]_w
[_w a k t e ]_w
[_w p a e ʎ a ]_w
[_w k ɾ e a t ]_w
[_w b o n ]_w
[_w t e b i a ]_w
[_w k ɾ e m a ]_w
[_w s o l s ]_w
[_w e n ʎ a ]_w
[_w m o l t a ]_w
[_w b a i ʃ o ]_w
[_w l o s ]_w
[_w d e m a n a ]_w
[_w a l e m a ]_w
[_w p e s e b ɾ e s ]_w
[_w d a ʎ e ɾ ]_w
[_w e s t a k a ]_w
[_w d e t a ʎ a t ]_w
[_w s ɛ ɾ i e s ]_w
[_w p ɾ o b o k a ]_w
[_w s o p ɾ e ]_w
[_w f a l s ]_w
[_w d i b u i ʃ o s ]_w
[_w e m p ɾ e ]_w
[_w b a i ʃ ]_w
[_w b e d ɾ o ]_w
[_w f e m ]_w
[_w l i n t e ɾ i a ]_w
[_w t a ʎ e ɾ ]_w
[_w p a l m a ]_w
[_w k u i n a ]_w
[_w ʒ e n i a ]_w
[_w k o m ]_w
[_w n u m e ɾ o ]_w
[_w d e s p ɾ e s ]_w
[_w f e ɾ l o ]_w
[_w p e d o n s ]_w
[_w p a s e n ]_w
[_w n e k o s i ]_w
[_w p ɾ o f e s i o ]_w
[_w o ɾ t ɾ e ]_w
[_w k a p e ʎ s ]_w
[_w d a m p o ɡ ]_w
[_w a s e k ɾ ]_w
[_w k a b a s t i a ]_w
[_w p a d a ʎ a d ]_w
[_w p e t i t a d ]_w
[_w b a ɾ e ʎ a ]_w
[_w s a p a t ]_w
[_w b l a s e ]_w
[_w t i b e ɾ s o s ]_w
[_w d e m o s i o ]_w
[_w p o d ]_w
[_w b o t ]_w
[_w m a ɾ e s ]_w
[_w k a r e ɾ a ]_w
[_w k o m p ɾ e s a ]_w
[_w a t e n e n ]_w
[_w a m p l i a ]_w
[_w a ɾ ʒ i u s ]_w
[_w n i p e ɾ d ]_w
[_w p i l o d a ]_w
[_w k ɾ e e n s e ɾ ]_w
[_w p o ɾ t a l ]_w
[_w r u t e s ]_w
[_w k e i ʒ o ]_w
[_w m e s ]_w
[_w s e n s e m ]_w
[_w e s p e ɾ e m ]_w
[_w r e u n i o ]_w
[_w s i ɡ i ]_w
[_w e ɾ a ]_w
[_w k o n e i ʃ ]_w
[_w e s e ]_w
[_w i s t ɔ ɾ i k ]_w
[_w i m a dʒ e s ]_w
[_w k w a l d a ɾ ]_w
[_w e m i s i o n s ]_w
[_w a ɾ a ]_w
[_w n i n k u l o s ]_w
[_w r e i n a ]_w
[_w o b s i o ]_w
[_w m a d a ɾ o ]_w
[_w s e s t a ɡ a ts ]_w
[_w s e m p l a ]_w
[_w d a n ts ]_w
[_w e u ɾ o b e ɾ a ]_w
[_w k o r e k t ]_w
[_w d e s ]_w
[_w e d u a ɾ ]_w
[_w b i s i ]_w
[_w m i ɾ a ]_w
[_w k e t a ]_w
[_w m u n t i a ]_w
[_w m a ɾ t a ]_w
[_w m u n i s i ]_w
[_w s e ɾ ]_w
[_w p ɾ o p a ]_w
[_w f e ɾ n e ]_w
[_w t o s ]_w
[_w p a s a t e s ]_w
[_w s u m a ]_w
[_w l i n d e ]_w
[_w ʒ a ɾ ʒ a ]_w
[_w u n e s ]_w
[_w b a n ɡ s ]_w
[_w e n m tʃ ]_w
[_w n a t u ɾ ]_w
[_w n o s ]_w
[_w d a i k w a l s ]_w
[_w b a ɾ e ts ]_w
[_w l o t e l ]_w
[_w p a ɾ t i n ]_w
[_w ʎ i s o ]_w
[_w ɡ o n e ɡ ]_w
[_w n u e b o ]_w
[_w ɡ o s o s ]_w
[_w o ʒ o s ]_w
[_w s a n t ]_w
[_w ʒ i n e s ]_w
[_w k a s i o n s ]_w
[_w e s t e s ]_w
[_w e k s i o ]_w
[_w m o l t e s ]_w
[_w f u m ]_w
[_w d o m a s ]_w
[_w a ʒ e n ts ]_w
[_w ʒ a b o ]_w
[_w d e ɾ s ]_w
[_w e s k o l a ɾ ]_w
[_w p a ɾ s a ]_w
[_w a b i e m ]_w
[_w ʒ o ɾ d i a ]_w
[_w l e t i s i o ]_w
[_w b l a n e d a ]_w
[_w p i a dʒ a ɾ ]_w
[_w k w a t ɾ e ]_w
[_w s o l i d i ɡ a ]_w
[_w ʎ a b o ɾ a l s ]_w
[_w d o ɾː o ]_w
[_w o d ɾ a s ]_w
[_w t i b a ]_w
[_w s i n e m a ]_w
[_w a f i ɾ m a ɾ ]_w
[_w e s t e s a ]_w
[_w e s k ɾ i k ]_w
[_w f u e ]_w
[_w p o t ]_w
[_w e n f ɾ o n t ]_w
[_w p i ɾ i n e u s ]_w
[_w m o n t i n u a ]_w
[_w ʒ e s t i l ]_w
[_w u n i d a d ]_w
[_w b u ʒ a ]_w
[_w a n t o ]_w
[_w f e ɾ l i n ]_w
[_w b ɾ e s a ]_w
[_w f ɾ a s e ]_w
[_w f i ɾ a ]_w
[_w d a k i ]_w
[_w d o r e ]_w
[_w d ɾ i s t i n a ]_w
[_w z e k ɾ ]_w
[_w p a ʎ ɛ s ]_w
[_w f i ʎ s ]_w
[_w i ɡ w a ]_w
[_w f e ɾ m e d ɾ e ]_w
[_w l a s ]_w
[_w p ɾ i m e s ]_w
[_w f o ɾ m a ]_w
[_w r o m a n a ]_w
[_w r o ʒ e ɾ ]_w
[_w a u ɾ a ]_w
[_w f u s t e ɾ ]_w
[_w t u ɾ a l ]_w
[_w e s m o ɾ s a ɾ ]_w
[_w f e t ]_w
[_w p o b u l a ɾ ]_w
[_w p o l t ɾ e s ]_w
[_w d i n ɡ i ]_w
[_w f u ʒ i ɾ ]_w
[_w l e s t a d ]_w
[_w d i ɾ e k t o ɾ ]_w
[_w n a s ]_w
[_w l e s k o l t a ]_w
[_w m o l ts ]_w
[_w e n e m i k s ]_w
[_w s o m ɾ i u ɾ e ]_w
[_w k a n b i ]_w
[_w p i b i a ]_w
[_w e r o ɾ ]_w
[_w s e ɡ i d ]_w
[_w a b i t ]_w
[_w s e ɾ i a ]_w
[_w k o m u ]_w
[_w k a b ɾ e ɾ o ]_w
[_w p o n ]_w
[_w p e n i ]_w
[_w b u p l i k a ]_w
[_w s e ɾ i e n ]_w
[_w p l a s e ]_w
[_w m ɔ b i l ]_w
[_w d i k ]_w
[_w f i s i ɡ a l ]_w
[_w ʎ u ɲ a ]_w
[_w a l t a ]_w
[_w b ɾ e ɡ n t o ]_w
[_w b i s t a ]_w
[_w u m i l ]_w
[_w k o m o ]_w
[_w p u ɾ a ]_w
[_w p i d e o ]_w
[_w b e n t ɾ e s ]_w
[_w f a s e p o o k ]_w
[_w m e b e s ]_w
[_w k o m e ɾ s ɛ ]_w
[_w m a ɾ i n a k s ]_w
[_w f o k ]_w
[_w ʎ e ʒ i d o ɾ ]_w
[_w b ɾ e s i o ]_w
[_w e s t e u ]_w
[_w ʎ e i ]_w
[_w d a ɲ s ]_w
[_w p o k ]_w
[_w d e r a s a ]_w
[_w m u s e u s ]_w
[_w e s p e s a ]_w
[_w p o t ɾ e m ]_w
[_w p o l s ]_w
[_w t a n i e l ]_w
[_w k a b ɾ e n ]_w
[_w d o ɾ n ]_w
[_w b e s ]_w
[_w l e n ʎ a s o s ]_w
[_w k o k a ]_w
[_w ʒ p i ]_w
[_w b ɾ a s i e s ]_w
[_w ɡ a ɾ s i a ]_w
[_w f a t i ɡ a ]_w
[_w p l a n ts ]_w
[_w d a l ɡ n e s ]_w
[_w i t e a ]_w
[_w i n f a n t i a ]_w
[_w p e ʎ ]_w
[_w b a dʒ ]_w
[_w l e k a t ]_w
[_w a o ɾ a ]_w
[_w f ɾ u i t a ɾ ]_w
[_w n e n e s ]_w
[_w e s t a d ]_w
[_w p o n a ]_w
[_w k o s o s ]_w
[_w a n d i l ]_w
[_w ɡ ɾ e a s i o ]_w
[_w r e f u ʒ i ɾ ]_w
[_w p u ʒ a t a ]_w
[_w f o n s ]_w
[_w e u a ]_w
[_w p i dʒ o ɾ s ]_w
[_w r a m b l i ɡ a ]_w
[_w d e i ʃ e ]_w
[_w d e f e n s a ]_w
[_w p ɾ o ɡ ɾ a m s ]_w
[_w l a r i b e ɾ n ]_w
[_w a b u n ts ]_w
[_w b a d a ]_w
[_w e s f o ɾ s ]_w
[_w ʒ e ɾ m a n a ]_w
[_w a p i t ]_w
[_w t e f e n s a ]_w
[_w s o l a ɾ ]_w
[_w p e t i d a ts ]_w
[_w r e ʎ e u ]_w
[_w b e ʎ e s ]_w
[_w ɡ a m p s ]_w
[_w p ɛ l ]_w
[_w k o n d e ]_w
[_w p o k s ]_w
[_w l o l i ]_w
[_w s e ɡ ɾ a ]_w
[_w a m ɛ ɾ i d ]_w
[_w a k e s t e s ]_w
[_w m a n e ɾ e ]_w
[_w k o n k ɾ e s ]_w
[_w f a s i l ]_w
[_w t o n e s ]_w
[_w b i k t i a ]_w
[_w i k o n ]_w
[_w p a l e a ɾ s ]_w
[_w d ɾ o p e ]_w
[_w d o k t u b ɾ e ]_w
[_w ʒ e l ]_w
[_w b o k ]_w
[_w n a p a r o ]_w
[_w a b i e n t ]_w
[_w b o l t a ]_w
[_w b o l e ɾ ]_w
[_w ɡ o l o ɾ s ]_w
[_w p ɾ o p a ɾ s e ]_w
[_w e s p a ɲ o l s ]_w
[_w s o l i ɾ ]_w
[_w r e k a l ]_w
[_w s a p ]_w
[_w b o n ɛ n s i a ]_w
[_w b e s a ɾ i ]_w
[_w d e l t a ]_w
[_w l e s t a ]_w
[_w k l a ɾ ]_w
[_w f a tʃ ]_w
[_w b l a s a ]_w
[_w l i n t e ɾ n ]_w
[_w ɡ a i ʃ a t a ]_w
[_w b o k a ]_w
[_w k ɾ e u e n ]_w
[_w i ʎ e s ]_w
[_w t o r e ]_w
[_w l o ɾ t ɾ e s ]_w
[_w k a ɾ e n ]_w
[_w e s k o l t a ts ]_w
[_w ɡ o s t ]_w
[_w f o ɾ m e s ]_w
[_w p e ɾ d ]_w
[_w a k s e s ]_w
[_w b a m i e s ]_w
[_w t ɾ o p a p a ]_w
[_w r o s t ɾ e ]_w
[_w p o t ɾ i a ]_w
[_w d e o ɾ i a ]_w
[_w k a t a ]_w
[_w k a n s o ]_w
[_w ʒ e s u s ]_w
[_w e ʎ e s ]_w
[_w p ɾ a s ]_w
[_w ɛ k s i d ]_w
[_w t i d ]_w
[_w m i n u t ]_w
[_w p ɾ e b a ʎ e n ]_w
[_w k ɾ ɔ n i k a ]_w
[_w a m i k s ]_w
[_w i k n a t ]_w
[_w d o ɾ n a ɾ a ]_w
[_w n a u ]_w
[_w n o t i s i a l ]_w
[_w a k o ]_w
[_w t o n ɡ s ]_w
[_w e s p ɾ i u ]_w
[_w ɡ a l o ɾ a ]_w
[_w e t i f i s i d ]_w
[_w k o n s u m ]_w
[_w k o l u m s ]_w
[_w t a n i ]_w
[_w m o s i o n s ]_w
[_w k a l a f e ʎ ]_w
[_w k l a sː i k ]_w
[_w e t i k e n ]_w
[_w k a r e ɾ ]_w
[_w k o ɡ a ]_w
[_w u m a n a ]_w
[_w s e n s a ɾ ]_w
[_w l o ɾ a ]_w
[_w n o m e n a d ]_w
[_w f e r a n ]_w
[_w p ɾ o m o s i o ]_w
[_w n o m e s ]_w
[_w k a n a l ]_w
[_w ʎ e i s ]_w
[_w p l a s t i s i ]_w
[_w t i k ɾ e ]_w
[_w b l a n a ]_w
[_w ʎ e d ]_w
[_w k a d a l a ]_w
[_w f a ɾ i a ]_w
[_w b ɾ ɔ b i e s a ]_w
[_w i n i s i ]_w
[_w k o m p t a ]_w
[_w a k t o ɾ s ]_w
[_w m i n u ts ]_w
[_w p a n o ɾ a m a ]_w
[_w a d a k s i o ]_w
[_w o l a ]_w
[_w e s o ]_w
[_w p e ɾ n s ]_w
[_w r e b e d i t a ]_w
[_w p o n t ]_w
[_w m o d ]_w
[_w a b i e ɾ ]_w
[_w a m o ɾ ]_w
[_w p ɾ e f e ɾ i ts ]_w
[_w t i n ɡ ]_w
[_w k l i ɡ ]_w
[_w k a n t i k ]_w
[_w b o d e u ]_w
[_w d a s ]_w
[_w k w a ɲ a t ]_w
[_w m e ʒ o ɾ ]_w
[_w t e f i n i ɾ ]_w
[_w a s p e ɡ d e ]_w
[_w z e ɾ a ]_w
[_w d i n k e u ]_w
[_w e i n a ]_w
[_w s i b i l ]_w
[_w l e s p o ɾ ts ]_w
[_w b a s i k s ]_w
[_w u n s ]_w
[_w a b a n s a d ]_w
[_w ʒ o p e s ]_w
[_w k o l o ɾ s ]_w
[_w p a ɾ t i ]_w
[_w k e i ʃ a ]_w
[_w r e p ɾ e ]_w
[_w i n t i k ]_w
[_w u n i d a t ]_w
[_w b o i ɾ a ]_w
[_w e k s i s t i a ]_w
[_w p a r e t ]_w
[_w p a ʒ a ]_w
[_w b e t i t ]_w
[_w p ɾ e b a ʎ s ]_w
[_w b o ɾ t ]_w
[_w ʎ i s ɛ n s i a ]_w
[_w k a s t e ʎ ]_w
[_w r e l a ts ]_w
[_w k u l t u ɾ a ]_w
[_w k ɾ i m ]_w
[_w k u ɾ d ]_w
[_w k a n t o r a ]_w
[_w a p ɾ e n t a ]_w
[_w b i n t ]_w
[_w b i k t ɔ ɾ i a ]_w
[_w a k t ]_w
[_w m e n o s ]_w
[_w k o ʎ ]_w
[_w k ɾ e a d i b a ]_w
[_w e n t ɾ e ]_w
[_w p a s a d o ]_w
[_w b a d i m e s ]_w
[_w k e r a ]_w
[_w s a l a ]_w
[_w p o e s i a ]_w
[_w l e s k e n ]_w
[_w s i n k ]_w
[_w f a ɾ i n a ]_w
[_w b e ɾ o ]_w
[_w e s t ɾ a ɾ ]_w
[_w i d a l ]_w
[_w t i n i s i ]_w
[_w b l a n s ]_w
[_w e t i f i s i ]_w
[_w i t e a l ]_w
[_w ʒ e ɡ a ɾ ]_w
[_w ʒ p i i ]_w
[_w r e ʒ i d o ɾ s ]_w
[_w n u m e n ʒ a ɾ ]_w
[_w ɡ i n ]_w
[_w n a s k u t ]_w
[_w t a k a ɾ ]_w
[_w l e m p ɾ e s ]_w
[_w p e d o ]_w
[_w i m a ʒ e ]_w
[_w b i l a n o p a ]_w
[_w d e s i s i o ]_w
[_w u ʎ s ]_w
[_w m e n t i t e s ]_w
[_w d i t o l ]_w
[_w b a i s a dʒ e ]_w
[_w p ɾ a n k o ]_w
[_w f a s ]_w
[_w k o m p a ɲ s ]_w
[_w m i ʎ o ɾ s ]_w
[_w i s t ɔ ɾ i k a ]_w
[_w p a i ʒ e ɡ a ɾ ]_w
[_w o ɾ k a n i dz a ]_w
[_w e s p o ɾ t a ]_w
[_w r e f u ʒ i ]_w
[_w k o n t ɾ e ]_w
[_w m u n t ]_w
[_w e s t i u ]_w
[_w i a i a ]_w
[_w ʃ e n s ]_w
[_w r o k a ]_w
[_w n o s t ɾ a ]_w
[_w p a ʎ ]_w
[_w k o r e u ]_w
[_w r e s e ɲ a ]_w
[_w k o ɾ ]_w
[_w e n t i t ]_w
[_w p o d ɾ a n ]_w
[_w r o p i ɾ a ɾ ]_w
[_w f l o ɾ ]_w
[_w s o k ]_w
[_w t ɾ i a ]_w
[_w l a ʒ u d e s ]_w
[_w a u ɡ m e n t ]_w
[_w d e m a n e ɾ ]_w
[_w f ɾ a n s ]_w
[_w d e u ɾ o b a ]_w
[_w a n t ɾ a l ]_w
[_w p i i ]_w
[_w e s p a ɲ a ]_w
[_w e s k ɾ i dz ]_w
[_w m o s o s ]_w
[_w a t e u ]_w
[_w a t u ɾ ]_w
[_w r e ɡ o r e k t ]_w
[_w a b a ʎ ]_w
[_w a b i a ]_w
[_w m e i t a t ]_w
[_w d e n ɡ ]_w
[_w k a i ɾ e ]_w
[_w z e ɡ i m ]_w
[_w p e n t u ɾ a ]_w
[_w a ɾ t ]_w
[_w m a ɾ i a ]_w
[_w p i u ɾ e ]_w
[_w s a b i k a ]_w
[_w k a s t e ʎ e s ]_w
[_w p e ɾ ]_w
[_w b e i a ]_w
[_w s a ʒ i ]_w
[_w p e ɾ d s ]_w
[_w d u s ]_w
[_w b u b l i k a ]_w
[_w s u b o s o ]_w
[_w e s t a ts ]_w
[_w ɡ w a t e ɾ n e ]_w
[_w e s p o s a ]_w
[_w ʃ a p i ]_w
[_w d o l s a ]_w
[_w p o s k ]_w
[_w d a t a ]_w
[_w t i u ]_w
[_w d e ɾ m e t ]_w
[_w a l f o n s ]_w
[_w d o s ]_w
[_w k o n e ɡ ]_w
[_w k w a l s ]_w
[_w r u d a ]_w
[_w n e ɡ ɾ a ]_w
[_w o f i s i a l ]_w
[_w k u a ]_w
[_w a nː a ]_w
[_w p ɾ e m i s i o ]_w
[_w d e m b ɾ e ]_w
[_w p a s e m p ɾ e ]_w
[_w e s t ɾ e ]_w
[_w e n ɡ e s ]_w
[_w k o m i s i o ]_w
[_w p u ɾ ]_w
[_w p e n a ]_w
[_w e k i b ]_w
[_w f l o ɾ s ]_w
[_w t a l ɡ n a ]_w
[_w s e ɡ s u a l ]_w
[_w r e b e t i dz ]_w
[_w d a ʎ a d ]_w
[_w m o t e ]_w
[_w m o n u m e n d ]_w
[_w f a m o s ]_w
[_w p o t i k a d ]_w
[_w a m a k a ]_w
[_w k o p e ɾ n i l ]_w
[_w p e l ]_w
[_w o ɾ a ɾ ]_w
[_w u n i k a ]_w
[_w s a p i e ɾ ]_w
[_w p o s a ɾ e m ]_w
[_w a ɡ e s ts ]_w
[_w e d i ɡ e s ]_w
[_w ʎ e n k w a ɲ ]_w
[_w d e r i d o ɾ s ]_w
[_w e s t a t a l a ]_w
[_w r e a l i t a ɾ ]_w
[_w k ɔ m i ɡ ]_w
[_w p o d e n t ]_w
[_w l i m i t ]_w
[_w p i a dʒ e s ]_w
[_w k a m i ]_w
[_w f e i a ]_w
[_w a k o s t u m ]_w
[_w a m b ]_w
[_w t a m b i t ]_w
[_w b i u e n ]_w
[_w p e ɾ f e k t a ]_w
[_w s e n t i d a t ]_w
[_w s e s ]_w
[_w t i ʎ u n s ]_w
[_w a b i ]_w
[_w d a k a d ]_w
[_w b o d ɾ e m ]_w
[_w ɡ w a n ts ]_w
[_w a ɡ e ʎ ]_w
[_w d e s p ɾ a t ]_w
[_w l a k s e s ]_w
[_w d e s p e ɾ ts ]_w
[_w t e u a ]_w
[_w d e s i d e s ]_w
[_w p l a k a n d ]_w
[_w b o l e n t ]_w
[_w b o l e m ]_w
[_w e d i f i s i ]_w
[_w b e u ɾ e ]_w
[_w d u n a ]_w
[_w r o tʃ ]_w
[_w ʒ o k o l a ]_w
[_w p e ɾ m e ʎ a ]_w
[_w l o n t ɾ a n ]_w
[_w a l ɡ n s ]_w
[_w e s t e p b ]_w
[_w m e m ɔ ɾ i a ]_w
[_w e t k ]_w
[_w r e ɡ l a ɾ ]_w
[_w e s p e ɾ a ]_w
[_w a n i m a ]_w
[_w a i ɾ ]_w
[_w ɡ w a ɲ a ɾ ]_w
[_w t o p l e ]_w
[_w b ɾ ɛ b i a ]_w
[_w k ɾ a f i k a ]_w
[_w b ɾ i m e ɾ e s ]_w
[_w i n t e ɾ ɛ s ]_w
[_w r e s u l t a t ]_w
[_w t e n d ]_w
[_w s i k a l ]_w
[_w t e m a ]_w
[_w a ʎ i ]_w
[_w p u l ɡ i s ]_w
[_w t i u e n ]_w
[_w ɡ i n a ]_w
[_w p a l e n t a ]_w
[_w a n t i k ]_w
[_w n u p o l s ]_w
[_w m e u s ]_w
[_w k o r e n t ]_w
[_w k a s a ]_w
[_w n o m ]_w
[_w r e i ]_w
[_w p i n ɡ l a ɾ a ]_w
[_w b e ɾ m e s ]_w
[_w ɡ ɾ e ɡ ]_w
[_w d o ɾ e ʎ o ]_w
[_w k o m b a ɲ a ]_w
[_w u n i t e s ]_w
[_w p i s i t e s ]_w
[_w t a ɾ a k o ]_w
[_w k a r e t a ]_w
[_w b i b a ]_w
[_w ʒ u l i o ]_w
[_w a l a k a ]_w
[_w ʎ i b e ɾ n s ]_w
[_w m e n t a ]_w
[_w k w a n d ]_w
[_w ʎ a b o ɾ a l ]_w
[_w p e n s e m ]_w
[_w l a k t e ]_w
[_w m o ɾ t a ɾ ]_w
[_w d i a ɾ i s ]_w
[_w p e n s e n ]_w
[_w ɡ o n e i ʒ e n ]_w
[_w s a b i e s a ]_w
[_w ʒ a b i e s a ]_w
[_w p a ɾ a ]_w
[_w s o n ]_w
[_w k o m p o ɾ a l ]_w
[_w ʒ e n d a ]_w
[_w t o ɾ n a d e s ]_w
[_w r e s p o ɾ ts ]_w
[_w m a ʒ o ɾ ]_w
[_w d a m p e ]_w
[_w e s e n t ]_w
[_w p a s k ]_w
[_w s e s i o s a ]_w
[_w d e i ʒ o ]_w
[_w l e k t u ɾ e s ]_w
[_w p o n d ]_w
[_w u m a n s ]_w
[_w ʒ e n e ɾ ʃ i ]_w
[_w b e ɾ m e ]_w
[_w k a n b i a n a ]_w
[_w m a n e ɾ a ]_w
[_w a f ɾ o n t ]_w
[_w b ɾ e m i ]_w
[_w b a ʒ i n a ]_w
[_w p i b a ]_w
[_w d e b ɔ ]_w
[_w i ɡ o n ]_w
[_w r e ɾ e ]_w
[_w b o ɛ t i k ]_w
[_w b a ɾ a ]_w
[_w a p a ʎ ]_w
[_w m o t i u ]_w
[_w e s t ɾ a ]_w
[_w e s t a t u t ]_w
[_w r a d i ɡ ]_w
[_w s u b ʒ e ɡ t e ]_w
[_w k o n ɡ u ɾ s ]_w
[_w p a s a d e s ]_w
[_w ɡ l i k ]_w
[_w s e u ɾ e ]_w
[_w d e u e n ]_w
[_w k a s e s ]_w
[_w d i s p o s t ɛ ]_w
[_w p e n s a ɾ ]_w
[_w i d i o m a ]_w
[_w s i n o ]_w
[_w p ɾ e o k u b a ]_w
[_w b i s u a l ]_w
[_w e t i s i o ]_w
[_w i n s t a n d ]_w
[_w l i b e ɾ n ]_w
[_w ɡ u l ]_w
[_w f u n t a ɲ a ]_w
[_w f i s i l ]_w
[_w e n d o ɾ ]_w
[_w n o b e t a ts ]_w
[_w e u ɾ o p e ɾ n ]_w
[_w b u n t ]_w
[_w b a s t a ]_w
[_w k a u t i ɾ ]_w
[_w m e s a ]_w
[_w f l i ʃ ]_w
[_w a u ɾ e ]_w
[_w s o s i a l s ]_w
[_w m a ɾ ɡ a t ]_w
[_w f i n ]_w
[_w a l e s ]_w
[_w i n f o ɾ m e s ]_w
[_w b e ɾ l i n ]_w
[_w t a k e s t e m ]_w
[_w d o m a k e ts ]_w
[_w d e s p e ɾ o ]_w
[_w m a t e ɾ i ]_w
[_w f a l t a d ]_w
[_w s e ɡ e i ʒ a ]_w
[_w m o n e s ]_w
[_w s u p e ɾ i o ɾ ]_w
[_w o k a s i o ]_w
[_w a s i s t e s ]_w
[_w d i b e ɾ s i o ]_w
[_w m i ɡ e l ]_w
[_w m i ɾ o ]_w
[_w d ɾ o b a ɾ s e ]_w
[_w ʃ e n t e n ɡ ]_w
[_w s i k i ]_w
[_w k ɾ e u ɾ e m ]_w
[_w e s t o j ]_w
[_w b o d e n ]_w
[_w t i ɡ n i d a d ]_w
[_w a l s ]_w
[_w k e t a ɾ ]_w
[_w a ɾ t u ɾ ]_w
[_w d a r e ɾ ]_w
[_w ʃ o n ]_w
[_w p a s ]_w
[_w ɡ a n ]_w
[_w m a n t e ɾ ɛ s ]_w
[_w k a l m a ]_w
[_w d a n ]_w
[_w p l a n k a ts ]_w
[_w s a l o ]_w
[_w p i s t a ]_w
[_w d e n s ]_w
[_w r i e ɾ a ]_w
[_w t e u t e ]_w
[_w a ɡ e s t a k a ]_w
[_w w e ɾ t ]_w
[_w k a s t e ʎ a ]_w
[_w p a i ʃ a d a ]_w
[_w b u tʃ a k a ]_w
[_w t i a ɾ i ]_w
[_w s e m p l a b a ]_w
[_w s e t m a n e l ]_w
[_w t o ɾ n a t a ]_w
[_w n o s t ɾ e ]_w
[_w f i k ɾ e ]_w
[_w e l s ]_w
[_w e n t a d ]_w
[_w a i ʃ i ]_w
[_w a b ɾ e n t ]_w
[_w b a s i o ]_w
[_w ʃ e k s u ]_w
[_w d ɾ e u ]_w
[_w e u ɾ o b e a ]_w
[_w n e i ʒ e ɾ ]_w
[_w d i n k ]_w
[_w r e k o ɾ t a ɾ ]_w
[_w s i m i l a ɾ s ]_w
[_w m e m p ɾ e s a ]_w
[_w l i t e ɾ ]_w
[_w p a ɾ l a t ]_w
[_w d e r a ]_w
[_w n o d i s i e s ]_w
[_w b o s t ɛ ]_w
[_w m i ɾ e i a ]_w
[_w m a ɾ t i t ]_w
[_w p u p l i k a d ]_w
[_w k a ɾ a ]_w
[_w f e ɾ l a ]_w
[_w ʒ ɛ n e ɾ e s ]_w
[_w n e t e ʒ a ]_w
[_w p i ɲ a ]_w
[_w l a u ɾ a n ]_w
[_w s o s i a l ]_w
[_w r e k o ɾ t o ]_w
[_w a i ʒ o s ]_w
[_w p a ɾ d ]_w
[_w b e ɾ t ]_w
[_w d i b e ɾ s o s ]_w
[_w k o l o m ]_w
[_w t e s t a ]_w
[_w p a m i e s ]_w
[_w m i ɾ e n ]_w
[_w b e n s e ]_w
[_w a l a ɡ a n s o ]_w
[_w o u s ]_w
[_w b o n a ]_w
[_w ʒ e k s u a l ]_w
[_w s i u ]_w
[_w a n i m a l s ]_w
[_w d e p a d ]_w
[_w b o n e ʎ ]_w
[_w f u n t a s i a ]_w
[_w s u b ʒ e k t e ]_w
[_w p e n ]_w
[_w d a ʎ e ɾ s ]_w
[_w d a m u n t o ]_w
[_w k o n s e ɾ b a ]_w
[_w p a t e s ]_w
[_w a ɾ b ɾ e ]_w
[_w d e i e n t ]_w
[_w s e m b l a b a ]_w
[_w f ɾ e t ]_w
[_w t i s e ɲ ]_w
[_w t e s i t a ]_w
[_w k o n t a k t e ]_w
[_w ʎ e ʒ e i ʒ ]_w
[_w m o m e n t ]_w
[_w l u ɡ s e ]_w
[_w p ɾ o b a ɾ ]_w
[_w i m a dʒ e ]_w
[_w t o l i ]_w
[_w e s a ]_w
[_w a b s o l u d a ]_w
[_w k a d a l u ɲ a ]_w
[_w d o n t e ɡ a ]_w
[_w t a r e ɾ ]_w
[_w a m a n ts ]_w
[_w ɡ i a ]_w
[_w d i k i n ]_w
[_w p e d ɾ e s ]_w
[_w t a n t ]_w
[_w m a l s ]_w
[_w e n ɡ e s t a ts ]_w
[_w s e n d a t ]_w
[_w t ɾ e u ɾ e ]_w
[_w b ɾ o m o u ɾ e ]_w
[_w k ɾ a s i e s ]_w
[_w s e l ]_w
[_w p ɾ ɛ p i a ]_w
[_w t o d o m ]_w
[_w ʎ o p ɾ e ]_w
[_w a n d o ]_w
[_w t i n t ɾ e ]_w
[_w k w a ɲ ]_w
[_w d u ɾ a ]_w
[_w s e ɡ ɾ e s ]_w
[_w p o p ɾ e s ]_w
[_w b o n i ɡ a ]_w
[_w m a s a ]_w
[_w d e k s t ]_w
[_w p i s t ]_w
[_w d i n t ɾ e m ]_w
[_w f e ɾ i o t e ]_w
[_w l u n i b e ɾ s ]_w
[_w k ɾ i d e ɾ i ]_w
[_w a b i d a s i o ]_w
[_w p l a s i o ]_w
[_w b e n e n ]_w
[_w b a k a ]_w
[_w b i l o t a ]_w
[_w p o t ɾ e u ]_w
[_w ʎ a ɾ k e s ]_w
[_w n e ɡ ɾ e d ]_w
[_w i m p o l s ]_w
[_w t i a ]_w
[_w a l t ɾ i a ɾ ]_w
[_w i i i ]_w
[_w b ɾ i m e ɾ ]_w
[_w t a l k u ]_w
[_w p e n e d ɛ s ]_w
[_w o ɡ u b a ]_w
[_w b e ɾ s o n a l ]_w
[_w a i ʃ e s ]_w
[_w p e s p ɾ e s ]_w
[_w k l u p ]_w
[_w t i m a ɾ ]_w
[_w p ɾ e u ]_w
[_w s i t a ]_w
[_w a k s i t ]_w
[_w a k s e b t e s ]_w
[_w b ɾ i b a t a ]_w
[_w r a p i a ]_w
[_w r e s u l t a ]_w
[_w e t u k s i o ]_w
[_w k a t ]_w
[_w m a ʎ o ɾ k a ]_w
[_w p a ɾ e ʎ a ]_w
[_w l a l ɡ a l t e ]_w
[_w b o b l a s a ]_w
[_w k a n e s ]_w
[_w r o b i ɾ a ɾ ]_w
[_w e f e k t a ]_w
[_w k a d a ]_w
[_w m e s o s ]_w
[_w s ɛ ɾ i a ]_w
[_w d ɾ i a ]_w
[_w s i ɛ n s i a d ]_w
[_w b o ɛ t i ɡ ]_w
[_w d i u ]_w
[_w s e n d i ɾ ]_w
[_w d e s t i n a ts ]_w
[_w b i a dʒ e ]_w
[_w k a n b i a t ]_w
[_w s o ɾ t ]_w
[_w p o s t a t ]_w
[_w l a u l a ]_w
[_w m o n ts e ]_w
[_w ɡ u l t a ]_w
[_w f e n t ]_w
[_w a k a b e n ]_w
[_w d e ɾ e s ]_w
[_w a b e n ]_w
[_w a ɾ t i dz ]_w
[_w b l a n t e ʒ a ]_w
[_w l i m i d ]_w
[_w a l ɡ n ]_w
[_w s e k ɾ a ]_w
[_w t e d i ɡ a ]_w
[_w k ɾ i d e s ]_w
[_w p i s i d ]_w
[_w p a ɾ d i t ]_w
[_w u n o s ]_w
[_w d ɾ e t ]_w
[_w s o s i e t a t ]_w
[_w e s p a ɲ o l a ]_w
[_w l a ɲ ]_w
[_w b a s a b a ]_w
[_w p a s e ʒ a ɾ ]_w
[_w p e ʎ e s ]_w
[_w k o t a ]_w
[_w m a dʒ ]_w
[_w p o l u m ]_w
[_w m a d ɛ ɾ i a ]_w
[_w s a b e n ]_w
[_w m ɔ n i k e s ]_w
[_w m i ɾ a d e n s ]_w
[_w f o ɾ a t ]_w
[_w k ɾ e u ]_w
[_w k i n s ]_w
[_w a ʒ e n d a ]_w
[_w e r o ɾ s ]_w
[_w a k o ɾ t o ]_w
[_w r e p ɾ e ɾ a ]_w
[_w k ɾ a s i a s ]_w
[_w d i m e k ɾ e s ]_w
[_w r a b i d a t ]_w
[_w e i ʒ a s ]_w
[_w s i n ]_w
[_w p u n t a ]_w
[_w k o n b i t a ɾ ]_w
[_w s o l t ɾ i a ]_w
[_w e k o n ]_w
[_w k a ɾ t e ʎ s ]_w
[_w s e m a n a ]_w
[_w m a ʒ o ɾ i a ]_w
[_w p o ɡ e s ]_w
[_w a n t o r a ]_w
[_w r o ɡ a ]_w
[_w d o m a ɡ e ts ]_w
[_w m e ɾ ɡ a ]_w
[_w m a ɾ t i s t a ]_w
[_w t e i ʃ ]_w
[_w s e l e b ɾ a ɾ ]_w
[_w s u ɾ t i ]_w
[_w r i b e n ]_w
[_w p l a dʒ a ]_w
[_w m i ʎ o ɾ a ɾ ]_w
[_w l i b ɾ o s ]_w
[_w t o l e n ]_w
[_w n a s i o ]_w
[_w ʎ e ʒ i n t ]_w
[_w p o b l e ]_w
[_w ʎ e b a t ]_w
[_w a p ɾ ɛ s ]_w
[_w d i m e ɡ ɾ e ]_w
[_w t e n i a ]_w
[_w p ɾ e s a ]_w
[_w l a u ɡ m e n t ]_w
[_w o k t u p ɾ e ]_w
[_w s e k o n e i ʃ ]_w
[_w r e l a s i o ]_w
[_w p u e n ]_w
[_w t ɛ f i s i k ]_w
[_w f e ɾ i t ]_w
[_w p a ɾ ]_w
[_w d e t i k a ]_w
[_w ʒ o s e ]_w
[_w m o n ts e ɲ ]_w
[_w i s ɾ a e l ]_w
[_w ɡ ɾ a s i a ]_w
[_w p o s i t i u ]_w
[_w ʒ e n e ɾ ʒ i a ]_w
[_w m a ɾ k a ]_w
[_w p e u ]_w
[_w ɡ ɾ e u s ]_w
[_w p o s t a ]_w
[_w k o b s ]_w
[_w p o t i f a r a ]_w
[_w k l u b ]_w
[_w a b e ɾ ]_w
[_w p e ɾ m e d e n ]_w
[_w k ɾ o s a ]_w
[_w o m e n t a ɾ ]_w
[_w b u e t e ]_w
[_w ɡ e d a ɾ ]_w
[_w e ɡ i b s ]_w
[_w ʎ i b ɾ e s a ]_w
[_w ʒ e n t e s ]_w
[_w t ɾ a t a ]_w
[_w l e s t a ɾ ]_w
[_w l e m ]_w
[_w s i t o ]_w
[_w m o ɾ a l ]_w
[_w b ɾ o f e s i o ]_w
[_w f ɾ e t a ɾ a ]_w
[_w p a ɾ k ]_w
[_w r e s p i ɾ a ɾ ]_w
[_w m u s i ɡ s ]_w
[_w m a l ɡ ɾ a d a ]_w
[_w m a l a ]_w
[_w s e i ʒ a t a ]_w
[_w m e t ɾ a ]_w
[_w f i k ɾ a ]_w
[_w t e m a t i k ]_w
[_w p a s k w a ]_w
[_w b i s i t a ]_w
[_w m e ɲ s ]_w
[_w r e b i s t a ]_w
[_w m o n ]_w
[_w p a s e s ]_w
[_w e s t o s ]_w
[_w e n k a ɾ a k o ]_w
[_w ʒ p ɡ ]_w
[_w k a m b a ɲ a ]_w
[_w t e r e ɲ s ]_w
[_w s i d u a ]_w
[_w ɡ o n ɛ i ʃ e ɾ ]_w
[_w a k e s t a ]_w
[_w m i ʎ o ɾ a ɾ i ]_w
[_w s i l b i a ]_w
[_w s a l u t ]_w
[_w t a p i d a ]_w
[_w m e s u ɾ a ]_w
[_w s e m p l a t ]_w
[_w k l i k ]_w
[_w k ɾ a u ]_w
[_w b o e s i a ]_w
[_w e i ʒ i ɾ ]_w
[_w n u m ]_w
[_w k o n b i t a l ]_w
[_w k a s t e ʎ o ]_w
[_w m i s m o ]_w
[_w b i n t a ]_w
[_w ʎ e i t a ]_w
[_w d u ɾ a n ]_w
[_w e n b i a ɾ ]_w
[_w ʒ u l i o l ]_w
[_w p a ɾ ts ]_w
[_w e n t a ]_w
[_w o f e ɾ t a ]_w
[_w t a l t a ɾ ]_w
[_w s u p e ɾ i ]_w
[_w s e m b ɾ e ]_w
[_w t i n k e u ]_w
[_w b a s t i a ]_w
[_w k a ɾː e k ]_w
[_w f a ɾ a ]_w
[_w r a o n s ]_w
[_w b o n e s t a d ]_w
[_w a n a b a ]_w
[_w b ɾ o b e u ]_w
[_w r e k o ɾ i ]_w
[_w i n f e ɾ i o ɾ ]_w
[_w d e s t a n ]_w
[_w b i u s ]_w
[_w l e ɡ t u ɾ e s ]_w
[_w b o d e m ]_w
[_w s a n k ]_w
[_w ʒ u n t a s i o ]_w
[_w a ʒ i ]_w
[_w i lː u s i o ]_w
[_w d o k t o ɾ ]_w
[_w n e t a ]_w
[_w a b ɾ e ɾ a ]_w
[_w k s t ]_w
[_w e n ʎ a s ]_w
[_w p ɾ e k n t a ]_w
[_w p l a u ]_w
[_w s e u e s ]_w
[_w ʎ a ɡ ɾ i m ]_w
[_w p a s o s ]_w
[_w k o n s e ʎ s ]_w
[_w s i ɛ n s i e s ]_w
[_w o ɾ d ɾ e ]_w
[_w e l e m e n t ]_w
[_w f o d o ]_w
[_w d o k a ]_w
[_w s e ɾ d ]_w
[_w s e u ]_w
[_w d e ɾ m e ]_w
[_w ʒ a ɾ ʃ e ]_w
[_w p a ɾ l o s ]_w
[_w m u l d i m ]_w
[_w u m a n i t a t ]_w
[_w p a ɾ i s ]_w
[_w r e k o ɾ t a d ]_w
[_w d i k n a ts ]_w
[_w i k w a ]_w
[_w d e n u n s i a ]_w
[_w l u n i b e ʎ s ]_w
[_w b i s i d a ɾ i ]_w
[_w s a b u d ]_w
[_w d i n t e ]_w
[_w t a ɾ o n ʒ a ]_w
[_w f ɾ a k a s ]_w
[_w d i f i s i a ɾ ]_w
[_w k o tʃ ]_w
[_w p ɾ e ɡ n t a t ]_w
[_w p e n t a ]_w
[_w a l e k ]_w
[_w ʎ u m ]_w
[_w e s t ]_w
[_w a f e ɡ d a ]_w
[_w s i l e n s ]_w
[_w a k e s ]_w
[_w p i l a ]_w
[_w t i ɾ e k t o ɾ ]_w
[_w r a b i a ]_w
[_w e n b e ɾ s i o ]_w
[_w i o ɾ k ]_w
[_w p o m a ]_w
[_w s o b a ɾ e u ]_w
[_w s a u ɾ i e m ]_w
[_w r i ɡ a ɾ ]_w
[_w n o b e lː a ]_w
[_w a k s i d ]_w
[_w b l a n t e n ts ]_w
[_w p ɾ i m e ɾ s ɛ ]_w
[_w m a ɾ t i ]_w
[_w p a i n i ʎ a ]_w
[_w k ɾ e i e m ]_w
[_w s e u a ]_w
[_w s i t a d ]_w
[_w i s t ɔ ɾ i a ]_w
[_w s i e m p o ]_w
[_w ɡ a l m a ]_w
[_w k o b e ɾ n ]_w
[_w ɡ o n s ]_w
[_w ʒ u s t i s ]_w
[_w k o n e i ʃ e ɾ ]_w
[_w s o ɾ t i d ]_w
[_w d o ɡ ]_w
[_w m e n t ]_w
[_w l a t e n a ]_w
[_w p e n d a l ]_w
[_w d o ɾ ]_w
[_w a m p i e n ]_w
[_w f ɾ u i ts ]_w
[_w r e ʒ i d ]_w
[_w p u b l i k a ]_w
[_w i n ɡ ɾ e t ]_w
[_w p o ɾ t a b a ]_w
[_w s e n t ɾ e s ]_w
[_w b u ɡ ]_w
[_w ɡ o n k ɾ e d a ]_w
[_w l e s t u t i s ]_w
[_w l a d e n s ]_w
[_w a ʒ u t e n ]_w
[_w l a u t o ɾ s ]_w
[_w n o ɾ m a l ]_w
[_w f ɾ a n s ɛ s ]_w
[_w o p l i t a ɾ s ]_w
[_w p l a e ɾ ]_w
[_w k a b i d o ɾ s ]_w
[_w s e ɡ i a ]_w
[_w d a ɾ t ]_w
[_w f o ɾ t ]_w
[_w p ɾ e u s ]_w
[_w a n d e ɾ ɛ s ]_w
[_w a n a l i dz a d ]_w
[_w r a k o n a ]_w
[_w l e ɡ t u ɾ a ]_w
[_w f ɾ u i dz ]_w
[_w ʎ o ɾ e n o ]_w
[_w i n t ɾ i a t ]_w
[_w a l k u ]_w
[_w t i k ]_w
[_w k o m b ɾ a ]_w
[_w r e s e ɾ t a ɲ ]_w
[_w p e n ʃ a ɾ ]_w
[_w i t a l ]_w
[_w k u ɾ s e s ]_w
[_w f i ʎ ]_w
[_w a l ɡ n e s ]_w
[_w k o n t a ɾ ]_w
[_w e n ɡ a ɾ a ]_w
[_w p a k a n t a ɾ ]_w
[_w k a n a l s ]_w
[_w n e ɡ o s i ]_w
[_w r e k o ɾ t ]_w
[_w d a k o s t a ]_w
[_w r e s p i ɾ a ]_w
[_w p a i ʒ a t a ]_w
[_w m a ɾ i u s ]_w
[_w t ɾ e n t ɾ e m ]_w
[_w u n i o ]_w
[_w m o ɾ a ]_w
[_w b ɾ o b e a ]_w
[_w p l o ɡ s ]_w
[_w r a ʒ o j ]_w
[_w d i ɾ e ɡ t o ɾ ]_w
[_w b a i ʃ a ɾ ]_w
[_w b o s t ɾ e s ]_w
[_w s e k t o ɾ ]_w
[_w m a d e i ʒ e ]_w
[_w b a ɾ e s ]_w
[_w p l o k ]_w
[_w e ɾ e m ]_w
[_w ʒ e n e ɾ a ɾ ]_w
[_w k a n s o n z ]_w
[_w l a i ɾ e ]_w
[_w a l s a t a ]_w
[_w a k a f a t ]_w
[_w t o l e n ts ]_w
[_w p a i s a dʒ e s ]_w
[_w k a t e d ɾ a ]_w
[_w k o a l i s i o ]_w
[_w s e n s e ɾ ]_w
[_w t a n k a ɾ ]_w
[_w p i ɾ d u a l s ]_w
[_w s o ɾ d i ]_w
[_w b o s t a ]_w
[_w p ɾ e b i ]_w
[_w p a ʒ ɛ s ]_w
[_w a ɡ e s t a ts ]_w
[_w e s t u t i ]_w
[_w d o b l e s ]_w
[_w r o s a ]_w
[_w k o m e n t ]_w
[_w m i ɡ a ]_w
[_w m o s ]_w
[_w p o l e ɾ ]_w
[_w b a l e a ɾ s ]_w
[_w e n b i a ]_w
[_w d e i ʒ e n ]_w
[_w m i s t e s ]_w
[_w k o n b e ]_w
[_w i e s ]_w
[_w s e i ʃ a b a ]_w
[_w k a d a s k u n ]_w
[_w l e t i s i e s ]_w
[_w k a n t ]_w
[_w o b i n t ]_w
[_w e n ɾ e ɾ e ]_w
[_w d e b e ]_w
[_w ʒ i ʒ ]_w
[_w k l i m a t ]_w
[_w k o m p l i ɾ ]_w
[_w p a t a ]_w
[_w a m a k a ɾ ]_w
[_w s o n s ]_w
[_w p l o ɡ ]_w
[_w r e ɾ e s ]_w
[_w m a ɾ d i d ]_w
[_w p e s ]_w
[_w n o t i s i e s ]_w
[_w p e u ɾ e ]_w
[_w ʒ e ɾ m a ]_w
[_w k u ɾ i o s a ]_w
[_w p e u s ]_w
[_w k a b ]_w
[_w s e n s i ʎ a ]_w
[_w e s k e r a ]_w
[_w b a d a ʎ a t a ]_w
[_w ʒ o ɾ n a t ]_w
[_w p a s a t ]_w
[_w f e ts ]_w
[_w p a k a ɾ ]_w
[_w p a r e ʒ a ]_w
[_w s i ɡ l e s ]_w
[_w f e ɾ ]_w
[_w p o l u m n a t ]_w
[_w ʎ e ʒ e i ʃ ]_w
[_w p e ɾ n ]_w
[_w a ɡ d i b a ]_w
[_w b o t ɾ e m ]_w
[_w f o s i n ]_w
[_w a k e s t e ]_w
[_w ʒ e n e ɾ a l s ]_w
[_w ʃ e ɾ m a ]_w
[_w d a b a ]_w
[_w l a n i m a ]_w
[_w t a s k u t ]_w
[_w b ɾ i n s i b i ]_w
[_w r e s u l t a ɾ ]_w
[_w m o t i u s ]_w
[_w ɡ a ʎ i n a ]_w
[_w d i ts ]_w
[_w r e k o m a n o ]_w
[_w d a ɾː ɔ s ]_w
[_w t e r i t o ɾ ]_w
[_w a b a n t e ]_w
[_w ʎ e ʒ e n t a ]_w
[_w a k ɾ a t a ]_w
[_w d ɾ o b a ]_w
[_w s e ɾ b e s ]_w
[_w a k t i k a t ]_w
[_w e n t ɾ e u ]_w
[_w b a t i m e s ]_w
[_w f o ɾ m a s i o ]_w
[_w a b a ɾ ]_w
[_w b o l t e s ]_w
[_w f ɾ u i t ]_w
[_w n o m e n s a ]_w
[_w p i ɡ ]_w
[_w o ɾ k ]_w
[_w ʎ e ʒ i ɾ ]_w
[_w m e ɾ k a ɾ ]_w
[_w k o n t i n u a ]_w
[_w d a b i d a t ]_w
[_w b a l e n t a ]_w
[_w l i e s ]_w
[_w o l o ɾ s ]_w
[_w n o p e m ]_w
[_w d o n a ɾ a ]_w
[_w d a n d a ]_w
[_w d e m a ]_w
[_w t e ʎ a ]_w
[_w f o u ]_w
[_w d i s p o s a ɾ ]_w
[_w p s k ]_w
[_w p a ʒ i ]_w
[_w r e i s ]_w
[_w ʒ i k e ts ]_w
[_w d e n k ]_w
[_w a k ɾ a t ]_w
[_w p a d i ]_w
[_w r e f e ɾ e n t ]_w
[_w p o b l a s a ]_w
[_w m a t ɛ ɾ i a ]_w
[_w t a ɾ t ]_w
[_w b e s a ]_w
[_w k l a s e s ]_w
[_w a n i ɾ e m ]_w
[_w b o t e u ]_w
[_w m e n o ɾ m a ]_w
[_w l e s t a d a ]_w
[_w a k i ]_w
[_w t a b a n t a ɾ ]_w
[_w a r i b a ]_w
[_w e d a t ]_w
[_w b a ɾ e m ]_w
[_w a n a b e n ]_w
[_w s a b i ɡ a ]_w
[_w t a n k a t a l ]_w
[_w k a i k t a ]_w
[_w s a l e s ]_w
[_w m o s t ɾ e ]_w
[_w m u n d a t ]_w
[_w b e i e m ]_w
[_w b o ɾ d a ]_w
[_w a n t e s ]_w
[_w n o i s ]_w
[_w d a l ɡ u ]_w
[_w k l i k e u ]_w
[_w k o m b l e n s ]_w
[_w d e a d ɾ e ]_w
[_w ʒ u n t ]_w
[_w b i t e o ]_w
[_w e n t e n t ]_w
[_w t a ɲ ]_w
[_w d e s p e s i a ]_w
[_w f e n o m e s ]_w
[_w d a ɾ d ]_w
[_w b e u s ]_w
[_w m i dʒ e s ]_w
[_w m u ɾ s ]_w
[_w p ɾ e s ]_w
[_w f a m ]_w
[_w o ɾ a ]_w
[_w k l a ɾ a ]_w
[_w b i l e s ]_w
[_w a p a n t ]_w
[_w t e s e m p ɾ e ]_w
[_w a n a n d ]_w
[_w r e z ]_w
[_w b k n ]_w
[_w b i s t e s ]_w
[_w ɡ ɾ e a t ]_w
[_w p a ɾ e ]_w
[_w d a b a n s a ɾ ]_w
[_w l o k a l ]_w
[_w l o m p ɾ a ]_w
[_w d i u m e n d ]_w
[_w d e l ]_w
[_w t i a ɾ ]_w
[_w l e k t o ɾ s ]_w
[_w m a n i d a ]_w
[_w f u t u ɾ ]_w
[_w f i t e l ]_w
[_w s a p i e s a ]_w
[_w r e ɡ u ɾ s ]_w
[_w p ɾ e ɡ n t o ]_w
[_w p a p e ɾ ]_w
[_w a s e ɡ ɾ a ]_w
[_w l o ɾ d ɾ e ]_w
[_w p o ɾ t ]_w
[_w d i s p o s a ts ]_w
[_w d ɾ e b a ʎ a ]_w
[_w a l o ɾ ]_w
[_w d e s t a ]_w
[_w m i ʎ o ɾ a ]_w
[_w s o s i e d a t ]_w
[_w a m e n d ]_w
[_w d i ɡ i n ]_w
[_w d ɾ a ɡ t i k a ]_w
[_w f a m o s a ]_w
[_w b a ʒ e s ]_w
[_w t i t ]_w
[_w p e ɾ e s ]_w
[_w n e n ]_w
[_w b u ɾ ]_w
[_w s u ɾ t ]_w
[_w p e d i t a ]_w
[_w e n e ɾ ʃ i a ]_w
[_w a f e ʒ i m ]_w
[_w k ɾ e u s ]_w
[_w u m o ɾ ]_w
[_w p i u s ]_w
[_w i n d ɾ e k a ]_w
[_w ʎ i p ɾ e s ]_w
[_w a ɡ d o ɾ s ]_w
[_w p l a n k e s ]_w
[_w l a l ɡ e ɾ ]_w
[_w o ɾ i ʃ e n ]_w
[_w k o n e k t ]_w
[_w k l i m a ]_w
[_w m a s i a ]_w
[_w b e ɾ t u ɾ e s ]_w
[_w ʒ o ɾ t i t ]_w
[_w i s a b t e ]_w
[_w e d i s i o ]_w
[_w e n b e ɾ s ]_w
[_w e k s i s t e s ]_w
[_w d a n i ]_w
[_w e s k o l a ]_w
[_w p ɾ e m i ]_w
[_w a p i d u a ]_w
[_w s o p a ]_w
[_w ɡ o n d a ɡ t e ]_w
[_w m a s ]_w
[_w p ɾ e m i s ]_w
[_w k u ɾ i o s ]_w
[_w ʒ u l i a ]_w
[_w p a i s ]_w
[_w p a m ]_w
[_w s o l t ɾ e ]_w
[_w p i d ]_w
[_w i n f o ]_w
[_w d a u l a ]_w
[_w d i n ɡ ]_w
[_w a n o m e s ]_w
[_w b e ɾ i o ɾ ]_w
[_w a b ɾ o p a d ]_w
[_w o b ɾ e t e n ]_w
[_w t i f u s i o ]_w
[_w p o i ]_w
[_w t e s t i u ]_w
[_w k a n b i a d ]_w
[_w d e n s i o ]_w
[_w a ɡ s t i ]_w
[_w f e t a ]_w
[_w b o s o ]_w
[_w p e n s e ]_w
[_w p o k o ]_w
[_w t a m b e s ]_w
[_w e n b o l t e s ]_w
[_w b l e ]_w
[_w f o t o s ]_w
[_w p ɾ i m e ɾ ]_w
[_w o b ɾ a ]_w
[_w k ɾ i t e ɾ ]_w
[_w f ɾ a n s e s ]_w
[_w k a r e ɾ s ]_w
[_w f e i n a ]_w
[_w t e r a s a ]_w
[_w i n b e ɾ s a ]_w
[_w ʎ i b ɾ e ɾ o ]_w
[_w f ɔ ɾ u m ]_w
[_w p u k a ]_w
[_w s e ɡ a ]_w
[_w d e r e ɲ s ]_w
[_w ɡ e t a ɾ a ]_w
[_w k a ɾː e ɡ s ]_w
[_w s o b t e n i u ]_w
[_w a l o n s o ]_w
[_w p e s e s ]_w
[_w s o s i s i o ]_w
[_w t a ɡ a ɾ ]_w
[_w r e l a d ]_w
[_w a ɾ a b ]_w
[_w ʒ u k a d ]_w
[_w i n t e ɾ n e d ]_w
[_w f u n s i o ]_w
[_w f a ɾ i n a ɡ s ]_w
[_w m a ɡ i n a ]_w
[_w o n o ɾ ]_w
[_w n u b o l s ]_w
[_w a l b e ɾ d o ]_w
[_w a b i t u a t a ]_w
[_w a m b i t ]_w
[_w e n ɾ i k ]_w
[_w p i l a ɾ ]_w
[_w e s t i l ]_w
[_w m ɛ d o t e s ]_w
[_w s i ɡ n e s ]_w
[_w b i p a ]_w
[_w b a i ʃ e k a ɾ ]_w
[_w o m e s ]_w
[_w t ɾ o b a b a ]_w
[_w l a l t ]_w
[_w f u t b o l ]_w
[_w t a s i o n a ]_w
[_w b a d i ɾ a ɾ ]_w
[_w p a s t ]_w
[_w t o t o ]_w
[_w k ɾ ɔ n i k e s ]_w
[_w s a b u t ]_w
[_w ʎ a p o ɾ s ]_w
[_w t e s t a ɾ a ]_w
[_w l i b ɾ o s e s ]_w
[_w n o b a ]_w
[_w a k o ɾ d a ]_w
[_w s o l u t ]_w
[_w e s t a ɾ ]_w
[_w f e ɾ n a ]_w
[_w k o o k l e ]_w
[_w p e n t e ]_w
[_w t o l o ɾ s ]_w
[_w b ɾ e o k u b a ]_w
[_w m o l t ]_w
[_w a ɡ o s t u m s ]_w
[_w e t i d ]_w
[_w a i ɾ e ]_w
[_w k o ʎ e s ]_w
[_w p i ɡ t i m e s ]_w
[_w b l a dʒ a ]_w
[_w ʒ o k s ]_w
[_w k ɾ e i ʃ e m ]_w
[_w ɡ i ʎ e m ]_w
[_w f a l t a ]_w
[_w m e n o ɾ ]_w
[_w m ɔ n i k a ]_w
[_w d o n a ɾ l i ]_w
[_w b a s a t a ]_w
[_w p a ʎ a ɾ ]_w
[_w k w a b a ]_w
[_w ʎ e ʒ e i ʃ o ]_w
[_w d u ɾ a l ]_w
[_w ɡ o n ]_w
[_w o b ɾ i ɾ ]_w
[_w p e k a t a ]_w
[_w f i l ]_w
[_w a n t ɔ n i a ]_w
[_w e s p e ɾ i d ]_w
[_w b i e s ]_w
[_w p i k t o ɾ a ]_w
[_w d o ts ]_w
[_w a r i b i ]_w
[_w a p o ɾ t a l ]_w
[_w p o l ɡ t ]_w
[_w p a t i ɾ a t a ]_w
[_w b a ɾ ɡ a l ]_w
[_w t ɾ a ɡ t a t ]_w
[_w s e k w e n t ]_w
[_w k ɾ u b ]_w
[_w n o t i s i o ]_w
[_w o b ʒ e ɡ t e ]_w
[_w a m b l i ɾ ]_w
[_w d a l t ]_w
[_w a f e ʒ i t ]_w
[_w p e ʎ a ]_w
[_w r e m e i ]_w
[_w p a l a n s ]_w
[_w p a r i ]_w
[_w r e ɡ o ɾː e ɾ ]_w
[_w p i ʒ e n ]_w
[_w l a m o ɾ ]_w
[_w s e n s i s ]_w
[_w d i u s ]_w
[_w e ʎ a ]_w
[_w t e n t a ɾ ]_w
[_w b e ɾ t u t ]_w
[_w f e s ]_w
[_w s e ɾ ɡ l e ]_w
[_w ʃ i ɾ o n a ]_w
[_w l a n ]_w
[_w b a ɾ s a ]_w
[_w e s p ɛ s i e s ]_w
[_w ɡ o m ]_w
[_w f ɾ a s e s ]_w
[_w s a l t ]_w
[_w a i ʒ o ]_w
[_w s u ɾ d i ]_w
[_w p ɡ n ]_w
[_w p l a n t a ʎ a ]_w
[_w r o p e ɾ n ]_w
[_w k o n d i ʎ a ]_w
[_w o b i n i o n s ]_w
[_w ʒ i ʃ ]_w
[_w k o n t e ]_w
[_w d i t o l s ]_w
[_w e ɾ ɡ ]_w
[_w k a p ɾ e ɾ i a ]_w
[_w o k u b a d ]_w
[_w a k t u a l s ]_w
[_w b o n e s ]_w
[_w i n d e ɾ ɛ s ]_w
[_w r e s t a s ]_w
[_w f i n a l ]_w
[_w b u n ts ]_w
[_w n o d i s i a ]_w
[_w s e ɾ b e i ʒ ]_w
[_w ʒ u d i s ]_w
[_w b a d i t ]_w
[_w k ɾ i dz ]_w
[_w ʒ u l ]_w
[_w d ɾ e t a t ]_w
[_w i n i s t ɾ e ]_w
[_w b e l ]_w
[_w s a b e ɾ s o s ]_w
[_w t i a l ]_w
[_w m o l i n s ]_w
[_w r o m a n s ]_w
[_w p u e t e ]_w
[_w a l u m n a ]_w
[_w n o i a ]_w
[_w ʎ u i d a ]_w
[_w b a l ]_w
[_w p u n t ]_w
[_w ɛ p o k a d ]_w
[_w e n t i d ]_w
[_w n e s e s a ]_w
[_w m o t ]_w
[_w a k t u a ɾ t ]_w
[_w ɡ u l p a ]_w
[_w s i ɛ n s i a ]_w
[_w k o m e n d ]_w
[_w n i d ]_w
[_w k a u ɾ e ]_w
[_w l o u ]_w
[_w ɡ o m p a ɲ a ]_w
[_w i n t ɾ e ts ]_w
[_w s e ɾ a ]_w
[_w p o n e ʎ ]_w
[_w b e ʎ e s a ]_w
[_w k o n d i n ɡ i ]_w
[_w k o n t e n e n ]_w
[_w b a ʒ ɛ s ]_w
[_w m u n t a ]_w
[_w b i a dʒ e s ]_w
[_w a m p ]_w
[_w f u ʎ ]_w
[_w k o m b t e ]_w
[_w p e ɾ i t e ɾ ]_w
[_w f e s t a s i ]_w
[_w n e u ]_w
[_w k o m p a ɲ e s ]_w
[_w f a s e ]_w
[_w m a k n i f i ɡ ]_w
[_w d a m o ɾ ]_w
[_w ɡ o m i s i o ]_w
[_w k a m p a ɲ e s ]_w
[_w ɡ a b i t a ɾ s ]_w
[_w a i ɡ w e s ]_w
[_w n o p e t a t ]_w
[_w a k s e p t a ɾ ]_w
[_w i n ɡ l o u ]_w
[_w p o e d a ]_w
[_w a k e ʎ ]_w
[_w e n b i a n t ]_w
[_w p o k e s ]_w
[_w k a i ʃ a ]_w
[_w p e ɾ o ]_w
[_w m a n ɡ a ]_w
[_w b ɾ o m o s i o ]_w
[_w d i t ]_w
[_w p ɾ a s a t ]_w
[_w e n t ɾ e s ]_w
[_w k o n d e s ]_w
[_w e ɡ o n e k t ]_w
[_w d i ʃ i ]_w
[_w a m b i e n ]_w
[_w ʒ u ɡ a d o ɾ ]_w
[_w s i n t e ɾ n a ]_w
[_w i n d ɾ e s ]_w
[_w e k s ]_w
[_w t a l t ɾ e s ]_w
[_w ʎ i p ɾ e ]_w
[_w d ɾ e s ]_w
[_w m i s ɛ ɾ i e ]_w
[_w i m p l e ]_w
[_w s e ɡ ɾ a ɾ ]_w
[_w b a ɾ l o ]_w
[_w s i t u a t a ]_w
[_w d a ɾ a ]_w
[_w k o n t ɾ a l ]_w
[_w d e l i k t e ]_w
[_w a m b l a b a ]_w
[_w b o n z ]_w
[_w f u n t a ɾ ]_w
[_w ɡ o tʃ ]_w
[_w d i f i s i l ]_w
[_w a l ɡ n a ]_w
[_w e s k ɾ i t e ɾ ]_w
[_w p a s e dʒ ]_w
[_w m o s i o ]_w
[_w t i n ɡ e m ]_w
[_w ɡ a b ]_w
[_w m o ɾ t ]_w
[_w l e s k o l a ]_w
[_w b o l s ]_w
[_w p ɾ o ʒ e k t e ]_w
[_w b a n ɡ ]_w
[_w p ɾ ɔ b i e s ]_w
[_w t i t u t ]_w
[_w f u n s i a ]_w
[_w k o n e ɡ d e s ]_w
[_w l o n d ɾ a ɾ ]_w
[_w s e n t ɾ a ]_w
[_w b u b l i k a ts ]_w
[_w s e n s ]_w
[_w e s k ɾ i ɡ ]_w
[_w k o s t a ]_w
[_w a u d o ɾ ]_w
[_w d e s i t u a l ]_w
[_w ɡ a m e n t ]_w
[_w f ɾ u i t e s ]_w
[_w f i d e l ]_w
[_w d i k i ]_w
[_w s e k t o ɾ s ]_w
[_w m a ɾ k e s ]_w
[_w d e m a t i ]_w
[_w p ɾ o b e n ]_w
[_w t a ɾ a ]_w
[_w s e k i d a r a ]_w
[_w ʒ o b e ]_w
[_w s e ɡ l e s ]_w
[_w s e ɾ k l e ]_w
[_w k o s t ]_w
[_w b l o u ]_w
[_w b l u ʒ a ]_w
[_w l ɛ b o k a ɾ ]_w
[_w k a p s ]_w
[_w b a ɾ t ]_w
[_w e n d ɾ a n ]_w
[_w k o m a ɾ ɡ a d ]_w
[_w p ɾ o p ]_w
[_w s e k a ]_w
[_w s e ɾ b e ʎ ]_w
[_w d a s i o ]_w
[_w s e ɾ o ]_w
[_w k a t e s ]_w
[_w e s p ɛ s i e ]_w
[_w t o m a k e t ]_w
[_w s u b e ɾ a l s ]_w
[_w p e ɾ i t ]_w
[_w ʒ o a k i m ]_w
[_w d e r o t a ]_w
[_w p e n s e ɾ ]_w
[_w r e l i ʃ i o ]_w
[_w l e k t o ɾ ]_w
[_w b ɾ e ɡ a ]_w
[_w n o b l e n ]_w
[_w r e a ɡ s i o ]_w
[_w k o ɾ o n a ]_w
[_w s a b e m ]_w
[_w t i ɾ a ]_w
[_w k a ɾ t e ʎ ]_w
[_w e l e m e n i ]_w
[_w m a t e i ʒ a ]_w
[_w k u l t a ]_w
[_w s i n t e ɾ ɛ s ]_w
[_w o l o ɾ ]_w
[_w u n i d a ]_w
[_w ɡ o m p d a ɾ ]_w
[_w d e n i ɾ ]_w
[_w k u ʎ e ɾ a t ]_w
[_w a i ʃ ɔ ]_w
[_w p o d i a ]_w
[_w ɡ a m b a ɲ s ]_w
[_w n i t ]_w
[_w e s t a ɾ a ]_w
[_w o p e ɾ d a ]_w
[_w k w a l t a ]_w
[_w b i b i n t a ɾ ]_w
[_w l a k t u a ɾ ]_w
[_w ɡ o m a ɾ k a d ]_w
[_w ʎ a s t i ɡ ]_w
[_w ɡ e t a ɾ s e ]_w
[_w e i ʃ a ]_w
[_w p o l i s i ]_w
[_w ʎ i b e ɾ n ]_w
[_w d a m p e s ]_w
[_w d i d o l ]_w
[_w t ɾ e n ]_w
[_w e k s e ]_w
[_w n u n k a ]_w
[_w e n ɡ w a ]_w
[_w e n s e ɾ ts ]_w
[_w t ɾ a n ]_w
[_w a n ɡ l ɛ s ]_w
[_w l o b i n i o ]_w
[_w e n k e s ]_w
[_w p ɾ e k n t a ɾ ]_w
[_w b a s e ]_w
[_w ʒ i ɾ o n i a ]_w
[_w u n i b e ʎ ]_w
[_w d i n t ɾ a ]_w
[_w p a l e n d o ]_w
[_w t a t e s ]_w
[_w d ɾ e ts ]_w
[_w a r e u ]_w
[_w t e l s ]_w
[_w b e ɾ d a ɲ a ]_w
[_w s a f a t a ]_w
[_w t e m b e s ]_w
[_w ɡ o n b e ]_w
[_w r e a l m e n d ]_w
[_w ʒ o ɾ n a t e s ]_w
[_w e s t a b a ]_w
[_w s a b i e ɾ ]_w
[_w ʒ u n ts ]_w
[_w p ɛ ɾ t u a l ]_w
[_w t i e m p ɾ e ]_w
[_w b e ɾ n a t e s ]_w
[_w r i b e s ]_w
[_w a p a n t a ]_w
[_w b ɾ o s e s ]_w
[_w t e r e ɲ ]_w
[_w p o s a ]_w
[_w m a n ]_w
[_w p o d ɾ a s ]_w
[_w b ɾ e m i s ]_w
[_w i n t e ɾ i a ]_w
[_w k o n b i d a ]_w
[_w u n o ]_w
[_w b i l a ɾ s ]_w
[_w p o l i s i o ]_w
[_w n i ts ]_w
[_w l a r i b i ]_w
[_w d o n i ]_w
[_w r e s e ɾ k a d ]_w
[_w f e d e s ]_w
[_w f o ɾ t a ɾ ]_w
[_w p o l i d i k ]_w
[_w p i n t a ɾ ]_w
[_w n e k ɾ a ]_w
[_w k o n b i d a l ]_w
[_w n o m e n t ]_w
[_w b e ɾ m i n i ]_w
[_w i s a b e n ]_w
[_w t o ɾ e ʎ o ]_w
[_w f a ɾ e m ]_w
[_w b e n s o ]_w
[_w e s t o n e m ]_w
[_w p i n t u ɾ e s ]_w
[_w t e r a ]_w
[_w p u p l i ɡ a ]_w
[_w d e ʎ s ]_w
[_w a ɡ i ]_w
[_w a l s a ]_w
[_w k o n s e ɾ d a ]_w
[_w ʒ a t i b a ]_w
[_w p u s k a n t ]_w
[_w d o d o s ]_w
[_w s u p o s o ]_w
[_w t o ɾ n a ]_w
[_w d a r e ɾ a ]_w
[_w a n i m a l ]_w
[_w m a ɾ t i k l e ]_w
[_w n o ɾ m e ]_w
[_w m u s i k a ]_w
[_w ɡ a l e n t ]_w
[_w s o b t e ]_w
[_w t a m b o k ]_w
[_w l a u ɾ a ]_w
[_w m o d i u ]_w
[_w k o n ɛ i ʒ e ɾ ]_w
[_w d e u ɾ o b e ]_w
[_w p o p u l a ɾ ]_w
[_w b a s i k ]_w
[_w k a u s e s ]_w
[_w p o b u l a ɾ s ]_w
[_w l a ʒ u d a ɾ ]_w
[_w p i n s ]_w
[_w a n a l i dz a ɾ ]_w
[_w e t u k a s i o ]_w
[_w r e ɡ l a m a ]_w
[_w ɡ a ɾ a ]_w
[_w d ɾ o p o s a ɾ ]_w
[_w s e n d ɾ e ]_w
[_w s i t u a ]_w
[_w p ɾ e d o t ]_w
[_w ɡ a n t ]_w
[_w e i ʃ a t ]_w
[_w b e s e s ]_w
[_w k l i e n ts ]_w
[_w ʒ o ɾ n a ]_w
[_w t e l e ]_w
[_w p e u e n ]_w
[_w ɡ o ɾ t o ]_w
[_w b i t a s i o ]_w
[_w s e m p l e d ]_w
[_w p l u ɾ a l ]_w
[_w p e ɾ m e s ]_w
[_w m i n i ]_w
[_w b e ɾ m e ʎ ]_w
[_w p ɾ o b o s a t ]_w
[_w e s t u d i ]_w
[_w ʒ o ɾ t i a ]_w
[_w k o n t a ɡ t e ]_w
[_w i t e e s ]_w
[_w s e t e m ]_w
[_w e s p o n ]_w
[_w b e i e n t ]_w
[_w b u ɾ a ]_w
[_w e s k ɾ i d ]_w
[_w b u p l i ɡ e u ]_w
[_w b e n t ]_w
[_w t i ɡ n a ]_w
[_w b ɾ e t o t ]_w
[_w k a s a l ]_w
[_w t i ʒ o u s ]_w
[_w d e m a n a t ]_w
[_w e sː e ɾ ]_w
[_w e sː e n a ɾ i ]_w
[_w n o p l e ]_w
[_w k ɾ u p s ]_w
[_w a s b e ɡ d e s ]_w
[_w p a ɾ k a ɾ ]_w
[_w k o n s ]_w
[_w d a n k a ]_w
[_w e s t i p a ]_w
[_w m e n ʒ a d ]_w
[_w t a n a ɾ ]_w
[_w n o t a ɾ ]_w
[_w u m a n i d a d ]_w
[_w d o r e n t ]_w
[_w t o m a k e d ]_w
[_w l a r i b a t a ]_w
[_w f a b ɾ i e l ]_w
[_w p ɾ ɔ k s i m ]_w
[_w d i u m e n ʒ e ]_w
[_w p u s k a ]_w
[_w b o s a ts ]_w
[_w l a ɾ e a l ]_w
[_w ɡ o n e k ]_w
[_w b l o k s ]_w
[_w n a t u ɾ a l ]_w
[_w k w a n t ]_w
[_w l a m b i e n t ]_w
[_w m e ɾ a ]_w
[_w n o u s ]_w
[_w a ɡ o ɾ t o s a ]_w
[_w s i u t a t ]_w
[_w a t u ɾ a ɾ ]_w
[_w d i s p o s a t ]_w
[_w n o b l e n a ]_w
[_w p a ɾ a d a ]_w
[_w b e ɾ s o n a ]_w
[_w a b o ɾ ]_w
[_w p e ɾ l i ]_w
[_w e s p e ɾ a l ]_w
[_w k o m e n a dʒ e ]_w
[_w p a t i t ]_w
[_w p l o u ]_w
[_w f e s t a ɾ i ]_w
[_w t a k a ts ]_w
[_w d ɾ e p a ʎ a ɾ ]_w
[_w k o u ɾ e ]_w
[_w m a ɾ t i t a t ]_w
[_w e s k l e s ]_w
[_w p e ɾ l i n ]_w
[_w s e ɾ e ]_w
[_w d a u l e s ]_w
[_w r a k o ]_w
[_w p a s a ]_w
[_w f e ɾ n o s ]_w
[_w p e n s a s i o ]_w
[_w b i l a ]_w
[_w r e ɡ u ɾ s a ]_w
[_w t a ʎ e ɾ s ]_w
[_w k a ʎ i n a ]_w
[_w d e n i e m ]_w
[_w s o n a l ]_w
[_w r o s t ɾ a ]_w
[_w b ɾ i ʎ a n t ]_w
[_w l i b e ɾ a ɾ i ]_w
[_w p e ɾ t e s ]_w
[_w ɡ w a n ]_w
[_w p a ɾ e m ]_w
[_w ʎ a ɾ k a d ]_w
[_w m a i a n s ]_w
[_w s a n ɡ ]_w
[_w p a ɾ l a d ]_w
[_w t a ɡ e ʎ e s ]_w
[_w k a n b i a ɾ ]_w
[_w b l a ts ]_w
[_w d i ʎ u n s ]_w
[_w b i a ]_w
[_w f e m e n i ]_w
[_w m e t ɾ o ]_w
[_w ʒ a b i e n d ]_w
[_w p o e t a ]_w
[_w l e f e k t e ]_w
[_w p o k a ɾ ]_w
[_w p e n d e ]_w
[_w r o m a n o ]_w
[_w d o k a t ]_w
[_w e u ɾ o s ]_w
[_w s i u t a d ]_w
[_w d u ɾ a ɾ ]_w
[_w e s p e s i a ]_w
[_w i k n a s i o ]_w
[_w b a ɾ i e t a t ]_w
[_w f o ɾ n ]_w
[_w i n f a n d i k ]_w
[_w k o ʎ a ]_w
[_w t e s t a ɾ ]_w
[_w e s t e ]_w
[_w f a s e b o o k ]_w
[_w ʒ ɛ n e ɾ e s a ]_w
[_w a l i m e n ts ]_w
[_w p ɾ o t e s ]_w
[_w p o d e u ]_w
[_w b i u ]_w
[_w k ɾ i s i s ]_w
[_w b o s a ]_w
[_w ʒ e n e ɾ a l ]_w
[_w o m e n a s a ]_w
[_w l a u t o ɾ ]_w
[_w a b a n s a ]_w
[_w ɡ ɾ i d ]_w
[_w d ɾ a b e s a ]_w
[_w e s k ɾ i d i k ]_w
[_w ɡ o n d ɾ a d a ]_w
[_w i n t e ɾ n e ]_w
[_w p ɾ o f i d ]_w
[_w s i ɡ l e ]_w
[_w k a r e k a l ]_w
[_w t a r e ɾ a ]_w
[_w b i e n ]_w
[_w d u n s ]_w
[_w ɡ a f ɛ ]_w
[_w ʃ i ɾ i n e u s ]_w
[_w a i k w a l ]_w
[_w ɡ a ɾ t a ɾ ]_w
[_w k a l e ɾ i a ]_w
[_w s e s t a k a d ]_w
[_w m e n t a l ]_w
[_w i n d i k a ɾ ]_w
[_w s a b o ɾ s ]_w
[_w s e l e b ɾ a t ]_w
[_w e k s k u s a ]_w
[_w p i n ɡ d ]_w
[_w p a l o ɾ ]_w
[_w b e ɾ k ɛ ]_w
[_w d i f i s i l s ]_w
[_w p a r a k o n a ]_w
[_w d i b u t a d ]_w
[_w ʒ u l i ]_w
[_w b ɾ e u ]_w
[_w r i u s ]_w
[_w a m u n t i a l ]_w
[_w d ɾ a k t a ]_w
[_w a r i b a ɾ ]_w
[_w r e ʒ i d o ɾ i ]_w
[_w p a ɾ e u ]_w
[_w k a m p s ]_w
[_w k a l e n ]_w
[_w b a n ]_w
[_w ɡ o m p t e ]_w
[_w k a ɾ l o ]_w
[_w r e b o s a ]_w
[_w f a l t a ɾ ]_w
[_w a l ɡ a l t e ]_w
[_w ʒ u ɾ a t a ]_w
[_w a s i s t i k ]_w
[_w t ɾ o p a ɾ ]_w
[_w l i n t e n ts ]_w
[_w o m p ɾ a ]_w
[_w t i b u t a ts ]_w
[_w l e s t i b a ]_w
[_w i n k l o u ]_w
[_w p a ʒ i n a l ]_w
[_w ʒ o a ɡ i m ]_w
[_w m i n i m a ]_w
[_w r e a l i dz a ɾ ]_w
[_w t o r e z ]_w
[_w ɡ w a l s ]_w
[_w p ɾ i m e ɾ e s ]_w
[_w d a t e n ]_w
[_w s u t ]_w
[_w e n ɡ a t a ]_w
[_w ɡ a ɾ t ]_w
[_w t o r e n t ]_w
[_w e s t i n a ɾ ]_w
[_w t e n i m ]_w
[_w a ɾ d i d e s ]_w
[_w b e ɾ t e s ]_w
[_w d e ɾ m e t e n ]_w
[_w ʎ e n ɡ w a ]_w
[_w d o m i n i m ]_w
[_w m o s t ɾ a ]_w
[_w m a ɾ ʃ a ]_w
[_w a i ɾ e s ]_w
[_w p u ɡ e n ]_w
[_w l i b e ɾ t u ɾ ]_w
[_w r u t a ]_w
[_w s e ɲ a l s ]_w
[_w d i f e ɾ e n ]_w
[_w k u l t u ɾ a l ]_w
[_w t e r i b l e ]_w
[_w p u s k e n ]_w
[_w p o s i b l e ]_w
[_w p a t e ]_w
[_w m o u ]_w
[_w p u b l i ɡ a t ]_w
[_w p ɾ e k n d a t ]_w
[_w s i m b o l s ]_w
[_w d e s k e r a ]_w
[_w t a ɾ t a ]_w
[_w p ɾ i m a ɾ i ]_w
[_w a k e ʎ e s ]_w
[_w ʒ u n d a ]_w
[_w ʒ u tʃ e ]_w
[_w a ɡ t i b a ]_w
[_w a ʎ a ]_w
[_w t e i ʃ e s ]_w
[_w b a l o ɾ ]_w
[_w l a b o ɾ t ]_w
[_w p ɾ e s i o ]_w
[_w r o b a ]_w
[_w k o m p l e d a ]_w
[_w i n t e n e n ]_w
[_w p u p l i k e u ]_w
[_w t o ɾ a ]_w
[_w s i u d a d a ]_w
[_w d i m e ɡ ɾ e s ]_w
[_w r e s u l d a ]_w
[_w t ɾ a b e s ]_w
[_w s e ɾ k a ɾ ]_w
[_w m a ɡ n i f i k ]_w
[_w s e ɡ l e s i a ]_w
[_w d e s e ɾ b e s ]_w
[_w r e a l s ]_w
[_w e s t i ɾ ]_w
[_w d e n d a ]_w
[_w l o m b ɾ a ]_w
[_w k ɾ e i ʒ e ɾ ]_w
[_w n a s i o n s ]_w
[_w s o u s ]_w
[_w s i u t a t a ]_w
[_w s e n t ɾ a ɾ i ]_w
[_w n o m s ]_w
[_w p u b l i ɡ a ts ]_w
[_w m a d a ɾ ]_w
[_w f a s a n t ]_w
[_w p ɾ o b e s ]_w
[_w t ɾ o s ]_w
[_w r e k l e s ]_w
[_w a m b i e n t ]_w
[_w d o d ]_w
[_w r e ɡ a l s ]_w
[_w k o m e n s a ]_w
[_w ʎ i k a ]_w
[_w a s u m b t a ɾ ]_w
[_w d o n ]_w
[_w s e k e i ʃ ]_w
[_w t a ɲ s ]_w
[_w k w a l ]_w
[_w t o n a n t ]_w
[_w b u n d ]_w
[_w e s t a s i o ]_w
[_w m e ɾ s ]_w
[_w f u n t a ]_w
[_w k a s o s ]_w
[_w k e d e m ]_w
[_w ʎ e t ɾ e ]_w
[_w a m a ɡ a ]_w
[_w p o ɾ k ]_w
[_w d e n i n t ]_w
[_w k a l a i ʒ ]_w
[_w u t i l ]_w
[_w ʒ a b i e n t ]_w
[_w e k o ]_w
[_w r e ɡ a t ]_w
[_w s e n t i t a ts ]_w
[_w t e o ɾ i a ]_w
[_w d i d ]_w
[_w m i l i a ɾ ]_w
[_w s u s ]_w
[_w p o l e m ]_w
[_w l i d e ɾ i ]_w
[_w n e k a t ]_w
[_w i n d i k ]_w
[_w p o s t ɾ e ]_w
[_w l o n t ɾ a l ]_w
[_w e n z ]_w
[_w p o ɾ t a ɾ ]_w
[_w b o b ɾ e t o d ]_w
[_w b a t i ɾ a t a ]_w
[_w b e ɾ e n ts ]_w
[_w s a n t ɾ a t a ]_w
[_w d e t i ɡ e s ]_w
[_w d o dz ]_w
[_w l e k t u ɾ a l ]_w
[_w d i ɡ n a t ]_w
[_w a n a ɾ ]_w
[_w t i n s ]_w
[_w e s k ɾ i t e s ]_w
[_w t i a s ]_w
[_w u n i b e ɾ t a ]_w
[_w m o l d e s ]_w
[_w ɡ l a s e ]_w
[_w p o d a ɾ ]_w
[_w i t i o m a ]_w
[_w b a i ʃ e ʎ ]_w
[_w b i l a ɾ ]_w
[_w o k u b a t ]_w
[_w s o l d ɾ i a ]_w
[_w k s t o s ]_w
[_w m e n ]_w
[_w r e s e n t ]_w
[_w b e ɾ f i l ]_w
[_w b u e n ]_w
[_w l a ɾ t ]_w
[_w t e a t ɾ e ]_w
[_w p a s i ɡ s ]_w
[_w t ɾ e ts ]_w
[_w s e n s i o ]_w
[_w k o n d a k t e ]_w
[_w o m p ɾ a ɾ ]_w
[_w e t i k a ]_w
[_w b a n k s ]_w
[_w f e ɾ s e ɾ a ]_w
[_w r e s t a ]_w
[_w ɡ o s t u m ]_w
[_w s o p i n i o ]_w
[_w p a l e n t ]_w
[_w p o l i s i a ]_w
[_w s e ɾ k a ts ]_w
[_w d i n s ]_w
[_w m a t i k a ]_w
[_w f a m i l i a ɾ ]_w
[_w m e d ɾ e s ]_w
[_w f a ɾ e ]_w
[_w d i n ɡ e s ]_w
[_w b o e m e s ]_w
[_w p e i ʒ ]_w
[_w k ɾ e a n t ]_w
[_w s o s i s ]_w
[_w k o tʃ e s ]_w
[_w p a ɾ l o ]_w
[_w l e k a l ]_w
[_w r e a l ]_w
[_w t e ɾ m e ]_w
[_w e n k a ɾ a ]_w
[_w s e ɲ o ɾ s ]_w
[_w f a l s a d a ]_w
[_w t e l ]_w
[_w e b i d e o s ]_w
[_w p i a dʒ e ɾ ]_w
[_w k a r o dʒ a ]_w
[_w e n t i ɾ ]_w
[_w ʎ e n k w a ]_w
[_w k a l t e n ]_w
[_w d a r e ɾ s ]_w
[_w f e ɾ l o s ]_w
[_w l a l s a ]_w
[_w p u ʒ o l ]_w
[_w p a u ]_w
[_w d a l t ɾ a ]_w
[_w b i p i m ]_w
[_w a t ɛ s ]_w
[_w r e f o ɾ m e s ]_w
[_w k o m p a ɲ a ]_w
[_w d ɾ a n ]_w
[_w ʎ e t ɾ e s ]_w
[_w m o l d a ]_w
[_w p o t ɾ a n ]_w
[_w i o u t u p e ]_w
[_w b o s i t i d ]_w
[_w p l u ʒ a ]_w
[_w t i ɾ i ʃ e n ]_w
[_w o m b ɾ e ]_w
[_w s a n ts ]_w
[_w u s u a ɾ i s ]_w
[_w k o p a ]_w
[_w m a k a ]_w
[_w t i ɾ e k s i o ]_w
[_w m a i ]_w
[_w s i k i n ]_w
[_w n o p e s ]_w
[_w a l ɡ u ]_w
[_w o n e s t ɾ a ɾ ]_w
[_w p l a n e t a ]_w
[_w f i l a ]_w
[_w m o d i u s ]_w
[_w s a b a t e s ]_w
[_w m i ɾ a n t ]_w
[_w i n t e n s a ]_w
[_w l u n i k a ]_w
[_w t a s t a ɾ ]_w
[_w b i n e n t ]_w
[_w k a m i n s ]_w
[_w s e k t o ɾ a ]_w
[_w k o n d e ɾ ɛ s ]_w
[_w p i s i d a n ts ]_w
[_w m o b i m e n t ]_w
[_w i s t o ɾ i a ]_w
[_w o p e ɾ n ]_w
[_w l e s p a ɲ o l ]_w
[_w s o l i d u d ]_w
[_w b o p l e ]_w
[_w a ʎ ɔ ]_w
[_w e n ɾ i ɡ ]_w
[_w e i ʃ e n ]_w
[_w k o n e k t a ]_w
[_w s e d e m ]_w
[_w m o t e l s ]_w
[_w b l e n s i o ]_w
[_w n e n s ]_w
[_w s e m ]_w
[_w u n a ]_w
[_w a n t i t ]_w
[_w s e m b l a ]_w
[_w k a ɾ d ]_w
[_w r e b u tʃ ]_w
[_w a s p e ɡ t e ]_w
[_w s u a u ]_w
[_w s o ɾ d ]_w
[_w d e s t a d ]_w
[_w k o m a n s ]_w
[_w e m i l i t a ts ]_w
[_w p u ʒ a n t a ]_w
[_w ʎ a ɾ k ]_w
[_w l a p o ɾ t a t ]_w
[_w o b ɾ e ]_w
[_w p o s a ɾ ]_w
[_w k o m b a ɲ e s ]_w
[_w e n t ɾ a ]_w
[_w t a ɡ e ʎ a ]_w
[_w r e a l m e n t ]_w
[_w i n t e ɾ e s ]_w
[_w n a b a ]_w
[_w k a b a s ]_w
[_w b l a n k ]_w
[_w d i ɾ i a ]_w
[_w r e a l i t a d ]_w
[_w i n s t i d ]_w
[_w t i n ɡ t ]_w
[_w ɡ a m b ]_w
[_w s a u ɾ i a ]_w
[_w p ɾ o s a ]_w
[_w p e s a ɾ i ]_w
[_w r e ʒ i t o ɾ s ]_w
[_w k u l t u ɾ e s ]_w
[_w ʒ o k ]_w
[_w f e r e ɾ ]_w
[_w k a ɾ n ]_w
[_w ɡ o m e n a dʒ e ]_w
[_w f ɾ e i ʃ e ]_w
[_w t ɾ a k t a ]_w
[_w m ɛ ɾ i t ]_w
[_w f ɾ e s k a l s ]_w
[_w k a u s a ]_w
[_w k e t e m p ɾ e ]_w
[_w e s t e m e s ]_w
[_w n e w s i ɡ o n ]_w
[_w l a i k w a l ]_w
[_w f o n t ]_w
[_w t i n d ɾ i a ]_w
[_w d i u e n ]_w
[_w p ɾ e s o ]_w
[_w t i ɾ ]_w
[_w n o d i s i o ]_w
[_w e s t o n a b a ]_w
[_w s e n t o ]_w
[_w b e ɾ k o ɲ a ]_w
[_w a n u n s i o ]_w
[_w b i ɾ t u a l s ]_w
[_w t i n t ɾ a l ]_w
[_w a k ɾ a t i s ]_w
[_w ʃ o a n ]_w
[_w a ɾ e e s ]_w
[_w p a s o ]_w
[_w k o l o ɾ ]_w
[_w d a ɾ d a ]_w
[_w ʒ e mː a ]_w
[_w m o n e s t a ]_w
[_w r e f e ɾ e n ]_w
[_w d i n d ]_w
[_w d e d i ɡ e n ]_w
[_w p a s k u t ]_w
[_w b l e k s ]_w
[_w l a ʒ u d e n ]_w
[_w s i l e n s i s ]_w
[_w b u ʒ a ɾ ]_w
[_w s e ɲ o ɾ ]_w
[_w s i t u s ]_w
[_w l a ʒ u t a ]_w
[_w m e n t i d a ]_w
[_w i t i o m e s ]_w
[_w e d i k a ]_w
[_w d a b u i ]_w
[_w t u b t e ]_w
[_w o ɡ u p a d ]_w
[_w r e k o ɾ t a ]_w
[_w p e s a ]_w
[_w p o l t ɾ e ]_w
[_w k o n b o k a ɾ ]_w
[_w ʃ i ɾ o n i a ]_w
[_w k o ɾ s ]_w
[_w a l ɡ u n ]_w
[_w l a ɾ a ]_w
[_w s o b ɾ e s a ]_w
[_w s e m a n a ɾ ]_w
[_w i n t e n ]_w
[_w b e ɾ m e ʎ e s ]_w
[_w p o d ɾ e ]_w
[_w k u l b a ]_w
[_w t i b u i ʒ ]_w
[_w m e s t ɾ a ]_w
[_w ʒ u p e n i l ]_w
[_w b l a e ɾ ]_w
[_w p l a n ɡ e s ]_w
[_w t a l a ]_w
[_w m a t e ɾ o ]_w
[_w b l o k ]_w
[_w i n t e ɾ e s a ]_w
[_w i k w a l ]_w
[_w a u d o ɾ a ]_w
[_w s i n t i k a ]_w
[_w a s t a n t ]_w
[_w a n t ɾ e m ]_w
[_w r e s i t i b a ]_w
[_w p a t i ɾ ]_w
[_w k w a ɾ t a ]_w
[_w a u l e s ]_w
[_w ɡ l i m e n ts ]_w
[_w p i a dʒ e ]_w
[_w d o s e n d ]_w
[_w b o l ɛ m i k a ]_w
[_w b a s o ]_w
[_w p u tʃ ]_w
[_w b o l ]_w
[_w s i k t ]_w
[_w k ɾ o s ]_w
[_w p a l o ɾ a ɾ i ]_w
[_w l a l t i a ]_w
[_w k o r e k t a ts ]_w
[_w b ɾ i m e ɾ a ]_w
[_w a n a l s ]_w
[_w k o m p l i ]_w
[_w d i s e ɲ ]_w
[_w l a b o ɾ ]_w
[_w o p l i t ]_w
[_w k a b i t a ]_w
[_w m a t e i ʃ o s ]_w
[_w t a b a ]_w
[_w d o d a l ]_w
[_w m e m b ɾ e ]_w
[_w k a p t a b a ]_w
[_w ʎ i b ɾ e ɾ i a ]_w
[_w s e ɡ ]_w
[_w l a b o ɾ d ]_w
[_w b o l a ɾ ]_w
[_w f o ɾ m e ]_w
[_w b l e n e s ]_w
[_w s e i ʃ a ]_w
[_w d a b ɾ i l ]_w
[_w b l a tʃ a ]_w
[_w d ɾ a k t a ɾ ]_w
[_w d ɾ a b e ʎ s ]_w
[_w l e n t a ]_w
[_w k o b e ɾ ]_w
[_w k o n t i s i ]_w
[_w a ʒ u t e s ]_w
[_w b a i s ]_w
[_w m i k e s ]_w
[_w t i e n d ]_w
[_w ʎ i s t e s ]_w
[_w s e ɾ p a ]_w
[_w b o b l e s ]_w
[_w k a u t i ]_w
[_w t i s t ɔ ɾ i a ]_w
[_w k ɾ i s i ]_w
[_w t i n e ɾ s ]_w
[_w s e ɾ ts ]_w
[_w i n t ɾ e ]_w
[_w ʒ e n t ]_w
[_w a u ɾ i e m ]_w
[_w k a m i n a ɾ ]_w
[_w b a s a ]_w
[_w l e b ɾ a ]_w
[_w b i s k u t ]_w
[_w s o r a ]_w
[_w b a s t a n t ]_w
[_w b a s k w a ]_w
[_w d e i ʃ a ]_w
[_w t e m e s ]_w
[_w k a b ɾ i l ]_w
[_w r i s k ]_w
[_w i n t e n s ]_w
[_w b e u e n ]_w
[_w r e s p o s a ]_w
[_w k ɾ a s i l ]_w
[_w p l a n d e k a ]_w
[_w r e f o ɾ m a ɾ ]_w
[_w f u ʎ a ]_w
[_w p a l a u ]_w
[_w r e s i t i d ]_w
[_w l a l u m n a ]_w
[_w t e n i ɾ ]_w
[_w b a r e ʒ a ]_w
[_w d e s i t i ɾ ]_w
[_w i m p ɾ e s ]_w
[_w k w e s ]_w
[_w p a d a t e s ]_w
[_w b a ɾ k ]_w
[_w l a m i k ]_w
[_w b a ɲ ]_w
[_w k o n s e ʎ e ɾ ]_w
[_w l e m a ɲ ]_w
[_w b e ɾ s ]_w
[_w a l t ɾ a ]_w
[_w a ɲ s ]_w
[_w b a ʒ a ]_w
[_w f o ɾ m e n ]_w
[_w f u n s i a d ]_w
[_w u n i d e s ]_w
[_w m u n t i a l ]_w
[_w k a l t e ]_w
[_w d i b a ]_w
[_w t ɾ o b a ɾ s a ]_w
[_w ɛ k s i t ]_w
[_w l a l d ɾ e s ]_w
[_w e n s ]_w
[_w d e u s ]_w
[_w k u l t a ts ]_w
[_w ʎ a ɾ ]_w
[_w a ɾ d ]_w
[_w t e r e s ]_w
[_w p o l e u ]_w
[_w t o ɾ n a ɾ ]_w
[_w d e s e ɾ b a ɾ ]_w
[_w k u k a t ]_w
[_w e n ʎ o k ]_w
[_w k o n t i ʎ a ]_w
[_w u ɾ ʃ e ʎ ]_w
[_w r e k o m a ɾ k ]_w
[_w ʎ a b o ɾ ]_w
[_w r u ɾ a l s ]_w
[_w r e k o r e n t ]_w
[_w e n o ɾ m e n ]_w
[_w e m o s t ɾ e ]_w
[_w f a m a ]_w
[_w p u l ɡ i n ]_w
[_w ʒ u s t a ]_w
[_w s a f a d ]_w
[_w b ɾ e z ]_w
[_w p ɾ e ɡ a t i u ]_w
[_w b l a n t i k s ]_w
[_w b o d e n t ]_w
[_w p l a n ɡ s ]_w
[_w p e p ]_w
[_w t o ɡ a b a ]_w
[_w a b o ɾ t ]_w
[_w m u n d a s i o ]_w
[_w o d ɾ a ]_w
[_w m a ɾ e ]_w
[_w o k t u b ɾ e ]_w
[_w t e ɾ s e ɾ ]_w
[_w p ɾ o b a ]_w
[_w f e i e n ]_w
[_w e u ɾ o b e u ]_w
[_w i n f o ɾ m a t ]_w
[_w a p ɾ o p e ɾ ts ]_w
[_w k i n s e ]_w
[_w m i s ɛ ɾ i e s ]_w
[_w l a u d o ɾ ]_w
[_w p e s e s a ]_w
[_w e s t a d u t ]_w
[_w t e i a ]_w
[_w s a f o ɾ ]_w
[_w p o l i t i k a ]_w
[_w t e s p a ɲ o l ]_w
[_w t e i ʃ a ]_w
[_w i n t e n i u ]_w
[_w ʒ e s t ]_w
[_w k u p ]_w
[_w b u ʎ ]_w
[_w m i l ]_w
[_w d u b t o ]_w
[_w d a ɡ i ]_w
[_w u n i ɡ a ]_w
[_w ʎ i s t a t u d ]_w
[_w ʎ u i t a ]_w
[_w t o m i n i m ]_w
[_w a k o ɾ t ]_w
[_w b a s t a ɾ i ]_w
[_w f u ʎ e s ]_w
[_w s e n d ]_w
[_w r e ʎ o tʃ e ]_w
[_w p ɾ e ɡ n d a ɾ ]_w
[_w s a n t i a ]_w
[_w b i b i a ]_w
[_w d i n a ts ]_w
[_w m o ɾ ts ]_w
[_w b l o ɾ a ]_w
[_w b e ɾ s a ]_w
[_w s e p e s ]_w
[_w s o ɾ t i a ]_w
[_w s e ɡ e i ʃ ]_w
[_w ʎ i m o n ]_w
[_w f o ɾ s a ]_w
[_w o b ɾ e s ]_w
[_w k o m p o ɾ d ]_w
[_w n o p e lː a ]_w
[_w p u ʒ a n d a ɾ ]_w
[_w a s p e k t e ]_w
[_w f a s i n ]_w
[_w e n e ɾ ]_w
[_w d ɾ i s t e s ]_w
[_w e n b o l d a ts ]_w
[_w s o m n i s ]_w
[_w d o l ]_w
[_w d i a ɾ i ]_w
[_w d a i ɡ w a ]_w
[_w e n z e ɾ ]_w
[_w f a b ɾ i l ]_w
[_w ɡ o s t a ]_w
[_w m i ɾ a n t a ]_w
[_w e s p a i s ]_w
[_w s i k n a ]_w
[_w o m e n t ]_w
[_w b o t e m ]_w
[_w t e s p e ɾ a l ]_w
[_w p u k e n ]_w
[_w m u n t a t ]_w
[_w e t a t ]_w
[_w o ɾ k a ]_w
[_w b e n e t ɛ s ]_w
[_w s e n t e n s ]_w
[_w ʎ e n ɡ w a ɲ ]_w
[_w m a n t ]_w
[_w i n d ɾ a ]_w
[_w e m p ɾ e s e s ]_w
[_w m a n t a ]_w
[_w p u b l i k e u ]_w
[_w e t i t ]_w
[_w e s f o ɾ s a ɾ ]_w
[_w t o n a t ]_w
[_w d i n t ɾ e s ]_w
[_w a f e ʒ i ɾ ]_w
[_w m i s a dʒ e s ]_w
[_w p o s k o ɾ ]_w
[_w p a t ɾ i a ]_w
[_w ʎ i b e ɾ a ɾ i ]_w
[_w ʎ a s t i m a t ]_w
[_w a t e n ]_w
[_w ʒ a ɾ t i t e s ]_w
[_w a k e s ts ]_w
[_w n a r a t i b a ]_w
[_w m o ɾ e n o ]_w
[_w s o l a ]_w
[_w m u n t o ]_w
[_w k o b a ]_w
[_w m i ɡ t i a ]_w
[_w d i s p o s a ]_w
[_w e n b i a d ]_w
[_w d e m a n t a ]_w
[_w s u k ]_w
[_w m a t a ɾ ]_w
[_w ɡ o n d a k t e ]_w
[_w m a ʒ o ɾ s ]_w
[_w p i n e n t ]_w
[_w f o n d ]_w
[_w r a ɡ o n a ]_w
[_w e d i s i a ]_w
[_w d i k n e s ]_w
[_w a m i ɡ ]_w
[_w p a i ʒ ]_w
[_w a f e k t e ]_w
[_w d a ɾ o n ʒ a ]_w
[_w k a s a l s ]_w
[_w p ɾ o ʒ e ɡ d e ]_w
[_w e t i s i a l ]_w
[_w m a l ]_w
[_w d ɾ a ʒ ɛ d i a ]_w
[_w n e s e s ]_w
[_w p e n e n ]_w
[_w e s t i k i n ]_w
[_w m a n t ɾ e s ]_w
[_w s a n d ]_w
[_w ʒ a ɾ t i ]_w
[_w d e ʎ e s a ]_w
[_w p e i ʃ ]_w
[_w p e ɾ s ]_w
[_w k o m b t e s ]_w
[_w k a b a ]_w
[_w k w a t ɾ e s ]_w
[_w s e n t i d ]_w
[_w e s k l e s i a ]_w
[_w ɡ a p a ɾ ]_w
[_w p l a n s ]_w
[_w a k a p a s o ]_w
[_w s u b e ɾ a ɾ ]_w
[_w k ɾ i t i ɡ e s ]_w
[_w l a l t ɾ e ]_w
[_w b e ɾ ]_w
[_w d u b t e ]_w
[_w a ɡ t u a l ]_w
[_w t ɾ a p e s ]_w
[_w a k a b a s t ]_w
[_w f o ɾ e n ]_w
[_w o m p ɾ e ]_w
[_w f u n t ]_w
[_w k a ɾ a k o ]_w
[_w ɡ ɾ i t a ]_w
[_w f o ɾ d a ]_w
[_w b s k ]_w
[_w k a ɾː e ɡ ]_w
[_w m a ɾ a t ]_w
[_w p u ʒ a d a ]_w
[_w b o d ɾ a ]_w
[_w d i ʃ o u s ]_w
[_w t i f e ɾ e n ]_w
[_w a s ɔ ]_w
[_w r o d o ɾ e ʎ ]_w
[_w m a ɾ ʒ a ]_w
[_w k u ɾ a ]_w
[_w p e d ɾ e s a ]_w
[_w m i k e l ]_w
[_w m a r o ɡ ]_w
[_w d ɾ o p a ɾ ]_w
[_w d i s k u t ]_w
[_w d u ɾ ɡ i a ]_w
[_w d o ɾ m i ɾ ]_w
[_w a ɡ ɾ a d ]_w
[_w b e ɾ t a ]_w
[_w r e k o n a ]_w
[_w a k s i m ]_w
[_w p o ts e ɾ ]_w
[_w k l a s e ]_w
[_w k w a n ts ]_w
[_w a n i ɾ e ]_w
[_w b l u ɾ a l ]_w
[_w f e b ]_w
[_w s o ɡ ]_w
[_w b a ɾ t i t ]_w
[_w k l i ɡ e u ]_w
[_w s i n t a ]_w
[_w d i b e ɾ n s ]_w
[_w s o ɾ t i t a ]_w
[_w d e n e n ]_w
[_w k a i ʃ a d a ]_w
[_w ɡ a ɾ t e s ]_w
[_w k e t i ]_w
[_w t ɾ o p e ɾ d a ]_w
[_w b i s i t a n ts ]_w
[_w s i k l e s i a ]_w
[_w r e ɡ l a ɾ a ]_w
[_w p u n ts ]_w
[_w e s p e s a n t ]_w
[_w m e b a ]_w
[_w s e n t i n k ]_w
[_w a k t i k a ]_w
[_w t ɾ o p a t e s ]_w
[_w a r i b a d a ]_w
[_w l a m i k a ]_w
[_w p l e ɡ a ts ]_w
[_w t i s a b t e ]_w
[_w l u ɡ a ɾ ]_w
[_w k a d e s ]_w
[_w i n t e ɾ i ]_w
[_w o p e ɾ d e n d ]_w
[_w k a l e t e s ]_w
[_w f a s i ]_w
[_w ɡ a s t e ʎ s ]_w
[_w m a ɾ d o ɾ e s ]_w
[_w b e ɾ e m ]_w
[_w a l t ɾ e ]_w
[_w m u s i ɡ a ]_w
[_w b l a n t e k a ]_w
[_w p a i ʒ a ]_w
[_w r a b i t u a ɾ ]_w
[_w m i dʒ a n a ]_w
[_w b a k e d ]_w
[_w s e t m a n e s ]_w
[_w l o m p ɾ a ɾ ]_w
[_w i k w a l t a ]_w
[_w m e s t ɾ e ]_w
[_w k o b e ɾ t e s ]_w
[_w f o ɾ d u n a ]_w
[_w b a l e n s i o ]_w
[_w e n d ɛ s ]_w
[_w a b i t a ]_w
[_w s e k l e s ]_w
[_w d e n ]_w
[_w p e ɾ ɔ ]_w
[_w d o d o ]_w
[_w p a t i ]_w
[_w k o ɾː e ɾ ]_w
[_w s u b e ɾ i ʎ ]_w
[_w ʎ a t i ]_w
[_w i m p ɾ e ]_w
[_w a k o s t ]_w
[_w k a i k t ]_w
[_w p i ɡ t o ɾ s ]_w
[_w s e ɾ b e s a ɾ ]_w
[_w k ɔ m i k ]_w
[_w ʎ o k ]_w
[_w k o n b o ɡ a ]_w
[_w b i s i t a d ]_w
[_w m e i d a d ]_w
[_w r i k ]_w
[_w t e u ɾ o b e n ]_w
[_w p e ɾ f e k t e ]_w
[_w t a s k e s ]_w
[_w k a t a l u ɲ a ]_w
[_w e s k o l t a ]_w
[_w p a ɾ l a b a ]_w
[_w l e ɡ d u ɾ e s ]_w
[_w a f e ɡ t a ]_w
[_w t o k t o ɾ s ]_w
[_w m i s t a ]_w
[_w o b ʒ e ɡ d e ]_w
[_w ʒ e ɡ s u ]_w
[_w b u s k e n a ]_w
[_w d i d u t ]_w
[_w k u ɾ ts ]_w
[_w m a n e s ]_w
[_w b a r i s ]_w
[_w p e ɾ s o s ]_w
[_w ɡ a n a l s ]_w
[_w p o d ɾ i k e s ]_w
[_w p e ɾ m ɛ s ]_w
[_w t e l ɛ f o n ]_w
[_w t ɾ i s t ]_w
[_w s o l i t i ɡ a ]_w
[_w t ɾ a m ]_w
[_w p a d ɾ i t ]_w
[_w u n i o n s ]_w
[_w ʎ a ɾ ɡ a d ]_w
[_w s e m p ɾ e ]_w
[_w m a ɾ a d o ]_w
[_w k o l u m ]_w
[_w o b i n i o ]_w
[_w f i s i k ]_w
[_w r o k e s ]_w
[_w t ɾ i s t e m ]_w
[_w s u b e ɾ i o ɾ ]_w
[_w ɡ o ʎ a ]_w
[_w b o l e u ]_w
[_w m a ɾ t i ɾ ]_w
[_w t o k ]_w
[_w t i t a ts ]_w
[_w t a n s a ]_w
[_w f e s t i u ]_w
[_w p o p l e s ]_w
[_w f a p o ɾ ]_w
[_w r e ɡ o n a ]_w
[_w s u d ]_w
[_w k u ɾ s a ]_w
[_w b e n s e ɾ t ]_w
[_w t a m p e ]_w
[_w t e n i u ]_w
[_w t a r e u ]_w
[_w p o ɾ ]_w
[_w m a n e ɾ e s ]_w
[_w b o n t ]_w
[_w s e s i o ]_w
[_w k a l i a ]_w
[_w t i k n a s i o ]_w
[_w a p i d a ]_w
[_w s e p a s t o ɾ ]_w
[_w f ɾ o n t ]_w
[_w d a l t a ]_w
[_w p l a ts ]_w
[_w s e ɲ a ɾ ]_w
[_w b a t i ɾ ]_w
[_w b ɾ o b a ɾ ]_w
[_w a u t o ɾ a ]_w
[_w m ɛ ɾ i k a ]_w
[_w p i d a d ]_w
[_w p o ɛ t i ɡ a ]_w
[_w k o s t u m s ]_w
[_w ɡ u ɾ s ]_w
[_w d ɾ a m a ]_w
[_w ʎ a d i ]_w
[_w p e s k a ]_w
[_w d e p i a ]_w
[_w ʎ i s t a ]_w
[_w k a t a l a k a ]_w
[_w t a b ɾ i l ]_w
[_w b e ɾ l i ]_w
[_w s e n s a t ]_w
[_w b e n i a ]_w
[_w a r i b a t a t ]_w
[_w f e l i s o s ]_w
[_w m a b a ]_w
[_w a k o ʎ i t ]_w
[_w d e f i n i ɾ ]_w
[_w r e k o ʎ i ɾ ]_w
[_w p a ʒ i n a ɾ ]_w
[_w n o m e n s e n ]_w
[_w ɡ a ɾː e k ]_w
[_w b o n s ]_w
[_w k o ʎ o n s ]_w
[_w f l o ɾ z ]_w
[_w d e ɡ s t ]_w
[_w k ɾ e a t i b a ]_w
[_w o ɾ t ɾ e s ]_w
[_w s o n e s ]_w
[_w n a s i ]_w
[_w k o n ]_w
[_w r e b o s a ts ]_w
[_w f a ʎ a ]_w
[_w t i d u l a ɾ ]_w
[_w b ɾ e b a ʎ a t ]_w
[_w t o m a s ]_w
[_w k o n e ɡ d ]_w
[_w t a n k a ]_w
[_w d o n e s t a n ]_w
[_w d a n s a t ]_w
[_w s e ɡ i m ]_w
[_w m ɔ p i l ]_w
[_w r e k n e ]_w
[_w k ɾ e a ɾ ]_w
[_w d e s p e ɾ a ]_w
[_w m a ʒ o ɾ z ]_w
[_w m u n d o ]_w
[_w s a p i k a ]_w
[_w f o s ]_w
[_w k a d a s k u ]_w
[_w t u n s ]_w
[_w m ɛ t o t e s ]_w
[_w m e t i ]_w
[_w m u n t a ɾ ]_w
[_w s e n t i t a t ]_w
[_w s i m p o l s ]_w
[_w ʒ e n s ]_w
[_w l o ɾ d ɾ e s ]_w
[_w b ɾ o b a b l e ]_w
[_w p a k e n ]_w
[_w k a m b ]_w
[_w m a s i b a ]_w
[_w l a p a ]_w
[_w a n t i k a d ]_w
[_w k a b a ɾ a ]_w
[_w p a l e n s i o ]_w
[_w o d e l ]_w
[_w e s t ɾ e s ]_w
[_w ʃ i f ɾ e s k ]_w
[_w s e ɾ ɡ a t ]_w
[_w b a ʒ i n ]_w
[_w b a ɾ l e s ]_w
[_w r e s e n d ]_w
[_w b ɾ o f i t ]_w
[_w b o s i s i o ]_w
[_w a ɾ d i k l e ]_w
[_w u ʎ a t a ]_w
[_w k a ɾ s i s ]_w
[_w a ʒ e n t ]_w
[_w d ɛ k a d a ]_w
[_w b a n t e ɾ a ]_w
[_w k o n s t a n ts ]_w
[_w f i s k a ]_w
[_w ɡ o s e s ]_w
[_w p e ɾ k a ]_w
[_w p a ɾ a t ]_w
[_w l o b l i t a ɾ ]_w
[_w e s k ɾ i u ]_w
[_w p ɾ o b e u ]_w
[_w b a ɾ l a t ]_w
[_w l e n t ]_w
[_w k o s ]_w
[_w m a ɡ ɾ a d i ]_w
[_w p u b l i k ]_w
[_w m i ɾ e u ]_w
[_w e n e ɾ ʃ i ]_w
[_w d e i ʒ ]_w
[_w r e s e b t a ]_w
[_w a s i s t e s a ]_w
[_w r a d i o ]_w
[_w p ɾ ɔ p i a ]_w
[_w l a i a ]_w
[_w k a m e ɾ a ]_w
[_w r e k l a m a ]_w
[_w f e s t e s ]_w
[_w ʒ i n a ]_w
[_w ɡ o ɾ ]_w
[_w p u e d e ]_w
[_w o m e ]_w
[_w ɡ u l t u ɾ a l ]_w
[_w p a n ɡ ]_w
[_w ʎ a b i s ]_w
[_w ʎ e i d a t ]_w
[_w p u i t ]_w
[_w s o f a ]_w
[_w p i s p e ]_w
[_w t o n a d ]_w
[_w l u n i k s ]_w
[_w t ɾ e b a ɾ a ]_w
[_w a ɾ ʒ i u ]_w
[_w a i k w a ]_w
[_w r e ɡ o ɾ d a ]_w
[_w s a k e s t e ]_w
[_w a b o s t e t ]_w
[_w t a l ɡ n e s ]_w
[_w ɡ o n e ɡ d ]_w
[_w p i dʒ o ɾ ]_w
[_w t ɾ a k t a p a ]_w
[_w i m a tʃ e ]_w
[_w f e l i s ]_w
[_w r e s u l t a d ]_w
[_w k ɾ i t i ɡ s ]_w
[_w b a s t i m a ]_w
[_w s e r a ]_w
[_w d o l i b a ]_w
[_w b o l t ɾ e s o ]_w
[_w f e s t i l ]_w
[_w r e s e ɲ a l ]_w
[_w i n u d ]_w
[_w m u n d i a ]_w
[_w p a ʎ s ]_w
[_w b a s t a n d ]_w
[_w d o r e s ]_w
[_w ʒ o a n ]_w
[_w m a n t a ɾ ]_w
[_w t i e s ]_w
[_w d a m b e ]_w
[_w a ʒ u d e n ]_w
[_w ʃ e s t ]_w
[_w b a ʎ a ]_w
[_w k ɾ i d a ɾ ]_w
[_w k o n e ɡ t a ]_w
[_w a k a f a ɾ ]_w
[_w k a m b s ]_w
[_w s o l e ɾ ]_w
[_w o p i n i o n s ]_w
[_w o ɾ ɡ a ]_w
[_w r i u ɾ e ]_w
[_w k a m p a ɲ s ]_w
[_w s i t u a d a ]_w
[_w k ɾ e u ɾ e ]_w
[_w p ɾ o t u i ɾ ]_w
[_w f o ɾ a d ]_w
[_w p i s k a l ]_w
[_w m e n t a ɾ ]_w
[_w p e n e s ]_w
[_w p a b e ɾ i t ]_w
[_w t a b e ɾ ]_w
[_w b u s k a ]_w
[_w s e l s ]_w
[_w a r a n ]_w
[_w k o n t i n k ]_w
[_w a k a b a ɾ e s ]_w
[_w e ɾ e n ts ]_w
[_w l a ɾː ɔ s ]_w
[_w p i t e o ]_w
[_w d e s e ɾ t a ]_w
[_w d e r e ɲ ]_w
[_w k a p a ]_w
[_w e s t e m ]_w
[_w p i t a ts ]_w
[_w s e n s u ɾ a ]_w
[_w t u e s ]_w
[_w p i a n a ]_w
[_w p o d ɾ e m ]_w
[_w o s e ʎ s ]_w
[_w p a k a m e ɾ a ]_w
[_w s e ɾ e m ]_w
[_w p i t a l ]_w
[_w r e k o ɾː e ɾ ]_w
[_w i n s t a n ]_w
[_w r i k e s ]_w
[_w ʒ i ɾ i n e u ]_w
[_w b o s i b l e ]_w
[_w p a i ʒ e s ]_w
[_w r e ʒ i o n s ]_w
[_w s e m b l e ]_w
[_w k o m b t a ɾ ]_w
[_w r e k o n s ]_w
[_w k a ɾ t a ]_w
[_w ʒ o i a ]_w
[_w a p u i ]_w
[_w t u p t e ]_w
[_w ɡ w a ɾ a n t ]_w
[_w d e m b e s ]_w
[_w k a ɾ d a ]_w
[_w p i a ]_w
[_w d a l t ɾ e ]_w
[_w a l t e ]_w
[_w s i k n e s ]_w
[_w e n b i a n d ]_w
[_w a l k n a ]_w
[_w d a s t a n ]_w
[_w o k u b a ]_w
[_w e s t a ɾ i a ]_w
[_w r e k o ʎ i t a ]_w
[_w l i m i dz ]_w
[_w d i ɾ e ɡ d o ɾ ]_w
[_w m o d a ]_w
[_w e s p o kː ]_w
[_w b a d e s ]_w
[_w f e s t i b a ]_w
[_w t ɛ k n i k s ]_w
[_w s e ɾ b i t ]_w
[_w s i t u a s i o ]_w
[_w l a u d o ɾ a ]_w
[_w d e t i ɡ a t ]_w
[_w b o b ɾ e s ]_w
[_w b e ɾ ɡ e ]_w
[_w o m e n s a ɾ ]_w
[_w a s e ɡ ɾ ]_w
[_w ɡ ɾ e e n s e m ]_w
[_w s i b i ]_w
[_w m u n t i a k o ]_w
[_w l e ɡ t o ɾ a ]_w
[_w ɡ u ʎ e ɾ e s ]_w
[_w i d e a ]_w
[_w a ɡ d u a l ]_w
[_w e s t a b l i ɾ ]_w
[_w d e k ɾ e d ]_w
[_w s e n d ɾ e m ]_w
[_w k a s i o ]_w
[_w i n i s i a ]_w
[_w t e u ɾ o b a ɾ ]_w
[_w d i ɾ i ʒ i t ]_w
[_w t a m b e s t a ]_w
[_w l e m a ]_w
[_w p ɾ o s e s ]_w
[_w b e n t e n ts ]_w
[_w p a d a ]_w
[_w r e ɡ o ʎ i ɾ ]_w
[_w s i u d a t ]_w
[_w l o n t ɾ o l ]_w
[_w a k t e s ]_w
[_w a n t i l ]_w
[_w k o b ɾ i ɾ ]_w
[_w p e b ]_w
[_w r i ɡ ]_w
[_w d a k e s t ]_w
[_w ɡ l ɔ ɾ i a ]_w
[_w b i n d a ɾ ]_w
[_w f ɾ a ɡ a s ]_w
[_w l e s k e r e s ]_w
[_w f a ɾ i a n o ]_w
[_w d a n t e ɾ a ]_w
[_w t o n k s ]_w
[_w l o d e l s ]_w
[_w k a l e ɾ i a l ]_w
[_w i n i s i b i l ]_w
[_w l e n t i t a t ]_w
[_w a m i k e l ]_w
[_w p l a n k ]_w
[_w m a t ɾ i d ]_w
[_w b a ʒ i n a l ]_w
[_w f o n ts ]_w
[_w a r i b a t ]_w
[_w t a l d ɾ i a ]_w
[_w m o n u m e ɾ o ]_w
[_w f e l i b ]_w
[_w m a t e i ʃ ]_w
[_w i n s t a n t ]_w
[_w a p o s t ɾ a ]_w
[_w ɡ a s ]_w
[_w e n t ɾ e k a ]_w
[_w m o ɾ a l s ]_w
[_w d e m a n a d ]_w
[_w m u ɡ o ]_w
[_w r e ɡ n e ]_w
[_w p ɾ e p i ]_w
[_w a ɾ ʃ i u ]_w
[_w t e u s ]_w
[_w k u a n t o ]_w
[_w a t a k ]_w
[_w a k a b a ɾ ]_w
[_w ɡ o l u m n a ]_w
[_w b u k i n ]_w
[_w t ɾ o b a ɾ e s ]_w
[_w k a ʎ a ɾ ]_w
[_w t o d e ]_w
[_w ɡ a b ɾ i l ]_w
[_w r a m o n ]_w
[_w b o k t ]_w
[_w m o d e ɾ n a ]_w
[_w b o s ]_w
[_w p ɾ e s i o s a ]_w
[_w m a ʒ i n a ]_w
[_w o p s i o ]_w
[_w d a l ɡ n s ]_w
[_w e s t o n e s ]_w
[_w k ɾ i t i k a ɾ ]_w
[_w n o m p ɾ a ɾ ]_w
[_w ɡ a p a ]_w
[_w i d e a l ]_w
[_w s u ɡ ]_w
[_w d e n i m ]_w
[_w e t u a ɾ ]_w
[_w d e b i a ]_w
[_w r i d a ]_w
[_w t o ɾ ]_w
[_w a p e n ]_w
[_w a n d ]_w
[_w p a ɾ e ʎ ]_w
[_w s e d e m p l a ]_w
[_w r e p u tʃ ]_w
[_w d i a s ]_w
[_w ʎ e d ɾ a ]_w
[_w k o n e k t e ]_w
[_w k i a ]_w
[_w p i n ɡ l e s ]_w
[_w b a ɡ a n t ]_w
[_w m i n u t i l s ]_w
[_w p u ɡ a ]_w
[_w p l e n s ]_w
[_w m u n d a ɲ a ]_w
[_w p i n ɡ ts ]_w
[_w ɡ o n d e ]_w
[_w l u i s ]_w
[_w a ɡ e s ]_w
[_w p o t i e n e ]_w
[_w k l i m a d ]_w
[_w b ɾ o t u k t e ]_w
[_w i d i o m e s ]_w
[_w k i n e s ]_w
[_w p e n e s t a ]_w
[_w s u p e ɾ a ]_w
[_w t e s k e r a ]_w
[_w k a ɾː e k s ]_w
[_w s u b o s a ɾ ]_w
[_w s i d o ]_w
[_w p i n t ]_w
[_w i n f a n d i l ]_w
[_w f i n a ]_w
[_w o t ɾ a s ]_w
[_w ʒ i ɾ i n a k s ]_w
[_w ɡ o n e k t a ]_w
[_w m i d e ]_w
[_w u ʎ a d a ]_w
[_w m a n t e s ]_w
[_w m a k ɾ a t a ]_w
[_w b e ɾ e ]_w
[_w r a b i d o l ]_w
[_w a k a b a d e s ]_w
[_w t i f e ɾ e n ts ]_w
[_w b o b ɾ e ]_w
[_w b u l ɡ i n ]_w
[_w d o ɡ a b a ]_w
[_w r e s e p t e ]_w
[_w d e ɾ s e s ]_w
[_w k s t a ]_w
[_w b e n d e n d a ]_w
[_w b a ɾ b e ɾ a ]_w
[_w f i ʎ e s ]_w
[_w d e s i t i u ]_w
[_w k o s e s o s ]_w
[_w l a n d i t ]_w
[_w s o ɾ t i n t ]_w
[_w f i l s ]_w
[_w ʃ a t i b a l ]_w
[_w b l o ɡ s ]_w
[_w a b ɾ o b i s ]_w
[_w s a b e ɾ ]_w
[_w t u ɾ a ]_w
[_w m e m p ɾ e ]_w
[_w e n d i dz ]_w
[_w b o l i s i o ]_w
[_w m o l t a d ]_w
[_w m u n t a n e ɾ ]_w
[_w b ɾ e d o t ]_w
[_w r i t m e ]_w
[_w b a ɾ t e ʎ s ]_w
[_w s o m n i ]_w
[_w p e l s ]_w
[_w ɡ a s i o ]_w
[_w l e s p e ɾ i ʎ ]_w
[_w e s k ɾ i t ]_w
[_w s o l a m e n t ]_w
[_w m a k s i o ]_w
[_w l a l t ɾ i a ]_w
[_w ɡ o m e n ]_w
[_w b o l i d a t ]_w
[_w l e k t o ɾ a ]_w
[_w p e ɾ m e ]_w
[_w b i ɾ i n e u s ]_w
[_w r e a ɡ s i m ]_w
[_w l e d i f i s i ]_w
[_w m a ɾ k ]_w
[_w d o d e s ]_w
[_w a ɾ t u ɾ e s ]_w
[_w f e s t a ]_w
[_w b l a n e t a ]_w
[_w a u ɾ a n ]_w
[_w e s t o n a ]_w
[_w i n k l ɔ s ]_w
[_w k o m e n s a d ]_w
[_w m o n e d a ]_w
[_w k a r e ɾ e ]_w
[_w a m i k e s ]_w
[_w p ɾ o b e ]_w
[_w t e i ʃ e u ]_w
[_w f a n ]_w
[_w b ɾ o b ]_w
[_w a u d o ɾ s ]_w
[_w s u ɾ t e n ]_w
[_w s o ɾ t i ]_w
[_w k o r e ɡ d ]_w
[_w p a ɡ a n t o ]_w
[_w d u ɾ i s t ]_w
[_w t ɾ e b a ʎ a ]_w
[_w s a n t i t a ]_w
[_w l a b o ɾ a l s ]_w
[_w s o ɾ t i ɾ ]_w
[_w p o t e n ]_w
[_w e s e n ts ]_w
[_w b o s e n t i ɾ ]_w
[_w a ɡ o ʎ i d a ]_w
[_w r e s e b t e s ]_w
[_w a d ɛ s ]_w
[_w l a b o ɾ s ]_w
[_w ʒ e ɾ m a n s ]_w
[_w t i b u i ʃ ]_w
[_w f e p ɾ e s ]_w
[_w p o d i k e s ]_w
[_w r o t e s ]_w
[_w t o r e n ts ]_w
[_w ʒ e n e ɾ ]_w
[_w f o ɾ t a b a ]_w
[_w b ɾ e s ]_w
[_w s e p a ]_w
[_w b i s i t e s ]_w
[_w a p i e ɾ ]_w
[_w s a k e s t e s ]_w
[_w ʒ u ɲ ]_w
[_w s e ɡ w e n t ]_w
[_w m a t e i ʃ e ɾ ]_w
[_w a t u l ts ]_w
[_w k i o ]_w
[_w e t a d ]_w
[_w b l e n a ]_w
[_w b e ʎ s ]_w
[_w k u ɾ s o s ]_w
[_w b ɾ o b o ]_w
[_w e sː e n a ɾ ]_w
[_w d ɾ a k t e ]_w
[_w t i a ɾ i a ]_w
[_w b i e n t ]_w
[_w t e t a ʎ s ]_w
[_w ɡ e d i ]_w
[_w f a m i l i e s ]_w
[_w b ɾ a t ]_w
[_w p o p l e ]_w
[_w ʎ e ʒ i t ]_w
[_w b u ʒ a n t ]_w
[_w s e k ɾ e s ]_w
[_w l e n t e n s ]_w
[_w k w a n t e n ts ]_w
[_w a ɾ t i n t ɾ a ]_w
[_w b i e s a ]_w
[_w p u l ɡ i ]_w
[_w r e k l a ɾ ]_w
[_w b o l e ts ]_w
[_w b o s a t ]_w
[_w m e ɾ k a d ]_w
[_w f ɾ u i d ]_w
[_w p ɾ e s e n ts ]_w
[_w k e t a t ]_w
[_w d e s p u e s ]_w
[_w n e k ɾ e d ]_w
[_w a k t o ɾ a ]_w
[_w i n d e ɾ e s ]_w
[_w t e n e u ]_w
[_w k ɾ e i ʃ e u ]_w
[_w b a l o ɾ s ]_w
[_w b a t a ʎ a ]_w
[_w d a n t o r a ]_w
[_w r e t i ɾ ]_w
[_w k a m e n d a d ]_w
[_w s a l b a ɾ ]_w
[_w a p ɾ ]_w
[_w b o p ɾ e ]_w
[_w p e ɾ m e d ɾ e ]_w
[_w p e b ɾ e ɾ o ]_w
[_w t i ɾ i ʃ i t ]_w
[_w s e s t a s i o ]_w
[_w t o ɾ n o ]_w
[_w e s t a b e ɾ ]_w
[_w k a s t e ʎ s ]_w
[_w ʎ e n k w a dʒ e ]_w
[_w l a u ɾ a n t ]_w
[_w k a n s o n s ]_w
[_w ʒ e r a t a ]_w
[_w b l a s i o ]_w
[_w m a n t ɾ e ]_w
[_w d i e s ]_w
[_w f ɾ o n d ]_w
[_w b o l i d i k a ]_w
[_w n i n k u ]_w
[_w b i a dʒ a ɾ ]_w
[_w p ɾ o b e ɾ t a ]_w
[_w ɡ a s o s ]_w
[_w p e i ʃ o s ]_w
[_w f e ɾ m e t ]_w
[_w t ɾ e d ]_w
[_w n e k a ɾ ]_w
[_w m a ɾ i d ]_w
[_w p a d i n a d ]_w
[_w n a d u ɾ ]_w
[_w b a u ]_w
[_w d a n s a ]_w
[_w s o l e n ]_w
[_w a ɡ ɾ a d a ]_w
[_w s e ɾ i a l ]_w
[_w r e ʎ o dʒ e ]_w
[_w u n i ɡ ]_w
[_w b ɾ e p a ʎ s ]_w
[_w ɡ a s a l ]_w
[_w k o b e ɾ t a ]_w
[_w o l i ]_w
[_w b i sː i n a ]_w
[_w m e u a ]_w
[_w p o s i s ]_w
[_w d a i k w e s ]_w
[_w p l a n ɡ ]_w
[_w s e n s i o n s ]_w
[_w o f e ɾ d a ]_w
[_w k w a d e ɾ n a ]_w
[_w i m p o ɾ a l ]_w
[_w f i n e s ]_w
[_w m a ɾ ʒ e ]_w
[_w l o d i ]_w
[_w d o k a b a s ]_w
[_w p a s e ]_w
[_w p i e s ]_w
[_w e n k a n t i t ]_w
[_w t u ɾ a n ]_w
[_w d ɾ a ɡ t a ɾ ]_w
[_w ʒ i ɾ a ]_w
[_w t e n t ɾ e ]_w
[_w a l b e ɾ t e n ]_w
[_w t a i ʃ ɔ ]_w
[_w o ɾ e s ]_w
[_w b u ʒ a t a ]_w
[_w o b e ɾ t ]_w
[_w ʃ e l ]_w
[_w k e d o ]_w
[_w r e s e ɾ b e i ]_w
[_w d i ɾ i ʃ i ɾ ]_w
[_w t e t a ʎ ]_w
[_w a s a dʒ ]_w
[_w b i t e o s ]_w
[_w a k s e d i ɾ ]_w
[_w t e t i k e s ]_w
[_w s e k s e ]_w
[_w s a p e n ]_w
[_w p o l i t a ɾ ]_w
[_w d i n k t ]_w
[_w k u a n t o r a ]_w
[_w p a l a n a ]_w
[_w d o k t o ɾ a ]_w
[_w ʎ a s t i s i o ]_w
[_w r a t i b a ]_w
[_w s e ɾ b a ɾ ]_w
[_w l a ɡ d e ]_w
[_w p o s t ɾ a ]_w
[_w e l e m e n ts ]_w
[_w b e n b i a t ]_w
[_w k a t a l a n a ]_w
[_w p a n ]_w
[_w ʒ i i ]_w
[_w t ɾ e u ]_w
[_w t i ɾ e ɡ t o ɾ ]_w
[_w t ɾ a p e ʎ a ]_w
[_w d i n ɡ i n ]_w
[_w p e s e b ɾ e ]_w
[_w a k o s t a t ]_w
[_w r e s p e ɾ a ]_w
[_w b ɾ o p o s a ts ]_w
[_w p e n i l ]_w
[_w n a r a s i o ]_w
[_w a i k w e s ]_w
[_w p i b i n d ]_w
[_w ʒ o n ]_w
[_w l u s ]_w
[_w d e s t e s ]_w
[_w ɡ a i ʃ a ]_w
[_w d i ɾ i ʃ e n s ]_w
[_w s o b a ]_w
[_w p a s i ɡ ]_w
[_w a k o ɾ t a ]_w
[_w m o m e n a dʒ e ]_w
[_w d ɾ o b a ɾ ]_w
[_w m u n d a ɾ ]_w
[_w s e ɡ w e n ts ]_w
[_w b o ɾ ɡ e ]_w
[_w o f i s i ]_w
[_w d a b i t u a ]_w
[_w i n s t i t ]_w
[_w ʒ a sː ]_w
[_w a b ɾ ]_w
[_w s i s ]_w
[_w b a ɾ l a n d ]_w
[_w b o ɾ d a d ]_w
[_w e s k e r e s ]_w
[_w d e b a ]_w
[_w s i n e ]_w
[_w s e k i m ]_w
[_w k a ɾ a n ]_w
[_w p o s a t ]_w
[_w m i n i s i ]_w
[_w m o m e n s a ]_w
[_w r e b t e s ]_w
[_w t e n i e n ]_w
[_w m e n ɡ a ɾ ]_w
[_w r a b i t a ]_w
[_w p a dʒ ]_w
[_w a ɾ t i k l e s ]_w
[_w o s o n a ]_w
[_w k ɾ a m s ]_w
[_w t e f i n e i ʃ ]_w
[_w t i ʃ i ]_w
[_w t i e n t ]_w
[_w t ɾ o p a b l e ]_w
[_w m ɛ t o d e ]_w
[_w a t a k s ]_w
[_w p ɾ e p a ɾ a t ]_w
[_w a k a b a ]_w
[_w p ɾ e n t ɾ a ]_w
[_w s e n t a ]_w
[_w m a ɾ s ]_w
[_w f i s i a l ]_w
[_w s a p i ɡ a ]_w
[_w f a k t o ɾ s ]_w
[_w ɡ a t a l a n s ]_w
[_w t i b u d a d ]_w
[_w a l t a ɾ ]_w
[_w e n t ɾ a t a ]_w
[_w s e p i ʎ a ]_w
[_w k ɾ i t ]_w
[_w p e ɾ s a ]_w
[_w a m u n d o ]_w
[_w k a d a l a n a ]_w
[_w t ɾ a n s a d ]_w
[_w r e d a ʎ ]_w
[_w d i a ]_w
[_w d i s k ]_w
[_w f o ɾ t a d ]_w
[_w s e ɡ t o ɾ ]_w
[_w l i d e ɾ a ]_w
[_w s a k ɾ a t a ]_w
[_w ɡ a t ɔ l i k a ]_w
[_w p e ɾ m i s ]_w
[_w n e p e ɾ a ɾ ]_w
[_w k o m b l e ]_w
[_w f e ɾ l i ]_w
[_w d e s p ɾ i u ]_w
[_w s a b s ]_w
[_w b o d a d ]_w
[_w r e s u m ]_w
[_w p i b ]_w
[_w t e u ɾ o b a ]_w
[_w k a d i ɾ ]_w
[_w s a n d i d e s ]_w
[_w p i ɾ i n a ]_w
[_w f i k s i o ]_w
[_w t i n ɡ e s ]_w
[_w p ɾ i m a ɾ i a ]_w
[_w n e k ɾ e t a ]_w
[_w a ɡ o s t a ]_w
[_w p a r a ]_w
[_w t i s k u d ]_w
[_w s e m b l a n k ]_w
[_w a k o ɾ d s ]_w
[_w f u s t a ]_w
[_w l i n i s i ]_w
[_w r o dʒ ]_w
[_w ɡ o m b t a ]_w
[_w s ɔ l ]_w
[_w ʒ a p i ]_w
[_w r e ʒ i o ]_w
[_w p a n t ]_w
[_w d o ɾ d o ]_w
[_w m a n e ɾ ]_w
