[_w h i nː i ]_w
[_w f aː r t ]_w
[_w ɡ eː ʃ øː ]_w
[_w ɛ z ɛ l ]_w
[_w ɛ m b ɛ ]_w
[_w ɛ lː ɛ n ]_w
[_w b o n d ]_w
[_w ɛ z d ]_w
[_w s iː n ]_w
[_w m o n t ]_w
[_w ɑ d t ɑ ]_w
[_w ø sː ɛ ]_w
[_w s ɛ r t ]_w
[_w h ɑ n k ]_w
[_w h y j ɛ ]_w
[_w ɛ l øː tː ]_w
[_w eː r z i ]_w
[_w ɑ l ɑ p ]_w
[_w ɲ aː r ]_w
[_w b aː r oː ]_w
[_w j ɛ l ɛ ]_w
[_w f ø l t ]_w
[_w ɛ ʃ ɛ t ]_w
[_w eː p y l ]_w
[_w s iː v ɛ ]_w
[_w ts m ʃ ]_w
[_w ɑ k i t ]_w
[_w s ɛ r k ]_w
[_w s oː l t ]_w
[_w h ɑ t ]_w
[_w ɑ l ʃ oː ]_w
[_w s ɛ m ɛ ]_w
[_w ɑ ɡ i ]_w
[_w tʃ ɑ k ]_w
[_w s y l øː ]_w
[_w s ɛ n t ]_w
[_w f i uː ]_w
[_w f o l d ]_w
[_w v o n d ]_w
[_w ɛ ɟ ɛ ʃ ]_w
[_w ɑ k ɑ t ]_w
[_w b o r ]_w
[_w f ɑ l ɑ ]_w
[_w ɑ nː ɑ ]_w
[_w v ø l t ]_w
[_w s ɛ r ɛ ]_w
[_w ɑ m iː ɡ ]_w
[_w m ɛ ɟ ɛ ]_w
[_w ts u tsː ]_w
[_w k i ʃ ]_w
[_w n eː ɟ ]_w
[_w s oː d ]_w
[_w ɛ kː o r ]_w
[_w r ɛ aː ]_w
[_w ɑ d ɑ d ]_w
[_w m aː ʃ ]_w
[_w ɛ ɟ y tː ]_w
[_w t ɛ ɟ ɛ ]_w
[_w n ɛ f ɛ ]_w
[_w t ø l d ]_w
[_w l aː b ɑ ]_w
[_w eː v ɛ k ]_w
[_w eː v ɛ d ]_w
[_w m yː v ɛ ]_w
[_w ɟ o r ʃ ]_w
[_w k eː p ɛ ]_w
[_w k oː t ]_w
[_w eː t ɛ ʃ ]_w
[_w m i r ɛ ]_w
[_w k eː ʃ øː ]_w
[_w ɑ m i ]_w
[_w l ɛ z ]_w
[_w k eː r t ]_w
[_w i v j uː ]_w
[_w t aː r ɟ ]_w
[_w s ɛ n ɛ ]_w
[_w h iː r ]_w
[_w j oː d ]_w
[_w ɲ ɛ r ]_w
[_w i d ɛ ]_w
[_w ɛ k eː s ]_w
[_w v ɛ l ɛ ]_w
[_w h ɑ f i ]_w
[_w k ø ɲː yː ]_w
[_w u ɟ ɑ n ]_w
[_w t aː n i ]_w
[_w u r ɑ t ]_w
[_w n eː z d ]_w
[_w s iː n yː ]_w
[_w ɛ l eː k ]_w
[_w r ɛ n d ]_w
[_w u ɟ ɛ ]_w
[_w ɑ b u ʃ ]_w
[_w ɲ u k ɑ ]_w
[_w f aː ɟ ]_w
[_w b ɛ r ]_w
[_w m ɛ ɟ ]_w
[_w k i l oː ]_w
[_w k ɛ z d ]_w
[_w iː m ɛ ]_w
[_w f ɛ l ɛ ]_w
[_w m oː z ]_w
[_w ʃ o k ]_w
[_w v i z ]_w
[_w t ɛ ʃ t ]_w
[_w f eː v ɛ ]_w
[_w d ɛ l ɛ ]_w
[_w ɛ l v ]_w
[_w v øː ʃ ]_w
[_w aː r aː n ]_w
[_w eː v ɛ ʃ ]_w
[_w m i n d ]_w
[_w ɑ l ɑ k ]_w
[_w ʃ y l t ]_w
[_w k ɛ s t ]_w
[_w y r ɛ ʃ ]_w
[_w t ɛ nː i ]_w
[_w f eː r ]_w
[_w s ɛ bː ]_w
[_w eː l ɛ t ]_w
[_w v eː l i ]_w
[_w ɛ ɲ h ɛ ]_w
[_w eː r t ɛ ]_w
[_w i lː i ɡ ]_w
[_w ɑ l ɡ o ]_w
[_w v ɑ t ]_w
[_w b ɛ r ts ]_w
[_w ɡ ɛ z ɛ ]_w
[_w ɛ bː ɛ n ]_w
[_w k ø r eː ]_w
[_w v ø l d ]_w
[_w ø nː ɛ ɡ ]_w
[_w k ɛ lː ]_w
[_w i n t ɛ ]_w
[_w ɑ d o tː ]_w
[_w k ɛ r t ]_w
[_w h ɑ d ]_w
[_w h ɛ d ɛ ]_w
[_w i t øː k ]_w
[_w v ɑ l oː ]_w
[_w v ɑ ɟ ]_w
[_w f ɛ tː ɛ ]_w
[_w i r aː ɲ ]_w
[_w l aː b ]_w
[_w h iː t ]_w
[_w k i ʃː ]_w
[_w o nː ɑ n ]_w
[_w u t ɑ l ]_w
[_w n ɛ v ɛ ]_w
[_w m iː ɡ ]_w
[_w b yː n ]_w
[_w u c ɑ n ]_w
[_w m ɑ k ɑ ]_w
[_w n eː p ɛ ]_w
[_w v aː r ]_w
[_w p aː r ]_w
[_w aː lː o ɡ ]_w
[_w j o k i ]_w
[_w ɑ k ɑ r ]_w
[_w u d ɑ k ]_w
[_w f aː t ]_w
[_w o l ɑ j ]_w
[_w ɑ p j ɑ ]_w
[_w j ø nː i ]_w
[_w k ø z d ]_w
[_w ɑ t ɑ t ]_w
[_w v ɑ l ɑ ]_w
[_w ɛ ʃ ɛ d ]_w
[_w f ø l eː ]_w
[_w uː j ɑ pː ]_w
[_w ɑ hː o z ]_w
[_w ʃ o h ɑ ]_w
[_w tʃ u b ɑ ]_w
[_w o j ɑ n ]_w
[_w b ɑ r t ]_w
[_w m t v ]_w
[_w s ɑ k ɑ ]_w
[_w t ɑ r t ]_w
[_w tʃ o m oː ]_w
[_w ɑ m i d ]_w
[_w k ø z t ]_w
[_w v ɑ lː ]_w
[_w f ɛ r ʃ ]_w
[_w s aː n t ]_w
[_w ɛ l f ɛ ]_w
[_w k ɛ l t ]_w
[_w b r o v ]_w
[_w eː l ɛ ʃ ]_w
[_w t øː l ɛ ]_w
[_w aː lː n i ]_w
[_w ɛ ɟ ɛ t ]_w
[_w v ɛ nː i ]_w
[_w iː r oː ]_w
[_w ɛ r øː ʃ ]_w
[_w ɲ ɛ l v ]_w
[_w p l o k ]_w
[_w s aː r t ]_w
[_w ʃ øː t ]_w
[_w aː l t ɑ ]_w
[_w ɛ z t ]_w
[_w ɑ ɡ ɑ t ]_w
[_w ɑ m ɛ j ]_w
[_w n øː i ]_w
[_w h o zː ɑ ]_w
[_w ɛ l øː ]_w
[_w ɛ s ɛ n ]_w
[_w m ɑ ɡ ɑ ]_w
[_w ɑ z o n ]_w
[_w s ɑ ɡ ɑ ]_w
[_w m ø ɡ eː ]_w
[_w t k ɡ ]_w
[_w h i tː ɛ ]_w
[_w h ɛ j ɛ ]_w
[_w j b k ]_w
[_w h o l ]_w
[_w t ɑ r d ]_w
[_w n eː n i ]_w
[_w o l t ɑ ]_w
[_w f eː ɲ t ]_w
[_w ʃ o r ʒ ]_w
[_w k ɛ z t ]_w
[_w k ø ɲ v ]_w
[_w p eː ɡ ɛ ]_w
[_w t ɑ k ]_w
[_w ɛ n k ɛ ]_w
[_w p l o ɡ ]_w
[_w h uː z ]_w
[_w ɑ ɡ ɑ d ]_w
[_w ɑ m i n ]_w
[_w s eː b ]_w
[_w t ɛ r ]_w
[_w ɛ l v i ]_w
[_w b o z d ]_w
[_w k eː r ɛ ]_w
[_w m ɑ i ]_w
[_w ɑ u t oː ]_w
[_w f ɛ ɟ ɛ ]_w
[_w aː l d ɑ ]_w
[_w p ɑ r t ]_w
[_w f ɑ lː ]_w
[_w j aː r t ]_w
[_w b i ts i ]_w
[_w m o n d ]_w
[_w ɛ nː ɛ ɡ ]_w
[_w l aː ʃ t ]_w
[_w p eː n z ]_w
[_w i n d ɛ ]_w
[_w y l t ]_w
[_w ɛ u r oː ]_w
[_w h aː s ɑ ]_w
[_w m i n t ]_w
[_w k aː z ]_w
[_w m aː r k ]_w
[_w t ø l t ]_w
[_w v ɛ j ɛ ]_w
[_w n i n tʃ ]_w
[_w k eː ɡ ]_w
[_w ɑ l ɑ tː ]_w
[_w ɡ ø z d ]_w
[_w s ɑ v ɑ ]_w
[_w u ʃ ɑ ]_w
[_w n o h ɑ ]_w
[_w f o n ]_w
[_w s iː n ɛ ]_w
[_w tʃ ɛ n t ]_w
[_w aː ɡ o ʃ ]_w
[_w m z b ]_w
[_w ɛ l m ɛ ]_w
[_w t ɛ z i ]_w
[_w f eː r j ]_w
[_w f eː l ɛ ]_w
[_w l i n k ]_w
[_w ɛ k eː z ]_w
[_w ɑ t o k ]_w
[_w ɛ ɟ eː n ]_w
[_w m ɛ sː ɛ ]_w
[_w aː lː v ɑ ]_w
[_w h ɛ t ɛ ]_w
[_w f øː ʃ ]_w
[_w o r o z ]_w
[_w i d eː n ]_w
[_w f ɛ j ]_w
[_w ø r ø ɡ ]_w
[_w o k o k ]_w
[_w n eː b i ]_w
[_w t eː ɲ ]_w
[_w o ɡ o z ]_w
[_w f ɑ l oː ]_w
[_w v ɛ l eː ]_w
[_w ɛ rː øː l ]_w
[_w k eː b ɛ ]_w
[_w i i i ]_w
[_w b aː r ]_w
[_w ɛ l øː bː ]_w
[_w h o ɟ ]_w
[_w ɛ ɟ r ɛ ]_w
[_w y v ɛ k ]_w
[_w i j ɛ n ]_w
[_w iː r n i ]_w
[_w i d øː ʃ ]_w
[_w ɛ ɟ ɛ ɟ ]_w
[_w h t m l ]_w
[_w v ɛ ɟ ɛ ]_w
[_w ɛ nː ɛ k ]_w
[_w h ɑ z ɑ ]_w
[_w i ɡ ɑ z ]_w
[_w ʃ ɛ m ]_w
[_w ɑ r ɑ ɲ ]_w
[_w ɑ p ɑ ]_w
[_w ɛ bː øː l ]_w
[_w k o n t ]_w
[_w f ɛ l eː ]_w
[_w h ɑ l d ]_w
[_w m ɛ r t ]_w
[_w k ɛ s ɛ ]_w
[_w ɛ ɟ i k ]_w
[_w ɡ eː p ɛ ]_w
[_w eː r t ]_w
[_w m ɑ ʃː ]_w
[_w ɑ l i k ]_w
[_w o k o z ]_w
[_w ɛ ɲː i t ]_w
[_w t ɛ aː ɡ ]_w
[_w b o n t ]_w
[_w f i uː m ]_w
[_w ɛ ɟ eː b ]_w
[_w j u l ]_w
[_w ɡ ɛ tː ]_w
[_w l ɛ nː i ]_w
[_w f i aː t ]_w
[_w r aː n k ]_w
[_w ɛ m ɛ ]_w
[_w t eː r t ]_w
[_w ʃ i n tʃ ]_w
[_w h ɑ n ɡ ]_w
[_w ɑ ɟ ɑ ]_w
[_w h i s i ]_w
[_w tʃ ɛ n d ]_w
[_w d ɑ r t ]_w
[_w v i ɑ ]_w
[_w v i tsː ]_w
[_w f o n d ]_w
[_w ɛ ɲː i ]_w
[_w ɛ tː i k ]_w
[_w aː r o n ]_w
[_w j o ɡ ɑ ]_w
[_w iː r j ɑ ]_w
[_w t ø n t ]_w
[_w h aː t ]_w
[_w n øː k ]_w
[_w i d øː k ]_w
[_w ɑ kː o r ]_w
[_w l ɛ v ɛ ]_w
[_w p ɑ j ɑ ]_w
[_w ɑ sː o ɲ ]_w
[_w ɛ ɟ ɛ n ]_w
[_w eː r ɛ s ]_w
[_w tʃ ɛ h ]_w
[_w eː r ɛ z ]_w
[_w ʃ f eː t ]_w
[_w n eː p i ]_w
[_w ɛ l ʃ øː ]_w
[_w r ɛ n t ]_w
[_w l ɑ ʃː uː ]_w
[_w t ø ɡ ]_w
[_w ɲ uː j t ]_w
[_w eː ɡ øː ]_w
[_w eː l n i ]_w
[_w ɑ h o l ]_w
[_w ɡ ɛ z d ]_w
[_w ɑ nː o ]_w
[_w k o tʃ i ]_w
[_w n ɛ m ]_w
[_w h i b ɑ ]_w
[_w n eː m i ]_w
[_w s r t ]_w
[_w v aː r t ]_w
[_w aː lː ɑ m ]_w
[_w iː z b ɛ ]_w
[_w m ɛ n t ]_w
[_w oː r ɑ ]_w
[_w ɑ bː ɑ n ]_w
[_w t ɑ l ]_w
[_w p ɑ l ]_w
[_w ɑ u d oː ]_w
[_w f y ɡː ]_w
[_w v ø l ]_w
[_w t ø n d ]_w
[_w ɑ t ɑ d ]_w
[_w f ɑ d ]_w
[_w ɑ rː oː l ]_w
[_w ɑ ɲ ɑ k ]_w
[_w f aː r ]_w
[_w b aː r t ]_w
[_w b l o k ]_w
[_w v i sː ɑ ]_w
[_w k ɑ p u ]_w
[_w t eː r ]_w
[_w ʃ i t oː ]_w
[_w p u t ɑ ]_w
[_w ɛ bː ɛ ]_w
[_w p l u s ]_w
[_w ʃ o r ʃ ]_w
[_w h eː t ]_w
[_w s aː l ]_w
[_w f ɛ tː ]_w
[_w u t ɑ t ]_w
[_w m ɑ j d ]_w
[_w s ɑ b oː ]_w
[_w o k t ɑ ]_w
[_w v ɛ z i ]_w
[_w b ɛ n ]_w
[_w t u n ɑ ]_w
[_w eː pː ɛ n ]_w
[_w u d aː n ]_w
[_w k ø zː eː ]_w
[_w ʒ o r ]_w
[_w ɛ z ɛ k ]_w
[_w h o v aː ]_w
[_w ɑ ɲ aː m ]_w
[_w n ɑ p i ]_w
[_w ɑ l i ɡ ]_w
[_w v ɛ tː ]_w
[_w i v aː n ]_w
[_w j ø n ]_w
[_w h ɑ ɟ ]_w
[_w ʃ o l t ]_w
[_w ø sː ɛ k ]_w
[_w v ɑ l ]_w
[_w u r ɑ m ]_w
[_w ɛ z ɛ n ]_w
[_w ts eː l ]_w
[_w ɑ k ɑ d ]_w
[_w ts eː l t ]_w
[_w p ɛ l ɛ ]_w
[_w f ɛ z i ]_w
[_w v eː k ɛ ]_w
[_w l aː tː ɑ ]_w
[_w i d øː t ]_w
[_w n ɛ m i ]_w
[_w t ɛ aː k ]_w
[_w aː lː o tː ]_w
[_w r eː s t ]_w
[_w k ɛ tː ]_w
[_w r aː t ]_w
[_w v o l t ]_w
[_w eː l ɛ d ]_w
[_w j aː r oː ]_w
[_w k eː t ]_w
[_w o d ɑ ]_w
[_w ɛ tː øː l ]_w
[_w t ø bː eː ]_w
[_w ɑ t o tː ]_w
[_w aː r ɑ ]_w
[_w j oː l ]_w
[_w ɑ pː ɑ n ]_w
[_w ʃ o r t ]_w
[_w i t øː m ]_w
[_w d u d ]_w
[_w iː r o tː ]_w
[_w p o n d ]_w
[_w ɛ r øː t ]_w
[_w k ø z ɛ ]_w
[_w aː lː ɑ t ]_w
[_w ɑ r ɑ b ]_w
[_w ɛ ʃ t i ]_w
[_w aː lː oː ]_w
[_w s aː lː t ]_w
[_w eː r øː ]_w
[_w t aː r ʃ ]_w
[_w m ɛ n øː ]_w
[_w f ɛ n t ]_w
[_w f o k ]_w
[_w f r i ʃː ]_w
[_w j ɛ l ]_w
[_w eː d ɛ ʃ ]_w
[_w v ɑ n ɛ ]_w
[_w i mː aː r ]_w
[_w j aː r ]_w
[_w p ɛ r ts ]_w
[_w ɛ z ɛ ɡ ]_w
[_w m ɛ ɲː i ]_w
[_w aː lː t ]_w
[_w v eː l ɛ ]_w
[_w ɛ ɟ ɛ d ]_w
[_w ɑ z t ]_w
[_w ɑ rː ɑ ]_w
[_w ts i kː ]_w
[_w f ɛ v øː ]_w
[_w j oː p ]_w
[_w v i t ɑ ]_w
[_w f i sː ɑ ]_w
[_w ɑ m i k ]_w
[_w o j ɑ t ]_w
[_w ɑ s o n ]_w
[_w s aː z ]_w
[_w ɑ bː ɑ ]_w
[_w ɛ ɟ eː p ]_w
[_w t ɛ tː ɛ ]_w
[_w oː r aː t ]_w
[_w ɑ l ɑ ɡ ]_w
[_w ɑ ɡ i k ]_w
[_w h o f ɑ ]_w
[_w v o ɡ ]_w
[_w j o h n ]_w
[_w ɑ h o ɟ ]_w
[_w y ɟ ɛ ʃ ]_w
[_w v ø l eː ]_w
[_w k i tʃ i ]_w
[_w f eː ɲ ]_w
[_w ø sː ɛ ɡ ]_w
[_w n ɛ ɡ i ]_w
[_w p ɛ n ]_w
[_w k ɛ tː øː ]_w
[_w v o l d ]_w
[_w ɑ r o n ]_w
[_w l o n d ]_w
[_w ɑ z o ɡ ]_w
[_w u t aː n ]_w
[_w b i ɑ ts ]_w
[_w eː r i ]_w
[_w f i nː ]_w
[_w s ø l t ]_w
[_w ɛ dː i k ]_w
[_w s oː l oː ]_w
[_w ɛ ɲ eː m ]_w
[_w k ɛ z ɛ ]_w
[_w v ɛ tː ɛ ]_w
[_w ø n t ]_w
[_w l ɑ p ]_w
[_w p i ts i ]_w
[_w h i s ]_w
[_w eː r s i ]_w
[_w l ɑ ts i ]_w
[_w m ɛ n d ]_w
[_w ɑ ɲː i ]_w
[_w ʃ ɑ j t ]_w
[_w v o j t ]_w
[_w u d ɑ l ]_w
[_w z ɛ n d ]_w
[_w ɑ p r oː ]_w
[_w f ɑ k ]_w
[_w l aː ɲ ]_w
[_w s aː n d ]_w
[_w b u d ɑ ]_w
[_w h o z ]_w
[_w i d øː ]_w
[_w t eː v ɛ ]_w
[_w ɑ r ɑ p ]_w
[_w eː v ɑ ]_w
[_w j ɑ j ]_w
[_w v ɛ r ʃ ]_w
[_w h o zː aː ]_w
[_w iː r aː ʃ ]_w
[_w h aː z ɑ ]_w
[_w tʃ ɑ p ɑ ]_w
[_w i k ɛ n ]_w
[_w s ɑ f ɑ ]_w
[_w d ɛ nː i ]_w
[_w ts eː ɡ ]_w
[_w ɛ ɡ eː z ]_w
[_w ɛ r ɛ t ]_w
[_w ø r ø k ]_w
[_w v o n t ]_w
[_w l aː n ts ]_w
[_w s ɛ r b ]_w
[_w t ɛ r v ]_w
[_w ɑ ɡ ɑ r ]_w
[_w p aː r t ]_w
[_w tʃ aː ɲ i ]_w
[_w ɑ l k o ]_w
[_w uː t i ]_w
[_w s aː m ɑ ]_w
[_w ø r y l ]_w
[_w n øː t ]_w
[_w m i t ]_w
[_w n eː b ]_w
[_w m i ɑ dː ]_w
[_w t iː z ]_w
[_w p ɑ u l ]_w
[_w r o sː ]_w
[_w ɑ l ɑ dː ]_w
[_w ɡ o r ɑ ]_w
[_w d ø n d ]_w
[_w aː l o m ]_w
[_w ɡ u l t ]_w
[_w o b ɛ r ]_w
[_w eː l eː n ]_w
[_w v aː t ]_w
[_w s oː l d ]_w
[_w v i s i ]_w
[_w m ɛ ʃ ɛ ]_w
[_w l ɛ n d ]_w
[_w k l u p ]_w
[_w ɑ k aː r ]_w
[_w j u t ]_w
[_w i m ɑ ]_w
[_w z ɛ r ɛ ]_w
[_w k o n d ]_w
[_w o k o ʃ ]_w
[_w o l tʃ oː ]_w
[_w ɑ d ɑ k ]_w
[_w r aː t i ]_w
[_w i nː ɛ n ]_w
[_w p ɑ b ɑ ]_w
[_w oː r aː n ]_w
[_w ɛ z ɛ m ]_w
[_w k iː n ɑ ]_w
[_w k v d ]_w
[_w r eː z d ]_w
[_w p ɑ p ɑ ]_w
[_w ɛ zː ɛ l ]_w
[_w l aː p ɑ ]_w
[_w n eː v ]_w
[_w eː pː uː ɟ ]_w
[_w ɡ o n d ]_w
[_w ɟ ø r ɟ ]_w
[_w eː ɡ i ]_w
[_w d aː r ɟ ]_w
[_w v r i ʃː ]_w
[_w ɛ hː ɛ z ]_w
[_w ɑ bː eː ]_w
[_w b r i d ]_w
[_w t ø bː i ]_w
[_w f ɛ nː i ]_w
[_w v i l m ]_w
[_w eː r d ɛ ]_w
[_w v i uː m ]_w
[_w ɑ m ɑ ]_w
[_w v o d oː ]_w
[_w v y ɡː ]_w
[_w eː vː ɛ l ]_w
[_w ɑ ɡ aː r ]_w
[_w b ɑ p ɑ ]_w
[_w v i uː k ]_w
[_w ts iː m ]_w
[_w p o r ]_w
[_w ɑ d oː ]_w
[_w f eː k ɛ ]_w
[_w l ɛ z ɛ ]_w
[_w k eː ʒ øː ]_w
[_w l ɛ aː ɲ ]_w
[_w t ɛ ʃ øː ]_w
[_w m o ʃ t ]_w
[_w t eː l i ]_w
[_w f i tsː ]_w
[_w d ɛ ʃ øː ]_w
[_w o ɡ o k ]_w
[_w n ɑ ɟ ]_w
[_w øː z i ]_w
[_w t ɛ s ]_w
[_w t i z ɑ ]_w
[_w l o n t ]_w
[_w v aː j ]_w
[_w j ø tː ]_w
[_w uː j ɑ bː ]_w
[_w ɑ m i ɡ ]_w
[_w h aː z i ]_w
[_w b o tʃ ]_w
[_w v eː n ]_w
[_w ɛ l ɛ m ]_w
[_w y l v ɛ ]_w
[_w k ø z i ]_w
[_w ɛ ʃ t ɛ ]_w
[_w f ɛ z ]_w
[_w v eː v ɛ ]_w
[_w n eː h ɑ ]_w
[_w s ɛ n d ]_w
[_w eː pː o j ]_w
[_w h i d ]_w
[_w t ɛ tː ]_w
[_w i t øː ʃ ]_w
[_w r aː n ɡ ]_w
[_w s oː b ɑ ]_w
[_w h ɑ r ts ]_w
[_w k ɑ p z ]_w
[_w l eː v øː ]_w
[_w t h ɛ ]_w
[_w t aː v uː ]_w
[_w s o b ɑ ]_w
[_w t ø r t ]_w
[_w ɑ k i ]_w
[_w ɲ o l ts ]_w
[_w f aː ɡ ]_w
[_w s ɑ r ]_w
[_w aː lː iː t ]_w
[_w ɑ tː oː l ]_w
[_w b r o f ]_w
[_w aː lː ɑ d ]_w
[_w r eː z ɛ ]_w
[_w i k ɑ z ]_w
[_w f i uː t ]_w
[_w f ɛ n d ]_w
[_w ɡ i ʃ ]_w
[_w i t øː ]_w
[_w f o r ]_w
[_w v ɛ t ]_w
[_w j o ɡ i ]_w
[_w ø sː ɛ ʃ ]_w
[_w o ɡ o ʃ ]_w
[_w b ɛ l ɛ ]_w
[_w s oː l j ]_w
[_w u n i oː ]_w
[_w k eː p ]_w
[_w uː t r ɑ ]_w
[_w v o rː oː ]_w
[_w t ɛ z ]_w
[_w m ɛ lː eː ]_w
[_w ɑ k i k ]_w
[_w eː v r ɛ ]_w
[_w s ɛ r ɡ ]_w
[_w k o r ɑ ]_w
[_w m eː ɡ ]_w
[_w ɑ z o k ]_w
[_w f ɛ l i ]_w
[_w n aː l ɑ ]_w
[_w l aː t ]_w
[_w b u s ]_w
[_w s eː p ɛ ]_w
[_w s iː v ]_w
[_w m i n ]_w
[_w j o bː ]_w
[_w f i l m ]_w
[_w r eː s ]_w
[_w s oː l ]_w
[_w f ɛ l ]_w
[_w k eː r ]_w
[_w ɛ ʃ i ɡ ]_w
[_w v ɛ l ]_w
[_w n eː z t ]_w
[_w m aː ʃ t ]_w
[_w n eː z i ]_w
[_w n o ʃ ]_w
[_w d ɛ l i ]_w
[_w ɲ u ɡ ɑ ]_w
[_w ɛ ɟ i ɡ ]_w
[_w uː j ɑ t ]_w
[_w t ø k ]_w
[_w l eː ɲ ]_w
[_w ɑ m uː ɟ ]_w
[_w ɛ l eː ɡ ]_w
[_w ʃ ɛ mː i ]_w
[_w b eː n z ]_w
[_w ɑ r ts ]_w
[_w j oː t ]_w
[_w m eː k ]_w
[_w ɑ z ɑ z ]_w
[_w m t i ]_w
[_w eː jː ɛ l ]_w
[_w l ɛ nː ɛ ]_w
[_w ø n ø k ]_w
[_w ø r ø m ]_w
[_w t ɛ r f ]_w
[_w ɛ l øː l ]_w
[_w t ɛ j ɛ ]_w
[_w h ø l ɟ ]_w
[_w ɑ t oː d ]_w
[_w t yː s ]_w
[_w iː r t ɑ ]_w
[_w k eː b ]_w
[_w ɑ tː i k ]_w
[_w u n t ]_w
[_w øː k ɛ t ]_w
[_w t eː v eː ]_w
[_w ʃ yː r yː ]_w
[_w ɑ l i ]_w
[_w i m r ɛ ]_w
[_w eː l v ɛ ]_w
[_w b ɑ b ]_w
[_w ɛ s ɛ ɡ ]_w
[_w u t ɑ d ]_w
[_w ɛ ʃ i k ]_w
[_w ɑ b ɑ ]_w
[_w ɛ l ɛ k ]_w
[_w u d ɑ ɡ ]_w
[_w m ɑ j t ]_w
[_w ɛ ʃ øː ]_w
[_w ɑ z d ]_w
[_w ɛ l ɛ ɡ ]_w
[_w j ø v øː ]_w
[_w ɑ j t oː ]_w
[_w ts iː m ɛ ]_w
[_w ɑ v b ]_w
[_w h eː d ]_w
[_w ɛ l eː ]_w
[_w ɑ b aː m ]_w
[_w t iː j ]_w
[_w ɑ t aː ʃ ]_w
[_w aː lː iː d ]_w
[_w i ɡ ɛ n ]_w
[_w ʃ t b ]_w
[_w p o n t ]_w
[_w d ɛ tː ]_w
[_w i t ɛ i ]_w
[_w ɑ n t ]_w
[_w r eː ɡ i ]_w
[_w l i n ɡ ]_w
[_w eː ɡ b ɛ ]_w
[_w n eː p ]_w
[_w iː r t ]_w
[_w o k ɑ ]_w
[_w l ɛ tː ]_w
[_w s eː p ]_w
[_w f u d ]_w
[_w t u t s ]_w
[_w p ɛ nː ɛ ]_w
[_w v eː r ]_w
[_w t ɛ ʃ d ]_w
[_w ɛ rː ɛ ]_w
[_w k ø z eː ]_w
[_w l ɛ tː ɛ ]_w
[_w r t l ]_w
[_w eː v i ]_w
[_w b ɛ ʃ t ]_w
[_w j ɡ i ɑ ]_w
[_w l aː ɲ t ]_w
[_w ɛ ʃ ɛ tː ]_w
[_w n eː s t ]_w
[_w f eː ɡ ɛ ]_w
[_w h ɛ t i ]_w
[_w v i uː t ]_w
[_w eː l t ]_w
[_w f ɛ f øː ]_w
[_w t ɛ t ɛ ]_w
[_w j oː k ]_w
[_w v aː l t ]_w
[_w n ɑ k ]_w
[_w f eː ɲ ɛ ]_w
[_w ʒ o l t ]_w
[_w p i ɑ ts ]_w
[_w r u t h ]_w
[_w ɑ d n i ]_w
[_w h ɑ l t ]_w
[_w h aː l ɑ ]_w
[_w t ɛ dː ɛ ]_w
[_w b aː tʃ i ]_w
[_w s t aː r ]_w
[_w s aː j ɑ ]_w
[_w s aː r d ]_w
[_w m eː j ]_w
[_w k u k u ]_w
[_w ɑ p o ʃ ]_w
[_w k eː s ɑ ]_w
[_w p r o v ]_w
[_w j oː b ]_w
[_w k u l d ]_w
[_w k ø m b ]_w
[_w t oː t h ]_w
[_w ʃ o rː ɑ ]_w
[_w s aː m ]_w
[_w ɲ uː l ]_w
[_w uː ɟ i ʃ ]_w
[_w ɑ sː ɛ m ]_w
[_w o l d ɑ ]_w
[_w j aː r d ]_w
[_w iː r oː i ]_w
[_w ɲ ɛ r t ]_w
[_w tʃ ɑ ɡ ]_w
[_w ɛ l v ɛ ]_w
[_w eː s t ]_w
[_w t eː m ɑ ]_w
[_w k aː r t ]_w
[_w l ɛ f øː ]_w
[_w i k eː ɲ ]_w
[_w p aː l ]_w
[_w h i p ɑ ]_w
[_w ɲ aː r i ]_w
[_w h i t ]_w
[_w d ɛ z ]_w
[_w d aː n i ]_w
[_w eː v ɛ n ]_w
[_w h i z i ]_w
[_w k u ɟ ɑ ]_w
[_w ʃ i d oː ]_w
[_w j ɛ n øː ]_w
[_w t u t ]_w
[_w m ɛ k ]_w
[_w ɑ z d ɑ ]_w
[_w l eː ɟ ]_w
[_w t ɛ l t ]_w
[_w ʃ i m ɑ ]_w
[_w f ɛ dː ɛ ]_w
[_w aː lː aː ʃ ]_w
[_w d ɛ tː ɛ ]_w
[_w k r ɛ s ]_w
[_w ɛ r øː ]_w
[_w b ɛ nː ɛ ]_w
[_w m t f ]_w
[_w k i k ]_w
[_w s oː p ɑ ]_w
[_w n ɑ p ]_w
[_w k u l tʃ ]_w
[_w t ɛ l ɛ ]_w
[_w aː lː o k ]_w
[_w v ɛ nː ]_w
[_w ɲ ɛ r d ]_w
[_w ɡ i k ]_w
[_w aː r t ]_w
[_w v eː ɲ t ]_w
[_w i j ɛ t ]_w
[_w f o j t ]_w
[_w z ɛ n ɛ ]_w
[_w k ɑ b u ]_w
[_w m aː r ɑ ]_w
[_w v i ɑ m ]_w
[_w h o sː ɑ ]_w
[_w k ɛ l ]_w
[_w r ɛ aː m ]_w
[_w n ɛ k i ]_w
[_w b ɑ u l ]_w
[_w t aː n ]_w
[_w ʃ o ʃ ɛ ]_w
[_w b ɑ j ɑ ]_w
[_w n aː ts i ]_w
[_w ɛ r øː k ]_w
[_w ɑ sː ɑ l ]_w
[_w d ɑ r d ]_w
[_w ʒ ɛ m ]_w
[_w f ɑ n ]_w
[_w ɛ r t øː ]_w
[_w o ɡ o ɡ ]_w
[_w ɡ ø z eː ]_w
[_w k f t ]_w
[_w k r oː v ]_w
[_w v aː l d ]_w
[_w f o t oː ]_w
[_w f o rː oː ]_w
[_w p ɑ j ]_w
[_w ɑ s ɑ z ]_w
[_w i t ɛ ɡ ]_w
[_w ø nː ɛ k ]_w
[_w s aː m uː ]_w
[_w ɛ nː eː l ]_w
[_w ɡ eː d ]_w
[_w f ɑ ɟ ]_w
[_w i d ɛ ɡ ]_w
[_w ts o m ]_w
[_w s øː tʃ ]_w
[_w ɛ l t ɛ ]_w
[_w k ø r ]_w
[_w h aː z ]_w
[_w f ø l d ]_w
[_w p ɑ bː ]_w
[_w iː r oː k ]_w
[_w t yː n øː ]_w
[_w eː r n i ]_w
[_w p o r t ]_w
[_w ɛ nː i ]_w
[_w k o r ]_w
[_w ʒ o ʃ ɛ ]_w
[_w t uː l ]_w
[_w ɲ uː j d ]_w
[_w d ø bː i ]_w
[_w i t ɛ ]_w
[_w o l ɑ z ]_w
[_w z oː t ]_w
[_w ɑ z t ɑ ]_w
[_w ɑ l aː ]_w
[_w j o l ]_w
[_w v ɑ l u ]_w
[_w d øː l ɛ ]_w
[_w k u l t ]_w
[_w l ɑ ɡ i ]_w
[_w h iː r t ]_w
[_w v o r ]_w
[_w h øː ʃ ]_w
[_w ɑ nː ɑ k ]_w
[_w oː r aː ʃ ]_w
[_w f ɑ l u ]_w
[_w ɡ ɛ r d ]_w
[_w f i s ]_w
[_w i f j uː ]_w
[_w iː r d ɑ ]_w
[_w t h ɑ i ]_w
[_w b aː r d ]_w
[_w h ɛ j i ]_w
[_w ɑ s t ]_w
[_w f eː n ]_w
[_w ɲ ɛ l f ]_w
[_w k r ɛ z ]_w
[_w tʃ uː ɲ ɑ ]_w
[_w ɑ d aː ʃ ]_w
[_w ɡ iː n ɑ ]_w
[_w d iː z ]_w
[_w b aː j ɑ ]_w
[_w f o l t ]_w
[_w h ɑ tː ]_w
[_w ɡ ɑ p z ]_w
[_w p r o f ]_w
[_w ɑ l ɑ b ]_w
[_w ø n ø ɡ ]_w
[_w k eː r i ]_w
[_w eː t ɛ l ]_w
[_w o ɡ ɑ ]_w
[_w f ɛ j ɛ ]_w
[_w uː j r ɑ ]_w
[_w t yː n t ]_w
[_w t yː n d ]_w
[_w t f t ]_w
[_w l ɛ v øː ]_w
[_w n eː z øː ]_w
[_w n eː sː ɛ ]_w
[_w ɑ t j ɑ ]_w
[_w i lː øː ]_w
[_w ɛ n ɡ ɛ ]_w
[_w h i z ]_w
[_w ɑ p aː m ]_w
[_w u d ɑ n ]_w
[_w b aː l ]_w
[_w o ɡ o s ]_w
[_w ɛ ʃ eː j ]_w
[_w b ɑ n ]_w
[_w f aː k ]_w
[_w ɡ v d ]_w
[_w ɑ s t ɑ ]_w
[_w s aː lː ]_w
[_w t u t i ]_w
[_w iː r o m ]_w
[_w y ɟ eː s ]_w
[_w ɑ l oː l ]_w
[_w t oː l ]_w
[_w ø r ɛ k ]_w
[_w h ɑ v i ]_w
[_w l ɛ s ]_w
[_w øː ʃ i ]_w
[_w r eː z t ]_w
[_w f o n t ]_w
[_w ʃ o l d ]_w
[_w l eː t ]_w
[_w j o k ɑ ]_w
[_w ø v eː ]_w
[_w oː r aː ɡ ]_w
[_w eː r t i ]_w
[_w y ɟ ɛ d ]_w
[_w ɛ r ɛ d ]_w
[_w ɑ k i ɡ ]_w
[_w i d ɛ i ]_w
[_w ɡ eː r ɛ ]_w
[_w h o sː uː ]_w
[_w d aː v uː ]_w
[_w ø zː ɛ ɡ ]_w
[_w f eː l ]_w
[_w aː k o ʃ ]_w
[_w v i aː t ]_w
[_w ɡ ø r eː ]_w
[_w o d b ]_w
[_w ɑ tː i ɡ ]_w
[_w i d øː m ]_w
[_w d aː r ʃ ]_w
[_w m eː r t ]_w
[_w o k o ɡ ]_w
[_w h ɑ dː ]_w
[_w d r aː ɡ ]_w
[_w ɡ ø ɲ v ]_w
[_w ɛ hː ɛ s ]_w
[_w r eː s ɛ ]_w
[_w ʃ aː v ]_w
[_w ɑ ɲ ɑ ɡ ]_w
[_w ʃ ɑ j d ]_w
[_w ɑ f ɑ ɟ ]_w
[_w ɡ o n t ]_w
[_w b eː l ɑ ]_w
[_w iː r o ɡ ]_w
[_w o t ɑ ]_w
[_w t eː ɡ ɛ ]_w
[_w y ɟ ɛ t ]_w
[_w p aː r oː ]_w
[_w p aː b ɑ ]_w
[_w j o ɡ ]_w
[_w h aː ɲ ]_w
[_w ɑ d j ɑ ]_w
[_w o p ɛ r ]_w
[_w m o n dː ]_w
[_w m aː t eː ]_w
[_w t r aː ɡ ]_w
[_w v aː k ]_w
[_w v ɑ k ]_w
[_w b l u s ]_w
[_w v ɛ n d ]_w
[_w uː t j ɑ ]_w
[_w f u r ɑ ]_w
[_w r oː l ɑ ]_w
[_w l ɛ s ɛ ]_w
[_w v o k ]_w
[_w ø zː ɛ k ]_w
[_w f ø l ]_w
[_w v ɛ r ʒ ]_w
[_w ʒ o r ɑ ]_w
[_w ɲ iː l t ]_w
[_w o ɡ t ɑ ]_w
[_w m aː r ]_w
[_w t ø bː ]_w
[_w i k ɑ s ]_w
[_w n ɑ b ]_w
[_w p aː j ɑ ]_w
[_w k i n d ]_w
[_w f i ɑ ]_w
[_w m ɛ j ]_w
[_w v eː ɲ ]_w
[_w m ɑ r ]_w
[_w f i tː ]_w
[_w ʃ v eː d ]_w
[_w k aː r d ]_w
[_w p ø l tʃ ]_w
[_w ɛ z i k ]_w
[_w eː z r ɛ ]_w
[_w f eː l i ]_w
[_w t ɑ t ɑ ]_w
[_w f o j d ]_w
[_w v i tː ]_w
[_w ø n d ]_w
[_w uː t o n ]_w
[_w ɡ ɛ s ɛ ]_w
[_w h ɑ l ]_w
[_w ɛ tː i ɡ ]_w
[_w t r aː k ]_w
[_w y l d ]_w
[_w v o n ]_w
[_w n eː b ɛ ]_w
[_w f o d oː ]_w
[_w tʃ o t ɑ ]_w
[_w d øː l ]_w
[_w ɡ ɛ s t ]_w
[_w b k v ]_w
[_w s yː k ]_w
[_w h o v ɑ ]_w
[_w s ø l d ]_w
[_w ɛ s ɛ m ]_w
[_w m uː l t ]_w
[_w u d ɑ d ]_w
[_w ɛ sː ɛ l ]_w
[_w f o k s ]_w
[_w d ø l t ]_w
[_w v i nː i ]_w
[_w n ɛ ɡ ]_w
[_w ɑ ɲ j ɑ ]_w
[_w f aː l t ]_w
[_w b u l i ]_w
[_w t ɛ s i ]_w
[_w ʒ o h ɑ ]_w
[_w eː d ɛ l ]_w
[_w ɑ hː o s ]_w
[_w t uː l i ]_w
[_w p o z t ]_w
[_w eː l ɛ k ]_w
[_w l ɑ b ]_w
[_w k r oː f ]_w
[_w ɑ bː oː l ]_w
[_w ɡ ø z t ]_w
[_w v aː r d ]_w
[_w r o zː ]_w
[_w i d ɛ k ]_w
[_w f ɑ l ]_w
[_w n eː s i ]_w
[_w p i lː ]_w
[_w v aː ɡ ]_w
[_w k u ɡ u ]_w
[_w b ɑ r d ]_w
[_w eː r d ]_w
[_w ʃ o ɡ ]_w
[_w b ø l tʃ ]_w
[_w t eː r ɛ ]_w
[_w t ɛ dː ]_w
[_w v o j d ]_w
[_w ø r ɛ ɡ ]_w
[_w h o c ]_w
[_w h ɛ j ]_w
[_w eː v ɛ ɡ ]_w
[_w ɑ s o k ]_w
[_w ɡ o r ]_w
[_w ʃ ɑ n ]_w
[_w ɡ eː n ɛ ]_w
[_w ʃ r aː ts ]_w
[_w n eː s øː ]_w
[_w ʒ øː t ]_w
[_w ʒ o k ]_w
[_w r oː m ɑ ]_w
[_w f ɑ n ɛ ]_w
[_w øː s i ]_w
[_w u t ts ɑ ]_w
[_w k eː s ]_w
[_w d ɛ r ]_w
[_w t eː l ]_w
[_w v i d ɑ ]_w
[_w k ɑ p ]_w
[_w k ø s ɛ ]_w
[_w ts eː l d ]_w
[_w ɑ h o c ]_w
[_w m i d ]_w
[_w ʃ ø r ]_w
[_w ʒ o r ʃ ]_w
[_w t u d ]_w
[_w m aː r ɡ ]_w
[_w s eː l ]_w
[_w uː ɟ i ʒ ]_w
[_w eː z t ]_w
[_w ʃ o r ]_w
[_w j o k ]_w
[_w h o s ]_w
[_w v iː z ]_w
[_w oː r aː k ]_w
[_w ɡ ø m b ]_w
[_w h ɑ j oː ]_w
[_w ɑ nː aː l ]_w
[_w f i tː ɛ ]_w
[_w k i ʃː eː ]_w
[_w b ɑ b ɑ ]_w
[_w p ɛ r ]_w
[_w d eː r t ]_w
[_w b ɛ n d ]_w
[_w ɑ p u ʃ ]_w
[_w ʃ v k ]_w
[_w b i lː ]_w
[_w t ɛ l i ]_w
[_w oː d ɑ ]_w
[_w r aː m ]_w
[_w s eː t ]_w
[_w m ɛ rː ɛ ]_w
[_w ɛ ɡ eː s ]_w
[_w n øː tː ]_w
[_w m oː t ]_w
[_w ɡ aː v eː ]_w
[_w o k o s ]_w
[_w v o t oː ]_w
[_w z aː lː ]_w
[_w p u l i ]_w
[_w ɛ l d ɛ ]_w
[_w t ɑ d ɑ ]_w
[_w n ɛ k ]_w
[_w v ɛ l i ]_w
[_w v i nː ]_w
[_w v eː ɲ ɛ ]_w
[_w ʃ v eː t ]_w
[_w v k f ]_w
[_w eː v i ɡ ]_w
[_w b ɑ j ]_w
[_w z ɑ v ɑ ]_w
[_w z ɑ k ɑ ]_w
[_w eː v ɛ ]_w
[_w ɟ u l ɑ ]_w
[_w ɡ u l tʃ ]_w
[_w f aː r d ]_w
[_w eː b y l ]_w
[_w m i ɑ tː ]_w
[_w n eː zː ɛ ]_w
[_w aː r d ]_w
[_w y ɟ ɛ ʒ ]_w
[_w v ɛ v øː ]_w
[_w ɛ m p ɛ ]_w
[_w k aː r ]_w
[_w l eː b ]_w
[_w t u d i ]_w
[_w h ɑ s ɑ ]_w
[_w ɑ zː ɑ l ]_w
[_w ɑ d oː d ]_w
[_w ɛ ʃ t ]_w
[_w z ɛ r t ]_w
[_w z ɛ r k ]_w
[_w k o r i ]_w
[_w y l f ɛ ]_w
[_w t ɛ l d ]_w
[_w d v t ]_w
[_w t v t ]_w
[_w eː z d ]_w
[_w r eː ɡ ]_w
[_w i lː i k ]_w
[_w v ɛ j ]_w
[_w eː l ɛ ɡ ]_w
[_w ɡ ø s t ]_w
[_w p ɡ v ]_w
[_w m s b ]_w
[_w v i s ]_w
[_w r eː k ]_w
[_w b ɑ l ]_w
[_w eː s r ɛ ]_w
[_w ɑ dː i ɡ ]_w
[_w ɑ r ts ɑ ]_w
[_w ʃ ø r t ]_w
[_w p ɛ n t ]_w
[_w m ɛ nː i ]_w
[_w ɡ ø z ɛ ]_w
[_w ɛ l f ]_w
[_w d ɛ ɟ ɛ ]_w
[_w z aː r t ]_w
[_w d ɛ ʃ t ]_w
[_w v i z i ]_w
[_w i t eː n ]_w
[_w o t b ]_w
[_w z ɛ bː ]_w
[_w p u d ɑ ]_w
[_w b aː b ɑ ]_w
[_w l ɛ f ɛ ]_w
[_w eː r d i ]_w
[_w ø nː ɛ l ]_w
[_w i t ɛ k ]_w
[_w b yː n d ]_w
[_w k ɛ r d ]_w
[_w t i pː ]_w
[_w ɡ ø z i ]_w
[_w ɛ s t ]_w
[_w ɡ eː s ]_w
[_w o ɡ d ɑ ]_w
[_w d ɛ j ɛ ]_w
[_w ø zː ɛ ʃ ]_w
[_w b iː r ]_w
[_w m uː l d ]_w
[_w ts iː m yː ]_w
[_w l ɑ k i ]_w
[_w d ø k ]_w
[_w f i s i ]_w
[_w s oː t ]_w
[_w v i uː ]_w
[_w j k i ɑ ]_w
[_w f aː j ]_w
[_w m i k ]_w
[_w f i ɑ m ]_w
[_w ɑ n d ]_w
[_w t ɑ ɡ ]_w
[_w ɟ o r ʒ ]_w
[_w f ɛ nː ]_w
[_w k i ʒ ]_w
[_w ɑ d o k ]_w
[_w p ɛ ʃ t ]_w
[_w d ø l d ]_w
[_w ɑ v ɑ ɟ ]_w
[_w k ɛ lː øː ]_w
[_w p u h ɑ ]_w
[_w z aː z ]_w
[_w k ɛ l d ]_w
[_w u n d ]_w
[_w f i nː i ]_w
[_w d eː v ɛ ]_w
[_w h iː d ]_w
[_w u t ɑ n ]_w
[_w p eː l ɑ ]_w
[_w f aː c ]_w
[_w ʃ o r d ]_w
[_w v ɑ n ]_w
[_w eː k i ]_w
[_w y ɟ eː z ]_w
[_w f o ɡ s ]_w
[_w v aː ɟ ]_w
[_w tʃ ɑ b ɑ ]_w
[_w b o r d ]_w
[_w m aː d eː ]_w
[_w z ɛ m ɛ ]_w
[_w f ɑ t ]_w
[_w v aː c ]_w
[_w eː v i k ]_w
[_w ɡ eː b ɛ ]_w
[_w ɑ z ɑ s ]_w
[_w tʃ u p ɑ ]_w
[_w v ɛ n t ]_w
[_w ɑ ɲː i t ]_w
[_w ɡ ɛ z t ]_w
[_w m oː d ]_w
[_w i t øː t ]_w
[_w d oː l ]_w
[_w ɛ z ɛ r ]_w
[_w l aː p ]_w
[_w j o pː ]_w
[_w ɛ ɲː i d ]_w
[_w t eː r d ]_w
[_w s ɛ r p ]_w
[_w v i tː ɛ ]_w
[_w ɑ b r oː ]_w
[_w ɑ d ɑ t ]_w
[_w ɡ r oː f ]_w
[_w f i d ɑ ]_w
[_w aː t ɛ r ]_w
[_w j u d ]_w
[_w h aː s i ]_w
[_w i ɡ ɑ s ]_w
[_w m ø k eː ]_w
[_w k i n t ]_w
[_w ɛ s i ɡ ]_w
[_w d ø bː eː ]_w
[_w b iː r oː ]_w
[_w d eː l ]_w
[_w b u t ɑ ]_w
[_w k eː z ]_w
[_w z ɑ f ɑ ]_w
[_w ɑ s o ɡ ]_w
[_w s r d ]_w
[_w d eː m ɑ ]_w
[_w v eː r j ]_w
[_w n ɛ v yː ]_w
[_w ɛ l f i ]_w
[_w k l u b ]_w
[_w ɡ i d ]_w
[_w aː d ɛ r ]_w
[_w s ɛ m ]_w
[_w d ɑ l ]_w
[_w ɡ l u p ]_w
[_w b l o ɡ ]_w
[_w r aː d i ]_w
[_w ʒ aː v ]_w
[_w d ɛ l t ]_w
[_w tʃ o d ɑ ]_w
[_w m ɛ ɡ ]_w
[_w ɑ m i t ]_w
[_w ʒ ɑ j t ]_w
[_w h o l d ]_w
[_w v ɑ d ]_w
[_w ɡ i tʃ i ]_w
[_w ɑ t ɑ k ]_w
[_w f ɛ s ]_w
[_w u t ɑ ɡ ]_w
[_w v o j oː ]_w
[_w k ɑ b ]_w
[_w i ɡ eː ɲ ]_w
[_w aː t aː m ]_w
[_w u t ɑ k ]_w
[_w s eː b ɛ ]_w
[_w eː l øː ]_w
[_w ɑ pː l ɛ ]_w
[_w ʒ i t oː ]_w
[_w ɡ v t ]_w
[_w v eː ɡ ɛ ]_w
[_w i n t i ]_w
[_w f o j oː ]_w
[_w o r o s ]_w
[_w p aː r d ]_w
[_w v o k s ]_w
[_w ɑ ɡ i d ]_w
[_w o t p ]_w
[_w k eː d ]_w
[_w t øː l ]_w
[_w ɛ s ɛ k ]_w
[_w ɑ ɲ ɑ ]_w
[_w ɑ k i d ]_w
[_w p ɑ n ]_w
[_w ɑ dː i k ]_w
[_w z y l øː ]_w
[_w b u h ɑ ]_w
[_w k eː n ɛ ]_w
[_w ɑ t n i ]_w
[_w p ɑ r d ]_w
[_w ɡ eː b ]_w
[_w z aː j ɑ ]_w
[_w ʃ y l d ]_w
[_w k eː z ɑ ]_w
[_w p o tʃ ]_w
[_w ɑ t ɑ ɡ ]_w
[_w ɑ ɲː i d ]_w
[_w f ɛ s i ]_w
[_w ɛ dː i ɡ ]_w
[_w f i z ]_w
[_w f u d oː ]_w
[_w b ɑ pː ]_w
[_w ø zː ɛ ]_w
[_w b k f ]_w
[_w d øː k ɛ ]_w
[_w n eː z ]_w
[_w d eː l i ]_w
[_w ʒ i n tʃ ]_w
[_w z oː b ɑ ]_w
[_w s ɛ r d ]_w
[_w d u t s ]_w
[_w f i aː d ]_w
[_w ɑ pː ɑ ]_w
[_w ɡ ɛ l d ]_w
[_w iː r o k ]_w
[_w b yː n t ]_w
[_w b ɑ p ]_w
[_w z eː p ]_w
[_w j p ɡ ]_w
[_w s aː s ]_w
[_w k eː r d ]_w
[_w eː l f ɛ ]_w
[_w d ø bː ]_w
[_w k u c ɑ ]_w
[_w ʃ o r ɑ ]_w
[_w h ɑ c ]_w
[_w ʒ ɑ n ]_w
[_w f i uː k ]_w
[_w b r i t ]_w
[_w p aː tʃ i ]_w
[_w ɲ iː l d ]_w
[_w y v ɛ ɡ ]_w
[_w v ɛ s i ]_w
[_w b o r t ]_w
[_w iː r d ]_w
[_w f aː d ]_w
[_w h iː r d ]_w
[_w l eː p ]_w
[_w d iː j ]_w
[_w k aː v eː ]_w
[_w oː t ɑ ]_w
[_w u d ɑ t ]_w
[_w ɑ d ɑ ɡ ]_w
[_w ɡ eː p ]_w
[_w ɛ s i k ]_w
[_w d eː ɲ ]_w
[_w ɑ nː ɑ ɡ ]_w
[_w t i s ɑ ]_w
[_w f i t ɑ ]_w
[_w ʒ ɛ mː i ]_w
[_w h aː d ]_w
[_w f u t ]_w
[_w h o l t ]_w
[_w ɛ r d øː ]_w
[_w ɡ o tʃ i ]_w
[_w ʒ o rː ɑ ]_w
[_w d ø n t ]_w
[_w l ɛ dː ɛ ]_w
[_w i f aː n ]_w
[_w z oː l t ]_w
[_w d ɛ s i ]_w
[_w eː v ɛ t ]_w
[_w f ɛ t ]_w
[_w d ɛ r f ]_w
[_w k i t ]_w
[_w b aː p ɑ ]_w
[_w l ɛ n t ]_w
[_w v o ɡ s ]_w
[_w n ɑ b i ]_w
[_w v eː l ]_w
[_w ɡ i ʃː eː ]_w
[_w ts eː k ]_w
[_w f ɛ dː ]_w
[_w ɡ ø r ]_w
[_w h uː s ]_w
[_w ɡ ɛ tː øː ]_w
[_w ʒ i m ɑ ]_w
[_w ɑ t oː t ]_w
[_w d ɛ r v ]_w
[_w ɑ t o ɡ ]_w
[_w u r ɑ d ]_w
[_w iː r f ɑ ]_w
[_w d i pː ]_w
[_w z aː m ]_w
[_w f ɑ c ]_w
[_w ɑ t oː ]_w
[_w f o ɡ ]_w
[_w i n d i ]_w
[_w f o ɡ z ]_w
[_w s eː d ]_w
[_w eː k b ɛ ]_w
[_w p r i d ]_w
[_w m i ɡ ]_w
[_w f aː l d ]_w
[_w ɑ d oː t ]_w
[_w n ɑ ɡ ]_w
[_w k i d ]_w
[_w uː j ɑ d ]_w
[_w d k ɡ ]_w
[_w ɑ ɡ i t ]_w
[_w o l ɑ s ]_w
[_w ɛ ʃ ɛ dː ]_w
[_w m z p ]_w
[_w h o f aː ]_w
[_w oː r aː d ]_w
[_w n ɑ c ]_w
[_w k ø m p ]_w
[_w p ɑ b ]_w
[_w k ø s eː ]_w
[_w v k v ]_w
[_w d ø r t ]_w
[_w h ɛ d i ]_w
[_w iː r v ɑ ]_w
[_w m eː r d ]_w
[_w p aː p ɑ ]_w
[_w v ɛ z ]_w
[_w ɑ ɡ i ɡ ]_w
[_w o j ɑ d ]_w
[_w ɡ eː r t ]_w
[_w p o z d ]_w
[_w d ɛ dː ]_w
[_w k aː s ]_w
[_w ɡ o r i ]_w
[_w z ø l d ]_w
[_w r eː z ]_w
[_w ɛ s ɛ r ]_w
[_w s o p ɑ ]_w
[_w k oː d ]_w
[_w z oː d ]_w
[_w ɑ j d oː ]_w
[_w t øː k ɛ ]_w
[_w d ɛ z i ]_w
[_w k i ɡ ]_w
[_w z eː t ]_w
[_w d u t ]_w
[_w p ɛ n d ]_w
[_w d ɑ k ]_w
[_w z eː b ]_w
[_w ɡ ɛ lː ]_w
[_w d ø ɡ ]_w
[_w b o s t ]_w
[_w b ɛ n t ]_w
[_w ɡ ɛ l t ]_w
[_w z øː tʃ ]_w
[_w b o z t ]_w
[_w t aː r ʒ ]_w
[_w ɡ eː r ]_w
[_w b eː k ɛ ]_w
[_w n ɛ f yː ]_w
[_w f i z i ]_w
[_w d ɛ aː ɡ ]_w
[_w aː d aː m ]_w
[_w ɑ b o ʃ ]_w
[_w p ɡ f ]_w
[_w ɡ ɑ p u ]_w
[_w m ɛ r d ]_w
[_w v ɡ v ]_w
[_w ɡ u ɡ u ]_w
[_w ɡ f t ]_w
[_w m ɛ zː ɛ ]_w
[_w k v t ]_w
[_w p ɑ p ]_w
[_w f ɛ r ʒ ]_w
[_w ɡ ɑ b ]_w
[_w t eː k ɛ ]_w
[_w b eː ɡ ɛ ]_w
[_w k ɑ p s ]_w
[_w ɛ ʃ d ]_w
[_w d i z ɑ ]_w
[_w z aː l ]_w
[_w b ɑ bː ]_w
[_w eː l d ]_w
[_w ɡ oː t ]_w
[_w d eː v eː ]_w
[_w ɡ i ɡ ]_w
[_w z ɛ m ]_w
[_w d eː r ]_w
[_w ʃ f eː d ]_w
[_w r aː d ]_w
[_w ɑ zː ɛ m ]_w
[_w d i s ɑ ]_w
[_w z aː n t ]_w
[_w v ɛ dː ]_w
[_w f ɛ d ]_w
[_w p o s t ]_w
[_w v ɛ s ]_w
[_w d aː n ]_w
[_w ɡ r ɛ z ]_w
[_w øː k ɛ d ]_w
[_w f ɑ ɡ ]_w
[_w k ɑ b s ]_w
[_w d eː ɡ ɛ ]_w
[_w z aː n d ]_w
[_w t u d s ]_w
[_w ɡ eː ɡ ]_w
[_w v ɛ dː ɛ ]_w
[_w p r i t ]_w
[_w ʃ t p ]_w
[_w d ɛ aː k ]_w
[_w ɡ ɛ r t ]_w
[_w ʒ o r t ]_w
[_w ɛ z i ɡ ]_w
[_w ɡ eː ʒ øː ]_w
[_w ɡ eː t ]_w
[_w n eː s ]_w
[_w ʃ v ɡ ]_w
[_w d u n ɑ ]_w
[_w k ø s t ]_w
[_w r eː k i ]_w
[_w i j ɛ d ]_w
[_w v ɑ c ]_w
[_w z aː m ɑ ]_w
[_w d r aː k ]_w
[_w ɛ s ɛ l ]_w
[_w ɡ ɛ lː øː ]_w
[_w ɡ u k u ]_w
[_w t ø r d ]_w
[_w d eː r ɛ ]_w
[_w z ɑ r ]_w
[_w ɡ eː r i ]_w
[_w p u s ]_w
[_w iː z p ɛ ]_w
[_w d u d s ]_w
[_w ɡ ø ɲː yː ]_w
[_w d ɑ ɡ ]_w
[_w p eː k ɛ ]_w
[_w ɡ i l oː ]_w
[_w t yː z ]_w
[_w h aː s ]_w
[_w ɡ eː k ]_w
[_w ʒ o l d ]_w
[_w v ɡ f ]_w
[_w p ɑ pː ]_w
[_w ɡ ɛ l ]_w
[_w ʃ ø r d ]_w
[_w ɡ i n t ]_w
[_w ɡ ɑ b u ]_w
[_w ʒ o ɡ ]_w
[_w ɡ u l d ]_w
[_w z aː lː t ]_w
[_w ɡ r oː v ]_w
[_w l aː ʃ d ]_w
[_w k ø s i ]_w
[_w d oː t h ]_w
[_w f u t oː ]_w
[_w ɑ d o ɡ ]_w
[_w ɡ u ɟ ɑ ]_w
[_w z ø l t ]_w
[_w t ɛ ʒ øː ]_w
[_w z eː b ɛ ]_w
[_w d u d i ]_w
[_w z ɛ n t ]_w
[_w d ɛ t ɛ ]_w
[_w l eː d ]_w
[_w k ɛ dː ]_w
[_w ɡ eː z ]_w
[_w ɛ ʒ ɛ t ]_w
[_w ɛ ʒ ɛ tː ]_w
[_w ɡ aː r ]_w
[_w m o ʃ d ]_w
[_w ʃ d b ]_w
[_w d ɑ d ɑ ]_w
[_w z aː m uː ]_w
[_w ɡ u c ɑ ]_w
[_w ɛ ɟ ɛ ʒ ]_w
[_w ʒ ɑ j d ]_w
[_w z oː l ]_w
[_w ɡ ɑ p ]_w
[_w p o r d ]_w
[_w v ɑ ɡ ]_w
[_w eː t ɛ ʒ ]_w
[_w t ɛ d ɛ ]_w
[_w v aː d ]_w
[_w z eː l ]_w
[_w ɡ eː r d ]_w
[_w oː r aː ʒ ]_w
[_w l ɛ dː ]_w
[_w z oː l j ]_w
[_w d ɛ s ]_w
[_w l aː d ]_w
[_w ʒ i d oː ]_w
[_w ɡ i ʃː ]_w
[_w ø sː ɛ ʒ ]_w
[_w ɡ i n d ]_w
[_w ʒ o r d ]_w
[_w d ɑ t ɑ ]_w
[_w m s p ]_w
[_w u ʒ ɑ ]_w
[_w d ɛ l d ]_w
[_w ʒ u ʃ ɑ ]_w
[_w ɡ i t ]_w
[_w v o ɡ z ]_w
[_w ɡ i ʒ ]_w
[_w d u t i ]_w
[_w z oː l d ]_w
[_w ɛ ʃ d ɛ ]_w
[_w ɑ v ɑ c ]_w
[_w z oː p ɑ ]_w
[_w ɡ ø s eː ]_w
[_w z eː p ɛ ]_w
[_w d ø r d ]_w
[_w v i aː d ]_w
[_w z r t ]_w
[_w t v d ]_w
[_w b ɛ ʃ d ]_w
[_w ɡ r ɛ s ]_w
[_w z ɛ r ɡ ]_w
[_w ɡ aː r t ]_w
[_w z d aː r ]_w
[_w eː v ɛ ʒ ]_w
[_w ɡ aː z ]_w
[_w ɡ ɑ b s ]_w
[_w k eː k ]_w
[_w ɡ eː z ɑ ]_w
[_w d ɛ dː ɛ ]_w
[_w ɡ l u b ]_w
[_w eː l ɛ ʒ ]_w
[_w ɑ s ɑ s ]_w
[_w m aː ʃ d ]_w
[_w z t aː r ]_w
[_w ɛ ʃ d i ]_w
[_w d v d ]_w
[_w ɡ ɛ dː ]_w
[_w ɡ ø m p ]_w
[_w ɑ d aː ʒ ]_w
[_w d aː r ʒ ]_w
[_w v ɛ f øː ]_w
[_w d ɛ d ɛ ]_w
[_w z o b ɑ ]_w
[_w z ɛ r b ]_w
[_w z ɑ ɡ ɑ ]_w
[_w m aː ʒ ]_w
[_w z oː l oː ]_w
[_w d eː k ɛ ]_w
[_w z ɛ r d ]_w
[_w v ɛ d ]_w
[_w ɡ eː s ɑ ]_w
[_w y r ɛ ʒ ]_w
[_w ɡ aː r d ]_w
[_w ɑ c ɑ ]_w
[_w z ɑ b oː ]_w
[_w ɡ oː d ]_w
[_w ɡ aː s ]_w
[_w z ɛ r p ]_w
[_w ɑ p u ʒ ]_w
[_w z r d ]_w
[_w ɡ ø s ɛ ]_w
[_w ɑ f p ]_w
[_w z aː s ]_w
[_w ɑ t aː ʒ ]_w
[_w ɡ ɑ p s ]_w
[_w d eː r d ]_w
[_w d ɛ ʃ d ]_w
[_w m ɛ ʒ ɛ ]_w
[_w ɛ ʒ ɛ d ]_w
[_w ʒ u ʒ ɑ ]_w
[_w ɑ b u ʒ ]_w
[_w ʒ o r ʒ ]_w
[_w z o p ɑ ]_w
[_w ɡ ø zː eː ]_w
[_w z aː r d ]_w
[_w iː r aː ʒ ]_w
[_w ɛ ʒ eː j ]_w
[_w ø zː ɛ ʒ ]_w
[_w aː lː aː ʒ ]_w
[_w z eː d ]_w
[_w d ɛ ʒ øː ]_w
[_w ɛ ʒ i ɡ ]_w
[_w eː k p ɛ ]_w
[_w p ɛ ʃ d ]_w
[_w ɡ ø s i ]_w
[_w ɛ ʒ øː ]_w
[_w ɛ ʒ i k ]_w
[_w eː d ɛ ʒ ]_w
[_w ɛ ʒ ɛ dː ]_w
[_w ɑ f ɑ c ]_w
