[_w n̪ e a u ]_w
[_w a p o i ]_w
[_w m i l̪ i a r̪ t̪ e ]_w
[_w a s̪ t̪ a s̪ i ]_w
[_w l̪ i b e r̪ a ]_w
[_w d̪ u r̪ tʃ a ]_w
[_w t̪ e r̪ m i t̪ ]_w
[_w s̪ f a n̪ d̪ a ]_w
[_w p o k a ]_w
[_w p i e z̪ e ]_w
[_w k u m p a r̪ a ]_w
[_w k a b i t̪ a l̪ a ]_w
[_w i m p u ]_w
[_w p ɜ r̪ i n̪ t̪s i i ]_w
[_w n̪ ɜ s̪ t̪ a ]_w
[_w i m i ]_w
[_w ɡ r̪ e u d̪ a t̪ ]_w
[_w o d̪ a t̪ ɜ ]_w
[_w k l̪ o b a l̪ ]_w
[_w n̪ a s̪ t̪ a ]_w
[_w n̪ oa p t̪ ea ]_w
[_w a k u m a ]_w
[_w e u r̪ o ]_w
[_w m e d̪ i k a t̪ e ]_w
[_w v r̪ i k a ]_w
[_w a r̪ t̪ ea ]_w
[_w s̪ i s̪ t̪ a n̪ t̪s ɜ ]_w
[_w s̪ a u ]_w
[_w tʃ e s̪ t̪ ea ]_w
[_w m u l̪ t̪s i ]_w
[_w k o r̪ n̪ e l̪ i u ]_w
[_w k o n̪ d̪ u s̪ ]_w
[_w s̪ a p a t̪ a ]_w
[_w s̪ u dʒ a v a ]_w
[_w a n̪ d̪ r̪ e ]_w
[_w m o r̪ a l̪ a ]_w
[_w v o r̪ ]_w
[_w s̪ i a r̪ u l̪ ]_w
[_w v r̪ u k t̪ e ]_w
[_w e t̪ i t̪s i e ]_w
[_w e r̪ a ]_w
[_w e u r̪ o b e n̪ e ]_w
[_w v i n̪ e ]_w
[_w r̪ e m a r̪ k a ]_w
[_w n̪ a t̪s i o n̪ a l̪ ]_w
[_w p r̪ o tʃ e s̪ e ]_w
[_w p o e d̪ u l̪ u i ]_w
[_w s̪ f ɨ n̪ d̪ ]_w
[_w n̪ u m e l̪ e ]_w
[_w l̪ o k u l̪ ]_w
[_w m i ʒ l̪ o k u l̪ ]_w
[_w a ɡ u m ]_w
[_w k u l̪ t̪ u r̪ a ]_w
[_w o v e r̪ d̪ e r̪ ea ]_w
[_w k u v i n̪ d̪ i i ]_w
[_w o r̪ a s̪ u l̪ ]_w
[_w s̪ u t̪ u l̪ ]_w
[_w m oa r̪ ɜ ]_w
[_w r̪ e t̪ e ]_w
[_w s̪ i t̪ e u l̪ ]_w
[_w p o s̪ i t̪s i e ]_w
[_w a tʃ e s̪ t̪ ea ]_w
[_w n̪ a e ]_w
[_w k a r̪ ]_w
[_w v ɜ r̪ ɜ ]_w
[_w n̪ i m i ɡ ]_w
[_w e t̪ i k u l̪ ]_w
[_w p i t̪ e s̪ t̪ e ]_w
[_w l̪ u m e ]_w
[_w e m a i l̪ ]_w
[_w s̪ ɜ n̪ ɜ t̪ a d̪ e ]_w
[_w s̪ u n̪ t̪ e ]_w
[_w d̪ o f a d̪ ]_w
[_w v r̪ u n̪ t̪ ea ]_w
[_w u n̪ i r̪ ea ]_w
[_w a u r̪ e l̪ ]_w
[_w p r̪ o t̪ u s̪ ]_w
[_w t̪ e p u t̪ a t̪ ]_w
[_w m e d̪ o d̪ e ]_w
[_w p o k a t̪ ]_w
[_w k o m u n̪ ɜ ]_w
[_w p ɜ r̪ i ]_w
[_w p o e s̪ i i ]_w
[_w n̪ e a m ]_w
[_w p r̪ e s̪ e n̪ t̪ a ]_w
[_w r̪ e t̪ u l̪ ]_w
[_w u s̪ l̪ ]_w
[_w d̪ r̪ ɜ i n̪ e ]_w
[_w a m p e l̪ e ]_w
[_w r̪ a z̪ b u n̪ e ]_w
[_w tʃ u t̪ a d̪ e l̪ e ]_w
[_w s̪ e v ]_w
[_w a t̪ f e r̪ s̪ ]_w
[_w f m i ]_w
[_w r̪ u k a m ]_w
[_w ʃ a p t̪ e l̪ e ]_w
[_w a u t̪ o m a t̪ ]_w
[_w v e t̪ e ]_w
[_w m u n̪ t̪ e m ]_w
[_w f o i ɡ u ]_w
[_w p t̪ f ]_w
[_w s̪ u t̪ ɜ ]_w
[_w a v a tʃ e t̪ i ]_w
[_w p a n̪ d̪ a ]_w
[_w s̪ i n̪ tʃ e p u t̪ ]_w
[_w p u t̪ e r̪ i o r̪ ]_w
[_w i n̪ t̪ r̪ ɜ ]_w
[_w l̪ ɜ z̪ a ]_w
[_w i n̪ s̪ a ]_w
[_w t̪ a m ]_w
[_w v o l̪ u m u l̪ ]_w
[_w l̪ e ɡ a t̪ ɜ ]_w
[_w p r̪ i m a ]_w
[_w k r̪ i ʃ ɜ ]_w
[_w o b i tʃ e i ]_w
[_w i s̪ t̪ o r̪ i m ]_w
[_w o t̪ a d̪ ɜ l̪ ]_w
[_w r̪ ɜ z̪ b o i u l̪ ]_w
[_w m a r̪ i l̪ o r̪ ]_w
[_w t̪ i n̪ a ]_w
[_w p a r̪ i t̪ i k ]_w
[_w s̪ t̪ r̪ a i t̪ ]_w
[_w k a r̪ o r̪ a ]_w
[_w v a r̪ ɜ ]_w
[_w t̪ ea t̪ r̪ u l̪ ]_w
[_w s̪ o tʃ a l̪ ]_w
[_w t̪ a k ɜ ]_w
[_w p o s̪ i b i l̪ e ]_w
[_w v e n̪ i t̪ u r̪ i ]_w
[_w u n̪ i u n̪ ea ]_w
[_w a tʃ e s̪ t̪ e ]_w
[_w d̪ o n̪ e ]_w
[_w s̪ ɜ m i ]_w
[_w f i l̪ m ]_w
[_w o m e n̪ i ]_w
[_w b u n̪ ɡ d̪ ]_w
[_w p r̪ o ]_w
[_w i t̪ a l̪ i n̪ a ]_w
[_w ɨ n̪ t̪s e l̪ e s̪ ]_w
[_w k l̪ i p a ]_w
[_w u b t̪ a t̪ ]_w
[_w k u r̪ a ]_w
[_w e v o r̪ m a l̪ ]_w
[_w r̪ u ʃ i i ]_w
[_w z̪ b r̪ i m u l̪ ]_w
[_w a n̪ u n̪ t̪s a t̪ ]_w
[_w s̪ tʃ e n̪ ɜ ]_w
[_w ɡ l̪ a s̪ i ]_w
[_w m i n̪ u n̪ a t̪ ]_w
[_w s̪ p u n̪ ɜ ]_w
[_w m i n̪ d̪ e i ]_w
[_w u m a n̪ ɜ ]_w
[_w s̪ t̪ r̪ i ɡ d̪ ]_w
[_w s̪ u b l̪ ]_w
[_w u n̪ a ]_w
[_w e k s̪ i s̪ t̪ a ]_w
[_w d̪ a k s̪ e l̪ e ]_w
[_w a t̪ r̪ i a n̪ ]_w
[_w m e u ]_w
[_w m i a u ]_w
[_w i n̪ t̪ e ]_w
[_w i a s̪ ɜ ]_w
[_w k r̪ i n̪ ]_w
[_w t̪s ɜ r̪ i i ]_w
[_w b r̪ i v i t̪ ]_w
[_w h o u r̪ s̪ ]_w
[_w p l̪ e dʒ e r̪ i ]_w
[_w i a t̪ a ]_w
[_w r̪ a d̪ a t̪ ]_w
[_w p t̪ l̪ ]_w
[_w d̪ r̪ a n̪ s̪ m i s̪ ]_w
[_w a t̪ e n̪ t̪ ]_w
[_w m i e ]_w
[_w a ɡ d̪ u a l̪ ]_w
[_w t̪ i z̪ b u n̪ d̪ ]_w
[_w a t̪ r̪ a ]_w
[_w s̪ i a r̪ ]_w
[_w d̪ i n̪ e r̪ i i ]_w
[_w s̪ k i m p u ]_w
[_w d̪ o d̪ u z̪ i ]_w
[_w d̪ a m ]_w
[_w l̪ i t̪ e r̪ i o r̪ ]_w
[_w k o n̪ dʒ e r̪ ]_w
[_w k u l̪ t̪ u r̪ ɜ ]_w
[_w a n̪ u n̪ t̪ a ]_w
[_w n̪ e a ]_w
[_w p o l̪ i ]_w
[_w v i r̪ m ɜ ]_w
[_w a l̪ t̪ i i ]_w
[_w t̪ e ɡ a t̪ e ]_w
[_w p a r̪ v u ]_w
[_w v o r̪ t̪s a ]_w
[_w n̪ o u ɜ ]_w
[_w u l̪ t̪ i m e ]_w
[_w t̪ e k ɨ t̪ ]_w
[_w s̪ a n̪ s̪ e ]_w
[_w s̪ i u a ]_w
[_w ʃ t̪ i u ]_w
[_w e t̪ i d̪ i a ]_w
[_w k i b u l̪ ]_w
[_w e k o n̪ o m i a ]_w
[_w a f r̪ i k a ]_w
[_w v u n̪ k t̪ i i ]_w
[_w i oa n̪ a ]_w
[_w d̪ u b ɜ ]_w
[_w p a m a n̪ ]_w
[_w d̪ i m i s̪ oa r̪ e ]_w
[_w v o m ]_w
[_w p r̪ o v i n̪ a l̪ ]_w
[_w i u l̪ i a ]_w
[_w p a t̪ u t̪ u l̪ ]_w
[_w t̪ r̪ e p u i e ]_w
[_w f a ɡ dʒ i n̪ u l̪ ]_w
[_w i n̪ k l̪ u s̪ ]_w
[_w d̪ r̪ a i n̪ i ]_w
[_w l̪ e a m ]_w
[_w p o e d̪ ]_w
[_w m i e r̪ ]_w
[_w k o m e r̪ tʃ a l̪ ]_w
[_w l̪ u p d̪ a ]_w
[_w l̪ i d̪ e r̪ i o r̪ ]_w
[_w p o s̪ t̪ o l̪ ]_w
[_w n̪ o i i ]_w
[_w d̪ a r̪ u l̪ ]_w
[_w i n̪ d̪ r̪ e k ]_w
[_w ʒ e r̪ p a n̪ ]_w
[_w u r̪ m ɜ r̪ i a ]_w
[_w s̪ u r̪ s̪ ɜ ]_w
[_w tʃ e i l̪ a l̪ t̪ ɜ ]_w
[_w p l̪ a d̪ o n̪ ]_w
[_w r̪ ea l̪ ɜ ]_w
[_w r̪ o l̪ u l̪ ]_w
[_w l̪ e ɡ a t̪ e v a ]_w
[_w o r̪ t̪ i v e r̪ s̪ ]_w
[_w p u t̪ e r̪ n̪ e t̪ ]_w
[_w m i n̪ i k a ]_w
[_w i e r̪ i ]_w
[_w i m p u s̪ ]_w
[_w s̪ a l̪ a ]_w
[_w k u l̪ o r̪ i ]_w
[_w a t̪ e f a n̪ ]_w
[_w f e d̪ e m ]_w
[_w a t̪ e v a r̪ a ]_w
[_w p l̪ i n̪ ]_w
[_w ɡ l̪ u b ]_w
[_w dʒ e t̪ a d̪ ]_w
[_w s̪ ɨ m b ɜ t̪ ɜ ]_w
[_w ɡ r̪ e s̪ t̪ i n̪ a ]_w
[_w p o l̪ i d̪ i k ɜ ]_w
[_w r̪ a p o r̪ t̪ u l̪ ]_w
[_w a l̪ i n̪ ]_w
[_w s̪ k r̪ i s̪ oa r̪ ea ]_w
[_w n̪ u i ]_w
[_w p r̪ e s̪ u r̪ s̪ a ]_w
[_w p a h a r̪ ]_w
[_w i n̪ k l̪ u d̪ e ]_w
[_w p e n̪ a l̪ e ]_w
[_w f i u l̪ ]_w
[_w r̪ u z̪ e ]_w
[_w k ɜ r̪ e i a ]_w
[_w a v e d̪ i ]_w
[_w a t̪ i ɡ ɜ ]_w
[_w i m u n̪ i s̪ m ]_w
[_w s̪ i n̪ k u r̪ s̪ ]_w
[_w d̪ o s̪ a r̪ e l̪ ]_w
[_w s̪ k ɜ z̪ u d̪ ]_w
[_w l̪ i p e r̪ a l̪ ]_w
[_w p l̪ e ʃ u ]_w
[_w ɨ n̪ t̪ r̪ u ]_w
[_w d̪ r̪ ea p a ]_w
[_w r̪ o m a n̪ ]_w
[_w ɡ ɨ n̪ t̪ ]_w
[_w u i t̪ a t̪ ]_w
[_w t̪ a r̪ i dʒ a n̪ u ]_w
[_w k a m p a n̪ i i ]_w
[_w m a k a s̪ ɜ ]_w
[_w p a r̪ k u l̪ ]_w
[_w k oa d̪ a ]_w
[_w tʃ e r̪ m a n̪ e ]_w
[_w r̪ u ɡ a tʃ u n̪ ]_w
[_w f e r̪ i tʃ i n̪ a ]_w
[_w m a i k a ]_w
[_w k a l̪ ɡ u l̪ ]_w
[_w a p ɜ ]_w
[_w a t̪ r̪ e ]_w
[_w ɨ n̪ tʃ e p ]_w
[_w f l̪ a t̪ i a ]_w
[_w v i s̪ i t̪ a t̪ ]_w
[_w d̪ a r̪ a r̪ ea ]_w
[_w b r̪ a k u l̪ ]_w
[_w n̪ oa p t̪ e ]_w
[_w ʒ u k a ]_w
[_w f u n̪ k t̪ ]_w
[_w b o p u l̪ ]_w
[_w s̪ p a n̪ i ]_w
[_w t̪ r̪ u p u l̪ ]_w
[_w i n̪ f a t̪ a ]_w
[_w k a p u l̪ ]_w
[_w t̪ a i ]_w
[_w s̪ a p a t̪ ]_w
[_w r̪ e l̪ a d̪ i t̪ ]_w
[_w s̪ oa r̪ d̪ a ]_w
[_w k a u t̪ ɜ ]_w
[_w e f o r̪ d̪ u l̪ ]_w
[_w s̪ a l̪ v a d̪ ]_w
[_w a d̪ ɜ u k a t̪ ]_w
[_w r̪ e z̪ b e k t̪ ]_w
[_w v ɜ tʃ a ]_w
[_w b o p u l̪ a r̪ ]_w
[_w r̪ e z̪ u l̪ ]_w
[_w l̪ i s̪ t̪ a ]_w
[_w d̪ oa m n̪ a ]_w
[_w ɡ u r̪ a ʒ ]_w
[_w s̪ e r̪ v i tʃ u ]_w
[_w n̪ e ɡ r̪ u ]_w
[_w a d̪ a m e s̪ k u ]_w
[_w a k t̪ u a l̪ ]_w
[_w oa m e n̪ i ]_w
[_w a tʃ e i ]_w
[_w p a z̪ e s̪ k u ]_w
[_w o m u l̪ u i ]_w
[_w m a i n̪ e ]_w
[_w u n̪ u ]_w
[_w r̪ i t̪ i k a ]_w
[_w s̪ ɜ i ]_w
[_w ʒ u r̪ u l̪ ]_w
[_w s̪ u n̪ a t̪ ]_w
[_w p o l̪ u a r̪ ea ]_w
[_w r̪ o m a ]_w
[_w a s̪ t̪ e p t̪ ]_w
[_w r̪ a d̪ i t̪s i a l̪ ]_w
[_w v i a t̪ a ]_w
[_w a l̪ t̪ a ]_w
[_w r̪ e dʒ e ]_w
[_w a l̪ t̪ e ]_w
[_w m e s̪ a ʃ e ]_w
[_w n̪ a i ]_w
[_w a k t̪ i ɡ a t̪ ]_w
[_w e r̪ o i l̪ o r̪ ]_w
[_w a n̪ t̪ e ]_w
[_w d̪ e m a ]_w
[_w k ɜ r̪ t̪s i ]_w
[_w t̪ e k r̪ a p a ]_w
[_w u n̪ t̪ e ]_w
[_w m o d̪ e r̪ n̪ e ]_w
[_w p e t̪ r̪ o l̪ ]_w
[_w m o m e n̪ i i ]_w
[_w m e s̪ a ʒ u l̪ ]_w
[_w k o m m e n̪ t̪ ]_w
[_w a s̪ t̪ a ]_w
[_w b a r̪ a t̪ ]_w
[_w b u t̪s i n̪ ɜ ]_w
[_w a dʒ e ea ʃ i ]_w
[_w p a r̪ e ]_w
[_w e f a l̪ u a r̪ ea ]_w
[_w k a p r̪ i k a ]_w
[_w v i i n̪ t̪ ]_w
[_w i a r̪ ]_w
[_w s̪ e r̪ b i a ]_w
[_w m e m p r̪ i i ]_w
[_w f e n̪ i t̪ ]_w
[_w m a i ɡ a ]_w
[_w a k o l̪ o ]_w
[_w tʃ e d̪ o ]_w
[_w a tʃ e s̪ t̪ u l̪ ]_w
[_w k r̪ u b u r̪ i ]_w
[_w s̪ u s̪ t̪s i n̪ u t̪ ]_w
[_w p a n̪ i l̪ o r̪ ]_w
[_w p e r̪ m i n̪ a t̪ ]_w
[_w n̪ u m a i ]_w
[_w m i a m ]_w
[_w k r̪ e s̪ t̪ e ]_w
[_w r̪ a r̪ ]_w
[_w p u t̪ e m ]_w
[_w ʒ o s̪ ]_w
[_w k ɜ tʃ ]_w
[_w m oa r̪ t̪ ea ]_w
[_w u r̪ m ɜ t̪ oa r̪ e ]_w
[_w k a r̪ e ]_w
[_w u n̪ t̪ e m ]_w
[_w m a ʒ i n̪ i ]_w
[_w p r̪ e l̪ u a d̪ o ]_w
[_w t̪ a t̪ ɜ ]_w
[_w s̪ i m t̪s i t̪ ]_w
[_w s̪ e dʒ e ]_w
[_w s̪ t̪ o i k a ]_w
[_w s̪ p e r̪ ]_w
[_w p o e d̪ u l̪ ]_w
[_w t̪ e dʒ ]_w
[_w s̪ l̪ a f a ]_w
[_w l̪ u n̪ a ]_w
[_w v o i e ]_w
[_w tʃ e ea ]_w
[_w k i m b e d̪ e ]_w
[_w p r̪ i m a r̪ u l̪ ]_w
[_w a n̪ a l̪ i z̪ e ]_w
[_w k o n̪ t̪ ]_w
[_w t̪ r̪ e p u i a u ]_w
[_w v o i k u ]_w
[_w ʃ u r̪ i t̪ i a ]_w
[_w a t̪ a k a ]_w
[_w m a r̪ i u ]_w
[_w v i t̪ e n̪ t̪ ]_w
[_w p r̪ o b r̪ i e ]_w
[_w m ɨ n̪ a ]_w
[_w r̪ e v e r̪ a ]_w
[_w v i u l̪ ]_w
[_w t̪ r̪ o k u r̪ i ]_w
[_w k e s̪ t̪ i n̪ e ]_w
[_w p o k ]_w
[_w i t̪ e i l̪ e ]_w
[_w tʃ e l̪ ɜ l̪ a l̪ t̪ ]_w
[_w e s̪ t̪ e ]_w
[_w p u n̪ e ]_w
[_w l̪ u a t̪ ]_w
[_w f l̪ a t̪ i ]_w
[_w s̪ t̪ r̪ a d̪ ɜ ]_w
[_w f r̪ u m o s̪ ]_w
[_w l̪ i m b i ]_w
[_w e b i s̪ o t̪ u l̪ ]_w
[_w k a u s̪ e i ]_w
[_w p e n̪ s̪ i i ]_w
[_w d̪ o u a ]_w
[_w d̪ i n̪ e r̪ i ]_w
[_w a f r̪ a m ]_w
[_w a dʒ e s̪ t̪ ea ]_w
[_w f i i t̪ o r̪ ]_w
[_w l̪ u n̪ dʒ i ]_w
[_w t̪ i n̪ e r̪ i ]_w
[_w i n̪ k e i a t̪ ]_w
[_w a p ɜ r̪ u d̪ ]_w
[_w tʃ e t̪ o ]_w
[_w l̪ i v i u ]_w
[_w a i tʃ ]_w
[_w f e m e i ]_w
[_w i e s̪ i ]_w
[_w a t̪ u s̪ e ]_w
[_w f i i ]_w
[_w r̪ e dʒ e n̪ i i ]_w
[_w m a r̪ t̪s i ]_w
[_w ʒ u t̪ e k a t̪ ]_w
[_w ɡ ɨ t̪ e f a n̪ ]_w
[_w tʃ e r̪ m a n̪ ]_w
[_w p l̪ e ʒ u ]_w
[_w v a k a n̪ t̪s ɜ ]_w
[_w i n̪ d̪ e r̪ n̪ e ]_w
[_w v i a t̪s ɜ ]_w
[_w d̪ e dʒ ]_w
[_w ɨ n̪ a l̪ t̪ ]_w
[_w i a n̪ ]_w
[_w d̪ e l̪ o ɡ ]_w
[_w a r̪ t̪ i ]_w
[_w d̪ e f i n̪ ]_w
[_w u ʃ o r̪ ]_w
[_w m o t̪ e l̪ ]_w
[_w p r̪ e f a ]_w
[_w u l̪ e i ]_w
[_w s̪ k o z̪ ]_w
[_w a ʃ u n̪ ɡ a ]_w
[_w l̪ u n̪ a r̪ ]_w
[_w p r̪ i t̪ a ]_w
[_w n̪ e ɡ a t̪ a ]_w
[_w k a t̪ r̪ e s̪ a ]_w
[_w k r̪ a t̪ i o ]_w
[_w k a m ]_w
[_w a ʒ e s̪ a t̪ ]_w
[_w m a s̪ i n̪ ]_w
[_w s̪ u n̪ d̪ e ]_w
[_w ɡ r̪ e d̪ i n̪ t̪s ɜ ]_w
[_w b r̪ o b l̪ e m a ]_w
[_w a tʃ e l̪ e ]_w
[_w a u d̪ o ]_w
[_w a t̪ u k a t̪ ]_w
[_w d̪ e r̪ m i n̪ a l̪ ]_w
[_w o r̪ i ]_w
[_w p u d̪ i n̪ ]_w
[_w i n̪ k i z̪ ]_w
[_w v r̪ i ɡ ɜ ]_w
[_w k a p a ]_w
[_w p i a t̪ r̪ a tʃ e ]_w
[_w p ɨ n̪ ɜ ]_w
[_w p i s̪ t̪ r̪ u ]_w
[_w i n̪ t̪ r̪ u n̪ ]_w
[_w n̪ o p e l̪ ]_w
[_w d̪ u r̪ i ]_w
[_w s̪ e r̪ i k o l̪ e ]_w
[_w k ɜ r̪ u i a ]_w
[_w a r̪ t̪ i e ]_w
[_w k u b a ]_w
[_w d̪ o i l̪ ea ]_w
[_w i t̪ e ea ]_w
[_w ʒ u d̪ i tʃ a r̪ ]_w
[_w t̪ r̪ e k ]_w
[_w t̪ e dʒ e z̪ a r̪ ɜ ]_w
[_w p l̪ a k a ]_w
[_w v r̪ a t̪ e l̪ o r̪ ]_w
[_w t̪ i b ]_w
[_w k o n̪ t̪ u l̪ ]_w
[_w k r̪ e ʃ t̪ i n̪ e ]_w
[_w r̪ ɜ s̪ p u n̪ e m ]_w
[_w o r̪ i tʃ e ]_w
[_w l̪ u n̪ k a ]_w
[_w a r̪ h i v a ]_w
[_w b l̪ a k ]_w
[_w t̪ oa m n̪ a ]_w
[_w p u t̪s i n̪ i ]_w
[_w u r̪ m a t̪ ]_w
[_w m e r̪ i k ɜ ]_w
[_w r̪ o ɡ ]_w
[_w v o r̪ u m ]_w
[_w r̪ ɜ s̪ f a n̪ d̪ a ]_w
[_w e s̪ t̪ ]_w
[_w k u l̪ oa r̪ e ]_w
[_w r̪ a b o r̪ t̪ u r̪ ]_w
[_w p a t̪ ]_w
[_w u n̪ t̪ e r̪ n̪ e ]_w
[_w v ɜ k u t̪ ]_w
[_w s̪ e v u l̪ ]_w
[_w d̪ i n̪ a i n̪ t̪ e ]_w
[_w ɨ n̪ k e i a t̪ ]_w
[_w t̪ e z̪ i ]_w
[_w tʃ i v i l̪ a ]_w
[_w v ɜ s̪ u d̪ ]_w
[_w m a r̪ k a ]_w
[_w p l̪ o k u l̪ ]_w
[_w o n̪ u ]_w
[_w a r̪ a t̪ ]_w
[_w a r̪ m e ]_w
[_w m o d̪ i v u l̪ ]_w
[_w f i i d̪ o r̪ ]_w
[_w oa r̪ ɜ ]_w
[_w d̪ a k a ]_w
[_w d̪ r̪ e b u i e ]_w
[_w p u p l̪ i tʃ ]_w
[_w u i t̪ a m ]_w
[_w r̪ ɜ m a s̪ ]_w
[_w f e n̪ i ]_w
[_w p r̪ a k u l̪ ]_w
[_w k r̪ i ʒ ɜ ]_w
[_w t̪ r̪ ea ɡ a ]_w
[_w r̪ e k l̪ a r̪ e ]_w
[_w s̪ ea m a ]_w
[_w n̪ a s̪ k u n̪ t̪ e ]_w
[_w v o r̪ p ea ]_w
[_w k a r̪ e i a ]_w
[_w i a m ]_w
[_w p u n̪ e m ]_w
[_w l̪ u m i ]_w
[_w u n̪ i v e l̪ e ]_w
[_w z̪ b o r̪ d̪ ]_w
[_w s̪ u t̪ e ]_w
[_w ɨ n̪ s̪ e m n̪ e ]_w
[_w r̪ ɜ z̪ b u n̪ ]_w
[_w s̪ e r̪ a f i m ]_w
[_w t̪ r̪ a i m ]_w
[_w k l̪ i b a ]_w
[_w ɨ n̪ t̪ r̪ e p u i ]_w
[_w a ʒ a t̪ ]_w
[_w m i e s̪ u l̪ t̪ a ]_w
[_w n̪ i m e n̪ i u ]_w
[_w s̪ t̪ r̪ a ]_w
[_w p l̪ o k ]_w
[_w s̪ r̪ i ]_w
[_w k o n̪ t̪ r̪ a r̪ ea ]_w
[_w p i s̪ e r̪ i k a ]_w
[_w o p i ʃ n̪ u i t̪ ]_w
[_w d̪ r̪ e p t̪ u l̪ ]_w
[_w a m i n̪ t̪ e i ]_w
[_w m i z̪ i u n̪ ea ]_w
[_w a l̪ a ]_w
[_w f i t̪ e n̪ d̪ ]_w
[_w i n̪ s̪ t̪ a l̪ a ]_w
[_w s̪ i m i o n̪ ]_w
[_w ɨ n̪ t̪ ɨ m b l̪ ɜ ]_w
[_w l̪ o dʒ i e ]_w
[_w l̪ u b u l̪ u i ]_w
[_w s̪ t̪ u d̪ i i ]_w
[_w k u r̪ t̪ i i ]_w
[_w ɡ r̪ i ʒ a ]_w
[_w k ɜ z̪ i t̪ ]_w
[_w d̪ e s̪ p r̪ e ]_w
[_w z̪ b e r̪ ]_w
[_w tʃ e r̪ u t̪ ]_w
[_w m u n̪ t̪ ea ]_w
[_w m u l̪ t̪s i m e ]_w
[_w p u b l̪ i tʃ e ]_w
[_w p r̪ o p u n̪ ]_w
[_w a t̪ u n̪ tʃ ]_w
[_w k u r̪ s̪ ]_w
[_w n̪ oa s̪ t̪ r̪ e ]_w
[_w o p r̪ ea ]_w
[_w s̪ e t̪ i u ]_w
[_w b u t̪ u d̪ ]_w
[_w p o p u l̪ ]_w
[_w s̪ e k s̪ u a l̪ ɜ ]_w
[_w s̪ i tʃ e m ]_w
[_w p r̪ i v e s̪ k ]_w
[_w m i k a ]_w
[_w f a s̪ a ]_w
[_w i s̪ t̪ o r̪ i d̪ a ]_w
[_w k a r̪ l̪ o z̪ ]_w
[_w ʃ t̪ i i ]_w
[_w n̪ ea m u l̪ u i ]_w
[_w tʃ e i l̪ a l̪ t̪s i ]_w
[_w k u n̪ oa ʃ t̪ e ]_w
[_w t̪ u k ɜ ]_w
[_w r̪ e s̪ o l̪ v a ]_w
[_w dʒ i v i ɡ ]_w
[_w s̪ t̪ a t̪ e ]_w
[_w t̪s i n̪ u d̪ e ]_w
[_w d̪ i n̪ s̪ p r̪ e ]_w
[_w k o m u n̪ e ]_w
[_w p l̪ e s̪ u ]_w
[_w ɨ n̪ t̪ ɨ m p l̪ ɜ ]_w
[_w r̪ ea l̪ i s̪ a r̪ i ]_w
[_w t̪ r̪ e p a d̪ ]_w
[_w d̪ e s̪ a s̪ t̪ r̪ u ]_w
[_w dʒ e l̪ u l̪ ]_w
[_w a p l̪ i k ɜ ]_w
[_w m e d̪ i k e d̪ e ]_w
[_w a k t̪ i u n̪ i e ]_w
[_w a k t̪ u l̪ ]_w
[_w dʒ i t̪ i r̪ i ]_w
[_w t̪ o k m a i ]_w
[_w k ɜ z̪ e ʃ t̪ e ]_w
[_w i u b i t̪ ]_w
[_w n̪ oa s̪ t̪ r̪ ɜ i t̪ ]_w
[_w s̪ t̪ i e ]_w
[_w l̪ i b s̪ a ]_w
[_w i k oa n̪ e ]_w
[_w s̪ i k u r̪ ]_w
[_w o r̪ i k ]_w
[_w tʃ i t̪ i r̪ i ]_w
[_w e k s̪ p u s̪ ]_w
[_w d̪ r̪ a i a n̪ ]_w
[_w a p e l̪ ]_w
[_w l̪ a s̪ a ]_w
[_w a n̪ i l̪ o r̪ ]_w
[_w n̪ e v o i e ]_w
[_w o p r̪ i u ]_w
[_w s̪ i m t̪ e ]_w
[_w s̪ a l̪ v a ]_w
[_w l̪ e tʃ a ]_w
[_w ɨ n̪ tʃ a r̪ k ɜ ]_w
[_w a v l̪ a t̪s i ]_w
[_w f o r̪ t̪s e l̪ e k ]_w
[_w ɡ a t̪ r̪ e ]_w
[_w l̪ u ɡ r̪ ea z̪ ɜ ]_w
[_w ɡ u l̪ t̪ ]_w
[_w ʒ o ɡ u r̪ i ]_w
[_w s̪ f e r̪ a ]_w
[_w t̪ e r̪ m e n̪ u l̪ ]_w
[_w d̪ r̪ e s̪ a ]_w
[_w p u dʒ e d̪ ]_w
[_w tʃ e l̪ e ]_w
[_w a v l̪ e ]_w
[_w s̪ k r̪ i z̪ e i ]_w
[_w k ɜ t̪ r̪ e ]_w
[_w v ɨ n̪ t̪ ]_w
[_w n̪ u ʃ i ]_w
[_w d̪ r̪ a t̪ i t̪s i i ]_w
[_w p ɜ z̪ e s̪ k u ]_w
[_w k a u s̪ a ]_w
[_w v r̪ e m u r̪ i ]_w
[_w l̪ u ɡ r̪ u l̪ ]_w
[_w a t̪ a t̪ ]_w
[_w s̪ e f ]_w
[_w m e d̪ i k a ]_w
[_w m u r̪ i ]_w
[_w m u r̪ e ʃ ]_w
[_w s̪ u t̪ a ]_w
[_w k o n̪ f o r̪ m a ]_w
[_w k o n̪ t̪ a n̪ a r̪ ]_w
[_w i n̪ t̪ e r̪ n̪ e ]_w
[_w tʃ e d̪ a d̪ ]_w
[_w v o d̪ u r̪ i ]_w
[_w p r̪ o v u n̪ t̪ ]_w
[_w p r̪ o m i s̪ e ]_w
[_w t̪ o d̪ u l̪ ]_w
[_w v a dʒ e r̪ i ]_w
[_w a r̪ d̪ ]_w
[_w k a m e r̪ i d̪ e ]_w
[_w n̪ e ɡ r̪ e d̪ e ]_w
[_w ɨ n̪ t̪ o i a l̪ ɜ ]_w
[_w k i m p a r̪ ea ]_w
[_w n̪ a r̪ e ]_w
[_w tʃ i v i k ]_w
[_w e u r̪ o p e i ]_w
[_w i e ʃ i ]_w
[_w e p i s̪ o d̪ u l̪ ]_w
[_w a l̪ e k s̪ ]_w
[_w p r̪ e v a s̪ u t̪ ]_w
[_w m a r̪ i a ]_w
[_w a t̪ a m e s̪ k u ]_w
[_w u l̪ t̪ i m e l̪ e ]_w
[_w f r̪ u m oa s̪ a ]_w
[_w v i e k a r̪ e ]_w
[_w ʒ a s̪ e ]_w
[_w h o r̪ i a ]_w
[_w a t̪ e n̪ d̪ i a ]_w
[_w v o r̪ p i t̪ ]_w
[_w a f l̪ ɜ m ]_w
[_w a tʃ e ea s̪ i ]_w
[_w i a r̪ n̪ a ]_w
[_w m a r̪ i ]_w
[_w r̪ ea l̪ i d̪ a r̪ ]_w
[_w t̪ i n̪ e ]_w
[_w i s̪ t̪ o r̪ i e ]_w
[_w f o m ]_w
[_w r̪ u s̪ ]_w
[_w s̪ k r̪ i s̪ ]_w
[_w b a d̪ ]_w
[_w d̪ u tʃ ]_w
[_w s̪ u s̪ t̪s i n̪ e ]_w
[_w i n̪ a i n̪ d̪ ea ]_w
[_w b o s̪ i t̪ i ]_w
[_w v r̪ u d̪ ]_w
[_w l̪ u m i n̪ a t̪ ]_w
[_w k u n̪ o s̪ k u t̪ ]_w
[_w t̪ i n̪ e r̪ i i ]_w
[_w a r̪ a v a t̪ ]_w
[_w k o l̪ e ]_w
[_w s̪ t̪ e v a ]_w
[_w b u d̪ i n̪ ]_w
[_w k r̪ e d̪ e ]_w
[_w m e n̪ t̪s i a ]_w
[_w m e dʒ u l̪ ]_w
[_w t̪ e s̪ p r̪ e ]_w
[_w a n̪ i i ]_w
[_w s̪ o dʒ a t̪ ]_w
[_w a m e r̪ a ]_w
[_w t̪ e m a ]_w
[_w d̪ a t̪ ɜ ]_w
[_w h a r̪ ]_w
[_w m e m b r̪ u ]_w
[_w k o r̪ ɡ e ]_w
[_w k o n̪ k u r̪ a d̪ ]_w
[_w ɡ l̪ o r̪ i n̪ ]_w
[_w a d̪ e n̪ t̪ ]_w
[_w f i a ]_w
[_w f r̪ ea u ]_w
[_w v i e d̪ i ɡ ]_w
[_w k o b i i i ]_w
[_w o r̪ i u n̪ d̪ e ]_w
[_w s̪ i s̪ t̪ e m e ]_w
[_w s̪ a t̪ u l̪ u i ]_w
[_w m o r̪ t̪s i ]_w
[_w a z̪ b e ɡ d̪ ]_w
[_w l̪ u a ]_w
[_w s̪ t̪ u t̪ i u ]_w
[_w f o t̪ a ]_w
[_w s̪ t̪ a t̪ ]_w
[_w a d̪ e n̪ t̪s i e ]_w
[_w e l̪ e m e ]_w
[_w s̪ t̪ i u n̪ e ]_w
[_w p a n̪ i i ]_w
[_w m o r̪ a l̪ e ]_w
[_w k o n̪ s̪ u m u l̪ ]_w
[_w p r̪ o s̪ t̪ ]_w
[_w d̪ o l̪ a r̪ i u l̪ ]_w
[_w m a r̪ dʒ i n̪ a ]_w
[_w p u k u r̪ ɜ ]_w
[_w s̪ u ɡ dʒ e s̪ ]_w
[_w l̪ e ɡ a t̪ e ]_w
[_w t̪ oa d̪ ɜ ]_w
[_w m e s̪ a ʃ u l̪ ]_w
[_w p a r̪ i s̪ ]_w
[_w k u v ɨ n̪ t̪ u l̪ ]_w
[_w p r̪ e m i i ]_w
[_w v o k ]_w
[_w a u r̪ ]_w
[_w a ʒ u n̪ dʒ e m ]_w
[_w l̪ u n̪ i ]_w
[_w k o n̪ ɡ r̪ e t̪ e ]_w
[_w r̪ a p o r̪ d̪ ]_w
[_w o i n̪ a ]_w
[_w l̪ a u ]_w
[_w m a k a r̪ ]_w
[_w p u b l̪ i tʃ ]_w
[_w d̪ o s̪ a r̪ ]_w
[_w tʃ e r̪ e r̪ ea ]_w
[_w ɡ ɜ r̪ o r̪ a ]_w
[_w p o s̪ i t̪ i f ]_w
[_w k o m m e n̪ t̪ s̪ ]_w
[_w p r̪ o dʒ e s̪ u l̪ ]_w
[_w p r̪ o i e k t̪ e ]_w
[_w ɡ ɨ t̪s i v a ]_w
[_w d̪ a k s̪ ]_w
[_w k o p i i i ]_w
[_w p a r̪ i t̪ i k ɜ ]_w
[_w f a k a n̪ t̪s ɜ ]_w
[_w i n̪ dʒ e ]_w
[_w b a r̪ v u ]_w
[_w i n̪ s̪ t̪ a n̪ d̪ ]_w
[_w k a p e t̪ e ]_w
[_w p ɜ r̪ ea ]_w
[_w r̪ e k l̪ a r̪ ]_w
[_w a s̪ i ]_w
[_w a t̪ u k ]_w
[_w l̪ u m ea ]_w
[_w tʃ e n̪ e r̪ a l̪ e ]_w
[_w b u b l̪ i k ɜ ]_w
[_w b r̪ o p r̪ i t̪ a ]_w
[_w tʃ i n̪ e ]_w
[_w i u r̪ i e ]_w
[_w ʒ u t̪ i dʒ a r̪ e ]_w
[_w m a e ]_w
[_w oa n̪ a ]_w
[_w p e n̪ e ]_w
[_w t̪ i m i n̪ ea t̪s ɜ ]_w
[_w a s̪ t̪ f e l̪ ]_w
[_w l̪ e tʃ i i ]_w
[_w ɨ n̪ t̪ r̪ e ]_w
[_w v r̪ a t̪ e ]_w
[_w s̪ k a n̪ t̪ ]_w
[_w i o n̪ ]_w
[_w p a s̪ e s̪ k u ]_w
[_w s̪ o v r̪ o n̪ i n̪ ]_w
[_w s̪ i m p l̪ ɜ ]_w
[_w a n̪ i ]_w
[_w p u k u r̪ i ]_w
[_w i u p i r̪ e ]_w
[_w f o r̪ b i m ]_w
[_w d̪ o r̪ e s̪ t̪ i u ]_w
[_w k a s̪ e d̪ a ]_w
[_w s̪ u s̪ t̪ i n̪ e ]_w
[_w a dʒ e s̪ t̪ e ]_w
[_w m o t̪ ]_w
[_w d̪ i p u l̪ ]_w
[_w k r̪ e s̪ i n̪ t̪ e ]_w
[_w s̪ e n̪ a t̪ o ]_w
[_w p u t̪ e r̪ n̪ e ]_w
[_w d̪ i n̪ ]_w
[_w n̪ e p u n̪ e ]_w
[_w k r̪ a f e ]_w
[_w tʃ i v i l̪ a t̪ ]_w
[_w t̪ r̪ e i a ]_w
[_w v o n̪ d̪ ]_w
[_w f a p d̪ e ]_w
[_w t̪ r̪ ɜ i e s̪ k ]_w
[_w ʒ o k ]_w
[_w v a s̪ i l̪ e ]_w
[_w r̪ e v i n̪ ]_w
[_w k u f e r̪ n̪ u l̪ ]_w
[_w l̪ a m ]_w
[_w m e i ]_w
[_w tʃ e r̪ m a n̪ ɜ ]_w
[_w r̪ a u ]_w
[_w m a s̪ i n̪ i ]_w
[_w e l̪ e n̪ a ]_w
[_w k r̪ a t̪ i t̪s i e ]_w
[_w r̪ e l̪ i tʃ oa s̪ e ]_w
[_w s̪ k o b ]_w
[_w k u r̪ e n̪ t̪ ]_w
[_w k u r̪ a t̪ ]_w
[_w p ɜ m ɨ n̪ ]_w
[_w k r̪ i z̪ ]_w
[_w a n̪ u m i ]_w
[_w p r̪ i m e ]_w
[_w a n̪ k e d̪ a ]_w
[_w t̪ o d̪ a t̪ ɜ l̪ ]_w
[_w oa r̪ e ]_w
[_w d̪ e v e n̪ i n̪ d̪ ]_w
[_w s̪ p e tʃ a l̪ ɜ ]_w
[_w b e d̪ r̪ e k ]_w
[_w t̪ i n̪ e s̪ z̪ ]_w
[_w s̪ o dʒ a l̪ ]_w
[_w p a s̪ a r̪ e ]_w
[_w p e t̪ e ]_w
[_w a l̪ a t̪ ]_w
[_w a ʃ u t̪ o r̪ i a ]_w
[_w m u l̪ t̪ i m a ]_w
[_w k r̪ e t̪ e ]_w
[_w v i a t̪s a ]_w
[_w s̪ a l̪ ]_w
[_w n̪ u m i ]_w
[_w s̪ u b ]_w
[_w v o t̪ u r̪ i i ]_w
[_w f e m e i l̪ o r̪ ]_w
[_w t̪ a t̪ o r̪ i ]_w
[_w u n̪ ɡ a ]_w
[_w p a r̪ d̪ i t̪ ]_w
[_w d̪ i r̪ e k t̪ e ]_w
[_w s̪ k u r̪ t̪ ea ]_w
[_w k o m u n̪ i k a ]_w
[_w d̪ e dʒ e n̪ i i ]_w
[_w f r̪ u m oa s̪ ɜ ]_w
[_w a dʒ e s̪ t̪ ]_w
[_w s̪ t̪ i r̪ i l̪ e ]_w
[_w r̪ o m a n̪ a ]_w
[_w f ɨ n̪ d̪ ]_w
[_w d̪ a r̪ s̪ i u ]_w
[_w a l̪ b e ]_w
[_w s̪ e r̪ f i tʃ u ]_w
[_w m e m b r̪ i i ]_w
[_w r̪ e m a ]_w
[_w o r̪ i u n̪ t̪ e ]_w
[_w s̪ t̪ a n̪ t̪s ɜ ]_w
[_w b i l̪ e ]_w
[_w r̪ a p i t̪ a l̪ ]_w
[_w b l̪ a n̪ u r̪ i ]_w
[_w s̪ p i t̪ a l̪ ]_w
[_w t̪ r̪ a f i m ]_w
[_w t̪ a l̪ e ]_w
[_w a u t̪ o r̪ ]_w
[_w tʃ i t̪ e s̪ t̪ i ]_w
[_w m e r̪ dʒ a l̪ ]_w
[_w f i e r̪ ]_w
[_w l̪ u i ]_w
[_w a ʃ t̪ ea p t̪ a ]_w
[_w e d̪ k ]_w
[_w p i e l̪ ea ]_w
[_w n̪ ea m ]_w
[_w i n̪ k a ]_w
[_w v a l̪ s̪ e ]_w
[_w tʃ i n̪ d̪ ]_w
[_w d̪ u r̪ u l̪ ]_w
[_w a ʃ u n̪ s̪ ]_w
[_w v a ɡ ]_w
[_w v a m i l̪ i a ]_w
[_w d̪ e s̪ e o r̪ i ]_w
[_w i a r̪ ɜ ʃ i ]_w
[_w d̪ o t̪s i ]_w
[_w p a r̪ t̪ ea ]_w
[_w p a r̪ d̪ i ]_w
[_w i t̪ i ]_w
[_w a v r̪ i k ɜ ]_w
[_w m a r̪ e l̪ e ]_w
[_w l̪ e dʒ i i ]_w
[_w e k s̪ p l̪ i ɡ a ]_w
[_w a n̪ d̪ o n̪ i e ]_w
[_w p r̪ o b r̪ i a ]_w
[_w a k t̪ o r̪ i n̪ ]_w
[_w v e t̪ e t̪ e ]_w
[_w b l̪ ɜ t̪ i d̪ ]_w
[_w a l̪ t̪s i i ]_w
[_w a l̪ ea ]_w
[_w d̪ o m n̪ u l̪ ]_w
[_w p r̪ o t̪ u z̪ ]_w
[_w l̪ e m n̪ ]_w
[_w k a s̪ t̪ i k a t̪ ]_w
[_w s̪ u p l̪ ]_w
[_w f i s̪ i t̪ ɜ ]_w
[_w d̪ i s̪ t̪ a ]_w
[_w p e t̪ r̪ u ]_w
[_w s̪ a l̪ a r̪ i i ]_w
[_w h u n̪ e d̪ i ]_w
[_w v r̪ ea ]_w
[_w s̪ e n̪ s̪ u l̪ ]_w
[_w ɨ n̪ k ɨ t̪ ]_w
[_w dʒ e t̪ ɜ t̪s e n̪ i ]_w
[_w p u s̪ u n̪ a r̪ ]_w
[_w s̪ e f e r̪ i ]_w
[_w p o d̪ ]_w
[_w u n̪ u i ]_w
[_w l̪ u a d̪ o ]_w
[_w v a p t̪ e l̪ e ]_w
[_w a s̪ i k ]_w
[_w v o r̪ m ]_w
[_w z̪ i m b l̪ e t̪ ]_w
[_w i n̪ tʃ e r̪ ɡ a t̪ ]_w
[_w tʃ e l̪ e i ]_w
[_w p u d̪ i n̪ i ]_w
[_w p u k u r̪ a ʃ ]_w
[_w k a u s̪ ɜ ]_w
[_w m u l̪ t̪ ]_w
[_w ɨ n̪ d̪ ɨ m p l̪ ɜ ]_w
[_w p o t̪ ]_w
[_w p ɜ m ɨ n̪ e ]_w
[_w h o t̪ ɜ r̪ ɨ t̪ ]_w
[_w s̪ i m t̪s i ]_w
[_w m i e s̪ u l̪ ]_w
[_w a r̪ t̪ a ]_w
[_w m i h a i ]_w
[_w ɡ a m p a n̪ i i ]_w
[_w p r̪ e t̪ a t̪ ]_w
[_w p r̪ o p r̪ i u ]_w
[_w a ʃ u t̪ a ]_w
[_w a m e r̪ i k ɜ ]_w
[_w p e r̪ v e k t̪ ]_w
[_w l̪ u n̪ ɡ ]_w
[_w a n̪ u n̪ t̪s ɜ ]_w
[_w s̪ ea m ɜ ]_w
[_w p ɜ r̪ i n̪ t̪ e ]_w
[_w d̪ e a ]_w
[_w u l̪ t̪ i m u l̪ ]_w
[_w ɡ a r̪ t̪ ea ]_w
[_w v a r̪ a ]_w
[_w a n̪ u m i r̪ ea ]_w
[_w p ɜ r̪ e r̪ e ]_w
[_w k u n̪ o s̪ k ]_w
[_w tʃ e r̪ e ]_w
[_w a t̪ e f a ]_w
[_w f r̪ a n̪ dʒ e ]_w
[_w l̪ a b t̪ e ]_w
[_w k a m e r̪ e ]_w
[_w s̪ k o p ]_w
[_w k r̪ u tʃ e ]_w
[_w r̪ ɨ n̪ t̪ u ]_w
[_w m o n̪ t̪ a k t̪ ]_w
[_w d̪ a d̪ a ]_w
[_w b l̪ a t̪ e ]_w
[_w u n̪ i k ɜ ]_w
[_w k a s̪ u l̪ ]_w
[_w f o r̪ m a ]_w
[_w s̪ t̪ e f a ]_w
[_w f o r̪ m u l̪ a ]_w
[_w k r̪ e u t̪ a t̪ ]_w
[_w e l̪ i t̪ a r̪ ɜ ]_w
[_w i m p r̪ e u n̪ a ]_w
[_w p r̪ i v a t̪ ]_w
[_w tʃ e l̪ ]_w
[_w p e r̪ m i n̪ a ]_w
[_w a k o r̪ t̪ a ]_w
[_w p o s̪ i t̪s i a ]_w
[_w m a r̪ i n̪ ]_w
[_w v i s̪ i u n̪ ea ]_w
[_w k o t̪ u l̪ u i ]_w
[_w s̪ k e n̪ tʃ e n̪ ]_w
[_w k o n̪ t̪ i t̪ i i ]_w
[_w r̪ o ʃ k a ]_w
[_w m a t̪ e i ]_w
[_w p a t̪ ea ]_w
[_w p o p e s̪ k ]_w
[_w ʒ u t̪ e t̪s u l̪ ]_w
[_w k u r̪ s̪ u r̪ i ]_w
[_w l̪ i t̪ e r̪ i i ]_w
[_w d̪ o d̪ a l̪ ]_w
[_w f a m ]_w
[_w p u t̪s i n̪ ]_w
[_w d̪ e s̪ k ]_w
[_w s̪ k r̪ i s̪ t̪ i a ]_w
[_w s̪ k r̪ i i t̪ o r̪ ]_w
[_w e t̪ i t̪ ]_w
[_w i n̪ t̪ e k r̪ a n̪ ]_w
[_w f a m i l̪ i i ]_w
[_w f a p t̪ e ]_w
[_w a k r̪ i k o l̪ ]_w
[_w e m i s̪ ]_w
[_w o b e r̪ d̪ ]_w
[_w s̪ ɜ t̪s i ]_w
[_w s̪ i d̪ u a d̪ ]_w
[_w d̪ r̪ a ɡ d̪ i f ]_w
[_w s̪ i m o n̪ a ]_w
[_w a v ea ]_w
[_w k ɨ t̪ ]_w
[_w d̪ e k a t̪ a ]_w
[_w p e n̪ a l̪ a ]_w
[_w d̪ r̪ u b e l̪ e ]_w
[_w r̪ ɜ s̪ p o i ]_w
[_w v oa r̪ t̪ e ]_w
[_w p r̪ e f e r̪ a ]_w
[_w i m b u l̪ ]_w
[_w i a s̪ i ]_w
[_w k a i ]_w
[_w m a i ]_w
[_w d̪ a t̪ e ]_w
[_w s̪ u v l̪ e d̪ u l̪ ]_w
[_w s̪ p r̪ e ]_w
[_w u m b l̪ u ]_w
[_w r̪ a n̪ t̪ u l̪ ]_w
[_w m o n̪ t̪ i a l̪ ]_w
[_w m i l̪ i e i ]_w
[_w k a z̪ u l̪ u i ]_w
[_w k o n̪ f i r̪ m a ]_w
[_w e k i b e ]_w
[_w t̪ a n̪ ]_w
[_w t̪ r̪ a i d̪ ]_w
[_w p a r̪ t̪ i k o l̪ ]_w
[_w p o s̪ i b i l̪ ɜ ]_w
[_w a p a ]_w
[_w r̪ e k l̪ a m a ]_w
[_w n̪ a t̪ o r̪ i e ]_w
[_w p a tʃ e ]_w
[_w tʃ e r̪ m a n̪ i e ]_w
[_w p e r̪ l̪ i n̪ ]_w
[_w f a tʃ e t̪s i ]_w
[_w t̪ e k ]_w
[_w d̪ r̪ i s̪ t̪ ea ]_w
[_w m o n̪ i k a ]_w
[_w a t̪ a u k a ]_w
[_w r̪ a s̪ f a n̪ ]_w
[_w e m i z̪ i e ]_w
[_w v i s̪ i k ]_w
[_w p r̪ e m i u ]_w
[_w m o t̪ a ]_w
[_w p i r̪ o u l̪ ]_w
[_w ɡ a r̪ o r̪ ]_w
[_w b i r̪ o u ]_w
[_w ʃ k oa l̪ a ]_w
[_w r̪ a t̪ u l̪ ]_w
[_w tʃ e n̪ e r̪ dʒ a ]_w
[_w r̪ a s̪ p o l̪ ]_w
[_w a v a n̪ d̪ ]_w
[_w p u k o f i n̪ a ]_w
[_w h r̪ a n̪ a ]_w
[_w t̪ r̪ ɜ i t̪ ]_w
[_w l̪ a s̪ e ]_w
[_w r̪ e l̪ e ]_w
[_w a r̪ b ]_w
[_w t̪ r̪ ea p t̪ a ]_w
[_w l̪ e dʒ i ]_w
[_w p r̪ o p r̪ i a n̪ ]_w
[_w k oa t̪ a ]_w
[_w d̪ i s̪ k u l̪ t̪ a ]_w
[_w r̪ e k u m e ]_w
[_w r̪ e u s̪ i d̪ ]_w
[_w a p r̪ o b u s̪ ]_w
[_w p a r̪ d̪ i t̪ e ]_w
[_w t̪ o p u l̪ ]_w
[_w b e d̪ r̪ o l̪ ]_w
[_w i m p l̪ u ]_w
[_w a s̪ i ɡ u r̪ ]_w
[_w i n̪ t̪ e r̪ i e ]_w
[_w t̪ u h u l̪ u i ]_w
[_w n̪ o u l̪ u i ]_w
[_w t̪ e s̪ t̪ i u t̪ ]_w
[_w m i n̪ t̪ e ]_w
[_w a l̪ t̪s i ]_w
[_w k a n̪ t̪ ]_w
[_w t̪ o t̪s i ]_w
[_w s̪ o n̪ e ]_w
[_w k a z̪ e ]_w
[_w u r̪ s̪ s̪ ]_w
[_w e k s̪ e m p l̪ e ]_w
[_w s̪ k o p u l̪ ]_w
[_w l̪ i b e r̪ a d̪ ]_w
[_w ɡ l̪ u p u ]_w
[_w f a r̪ a ]_w
[_w d̪ a r̪ a ]_w
[_w s̪ o r̪ i n̪ a ]_w
[_w k l̪ a s̪ a ]_w
[_w k o n̪ t̪ e k s̪ t̪ ]_w
[_w p l̪ a n̪ e d̪ a ]_w
[_w p i a d̪ r̪ a tʃ e ]_w
[_w s̪ i n̪ k u r̪ a t̪ ]_w
[_w r̪ e dʒ e r̪ ea ]_w
[_w r̪ e s̪ u z̪ ]_w
[_w s̪ p i r̪ i i ]_w
[_w k a r̪ t̪ i l̪ e ]_w
[_w a r̪ d̪ ea ]_w
[_w v i i k a ]_w
[_w d̪ e v r̪ e i l̪ ea ]_w
[_w d̪ e h n̪ i k ]_w
[_w p a p a ]_w
[_w r̪ e v e r̪ a t̪ ]_w
[_w f r̪ e m e ]_w
[_w e v e k t̪ ]_w
[_w d̪ ɨ n̪ s̪ u ʒ i ]_w
[_w m e m o r̪ i a ]_w
[_w r̪ a t̪ u l̪ u i ]_w
[_w ʒ u k a t̪ ]_w
[_w l̪ i s̪ t̪ ɜ ]_w
[_w a v a n̪ d̪ u l̪ ]_w
[_w f e t̪ e d̪ a ]_w
[_w ɡ a t̪ i v ]_w
[_w v i i ]_w
[_w d̪ e k ɨ t̪ ]_w
[_w p r̪ i m u l̪ ]_w
[_w d̪ ɜ i ]_w
[_w s̪ e k s̪ ]_w
[_w i n̪ d̪ e ]_w
[_w k l̪ u ʃ u l̪ u i ]_w
[_w l̪ a s̪ a t̪ ]_w
[_w b o l̪ i d̪ i e ]_w
[_w t̪ i v e l̪ ]_w
[_w p r̪ i t̪ a n̪ i e ]_w
[_w o p l̪ i k a ]_w
[_w a ʒ u n̪ tʃ e ]_w
[_w ʃ u t̪ e d̪ u l̪ ]_w
[_w s̪ k r̪ i u ]_w
[_w v i k t̪ o r̪ i a ]_w
[_w l̪ o k u i e s̪ k ]_w
[_w n̪ u m i t̪ ]_w
[_w u r̪ m e l̪ e ]_w
[_w s̪ i n̪ d̪ a ]_w
[_w o l̪ t̪ ]_w
[_w p r̪ e o t̪ a t̪ a ]_w
[_w s̪ u s̪ t̪ i n̪ ]_w
[_w f i l̪ m u l̪ ]_w
[_w s̪ k i m p u l̪ ]_w
[_w p e r̪ s̪ o n̪ a l̪ ]_w
[_w b o s̪ i t̪s i e ]_w
[_w d̪ u k ɜ ]_w
[_w p u n̪ k t̪ i i ]_w
[_w ɨ m p r̪ e u n̪ ɜ ]_w
[_w m o m e n̪ t̪ s̪ ]_w
[_w t̪ a t̪ e ]_w
[_w tʃ i n̪ e v a ]_w
[_w s̪ u v e r̪ n̪ ]_w
[_w dʒ e r̪ e r̪ ea ]_w
[_w p a tʃ i n̪ ea ]_w
[_w k o n̪ t̪ r̪ a l̪ ]_w
[_w z̪ i ɡ u r̪ ]_w
[_w i e r̪ d̪ a ]_w
[_w p o s̪ t̪ e ]_w
[_w k a t̪ e m i a ]_w
[_w s̪ a t̪ i ]_w
[_w e ʃ t̪ i n̪ e ]_w
[_w a u t̪ o ]_w
[_w p e r̪ i oa t̪ a ]_w
[_w s̪ i t̪ u a t̪ ]_w
[_w m o n̪ u m e n̪ t̪ ]_w
[_w r̪ ɜ m ɨ n̪ ɜ ]_w
[_w s̪ p u n̪ ]_w
[_w a b r̪ e dʒ i m ]_w
[_w p r̪ i n̪ t̪ i ]_w
[_w a s̪ t̪ ɜ ]_w
[_w p o f e s̪ o r̪ ]_w
[_w s̪ a t̪ ]_w
[_w u n̪ u l̪ ]_w
[_w ɨ n̪ s̪ ea m n̪ a ]_w
[_w e ɡ s̪ t̪ r̪ e ]_w
[_w p a t̪ r̪ i tʃ u ]_w
[_w s̪ p o r̪ ]_w
[_w i i z̪ u s̪ ]_w
[_w d̪ u h u l̪ u i ]_w
[_w s̪ tʃ e n̪ a ]_w
[_w s̪ i tʃ ]_w
[_w k a s̪ a ]_w
[_w ɡ u l̪ oa r̪ e ]_w
[_w p i a t̪ a ]_w
[_w m o l̪ t̪ o v a ]_w
[_w t̪ o u a ]_w
[_w a tʃ e s̪ t̪ ]_w
[_w o v i dʒ a ]_w
[_w p u n̪ k t̪ e l̪ e ]_w
[_w a d̪ a u ɡ ɜ ]_w
[_w e d̪ i d̪ ]_w
[_w ɡ u l̪ o r̪ i l̪ e ]_w
[_w r̪ o m ɨ n̪ ɜ ]_w
[_w m a r̪ d̪ i e ]_w
[_w m a s̪ u r̪ i ]_w
[_w o r̪ d̪ i n̪ ea ]_w
[_w n̪ e v i tʃ i i ]_w
[_w tʃ e n̪ t̪ r̪ u l̪ ]_w
[_w d̪ o t̪ a l̪ ]_w
[_w s̪ t̪ i l̪ u l̪ ]_w
[_w i s̪ t̪ o r̪ ]_w
[_w e n̪ e r̪ a l̪ ]_w
[_w tʃ i r̪ ɡ a ]_w
[_w b a r̪ ]_w
[_w p o l̪ i t̪ i k ]_w
[_w ɡ ɜ tʃ ]_w
[_w r̪ e d̪ r̪ a s̪ ]_w
[_w m ɜ s̪ u r̪ ɜ ]_w
[_w p u p l̪ i k ɜ ]_w
[_w t̪ a r̪ u l̪ ]_w
[_w b o k a ]_w
[_w p r̪ i f a t̪ e ]_w
[_w l̪ u k r̪ ea z̪ ɜ ]_w
[_w p r̪ e s̪ e n̪ d̪ ]_w
[_w m i r̪ dʒ a ]_w
[_w l̪ i n̪ i a ]_w
[_w b e s̪ t̪ e ]_w
[_w a p a r̪ e r̪ ea ]_w
[_w d̪ a t̪ a ]_w
[_w e k o n̪ o m i e ]_w
[_w t̪ r̪ ɜ i m ]_w
[_w a t̪ e n̪ d̪ i ]_w
[_w o r̪ a ]_w
[_w e d̪ i t̪s i i ]_w
[_w o p a m a n̪ ]_w
[_w f a b t̪ e ]_w
[_w ɡ u r̪ a ]_w
[_w ʃ i a ]_w
[_w n̪ a ʃ t̪ e ]_w
[_w e f r̪ e i l̪ o r̪ ]_w
[_w a n̪ u l̪ ]_w
[_w k r̪ a f ɜ ]_w
[_w f ɨ r̪ s̪ t̪ a ]_w
[_w m u n̪ dʒ i ]_w
[_w n̪ a t̪ i o ]_w
[_w ɡ a p e t̪ e ]_w
[_w n̪ e o ]_w
[_w r̪ a n̪ d̪ u r̪ i ]_w
[_w b r̪ e m i u l̪ ]_w
[_w a ɡ dʒ e s̪ u l̪ ]_w
[_w f i e t̪ i k ]_w
[_w a u z̪ i ]_w
[_w i m e d̪ i i ]_w
[_w ʒ u r̪ i t̪ i tʃ e ]_w
[_w s̪ p u n̪ a ]_w
[_w f l̪ o r̪ i ]_w
[_w o f e r̪ e ]_w
[_w e r̪ a u ]_w
[_w v e n̪ ea u ]_w
[_w n̪ o u l̪ ]_w
[_w n̪ a m ]_w
[_w o p i n̪ i a ]_w
[_w t̪ r̪ i m i d̪ a ]_w
[_w s̪ ɜ r̪ a tʃ ]_w
[_w s̪ i m p o l̪ ]_w
[_w f ɜ t̪ ɜ m a d̪ ɜ ]_w
[_w t̪ i s̪ k u t̪s i e ]_w
[_w f i r̪ m a d̪ e i ]_w
[_w tʃ i t̪ a t̪ e ]_w
[_w e v i tʃ i e n̪ t̪ ]_w
[_w p e r̪ e ]_w
[_w k r̪ e t̪ a r̪ ]_w
[_w a p ɜ r̪ u t̪ ]_w
[_w n̪ a r̪ ]_w
[_w ɡ a tʃ ]_w
[_w t̪ o m n̪ u l̪ e ]_w
[_w s̪ ea r̪ ɜ ]_w
[_w s̪ o l̪ i tʃ i i ]_w
[_w r̪ a m a n̪ e ]_w
[_w s̪ i k ]_w
[_w k ɨ n̪ d̪ ]_w
[_w f r̪ u k t̪ e ]_w
[_w o r̪ a ʃ u l̪ u i ]_w
[_w k a d̪ r̪ u ]_w
[_w f i s̪ i tʃ e m ]_w
[_w l̪ e a u ]_w
[_w p l̪ a tʃ e ]_w
[_w p u t̪ i n̪ ]_w
[_w ɡ u r̪ t̪ ɜ ]_w
[_w t̪s i n̪ ]_w
[_w f i s̪ i ]_w
[_w k r̪ i s̪ ]_w
[_w m a m ɜ ]_w
[_w v r̪ a n̪ t̪ ]_w
[_w p r̪ i e ]_w
[_w d̪ l̪ u i ]_w
[_w p a n̪ a ]_w
[_w l̪ u m i n̪ i k a ]_w
[_w p r̪ i n̪ s̪ e ]_w
[_w l̪ u a t̪ e ]_w
[_w o b i e ]_w
[_w k r̪ e ʃ t̪ i ]_w
[_w tʃ e r̪ ]_w
[_w k a s̪ e ]_w
[_w v u n̪ k t̪s i e ]_w
[_w p r̪ e t̪s ]_w
[_w k a r̪ t̪ ea l̪ ]_w
[_w l̪ i m p i ]_w
[_w a l̪ t̪ ɜ ]_w
[_w b u n̪ e ]_w
[_w l̪ u p t̪ ɜ ]_w
[_w a d̪ a u k a ]_w
[_w k a m e r̪ ɜ ]_w
[_w l̪ i p e r̪ e ]_w
[_w r̪ i t̪ i ɡ ]_w
[_w f i r̪ m ɜ ]_w
[_w i n̪ tʃ a r̪ k ɜ ]_w
[_w a ʒ u n̪ tʃ e m ]_w
[_w a k t̪ i v ]_w
[_w ɨ n̪ d̪ r̪ ea ɡ a ]_w
[_w t̪ e tʃ i t̪ ]_w
[_w s̪ t̪ i r̪ i ]_w
[_w v a l̪ ]_w
[_w ɨ n̪ s̪ ɜ ]_w
[_w t̪ e k s̪ t̪ u l̪ ]_w
[_w p u n̪ i ]_w
[_w a v l̪ a m ]_w
[_w d̪ o r̪ i t̪ i a ]_w
[_w v e r̪ i ]_w
[_w tʃ e n̪ t̪ e ]_w
[_w d̪ a n̪ a ]_w
[_w d̪ a k ɜ ]_w
[_w m a m a ]_w
[_w ʃ u k ɜ t̪ o r̪ i ]_w
[_w h i t̪ l̪ e r̪ ]_w
[_w k ɜ r̪ t̪s i i ]_w
[_w s̪ i d̪ u a t̪s i i ]_w
[_w s̪ e r̪ i tʃ i r̪ ea ]_w
[_w tʃ i tʃ i ]_w
[_w i i s̪ u s̪ ]_w
[_w m i l̪ ]_w
[_w n̪ oa s̪ t̪ r̪ a ]_w
[_w tʃ e r̪ u l̪ ]_w
[_w t̪ r̪ ɜ i n̪ i ]_w
[_w p o ɡ d̪ a n̪ ]_w
[_w r̪ o m a n̪ t̪ a ]_w
[_w k a p a t̪ a ]_w
[_w k o m u n̪ a ]_w
[_w f o d̪ o ]_w
[_w t̪ o t̪s i i ]_w
[_w ɡ r̪ u tʃ a ]_w
[_w l̪ i t̪ e r̪ i ]_w
[_w d̪ r̪ ɜ i e ʃ t̪ e ]_w
[_w s̪ f ɨ n̪ t̪ u r̪ i ]_w
[_w s̪ p i t̪ a l̪ a t̪ ]_w
[_w r̪ u s̪ e s̪ e ]_w
[_w s̪ u a ]_w
[_w o b i n̪ i e ]_w
[_w i b s̪ ]_w
[_w i n̪ t̪ a ]_w
[_w p r̪ o t̪ u ɡ ]_w
[_w t̪ a r̪ i ]_w
[_w l̪ u a t̪ o ]_w
[_w t̪ e s̪ i ]_w
[_w o r̪ ɜ ]_w
[_w f i n̪ a ]_w
[_w tʃ i v i l̪ ɜ ]_w
[_w a f e t̪s i ]_w
[_w ɡ u v i n̪ e ]_w
[_w k a t̪ a l̪ i n̪ ]_w
[_w p a r̪ ]_w
[_w k r̪ e l̪ e ]_w
[_w d̪ i s̪ k u t̪ ]_w
[_w r̪ ea l̪ a ]_w
[_w n̪ u s̪ i ]_w
[_w e u r̪ o p ea n̪ a ]_w
[_w p i d̪ e s̪ t̪ e ]_w
[_w v i n̪ a l̪ ]_w
[_w h a i ]_w
[_w a l̪ ɜ t̪ u r̪ a ]_w
[_w s̪ a l̪ e ]_w
[_w t̪ i n̪ t̪ e ]_w
[_w a b l̪ i k u l̪ ]_w
[_w s̪ t̪ ɜ n̪ e s̪ k ]_w
[_w p i b l̪ i a ]_w
[_w f a m i l̪ i t̪ ]_w
[_w r̪ e ɡ u m ]_w
[_w u n̪ i t̪ a r̪ e ]_w
[_w v r̪ ea u ]_w
[_w u n̪ i i ]_w
[_w a r̪ d̪ ɜ ]_w
[_w b oa r̪ t̪ ɜ ]_w
[_w a u d̪ o r̪ a ]_w
[_w e k s̪ i s̪ t̪ e ]_w
[_w ʒ u t̪ e k a t̪ e ]_w
[_w l̪ i t̪ e r̪ ]_w
[_w e f r̪ e i ]_w
[_w p i e s̪ e ]_w
[_w s̪ t̪ a r̪ ea ]_w
[_w s̪ ɜ n̪ ɜ t̪ a t̪ ]_w
[_w a n̪ u n̪ d̪ a t̪s i ]_w
[_w k u r̪ t̪s i i ]_w
[_w m a ɡ a r̪ ]_w
[_w f r̪ e m ]_w
[_w v u n̪ t̪ a d̪ ]_w
[_w v a l̪ o r̪ i ]_w
[_w s̪ k i m b a ]_w
[_w a tʃ e s̪ t̪ o r̪ a ]_w
[_w t̪ u r̪ e r̪ ea ]_w
[_w o f i tʃ a l̪ ]_w
[_w v i r̪ m e ]_w
[_w r̪ a p o r̪ t̪ ]_w
[_w a k r̪ i ɡ o l̪ ]_w
[_w k r̪ ea ]_w
[_w v r̪ u n̪ t̪ ea n̪ u ]_w
[_w a ʃ u t̪ a d̪ ]_w
[_w f a p t̪ ]_w
[_w t̪ u r̪ dʒ a ]_w
[_w a v a n̪ t̪ ]_w
[_w p o l̪ i t̪ i tʃ e ]_w
[_w k i n̪ a ]_w
[_w r̪ o ʃ i a ]_w
[_w p l̪ a t̪ e ]_w
[_w m e z̪ a ʃ e ]_w
[_w t̪ a i e ]_w
[_w s̪ e p a r̪ a l̪ e ]_w
[_w o b l̪ i k a ]_w
[_w d̪ i p ]_w
[_w p l̪ a k u d̪ a ]_w
[_w m u l̪ t̪ e r̪ i i ]_w
[_w k u s̪ t̪ ]_w
[_w i s̪ r̪ a e l̪ u l̪ ]_w
[_w tʃ u d̪ a t̪ e l̪ e ]_w
[_w a d̪ i k a ]_w
[_w k o n̪ f i r̪ m e ]_w
[_w k a l̪ t̪ ]_w
[_w k a r̪ o r̪ ]_w
[_w s̪ k i m p a r̪ e ]_w
[_w m e t̪ i tʃ ]_w
[_w ɡ i p u l̪ ]_w
[_w n̪ o r̪ m e ]_w
[_w l̪ u n̪ i i ]_w
[_w s̪ t̪ a p i l̪ ]_w
[_w p o s̪ t̪ a t̪ ]_w
[_w k a n̪ d̪ i t̪ ]_w
[_w d̪ e ɡ ɨ t̪ ]_w
[_w l̪ u p t̪ a ]_w
[_w o b t̪ i n̪ u d̪ e ]_w
[_w p ɜ z̪ e s̪ k ]_w
[_w a r̪ e ]_w
[_w f o r̪ m a l̪ e ]_w
[_w m i l̪ i o n̪ ]_w
[_w r̪ e k u d̪ ]_w
[_w v l̪ a t̪ ]_w
[_w n̪ u m e s̪ t̪ e ]_w
[_w i n̪ i m a ]_w
[_w o p i n̪ i e ]_w
[_w f a l̪ ]_w
[_w p a t̪ u t̪ ]_w
[_w n̪ i tʃ ]_w
[_w f i i ɡ a ]_w
[_w a tʃ e l̪ ea ʃ i ]_w
[_w z̪ o t̪s i a ]_w
[_w s̪ u s̪ ]_w
[_w k a u s̪ e s̪ k ]_w
[_w s̪ t̪ r̪ ]_w
[_w r̪ e v e r̪ ɜ ]_w
[_w ɡ a r̪ e l̪ ]_w
[_w t̪ u r̪ a ]_w
[_w a p r̪ oa p e ]_w
[_w s̪ e ɡ ]_w
[_w a m e r̪ ɜ ]_w
[_w v o r̪ t̪s e l̪ e ]_w
[_w p r̪ i m i s̪ ]_w
[_w ɡ a u s̪ e l̪ e ]_w
[_w l̪ u k r̪ a r̪ ea ]_w
[_w a n̪ t̪ r̪ e ]_w
[_w o ɡ u b a ]_w
[_w l̪ ɨ n̪ k ɜ ]_w
[_w b r̪ e o d̪ u l̪ ]_w
[_w a t̪ e f ɜ r̪ ]_w
[_w a d̪ u k ɜ ]_w
[_w d̪ o t̪ u ʃ i ]_w
[_w p r̪ e s̪ i n̪ d̪ ]_w
[_w p r̪ i m e i ]_w
[_w o v i t̪ ]_w
[_w n̪ o r̪ m ]_w
[_w v u z̪ e s̪ e ]_w
[_w p u s̪ a ]_w
[_w h o m e ]_w
[_w s̪ k r̪ i s̪ a ]_w
[_w v e s̪ t̪ i u ]_w
[_w f i k t̪ i m e ]_w
[_w p r̪ o v e s̪ o r̪ ]_w
[_w n̪ a t̪ i o n̪ a l̪ ]_w
[_w s̪ t̪ a i ]_w
[_w b i a t̪s a ]_w
[_w e m i n̪ e s̪ z̪ ]_w
[_w k r̪ a tʃ u n̪ ]_w
[_w f i l̪ e d̪ e ]_w
[_w d̪ r̪ e p t̪ a t̪ ]_w
[_w p r̪ i n̪ t̪ e r̪ ]_w
[_w k r̪ e s̪ t̪ i ]_w
[_w p e r̪ s̪ oa n̪ e ]_w
[_w m a m ]_w
[_w k a n̪ d̪ a t̪ a ]_w
[_w t̪ i m i i ]_w
[_w ʒ o ɡ ]_w
[_w ɡ a s̪ e ]_w
[_w e f i t̪ e n̪ d̪ ]_w
[_w p r̪ e s̪ e i ]_w
[_w s̪ u p i e ɡ d̪ ]_w
[_w f e s̪ t̪ e ]_w
[_w m i z̪ i u n̪ e ]_w
[_w l̪ i n̪ i i l̪ e ]_w
[_w ʒ e f u l̪ ]_w
[_w a k u s̪ a ]_w
[_w s̪ t̪ u d̪ i u ]_w
[_w k o n̪ t̪ i a l̪ e ]_w
[_w d̪ oa r̪ ]_w
[_w s̪ i t̪ e ]_w
[_w ɨ n̪ dʒ e p u t̪ ]_w
[_w m e d̪ r̪ i ]_w
[_w o r̪ t̪ i n̪ ea ]_w
[_w t̪ a k s̪ ]_w
[_w r̪ e f u s̪ a ]_w
[_w a v l̪ a ]_w
[_w p a tʃ e p a ]_w
[_w e f e k t̪ i v ]_w
[_w e v e k t̪ e ]_w
[_w m o t̪ e r̪ n̪ ]_w
[_w i d̪ e i ]_w
[_w ɨ n̪ a l̪ d̪ ɜ ]_w
[_w l̪ i n̪ i i ]_w
[_w m a ʃ o r̪ e ]_w
[_w m a r̪ e ]_w
[_w p r̪ i v a d̪ ]_w
[_w a dʒ a ]_w
[_w r̪ e v u s̪ a ]_w
[_w t̪ o d̪ o ɡ s̪ ]_w
[_w p o s̪ t̪ a r̪ ea ]_w
[_w k ɨ n̪ t̪ ]_w
[_w m a s̪ ɜ ]_w
[_w f r̪ a n̪ t̪s a ]_w
[_w o p l̪ i k ɜ ]_w
[_w e v i tʃ i i ]_w
[_w e u r̪ ]_w
[_w tʃ oa n̪ a ]_w
[_w t̪ e m ɜ ]_w
[_w r̪ e d̪ ea ]_w
[_w s̪ a i ]_w
[_w m e z̪ a ʃ u l̪ ]_w
[_w t̪ o r̪ i k u m ]_w
[_w d̪ u m i n̪ a ]_w
[_w ɨ n̪ t̪s e l̪ e k ]_w
[_w l̪ u k r̪ ea s̪ a ]_w
[_w n̪ a t̪ u r̪ i s̪ m ]_w
[_w ɨ m i ]_w
[_w i n̪ t̪ r̪ u ]_w
[_w f r̪ a ɡ m e n̪ t̪ ]_w
[_w s̪ a n̪ tʃ e s̪ ]_w
[_w m a r̪ i a n̪ ]_w
[_w a dʒ e l̪ e i ]_w
[_w d̪ i r̪ e k t̪ o r̪ ]_w
[_w u n̪ e o r̪ i ]_w
[_w s̪ k r̪ i e ]_w
[_w a ɡ d̪ u a t̪ i ]_w
[_w k a m e r̪ a ]_w
[_w d̪ e tʃ a p a ]_w
[_w s̪ p a d̪ e l̪ e ]_w
[_w a t̪ e v a n̪ ]_w
[_w t̪ r̪ i s̪ t̪ i a n̪ ]_w
[_w l̪ i p e r̪ a t̪ ]_w
[_w d̪ o i ]_w
[_w p r̪ e z̪ e ]_w
[_w a p a r̪ t̪s i ]_w
[_w r̪ e ɡ u r̪ s̪ a ]_w
[_w f o r̪ t̪ u l̪ ]_w
[_w p r̪ i m i t̪ e ]_w
[_w i n̪ t̪ r̪ e ]_w
[_w tʃ e i ]_w
[_w t̪ a r̪ i i ]_w
[_w s̪ i n̪ ɡ u r̪ s̪ a ]_w
[_w m e r̪ i t̪ ]_w
[_w m e dʒ ]_w
[_w k a s̪ u r̪ a ]_w
[_w k r̪ a t̪ e l̪ e ]_w
[_w p o s̪ i p i l̪ a ]_w
[_w p o r̪ ]_w
[_w p l̪ o ɡ u l̪ ]_w
[_w a s̪ p e ɡ d̪ ]_w
[_w a l̪ b a ]_w
[_w f e t̪s i ]_w
[_w ɡ ɜ t̪ r̪ e ]_w
[_w a s̪ t̪ v e l̪ ]_w
[_w n̪ e v i i ]_w
[_w a v e m ]_w
[_w s̪ a d̪ ]_w
[_w p a s̪ e s̪ k ]_w
[_w l̪ o k u r̪ i ]_w
[_w b u n̪ i ]_w
[_w s̪ f ɨ r̪ ʃ i t̪ ]_w
[_w d̪ e t̪s i ]_w
[_w d̪ u r̪ ]_w
[_w p l̪ a n̪ u l̪ u i ]_w
[_w r̪ ea l̪ i t̪ a d̪ ea ]_w
[_w p e r̪ s̪ o n̪ a ʒ ]_w
[_w ɨ n̪ s̪ ea m n̪ ɜ ]_w
[_w k a n̪ t̪ i t̪ ]_w
[_w d̪ r̪ i s̪ t̪ ]_w
[_w r̪ e tʃ i z̪ i a ]_w
[_w k r̪ i s̪ oa r̪ ea ]_w
[_w tʃ i t̪ e ʃ t̪ e ]_w
[_w v o l̪ u m e ]_w
[_w r̪ o m a n̪ e ]_w
[_w z̪ a u ]_w
[_w a k t̪ i k a t̪ ]_w
[_w t̪ i n̪ ]_w
[_w n̪ i tʃ u n̪ ]_w
[_w p r̪ o p l̪ e m ɜ ]_w
[_w s̪ p u n̪ d̪ ]_w
[_w ɡ ɜ r̪ e i ]_w
[_w m o s̪ k o b ]_w
[_w e p o k a t̪ ]_w
[_w a u t̪ ]_w
[_w k u p r̪ i n̪ s̪ ]_w
[_w p o l̪ i t̪ i k ɜ ]_w
[_w k o p i i ]_w
[_w ʃ t̪ i m ]_w
[_w k o n̪ t̪ a n̪ ɜ ]_w
[_w k o n̪ t̪ i n̪ u ]_w
[_w s̪ u v e r̪ ɜ ]_w
[_w k r̪ ea r̪ ea ]_w
[_w e dʒ i p t̪ ]_w
[_w i n̪ t̪ r̪ o ]_w
[_w o r̪ e ]_w
[_w s̪ k i m p a ]_w
[_w p e r̪ s̪ oa n̪ ɜ ]_w
[_w p l̪ a t̪ i v ]_w
[_w p ɜ k a t̪ e ]_w
[_w u r̪ m ɜ ]_w
[_w v i n̪ ]_w
[_w m o r̪ e ]_w
[_w v i z̪ i k a ]_w
[_w n̪ i v e l̪ ]_w
[_w k r̪ i t̪ e r̪ ]_w
[_w l̪ e k a t̪ ]_w
[_w v i k t̪ o r̪ i ]_w
[_w ʒ u t̪ e ]_w
[_w p o l̪ i d̪ i k ]_w
[_w s̪ p e tʃ i v i k ]_w
[_w ɨ n̪ tʃ e p e ]_w
[_w k u v e r̪ n̪ ]_w
[_w n̪ a s̪ k u d̪ a ]_w
[_w i m a tʃ i n̪ i ]_w
[_w d̪ e k r̪ a b a ]_w
[_w i u n̪ i e ]_w
[_w k r̪ i d̪ i tʃ e ]_w
[_w a u d̪ o r̪ i a ]_w
[_w k r̪ ea t̪ e ]_w
[_w m a ɡ a r̪ ɜ ]_w
[_w k r̪ e ʃ t̪ i n̪ ]_w
[_w ɡ a d̪ ]_w
[_w k a t̪ r̪ u ]_w
[_w f a b t̪ u l̪ ]_w
[_w l̪ a r̪ ]_w
[_w s̪ p r̪ i m a ]_w
[_w k a d̪ r̪ u l̪ ]_w
[_w i n̪ v o r̪ m e ]_w
[_w s̪ a l̪ v a t̪ ]_w
[_w d̪ u t̪ u l̪ ]_w
[_w e m i l̪ ]_w
[_w n̪ u m i t̪ ɜ ]_w
[_w s̪ p a t̪ i u l̪ ]_w
[_w p e r̪ ]_w
[_w k r̪ i s̪ a ]_w
[_w d̪ o t̪ u l̪ ]_w
[_w r̪ ɜ m ɨ n̪ ]_w
[_w k o l̪ e tʃ i i ]_w
[_w t̪ e k l̪ a m a ]_w
[_w p u ɡ u r̪ i ]_w
[_w m a s̪ a ]_w
[_w d̪ ɨ n̪ ɜ r̪ ]_w
[_w i r̪ a n̪ ]_w
[_w r̪ u s̪ e ]_w
[_w k o t̪ ]_w
[_w m oa r̪ d̪ e ]_w
[_w t̪ i m p u s̪ ]_w
[_w a l̪ t̪ tʃ e f a ]_w
[_w t̪ u t̪ o r̪ a n̪ ]_w
[_w s̪ k u s̪ e ]_w
[_w f o tʃ e ]_w
[_w d̪ e d̪ i ]_w
[_w t̪s a r̪ ɜ ]_w
[_w tʃ e n̪ d̪ e ]_w
[_w t̪ e tʃ i z̪ ]_w
[_w z̪ i m t̪s i ]_w
[_w v i s̪ i ɡ ]_w
[_w k a n̪ dʒ e ]_w
[_w a v o k a ]_w
[_w p r̪ i t̪ ]_w
[_w k a t̪ r̪ e z̪ a ]_w
[_w k o m a ]_w
[_w n̪ o i l̪ e ]_w
[_w p r̪ i v e s̪ t̪ ]_w
[_w s̪ i n̪ tʃ e b u t̪ ]_w
[_w a f l̪ e ]_w
[_w l̪ e tʃ o n̪ a r̪ ]_w
[_w t̪ e z̪ i k u r̪ ]_w
[_w o p i e k t̪ ]_w
[_w d̪ i b ]_w
[_w d̪ r̪ e p u i ]_w
[_w p u k u r̪ ]_w
[_w k a s̪ i t̪ ]_w
[_w d̪ ɜ r̪ i tʃ a n̪ u ]_w
[_w o r̪ i k u m ]_w
[_w dʒ e l̪ e i ]_w
[_w p l̪ oa i e ]_w
[_w a t̪ a t̪ ea ]_w
[_w a k t̪ i u n̪ i ]_w
[_w o l̪ e k t̪ i v ]_w
[_w b u s̪ e ]_w
[_w t̪ u k ]_w
[_w i n̪ t̪ e r̪ n̪ e d̪ ]_w
[_w f i k s̪ ]_w
[_w m u l̪ t̪ i ]_w
[_w s̪ k o p u r̪ i k ]_w
[_w m e d̪ o t̪ a l̪ ]_w
[_w i n̪ v i t̪ a ]_w
[_w m u t̪ a t̪ e ]_w
[_w k a u s̪ e s̪ e ]_w
[_w d̪ o d̪ a l̪ ɜ ]_w
[_w a dʒ a s̪ t̪ ɜ ]_w
[_w p u n̪ a ]_w
[_w t̪ e ɡ s̪ t̪ e r̪ n̪ ]_w
[_w d̪ o z̪ a r̪ e ]_w
[_w p a r̪ b u ]_w
[_w m e d̪ i k a l̪ ]_w
[_w t̪ i m i ʒ oa r̪ a ]_w
[_w r̪ s̪ z̪ ]_w
[_w p a z̪ ɜ ]_w
[_w dʒ e n̪ t̪ r̪ u n̪ ]_w
[_w a n̪ u n̪ d̪ a t̪ ]_w
[_w ʃ t̪ i a m ]_w
[_w ɨ n̪ t̪ ɨ i ]_w
[_w a r̪ u n̪ ɡ a ]_w
[_w a u d̪ o m a ]_w
[_w r̪ o s̪ u ]_w
[_w r̪ e l̪ a t̪ i t̪ ]_w
[_w d̪ i n̪ ɡ o l̪ o ]_w
[_w k o m ]_w
[_w ʒ u d̪ i tʃ a r̪ e ]_w
[_w s̪ k r̪ i s̪ d̪ i ]_w
[_w b r̪ o p l̪ e m a ]_w
[_w p e r̪ m i t̪ ]_w
[_w s̪ ɜ ʃ i ]_w
[_w u r̪ m a r̪ e l̪ e ]_w
[_w v a ɡ d̪ o r̪ i e ]_w
[_w d̪ ɜ n̪ a s̪ e ]_w
[_w s̪ p i r̪ i t̪ ]_w
[_w d̪ e tʃ i s̪ ]_w
[_w i i i ]_w
[_w f ɨ n̪ t̪ ]_w
[_w n̪ ɜ s̪ t̪ a s̪ i ]_w
[_w s̪ p o r̪ t̪ ]_w
[_w a r̪ a d̪ a ]_w
[_w a l̪ t̪ f e l̪ ]_w
[_w t̪ o d̪ u ʃ i ]_w
[_w d̪ r̪ o k u r̪ o r̪ ]_w
[_w r̪ u s̪ i ]_w
[_w k u l̪ t̪ u r̪ i ]_w
[_w p i t̪ e ʃ t̪ i ]_w
[_w t̪ r̪ o k u r̪ i e ]_w
[_w i s̪ i ]_w
[_w a v l̪ a t̪ ]_w
[_w u i t̪ a d̪ e ]_w
[_w i n̪ k l̪ u z̪ ]_w
[_w ɨ n̪ ɡ ɨ t̪ ]_w
[_w s̪ i n̪ t̪ ]_w
[_w s̪ f a t̪ u r̪ i i ]_w
[_w u n̪ i d̪ e ]_w
[_w a t̪ e s̪ ea ]_w
[_w s̪ u s̪ t̪ i n̪ i ]_w
[_w p i d̪ e s̪ t̪ ]_w
[_w p oa d̪ ɜ ]_w
[_w d̪ a d̪ ɜ ]_w
[_w s̪ i t̪ u a t̪s i e ]_w
[_w s̪ t̪ i u t̪ ]_w
[_w s̪ k oa l̪ a ]_w
[_w t̪ i n̪ t̪ r̪ u ]_w
[_w b a n̪ i a ]_w
[_w ɡ o n̪ t̪ i n̪ u a ]_w
[_w d̪ e s̪ i k u r̪ ]_w
[_w a m i n̪ d̪ ea ]_w
[_w e f e k t̪ e ]_w
[_w t̪ e t̪ a ]_w
[_w n̪ i v e r̪ s̪ e ]_w
[_w r̪ e l̪ a t̪ i e ]_w
[_w p u p l̪ i dʒ e ]_w
[_w l̪ o n̪ t̪ r̪ a l̪ e ]_w
[_w n̪ i tʃ o t̪ a t̪ ]_w
[_w o k t̪ ]_w
[_w k u v e r̪ n̪ u l̪ ]_w
[_w u tʃ i s̪ ]_w
[_w a tʃ e l̪ ea ʒ i ]_w
[_w f oa r̪ d̪ e ]_w
[_w t̪ r̪ a t̪ a ]_w
[_w t̪ e z̪ v o l̪ t̪ a ]_w
[_w v o l̪ ]_w
[_w a t̪ i n̪ ɜ ]_w
[_w s̪ f a r̪ s̪ t̪ a ]_w
[_w p t̪ v ]_w
[_w s̪ p u i ]_w
[_w d̪ a l̪ e ]_w
[_w f u tʃ i t̪ ]_w
[_w s̪ i a r̪ e ]_w
[_w t̪ r̪ e i ]_w
[_w p a u l̪ ]_w
[_w h a r̪ t̪ a ]_w
[_w z̪ i s̪ ]_w
[_w f e m e i a ]_w
[_w ʒ a p d̪ e ]_w
[_w tʃ e s̪ t̪ a ]_w
[_w t̪ i m i r̪ ]_w
[_w h o t̪ a r̪ e ]_w
[_w r̪ e k u m e n̪ d̪ ]_w
[_w i n̪ t̪ e r̪ n̪ ɜ ]_w
[_w t̪ e s̪ k ]_w
[_w r̪ e ɡ u l̪ i ]_w
[_w dʒ i n̪ t̪ ]_w
[_w p r̪ o t̪ u k ]_w
[_w o n̪ k ]_w
[_w t̪ o u ɜ ]_w
[_w p i n̪ a ]_w
[_w m a l̪ u l̪ ]_w
[_w a p a r̪ t̪ e ]_w
[_w b u k o f i n̪ e ]_w
[_w p r̪ e d̪ a t̪ ]_w
[_w f o r̪ m ]_w
[_w k a p r̪ i e ]_w
[_w ʃ a n̪ s̪ e ]_w
[_w f e n̪ i n̪ t̪ ]_w
[_w k a t̪ ]_w
[_w l̪ u n̪ k u l̪ ]_w
[_w d̪ i n̪ e ]_w
[_w tʃ e n̪ e r̪ a l̪ ]_w
[_w p a r̪ t̪ e ]_w
[_w s̪ o n̪ e l̪ e ]_w
[_w o f e r̪ i t̪ a ]_w
[_w m a r̪ t̪ i ]_w
[_w p k r̪ ]_w
[_w f i n̪ a l̪ ]_w
[_w k r̪ u p ]_w
[_w z̪ i t̪ u a d̪ ]_w
[_w k l̪ o r̪ i ]_w
[_w m a r̪ i i ]_w
[_w t̪ o f a ]_w
[_w m u n̪ d̪ e r̪ n̪ ɜ ]_w
[_w p o s̪ i d̪ i e ]_w
[_w s̪ ɨ m p ɜ t̪ ɜ ]_w
[_w s̪ e ɡ s̪ u a l̪ ɜ ]_w
[_w z̪ ɜ l̪ ]_w
[_w p i n̪ e ]_w
[_w e k i p e i ]_w
[_w i n̪ a i n̪ t̪ e ]_w
[_w k r̪ a t̪ ]_w
[_w h o r̪ o s̪ k a ]_w
[_w tʃ i t̪ e ʃ t̪ i ]_w
[_w u r̪ dʒ e n̪ t̪ e ]_w
[_w e u r̪ o p ea n̪ ]_w
[_w t̪ ɨ n̪ ɜ r̪ ]_w
[_w o v i tʃ a l̪ ]_w
[_w m a m e i ]_w
[_w s̪ i m t̪ i t̪ ]_w
[_w a l̪ e tʃ e ]_w
[_w n̪ o r̪ m a ]_w
[_w m i a ]_w
[_w m e m p r̪ i ]_w
[_w n̪ i k i d̪ a ]_w
[_w f u n̪ k t̪s i e ]_w
[_w p o n̪ t̪ a n̪ ɜ ]_w
[_w u n̪ ɡ u r̪ a t̪ ]_w
[_w ɡ r̪ u p u l̪ ]_w
[_w n̪ u m ɜ r̪ ɜ ]_w
[_w n̪ e v o i t̪ ]_w
[_w h o d̪ a r̪ a ]_w
[_w p a s̪ a ]_w
[_w s̪ p u n̪ t̪ ]_w
[_w t̪ i s̪ p u s̪ e ]_w
[_w l̪ e k a d̪ ]_w
[_w ʃ oa k ɜ ]_w
[_w a s̪ i a ]_w
[_w p l̪ a t̪ i i ]_w
[_w s̪ k o l̪ i ]_w
[_w a u z̪ i t̪ ]_w
[_w b r̪ i l̪ i e ]_w
[_w t̪ e tʃ i s̪ i i ]_w
[_w f a t̪ ɜ ]_w
[_w tʃ i t̪ a t̪ ea ]_w
[_w p i a t̪s a ]_w
[_w a k u z̪ a ]_w
[_w o r̪ i ɡ u m ]_w
[_w k e m a t̪ ]_w
[_w d̪ o f a ]_w
[_w r̪ ɨ n̪ t̪ u r̪ i ]_w
[_w d̪ u l̪ tʃ a ]_w
[_w m o t̪ e l̪ u l̪ e ]_w
[_w k a m p a n̪ i a ]_w
[_w ɡ a s̪ a ]_w
[_w i e z̪ i ]_w
[_w e ʃ t̪ i n̪ i ]_w
[_w k l̪ a s̪ i ɡ u r̪ ]_w
[_w s̪ u n̪ a r̪ ]_w
[_w m o r̪ a l̪ ]_w
[_w a k t̪ e l̪ o r̪ ]_w
[_w m a u ]_w
[_w f o r̪ ]_w
[_w ɡ o l̪ ]_w
[_w d̪ u p ɜ ]_w
[_w l̪ a ɡ r̪ i m e ]_w
[_w r̪ a t̪ i o n̪ a l̪ ]_w
[_w p i t̪ e ʃ t̪ e ]_w
[_w f u n̪ ɡ d̪ ]_w
[_w v a k u t̪ a ]_w
[_w a v e t̪s i ]_w
[_w f i n̪ o f a t̪ a ]_w
[_w i r̪ i n̪ a ]_w
[_w p r̪ e o d̪ ]_w
[_w s̪ t̪ a t̪ u l̪ ]_w
[_w n̪ e dʒ e s̪ a r̪ ]_w
[_w r̪ o m a n̪ i i ]_w
[_w f i r̪ m e ]_w
[_w i m a dʒ i n̪ i ]_w
[_w ɡ r̪ i ʒ ɜ ]_w
[_w k i l̪ i m a n̪ ]_w
[_w d̪ oa t̪ ɜ ]_w
[_w s̪ i n̪ e ]_w
[_w p o s̪ a ]_w
[_w a k t̪ e ]_w
[_w p r̪ o f o k a d̪ ]_w
[_w a tʃ e l̪ a s̪ i ]_w
[_w k o p i i l̪ o r̪ ]_w
[_w a v a tʃ e ]_w
[_w r̪ e k u l̪ i l̪ e ]_w
[_w k r̪ e s̪ i t̪ ]_w
[_w k o n̪ t̪ i n̪ u u ]_w
[_w v o r̪ b ɜ ]_w
[_w u d̪ r̪ ea ]_w
[_w h o t̪ a r̪ a ]_w
[_w d̪ i n̪ u ]_w
[_w a v i ʃ ɜ r̪ i ]_w
[_w t̪ r̪ e k u m e ]_w
[_w p u n̪ k t̪ ]_w
[_w m e r̪ i t̪ e ]_w
[_w b e d̪ r̪ e ]_w
[_w r̪ o m a n̪ i a ]_w
[_w m a k s̪ i m ]_w
[_w m i n̪ i s̪ t̪ ]_w
[_w e k s̪ k l̪ u s̪ ]_w
[_w e t̪ u k a ]_w
[_w d̪ e tʃ i d̪ e s̪ a ]_w
[_w u z̪ l̪ ]_w
[_w s̪ t̪ u t̪ e n̪ d̪ i ]_w
[_w a t̪ e n̪ t̪s i ]_w
[_w n̪ o i ]_w
[_w p a r̪ t̪ i e ]_w
[_w a t̪ e n̪ t̪s i n̪ e ]_w
[_w p r̪ e dʒ i s̪ a t̪ ]_w
[_w t̪ u ɡ ɜ ]_w
[_w m o m e n̪ d̪ ]_w
[_w a v i r̪ m e ]_w
[_w k ɨ t̪ e v a r̪ a ]_w
[_w p i tʃ o r̪ ]_w
[_w o p a m a n̪ e ]_w
[_w p r̪ o v u n̪ t̪ a ]_w
[_w b e r̪ i oa t̪ e i ]_w
[_w tʃ e n̪ e r̪ dʒ i ]_w
[_w p o s̪ i p i u ]_w
[_w k a l̪ k u l̪ ]_w
[_w s̪ t̪ r̪ a t̪ ]_w
[_w a d̪ i ]_w
[_w p i l̪ t̪ ɜ ]_w
[_w s̪ p a n̪ i i ]_w
[_w m ɜ s̪ u r̪ a ]_w
[_w m i l̪ a ]_w
[_w r̪ u ɡ ɜ m ]_w
[_w u n̪ d̪ e ]_w
[_w k ɜ s̪ ea s̪ k ɜ ]_w
[_w s̪ p u n̪ e ]_w
[_w s̪ a m p l̪ a ]_w
[_w p a d̪ r̪ u ]_w
[_w d̪ e d̪ a ]_w
[_w tʃ e r̪ m a n̪ i ]_w
[_w o v e r̪ a d̪ ]_w
[_w u n̪ i t̪ a t̪ ea ]_w
[_w d̪ u d̪ u l̪ ]_w
[_w e k o n̪ o m i k ]_w
[_w d̪ i n̪ t̪ r̪ a l̪ a ]_w
[_w e r̪ a m ]_w
[_w a tʃ e l̪ a ʒ i ]_w
[_w l̪ o ɡ u r̪ i ]_w
[_w t̪ a tʃ a ]_w
[_w m e d̪ i k ]_w
[_w s̪ i t̪ u a t̪ i e ]_w
[_w b e r̪ v e ɡ d̪ ]_w
[_w p i s̪ e r̪ i o r̪ ]_w
[_w s̪ k i m b u l̪ ]_w
[_w p l̪ a t̪ i ]_w
[_w t̪ a t̪ a ]_w
[_w t̪ e p a r̪ a ]_w
[_w tʃ i n̪ tʃ ]_w
[_w d̪ o d̪ u s̪ i ]_w
[_w d̪ e s̪ i ]_w
[_w k ɜ u d̪ a ]_w
[_w tʃ e n̪ d̪ r̪ u ]_w
[_w l̪ u p t̪ a t̪ ]_w
[_w p e n̪ a l̪ ]_w
[_w r̪ ea l̪ i t̪ a t̪ e ]_w
[_w s̪ f i n̪ t̪s i ]_w
[_w o b t̪s i n̪ u d̪ ]_w
[_w p i a t̪ r̪ ɜ ]_w
[_w v i l̪ e ]_w
[_w r̪ o b e n̪ e ]_w
[_w t̪ e t̪ a l̪ i n̪ ]_w
[_w d̪ i m p u ]_w
[_w r̪ a n̪ d̪ a t̪ ]_w
[_w l̪ o f i t̪ ]_w
[_w d̪ r̪ e k u t̪ ]_w
[_w d̪ o p ]_w
[_w p r̪ o tʃ e s̪ ]_w
[_w n̪ ea m u l̪ ]_w
[_w p r̪ o f u n̪ d̪ ]_w
[_w a t̪ r̪ e s̪ a ]_w
[_w m e r̪ dʒ a ]_w
[_w n̪ u m e ]_w
[_w o r̪ t̪ i n̪ ]_w
[_w d̪ o m e n̪ t̪ s̪ ]_w
[_w v ɜ k u d̪ o ]_w
[_w t̪ a k s̪ a ]_w
[_w l̪ e a r̪ ]_w
[_w a i u t̪ ]_w
[_w s̪ o t̪s i a ]_w
[_w m i e r̪ k u r̪ ]_w
[_w r̪ ɜ s̪ p o i u l̪ ]_w
[_w k a s̪ i ]_w
[_w ʒ o k u r̪ i ]_w
[_w l̪ u p t̪ a t̪ e ]_w
[_w i n̪ a i n̪ d̪ e ]_w
[_w t̪ e s̪ k i z̪ ]_w
[_w k ɜ r̪ u i ]_w
[_w i a n̪ u a r̪ i e ]_w
[_w d̪ i n̪ t̪ r̪ e ]_w
[_w v o i a ]_w
[_w s̪ a l̪ a r̪ i u ]_w
[_w p r̪ a k t̪ e r̪ ]_w
[_w o p d̪ i n̪ e ]_w
[_w ɡ o r̪ i n̪ t̪s a ]_w
[_w a i a ]_w
[_w tʃ e n̪ t̪ r̪ a r̪ e ]_w
[_w a f o k a t̪ ]_w
[_w p e l̪ tʃ a ]_w
[_w f a tʃ e r̪ i ]_w
[_w k r̪ e u ]_w
[_w k o r̪ i n̪ a ]_w
[_w r̪ u s̪ i e i ]_w
[_w p a m a n̪ t̪ ]_w
[_w a n̪ t̪ o n̪ i e ]_w
[_w b a r̪ i t̪s i a ]_w
[_w k r̪ a i o v a ]_w
[_w d̪ r̪ u p ]_w
[_w f o t̪ u l̪ ]_w
[_w ʒ u t̪ e k a ]_w
[_w n̪ u m a r̪ u l̪ ]_w
[_w tʃ i t̪ e n̪ t̪ ]_w
[_w ʃ i u ]_w
[_w a tʃ e n̪ t̪ i e ]_w
[_w d̪ o t̪ i ]_w
[_w n̪ i m i k ]_w
[_w ʒ o i ]_w
[_w l̪ a n̪ s̪ ea z̪ a ]_w
[_w d̪ o m n̪ u l̪ e ]_w
[_w tʃ e t̪ a d̪ ]_w
[_w m e t̪ i k a t̪ ]_w
[_w d̪ r̪ u m u r̪ i ]_w
[_w r̪ ɨ n̪ t̪ ]_w
[_w f o r̪ d̪ ]_w
[_w ʃ u m ɜ t̪ a t̪ e ]_w
[_w p a s̪ ]_w
[_w f i e k a r̪ e ]_w
[_w o r̪ ɡ a n̪ e l̪ e ]_w
[_w e tʃ i p t̪ ]_w
[_w tʃ i t̪ i ]_w
[_w l̪ i m i t̪ r̪ i e ]_w
[_w t̪ r̪ i m i i ]_w
[_w i n̪ t̪ o r̪ s̪ ]_w
[_w e v i t̪ a ]_w
[_w u i t̪ e ]_w
[_w p r̪ o f i d̪ ]_w
[_w b i e z̪ e ]_w
[_w a l̪ e s̪ ]_w
[_w u m a n̪ a ]_w
[_w n̪ o r̪ t̪ ]_w
[_w p u t̪ i n̪ i ]_w
[_w k a z̪ i n̪ ]_w
[_w k o n̪ t̪ i t̪s i e ]_w
[_w s̪ u n̪ t̪ ]_w
[_w t̪ u r̪ i ]_w
[_w k u s̪ a t̪ ]_w
[_w e f o r̪ m a l̪ ]_w
[_w i m a tʃ i n̪ a ]_w
[_w k o f a s̪ n̪ a ]_w
[_w ɡ a p i t̪ a l̪ a ]_w
[_w a u d̪ ]_w
[_w s̪ p i r̪ i t̪ u l̪ ]_w
[_w r̪ ea l̪ i s̪ a r̪ ea ]_w
[_w a d̪ i k ɜ ]_w
[_w v r̪ u m oa s̪ ɜ ]_w
[_w k o p i l̪ u l̪ ]_w
[_w m u l̪ t̪ ɜ ]_w
[_w k u r̪ t̪ e ]_w
[_w p i n̪ e l̪ e ]_w
[_w tʃ e r̪ m a n̪ i i ]_w
[_w a v a tʃ e t̪s i ]_w
[_w o p a m a ]_w
[_w a l̪ t̪ ]_w
[_w r̪ o l̪ ]_w
[_w p o s̪ i p i l̪ ɜ ]_w
[_w k r̪ i p ɜ ]_w
[_w a v i s̪ a r̪ ea ]_w
[_w a r̪ m a ]_w
[_w s̪ e r̪ v i u ]_w
[_w r̪ ɨ n̪ t̪ u t̪ ]_w
[_w p u n̪ ɜ ]_w
[_w u r̪ m ea s̪ ɜ ]_w
[_w i e ʃ i t̪ ]_w
[_w m i k ]_w
[_w t̪ r̪ e p ]_w
[_w p i tʃ oa r̪ e l̪ e ]_w
[_w m e t̪ i u ]_w
[_w p o s̪ i d̪ i v ]_w
[_w v r̪ i k ɜ ]_w
[_w o r̪ a s̪ ]_w
[_w d̪ a t̪ e n̪ i ]_w
[_w f i ɡ oa r̪ e ]_w
[_w ɡ o l̪ e ɡ d̪ i v ]_w
[_w ɨ t̪s i ]_w
[_w n̪ a t̪ u r̪ ɜ ]_w
[_w f o k ]_w
[_w b e r̪ m i n̪ a ]_w
[_w d̪ e s̪ f o l̪ t̪ a ]_w
[_w t̪ o t̪ i i ]_w
[_w a p o s̪ t̪ ]_w
[_w s̪ t̪ r̪ ɜ i n̪ i ]_w
[_w r̪ e d̪ u l̪ ]_w
[_w k r̪ e s̪ ea l̪ a ]_w
[_w p r̪ o b u z̪ ]_w
[_w d̪ o s̪ a r̪ e ]_w
[_w k o m i s̪ i e i ]_w
[_w k a s̪ t̪ i k a ]_w
[_w v o d̪ o ]_w
[_w p r̪ i m i i ]_w
[_w a k t̪ u a l̪ e ]_w
[_w a t̪ r̪ a s̪ ]_w
[_w m i a r̪ ]_w
[_w ɡ u v e r̪ n̪ ]_w
[_w m i n̪ tʃ u n̪ a ]_w
[_w s̪ t̪ i k a ]_w
[_w d̪ e m ɜ ]_w
[_w a s̪ o tʃ a l̪ e ]_w
[_w s̪ i m t̪ ]_w
[_w e ʃ t̪ i n̪ ]_w
[_w r̪ o m ɨ n̪ e ]_w
[_w v o d̪ a ]_w
[_w d̪ o f a t̪ ɜ ]_w
[_w a v a r̪ ɜ ]_w
[_w d̪ i t̪ l̪ u l̪ ]_w
[_w a tʃ a s̪ t̪ a ]_w
[_w a ʒ u d̪ a t̪ e ]_w
[_w a s̪ t̪ ea p t̪ ɜ ]_w
[_w e u r̪ o p e r̪ t̪ ]_w
[_w h a r̪ k i t̪ a ]_w
[_w p l̪ ɜ k u t̪ o ]_w
[_w v u n̪ k t̪ e ]_w
[_w a l̪ d̪ e ]_w
[_w t̪ e o s̪ e p i t̪ ]_w
[_w p o l̪ i t̪ i k a ]_w
[_w b o t̪ i ]_w
[_w m o t̪ e r̪ n̪ e d̪ ]_w
[_w p r̪ e d̪ ]_w
[_w k u l̪ oa r̪ ea ]_w
[_w p r̪ a k t̪ e ]_w
[_w f r̪ u ɡ d̪ e ]_w
[_w l̪ a n̪ s̪ a ]_w
[_w a t̪ i ]_w
[_w k a r̪ t̪ ea ]_w
[_w l̪ i tʃ e u l̪ ]_w
[_w i n̪ ɡ a ]_w
[_w r̪ ɜ n̪ i t̪ ]_w
[_w f i l̪ m e ]_w
[_w m a n̪ ɡ a r̪ i e ]_w
[_w d̪ u d̪ o r̪ i t̪ ]_w
[_w ʃ a s̪ e ]_w
[_w b u p l̪ i tʃ e ]_w
[_w k r̪ e d̪ ]_w
[_w r̪ o s̪ t̪ ]_w
[_w ɨ n̪ ɡ i s̪ ]_w
[_w s̪ k r̪ i s̪ t̪ ]_w
[_w a k tʃ i n̪ u l̪ ]_w
[_w t̪ o m n̪ u l̪ u i ]_w
[_w p r̪ e z̪ a ]_w
[_w k o n̪ s̪ u m ]_w
[_w dʒ e d̪ a r̪ ea ]_w
[_w s̪ i a u ]_w
[_w d̪ o t̪ u s̪ i ]_w
[_w s̪ o r̪ i ]_w
[_w f a l̪ s̪ ]_w
[_w s̪ ea r̪ a ]_w
[_w r̪ ɜ s̪ p u n̪ ]_w
[_w r̪ o m a n̪ i ]_w
[_w i u l̪ i e ]_w
[_w m a t̪ e r̪ i e ]_w
[_w k v r̪ ]_w
[_w s̪ t̪ i u d̪ ]_w
[_w i n̪ i t̪s i a ]_w
[_w e k s̪ p l̪ i k a ]_w
[_w i s̪ u z̪ ]_w
[_w ʃ e f ]_w
[_w p r̪ ea ʒ m a ]_w
[_w ʃ u d̪ i tʃ a r̪ e ]_w
[_w d̪ r̪ a tʃ e ]_w
[_w r̪ ɜ u ]_w
[_w l̪ e dʒ o n̪ a r̪ ]_w
[_w a l̪ e ]_w
[_w s̪ i e ]_w
[_w s̪ t̪ a l̪ i a ]_w
[_w r̪ ea l̪ i z̪ a ]_w
[_w r̪ a m a n̪ d̪ a ]_w
[_w e n̪ k l̪ e s̪ a ]_w
[_w a k t̪ i u n̪ e ]_w
[_w p u r̪ t̪ a ]_w
[_w i n̪ t̪ e l̪ e ]_w
[_w d̪ u r̪ e r̪ e ]_w
[_w ɡ r̪ e s̪ t̪ a ]_w
[_w p r̪ e f e r̪ ɜ ]_w
[_w t̪ a u n̪ e ]_w
[_w f oa r̪ t̪ e ]_w
[_w e d̪ u k a ]_w
[_w a i dʒ ]_w
[_w e v o r̪ t̪ u l̪ ]_w
[_w k u f e r̪ n̪ ]_w
[_w a t̪ e v a ]_w
[_w n̪ a u ]_w
[_w m i n̪ u n̪ e ]_w
[_w s̪ t̪ u t̪ e n̪ t̪ ]_w
[_w p l̪ a n̪ t̪ e n̪ s̪ ]_w
[_w f a z̪ i l̪ e i ]_w
[_w f a dʒ e t̪ i ]_w
[_w f e t̪ e ]_w
[_w m e d̪ i a ]_w
[_w d̪ a r̪ i l̪ e ʃ u ]_w
[_w p l̪ e k a ]_w
[_w n̪ u z̪ i ]_w
[_w v i e d̪ i i ]_w
[_w a f l̪ a d̪ ]_w
[_w u r̪ s̪ z̪ ]_w
[_w b r̪ i m a ]_w
[_w l̪ u p u l̪ ]_w
[_w n̪ u m ɜ r̪ u l̪ ]_w
[_w ʒ u m ɜ t̪ a t̪ e ]_w
[_w e f i d̪ e o ]_w
[_w k o n̪ t̪ i a ]_w
[_w tʃ i t̪ e n̪ d̪ ]_w
[_w i a n̪ k u ]_w
[_w d̪ o d̪ u l̪ ]_w
[_w i n̪ t̪ e r̪ e ]_w
[_w a n̪ u a l̪ ]_w
[_w z̪ a n̪ a t̪ a t̪ ea ]_w
[_w p e r̪ m i t̪ e ]_w
[_w p r̪ e f a s̪ u d̪ ]_w
[_w a dʒ e ʃ t̪ i ]_w
[_w d̪ e b i n̪ d̪ e ]_w
[_w s̪ f a n̪ t̪ ]_w
[_w r̪ e s̪ u l̪ t̪ a ]_w
[_w i r̪ i n̪ e l̪ ]_w
[_w m e t̪ i k ]_w
[_w tʃ e n̪ e r̪ tʃ i ]_w
[_w a t̪ e f ɜ r̪ a d̪ ]_w
[_w i e s̪ ]_w
[_w i u n̪ i ]_w
[_w d̪ o d̪ o k s̪ ]_w
[_w t̪ e dʒ e n̪ i i ]_w
[_w f a l̪ s̪ e ]_w
[_w s̪ i l̪ e ]_w
[_w p r̪ o d̪ u s̪ i ]_w
[_w k u l̪ t̪ a d̪ ]_w
[_w m a r̪ i l̪ e ]_w
[_w v o l̪ o s̪ i n̪ t̪ ]_w
[_w u n̪ e i ]_w
[_w l̪ e k a l̪ ]_w
[_w v i e ]_w
[_w s̪ o t̪s u l̪ ]_w
[_w i s̪ u s̪ ]_w
[_w b u t̪ e m ]_w
[_w s̪ a r̪ ]_w
[_w f e l̪ ]_w
[_w l̪ ɜ s̪ a ]_w
[_w ɨ n̪ t̪ r̪ e p t̪ ]_w
[_w o n̪ oa r̪ e ]_w
[_w k u b l̪ u ]_w
[_w k r̪ i p a ]_w
[_w l̪ i p e r̪ ]_w
[_w d̪ r̪ e p d̪ e i ]_w
[_w p r̪ e d̪ u tʃ e ]_w
[_w r̪ o k ]_w
[_w o r̪ a t̪ ea ]_w
[_w s̪ e s̪ o n̪ u l̪ ]_w
[_w tʃ e s̪ a r̪ e ]_w
[_w m i ʒ l̪ o ɡ ]_w
[_w p u t̪ e r̪ i i ]_w
[_w r̪ e k u t̪ a ]_w
[_w n̪ o i l̪ o r̪ ]_w
[_w d̪ u l̪ tʃ e ]_w
[_w s̪ e m n̪ e ]_w
[_w tʃ e r̪ ea ]_w
[_w a dʒ e n̪ t̪ r̪ u l̪ ]_w
[_w n̪ a t̪ u r̪ i ]_w
[_w k a r̪ o l̪ ]_w
[_w k a r̪ e i ]_w
[_w f o d̪ ]_w
[_w t̪ o m n̪ u l̪ ]_w
[_w k o n̪ t̪ i n̪ u l̪ ]_w
[_w ʒ o k u l̪ ]_w
[_w u i t̪ a ]_w
[_w o n̪ l̪ i n̪ e ]_w
[_w t̪ r̪ a tʃ e ]_w
[_w a tʃ e s̪ t̪ e r̪ ea ]_w
[_w v e m e i a ]_w
[_w f r̪ u t̪ ]_w
[_w u i d̪ e ]_w
[_w m e r̪ dʒ e m ]_w
[_w s̪ k u r̪ d̪ ea ]_w
[_w t̪ r̪ a i n̪ ]_w
[_w l̪ u ɡ r̪ ea s̪ a ]_w
[_w a d̪ r̪ a s̪ ]_w
[_w r̪ e v i s̪ t̪ e m ]_w
[_w i a z̪ i ]_w
[_w ʃ u m ɜ t̪ a t̪ ea ]_w
[_w v a s̪ u t̪ ]_w
[_w f r̪ ea ]_w
[_w p a s̪ ɜ ]_w
[_w b a i ]_w
[_w m e t̪ i a ]_w
[_w a r̪ a v a ]_w
[_w k e s̪ t̪ i n̪ u ]_w
[_w ɡ a r̪ ]_w
[_w p l̪ ɜ k u t̪ ]_w
[_w s̪ p i r̪ i d̪ u l̪ ]_w
[_w p r̪ o p l̪ e m a ]_w
[_w b a r̪ t̪ i t̪ ]_w
[_w p r̪ e v e r̪ a t̪ ]_w
[_w k u b r̪ i n̪ ]_w
[_w k o l̪ e k ]_w
[_w m o t̪ u l̪ ]_w
[_w d̪ u r̪ a l̪ ]_w
[_w o r̪ t̪ o d̪ o k s̪ ]_w
[_w d̪ o t̪ o t̪ a l̪ ɜ ]_w
[_w oa r̪ e ɡ a ]_w
[_w d̪ r̪ ea p t̪ a ]_w
[_w k u i v a ]_w
[_w p a r̪ e r̪ e ]_w
[_w a e r̪ ]_w
[_w f u s̪ e s̪ k ]_w
[_w d̪ a r̪ i i ]_w
[_w l̪ u k r̪ a i n̪ a ]_w
[_w f i i t̪ oa r̪ e ]_w
[_w d̪ u b l̪ u ]_w
[_w i n̪ dʒ a r̪ ]_w
[_w t̪ u b l̪ u ]_w
[_w a l̪ t̪ o r̪ a ]_w
[_w r̪ e t̪ ea ]_w
[_w tʃ e t̪ a d̪ e ]_w
[_w p u tʃ e t̪ u l̪ ]_w
[_w ɨ n̪ ɡ e i a t̪ ]_w
[_w p a n̪ i a ]_w
[_w e ɡ i b a ]_w
[_w r̪ e k l̪ a r̪ a ]_w
[_w s̪ i n̪ tʃ e p e ]_w
[_w m i l̪ i e ]_w
[_w u n̪ k a ]_w
[_w d̪ i m b u n̪ e m ]_w
[_w k o l̪ e dʒ u l̪ ]_w
[_w ʃ e v u l̪ ]_w
[_w p u t̪ ea u ]_w
[_w a k tʃ e t̪ ]_w
[_w ɨ n̪ d̪ r̪ e k u m ]_w
[_w k o t̪ r̪ ea n̪ u ]_w
[_w p s̪ t̪ ]_w
[_w u m b l̪ u t̪ ]_w
[_w t̪ r̪ a d̪ ]_w
[_w tʃ e t̪ a r̪ ]_w
[_w m i n̪ e s̪ k u ]_w
[_w t̪ a r̪ s̪ i u ]_w
[_w f a l̪ o r̪ i a ]_w
[_w b a r̪ k ɜ ]_w
[_w a s̪ o tʃ a d̪ ]_w
[_w ʒ a p t̪ e ]_w
[_w f i n̪ a n̪ tʃ a r̪ ]_w
[_w p r̪ o t̪ u dʒ e ]_w
[_w p l̪ e dʒ e ]_w
[_w h i d̪ l̪ e r̪ ]_w
[_w f a k a ]_w
[_w m a ʃ i n̪ a ]_w
[_w f ɨ n̪ t̪ u l̪ ]_w
[_w d̪ o m e n̪ i u ]_w
[_w p oa l̪ a ]_w
[_w i e z̪ i t̪ ]_w
[_w m oa r̪ e ]_w
[_w p a r̪ k a ]_w
[_w k o n̪ t̪ r̪ o ]_w
[_w z̪ i l̪ e ]_w
[_w m a r̪ dʒ i n̪ a l̪ ]_w
[_w ɡ u s̪ a ]_w
[_w a p e i ]_w
[_w a p a r̪ a d̪ e ]_w
[_w a t̪ a u k ɜ ]_w
[_w f i a t̪s ɜ ]_w
[_w i n̪ v a t̪ a t̪ ]_w
[_w t̪ o r̪ ]_w
[_w v i t̪ e o ]_w
[_w m e r̪ dʒ i e ]_w
[_w s̪ e dʒ ]_w
[_w b l̪ a n̪ e d̪ a ]_w
[_w p o l̪ o n̪ i a ]_w
[_w t̪ e o t̪ o r̪ ]_w
[_w p ɨ n̪ a ]_w
[_w m e t̪ i k e t̪ e ]_w
[_w a l̪ t̪ e l̪ e ɡ ]_w
[_w b u n̪ ]_w
[_w d̪ a t̪s i a ]_w
[_w k o n̪ k r̪ e d̪ i ]_w
[_w p o p u l̪ a r̪ e ]_w
[_w p l̪ a k u d̪ ]_w
[_w ʒ u r̪ n̪ a l̪ ]_w
[_w t̪ e s̪ f o l̪ t̪ a ]_w
[_w v ɨ n̪ t̪ u l̪ ]_w
[_w a k t̪ o r̪ i ]_w
[_w n̪ i f e l̪ e ]_w
[_w d̪ o d̪ i ]_w
[_w k r̪ e v a ]_w
[_w p i a d̪ ]_w
[_w k l̪ o p a l̪ ]_w
[_w k l̪ a r̪ a t̪ ]_w
[_w k r̪ i b e i ]_w
[_w k r̪ u dʒ a ]_w
[_w ʒ u ɡ a t̪ ]_w
[_w p o l̪ i d̪ i tʃ ]_w
[_w t̪ r̪ a i t̪ ]_w
[_w i e s̪ i d̪ ]_w
[_w l̪ i m p e ]_w
[_w a v i ʒ ɜ r̪ i ]_w
[_w k r̪ i s̪ oa r̪ e ]_w
[_w v a t̪ i m ]_w
[_w l̪ u a m ]_w
[_w k a t̪ i v ]_w
[_w t̪s ɜ r̪ i l̪ e ]_w
[_w p r̪ e tʃ a d̪ ]_w
[_w l̪ i b s̪ i t̪ ]_w
[_w d̪ e s̪ k i s̪ ]_w
[_w i n̪ k l̪ u z̪ i f ]_w
[_w ɡ a s̪ e i ]_w
[_w s̪ i s̪ t̪ ɜ ]_w
[_w f e d̪ e r̪ e z̪ ]_w
[_w d̪ o d̪ i i ]_w
[_w i e r̪ t̪ ]_w
[_w m a r̪ i u l̪ ]_w
[_w p l̪ e ʃ u l̪ ]_w
[_w a r̪ t̪ ɜ ]_w
[_w v o r̪ p ɜ ]_w
[_w r̪ ea l̪ i t̪ a t̪ ]_w
[_w b r̪ i n̪ d̪ e ]_w
[_w p r̪ o p a t̪ ]_w
[_w u n̪ i k a ]_w
[_w k r̪ i ɡ o l̪ ]_w
[_w m a r̪ t̪ i e ]_w
[_w b a m a n̪ t̪ ]_w
[_w p r̪ u s̪ k ]_w
[_w ʃ u m a t̪ a ]_w
[_w r̪ e tʃ e ]_w
[_w e s̪ t̪ i n̪ a m o ]_w
[_w b o v e s̪ i ]_w
[_w t̪ e h n̪ i k a ]_w
[_w r̪ a m a s̪ ]_w
[_w k o m u n̪ ]_w
[_w e k s̪ i s̪ t̪ e i ]_w
[_w p e s̪ t̪ e ]_w
[_w e k i b ɜ ]_w
[_w k o m u n̪ i t̪ e ]_w
[_w m a z̪ i n̪ ]_w
[_w a l̪ t̪ o r̪ ]_w
[_w k o m b l̪ e ]_w
[_w l̪ o v i t̪ ]_w
[_w n̪ e a r̪ ]_w
[_w k o r̪ b u l̪ u i ]_w
[_w f o l̪ u m e ]_w
[_w m o s̪ k o f e i ]_w
[_w v i n̪ e r̪ i ]_w
[_w p l̪ e tʃ e ]_w
[_w u n̪ i r̪ i i ]_w
[_w e f r̪ e m ea ]_w
[_w m o p i l̪ u l̪ ]_w
[_w a t̪ o b t̪ a r̪ ea ]_w
[_w k a s̪ e s̪ k u ]_w
[_w m u l̪ t̪ o r̪ ]_w
[_w k o n̪ v l̪ i k t̪ ]_w
[_w a d̪ e v a ]_w
[_w i o r̪ k a n̪ e ]_w
[_w f i k oa r̪ e ]_w
[_w k s̪ m ]_w
[_w n̪ o s̪ t̪ r̪ u dʒ e ]_w
[_w k u r̪ t̪ ea ]_w
[_w n̪ u m i d̪ r̪ i e ]_w
[_w ɡ ɨ t̪ e v a n̪ ]_w
[_w a t̪ a r̪ e ]_w
[_w k u l̪ o r̪ i a ]_w
[_w ɨ n̪ s̪ u ʃ i ]_w
[_w m o n̪ d̪ i n̪ u ]_w
[_w t̪ e tʃ ]_w
[_w n̪ e tʃ e s̪ ]_w
[_w r̪ e t̪ u tʃ e ]_w
[_w s̪ k a n̪ t̪ i t̪ ]_w
[_w s̪ u d̪ u l̪ ]_w
[_w a n̪ t̪ e s̪ k ]_w
[_w v r̪ a n̪ t̪s a ]_w
[_w a t̪ e s̪ k i s̪ e ]_w
[_w s̪ u r̪ z̪ ɜ ]_w
[_w f o r̪ b e s̪ t̪ e ]_w
[_w k ɜ s̪ i t̪ ]_w
[_w l̪ e k u m ]_w
[_w k u b r̪ i n̪ s̪ ]_w
[_w o r̪ t̪ i ]_w
[_w i n̪ v e n̪ t̪ u l̪ ]_w
[_w v e n̪ i ]_w
[_w k a s̪ e l̪ e ]_w
[_w v o l̪ u m ]_w
[_w s̪ i t̪ e u l̪ u i ]_w
[_w k r̪ ɜ tʃ u n̪ e ]_w
[_w a t̪ e n̪ t̪s i e ]_w
[_w o f i t̪ ]_w
[_w p u t̪ ea m ]_w
[_w ɡ r̪ e s̪ t̪ i ]_w
[_w i n̪ s̪ t̪ a n̪ t̪ ]_w
[_w d̪ e r̪ m i t̪ ]_w
[_w p u ɡ u r̪ ɜ t̪ e ]_w
[_w m a r̪ ea ]_w
[_w tʃ i d̪ i t̪ e ]_w
[_w m a ʃ i n̪ ɜ ]_w
[_w i n̪ t̪ a m b l̪ u ]_w
[_w p a t̪ r̪ i a r̪ h ]_w
[_w z̪ i a r̪ e ]_w
[_w m e s̪ a ʃ ]_w
[_w f o i ]_w
[_w t̪ o d̪ u z̪ e ]_w
[_w p l̪ o k a t̪ ]_w
[_w u n̪ t̪ e d̪ i ]_w
[_w t̪ e t̪s i ]_w
[_w k r̪ a v e ]_w
[_w s̪ e r̪ i k ɜ ]_w
[_w p r̪ a ɡ d̪ i k ]_w
[_w k a d̪ e ]_w
[_w p i p ]_w
[_w a p r̪ o b a ]_w
[_w b u t̪ i n̪ ]_w
[_w m a n̪ k a r̪ i ]_w
[_w n̪ i v e l̪ u l̪ e ]_w
[_w m u n̪ tʃ i ]_w
[_w k o k a ]_w
[_w k ɜ s̪ i d̪ ]_w
[_w s̪ t̪ a d̪ e l̪ e ]_w
[_w a n̪ i m a ]_w
[_w k a p ]_w
[_w f ɜ k u d̪ ɜ ]_w
[_w a s̪ p e k t̪ ]_w
[_w d̪ r̪ u b u l̪ u i ]_w
[_w l̪ ɨ n̪ ɡ ɜ ]_w
[_w d̪ o ɡ m a i ]_w
[_w e ʃ t̪ i a ]_w
[_w b a u l̪ ]_w
[_w k r̪ u b u l̪ ]_w
[_w a d̪ u n̪ dʒ ]_w
[_w ɡ s̪ m ]_w
[_w a ʃ u d̪ e t̪s u l̪ ]_w
[_w p u d̪ e t̪ u l̪ ]_w
[_w dʒ e d̪ a d̪ ]_w
[_w a t̪ e v ɜ r̪ ]_w
[_w a t̪ e v ɜ r̪ u l̪ ]_w
[_w b u r̪ t̪ a t̪ ]_w
[_w a ʃ u n̪ k ]_w
[_w k u r̪ ɨ n̪ t̪ u l̪ ]_w
[_w p ɜ k a t̪ ]_w
[_w p r̪ e k u l̪ ]_w
[_w v u s̪ e s̪ k u ]_w
[_w f i z̪ i t̪ ɜ ]_w
[_w t̪ e m i s̪ i e i ]_w
[_w t̪ o d̪ u z̪ i ]_w
[_w m a ɡ a r̪ i e ]_w
[_w s̪ p e tʃ a l̪ a ]_w
[_w k o n̪ t̪s i n̪ e ]_w
[_w ʒ u r̪ i t̪ i ]_w
[_w n̪ ea p a r̪ a t̪ a ]_w
[_w v i e n̪ a ]_w
[_w k o m u n̪ e i ]_w
[_w p e d̪ r̪ o l̪ ]_w
[_w a t̪ ɨ t̪ ea ]_w
[_w v ɜ t̪ ]_w
[_w t̪ e s̪ k i s̪ ɜ ]_w
[_w m a n̪ t̪ a ]_w
[_w a n̪ u n̪ d̪ a d̪ ɜ ]_w
[_w l̪ e tʃ o n̪ a r̪ i ]_w
[_w ɡ o n̪ d̪ i n̪ u l̪ ]_w
[_w p e ɡ a l̪ e ]_w
[_w ɨ e u r̪ ]_w
[_w oa m e n̪ i i ]_w
[_w r̪ ea l̪ i s̪ a t̪ e ]_w
[_w a t̪ a d̪ a ]_w
[_w u r̪ k a d̪ ]_w
[_w s̪ o tʃ a t̪ ]_w
[_w ɨ n̪ k ɜ ]_w
[_w i n̪ tʃ e r̪ k a t̪ ]_w
[_w d̪ r̪ e p u i e ]_w
[_w d̪ o m n̪ u l̪ u i ]_w
[_w p e n̪ t̪ r̪ u l̪ ]_w
[_w s̪ o s̪ i t̪ ɜ ]_w
[_w k r̪ u p u l̪ u i ]_w
[_w tʃ e n̪ ]_w
[_w v a tʃ e r̪ i ]_w
[_w ʃ u r̪ i t̪ ]_w
[_w s̪ i tʃ e ]_w
[_w m e s̪ a ʒ e ]_w
[_w s̪ i dʒ a ]_w
[_w d̪ ɜ n̪ a z̪ e ]_w
[_w ɡ a s̪ t̪ i a ]_w
[_w f i n̪ e ]_w
[_w k o m p a n̪ i a ]_w
[_w m o n̪ t̪ a ɡ d̪ ]_w
[_w p r̪ i m i ]_w
[_w d̪ a d̪ ɜ l̪ ]_w
[_w a n̪ d̪ ]_w
[_w k o l̪ e dʒ i l̪ e ]_w
[_w d̪ o t̪ a l̪ ɜ ]_w
[_w a s̪ a t̪ ]_w
[_w k ɜ s̪ i ]_w
[_w i v ɜ n̪ e s̪ k u ]_w
[_w a u t̪ o r̪ i a ]_w
[_w ɡ a r̪ o r̪ a ]_w
[_w m e n̪ t̪s i e ]_w
[_w v e ɡ e ]_w
[_w u ʒ o r̪ ]_w
[_w i e z̪ ]_w
[_w t̪ r̪ e p t̪ e i ]_w
[_w i u p i t̪ ]_w
[_w n̪ i tʃ o ]_w
[_w t̪ a n̪ i e i ]_w
[_w m i k ɜ ]_w
[_w a p l̪ i ɡ a r̪ e ]_w
[_w z̪ e n̪ a t̪ ]_w
[_w e u r̪ o b ea n̪ a ]_w
[_w l̪ u k r̪ u l̪ ]_w
[_w a p u ɡ a d̪ ]_w
[_w i u s̪ t̪ i n̪ e ]_w
[_w ɨ n̪ t̪ ɨ l̪ n̪ i d̪ ]_w
[_w p l̪ a t̪ i t̪ ]_w
[_w p o l̪ i l̪ e ]_w
[_w p l̪ o ɡ ]_w
[_w p u n̪ ɡ d̪ i i ]_w
[_w i n̪ s̪ t̪ a n̪ ɡ a ]_w
[_w m a r̪ i r̪ e ]_w
[_w m o t̪ i v u l̪ ]_w
[_w i n̪ t̪ r̪ a r̪ e ]_w
[_w l̪ u p t̪ a d̪ ]_w
[_w r̪ i d̪ i dʒ e ]_w
[_w v o i n̪ ea ]_w
[_w f i ɡ d̪ o r̪ i a ]_w
[_w a n̪ t̪ ]_w
[_w f o d̪ a t̪ a ]_w
[_w b r̪ i n̪ s̪ ]_w
[_w d̪ i m b u s̪ ]_w
[_w l̪ u a r̪ e ]_w
[_w i u l̪ i a n̪ ]_w
[_w f i r̪ e ]_w
[_w f a k ɜ ]_w
[_w s̪ f a t̪ u r̪ ɜ ]_w
[_w b a l̪ a t̪ ]_w
[_w p a n̪ ɡ a ]_w
[_w tʃ i v i l̪ e t̪ e ]_w
[_w k i m p a ]_w
[_w a ɡ d̪ i ɡ ɜ ]_w
[_w p e r̪ i oa d̪ a ]_w
[_w s̪ u p ]_w
[_w a tʃ e l̪ o r̪ ]_w
[_w m e r̪ tʃ e m ]_w
[_w l̪ i i tʃ a n̪ u ]_w
[_w v o r̪ o n̪ i n̪ ]_w
[_w p r̪ o f o k a ]_w
[_w f o s̪ t̪ u l̪ ]_w
[_w b o v e s̪ t̪ e ]_w
[_w s̪ f ɨ n̪ t̪ a ]_w
[_w t̪ u t̪ o r̪ ]_w
[_w m u t̪ a t̪ ]_w
[_w b e t̪ r̪ u ]_w
[_w t̪ i n̪ t̪ a l̪ ]_w
[_w tʃ i d̪ i r̪ i ]_w
[_w p l̪ i n̪ e ]_w
[_w tʃ e n̪ t̪ r̪ u ]_w
[_w s̪ u b i e k t̪ ]_w
[_w p u n̪ u l̪ ]_w
[_w d̪ r̪ ɜ i t̪ ]_w
[_w r̪ e tʃ e n̪ d̪ a ]_w
[_w f a s̪ u t̪ ]_w
[_w a ʃ u n̪ k a ]_w
[_w p r̪ e l̪ u a d̪ e ]_w
[_w s̪ t̪ r̪ a i m ]_w
[_w l̪ u a t̪ a ]_w
[_w ɨ n̪ tʃ e ]_w
[_w a ʃ u t̪ ɜ ]_w
[_w p r̪ i l̪ e ]_w
[_w d̪ i v e r̪ i n̪ ]_w
[_w l̪ a z̪ a ]_w
[_w d̪ e o r̪ i a ]_w
[_w a dʒ a s̪ t̪ ɜ s̪ i ]_w
[_w h o t̪ a r̪ a r̪ ea ]_w
[_w dʒ i n̪ e ]_w
[_w m a z̪ a ]_w
[_w s̪ p a t̪ e ]_w
[_w t̪ u m n̪ e s̪ e u ]_w
[_w u r̪ a ]_w
[_w e ɡ i p e i ]_w
[_w t̪ i v e ]_w
[_w i e r̪ t̪ e ]_w
[_w m o l̪ t̪ o f a ]_w
[_w ʒ u d̪ e k a t̪ a ]_w
[_w k r̪ e d̪ e d̪ i ]_w
[_w t̪ r̪ ea p t̪ ɜ ]_w
[_w k r̪ e ʃ i d̪ ]_w
[_w b r̪ o d̪ u tʃ e ]_w
[_w ʃ oa k a ]_w
[_w v i a ]_w
[_w s̪ p e dʒ a l̪ e ]_w
[_w ʃ t̪ i a ]_w
[_w l̪ u a d̪ e ]_w
[_w l̪ e a ]_w
[_w d̪ u t̪ o r̪ a ]_w
[_w k o m u n̪ i s̪ m ]_w
[_w p a r̪ d̪ e ]_w
[_w a p a r̪ ea ]_w
[_w s̪ t̪ i t̪ ]_w
[_w v a t̪ ]_w
[_w n̪ o s̪ t̪ r̪ i t̪s a ]_w
[_w p o l̪ u a r̪ e ]_w
[_w p r̪ e v e r̪ i tʃ ]_w
[_w ɡ r̪ e s̪ t̪ u l̪ ]_w
[_w f a m i l̪ i a ]_w
[_w ɨ n̪ t̪ r̪ o l̪ ]_w
[_w s̪ t̪ i l̪ ]_w
[_w ʒ o k u r̪ o r̪ ]_w
[_w t̪s a r̪ a ]_w
[_w l̪ u k r̪ ɜ r̪ i ]_w
[_w d̪ oa d̪ e ]_w
[_w f a k u t̪ e ]_w
[_w a ʒ u n̪ ɡ ]_w
[_w d̪ e o r̪ i ]_w
[_w i o s̪ i v ]_w
[_w ʃ o s̪ ]_w
[_w ɡ o m u n̪ ɜ ]_w
[_w p u r̪ t̪ a t̪ ]_w
[_w l̪ o f i t̪ u r̪ i ]_w
[_w t̪ a k a ]_w
[_w k a s̪ i n̪ ]_w
[_w d̪ i v i t̪ ]_w
[_w i t̪ ea l̪ ]_w
[_w r̪ o s̪ i a ]_w
[_w d̪ ea t̪ r̪ u ]_w
[_w i a r̪ n̪ ɜ ]_w
[_w v o l̪ o s̪ i r̪ ea ]_w
[_w l̪ e dʒ o n̪ a r̪ i ]_w
[_w v i i n̪ t̪ k ɜ ]_w
[_w k u b r̪ i n̪ s̪ e ]_w
[_w o p e r̪ d̪ ]_w
[_w d̪ r̪ a s̪ ]_w
[_w m a n̪ d̪ ]_w
[_w tʃ i t̪ e n̪ t̪ i a ]_w
[_w ɡ ɜ z̪ e s̪ k ]_w
[_w s̪ a d̪ e ]_w
[_w l̪ u ɜ m ]_w
[_w p a t̪ r̪ i t̪ ]_w
[_w n̪ u m e r̪ oa s̪ e ]_w
[_w tʃ e n̪ e r̪ dʒ i e ]_w
[_w v a k a ]_w
[_w t̪ r̪ u m u l̪ ]_w
[_w tʃ u t̪ a ]_w
[_w n̪ i m i i ]_w
[_w p l̪ o ɡ u r̪ i ]_w
[_w l̪ i m p i i ]_w
[_w d̪ oa m n̪ e ]_w
[_w i u n̪ i i ]_w
[_w a d̪ a k a ]_w
[_w dʒ e l̪ e ]_w
[_w d̪ oa d̪ ɜ ]_w
[_w f ɜ k u t̪ ]_w
[_w r̪ ea l̪ i d̪ a ]_w
[_w p i b i k u ]_w
[_w o p r̪ i t̪ a ]_w
[_w d̪ i m i t̪ e ]_w
[_w ɨ n̪ t̪ r̪ u l̪ ]_w
[_w u l̪ t̪ e ]_w
[_w m a s̪ u r̪ i l̪ e ]_w
[_w s̪ i d̪ u a t̪ ]_w
[_w b u b l̪ i tʃ i t̪ ]_w
[_w a b a r̪ ]_w
[_w ɡ o n̪ t̪ i n̪ u ]_w
[_w d̪ r̪ e tʃ e ]_w
[_w o r̪ ɡ a ]_w
[_w t̪ f a ]_w
[_w ɨ n̪ d̪ r̪ e ]_w
[_w i t̪ e e ]_w
[_w s̪ o l̪ u t̪ ]_w
[_w d̪ r̪ e i ]_w
[_w a t̪ r̪ i dʒ u ]_w
[_w i m p l̪ e ]_w
[_w e f a ]_w
[_w s̪ u r̪ z̪ e ]_w
[_w ɨ n̪ d̪ o i a l̪ ɜ ]_w
[_w a n̪ ɡ l̪ i a ]_w
[_w i m a tʃ i n̪ ɜ ]_w
[_w f a tʃ e m ]_w
[_w a t̪ a t̪ e l̪ e ]_w
[_w a v e t̪ i r̪ ea ]_w
[_w d̪ e r̪ e ]_w
[_w ɡ ɨ n̪ t̪ u ]_w
[_w a f l̪ u ]_w
[_w k a z̪ ɜ ]_w
[_w r̪ e u ʃ i t̪ ]_w
[_w ɡ o m e r̪ dʒ e m ]_w
[_w tʃ e t̪ a d̪ ea ]_w
[_w d̪ o t̪ d̪ ea u n̪ a ]_w
[_w a r̪ d̪ u r̪ ]_w
[_w ɡ o m u n̪ e i ]_w
[_w p u t̪s i n̪ ɜ ]_w
[_w ɡ a m p a n̪ i ]_w
[_w k u s̪ a d̪ ]_w
[_w d̪ r̪ o k u r̪ i ]_w
[_w d̪ e l̪ t̪ a ]_w
[_w i l̪ i e s̪ k ]_w
[_w o k u b a t̪ ]_w
[_w f i ɡ d̪ o r̪ ]_w
[_w a tʃ e l̪ u i ]_w
[_w k o n̪ d̪ r̪ a r̪ e ]_w
[_w k ɨ n̪ t̪ u t̪ ]_w
[_w n̪ u l̪ ]_w
[_w k o n̪ t̪ ea z̪ ɜ ]_w
[_w b r̪ o f o k a ]_w
[_w d̪ a t̪ i ]_w
[_w s̪ t̪ u t̪ i i l̪ e ]_w
[_w t̪ e m u l̪ t̪ e ]_w
[_w s̪ o l̪ u t̪s i e ]_w
[_w a v l̪ a d̪ e ]_w
[_w ɡ ɜ r̪ t̪s i i ]_w
[_w k a r̪ n̪ e ]_w
[_w m ɨ i n̪ i l̪ e ]_w
[_w m a r̪ i a n̪ a ]_w
[_w p r̪ o p a r̪ ea ]_w
[_w d̪ ɨ r̪ z̪ i u ]_w
[_w k a t̪ r̪ e ]_w
[_w a n̪ i m a l̪ e ]_w
[_w f i e ]_w
[_w s̪ o tʃ a t̪s i a ]_w
[_w t̪ f r̪ ]_w
[_w p o p o r̪ ]_w
[_w a t̪ a k a t̪ ]_w
[_w dʒ i v i k ]_w
[_w k u p r̪ i n̪ t̪ e ]_w
[_w m o r̪ ]_w
[_w l̪ u m i n̪ i ɡ a ]_w
[_w z̪ u b o r̪ d̪ ]_w
[_w p u t̪s i n̪ e ]_w
[_w d̪ o v e s̪ t̪ ea ]_w
[_w n̪ a d̪ u r̪ i ]_w
[_w a p a r̪ i t̪s i a ]_w
[_w p ɜ r̪ b a t̪ i u ]_w
[_w p o l̪ i t̪s i e ]_w
[_w t̪ e s̪ ]_w
[_w r̪ u p t̪ ]_w
[_w p a k a t̪ e ]_w
[_w ʃ e r̪ b a n̪ ]_w
[_w e l̪ e ]_w
[_w a r̪ a f a ]_w
[_w tʃ e n̪ e r̪ a l̪ ɜ ]_w
[_w a z̪ i ]_w
[_w t̪ e a i ]_w
[_w e k s̪ ]_w
[_w d̪ e v i n̪ ]_w
[_w o m u l̪ ]_w
[_w p r̪ e s̪ i n̪ t̪ a ]_w
[_w p r̪ i v e ʃ t̪ e ]_w
[_w k i ʃ i n̪ ]_w
[_w b a r̪ e r̪ e ]_w
[_w ɨ n̪ tʃ e r̪ k a ]_w
[_w p r̪ a ɡ d̪ i tʃ ]_w
[_w a l̪ i m e n̪ t̪ e ]_w
[_w v i r̪ i i ]_w
[_w a ɡ o l̪ o ]_w
[_w k o m m e n̪ d̪ e ]_w
[_w u n̪ u i a ]_w
[_w i ɡ oa n̪ e ]_w
[_w ɡ i b ]_w
[_w v i s̪ i k a ]_w
[_w n̪ e dʒ e s̪ a r̪ ɜ ]_w
[_w e s̪ t̪ e r̪ e ]_w
[_w f u n̪ ɡ d̪ i i ]_w
[_w v e l̪ ]_w
[_w k a n̪ d̪ ]_w
[_w a s̪ t̪ e r̪ n̪ ]_w
[_w s̪ k r̪ i a ]_w
[_w v i i t̪ oa r̪ e ]_w
[_w p ɡ r̪ ]_w
[_w k r̪ e d̪ e d̪ e ]_w
[_w a l̪ d̪ ɜ ]_w
[_w f i r̪ dʒ i l̪ ]_w
[_w d̪ e o s̪ e p i d̪ ]_w
[_w m e d̪ o t̪ e ]_w
[_w d̪ r̪ e b t̪ ]_w
[_w a t̪ a r̪ ]_w
[_w b u tʃ e d̪ u l̪ ]_w
[_w k a r̪ u i a ]_w
[_w k a n̪ d̪ u r̪ i ]_w
[_w k u f ɨ n̪ t̪ ]_w
[_w d̪ e tʃ e t̪ a t̪ ea ]_w
[_w s̪ k ɜ s̪ u t̪ ]_w
[_w o p i tʃ e i ]_w
[_w s̪ k u r̪ s̪ u r̪ i ]_w
[_w p r̪ i m a r̪ i ]_w
[_w v i i n̪ t̪ k a ]_w
[_w a k a s̪ i t̪ ]_w
[_w l̪ e tʃ e r̪ ea ]_w
[_w m i h a e l̪ a ]_w
[_w v a k u t̪ o ]_w
[_w l̪ u m i n̪ i k ɜ ]_w
[_w e v o r̪ t̪ a ]_w
[_w s̪ t̪ a u ]_w
[_w m a n̪ ɡ a ]_w
[_w ɨ n̪ a p o i ]_w
[_w a s̪ t̪ i a ]_w
[_w p u p l̪ i tʃ e ]_w
[_w v r̪ e u ]_w
[_w n̪ i s̪ t̪ r̪ u tʃ e ]_w
[_w s̪ r̪ l̪ ]_w
[_w m a n̪ t̪ a t̪ a ]_w
[_w n̪ ea m t̪s ]_w
[_w s̪ a n̪ dʒ e s̪ ɜ ]_w
[_w d̪ e dʒ e s̪ a r̪ ɜ ]_w
[_w v o d̪ u r̪ i i ]_w
[_w a f e m ]_w
[_w f i r̪ i i ]_w
[_w p r̪ ea ]_w
[_w k a t̪ e ]_w
[_w k o n̪ d̪ a ]_w
[_w f u ɡ a ]_w
[_w o p r̪ i i ]_w
[_w p r̪ e t̪ u z̪ ]_w
[_w b u t̪ e r̪ n̪ e ]_w
[_w dʒ e ea ]_w
[_w b o e t̪ u l̪ ]_w
[_w a u t̪ o m a ]_w
[_w f oa s̪ t̪ r̪ e ]_w
[_w k r̪ e s̪ i ]_w
[_w b r̪ o k u r̪ i ]_w
[_w d̪ i v e r̪ s̪ ]_w
[_w v u n̪ ɡ d̪ i i ]_w
[_w z̪ b e tʃ a l̪ ]_w
[_w k r̪ i d̪ i ]_w
[_w n̪ i v e l̪ e ]_w
[_w u n̪ i k ]_w
[_w p o f e s̪ t̪ ea ]_w
[_w s̪ t̪ a n̪ t̪ a ]_w
[_w k r̪ u b a ]_w
[_w a n̪ t̪ o h i ]_w
[_w a r̪ t̪ ]_w
[_w a z̪ u b r̪ a ]_w
[_w b o l̪ o n̪ i a ]_w
[_w t̪ o m n̪ i e i ]_w
[_w ɡ a n̪ t̪ ]_w
[_w s̪ oa r̪ e ]_w
[_w p a r̪ t̪ i ]_w
[_w ɡ r̪ i s̪ e ]_w
[_w m a i tʃ i i ]_w
[_w z̪ i m i l̪ a ]_w
[_w t̪ r̪ u b u l̪ ]_w
[_w e s̪ t̪ i n̪ ]_w
[_w a t̪ o b t̪ a t̪ ]_w
[_w m a ʒ o r̪ e ]_w
[_w d̪ o m n̪ ]_w
[_w k a d̪ ]_w
[_w v a s̪ a ]_w
[_w u n̪ k u r̪ ea n̪ u ]_w
[_w p a r̪ ɡ ɜ ]_w
[_w d̪ a n̪ i e i ]_w
[_w s̪ o l̪ u d̪ i e ]_w
[_w k a r̪ e l̪ u a t̪ ]_w
[_w r̪ e l̪ a d̪ i n̪ ɜ ]_w
[_w p u t̪ e r̪ n̪ ]_w
[_w dʒ e n̪ t̪ a ]_w
[_w ʃ u d̪ e k a d̪ e ]_w
[_w ɡ a m e r̪ i k a ]_w
[_w p r̪ o b l̪ e m ɜ ]_w
[_w v u tʃ i t̪ ]_w
[_w v r̪ u m oa s̪ e ]_w
[_w l̪ u k r̪ a i n̪ e ]_w
[_w l̪ a p t̪ e ]_w
[_w p r̪ e m i u l̪ ]_w
[_w dʒ e n̪ d̪ ]_w
[_w d̪ i n̪ a ]_w
[_w v a l̪ e r̪ i e ]_w
[_w l̪ u n̪ k ]_w
[_w ɨ n̪ t̪s e l̪ e tʃ e ]_w
[_w t̪ u r̪ u l̪ ]_w
[_w p r̪ i n̪ s̪ ]_w
[_w t̪ u l̪ tʃ e ]_w
[_w f a k u d̪ ]_w
[_w v a p t̪ u l̪ u i ]_w
[_w d̪ e k r̪ a l̪ ]_w
[_w s̪ t̪ ea ]_w
[_w s̪ u f e r̪ n̪ ]_w
[_w s̪ e k t̪ o r̪ ]_w
[_w v e r̪ s̪ ]_w
[_w d̪ r̪ a i n̪ a ]_w
[_w k o n̪ t̪ r̪ a t̪ ]_w
[_w t̪ l̪ u i ]_w
[_w u s̪ a ]_w
[_w ʃ u s̪ t̪ i n̪ ]_w
[_w f i n̪ a l̪ u l̪ ]_w
[_w d̪ i t̪ l̪ u ]_w
[_w l̪ e k ɜ t̪ i t̪ ]_w
[_w l̪ a k r̪ i m i ]_w
[_w i n̪ f i t̪ a d̪ ]_w
[_w p oa l̪ ɜ ]_w
[_w d̪ a d̪ o r̪ i a ]_w
[_w k o b i l̪ u l̪ ]_w
[_w p o l̪ n̪ a f i ]_w
[_w ɡ a p a t̪ a ]_w
[_w t̪s ɜ r̪ i ]_w
[_w m o t̪ i v ]_w
[_w i n̪ ɡ l̪ u d̪ e ]_w
[_w a v i r̪ m e i ]_w
[_w k o t̪s i u ]_w
[_w b ɜ t̪ u d̪ ]_w
[_w f a p t̪ a ]_w
[_w h o d̪ a r̪ e ]_w
[_w f a b r̪ i l̪ e ]_w
[_w k a t̪ a ]_w
[_w a v l̪ u ]_w
[_w f i s̪ i u n̪ ea ]_w
[_w ɨ n̪ dʒ e r̪ ɡ a ]_w
[_w o v e r̪ e ]_w
[_w s̪ e r̪ i o s̪ ]_w
[_w r̪ ea l̪ i s̪ a ]_w
[_w s̪ u k tʃ e s̪ ]_w
[_w a k o ]_w
[_w p i s̪ e r̪ i e ]_w
[_w s̪ k a r̪ ]_w
[_w d̪ e k a t̪ i v ]_w
[_w d̪ r̪ ɜ i m ]_w
[_w f ɜ k u t̪ ɜ ]_w
[_w u n̪ o r̪ ]_w
[_w p r̪ o p u z̪ ]_w
[_w o r̪ k a n̪ i z̪ a ]_w
[_w t̪ e l̪ t̪ a ]_w
[_w b oa t̪ a ]_w
[_w ɡ o n̪ t̪ i a l̪ e ]_w
[_w p l̪ u s̪ ]_w
[_w a l̪ i n̪ a ]_w
[_w t̪ o r̪ i a ]_w
[_w s̪ e m n̪ u l̪ ]_w
[_w a t̪ a t̪ e ]_w
[_w l̪ o k u i t̪ ]_w
[_w a l̪ e dʒ e ]_w
[_w p a r̪ e r̪ ea ]_w
[_w a b e r̪ e ]_w
[_w o r̪ i tʃ i r̪ ea ]_w
[_w i n̪ t̪ i r̪ i l̪ e ]_w
[_w s̪ i b i l̪ a ]_w
[_w k a u z̪ e i ]_w
[_w e m i s̪ i a ]_w
[_w v e t̪s i ]_w
[_w t̪ i v e r̪ i ]_w
[_w r̪ a n̪ t̪ ]_w
[_w i s̪ r̪ a e l̪ ]_w
[_w dʒ e r̪ ]_w
[_w l̪ i p e r̪ a n̪ t̪ ]_w
[_w s̪ p a t̪s i u l̪ ]_w
[_w a l̪ t̪ v e l̪ ]_w
[_w o r̪ t̪ i v e r̪ i ]_w
[_w t̪ e k l̪ a r̪ e ]_w
[_w a dʒ e l̪ o r̪ ]_w
[_w a s̪ a d̪ ]_w
[_w v u k a ]_w
[_w a k t̪ u a l̪ a ]_w
[_w s̪ f i n̪ t̪s a ]_w
[_w p ɜ s̪ t̪ r̪ a t̪ ɜ ]_w
[_w s̪ e tʃ ]_w
[_w tʃ i r̪ k a ]_w
[_w a s̪ p e ɡ d̪ u l̪ ]_w
[_w k u l̪ t̪ a ]_w
[_w r̪ e v e r̪ i r̪ e ]_w
[_w ʒ u r̪ i t̪ i k a ]_w
[_w i l̪ e k a d̪ a ]_w
[_w m ea r̪ ɡ ɜ ]_w
[_w ɡ ɜ r̪ t̪s i ]_w
[_w tʃ e r̪ e r̪ i ]_w
[_w r̪ u s̪ a ]_w
[_w p u n̪ ]_w
[_w b i e l̪ ea ]_w
[_w d̪ o k u m e ]_w
[_w u k r̪ a i n̪ i ]_w
[_w m o r̪ a l̪ e l̪ ]_w
[_w r̪ e p e t̪ e ]_w
[_w i a u ]_w
[_w k o n̪ t̪ ea s̪ a ]_w
[_w r̪ a p o r̪ d̪ u l̪ ]_w
[_w a l̪ a t̪ u l̪ u i ]_w
[_w s̪ t̪ u d̪ e n̪ t̪ ]_w
[_w o v i tʃ a ]_w
[_w f oa m e ]_w
[_w i n̪ dʒ e p e ]_w
[_w v o s̪ t̪ r̪ u ]_w
[_w l̪ i p s̪ i t̪ ]_w
[_w p a k a ]_w
[_w s̪ u s̪ t̪s i n̪ ]_w
[_w a tʃ a s̪ t̪ ɜ s̪ i ]_w
[_w p e r̪ i k a ]_w
[_w e v e n̪ t̪ a t̪ ]_w
[_w t̪ r̪ e tʃ e r̪ i ]_w
[_w p r̪ a k t̪ ]_w
[_w l̪ a z̪ ]_w
[_w m i l̪ i t̪ a ]_w
[_w d̪ e m e ]_w
[_w n̪ o u ]_w
[_w s̪ t̪ u t̪ i u l̪ ]_w
[_w a t̪ a u k a d̪ ]_w
[_w r̪ u s̪ i n̪ e ]_w
[_w p o t̪s i ]_w
[_w ɡ u r̪ a d̪ ]_w
[_w p o n̪ d̪ a ]_w
[_w d̪ ɜ m ]_w
[_w s̪ f a t̪ u r̪ a ]_w
[_w k r̪ e ʃ t̪ e ]_w
[_w k a p ɜ t̪ ]_w
[_w p o e s̪ i e ]_w
[_w i n̪ t̪ r̪ a l̪ e ]_w
[_w z̪ o dʒ a l̪ ɜ ]_w
[_w r̪ e f e n̪ i r̪ ea ]_w
[_w d̪ u z̪ ]_w
[_w v i t̪ e n̪ d̪ ]_w
[_w s̪ t̪ i i n̪ t̪s ɜ ]_w
[_w a v ɨ n̪ t̪ u l̪ ]_w
[_w ɡ u r̪ a ʃ u l̪ ]_w
[_w s̪ t̪ i u n̪ ea ]_w
[_w ʒ oa k a ]_w
[_w p e s̪ t̪ e r̪ n̪ ɜ ]_w
[_w p u n̪ ɡ d̪ ]_w
[_w s̪ i t̪ u a t̪ i ]_w
[_w s̪ k i m p a r̪ ea ]_w
[_w h a i n̪ e ]_w
[_w f a tʃ e d̪ i ]_w
[_w k o n̪ ɡ u r̪ ɜ ]_w
[_w f i e k a r̪ ea ]_w
[_w b a r̪ t̪ i ɡ o l̪ ]_w
[_w a ʒ u d̪ e k a t̪ ]_w
[_w p o k t̪ a n̪ ]_w
[_w ʃ u k a t̪ ]_w
[_w s̪ e n̪ s̪ ]_w
[_w o l̪ e k ]_w
[_w r̪ a m a n̪ t̪ ]_w
[_w p a n̪ i ]_w
[_w f e r̪ i d̪ e ]_w
[_w k a m e r̪ e u ]_w
[_w b i e l̪ e ]_w
[_w s̪ e l̪ a r̪ u ]_w
[_w a ʃ t̪ e r̪ e ]_w
[_w v u n̪ k t̪ i e ]_w
[_w p u d̪ e m ]_w
[_w o k u p ɜ ]_w
[_w e v e k t̪ a ]_w
[_w o l̪ e ɡ ]_w
[_w p o s̪ t̪ a t̪s i a ]_w
[_w v i s̪ i ]_w
[_w tʃ i d̪ a t̪ e n̪ t̪ ]_w
[_w p u n̪ ɡ d̪ e l̪ e ]_w
[_w r̪ o m a n̪ t̪ ]_w
[_w s̪ i n̪ k u r̪ ɜ ]_w
[_w a p u k a t̪ ]_w
[_w i u b i d̪ ]_w
[_w d̪ i n̪ u a ]_w
[_w v r̪ e m ea ]_w
[_w f i k t̪ o r̪ ]_w
[_w i m a dʒ i n̪ a ]_w
[_w m ɨ i n̪ i ]_w
[_w ɨ ʃ i ]_w
[_w o p t̪ i n̪ e s̪ k ]_w
[_w e v e ɡ d̪ i v ]_w
[_w v o r̪ m a l̪ ]_w
[_w d̪ u tʃ e ]_w
[_w a n̪ k l̪ i a ]_w
[_w tʃ e l̪ u l̪ e l̪ e ]_w
[_w d̪ a r̪ i ]_w
[_w s̪ k o r̪ ]_w
[_w v a k tʃ i n̪ ]_w
[_w z̪ i t̪ e r̪ ]_w
[_w ɡ o n̪ t̪s i n̪ e ]_w
[_w k l̪ u p u l̪ ]_w
[_w a ʃ u d̪ o r̪ ]_w
[_w t̪ o t̪ d̪ ea u n̪ a ]_w
[_w d̪ o u ɜ ]_w
[_w s̪ u n̪ a ]_w
[_w tʃ a l̪ a l̪ t̪ ]_w
[_w v e t̪ e m ]_w
[_w l̪ u k r̪ ea s̪ ɜ ]_w
[_w l̪ a n̪ s̪ a t̪ ]_w
[_w a t̪ a u ɡ a ]_w
[_w i n̪ i m ]_w
[_w m o d̪ a ]_w
[_w v o r̪ b i m ]_w
[_w a v i r̪ m ɜ ]_w
[_w s̪ t̪ i i ]_w
[_w d̪ r̪ ea ɡ ɜ ]_w
[_w p a i e ]_w
[_w l̪ i m b a ]_w
[_w i t̪ e i ]_w
[_w a t̪ r̪ i t̪ ]_w
[_w v o r̪ b e ʃ t̪ e ]_w
[_w r̪ a d̪ a ]_w
[_w p u p l̪ i k a ]_w
[_w d̪ r̪ i m i d̪ e ]_w
[_w d̪ r̪ ɜ i n̪ i ]_w
[_w f ɜ tʃ a ]_w
[_w d̪ r̪ a k o ʃ ]_w
[_w p r̪ i f i n̪ t̪ e ]_w
[_w k r̪ i z̪ a ]_w
[_w v ɨ n̪ t̪ u r̪ i ]_w
[_w p e r̪ s̪ o n̪ a ʃ ]_w
[_w r̪ u z̪ i n̪ e ]_w
[_w a ʃ u n̪ tʃ i i ]_w
[_w p r̪ o v o k a ]_w
[_w p ɜ r̪ p a t̪ ]_w
[_w i a n̪ u a l̪ ]_w
[_w i z̪ i ]_w
[_w t̪ r̪ e p a t̪ ]_w
[_w i n̪ v e n̪ t̪ a t̪ ]_w
[_w a d̪ u s̪ ]_w
[_w p a t̪ r̪ u l̪ ]_w
[_w v a l̪ ea ]_w
[_w m i l̪ i t̪ a r̪ ]_w
[_w ɡ u n̪ oa ʃ t̪ e ]_w
[_w m a r̪ t̪s i n̪ e ]_w
[_w o p e r̪ t̪ ]_w
[_w r̪ e f e r̪ a ]_w
[_w t̪ e f i n̪ ɜ ]_w
[_w t̪ u p ɜ ]_w
[_w a ʒ i ]_w
[_w b i n̪ e ]_w
[_w k l̪ a z̪ ]_w
[_w k u p l̪ u ]_w
[_w v r̪ e i i ]_w
[_w t̪ e tʃ i s̪ i a ]_w
[_w i n̪ i m i k ]_w
[_w a t̪ r̪ a z̪ ]_w
[_w t̪ o r̪ i t̪ a ]_w
[_w p r̪ i n̪ t̪ a ]_w
[_w t̪ a r̪ a ]_w
[_w b a p a ]_w
[_w a n̪ s̪ a m b a t̪ ]_w
[_w m e t̪ i tʃ i i ]_w
[_w ɨ n̪ dʒ a r̪ ]_w
[_w p i k ]_w
[_w d̪ e v e n̪ i r̪ ea ]_w
[_w s̪ t̪ i m ]_w
[_w p e r̪ e t̪ ]_w
[_w p o l̪ i t̪ i dʒ e ]_w
[_w d̪ u m n̪ e s̪ e u ]_w
[_w f i n̪ o v a t̪ ]_w
[_w p u tʃ e d̪ ]_w
[_w ɡ ɜ r̪ e i a ]_w
[_w s̪ a n̪ tʃ e r̪ k a ]_w
[_w e t̪ i t̪ u l̪ ]_w
[_w ɨ n̪ t̪ r̪ u n̪ ]_w
[_w ɡ a u d̪ ɜ ]_w
[_w f i u ]_w
[_w k l̪ a s̪ ɜ ]_w
[_w ɡ o n̪ t̪ i t̪s i i ]_w
[_w b l̪ a n̪ u l̪ ]_w
[_w p oa t̪ e ]_w
[_w t̪ r̪ i m i ]_w
[_w t̪ e d̪ i ]_w
[_w ɡ o t̪ u l̪ ]_w
[_w ɡ u m ]_w
[_w l̪ i m p ɜ ]_w
[_w a tʃ e i a ]_w
[_w k u v i n̪ t̪ e r̪ ]_w
[_w f ɜ r̪ ɜ ]_w
[_w m e r̪ k ]_w
[_w i f ɜ n̪ e s̪ k u ]_w
[_w v r̪ a t̪ i o ]_w
[_w f o l̪ u m u l̪ ]_w
[_w s̪ i m t̪s i d̪ ]_w
[_w ɨ n̪ a i n̪ t̪ e ]_w
[_w d̪ o t̪ i i ]_w
[_w e d̪ i t̪ ]_w
[_w f a n̪ t̪ ]_w
[_w v a f oa r̪ ea ]_w
[_w m a ʃ i n̪ i ]_w
[_w p r̪ e l̪ u a t̪ ]_w
[_w v a t̪s ɜ ]_w
[_w ɡ l̪ u ʃ ]_w
[_w k u m p a r̪ ea ]_w
[_w d̪ r̪ i m i i ]_w
[_w a ʃ u d̪ a ]_w
[_w b r̪ o ]_w
[_w v r̪ a t̪s i i ]_w
[_w p r̪ e s̪ i t̪ ]_w
[_w r̪ a s̪ p o i u l̪ ]_w
[_w n̪ e d̪ ]_w
[_w f a l̪ e r̪ i u ]_w
[_w v l̪ o r̪ i ]_w
[_w s̪ a t̪ u l̪ ]_w
[_w t̪ e dʒ a p a ]_w
[_w ɡ oa t̪ a ]_w
[_w v o n̪ d̪ u tʃ e ]_w
[_w s̪ o n̪ ɜ ]_w
[_w d̪ r̪ ea p t̪ ɜ ]_w
[_w u p t̪ a t̪ e ]_w
[_w p ɨ i n̪ e ]_w
[_w a tʃ e s̪ t̪ e i ]_w
[_w b r̪ o tʃ e z̪ u l̪ ]_w
[_w k r̪ i t̪ i ɡ ]_w
[_w p r̪ i m e l̪ e ]_w
[_w b e r̪ i o r̪ ]_w
[_w z̪ a l̪ a r̪ i u ]_w
[_w f a p r̪ i e l̪ a ]_w
[_w m e r̪ s̪ ]_w
[_w r̪ o p e i ]_w
[_w a r̪ e s̪ t̪ e r̪ n̪ ]_w
[_w m o b i l̪ ]_w
[_w t̪ u p a ]_w
[_w b u n̪ k t̪ u l̪ ]_w
[_w a r̪ m a t̪ ]_w
[_w s̪ ɜ l̪ ]_w
[_w n̪ i v e r̪ i n̪ ]_w
[_w d̪ e v i n̪ e ]_w
[_w i n̪ tʃ e p e ]_w
[_w d̪ a d̪ i a ]_w
[_w f r̪ e k v e n̪ t̪ ]_w
[_w a t̪ a m ]_w
[_w o r̪ a ʒ u l̪ u i ]_w
[_w b e r̪ v e k t̪ ]_w
[_w n̪ a t̪ u r̪ i i ]_w
[_w a t̪ ɨ t̪ ]_w
[_w m i e r̪ k u r̪ i ]_w
[_w p r̪ i n̪ t̪ r̪ e ]_w
[_w r̪ u s̪ i a ]_w
[_w a dʒ e l̪ ]_w
[_w d̪ a r̪ e ]_w
[_w l̪ o ɡ ]_w
[_w k ɨ t̪ e v a r̪ ]_w
[_w t̪ oa t̪ e ]_w
[_w s̪ t̪ r̪ a t̪ a ]_w
[_w l̪ o k ]_w
[_w a p l̪ i k a t̪ ]_w
[_w o d̪ e s̪ t̪ i ]_w
[_w s̪ e r̪ dʒ u ]_w
[_w i i l̪ ea ]_w
[_w p u k u r̪ ɜ t̪ e ]_w
[_w s̪ e r̪ a v i ɡ ]_w
[_w a ʒ u n̪ tʃ i i ]_w
[_w p i p l̪ i a ]_w
[_w a b r̪ oa p e ]_w
[_w p e r̪ i oa t̪ ɜ ]_w
[_w f e m e i e ]_w
[_w a s̪ i k u r̪ a t̪ ]_w
[_w o v e r̪ i n̪ ]_w
[_w b r̪ e m i u ]_w
[_w a ʒ a ]_w
[_w a r̪ u n̪ k a r̪ e ]_w
[_w k r̪ i t̪ i ɡ ɜ ]_w
[_w s̪ p o r̪ d̪ u l̪ ]_w
[_w p i l̪ e d̪ ]_w
[_w v i u l̪ u i ]_w
[_w f ɨ r̪ s̪ t̪ ɜ ]_w
[_w t̪ u s̪ ]_w
[_w t̪ e v i n̪ e ]_w
[_w k n̪ a ]_w
[_w a k o r̪ t̪ ]_w
[_w p r̪ i m a r̪ i i ]_w
[_w ʃ t̪ i e ]_w
[_w d̪ u r̪ a ]_w
[_w s̪ o tʃ a t̪ i a ]_w
[_w m u n̪ d̪ e ]_w
[_w n̪ o r̪ o k ]_w
[_w s̪ e m n̪ u l̪ e ]_w
[_w b u p l̪ i k ɜ ]_w
[_w t̪ a r̪ ]_w
[_w o b i n̪ i a ]_w
[_w ɡ u r̪ a t̪ ]_w
[_w e k r̪ a l̪ ]_w
[_w a k a d̪ ]_w
[_w v i n̪ ɜ ]_w
[_w m a n̪ k a ]_w
[_w l̪ u m i i ]_w
[_w o m e n̪ t̪ ]_w
[_w r̪ a t̪ a ]_w
[_w e n̪ e r̪ dʒ i e i ]_w
[_w t̪ e a l̪ ]_w
[_w r̪ e l̪ i tʃ oa s̪ ɜ ]_w
[_w f o l̪ o s̪ ]_w
[_w f r̪ a t̪ e ]_w
[_w i e z̪ e ]_w
[_w l̪ i k a d̪ ]_w
[_w p u p l̪ i k a d̪ ]_w
[_w k r̪ a f a ]_w
[_w t̪ a k s̪ e ]_w
[_w k r̪ u p u l̪ ]_w
[_w r̪ ea l̪ e ]_w
[_w b r̪ ea ]_w
[_w r̪ e tʃ u n̪ i ]_w
[_w r̪ a n̪ t̪ a ]_w
[_w p u t̪ e r̪ i ]_w
[_w a k r̪ i ɡ o r̪ e ]_w
[_w k a l̪ e ]_w
[_w i n̪ d̪ r̪ o ]_w
[_w r̪ u k ɜ m ]_w
[_w b r̪ oa s̪ t̪ a ]_w
[_w ɡ u m b a r̪ ea ]_w
[_w k o n̪ d̪ u l̪ ]_w
[_w d̪ a n̪ i e ]_w
[_w b r̪ o b a ]_w
[_w n̪ u m e n̪ t̪ ]_w
[_w s̪ p i t̪ a l̪ u l̪ ]_w
[_w d̪ a t̪ o r̪ i tʃ e ]_w
[_w e v e k t̪ i v ]_w
[_w k i s̪ i n̪ a ]_w
[_w r̪ ɜ z̪ b u n̪ t̪ e ]_w
[_w p ɜ t̪ u d̪ ]_w
[_w s̪ a l̪ a r̪ i u s̪ ]_w
[_w o k u b a d̪ ]_w
[_w a n̪ u m i t̪ ɜ ]_w
[_w i s̪ t̪ o s̪ ]_w
[_w a k u m ]_w
[_w a v r̪ i k a ]_w
[_w e k s̪ t̪ e ]_w
[_w b ɜ r̪ b a d̪ ]_w
[_w ʒ a n̪ ]_w
[_w a i p a ]_w
[_w e f o r̪ t̪ a r̪ e ]_w
[_w p r̪ e s̪ i a ]_w
[_w o f e r̪ t̪ e ]_w
[_w k u r̪ ɨ n̪ t̪ u t̪ ]_w
[_w t̪ r̪ e s̪ i n̪ t̪ ɜ ]_w
[_w b e t̪ ea p s̪ a ]_w
[_w r̪ ɜ u l̪ ]_w
[_w d̪ a r̪ ]_w
[_w d̪ e z̪ e m n̪ a t̪ ]_w
[_w r̪ a s̪ p u n̪ d̪ ]_w
[_w r̪ e u s̪ i t̪ ]_w
[_w t̪ e tʃ i s̪ i e i ]_w
[_w d̪ r̪ a i n̪ e i ]_w
[_w k l̪ o r̪ i l̪ e ]_w
[_w p a n̪ t̪ ]_w
[_w d̪ u p l̪ u ]_w
[_w s̪ k i m p e ]_w
[_w d̪ u k ]_w
[_w p l̪ a n̪ u l̪ ]_w
[_w p a n̪ i e i ]_w
[_w d̪ e v e n̪ i ]_w
[_w k u l̪ t̪ a t̪ ]_w
[_w m i n̪ u n̪ i ]_w
[_w f o s̪ t̪ a d̪ u d̪ ]_w
[_w i n̪ tʃ e b e ]_w
[_w a s̪ u m a d̪ ]_w
[_w a l̪ b ]_w
[_w n̪ o u a ]_w
[_w k a u d̪ e ]_w
[_w s̪ k a n̪ d̪ ]_w
[_w i i s̪ u z̪ ]_w
[_w r̪ o m a n̪ i e i ]_w
[_w d̪ r̪ ɜ i e s̪ k ]_w
[_w ɨ n̪ t̪ ɨ m b l̪ a ]_w
[_w k a l̪ i t̪ a ]_w
[_w v e s̪ t̪ ea ]_w
[_w m u l̪ t̪ e ]_w
[_w ɡ r̪ i p e i ]_w
[_w v i k t̪ o r̪ u l̪ ]_w
[_w dʒ i t̪ i t̪ e ]_w
[_w p u r̪ ]_w
[_w k a r̪ u i ]_w
[_w ʃ u r̪ n̪ a l̪ u l̪ ]_w
[_w u n̪ i ɡ a ]_w
[_w d̪ r̪ e p a t̪ ]_w
[_w b e n̪ s̪ i e ]_w
[_w k r̪ a d̪ e l̪ e ]_w
[_w a tʃ e l̪ a ]_w
[_w p o v e s̪ i ]_w
[_w p a dʒ i n̪ ea ]_w
[_w ɡ a p a p i l̪ ]_w
[_w d̪ ea s̪ u b r̪ a ]_w
[_w a t̪ f e r̪ s̪ e ]_w
[_w u n̪ ɡ u l̪ ]_w
[_w r̪ o m ɨ n̪ i a ]_w
[_w a t̪ r̪ e s̪ a t̪ ]_w
[_w k l̪ a u t̪ i o ]_w
[_w t̪ e ɡ ɨ t̪ ]_w
[_w f a ɡ u t̪ ]_w
[_w ʃ u r̪ n̪ a l̪ ]_w
[_w k ɜ s̪ e s̪ k u ]_w
[_w p r̪ o t̪ e s̪ ]_w
[_w l̪ e k a r̪ ea ]_w
[_w d̪ ɨ r̪ k u ]_w
[_w ɡ r̪ e d̪ a ]_w
[_w a ʃ i ]_w
[_w u r̪ b a n̪ ]_w
[_w f u r̪ a d̪ ]_w
[_w a p l̪ i k a ]_w
[_w s̪ t̪ a ]_w
[_w u n̪ i v e l̪ ]_w
[_w a d̪ e v ɜ r̪ ]_w
[_w k u v i n̪ e ]_w
[_w a ɡ o r̪ d̪ a ]_w
[_w b l̪ o k a l̪ ]_w
[_w v r̪ a t̪ i n̪ ɜ ]_w
[_w l̪ a s̪ z̪ l̪ o ]_w
[_w a ʃ a d̪ ]_w
[_w l̪ i b e r̪ a l̪ e ]_w
[_w k l̪ u b ]_w
[_w k u m b e r̪ e ]_w
[_w m i n̪ i m ɜ ]_w
[_w s̪ k ɜ z̪ u t̪ ]_w
[_w p o p a ]_w
[_w a t̪ a ɡ ]_w
[_w n̪ u m i t̪ e ]_w
[_w tʃ e s̪ a r̪ ]_w
[_w f r̪ e o t̪ a d̪ a ]_w
[_w d̪ r̪ a t̪ ]_w
[_w d̪ e v e n̪ i d̪ ]_w
[_w u l̪ t̪ i ]_w
[_w b l̪ ɜ k u t̪ ]_w
[_w a tʃ e ea ʃ i ]_w
[_w b o z̪ i t̪s i a ]_w
[_w i n̪ a l̪ a ]_w
[_w l̪ i m b e d̪ e ]_w
[_w v o r̪ m a d̪ e i ]_w
[_w n̪ a t̪ u r̪ a ]_w
[_w s̪ ɨ n̪ tʃ e ]_w
[_w v i e t̪s i i ]_w
[_w d̪ e l̪ e ]_w
[_w s̪ t̪ e l̪ e ]_w
[_w t̪ o r̪ i ]_w
[_w f ɜ k ɨ n̪ t̪ u ]_w
[_w b u n̪ ɜ ]_w
[_w d̪ i s̪ k u t̪ i e ]_w
[_w ʃ u m a t̪ ]_w
[_w i s̪ t̪ o r̪ i t̪ ɜ ]_w
[_w l̪ u n̪ ɜ ]_w
[_w d̪ e k ]_w
[_w o k a s̪ i a ]_w
[_w m o n̪ t̪ a ]_w
[_w r̪ o m ɨ n̪ i ]_w
[_w a n̪ tʃ e ]_w
[_w s̪ p a t̪ e l̪ e ]_w
[_w z̪ v ɨ r̪ ʃ i t̪ ]_w
[_w k a s̪ t̪ i a ]_w
[_w u r̪ ɡ a t̪ ]_w
[_w d̪ o k m a i ]_w
[_w v r̪ e o d̪ a d̪ a ]_w
[_w p o s̪ t̪ a ]_w
[_w u i t̪ ]_w
[_w l̪ o r̪ ]_w
[_w k ɨ t̪ e v a ]_w
[_w m e t̪ i dʒ ]_w
[_w p r̪ a k t̪ i tʃ ]_w
[_w t̪ r̪ a i n̪ i ]_w
[_w b u s̪ ɜ ]_w
[_w l̪ a r̪ ɡ ]_w
[_w d̪ e s̪ e o r̪ i a ]_w
[_w k r̪ a f ]_w
[_w a t̪ i n̪ s̪ ]_w
[_w t̪ i b u r̪ i l̪ e ]_w
[_w m o s̪ k o p ]_w
[_w d̪ i f e r̪ i t̪ ɜ ]_w
[_w r̪ e l̪ a d̪ i i ]_w
[_w a s̪ t̪ i k a t̪ ]_w
[_w p a k a u ]_w
[_w d̪ o s̪ a r̪ u l̪ ]_w
[_w v e m e i ]_w
[_w r̪ e d̪ r̪ a z̪ ]_w
[_w f o t̪ ]_w
[_w p o s̪ t̪ u l̪ ]_w
[_w p a m a ]_w
[_w l̪ e k u m e ]_w
[_w u n̪ i d̪ a d̪ e ]_w
[_w a f i r̪ m e ]_w
[_w r̪ o m ɨ n̪ i e i ]_w
[_w s̪ u r̪ s̪ a ]_w
[_w a v a n̪ d̪ u r̪ i ]_w
[_w d̪ oa t̪ a ]_w
[_w v a k ]_w
[_w e v e n̪ d̪ ]_w
[_w o p l̪ i k a t̪ ]_w
[_w d̪ o t̪ u ʒ i ]_w
[_w r̪ e ɡ l̪ a m a ]_w
[_w p r̪ o v i t̪ i u ]_w
[_w p a d̪ e ]_w
[_w n̪ o s̪ t̪ r̪ u ]_w
[_w k o n̪ t̪ i n̪ u ɜ ]_w
[_w t̪ o m n̪ ]_w
[_w u r̪ m ɜ r̪ i t̪ ]_w
[_w b r̪ e z̪ i d̪ ]_w
[_w m o r̪ t̪s i i ]_w
[_w k r̪ u tʃ a ]_w
[_w s̪ p a t̪s i ]_w
[_w ɡ a n̪ tʃ e l̪ a ]_w
[_w s̪ e r̪ f a t̪ ]_w
[_w r̪ e tʃ i m ]_w
[_w v u n̪ t̪ a t̪s i ]_w
[_w s̪ i s̪ t̪ a ]_w
[_w f r̪ i ɡ a ]_w
[_w s̪ o d̪ i a ]_w
[_w p i l̪ t̪ a ]_w
[_w f o r̪ o n̪ i n̪ ]_w
[_w s̪ f e r̪ a t̪ ]_w
[_w r̪ ea l̪ i s̪ a d̪ ]_w
[_w k a b a p i l̪ ]_w
[_w n̪ u m e ʃ t̪ e ]_w
[_w l̪ i t̪ u r̪ k i e ]_w
[_w p o e t̪ u l̪ u i ]_w
[_w p a n̪ d̪ u r̪ i ]_w
[_w b a t̪ e ]_w
[_w s̪ i n̪ e s̪ k u ]_w
[_w r̪ ea l̪ i t̪ a d̪ ]_w
[_w s̪ e ɡ s̪ u a l̪ a ]_w
[_w n̪ ea p a r̪ a t̪ ]_w
[_w k u r̪ e ]_w
[_w p r̪ a s̪ o v ]_w
[_w s̪ o l̪ a r̪ e ]_w
[_w h o d̪ a r̪ a r̪ ea ]_w
[_w s̪ o v i e t̪ i i ]_w
[_w a t̪ u z̪ e ]_w
[_w v o n̪ t̪ u l̪ ]_w
[_w p a dʒ e ]_w
[_w k a n̪ a d̪ a ]_w
[_w r̪ e tʃ i i ]_w
[_w k a u t̪ e ]_w
[_w v u n̪ k t̪ i a ]_w
[_w b r̪ i m u l̪ u i ]_w
[_w m o t̪ i v e l̪ ]_w
[_w tʃ e v a ]_w
[_w v a p t̪ a ]_w
[_w n̪ ea p ɜ r̪ a r̪ ea ]_w
[_w s̪ h a r̪ e ]_w
[_w f o r̪ b i n̪ t̪ e ]_w
[_w a t̪ a d̪ ea ]_w
[_w p r̪ e ɡ a ]_w
[_w b l̪ o k ]_w
[_w t̪ r̪ u p ]_w
[_w p a r̪ i n̪ t̪ e ]_w
[_w a m b e l̪ e ]_w
[_w k r̪ e e s̪ e ]_w
[_w d̪ e b u n̪ e m ]_w
[_w s̪ i m p l̪ e ]_w
[_w k a n̪ t̪ i t̪ i ]_w
[_w oa r̪ e ɡ u t̪ a ]_w
[_w dʒ e v a ]_w
[_w a r̪ t̪ e ]_w
[_w d̪ a d̪ i ]_w
[_w z̪ b u s̪ e ]_w
[_w n̪ i m e n̪ i ]_w
[_w a k o r̪ d̪ a ]_w
[_w r̪ a m a n̪ t̪ u t̪ ]_w
[_w f e s̪ i ]_w
[_w v u n̪ k t̪s i a ]_w
[_w p a r̪ i n̪ a ]_w
[_w r̪ a s̪ p u n̪ s̪ ]_w
[_w v i s̪ i t̪ a d̪ ]_w
[_w d̪ r̪ ɜ i ]_w
[_w n̪ e k a t̪ ]_w
[_w t̪ r̪ a i e s̪ t̪ e ]_w
[_w r̪ ɜ m ɨ n̪ e ]_w
[_w r̪ e dʒ e n̪ t̪ a ]_w
[_w a f i ʃ ɜ r̪ i ]_w
[_w p i e r̪ t̪ u d̪ ]_w
[_w p i a t̪s ɜ ]_w
[_w ɡ o m u n̪ i s̪ m ]_w
[_w p i s̪ e r̪ i k ɜ ]_w
[_w t̪ a n̪ i k ]_w
[_w f o t̪ a t̪ ɜ ]_w
[_w a t̪ u s̪ ]_w
[_w e d̪ u ɡ a t̪ i e ]_w
[_w v i t̪ e n̪ t̪ i ]_w
[_w m ɨ i n̪ e ]_w
[_w o r̪ e l̪ ]_w
[_w n̪ a t̪ u r̪ a l̪ ]_w
[_w s̪ e k t̪ o r̪ i e ]_w
[_w o k i i ]_w
[_w p r̪ o d̪ e s̪ ]_w
[_w tʃ i d̪ i ]_w
[_w a k t̪ e r̪ ]_w
[_w i v ɜ n̪ e s̪ k ]_w
[_w tʃ e n̪ t̪ r̪ u n̪ ]_w
[_w f i a t̪ a ]_w
[_w o p s̪ e r̪ v i u ]_w
[_w t̪ e z̪ b r̪ e ]_w
[_w r̪ e tʃ e r̪ e r̪ e ]_w
[_w d̪ i m i n̪ ea t̪s a ]_w
[_w r̪ e d̪ u dʒ e r̪ ea ]_w
[_w u n̪ ɡ u r̪ ]_w
[_w a ʃ u t̪ o r̪ u l̪ ]_w
[_w v a b t̪ e ]_w
[_w i n̪ s̪ t̪ a t̪ ]_w
[_w s̪ e z̪ o n̪ u l̪ ]_w
[_w p a dʒ i n̪ i ]_w
[_w a v r̪ i k ]_w
[_w d̪ r̪ e k u l̪ i ]_w
[_w tʃ i p r̪ i a ]_w
[_w e n̪ ɡ l̪ e z̪ a ]_w
[_w k o ɡ a ]_w
[_w tʃ e r̪ e r̪ e ]_w
[_w f a r̪ ɜ ]_w
[_w ɡ a f ea ]_w
[_w o t̪ e s̪ ]_w
[_w o k a s̪ i n̪ ]_w
[_w m ɨ n̪ ɜ ]_w
[_w a k o r̪ t̪ a d̪ ]_w
[_w e m i s̪ i e i ]_w
[_w a v a n̪ t̪ u l̪ ]_w
[_w m e l̪ e ]_w
[_w n̪ i ɡ i t̪ a ]_w
[_w r̪ o z̪ u ]_w
[_w s̪ a s̪ e ]_w
[_w b o l̪ u a r̪ e ]_w
[_w l̪ e dʒ e r̪ ea ]_w
[_w n̪ i tʃ o d̪ a t̪ ɜ ]_w
[_w b a k e d̪ ]_w
[_w l̪ o ɡ u l̪ ]_w
[_w a t̪ o p t̪ a t̪ e ]_w
[_w z̪ i n̪ k u r̪ ]_w
[_w z̪ a t̪ u l̪ ]_w
[_w m e n̪ t̪s i ]_w
[_w k ɨ n̪ t̪ u l̪ ]_w
[_w o k u b ɜ ]_w
[_w s̪ e n̪ a t̪ o r̪ ]_w
[_w v o i n̪ t̪s a ]_w
[_w f i s̪ i ɡ ]_w
[_w f o l̪ u m ]_w
[_w p r̪ i v i t̪ ]_w
[_w k a u t̪ a r̪ e ]_w
[_w a u t̪ o r̪ i ]_w
[_w f i a t̪s a ]_w
[_w k ɜ r̪ o r̪ a ]_w
[_w a t̪ h o s̪ ]_w
[_w r̪ e tʃ e n̪ i i ]_w
[_w p oa d̪ a ]_w
[_w s̪ ɜ n̪ ɜ t̪ a t̪ e ]_w
[_w e m i z̪ i i ]_w
[_w f a k t̪ o r̪ ]_w
[_w dʒ i t̪ a d̪ ]_w
[_w ʒ i a u ]_w
[_w u n̪ ɡ a r̪ e ]_w
[_w s̪ u e d̪ i a ]_w
[_w m a k a r̪ ɜ ]_w
[_w t̪ e l̪ e ]_w
[_w r̪ e s̪ p i n̪ s̪ ]_w
[_w b a tʃ e ]_w
[_w k r̪ a t̪ u i t̪ ]_w
[_w dʒ i t̪ e ʃ t̪ i ]_w
[_w d̪ r̪ a i n̪ e ]_w
[_w i n̪ i m i i ]_w
[_w a k tʃ e p t̪ a t̪ ]_w
[_w d̪ v a ]_w
[_w d̪ e tʃ e n̪ i i ]_w
[_w m a t̪ e r̪ i ]_w
[_w s̪ t̪ a n̪ t̪ ]_w
[_w d̪ e r̪ m e n̪ i ]_w
[_w tʃ e n̪ t̪ ]_w
[_w p ɜ r̪ t̪s i ]_w
[_w s̪ u p o r̪ t̪ ]_w
[_w n̪ e v o i a ]_w
[_w f ɜ s̪ u t̪ ]_w
[_w f r̪ i k ɜ ]_w
[_w v o t̪ u l̪ ]_w
[_w t̪ o b u l̪ ]_w
[_w ɡ o p i i l̪ o r̪ ]_w
[_w a n̪ o n̪ i m ]_w
[_w l̪ u n̪ ɡ a ]_w
[_w a ʃ a ]_w
[_w n̪ ea k r̪ ɜ ]_w
[_w f e n̪ o m e n̪ ]_w
[_w s̪ k r̪ i s̪ oa r̪ a ]_w
[_w f i n̪ a l̪ d̪ ]_w
[_w tʃ i b r̪ i a ]_w
[_w t̪ r̪ a i e s̪ k ]_w
[_w ʃ u t̪ i tʃ a r̪ e ]_w
[_w l̪ a s̪ ]_w
[_w d̪ e b u n̪ ]_w
[_w s̪ a r̪ e ]_w
[_w s̪ u p i e ɡ d̪ e ]_w
[_w v e d̪ e d̪ i ]_w
[_w a t̪s i ]_w
[_w l̪ a n̪ k a ]_w
[_w l̪ o k a l̪ a ]_w
[_w p r̪ e t̪ a ]_w
[_w s̪ e r̪ i k a ]_w
[_w a l̪ e tʃ e r̪ e ]_w
[_w dʒ e i ]_w
[_w a z̪ i k u r̪ ]_w
[_w t̪ o t̪ a t̪ a ]_w
[_w l̪ o n̪ d̪ r̪ a ]_w
[_w tʃ e n̪ t̪ a t̪ ]_w
[_w s̪ i m p l̪ a ]_w
[_w e m i z̪ ]_w
[_w p a i ]_w
[_w i u s̪ t̪ i n̪ u t̪ ]_w
[_w m o n̪ u m e ]_w
[_w r̪ e f o r̪ t̪ a ]_w
[_w k o r̪ k e ]_w
[_w s̪ e r̪ v i tʃ u l̪ ]_w
[_w k l̪ u p ]_w
[_w a v a tʃ e r̪ e ]_w
[_w p r̪ e k a r̪ e i ]_w
[_w k r̪ e s̪ i d̪ ]_w
[_w p u t̪ ea ]_w
[_w v a d̪ a ]_w
[_w ɡ u v a n̪ t̪ ]_w
[_w f o l̪ o s̪ i t̪ ]_w
[_w l̪ u tʃ a n̪ ]_w
[_w e f i t̪ a ]_w
[_w t̪ o i n̪ a ]_w
[_w k l̪ u p u l̪ u i ]_w
[_w a d̪ e v a r̪ u l̪ ]_w
[_w t̪ o t̪ u l̪ ]_w
[_w t̪ ɨ n̪ s̪ u ʃ i ]_w
[_w v r̪ a d̪ e l̪ e ]_w
[_w s̪ u n̪ d̪ e m ]_w
[_w m u s̪ i ɡ ɜ ]_w
[_w p e d̪ ea p s̪ a ]_w
[_w p a r̪ i n̪ ]_w
[_w ɨ n̪ tʃ a r̪ k a t̪ ]_w
[_w k l̪ a s̪ e i ]_w
[_w u n̪ i u n̪ i ]_w
[_w s̪ k u r̪ s̪ ]_w
[_w n̪ e t̪ ]_w
[_w l̪ a t̪ i n̪ s̪ ]_w
[_w s̪ e r̪ tʃ u ]_w
[_w m e d̪ i u l̪ ]_w
[_w tʃ i t̪ i t̪ e ]_w
[_w oa r̪ a ]_w
[_w p r̪ a v ]_w
[_w r̪ e v e r̪ ]_w
[_w t̪ e f i n̪ e ]_w
[_w d̪ i s̪ k u d̪ ]_w
[_w t̪ o p ]_w
[_w ɡ i ʃ i n̪ ɜ u ]_w
[_w v e r̪ d̪ e r̪ ea ]_w
[_w r̪ ea l̪ i z̪ a t̪ ]_w
[_w f a r̪ s̪ t̪ a ]_w
[_w t̪s u t̪s ea ]_w
[_w m o l̪ t̪ o v a t̪ ]_w
[_w f a l̪ oa r̪ e ]_w
[_w ʒ u r̪ i d̪ i k a ]_w
[_w t̪ u h ]_w
[_w e u r̪ o b a ]_w
[_w m i l̪ i oa n̪ e ]_w
[_w n̪ e tʃ e s̪ a r̪ ]_w
[_w a n̪ u m i d̪ ]_w
[_w k r̪ i m e l̪ e ]_w
[_w v a m ]_w
[_w m a r̪ i n̪ a ]_w
[_w e u r̪ o p ea n̪ ɜ ]_w
[_w m e t̪ i u l̪ ]_w
[_w l̪ i m p a ]_w
[_w f a t̪ a ]_w
[_w a l̪ t̪ i ]_w
[_w t̪ i v e r̪ s̪ i s̪ ]_w
[_w f i s̪ i k a ]_w
[_w m o r̪ t̪ ]_w
[_w t̪ ɜ r̪ i dʒ a n̪ u ]_w
[_w v u n̪ k t̪ ]_w
[_w d̪ u b a ]_w
[_w v u r̪ a t̪ ]_w
[_w d̪ e n̪ u m i r̪ ea ]_w
[_w k r̪ e v a s̪ u t̪ ]_w
[_w n̪ oa s̪ t̪ e ]_w
[_w t̪ r̪ u b e l̪ e ]_w
[_w o r̪ k a n̪ i s̪ a ]_w
[_w s̪ e v e r̪ ɜ ]_w
[_w n̪ u m e s̪ k ]_w
[_w a tʃ e l̪ ]_w
[_w s̪ e k s̪ u a l̪ e ]_w
[_w e d̪ i t̪ u l̪ ]_w
[_w p i e r̪ d̪ a r̪ ea ]_w
[_w p e k a l̪ ]_w
[_w e k s̪ t̪ ]_w
[_w i n̪ s̪ t̪ a n̪ t̪s ɜ ]_w
[_w a v l̪ a t̪s i e ]_w
[_w e l̪ i d̪ a t̪ ea ]_w
[_w s̪ a l̪ a r̪ i u l̪ ]_w
[_w b u b l̪ i k a ]_w
[_w s̪ k a n̪ d̪ a ]_w
[_w z̪ e p a r̪ t̪ i e ]_w
[_w k o l̪ ]_w
[_w k o m b a n̪ i i ]_w
[_w a k u z̪ a t̪ ]_w
[_w s̪ e k r̪ e d̪ i ]_w
[_w ɡ l̪ a u t̪ i u ]_w
[_w f o t̪ a t̪ a ]_w
[_w n̪ i m e n̪ t̪ ]_w
[_w ɡ r̪ ea ]_w
[_w d̪ o r̪ i e ]_w
[_w a ɡ dʒ e d̪ ]_w
[_w t̪ o r̪ e s̪ k u ]_w
[_w ɡ o n̪ d̪ r̪ a r̪ ea ]_w
[_w o r̪ i tʃ i n̪ a ]_w
[_w m u l̪ d̪ i m a ]_w
[_w a s̪ k u n̪ t̪ e ]_w
[_w s̪ u r̪ z̪ a ]_w
[_w u m a n̪ e ]_w
[_w o p i n̪ i i ]_w
[_w f a k tʃ i n̪ u l̪ ]_w
[_w t̪ i b u r̪ i ]_w
[_w tʃ e t̪ ɜ t̪s ea n̪ ]_w
[_w u m a n̪ ]_w
[_w v o r̪ m ɜ ]_w
[_w o k tʃ i t̪ e s̪ t̪ ]_w
[_w p u t̪ e d̪ u l̪ ]_w
[_w r̪ o m ɨ n̪ ]_w
[_w d̪ u p a ]_w
[_w s̪ t̪ r̪ a i a n̪ ]_w
[_w e k i b e i ]_w
[_w ʒ ea n̪ ]_w
[_w v oa s̪ t̪ r̪ a t̪ ]_w
[_w b oa t̪ e ]_w
[_w ɨ n̪ t̪s e l̪ e ]_w
[_w ʒ u m a t̪ a ]_w
[_w a i p ɜ ]_w
[_w n̪ e f o i e ]_w
[_w e k s̪ i s̪ t̪ ɜ ]_w
[_w p a k e t̪ ]_w
[_w f a k tʃ i n̪ ]_w
[_w ʃ u k a ]_w
[_w tʃ e l̪ o r̪ ]_w
[_w p o l̪ n̪ a v i ]_w
[_w k r̪ a t̪ e ]_w
[_w z̪ ɜ t̪s i ]_w
[_w d̪ i m i r̪ ]_w
[_w f l̪ a t̪ i t̪ ]_w
[_w ɡ o r̪ ɡ e ]_w
[_w m o d̪ e l̪ ]_w
[_w t̪s i n̪ e ]_w
[_w l̪ i d̪ e r̪ u l̪ ]_w
[_w p o l̪ n̪ a v ]_w
[_w d̪ o v a ]_w
[_w t̪ r̪ e k u m ]_w
[_w p u b l̪ i k a t̪ ]_w
[_w k l̪ a s̪ i k u r̪ ]_w
[_w k o r̪ n̪ e l̪ ]_w
[_w i n̪ d̪ i i ]_w
[_w r̪ e v i n̪ e ]_w
[_w d̪ r̪ ea ɡ a ]_w
[_w u k r̪ a t̪ e ]_w
[_w l̪ o k u r̪ i e ]_w
[_w l̪ u ɡ r̪ u ]_w
