[_w ɸ o m o f i h i ]_w
[_w ɸ o n ɑ t o ]_w
[_w j ɑ f ɑ ʔ ɑ ]_w
[_w e p e s i n ɑ ]_w
[_w k e h e ɭ i s e ]_w
[_w n o ɭ u n e ]_w
[_w ɭ ɑ t ɑ ]_w
[_w h e ɭ e k e ]_w
[_w j ɑ f ɑ ɭ o ]_w
[_w h u t o ]_w
[_w n i ʔ i n ɑ ]_w
[_w e t ɑ ɭ i ɸ e ]_w
[_w k o j ɑ p ɑ ]_w
[_w ɭ o ɣ o ]_w
[_w k i ʔ ɑ f i ]_w
[_w j ɑ n ɑ ]_w
[_w n o ɸ e s i ɣ o ]_w
[_w k ɑ t ɑ ʔ ɑ n i ]_w
[_w k o ʔ i ]_w
[_w k ɑ i t o ɣ o ]_w
[_w e n e h ɑ ɸ e ]_w
[_w n e s i ʔ ɑ ]_w
[_w m u ɭ i ʔ i ]_w
[_w ɭ u ɣ ɑ ʔ ɑ ]_w
[_w h o ɭ o t o ]_w
[_w m e t i ɭ ɑ ɸ e ]_w
[_w k o f i ]_w
[_w h i ɸ ɑ ]_w
[_w h e p ɑ t o t i ]_w
[_w s i t e ]_w
[_w ɭ e n e ɣ e t e ]_w
[_w n o ɸ u n e ]_w
[_w n i n ɑ ʔ ɑ ]_w
[_w ɭ o e ɣ i ]_w
[_w ɑ n ɑ ʔ n i ]_w
[_w ɭ e n i f i s ɑ ]_w
[_w ɣ o j ɑ ʔ ɑ ]_w
[_w ɭ i ɭ e t e ]_w
[_w f e f e ]_w
[_w o k ɑ ɸ ɑ ʔ ɑ ]_w
[_w n e ɣ e n o ɣ o ]_w
[_w f u ɭ u ɣ u ]_w
[_w h e p i ɭ i n ɑ ]_w
[_w s u k u ɭ u ɭ u ]_w
[_w ɸ u ʔ i ]_w
[_w n o h u n ɑ ]_w
[_w o ɭ i ɸ ɑ ]_w
[_w n o h i n ɑ n ɑ ]_w
[_w s ɑ h i ]_w
[_w ɭ i ɣ i ɸ o ]_w
[_w n e ɸ i t i u ]_w
[_w ɭ u ɸ ɑ h ɑ t ɑ ]_w
[_w k ɑ m ɑ n i ]_w
[_w s i ɸ i ]_w
[_w n o h u ɣ o ]_w
[_w k o m o p ɑ ɣ u ]_w
[_w m i n ɑ ɭ u p i ]_w
[_w n e ɸ e ]_w
[_w k u ɸ u t o ]_w
[_w e n e k e s u ]_w
[_w k o f i t o ]_w
[_w n e t ɑ ɭ i ɸ e ]_w
[_w ɑ t ɑ h i ]_w
[_w ɑ h e ʔ m i ]_w
[_w ɸ i ɭ ɑ ɣ o ]_w
[_w h i n ɑ ]_w
[_w e n ɑ ɭ i ʔ i ]_w
[_w ɣ u n ɑ ]_w
[_w h u k ɑ ]_w
[_w n u ɸ u j ɑ ]_w
[_w k i ʔ ɑ f u ]_w
[_w ɑ n ɑ ɭ o ʔ i ]_w
[_w k ɑ i t o ɣ ɑ ]_w
[_w k u p ɑ ʔ ɑ ɭ o ]_w
[_w ɭ e p i n ɑ ʔ ɑ ]_w
[_w t i ʔ e h i ɣ o ]_w
[_w ɭ e ʔ m o ]_w
[_w m e ʔ i ]_w
[_w p u t u ]_w
[_w n i ʔ i ɸ e ]_w
[_w k e h e ɭ i ɣ o ]_w
[_w ɣ o ʔ o h u n e ]_w
[_w s i p i ]_w
[_w n e ɭ ɑ ]_w
[_w h e p ɑ ʔ i ]_w
[_w ɭ ɑ p ɑ ]_w
[_w h e t o f ɑ n ɑ ]_w
[_w h ɑ n ɑ ]_w
[_w i ʔ o h u ɸ e ]_w
[_w n u ɣ u k o ]_w
[_w k ɑ ʔ i ]_w
[_w ɑ ɣ e ɭ o ]_w
[_w k ɑ s i ɣ o ]_w
[_w e ɸ ɑ h i ]_w
[_w ɭ i ɭ o t o ]_w
[_w ɸ o m o f i t o ]_w
[_w n o ɭ u n ɑ ]_w
[_w ɸ i ɭ e n o ɣ o ]_w
[_w ɭ ɑ m ɑ n i ]_w
[_w f ɑ t o ʔ i ]_w
[_w m o ɭ o ɸ ɑ ]_w
[_w ɣ ɑ ɭ o ]_w
[_w k e ɣ i ʔ ɑ ]_w
[_w s o s e ʔ n ɑ ]_w
[_w m e m i n ɑ n ɑ ]_w
[_w ɣ u f i ]_w
[_w m e ɭ i ɭ u n e ]_w
[_w k ɑ ʔ ɑ s i ]_w
[_w j ɑ f ɑ n ɑ ]_w
[_w n ɑ ɭ ɑ n e ]_w
[_w ɭ o e m o ]_w
[_w t u m ɑ ʔ i ]_w
[_w k ɑ n ɑ ʔ m ɑ ]_w
[_w m o n e t o ]_w
[_w i f o ʔ ɑ ɣ i ]_w
[_w i f o ɣ ɑ t i ]_w
[_w h i ɭ ɑ n e ]_w
[_w ɭ i t o ɣ o ]_w
[_w j u p ɑ p o ]_w
[_w n o t u ɸ e ]_w
[_w ɸ o ʔ ɑ m u ]_w
[_w n o k ɑ ɣ o ]_w
[_w ɭ e ɣ e j ɑ ʔ ɑ ]_w
[_w ɭ ɑ ɭ u ʔ i ɸ e ]_w
[_w ɑ s ɑ ɣ ɑ ʔ n i ]_w
[_w n o ɸ i ɸ e ]_w
[_w ɸ o t i n ɑ ]_w
[_w h u n ɑ n ɑ ɭ o ]_w
[_w ɸ u t o ]_w
[_w n ɑ ɣ ɑ t u ʔ i ]_w
[_w k i m i ɭ e t e ]_w
[_w m i n ɑ ʔ m u ]_w
[_w k o n u ɣ ɑ ]_w
[_w s o s e ]_w
[_w ɭ ɑ ɣ ɑ ɸ u ʔ i ]_w
[_w n o o ɸ e ]_w
[_w o ʔ e ]_w
[_w ɭ e ʔ ɑ h ɑ ɸ e ]_w
[_w n o ɸ u n ɑ ]_w
[_w k i k i p ɑ ɣ u ]_w
[_w e f ɑ h ɑ ]_w
[_w n o e m i n ɑ ]_w
[_w ɸ o ʔ ɑ n i ]_w
[_w k ɑ n i s o ɭ e ]_w
[_w h u s e ʔ n ɑ ]_w
[_w e p i ɭ o ]_w
[_w m e t e p u n ɑ ]_w
[_w f ɑ n ɑ ]_w
[_w s i s ɑ ɭ o ]_w
[_w j o s e f e h i ]_w
[_w n u p ɑ ]_w
[_w k i j i ʔ ɑ f i ]_w
[_w e ɭ ɑ i j ɑ ]_w
[_w k ɑ ɸ ɑ ]_w
[_w ɑ ʔ m o ]_w
[_w k o s ɑ ɸ ɑ ]_w
[_w t o k i ]_w
[_w n o n u ɣ u k o ]_w
[_w ɭ ɑ ɭ i n ɑ ]_w
[_w ɭ o ɭ o t o ]_w
[_w j ɑ n ɑ t i t ɑ ]_w
[_w j ɑ ɣ ɑ ]_w
[_w ɣ o ʔ i ]_w
[_w n o ɭ i n o ɣ o ]_w
[_w m e ɸ i ɭ o t o ]_w
[_w m i n e t e ]_w
[_w i t o ʔ ɑ ɣ ɑ ]_w
[_w k o s e ]_w
[_w ɭ i t ɑ ]_w
[_w ɭ o ɭ i ʔ ɑ ɭ i ]_w
[_w n o h i n o ]_w
[_w ɑ ɣ o j ɑ ]_w
[_w m ɑ ʔ n ɑ ]_w
[_w ɣ e ɣ i s ɑ ɣ u ]_w
[_w ɑ e o n i ]_w
[_w f ɑ ɭ ɑ ɣ o ]_w
[_w m e h ɑ ɸ e ]_w
[_w ɣ o ɭ ɑ p o ]_w
[_w p i s i ɭ ɑ ɣ o ]_w
[_w t u p ɑ ]_w
[_w k ɑ n ɑ ʔ ɑ m u ]_w
[_w ɣ i ɭ o t o ]_w
[_w m e ɭ i ɭ ɑ f i ]_w
[_w h o s e ]_w
[_w h u n e ]_w
[_w n o t i ɣ u ]_w
[_w ɭ ɑ ɭ ɑ t o ɣ ɑ ]_w
[_w ɸ e s ɑ ]_w
[_w m e ɣ e ]_w
[_w t o p ɑ ]_w
[_w k e ʔ m o ]_w
[_w ɭ e ɸ e ]_w
[_w n o ɭ ɑ p i h e ]_w
[_w f u t i t ɑ ]_w
[_w n e h ɑ ɣ o ]_w
[_w e p i m o ]_w
[_w m ɑ k i u ]_w
[_w k i f i ɣ o ]_w
[_w m e n e ]_w
[_w t i ʔ e h i n ɑ ]_w
[_w ɭ o f o k e h i ]_w
[_w f o t o ɣ ɑ ]_w
[_w j u p ɑ h i ]_w
[_w k e j ɑ ]_w
[_w e p i s e ]_w
[_w ɭ i ɭ i ]_w
[_w ɑ i ʔ ɑ m o ]_w
[_w m o n e ]_w
[_w n ɑ ɭ o ]_w
[_w n o e p i ɸ ɑ ]_w
[_w ɭ e t ɑ ɭ i ]_w
[_w f i s e ]_w
[_w n i m i ɭ ɑ ]_w
[_w ɸ e h e ]_w
[_w e p e k i t e ]_w
[_w ɸ i ɸ u ]_w
[_w m o n e ʔ ɑ ɣ o ]_w
[_w ɭ i n o ]_w
[_w f e ɭ e m o ]_w
[_w s i f e h i ]_w
[_w k o s ɑ ɸ ɑ n ɑ ]_w
[_w j o n ɑ u ]_w
[_w m e ʔ ɑ ɭ o ]_w
[_w i s ɑ k ɑ u ]_w
[_w m e h ɑ t i n i ]_w
[_w ɸ i n ɑ m o ]_w
[_w m o n o ]_w
[_w i t o ʔ ɑ ]_w
[_w ɸ ɑ ɣ ɑ ]_w
[_w n o o n e ]_w
[_w t i t e ]_w
[_w ɭ o ɭ o ]_w
[_w n o n u ɣ ɑ ]_w
[_w s i ɭ i ]_w
[_w k o h o ]_w
[_w n e ɭ i ]_w
[_w m e ɭ i ɭ ɑ ]_w
[_w h i ɭ ɑ ʔ i ɣ o ]_w
[_w ɭ e ɣ e ɣ u ]_w
[_w h i ɭ ɑ n ɑ ʔ ɑ ]_w
[_w h ɑ ɭ i f i ]_w
[_w k o k u ɭ u ]_w
[_w f i ɭ i ]_w
[_w ɑ n ɑ n ɑ ]_w
[_w k i ʔ ɑ ]_w
[_w h e h e ]_w
[_w ɭ o ɭ ɑ ]_w
[_w ɸ ɑ ɸ ɑ ]_w
[_w m ɑ ɭ o ]_w
[_w m e ɭ i ]_w
[_w ɭ i t e m o ]_w
[_w m u j ɑ ʔ n i ]_w
[_w n o h i f i ]_w
[_w p e p ɑ m o ]_w
[_w h o ɭ ɑ ]_w
[_w p ɑ ʔ ɑ ɣ ɑ ]_w
[_w ɸ i ɭ ɑ t ɑ ]_w
[_w n o ɭ ɑ t ɑ ]_w
[_w m ɑ ɣ i ]_w
[_w n e ɭ ɑ ʔ ɑ ]_w
[_w ɭ i s i t o ]_w
[_w n o ɭ e p u n ɑ ]_w
[_w ɣ u p i ɭ o ]_w
[_w j ɑ ʔ m u ]_w
[_w ɸ i ɣ o ]_w
[_w ɑ ʔ o ]_w
[_w ɣ o ɸ i ]_w
[_w h i n o ɣ o ]_w
[_w e n u ɸ u ʔ i ]_w
[_w ɸ o n ɑ ʔ ɑ s e ]_w
[_w j o n i ]_w
[_w k o ɭ ɑ t ɑ ]_w
[_w f i ʔ e h i ɸ e ]_w
[_w s ɑ t i s i ɑ ]_w
[_w k e n e ]_w
[_w s e t e ]_w
[_w ɭ u t i t ɑ ]_w
[_w n ɑ ɭ ɑ ɭ ɑ ɸ e ]_w
[_w n o h ɑ t ɑ ɣ i ]_w
[_w m ɑ n ɑ ʔ i ]_w
[_w i t ɑ ]_w
[_w m o n e k o ]_w
[_w j ɑ n u ɣ u ]_w
[_w k ɑ ɣ ɑ k ɑ ]_w
[_w e ɭ e t o ]_w
[_w n o h i ɸ e ]_w
[_w k u ɣ u h i ]_w
[_w n ɑ ɸ ɑ ɣ ɑ ]_w
[_w n ɑ n i ʔ n i ]_w
[_w n i ʔ i ]_w
[_w ɭ i ɭ i ɸ o ]_w
[_w t i ɭ i ɣ i ]_w
[_w e m i ]_w
[_w n e h e t i n i ]_w
[_w e n u ɸ u ɣ u ]_w
[_w ɭ i ɭ u ɸ e ]_w
[_w j ɑ ʔ m ɑ ]_w
[_w h e t o f ɑ ʔ ɑ ]_w
[_w k o f i ɭ i ɸ e ]_w
[_w m e ɭ e n o ɣ o ]_w
[_w m e ʔ ɑ n i ]_w
[_w n o m o ]_w
[_w m o n e ʔ i ]_w
[_w j o k o ɭ o ]_w
[_w h i m ɑ ]_w
[_w k u p ɑ ʔ ɑ j ɑ ]_w
[_w ɸ ɑ t i ]_w
[_w n e i ɸ e ]_w
[_w k u j u ]_w
[_w e n i ɸ e ]_w
[_w ɭ u t o ʔ ɑ ]_w
[_w ɭ e p i ]_w
[_w n e h ɑ ʔ n i ]_w
[_w j u t e ]_w
[_w ɭ i ɸ ɑ ]_w
[_w h e k i t e ]_w
[_w m o p o ]_w
[_w ɑ ɣ e ɭ o u ɸ ɑ ]_w
[_w f i ɭ i ɭ e t e ]_w
[_w ɑ ɭ i h ɑ t i ]_w
[_w t i ɭ o ]_w
[_w j ɑ u ]_w
[_w s o s o ]_w
[_w ɭ u k u ]_w
[_w ɭ i m i ɣ o ]_w
[_w n o i n ɑ ]_w
[_w ɣ ɑ ɭ e s i ]_w
[_w j e ɣ e ʔ i ]_w
[_w n i ʔ i ɣ o p ɑ ]_w
[_w n ɑ n i ɣ o ]_w
[_w n i ʔ i f i h e ]_w
[_w k ɑ p o ɭ o t o ]_w
[_w ɑ s ɑ ɣ ɑ ʔ i ]_w
[_w ɭ i p i h i ]_w
[_w h i ɭ i n ɑ ]_w
[_w m o ɭ o ɭ ɑ ɣ o ]_w
[_w n e ɑ ɣ o ]_w
[_w e ɸ ɑ ]_w
[_w h e t e ]_w
[_w s ɑ t ɑ ]_w
[_w n ɑ ɭ ɑ ɸ u s i ]_w
[_w h i ɭ ɑ t ɑ ]_w
[_w n i m i n o t o ]_w
[_w m ɑ ɭ ɑ n ɑ ]_w
[_w e n e ɸ e ]_w
[_w k ɑ ɣ ɑ ɭ u ɸ e ]_w
[_w h i ɭ ɑ ]_w
[_w p u ɭ u ]_w
[_w m i n ɑ ɣ o ]_w
[_w e t e n o ɣ o ]_w
[_w h e k i t o ]_w
[_w h e ɭ o t i ]_w
[_w k ɑ i k ɑ ]_w
[_w e t o t o ]_w
[_w e t o h o ]_w
[_w k i ɸ i ]_w
[_w h e p ɑ ʔ ɑ ]_w
[_w m e n ɑ ɭ ɑ n ɑ ]_w
[_w ɭ e p e ɭ e s e ]_w
[_w p ɑ n ɑ ʔ ɑ ]_w
[_w k u ɸ u ɣ u ]_w
[_w ɭ e p i ɸ ɑ ]_w
[_w ɑ ɭ ɑ n ɑ ]_w
[_w e m e k i t o ]_w
[_w ɸ o m o j ɑ ]_w
[_w n o ɭ ɑ n e ]_w
[_w ɭ u ɣ ɑ ʔ ɑ n i ]_w
[_w ɸ i ɭ ɑ n ɑ ]_w
[_w k o k o ]_w
[_w ɭ u ʔ e h i ɸ e ]_w
[_w ɑ ɣ o ]_w
[_w ɸ o ʔ n i ]_w
[_w n ɑ s ɑ n ɑ ʔ ɑ ]_w
[_w s ɑ t ɑ u ]_w
[_w n o i ]_w
[_w ɸ e s i n ɑ ]_w
[_w k ɑ p o ʔ ɑ n i ]_w
[_w ɭ i ɭ u t ɑ ]_w
[_w j ɑ ɣ ɑ m o ]_w
[_w h ɑ p ɑ ʔ ɑ ]_w
[_w f i s u ]_w
[_w e f ɑ t u s ɑ ]_w
[_w n ɑ n i ɑ s i ]_w
[_w e t ɑ ɭ ɑ n ɑ ]_w
[_w ɑ ʔ u ɸ ɑ ]_w
[_w m e e m i ɸ o ]_w
[_w n o h u t o ɣ o ]_w
[_w h ɑ p ɑ ʔ ɑ ɣ ɑ ]_w
[_w ɣ u ɭ u ]_w
[_w ɑ i ʔ i ]_w
[_w ɭ u f u ɣ u ]_w
[_w f e ɭ i k o ]_w
[_w ɭ ɑ m ɑ n ɑ ʔ ɑ ]_w
[_w k ɑ j ɑ h i ]_w
[_w h i ʔ e h i n ɑ ]_w
[_w h u t o m o ]_w
[_w i p ɑ ʔ ɑ ]_w
[_w e t ɑ ɭ u n ɑ ]_w
[_w h u ɸ o ]_w
[_w ɭ e n ɑ ɸ ɑ s i ]_w
[_w k e ɸ e ]_w
[_w s o ɭ ɑ t ɑ ]_w
[_w n e n o ]_w
[_w e p i ɭ u n e ]_w
[_w ɭ u m o f i ]_w
[_w n o h i ɣ o ]_w
[_w ɑ i ɭ u ɣ i ]_w
[_w k i s i ]_w
[_w h e n ɑ ɸ ɑ ɣ ɑ ]_w
[_w n e n ɑ ɸ e ]_w
[_w k ɑ ɭ i n ɑ ]_w
[_w ɭ e n o ɣ o ]_w
[_w n e t i t i ]_w
[_w m o n e t o ɣ ɑ ]_w
[_w j ɑ n u ɣ ɑ ]_w
[_w k e t ɑ ɭ i ]_w
[_w ɑ i ʔ ɑ ɣ o ]_w
[_w n e h i n ɑ ɣ ɑ ]_w
[_w ɭ e t u s i ]_w
[_w e m i t e ]_w
[_w m i n e ]_w
[_w ɸ i ɭ u n ɑ ɣ i ]_w
[_w ɭ i m i ɭ i n ɑ ]_w
[_w ɑ m u j ɑ ]_w
[_w m o k o ]_w
[_w k ɑ ɣ ɑ ɣ u t i ]_w
[_w n o h ɑ ʔ ɑ ɭ o ]_w
[_w n ɑ ɣ ɑ ɸ u ]_w
[_w m e t e p u ɣ o ]_w
[_w m u n u ]_w
[_w e t i m i ɸ e ]_w
[_w n o h u t o ]_w
[_w h ɑ t ɑ ]_w
[_w f i ɭ i p ɑ u ]_w
[_w ɭ e p u n ɑ ]_w
[_w ɸ u ɭ u ɭ u ]_w
[_w ɑ i j ɑ h i ]_w
[_w ɸ o m o f i ]_w
[_w n i ɣ i ʔ n i ]_w
[_w k o j o ]_w
[_w k ɑ ɭ e ]_w
[_w j ɑ h ɑ ]_w
[_w k e f ɑ ]_w
[_w m e ɣ ɑ ]_w
[_w k e t ɑ ɭ i ɸ e ]_w
[_w n i ɣ i ʔ ɑ ]_w
[_w ɣ o ɭ ɑ ]_w
[_w h i t i ]_w
[_w n o ɭ e p u ɸ e ]_w
[_w k o s ɑ t u s ɑ ]_w
[_w s i t i ]_w
[_w t e n o ɣ o ]_w
[_w u j ɑ ʔ ɑ ]_w
[_w i ʔ e h i f i ]_w
[_w k e k e ʔ i ]_w
[_w ɭ u ɣ ɑ ]_w
[_w ɭ i f i ]_w
[_w ɭ i s ɑ ]_w
[_w s i m o n i o ]_w
[_w m e s i ɑ ]_w
[_w ɭ ɑ ʔ i n ɑ m o ]_w
[_w ɭ u t o ʔ n ɑ ]_w
[_w n o ɣ o ]_w
[_w t ɑ k i s i ]_w
[_w n o h ɑ ɣ o ]_w
[_w ɭ u ɭ ɑ ɣ o ]_w
[_w ɸ ɑ t o ʔ i ]_w
[_w h u ɭ o t o ]_w
[_w ɸ i ɸ ɑ ]_w
[_w n ɑ n ɑ ]_w
[_w ɣ ɑ ɭ ɑ n ɑ ]_w
[_w n i m i ɭ u n e ]_w
[_w ɭ e t ɑ ɭ ɑ n ɑ ]_w
[_w ɭ e p o ɭ o t o ]_w
[_w t i ɭ i ɸ e ]_w
[_w e f ɑ p o ]_w
[_w ɸ o t i u ɸ ɑ ]_w
[_w m ɑ ɣ ɑ t i ]_w
[_w t i s ɑ ]_w
[_w ɭ u ʔ e h i n ɑ ]_w
[_w h ɑ ɸ ɑ f ɑ h i ]_w
[_w n e ʔ ɑ ]_w
[_w n e n ɑ n ɑ ʔ i ]_w
[_w ɭ i ʔ ɑ ɭ i ]_w
[_w m i n o ɭ o k ɑ ]_w
[_w h u ɣ o ]_w
[_w f e ɭ i k i u ]_w
[_w ɣ e ɭ e ]_w
[_w k o ɣ u ]_w
[_w ɸ u j ɑ ]_w
[_w n o ɑ h ɑ ]_w
[_w n o h o ]_w
[_w i ʔ e h i ɸ e ]_w
[_w n e k i s ɑ ]_w
[_w k i ɭ i ]_w
[_w k ɑ i j ɑ ]_w
[_w n i ʔ i n o ɣ o ]_w
[_w t i s ɑ o ]_w
[_w n o u ɸ e ]_w
[_w n o h u n e ]_w
[_w k o f i ɭ u ɸ e ]_w
[_w h u p ɑ ]_w
[_w ɸ o s e ]_w
[_w j o n i u ]_w
[_w k i s i t i ]_w
[_w j o n i t ɑ ]_w
[_w k e h e t i t e ]_w
[_w i p ɑ ʔ ɑ n i ]_w
[_w h e ʔ m i ]_w
[_w ɭ u s i n ɑ ]_w
[_w n i ɣ i ɸ o ]_w
[_w j o n i h i ]_w
[_w h ɑ p ɑ ʔ ɑ ɭ o ]_w
[_w s i s ɑ ɭ i ɑ ]_w
[_w ɣ o f ɑ n ɑ ]_w
[_w e p i ɸ e ]_w
[_w n u m u n ɑ ]_w
[_w p ɑ n ɑ n ɑ k ɑ ]_w
[_w ɭ i s i t i ]_w
[_w e p e k i t o ]_w
[_w m e h u ɸ e ]_w
[_w j ɑ ʔ ɑ ɣ o ]_w
[_w n i m i ɭ i ɸ e ]_w
[_w k ɑ ɣ ɑ ɣ o ]_w
[_w m ɑ ɭ i ɑ ]_w
[_w ɭ u s e ]_w
[_w ɭ e t e ]_w
[_w n e m e ɭ e ]_w
[_w e n u m u ]_w
[_w j e ɣ e ɣ e ]_w
[_w ɭ e ʔ ɑ ]_w
[_w e t ɑ ɭ i ɸ ɑ ]_w
[_w m e h i ɭ i ɸ e ]_w
[_w e ɭ ɑ ɣ o ]_w
[_w j ɑ ɣ ɑ k o ]_w
[_w ɭ e t o ɸ e ]_w
[_w ɸ u ʔ e h i ɸ e ]_w
[_w ɑ i ʔ j ɑ ]_w
[_w e ɸ e ɭ i ɑ ]_w
[_w e t o n ɑ ]_w
[_w ɸ o ɸ e ]_w
[_w m e k o ]_w
[_w u p e ʔ i ]_w
[_w m e h e p i t o ]_w
[_w ɭ o k i j ɑ ]_w
[_w ɑ n ɑ n ɑ ɭ o ]_w
[_w i f o ]_w
[_w k ɑ u ʔ n ɑ m u ]_w
[_w h ɑ j ɑ ʔ i ]_w
[_w m e ɣ o ɭ ɑ p o ]_w
[_w t u t u m ɑ ʔ i ]_w
[_w ɑ i t o ɣ o ]_w
[_w m o n e k o t o ]_w
[_w n o f i ʔ i ]_w
[_w ɭ ɑ ɭ i ]_w
[_w f o ɭ o t o ]_w
[_w k u ɸ u k ɑ ]_w
[_w m e n ɑ ]_w
[_w f i t e ]_w
[_w ɸ o m u ʔ ɑ ]_w
[_w h i ɭ u t ɑ ]_w
[_w h e ʔ ɑ h ɑ ɸ e ]_w
[_w n o ɭ ɑ ɣ o ]_w
[_w m e h i n ɑ ʔ ɑ ]_w
[_w ɭ i f i t e ]_w
[_w n o h o t o ]_w
[_w k o ɣ u n ɑ ʔ ɑ ]_w
[_w o ɭ o p ɑ ]_w
[_w n o h e n o ]_w
[_w n e m i n o t o ]_w
[_w ɸ o ɣ ɑ ]_w
[_w m u p ɑ ʔ ɑ ɭ o ]_w
[_w m o n e ʔ n ɑ ]_w
[_w h e ɣ ɑ ]_w
[_w ɭ e ɭ i t e ]_w
[_w ɭ e n e ɭ ɑ t ɑ ]_w
[_w ɭ e ʔ ɑ ɭ o ]_w
[_w ɸ i ɭ i j o ]_w
[_w j ɑ ʔ ɑ n i ]_w
[_w k e k e ]_w
[_w ɣ e ʔ ɑ h ɑ n e ]_w
[_w n e h e t i t e ]_w
[_w h i ʔ e h i ɣ o ]_w
[_w n e ɭ ɑ t ɑ ]_w
[_w n o ɭ u ɣ u ]_w
[_w ɭ i f i n o ɣ o ]_w
[_w e t o ɸ o ]_w
[_w s i ɭ ɑ t ɑ ]_w
[_w h i p ɑ ]_w
[_w m ɑ ɭ o ʔ i ]_w
[_w s ɑ ɣ o ]_w
[_w k o ɭ i t o ]_w
[_w n e ɭ e n o ɣ o ]_w
[_w ɭ i n ɑ j ɑ ]_w
[_w ɭ u ɭ ɑ t ɑ ]_w
[_w j i ɸ i s u ]_w
[_w k ɑ n ɑ ʔ ɑ ]_w
[_w f e ɭ o s i ]_w
[_w m e ɭ i ɸ o ]_w
[_w f ɑ ɣ ɑ ]_w
[_w i j i p i ]_w
[_w e t e t e ]_w
[_w s e p ɑ ]_w
[_w ɭ ɑ ɭ u ɸ e ]_w
[_w ɭ e n i p ɑ ]_w
[_w ɣ u f ɑ ]_w
[_w m ɑ ɣ ɑ t o ]_w
[_w ɸ o ɑ n ɑ ]_w
[_w f e ɭ e ]_w
[_w n o ɭ u ]_w
[_w e f ɑ h i ]_w
[_w n o ɑ u ]_w
[_w k o f o k e h i ]_w
[_w k o j ɑ p ɑ ʔ ɑ ]_w
[_w p i t ɑ ]_w
[_w p ɑ n ɑ t u ]_w
[_w j e m e s i ɑ ]_w
[_w n o h ɑ ʔ ɑ ]_w
[_w ɭ u ɸ u t o ]_w
[_w e p i ɭ u n ɑ ]_w
[_w ɭ ɑ i s i ]_w
[_w k e t i n i ]_w
[_w ɑ k u i ɭ ɑ ]_w
[_w n ɑ ɭ ɑ n ɑ ]_w
[_w n o f o k e h i ]_w
[_w k ɑ ʔ ɑ ]_w
[_w ɭ i ʔ o h u n e ]_w
[_w m e h i ɭ o ]_w
[_w ɣ ɑ ɸ u ʔ i ]_w
[_w ɭ i p ɑ i ]_w
[_w ɣ i ʔ ɑ u ɸ ɑ ]_w
[_w ɸ i t e ]_w
[_w m i n ɑ n ɑ ]_w
[_w m ɑ ɭ ɑ ɸ e ]_w
[_w k ɑ ɣ ɑ ʔ i s e ]_w
[_w k o ɭ o ]_w
[_w ɭ i t e ʔ ɑ n i ]_w
[_w n u m u h i ]_w
[_w k e h e t u ɣ o ]_w
[_w ɑ n ɑ n i j ɑ ]_w
[_w k e h e ʔ i ]_w
[_w p i s i p i ɭ o ]_w
[_w n e m ɑ ɭ ɑ ɸ e ]_w
[_w ɸ u ɭ o ]_w
[_w s i ɸ i ɣ o ]_w
[_w k u f u ɣ o ]_w
[_w ɭ i f i ɭ u ɸ e ]_w
[_w ɭ e n u ɸ u ]_w
[_w e ɣ ɑ ɣ o ]_w
[_w n o f o ɭ o s e ]_w
[_w ɸ e t ɑ n ɑ ]_w
[_w n o s ɑ ɸ ɑ ʔ ɑ ]_w
[_w k ɑ n ɑ ʔ i ]_w
[_w k i m i ɭ o ]_w
[_w k i m i t o ]_w
[_w ɭ e n u ɣ u t i ]_w
[_w h e p u h i ]_w
[_w ɭ u ɣ u ]_w
[_w j ɑ ɸ e ]_w
[_w e n o ɣ o t o ]_w
[_w s i p i n ɑ ]_w
[_w f ɑ t u f i ]_w
[_w e p o ɭ o t o ]_w
[_w n ɑ ɣ ɑ ɸ u ʔ i ]_w
[_w i m o ]_w
[_w k e h e ɭ i ]_w
[_w ɣ e n o ɣ o ]_w
[_w i s i ɭ ɑ e ɭ i ]_w
[_w ɭ i ɣ i t o ]_w
[_w ɭ i m i ɭ ɑ ɸ e ]_w
[_w ɭ i f i ɣ u t i ]_w
[_w ɸ i ɭ i t o ]_w
[_w m e ɭ u ɣ o ]_w
[_w t e ɸ i t i u ]_w
[_w n e h ɑ ɸ e ]_w
[_w n i ʔ i ɭ i n ɑ ]_w
[_w n o n u h u ]_w
[_w n e s i ʔ ɑ s i ]_w
[_w e p i ɣ o ]_w
[_w k e h e ɭ i t o ]_w
[_w k e t o s e ]_w
[_w s o ɭ o ]_w
[_w ɣ i ɭ i p i h i ]_w
[_w ɣ u t u n u ]_w
[_w s ɑ ɸ ɑ n ɑ ]_w
[_w i t i o p i ɑ ]_w
[_w s u n o ɣ o ]_w
[_w e t e ɭ e t i ]_w
[_w k i f i ]_w
[_w i ɭ ɑ ]_w
[_w n o h u ]_w
[_w n o ɭ i m i t o ]_w
[_w n o h u t ɑ ]_w
[_w f o k e h i ]_w
[_w k ɑ ɣ ɑ ]_w
[_w t u ɭ u ]_w
[_w f ɑ t u ]_w
[_w k u f u ʔ ɑ ]_w
[_w t e ɭ e t o ɸ o ]_w
[_w ɭ o s e ]_w
[_w m e ɸ i ɭ o n i ]_w
[_w f i ɭ i ɸ e ]_w
[_w ɸ i ɭ o ]_w
[_w s i ɭ i ɑ ]_w
[_w k ɑ t ɑ ʔ ɑ ]_w
[_w i ɣ o ]_w
[_w ɑ ɭ i j ɑ ]_w
[_w o ɭ e n o ɣ o ]_w
[_w ɸ ɑ u k ɑ ɭ o ]_w
[_w ɣ u f ɑ ɣ u ]_w
[_w t o m ɑ s i u ]_w
[_w ɸ o n ɑ k ɑ ]_w
[_w ɸ o n o h o t o ]_w
[_w h e t i ɣ i ]_w
[_w m o ɭ o ]_w
[_w n ɑ ɭ i ]_w
[_w m e h ɑ ɭ i ɸ e ]_w
[_w f e ɣ u t o ɣ o ]_w
[_w k ɑ k i ɭ i t o ]_w
[_w k o f i t ɑ ]_w
[_w n e i ɣ o ]_w
[_w ɭ u ɸ e ]_w
[_w ɭ i ʔ o h u t ɑ ]_w
[_w k ɑ ɣ ɑ ʔ ɑ n i ]_w
[_w m e m ɑ ɭ ɑ ɸ e ]_w
[_w n i p ɑ ]_w
[_w n ɑ ɭ u t ɑ ]_w
[_w f i ɭ i s e ]_w
[_w ɸ e ɣ e n e ]_w
[_w h ɑ ɭ ɑ n e ]_w
[_w k u p ɑ ]_w
[_w h e n ɑ ]_w
[_w ɭ i ɭ o ]_w
[_w k ɑ ɭ i n ɑ j ɑ ]_w
[_w h ɑ ɭ i ɸ e ]_w
[_w j e s u t o ɣ o ]_w
[_w k e f e ʔ ɑ ]_w
[_w ɑ h u t o ʔ ɑ ]_w
[_w h u ʔ m ɑ u ]_w
[_w j ɑ f ɑ ʔ ɑ ɣ u ]_w
[_w ɸ e ɭ i u ]_w
[_w ɸ o n ɑ ʔ ɑ ɣ ɑ ]_w
[_w h o ʔ o h u ɸ e ]_w
[_w o m i h ɑ ʔ ɑ ]_w
[_w f o i p ɑ ]_w
[_w ɭ u ɣ ɑ ʔ ɑ ɣ ɑ ]_w
[_w ɸ ɑ ɸ e j ɑ ]_w
[_w k o j o t o ]_w
[_w j o ɣ o ]_w
[_w m e ɭ u ɣ u ]_w
[_w ɣ ɑ ɣ o ]_w
[_w k ɑ ɣ ɑ ɭ o ]_w
[_w ɸ u ɭ u ʔ j ɑ ]_w
[_w ɣ i h i t i ʔ i ]_w
[_w m e ɭ i t e ]_w
[_w n o h i n ɑ ]_w
[_w s ɑ ɭ ɑ ]_w
[_w t i ʔ e h i ɸ e ]_w
[_w s u ɣ u n ɑ ]_w
[_w p i t ɑ h i ]_w
[_w ɭ u ʔ ɑ f i ]_w
[_w f o j ɑ ]_w
[_w m e t e p u h i ]_w
[_w h ɑ n ɑ ɣ u ]_w
[_w k o p ɑ ]_w
[_w i f o ʔ ɑ f u ]_w
[_w ɑ t ɑ u ]_w
[_w t ɑ i t ɑ s i ]_w
[_w ɸ o n ɑ t i ]_w
[_w k o h i ]_w
[_w j ɑ n ɑ u ɸ ɑ ]_w
[_w m e h e n ɑ ]_w
[_w k e ɭ e ]_w
[_w f u ɭ i ɣ ɑ h ɑ ]_w
[_w m i n ɑ ]_w
[_w ɸ o ʔ ɑ ]_w
[_w m o s e u ]_w
[_w h ɑ ɭ u n e ]_w
[_w h u t u ]_w
[_w s u k u ɭ u ]_w
[_w n i n ɑ j ɑ h i ]_w
[_w f u t u ʔ ɑ ]_w
[_w m e ɭ e ʔ i s i ]_w
[_w ɭ e ɣ i t ɑ ]_w
[_w n o ɸ u n e p ɑ ]_w
[_w p e s e s u ʔ i ]_w
[_w j e ɣ e ɭ e t e ]_w
[_w h u n o ɣ o t o ]_w
[_w j ɑ f ɑ ]_w
[_w ɑ ɭ i m o ]_w
[_w u f e h ɑ ʔ ɑ ]_w
[_w i t ɑ ɭ i ɸ e ]_w
[_w u f e h i ]_w
[_w ɑ ɭ o ɸ o ]_w
[_w n i m i ɭ o ]_w
[_w i ɭ u n ɑ ɣ i ]_w
[_w k e ɭ ɑ t ɑ ]_w
[_w ɣ i ɣ u s ɑ ]_w
[_w h o s i ]_w
[_w n ɑ m ɑ n i ]_w
[_w m o n e u ɸ ɑ ]_w
[_w f e ʔ n o h i ]_w
[_w ɑ f o ʔ n i ]_w
[_w ɭ ɑ p e ɭ u ɣ u ]_w
[_w f o t o ʔ ɑ ]_w
[_w ɸ u ɭ ɑ t ɑ ]_w
[_w ɸ i ʔ ɑ h ɑ ɣ o ]_w
[_w m e ɣ e s ɑ ]_w
[_w h i ɭ u ɸ e ]_w
[_w t o ʔ e h i n ɑ ]_w
[_w j ɑ n ɑ m o ]_w
[_w m e n e s e ]_w
[_w t ɑ f ɑ ]_w
[_w m o ɭ o ɸ e ]_w
[_w p ɑ i ɭ ɑ ]_w
[_w e f e s o ]_w
[_w k o s e ɭ e ʔ i ]_w
[_w ɭ e p i t e ]_w
[_w n e ɭ i n ɑ ]_w
[_w i ɸ o ]_w
[_w ɭ e n ɑ j ɑ ]_w
[_w ɣ u f ɑ ɭ o ]_w
[_w ɑ ɭ e o p ɑ ɣ u ]_w
[_w k ɑ t ɑ t i ]_w
[_w f e ɭ e u ɸ ɑ ]_w
[_w s ɑ t ɑ h i ]_w
[_w n e ɭ i ɸ ɑ ]_w
[_w t i m o t i ]_w
[_w m e h e n ɑ k i ]_w
[_w t i ɭ e n o ɣ o ]_w
[_w n o ɭ u ɣ u t i ]_w
[_w ɸ ɑ m u ʔ i ]_w
[_w ɑ t u ɭ u ]_w
[_w e n i p ɑ ]_w
[_w ɸ o ɣ i j o ]_w
[_w h e n e t i n i ]_w
[_w ɸ o n o h o ɸ e ]_w
[_w t o ɭ ɑ t ɑ n ɑ ]_w
[_w ɣ e h e ]_w
[_w ɸ o j ɑ ]_w
[_w ɭ e p u ɣ u ]_w
[_w ɸ ɑ ɸ u ]_w
[_w e m i ɸ o ]_w
[_w m i n ɑ ɣ i ]_w
[_w j i ɣ i ɸ o ]_w
[_w j ɑ f e ɣ e ]_w
[_w m e h ɑ ɭ o ]_w
[_w n ɑ ɣ ɑ ]_w
[_w ɭ ɑ ɭ i ɣ i n ɑ ]_w
[_w n o ɭ ɑ p i j e ]_w
[_w ɭ u s i ]_w
[_w h i j ɑ ʔ ɑ ]_w
[_w k o m o p ɑ k ɑ ]_w
[_w n ɑ s ɑ n ɑ ʔ i ]_w
[_w e m i t ɑ ʔ ɑ ]_w
[_w f o j ɑ ʔ ɑ ɭ o ]_w
[_w ɣ ɑ ɭ ɑ n e ]_w
[_w n o ɸ o ]_w
[_w ɸ i ɣ ɑ h i ]_w
[_w k ɑ ɣ ɑ t u ]_w
[_w ɭ i ɸ i ʔ m o ]_w
[_w f o n o ]_w
[_w ɸ u ɭ ɑ ɣ o ]_w
[_w e n i f i ]_w
[_w k ɑ ɣ ɑ ʔ n i ]_w
[_w n e ɸ i n o ]_w
[_w k ɑ j ɑ ]_w
[_w o ʔ j o ]_w
[_w e m i t ɑ t u ]_w
[_w ɭ e p i t o ]_w
[_w h e p ɑ ɭ ɑ ]_w
[_w m i n ɑ ɸ e ]_w
[_w e n e ɣ e n e ]_w
[_w m e h e n o ɣ o ]_w
[_w m i n ɑ ɭ u ɸ e ]_w
[_w t ɑ u n i ]_w
[_w k o s ɑ ɭ o ]_w
[_w e t ɑ n ɑ ]_w
[_w h e ʔ m i ɸ ɑ ]_w
[_w ɑ f o ʔ ɑ f u ]_w
[_w h i ɣ o ]_w
[_w ɭ e ɣ e s ɑ ]_w
[_w h u ɸ e ]_w
[_w n o h i f i h e ]_w
[_w ɭ e ɣ i t o ]_w
[_w n e t ɑ ]_w
[_w f ɑ i p ɑ ]_w
[_w h i ɭ ɑ f i j e ]_w
[_w ɭ i j ɑ f ɑ ]_w
[_w m ɑ t i u ]_w
[_w n o h e n o ɣ o ]_w
[_w t o ɸ o ]_w
[_w ɑ i ʔ ɑ s i ]_w
[_w h i t i ʔ n ɑ ]_w
[_w f i ɣ o ]_w
[_w s o p o h i ]_w
[_w ɭ i ɭ u p i ]_w
[_w s i m o n i ]_w
[_w m ɑ ɭ ɑ ɭ i m o ]_w
[_w n o s e ]_w
[_w f i ʔ o h u n ɑ ]_w
[_w n ɑ ɣ ɑ ʔ ɑ ]_w
[_w f i ɭ i t o ]_w
[_w e m i n o t o ]_w
[_w e f ɑ t u ]_w
[_w f o ɭ o s i ]_w
[_w n i ɣ i ɸ ɑ ]_w
[_w h u ɭ ɑ t ɑ ]_w
[_w ɸ o t i ɭ o t o ]_w
[_w k i f i ɣ u t i ]_w
[_w e n ɑ ɭ ɑ n ɑ ]_w
[_w ɭ i n ɑ ɣ ɑ ]_w
[_w e n ɑ ɭ i j ɑ ]_w
[_w j u f u ]_w
[_w p i s i ]_w
[_w ɸ e ɸ e ]_w
[_w ɭ e t ɑ n ɑ ]_w
[_w o j ɑ f ɑ ʔ ɑ ]_w
[_w ɑ ɭ e ɸ i ɑ ]_w
[_w m ɑ n ɑ ]_w
[_w ɸ o m ɑ ɣ i ]_w
[_w m e s e ɸ e ]_w
[_w m o k o ɭ e ]_w
[_w o j ɑ f ɑ ]_w
[_w h i ɭ i j o ]_w
[_w ɣ o j ɑ ʔ ɑ ɣ ɑ ]_w
[_w o ɭ o t o ]_w
[_w e p i ɸ ɑ ]_w
[_w ɸ ɑ i ]_w
[_w ɭ e p e ]_w
[_w ɑ h o ]_w
[_w p i k u ɭ i ]_w
[_w m ɑ ɭ ɑ ɭ o ]_w
[_w n i ʔ i f i ]_w
[_w k o s ɑ ɭ o t i ]_w
[_w ɭ e t ɑ ɣ o ]_w
[_w e p i ʔ i ɣ o ]_w
[_w m u ɭ i ɭ u t ɑ ]_w
[_w ɭ i ɭ ɑ ɣ o ]_w
[_w m o ɭ o ɭ u ]_w
[_w e m i ɭ u ɸ e ]_w
[_w n ɑ ɣ ɑ m i t u ]_w
[_w k ɑ i ʔ n ɑ ]_w
[_w f e ɭ o s e ]_w
[_w m e h u n e ]_w
[_w s i ɸ i n ɑ m o ]_w
[_w m e h i ]_w
[_w m e h i ɣ o ]_w
[_w ɭ i n o ɣ o ]_w
[_w ɭ e p i ɸ o ]_w
[_w h i n o ]_w
[_w o ɭ ɑ t ɑ n ɑ ]_w
[_w f e ɭ i s ɑ ]_w
[_w j ɑ n ɑ t u ]_w
[_w j ɑ k o p u h i ]_w
[_w h o ʔ o h u t o ]_w
[_w n i m i t e ]_w
[_w s ɑ n ɑ ɣ o ]_w
[_w n ɑ n i m o j ɑ ]_w
[_w m e ɭ i ɸ e ]_w
[_w k ɑ ɣ ɑ k ɑ f u ]_w
[_w ɣ o ɭ o t o ]_w
[_w ɑ i j ɑ ]_w
[_w ɣ ɑ ɭ u ɣ i ]_w
[_w h o t o ]_w
[_w ɭ o p i ]_w
[_w h ɑ ɭ ɑ n ɑ ]_w
[_w p ɑ n ɑ k ɑ ]_w
[_w n o k u m u ʔ i ]_w
[_w ɭ e n ɑ ɸ e ]_w
[_w h i t ɑ ]_w
[_w ɭ e ɣ e ɣ e ]_w
[_w ɑ ɣ u ]_w
[_w h ɑ ɣ o ]_w
[_w n e h ɑ n ɑ ]_w
[_w e m ɑ ʔ ɑ ɭ o ]_w
[_w j i o n ɑ ]_w
[_w n o ɭ i n ɑ ]_w
[_w k ɑ ʔ ɑ ɭ o ]_w
[_w h e p ɑ t i ]_w
[_w s ɑ m ɑ ɭ o ʔ i ]_w
[_w f o i p ɑ ʔ ɑ ]_w
[_w n ɑ n i ]_w
[_w ɸ o t i u ]_w
[_w p e p ɑ ]_w
[_w m e ɭ i n ɑ f i ]_w
[_w n e h ɑ ʔ ɑ ]_w
[_w i f i ]_w
[_w p o ɭ o ɸ e ]_w
[_w n ɑ ɣ ɑ ʔ n i ]_w
[_w ɸ o t i ɣ u ]_w
[_w ɭ e p ɑ ɭ ɑ ɸ e ]_w
[_w n o p o ɣ u ]_w
[_w m e ɭ i ɭ i ]_w
[_w ɭ i p o t i ]_w
[_w p ɑ ʔ n i ]_w
[_w s u ɭ u ]_w
[_w i f o ʔ ɑ f i ]_w
[_w ɑ h u ]_w
[_w p ɑ i ɭ ɑ t ɑ ]_w
[_w ɑ i s ɑ i j ɑ ]_w
[_w n e h e t e ]_w
[_w n e h i ɭ ɑ t ɑ ]_w
[_w ɭ i ɣ i ɭ ɑ t ɑ ]_w
[_w m e t i ɭ i ]_w
[_w s o ɭ i u ]_w
[_w ɣ u p i ɭ o t o ]_w
[_w k ɑ ʔ m u ]_w
[_w ɭ u ʔ ɑ h ɑ n e ]_w
[_w k ɑ p o ʔ m u ]_w
[_w ɸ u f ɑ ɭ o ]_w
[_w ɑ k ɑ e ]_w
[_w e p i ɭ ɑ n ɑ ]_w
[_w j u t ɑ h ɑ ʔ ɑ ]_w
[_w k u j u ʔ ɑ f u ]_w
[_w s ɑ ɭ ɑ t ɑ ]_w
[_w ɭ e p i ɭ o ]_w
[_w i k ɑ h i ]_w
[_w ɭ e ɭ e ]_w
[_w m e n i ʔ i n ɑ ]_w
[_w k i m i ]_w
[_w i p ɑ ɭ u ɣ u ]_w
[_w e p ɑ ɭ ɑ ɣ o ]_w
[_w n e ɭ ɑ f i h e ]_w
[_w ɑ p o ɭ u h i ]_w
[_w e t u ɸ u t u ]_w
[_w ɣ u k e t e ]_w
[_w ɣ u m i n ɑ n ɑ ]_w
[_w t ɑ ɭ i n ɑ ɣ o ]_w
[_w i n o ]_w
[_w n o h u t ɑ j ɑ ]_w
[_w f i ɭ ɑ ɸ e ]_w
[_w k ɑ p o k ɑ ]_w
[_w e n u n u ]_w
[_w t i ɭ ɑ ɸ e ]_w
[_w f ɑ ʔ m e n e ]_w
[_w h u ʔ o h u n ɑ ]_w
[_w t u ɸ u ɭ o t o ]_w
[_w ɭ u ɣ u ʔ i ]_w
[_w h u ɭ ɑ t ɑ n ɑ ]_w
[_w e k e s ɑ ɣ u ]_w
[_w k ɑ ɣ ɑ ʔ i ]_w
[_w j ɑ u ɸ ɑ ]_w
[_w s e ɣ i ]_w
[_w ɑ m u j ɑ n ɑ ]_w
[_w m u ɭ i ɭ u n ɑ ]_w
[_w k u p ɑ ʔ ɑ ]_w
[_w k e n i ]_w
[_w k ɑ f e ʔ ɑ ɭ i ]_w
[_w t u ɣ u m ɑ t o ]_w
[_w m e n o s e ]_w
[_w ɑ f o t i f u ]_w
[_w f u ɭ u ]_w
[_w ɭ i ɭ i n ɑ j ɑ ]_w
[_w ɭ i ɣ i ɭ ɑ n e ]_w
[_w n i ʔ i ɣ o ]_w
[_w m u j ɑ ]_w
[_w ɑ f o ʔ ɑ ɣ i ]_w
[_w j o s e f e ]_w
[_w h i ʔ ɑ h ɑ ɸ e ]_w
[_w h e n ɑ k i ]_w
[_w k u ɸ u j ɑ ]_w
[_w k u j u ɣ u ]_w
[_w f i ɭ i ɣ i t e ]_w
[_w ɑ n ɑ ɭ o k o ]_w
[_w t i ɭ ɑ n ɑ ]_w
[_w k ɑ ɣ ɑ ɣ u ]_w
[_w ɭ i ɣ i ]_w
[_w j e s u ]_w
[_w n e ɭ e ʔ i ]_w
[_w n e m e ɣ e k ɑ ]_w
[_w k ɑ p o ʔ ɑ ɣ i ]_w
[_w k ɑ s i h i ]_w
[_w s e ɸ ɑ ʔ i ]_w
[_w ɸ ɑ s u ]_w
[_w h i ɭ ɑ ɣ o ]_w
[_w ɸ e s i ɸ e ]_w
[_w n o ɭ u t o ʔ i ]_w
[_w m i ʔ m i ]_w
[_w ɑ ʔ m ɑ ɣ o ]_w
[_w n o h ɑ n e ]_w
[_w m ɑ s u ]_w
[_w k e ɭ e ʔ m e ]_w
[_w k o h o n e ]_w
[_w ɑ p o ɭ i ]_w
[_w ɣ i ʔ ɑ h ɑ n ɑ ]_w
[_w f o j ɑ ɭ o ʔ i ]_w
[_w n e ɭ e s ɑ ]_w
[_w k o j ɑ p ɑ k o ]_w
[_w n ɑ ɣ ɑ m i ʔ i ]_w
[_w j ɑ ɣ ɑ m u m ɑ ]_w
[_w k ɑ ɣ o ]_w
[_w k o s ɑ h i ]_w
[_w ɭ i ɭ i f i ]_w
[_w ɭ ɑ ɣ ɑ ]_w
[_w n ɑ ɭ ɑ ɸ e ]_w
[_w ɣ o ɭ i ]_w
[_w k u ɸ u ɭ o t o ]_w
[_w ɑ i t o ɣ ɑ ]_w
[_w n ɑ ɣ ɑ m o ]_w
[_w s i t o ]_w
[_w e t o ɭ ɑ t ɑ ]_w
[_w n o ɭ i m i ]_w
[_w n o ɣ i ɣ o ]_w
[_w p ɑ n ɑ n ɑ ]_w
[_w ɭ ɑ ɣ ɑ ɸ u ]_w
[_w p e p ɑ ɣ u ]_w
[_w s u p o ]_w
[_w t o ɭ o t o ]_w
[_w ɭ i ɭ ɑ f i h e ]_w
[_w ɭ i h ɑ k ɑ ɣ u ]_w
[_w n i m i s e ]_w
[_w n o e p u ɸ e ]_w
[_w n e ɭ i ɣ o f ɑ ]_w
[_w h o ʔ o h u t ɑ ]_w
[_w n o ɭ u f i ]_w
[_w ɸ u ʔ o h u t ɑ ]_w
[_w ɑ ɸ ɑ ɭ ɑ m u ]_w
[_w k o s ɑ ɸ e ]_w
[_w ɑ n ɑ t u ]_w
[_w h e p ɑ t i n i ]_w
[_w ɣ o ɸ o ]_w
[_w ɭ i ɭ ɑ f i ]_w
[_w ɭ e ɸ ɑ t o ]_w
[_w ɸ o ɑ n ɑ ʔ n i ]_w
[_w ɭ o e ɸ e ]_w
[_w ɣ e ɭ e t o ɸ o ]_w
[_w ɣ ɑ m ɑ n ɑ ]_w
[_w h ɑ n ɑ j ɑ ]_w
[_w e m i ɭ i n ɑ ]_w
[_w ɣ u f ɑ t u s i ]_w
[_w f o j ɑ ʔ ɑ ]_w
[_w n ɑ ɭ u n e ]_w
[_w ɭ i n ɑ ]_w
[_w f ɑ ɭ ɑ ɸ e ]_w
[_w t o ʔ e h i ɣ o ]_w
[_w e k e s ɑ ʔ ɑ ]_w
[_w ɣ e ɸ ɑ ]_w
[_w t o m ɑ s i k o ]_w
[_w m e ɸ i ɭ i n ɑ ]_w
[_w ɣ i ɭ o ]_w
[_w p o ɭ u i t ɑ ]_w
[_w h o ɭ ɑ t ɑ ]_w
[_w m e ɭ i n ɑ ]_w
[_w n o e p u ɣ o ]_w
[_w f o ɭ o s e ]_w
[_w ɣ o ɭ ɑ h i ]_w
[_w ɣ u p i s ɑ ɭ o ]_w
[_w m e h e p i ɭ o ]_w
[_w ɭ i ɭ u n e ]_w
[_w e t e k ɑ ʔ ɑ ]_w
[_w ɸ o ɭ e ]_w
[_w h ɑ t ɑ j ɑ ]_w
[_w h i ɭ u n ɑ ]_w
[_w ɭ i m i ɭ u ɸ e ]_w
[_w m e h ɑ n ɑ ɣ u ]_w
[_w ɭ u ʔ ɑ f u ]_w
[_w t i n o ɣ o ]_w
[_w h e k i ]_w
[_w ɸ i ɭ i ɸ e ]_w
[_w ɣ o ɸ i s ɑ ]_w
[_w k e j ɑ ʔ ɑ ]_w
[_w j ɑ ɭ o ʔ i ]_w
[_w n ɑ s ɑ n ɑ ]_w
[_w j ɑ t ɑ ʔ i s i ]_w
[_w ɑ k e p ɑ ]_w
[_w i t o ʔ ɑ f i ]_w
[_w k i p ɑ k ɑ f u ]_w
[_w m e m o ɭ o s i ]_w
[_w k u f u ]_w
[_w t i f i t o ]_w
[_w k ɑ t i ɭ i ]_w
[_w n o s ɑ ɸ ɑ n ɑ ]_w
[_w m o n o ʔ i ]_w
[_w ɭ ɑ ɣ ɑ ʔ ɑ ]_w
[_w ɭ ɑ ɸ ɑ ]_w
[_w h i j ɑ ɣ u t i ]_w
[_w f ɑ t o t i ]_w
[_w n o ɸ i n o ]_w
[_w e t ɑ j ɑ ]_w
[_w m ɑ h ɑ ʔ ɑ ]_w
[_w ɣ o ʔ e h i ɣ o ]_w
[_w k e f e f e ]_w
[_w n i ɭ i n ɑ ]_w
[_w s ɑ ɸ o ]_w
[_w s e k e ɭ e ɸ e ]_w
[_w ɣ u f ɑ t u ]_w
[_w t i ɣ i ɣ o ]_w
[_w ɣ u f ɑ ʔ ɑ t u ]_w
[_w ɸ i ɭ e n o ]_w
[_w h u t o ɣ ɑ ]_w
[_w e n ɑ j ɑ h i ]_w
[_w ɑ ɸ e ]_w
[_w k ɑ p o ]_w
[_w e n u n u m u ]_w
[_w t i ɸ ɑ ]_w
[_w ɭ e t ɑ ɭ i n ɑ ]_w
[_w k u ɣ u ]_w
[_w k o s ɑ ɣ u ]_w
[_w ɭ ɑ m ɑ n ɑ ]_w
[_w f i k i ]_w
[_w ɑ k ɑ f ɑ ]_w
[_w ɣ i ɭ i ɸ e ]_w
[_w n o ɭ i n e ]_w
[_w ɭ u t o ʔ i ]_w
[_w n o h ɑ p i ]_w
[_w ɭ e t ɑ ɭ ɑ n e ]_w
[_w f e ʔ n o t o ]_w
[_w m e h e s e ]_w
[_w p ɑ n ɑ ]_w
[_w ɭ o ɸ ɑ ]_w
[_w m e h ɑ ʔ ɑ ]_w
[_w ɸ i ɭ u ʔ i ɸ e ]_w
[_w ɭ ɑ ɭ i ʔ i ]_w
[_w p ɑ n ɑ ʔ ɑ m u ]_w
[_w e p o ɭ o s e ]_w
[_w o ɭ ɑ ]_w
[_w s ɑ f ɑ ]_w
[_w ɣ o ɭ ɑ t ɑ ]_w
[_w ɑ ɭ u ]_w
[_w s i m i o n i ]_w
[_w k ɑ ɣ ɑ ʔ ɑ ]_w
[_w ɭ ɑ e ]_w
[_w m e ɭ e t e ]_w
[_w t u ɭ ɑ ]_w
[_w m e ɸ i ɭ i ɸ e ]_w
[_w ɑ n ɑ ʔ i ]_w
[_w n e ɸ ɑ ɣ o ]_w
[_w k ɑ f e ]_w
[_w ɣ o ɭ o t o m u ]_w
[_w k ɑ n ɑ ɭ o ]_w
[_w k e t ɑ n ɑ ]_w
[_w k i t i ɭ i ]_w
[_w j ɑ ɭ o ]_w
[_w ɑ f o j ɑ ʔ ɑ ]_w
[_w ɑ ɭ u ɸ e ]_w
[_w k ɑ ɣ ɑ m i ʔ i ]_w
[_w k ɑ ɣ ɑ j ɑ ]_w
[_w ɸ e s i ɣ o ]_w
[_w n e ɭ i ɸ e ]_w
[_w e n ɑ ɭ i s ɑ ]_w
[_w i ɸ e ]_w
[_w ɑ n ɑ ɣ ɑ ]_w
[_w h o k o ɭ o ]_w
[_w e t i m i ɸ o ]_w
[_w h e t o ]_w
[_w k ɑ p o ʔ ɑ j ɑ ]_w
[_w ɭ ɑ ɭ u n e ]_w
[_w e ɭ ɑ t ɑ ]_w
[_w ɑ n ɑ ʔ ɑ m u ]_w
[_w n o h u ʔ i n ɑ ]_w
[_w s o t o ]_w
[_w m i j ɑ ɭ o ]_w
[_w h e ɭ e k e s ɑ ]_w
[_w h e n o ɣ o ʔ ɑ ]_w
[_w e n e ɣ e ɸ ɑ ]_w
[_w n i ɣ i ]_w
[_w n i m i ʔ i ]_w
[_w s i n i ]_w
[_w m e ɭ u ɸ o ]_w
[_w m e ɣ e s ɑ ɭ o ]_w
[_w ɑ i ɣ o ]_w
[_w e p i t e ]_w
[_w ɑ n ɑ ʔ ɑ ]_w
[_w s i k ɑ ɭ ɑ ɸ e ]_w
[_w s i ɣ i t o ]_w
[_w h ɑ ɭ u t ɑ ]_w
[_w m e ɭ i n o ]_w
[_w k ɑ n ɑ k ɑ ]_w
[_w ɭ ɑ ɣ o ]_w
[_w j ɑ m u ʔ i ]_w
[_w j ɑ n u ɣ u t i ]_w
[_w ɣ o ʔ ɑ h ɑ ɸ e ]_w
[_w ɣ i s e ]_w
[_w m i n o s e ]_w
[_w o ɸ o ]_w
[_w ɭ i m i ɭ ɑ t ɑ ]_w
[_w k i j i ʔ ɑ ɣ o ]_w
[_w f ɑ i p ɑ n ɑ ]_w
[_w m e f i s e ]_w
[_w k ɑ p o ɣ u ]_w
[_w e n u ɸ u j ɑ ]_w
[_w t e ɸ i t e ]_w
[_w s ɑ f ɑ ʔ ɑ ]_w
[_w e p o ɭ o ɸ e ]_w
[_w k o ɭ i ]_w
[_w m o n o ɭ u ]_w
[_w ɭ u ɭ ɑ ]_w
[_w k e n e ʔ i ]_w
[_w s i s e ]_w
[_w f ɑ t o ]_w
[_w p ɑ k ɑ f u ]_w
[_w ɸ u ʔ ɑ ]_w
[_w m e s o ]_w
[_w n o e p i t o ]_w
[_w t o ɸ ɑ ]_w
[_w n ɑ ɭ i ʔ i ]_w
[_w ɭ ɑ ɭ i ɣ i ɣ o ]_w
[_w ɭ i ɸ o ]_w
[_w ɭ e n u ɸ u ɣ u ]_w
[_w e t e ɭ ɑ t ɑ ]_w
[_w h i ɭ u n e ]_w
[_w h e ɣ e ]_w
[_w h ɑ ʔ i n ɑ ]_w
[_w h ɑ k ɑ ]_w
[_w h i t e ʔ ɑ n i ]_w
[_w i m i m ɑ ʔ i ]_w
[_w k ɑ j ɑ h ɑ ʔ ɑ ]_w
[_w k u ɭ e ]_w
[_w k ɑ n ɑ s i ]_w
[_w f e ɣ u t o ɣ ɑ ]_w
[_w t i t o ʔ n i ]_w
[_w ɭ u ɸ ɑ ʔ ɑ ]_w
[_w ɑ ɸ u f ɑ ]_w
[_w k ɑ m o ]_w
[_w t i ɸ o ]_w
[_w ɑ s ɑ ɣ u t i ]_w
[_w t o ɭ ɑ t ɑ ]_w
[_w k ɑ p o ɭ o ]_w
[_w ɸ u ɭ ɑ ]_w
[_w e n u ɸ u ]_w
[_w n o n u ɣ u f ɑ ]_w
[_w h o ɭ o ɭ u ]_w
[_w n e ɸ e s i n ɑ ]_w
[_w k e t o ɸ ɑ ]_w
[_w ɣ ɑ ɭ i o u ]_w
[_w n o h ɑ t ɑ ]_w
[_w h ɑ ɭ e ]_w
[_w n e h i n ɑ ]_w
[_w t u m ɑ ɭ ɑ ɭ o ]_w
[_w n o ɣ ɑ n e ]_w
[_w s i ɭ i s e ]_w
[_w n o ɑ ɸ e ]_w
[_w t i ɭ o t o ]_w
[_w e p i ɭ i ɸ e ]_w
[_w e p i n e ]_w
[_w ɑ n ɑ ɣ u ]_w
[_w ɣ i n o ɣ o ]_w
[_w h ɑ p ɑ ʔ ɑ ɣ u ]_w
[_w n ɑ ɣ ɑ k ɑ ]_w
[_w ɸ u ʔ o h u n e ]_w
[_w ɸ e ɭ e t e ]_w
[_w s e ɭ ɑ u ]_w
[_w ɭ u ʔ o h u t o ]_w
[_w ɭ i m i ɭ e t e ]_w
[_w n o t o ʔ ɑ ]_w
[_w h e ʔ m i ɸ o ]_w
[_w ɣ u ʔ ɑ ]_w
[_w p o ɭ u n ɑ ʔ ɑ ]_w
[_w n o ɸ u ɣ o ]_w
[_w ɭ e ɭ e t e ]_w
[_w ɣ o ʔ o h u t o ]_w
[_w p i ɣ i ]_w
[_w m e h e ]_w
[_w k ɑ s e ɭ e ]_w
[_w h u t o ʔ ɑ ]_w
[_w p ɑ n ɑ ʔ ɑ s i ]_w
[_w ɸ ɑ m u ɭ u ɣ u ]_w
[_w k ɑ t i ]_w
[_w m u ɭ i ]_w
[_w k ɑ n ɑ ʔ m u ]_w
[_w h u p ɑ m o ]_w
[_w ɣ e h e s e ]_w
[_w m e m i n o ]_w
[_w k ɑ p o ʔ ɑ ]_w
[_w k e t ɑ ɸ e ]_w
[_w f ɑ j ɑ ]_w
[_w ɭ e t o ɣ ɑ ]_w
[_w t i ɭ e t e ]_w
[_w h e ɣ e ɣ u ]_w
[_w o h o ]_w
[_w ɣ ɑ n ɑ n ɑ ]_w
[_w n e k e s ɑ ]_w
[_w h e s i ]_w
[_w ɣ o ɸ ɑ ]_w
[_w n ɑ s ɑ ɸ o ]_w
[_w n o e n o ɣ o ]_w
[_w ɭ u ʔ o h u ɸ e ]_w
[_w n e m u j ɑ ]_w
[_w f i ʔ m o ]_w
[_w m i n ɑ ɭ ɑ ɸ e ]_w
[_w e n e k e s ɑ ]_w
[_w ɭ i ʔ o h u t o ]_w
[_w h ɑ n ɑ m o ]_w
[_w n e ɣ e ɭ o ]_w
[_w k ɑ p o ʔ ɑ ɭ o ]_w
[_w j ɑ ɣ ɑ ʔ n i ]_w
[_w j ɑ k o p u ]_w
[_w ɑ n ɑ ʔ ɑ n i ]_w
[_w ɭ i j ɑ f ɑ m o ]_w
[_w s ɑ ɸ ɑ ʔ i ɣ o ]_w
[_w n ɑ n i j ɑ ]_w
[_w n e h ɑ ʔ ɑ ɣ u ]_w
[_w m e h ɑ ɣ o ]_w
[_w p e ɸ i s ɑ ]_w
[_w f i ɭ i ɭ u ɣ i ]_w
[_w t ɑ f ɑ ʔ ɑ ]_w
[_w k i f i n o ɣ o ]_w
[_w i ɭ u n ɑ ]_w
[_w n e t ɑ ɭ i n ɑ ]_w
[_w h e p ɑ ɭ u ɣ u ]_w
[_w n o h u t o ɣ ɑ ]_w
[_w o k ɑ ʔ ɑ ɣ ɑ ]_w
[_w i ɭ ɑ t ɑ n ɑ ]_w
[_w ɭ ɑ n ɑ ]_w
[_w n i n ɑ ]_w
[_w k u ɣ u f ɑ ]_w
[_w f ɑ n ɑ ʔ m u ]_w
[_w s e k e ɭ e ]_w
[_w n o n o t o ʔ ɑ ]_w
[_w e p i ɭ i ]_w
[_w s o n o f i ʔ i ]_w
[_w ɭ i ɸ ɑ i h i ]_w
[_w k o ɭ ɑ ]_w
[_w m i n o ɣ o ]_w
[_w h ɑ j ɑ ]_w
[_w ɭ i ɭ e n o ɣ o ]_w
[_w k i ɣ i k ɑ ]_w
[_w f i f ɑ ]_w
[_w n ɑ j ɑ ]_w
[_w e t i m i ɣ o ]_w
[_w m e ɸ i ɭ i t o ]_w
[_w h i j ɑ ʔ ɑ n i ]_w
[_w t ɑ i t ɑ i ɭ ɑ ]_w
[_w k ɑ n ɑ ]_w
[_w ɭ e p e ɭ e t e ]_w
[_w t o ʔ e h i t e ]_w
[_w ɣ i ɭ i ]_w
[_w t i f i t e ]_w
[_w k e h e ɭ i ɸ e ]_w
[_w h ɑ n ɑ ʔ m o ]_w
[_w ɸ ɑ ɣ ɑ ʔ ɑ ]_w
[_w ɭ ɑ e o n i ]_w
[_w t i ɭ i ]_w
[_w t e t e ]_w
[_w f i t u ]_w
[_w e n i p ɑ ɣ u ]_w
[_w e n o h o t o ]_w
[_w ɣ ɑ ɭ u ɣ u ]_w
[_w h e t i ]_w
[_w n o f ɑ ɭ ɑ ɸ e ]_w
[_w j ɑ n ɑ n ɑ ]_w
[_w t ɑ t ɑ t i ɣ i ]_w
[_w e n i t ɑ s i ]_w
[_w m u p ɑ ]_w
[_w m e h ɑ ʔ ɑ ɭ o ]_w
[_w ɭ e h ɑ p u ]_w
[_w ɭ e n e ɣ e ɭ o ]_w
[_w ɣ i ʔ ɑ ]_w
[_w n o f o ɭ o h i ]_w
[_w m e ɣ e ʔ i ]_w
[_w e p i ɭ ɑ ɸ e ]_w
[_w n e t i t e ]_w
[_w u k i m i ]_w
[_w ɭ e p i ɸ e ]_w
[_w h u ʔ ɑ h ɑ n ɑ ]_w
[_w s u k o ]_w
[_w n o ɭ i ɣ o f ɑ ]_w
[_w n o k o t o ]_w
[_w m i n e n o ]_w
[_w k u m u ]_w
[_w m e t e p u n e ]_w
[_w p ɑ s ɑ ]_w
[_w h o ʔ o h u n ɑ ]_w
[_w e n e m e t o ]_w
[_w n o e p i ɸ o ]_w
[_w t o ʔ e h i ɸ e ]_w
[_w ɣ ɑ ɭ ɑ ɸ e ]_w
[_w k ɑ s o ʔ ɑ ]_w
[_w t u ɸ ɑ ]_w
[_w n i n ɑ j ɑ ]_w
[_w p e k e n e ]_w
[_w ɭ ɑ j ɑ h i ]_w
[_w h i ɭ ɑ t ɑ n ɑ ]_w
[_w j e s u o ]_w
[_w m u m u s o p ɑ ]_w
[_w t u ɸ u ɭ o ]_w
[_w m e ɭ i ɭ ɑ t ɑ ]_w
[_w m i n o n ɑ ɸ e ]_w
[_w k o h e ]_w
[_w m o s e h i ]_w
[_w ɑ f i ɭ i p ɑ i ]_w
[_w n o ɭ e p u n e ]_w
[_w h ɑ p ɑ ʔ ɑ n i ]_w
[_w ɭ e n u ɸ u ʔ i ]_w
[_w f ɑ j ɑ ʔ i ]_w
[_w k o s ɑ ɣ u t i ]_w
[_w n ɑ j ɑ t o ]_w
[_w s ɑ ɭ u n ɑ ɣ i ]_w
[_w e ʔ ɑ h ɑ t i ]_w
[_w ɭ i ɭ ɑ n ɑ ]_w
[_w ɭ u t o m o ]_w
[_w h ɑ n o ɣ o ]_w
[_w j i ɸ i ]_w
[_w h u ɭ ɑ ]_w
[_w ɭ i m i ]_w
[_w k ɑ u ʔ n ɑ ]_w
[_w n i p ɑ ʔ ɑ ]_w
[_w h e ʔ ɑ h ɑ n ɑ ]_w
[_w n e ɑ ɸ e ]_w
[_w n ɑ ɭ i n ɑ ]_w
[_w t i ʔ ɑ h ɑ n e ]_w
[_w h o ɸ e ]_w
[_w ɸ o m o u ɸ ɑ ]_w
[_w ɣ i ɣ u s ɑ ʔ ɑ ]_w
[_w s ɑ ɭ ɑ ɸ e ]_w
[_w n e t ɑ ɭ ɑ t ɑ ]_w
[_w s i s ɑ u ]_w
[_w o s ɑ t u ]_w
[_w ɭ ɑ f ɑ ʔ ɑ ]_w
[_w ɸ i ɭ o t o ]_w
[_w m e ɭ i ɭ o ]_w
[_w s u k u ɭ u m ɑ ]_w
[_w ɣ u m i n ɑ ɭ o ]_w
[_w n o h ɑ n ɑ ]_w
[_w ɸ o ɣ e ʔ ɑ ]_w
[_w j ɑ f ɑ t u ʔ i ]_w
[_w n e t i ɣ o ]_w
[_w ɭ e n i ɣ i ]_w
[_w h e ʔ m i t o ]_w
[_w n o ɸ i n o ɣ o ]_w
[_w ɸ o u ɸ ɑ ]_w
[_w k ɑ i ɸ ɑ ]_w
[_w ɣ e p o h i ]_w
[_w ɸ o ɭ o t o ]_w
[_w e p u ɣ i ]_w
[_w ɣ i m o f i ]_w
[_w ɑ i ʔ ɑ ɣ i ]_w
[_w n o ɭ ɑ p o ]_w
[_w ɑ t ɑ h ɑ ʔ ɑ ]_w
[_w m ɑ ɣ e ]_w
[_w n u n u ]_w
[_w ɸ o n ɑ ʔ n i ]_w
[_w e n e ɸ e ɣ e ]_w
[_w k i ɭ i t i ]_w
[_w e n u ɸ u ɭ o ]_w
[_w m e ɭ i ɭ ɑ ɸ e ]_w
[_w k ɑ p o ɭ o s e ]_w
[_w ɸ u j u ]_w
[_w ɣ e ɭ u m u ]_w
[_w n o h o t ɑ ]_w
[_w e n e ɣ e t e ]_w
[_w ɑ k ɑ ]_w
[_w ɭ o e ɣ u ]_w
[_w ɣ o ɭ ɑ ɣ o ]_w
[_w o t o ]_w
[_w n ɑ ɣ ɑ t i n i ]_w
[_w n o h u t o ʔ ɑ ]_w
[_w k o ɭ o t o ʔ i ]_w
[_w ɭ i t e ]_w
[_w h ɑ p ɑ k o ]_w
[_w e n i ɣ i ]_w
[_w n o h o n ɑ ]_w
[_w n e t ɑ ɸ e ]_w
[_w k ɑ m u ʔ n i ]_w
[_w n e h i ]_w
[_w h ɑ t o f ɑ n ɑ ]_w
[_w e n ɑ ɭ i ɣ o ]_w
[_w j ɑ m o f i h i ]_w
[_w j o s u ɑ ]_w
[_w f i ɭ i ɭ ɑ ɣ o ]_w
[_w ɸ ɑ n ɑ ]_w
[_w m o n e k o ʔ i ]_w
[_w t i ʔ ɑ h ɑ ɸ e ]_w
[_w ɸ ɑ ɸ ɑ f ɑ h ɑ ]_w
[_w h ɑ k ɑ ɣ ɑ ɭ o ]_w
[_w f i ɭ i s i ɑ ]_w
[_w n e h e t u ɣ o ]_w
[_w m e h u ]_w
[_w ɑ k u ]_w
[_w e p e ɭ e t e ]_w
[_w ɭ i s i ɑ s i u ]_w
[_w k o j o n e ]_w
[_w m ɑ ɭ i ɑ u ]_w
[_w m e h e s ɑ ɭ o ]_w
[_w ɣ o ɭ o ɣ o t o ]_w
[_w ɭ o m u ]_w
[_w ɭ e n ɑ ɣ ɑ ]_w
[_w k e s e ]_w
[_w e ʔ ɑ h ɑ ɣ o ]_w
[_w ɑ i ʔ ɑ ]_w
[_w ɭ u k e s ɑ ]_w
[_w ɭ e n u ɸ u ɭ o ]_w
[_w j ɑ ɣ ɑ k ɑ ]_w
[_w k ɑ p o ʔ i ]_w
[_w t e ɸ e ]_w
[_w ɭ i s i ]_w
[_w ɭ u ʔ ɑ h ɑ ɸ e ]_w
[_w ɭ i f i t e ɸ e ]_w
[_w ɑ i t o n i ]_w
[_w ɑ s ɑ ɣ u ]_w
[_w t ɑ t ɑ t u ]_w
[_w k e t o ]_w
[_w ɭ e m e ɣ e s ɑ ]_w
[_w ɭ e t ɑ ɭ i ɸ e ]_w
[_w ɭ u f u s ɑ ʔ ɑ ]_w
[_w ɸ i s e ]_w
[_w ɑ n ɑ ɭ o ]_w
[_w m ɑ ʔ ɑ ɣ u ]_w
[_w m ɑ n ɑ ʔ ɑ ]_w
[_w p e ɭ e s e ]_w
[_w i ɭ ɑ t ɑ ]_w
[_w j e ɣ e u ɸ ɑ ]_w
[_w h e k i n i ]_w
[_w h e n o ]_w
[_w n o ɭ i ɣ o ]_w
[_w ɣ i t e ]_w
[_w f i s ɑ ]_w
[_w j ɑ t u ]_w
[_w e n e ɭ ɑ ]_w
[_w ɣ o ʔ ɑ f i ]_w
[_w k e ɭ e ʔ i ]_w
[_w ɭ e ɸ ɑ t o ʔ i ]_w
[_w n o h ɑ t ɑ j ɑ ]_w
[_w ɸ o m o ]_w
[_w ɣ i ɭ ɑ n ɑ ]_w
[_w ɭ i ɭ i f i h e ]_w
[_w j e ɭ u s ɑ n ɑ ]_w
[_w n o h ɑ ʔ n i ]_w
[_w k u m u k o ]_w
[_w k ɑ ɭ ɑ ɸ e ]_w
[_w h u ʔ e h i ɸ e ]_w
[_w ɭ i h ɑ t i t i ]_w
[_w ɣ o j ɑ ]_w
[_w k ɑ ɣ ɑ ʔ ɑ t u ]_w
[_w m i ʔ i ]_w
[_w k ɑ i t o n i ]_w
[_w ɸ i ɭ i ɭ u ɣ i ]_w
[_w ɭ i ʔ ɑ h ɑ n ɑ ]_w
[_w k ɑ p o m o ]_w
[_w m i n ɑ ɭ o k o ]_w
[_w ɭ ɑ h ɑ ɣ o ]_w
[_w f o j ɑ ʔ ɑ s i ]_w
[_w ɑ ʔ m ɑ n ɑ ʔ ɑ ]_w
[_w ɑ i m o ]_w
[_w f o i j ɑ ]_w
[_w h i ɭ e t e ]_w
[_w m e ɸ i ɭ ɑ ɣ o ]_w
[_w s o j ɑ ]_w
[_w k e h e ɭ i t e ]_w
[_w m o n e ɸ e ɣ e ]_w
[_w k ɑ ɭ ɑ m u ]_w
[_w s ɑ ɸ i j ɑ ]_w
[_w ɸ i t ɑ ]_w
[_w ɭ ɑ p e ʔ i ]_w
[_w m o n e ɭ u ɣ u ]_w
[_w k ɑ ʔ ɑ m u ]_w
[_w t ɑ ɭ u ɸ e ]_w
[_w ɸ ɑ u n ɑ ]_w
[_w k e t i ]_w
[_w h e p ɑ t o ]_w
[_w ɸ u n ɑ ]_w
[_w ɣ o ɭ ɑ h ɑ ]_w
[_w i ɭ e t e ]_w
[_w k i m i t o ɣ ɑ ]_w
[_w t ɑ m u ʔ ɑ ]_w
[_w n o ɭ o k ɑ ]_w
[_w h i ɭ i f i ]_w
[_w k e h e ʔ m i ]_w
[_w n e h ɑ n o ɣ o ]_w
[_w h ɑ p ɑ t i ]_w
[_w p ɑ n ɑ ʔ n i ]_w
[_w k ɑ s i t o ]_w
[_w m o n o ʔ ɑ n i ]_w
[_w t i f i s ɑ ]_w
[_w s ɑ ɭ u ɸ e ]_w
[_w j o p ɑ ]_w
[_w k ɑ n ɑ ɣ o ]_w
[_w m ɑ ɣ ɑ ]_w
[_w h ɑ j ɑ ʔ ɑ ]_w
[_w k o s e ɭ e ]_w
[_w f ɑ k e n e ]_w
[_w n e ɭ e p i ɸ o ]_w
[_w ɭ i ɭ ɑ t ɑ ]_w
[_w t i ɣ i ]_w
[_w n o t u ɣ o ]_w
[_w ɑ n ɑ n ɑ ʔ n i ]_w
[_w j ɑ s i u ]_w
[_w p i t ɑ o ]_w
[_w ɸ o t i ]_w
[_w m e h i ɸ e ]_w
[_w ɭ ɑ p u s ɑ ʔ ɑ ]_w
[_w ɭ e p i ɭ e t e ]_w
[_w h o ʔ e h i ɣ o ]_w
[_w ɭ u ʔ e h i ɣ o ]_w
[_w h e ɭ e ]_w
[_w m ɑ ɭ i p u ]_w
[_w ɭ o ɭ e n o ]_w
[_w n ɑ ɣ ɑ ɭ o ]_w
[_w ɸ i ɣ o p ɑ ]_w
[_w k e ʔ m o t o ]_w
[_w e t i m i ɭ ɑ ]_w
[_w n i ʔ i ɣ o m o ]_w
[_w k e h e ɭ u ɣ u ]_w
[_w ɭ e k e ]_w
[_w n e ɭ ɑ f i j e ]_w
[_w ɭ e ʔ ɑ ɭ i ]_w
[_w t o k o ɭ o ]_w
[_w f i s e ʔ n ɑ ]_w
[_w j ɑ m ɑ ɣ i ]_w
[_w n e ɸ ɑ ʔ ɑ ]_w
[_w ɸ i ɭ i ɭ ɑ ɸ e ]_w
[_w m e ɭ i n o ɣ o ]_w
[_w s o ɭ i h i ]_w
[_w ɭ i m i t o ]_w
[_w t i ɣ o ]_w
[_w ɸ e ɸ i ɭ u ɸ e ]_w
[_w ɸ ɑ h ɑ ʔ ɑ ]_w
[_w p ɑ ʔ i ]_w
[_w k ɑ p o ʔ ɑ m u ]_w
[_w ɸ ɑ ɸ e ]_w
[_w n e ɭ ɑ ɸ e ]_w
[_w n e m e h ɑ n ɑ ]_w
[_w n o e p i t e ]_w
[_w e n ɑ j ɑ t o ]_w
[_w s ɑ ɣ e ]_w
[_w ɭ e n u ɸ u j ɑ ]_w
[_w n o ɭ e p u ɣ o ]_w
[_w ɭ i m i t o ɣ o ]_w
[_w ɭ e ɭ e s ɑ ]_w
[_w n e ɣ ɑ n ɑ n ɑ ]_w
[_w n o h i ɭ i j o ]_w
[_w k i j ɑ ʔ i ]_w
[_w n e t i n o ɣ o ]_w
[_w m e h u t o t i ]_w
[_w m e n o h u ɸ e ]_w
[_w n ɑ ɣ ɑ ʔ m u ]_w
[_w m e i ɭ i ɸ e ]_w
[_w ɭ ɑ ɭ i j ɑ ]_w
[_w f o ɭ u ɣ o ]_w
[_w h e n i ]_w
[_w ɣ i m o f i h i ]_w
[_w ɭ e p ɑ ɭ ɑ ɣ o ]_w
[_w ɑ p o ɭ o t o ]_w
[_w e p i ʔ i ɣ i ]_w
[_w m e f o ɭ o ɸ o ]_w
[_w j ɑ t o ]_w
[_w ɸ i ɸ o ]_w
[_w k o m o p ɑ ]_w
[_w ɭ i ɣ i ɣ o ]_w
[_w k ɑ t ɑ t u ʔ i ]_w
[_w n e ɣ e ɸ ɑ ]_w
[_w ɭ o k i j ɑ ʔ i ]_w
[_w k o ʔ e h i f i ]_w
[_w k o ʔ e h i ɸ e ]_w
[_w m i ɭ e t e ]_w
[_w ɭ i ɣ i n ɑ ɣ i ]_w
[_w n o h u ʔ i ɸ e ]_w
[_w k ɑ ʔ ɑ ɣ o ]_w
[_w n e e t e ]_w
[_w m i n o ɸ ɑ ]_w
[_w ɣ o ʔ n i ]_w
[_w t i m o t i h i ]_w
[_w ɭ i m i ɭ o ]_w
[_w n u ɣ u f ɑ ]_w
[_w h e p u ɭ u ]_w
[_w e t e t o ɣ ɑ ]_w
[_w n e ɭ e ʔ m o ]_w
[_w e n i ɣ i ɸ o ]_w
[_w h e ɭ e k e s u ]_w
[_w ɭ i f i ɣ o ]_w
[_w o ʔ o h u t ɑ ]_w
[_w ɭ e p o ɭ o ɸ e ]_w
[_w m i n ɑ ɭ ɑ n ɑ ]_w
[_w k i p ɑ ɣ u ]_w
[_w ɸ u ʔ e h i f i ]_w
[_w ɭ e p o ɭ o ]_w
[_w ɣ o ʔ n i f u ]_w
[_w e n o h o ɸ e ]_w
[_w s e n o ɣ o ]_w
[_w n o m i n o ]_w
[_w o ɭ ɑ ɣ o ]_w
[_w k ɑ ɣ ɑ ɭ o t i ]_w
[_w m e ɸ i ɭ o ]_w
[_w ɭ e n u m u n ɑ ]_w
[_w k ɑ ɣ ɑ ʔ n ɑ ]_w
[_w e p i n ɑ ]_w
[_w e t ɑ ɭ ɑ ɸ e ]_w
[_w h e p ɑ k ɑ ]_w
[_w k i t e ]_w
[_w t i ɸ e ]_w
[_w k ɑ u ɸ ɑ ]_w
[_w ɭ e p u n e ]_w
[_w ɭ i ɣ o ]_w
[_w e h e ]_w
[_w n ɑ m o f i h i ]_w
[_w n ɑ ɭ ɑ ɭ ɑ ɣ o ]_w
[_w j e ɣ e ]_w
[_w ɭ i m i n o ɣ o ]_w
[_w k i ɣ i ]_w
[_w ɭ ɑ h u p ɑ m o ]_w
[_w ɭ e k e s ɑ ɭ o ]_w
[_w ɑ ɭ i f i ]_w
[_w n o m i n o ɣ o ]_w
[_w ɭ i t o ]_w
[_w o k ɑ ʔ ɑ n i ]_w
[_w m e ɣ u s ɑ ]_w
[_w n e h ɑ f i ]_w
[_w f ɑ ɣ ɑ ɭ o t i ]_w
[_w f i ʔ ɑ h ɑ n e ]_w
[_w k ɑ k o ]_w
[_w s ɑ ɣ ɑ ]_w
[_w ɭ ɑ ɭ ɑ ɸ e ]_w
[_w t e ɭ e ʔ m o ]_w
[_w o k ɑ ɸ ɑ ɣ ɑ ]_w
[_w ɑ t e ]_w
[_w ɭ i ɸ i ʔ ɑ ]_w
[_w h e p ɑ k ɑ f u ]_w
[_w n o f u ]_w
[_w j u p ɑ h i f i ]_w
[_w n e t o ɣ ɑ ]_w
[_w ɭ e p i ɣ o ]_w
[_w o ɸ ɑ ]_w
[_w h ɑ n ɑ ʔ ɑ ]_w
[_w m e ɸ i s ɑ ]_w
[_w ɭ u n ɑ ]_w
[_w j o s e f e h e ]_w
[_w t i f i t ɑ ]_w
[_w ɸ ɑ h ɑ n ɑ ]_w
[_w n ɑ n i t o ɣ o ]_w
[_w e t o ]_w
[_w k u f u ʔ ɑ m u ]_w
[_w t ɑ ɣ o ]_w
[_w ɸ o n ɑ ʔ i ]_w
[_w p i t ɑ u ]_w
[_w e p o ɭ o ]_w
[_w i ɭ ɑ ɸ e ]_w
[_w ɸ o ɑ n ɑ ʔ m u ]_w
[_w n ɑ p ɑ ʔ ɑ n i ]_w
[_w ɸ i ɭ ɑ ɸ e ]_w
[_w m i k i ɭ i ]_w
[_w t i n ɑ ]_w
[_w s i ɭ i t o ]_w
[_w k o ɣ u n ɑ ɭ e ]_w
[_w ɑ n ɑ ]_w
[_w ɭ e n e k e s u ]_w
[_w k e h e ɭ i ɸ o ]_w
[_w ɭ i ʔ o h u n ɑ ]_w
[_w e n u ɸ u t o ]_w
[_w ɣ o ɭ o ɭ o ɸ e ]_w
[_w ɭ e t ɑ ɭ u ɸ e ]_w
[_w ɸ ɑ k e ]_w
[_w h i n ɑ ʔ ɑ ]_w
[_w m e ɣ o s e ]_w
[_w n o ɭ u f i h e ]_w
[_w j u t ɑ h ɑ ]_w
[_w s i ɸ i n ɑ ]_w
[_w ɣ u ɭ u j ɑ ]_w
[_w n e ɭ e t e ]_w
[_w h e ʔ m i t e ]_w
[_w t i ʔ ɑ ]_w
[_w n e k i s ɑ ʔ ɑ ]_w
[_w e t e ɭ e ʔ i ]_w
[_w ɭ ɑ ɸ ɑ ɣ ɑ ]_w
[_w ɸ i h ɑ ʔ ɑ ɣ ɑ ]_w
[_w n ɑ p ɑ ]_w
[_w ɸ e ɣ e n o ɣ o ]_w
[_w h e p i t e ]_w
[_w k e ɭ i ]_w
[_w h i ɭ o ]_w
[_w ɭ o e f i ]_w
[_w ɣ e ʔ ɑ ]_w
[_w ɭ e s ɑ ]_w
[_w ɣ e ɭ e t e ]_w
[_w ɭ o k ɑ ]_w
[_w ɭ u ɣ u t i ]_w
[_w ɭ e ɭ e s ɑ t i ]_w
[_w m e h ɑ n ɑ ]_w
[_w n i p ɑ ɣ u ]_w
[_w e n ɑ j ɑ ]_w
[_w h i ɭ u ʔ i ɸ e ]_w
[_w e t ɑ ɭ ɑ t ɑ ]_w
[_w h u t o t i ]_w
[_w ɑ k i ɭ i ]_w
[_w k ɑ t i n i ]_w
[_w t o s e ]_w
[_w ɑ ɭ u n e ]_w
[_w e n ɑ ɭ i ɸ e ]_w
[_w t i ɭ i n ɑ ]_w
[_w ɭ u ɸ ɑ ɭ o ]_w
[_w k i t o ]_w
[_w s i ɭ i s i p i ]_w
[_w e m i ɭ u ɣ i ]_w
[_w h i t o ɣ o ]_w
[_w ɭ u t o ɸ e ]_w
[_w h o s o p ɑ ]_w
[_w f o ɭ o ]_w
[_w f ɑ j ɑ ʔ ɑ ]_w
[_w ɭ u k e s ɑ ʔ ɑ ]_w
[_w ɣ i ɭ e t e ]_w
[_w ɭ u ɭ ɑ t ɑ n ɑ ]_w
[_w m i n o t o ]_w
[_w e m i ɭ o ]_w
[_w s o ɸ o s e ]_w
[_w j ɑ h ɑ ʔ ɑ ]_w
[_w e t i m i t e ]_w
[_w h e ɭ e t e ]_w
[_w j o ɣ o ʔ n i ]_w
[_w n e m e ɣ e ʔ i ]_w
[_w i s e ]_w
[_w ɸ o ʔ n i f i ]_w
[_w j e m e s i ]_w
[_w s i p ɑ ]_w
[_w n o p o f i h i ]_w
[_w ɣ ɑ p o ʔ m u ]_w
[_w ɸ ɑ ɣ o ]_w
[_w e n ɑ ɣ ɑ k ɑ ]_w
[_w m e h i n ɑ ]_w
[_w e m i t o ]_w
[_w t i ɭ ɑ t ɑ ]_w
[_w n e m i n ɑ t ɑ ]_w
[_w e t e ]_w
[_w m ɑ ɭ ɑ ɣ o ]_w
[_w s i ɭ ɑ ɣ o ]_w
[_w n o ɭ i m i ɣ o ]_w
[_w ɸ o n ɑ ]_w
[_w n ɑ ɭ u p i ]_w
[_w k e k e t o n ɑ ]_w
[_w ɭ i s i p ɑ ]_w
[_w j ɑ f ɑ u ɸ ɑ ]_w
[_w s o p o h o ]_w
[_w p ɑ ʔ u ɸ ɑ ]_w
[_w m e s o ɸ o s e ]_w
[_w k o ɣ o ɭ o t o ]_w
[_w i ɭ o t o k ɑ ]_w
[_w ɭ e p e ɭ e s ɑ ]_w
[_w n e ɣ e t e ]_w
[_w t o ɭ o ɑ s i ]_w
[_w f i ɸ e ]_w
[_w f e ɭ ɑ n ɑ ]_w
[_w s i s ɑ k ɑ u ]_w
[_w n e k i t o ]_w
[_w ɣ i ɭ ɑ t ɑ ]_w
[_w m o n e j ɑ ɣ i ]_w
[_w ɑ i ʔ ɑ m u ]_w
[_w k e m e ɣ e ]_w
[_w f i ɭ i p i t o ]_w
[_w e n o h o k ɑ ]_w
[_w k e k e s ɑ ]_w
[_w n o ɭ e p u ɣ u ]_w
[_w ɸ ɑ i ʔ i ]_w
[_w s o ɭ i n ɑ ]_w
[_w k e j ɑ ʔ i ]_w
[_w k ɑ ɭ ɑ f ɑ ʔ ɑ ]_w
[_w h u t i t ɑ ]_w
[_w ɣ i ʔ ɑ ɭ o ]_w
[_w s o ɭ i o ]_w
[_w ɭ e k e s ɑ ʔ ɑ ]_w
[_w h i ɭ u p i ]_w
[_w m ɑ ɭ ɑ ɭ ɑ n ɑ ]_w
[_w s i s ɑ ]_w
[_w h e t o f ɑ ]_w
[_w e n o n o t o ]_w
[_w h i t e ]_w
[_w e p e ɭ e s i ]_w
[_w ɸ o n ɑ ʔ ɑ f u ]_w
[_w h u t o ɣ o ]_w
[_w e t ɑ ɭ ɑ ]_w
[_w ɭ e ɣ e ]_w
[_w ɭ ɑ ɭ u n ɑ ʔ ɑ ]_w
[_w i n o m o ɭ ɑ ]_w
[_w ɸ u n e ]_w
[_w s i ɭ ɑ e ɭ i ]_w
[_w n o ɑ ɣ o ]_w
[_w ɑ ɣ i ɭ i p ɑ u ]_w
[_w m ɑ ʔ ɑ s i ɣ o ]_w
[_w f i ɭ i t e ]_w
[_w m e t e ]_w
[_w n o h i ]_w
[_w ɸ o n o h o t ɑ ]_w
[_w h ɑ p ɑ ʔ n i ]_w
[_w n e h ɑ f i j e ]_w
[_w m u k o h o ]_w
[_w j ɑ t ɑ ʔ ɑ ]_w
[_w m e t o ]_w
[_w k u ɸ u k ɑ ɣ u ]_w
[_w ɸ ɑ ɣ ɑ ʔ i ]_w
[_w h ɑ p ɑ ]_w
[_w k ɑ f e ʔ ɑ ]_w
[_w k ɑ ɣ ɑ ʔ m u ]_w
[_w k u ɭ u ]_w
[_w m ɑ ɣ i h i ]_w
[_w s o ɭ o m o n i ]_w
[_w n e ɸ ɑ ]_w
[_w e n e ɭ e ʔ n ɑ ]_w
[_w k i m i ɭ ɑ n ɑ ]_w
[_w n o m ɑ ɭ ɑ n ɑ ]_w
[_w ɭ i ʔ ɑ h ɑ ɸ e ]_w
[_w ɸ e n ɑ ]_w
[_w ɸ o t i n i ]_w
[_w ɭ ɑ ɣ ɑ s o ʔ ɑ ]_w
[_w m o n o t o ]_w
[_w i n ɑ ]_w
[_w e t e k ɑ ]_w
[_w n o i ɣ o ]_w
[_w s i s ɑ ɭ o t i ]_w
[_w m e ɭ o s i u ]_w
[_w m o ɭ o ɣ ɑ ]_w
[_w h i ʔ ɑ h ɑ n ɑ ]_w
[_w ɣ u f ɑ ʔ ɑ m u ]_w
[_w p o ɭ u ɣ o ]_w
[_w e n ɑ ɸ e ]_w
[_w n i ʔ i ɣ i ]_w
[_w ɑ ɭ i h i ]_w
[_w ɭ ɑ ɭ ɑ n ɑ ]_w
[_w ɸ e t o ]_w
[_w m o n e p i ]_w
[_w t o ɭ o k ɑ ]_w
[_w ɣ e ɣ i s ɑ ]_w
[_w k i ɸ i n ɑ ]_w
[_w ɭ i f i s e ]_w
[_w s i ɭ i n ɑ ]_w
[_w f i ɭ i ɣ i ]_w
[_w i ɭ ɑ ɣ o ]_w
[_w m e h u ɸ ɑ ]_w
[_w ɑ n ɑ n i ʔ n i ]_w
[_w t i ɣ i ɸ ɑ ]_w
[_w ɭ i ɭ ɑ ]_w
[_w m e h o s e ]_w
[_w f ɑ j ɑ h i ]_w
[_w ɭ o t o ]_w
[_w j u p ɑ ɭ ɑ ]_w
[_w f o j ɑ ɭ o ]_w
[_w ɣ ɑ ɭ e s i ɑ ]_w
[_w i ɭ e n o ]_w
[_w s i s e ʔ n ɑ ]_w
[_w p e f o s i ]_w
[_w ɭ e ɣ e s ɑ ɭ o ]_w
[_w f e ɭ e f u ɣ u ]_w
[_w j u t ɑ s i ]_w
[_w ɸ u ɣ u ]_w
[_w s i t i ɑ ]_w
[_w n i ɭ i ]_w
[_w j ɑ ɣ ɑ ʔ i ]_w
[_w i t e ]_w
[_w h e f u ]_w
[_w j ɑ s i p ɑ ɭ o ]_w
[_w m e s i u ]_w
[_w t ɑ m u ʔ i ]_w
[_w f i ɭ i ɣ o ]_w
[_w ɑ ɭ o ]_w
[_w m e ɣ ɑ ɭ ɑ n e ]_w
[_w ɸ o k i s i ]_w
[_w s ɑ m ɑ ɭ i ɑ ]_w
[_w j ɑ ʔ ɑ s i ɣ o ]_w
[_w m e m ɑ ɭ ɑ ɭ o ]_w
[_w n ɑ ɭ ɑ t ɑ ]_w
[_w k o j o ɸ e ]_w
[_w m u s u f ɑ ɭ o ]_w
[_w j e m e s i u ]_w
[_w ɭ e n i f i ]_w
[_w ɭ i m i ɭ ɑ ɣ o ]_w
[_w j ɑ ʔ m ɑ ɣ i ]_w
[_w k e t e ]_w
[_w n e n ɑ ɸ ɑ ɣ ɑ ]_w
[_w h i ɭ i f i ɣ o ]_w
[_w f o ɭ o ɸ e ]_w
[_w ɑ k u ʔ i ]_w
[_w n o e p i n ɑ ]_w
[_w h o ɭ e n o ɣ o ]_w
[_w k o ɭ o s i ]_w
[_w h e f i ]_w
[_w ɣ ɑ ɭ i n ɑ ʔ ɑ ]_w
[_w ɸ i n o ɣ o ]_w
[_w j ɑ ɣ ɑ f i ]_w
[_w i ɭ ɑ n ɑ ]_w
[_w n e h i t e ]_w
[_w k e ʔ ɑ ]_w
[_w k ɑ p o ɭ u h i ]_w
[_w p o ɭ u h i ]_w
[_w e m ɑ ɣ i ]_w
[_w k u t u ]_w
[_w j ɑ f ɑ ʔ n ɑ ]_w
[_w ɭ ɑ ɭ u ɣ ɑ ]_w
[_w k i ɣ i h i ]_w
[_w ɭ i ʔ e h i n ɑ ]_w
[_w j e ɭ i k o ]_w
[_w ɭ ɑ n ɑ ʔ i f i ]_w
[_w ɣ u m i ʔ ɑ ]_w
[_w o k ɑ ɭ ɑ n ɑ ]_w
[_w f i n o ]_w
[_w i ɭ u ɸ e ]_w
[_w j u p ɑ ɭ ɑ ɣ o ]_w
[_w k ɑ i ʔ i ]_w
[_w n o k u m u ]_w
[_w n i m i t o ]_w
[_w f o k e ]_w
[_w m e n o h i n ɑ ]_w
[_w e m i ɭ i ɸ o ]_w
[_w s ɑ ɭ e ]_w
[_w ɭ ɑ e o n i t u ]_w
[_w m i n ɑ ɭ i ]_w
[_w n ɑ ɣ ɑ ɭ o t i ]_w
[_w m e ɭ e ʔ n ɑ ]_w
[_w n ɑ n i t o ɣ ɑ ]_w
[_w h i j ɑ ɣ ɑ k ɑ ]_w
[_w k o ɭ i t i ]_w
[_w e ʔ ɑ h ɑ n ɑ ]_w
[_w p ɑ n ɑ ʔ i s e ]_w
[_w ɑ ɭ i ɸ e ]_w
[_w t ɑ ɭ i n ɑ ]_w
[_w k ɑ t ɑ t u ]_w
[_w m e n o h ɑ ʔ ɑ ]_w
[_w k ɑ ʔ ɑ n i ]_w
[_w ɑ t e h ɑ k ɑ ]_w
[_w s u ɣ u n ɑ ɭ e ]_w
[_w t e ɭ e ʔ ɑ ɭ e ]_w
[_w h e p ɑ ɭ u ɣ i ]_w
[_w n o ɸ u ɸ e ]_w
[_w h u ɭ ɑ ɣ o ]_w
[_w t e ɣ i n ɑ ɣ o ]_w
[_w ɸ o t i ɭ o ]_w
[_w ɭ ɑ ɭ ɑ n e ]_w
[_w f e p ɑ ]_w
[_w ɭ u s ɑ ]_w
[_w h i s e ʔ n ɑ ]_w
[_w n o t o ]_w
[_w h ɑ n e ]_w
[_w m ɑ t ɑ u ]_w
[_w ɣ o n ɑ m u ]_w
[_w k e h e ɭ i j ɑ ]_w
[_w n o ɣ o t o ]_w
[_w ɑ ʔ i ]_w
[_w h ɑ p ɑ ʔ ɑ m u ]_w
[_w ɑ h i ]_w
[_w ɸ u f ɑ ]_w
[_w f ɑ t e h i ]_w
[_w n ɑ ɣ ɑ ɸ o ]_w
[_w ɭ ɑ t ɑ j ɑ ]_w
[_w k e t i p ɑ ]_w
[_w m o ɭ o s e ]_w
[_w n o h i n ɑ ʔ ɑ ]_w
[_w h e p i s e ]_w
[_w ɸ u ɭ u ]_w
[_w k ɑ m e ɭ i s e ]_w
[_w n e h e t i t o ]_w
[_w s i p i s i ]_w
[_w ɸ o t i n i o ]_w
[_w ɸ o n ɑ ʔ i s i ]_w
[_w s ɑ f ɑ ʔ ɑ ɣ u ]_w
[_w h ɑ ɸ ɑ h u ɸ ɑ ]_w
[_w k o s ɑ t u ]_w
[_w t i ɭ i ɣ i ɸ o ]_w
[_w n ɑ ɭ i j ɑ ]_w
[_w k ɑ ɭ ɑ ]_w
[_w ɑ n u t u ]_w
[_w ɭ i m i n o ɸ o ]_w
[_w j u t i ɑ ]_w
[_w t i ʔ o h u ɸ e ]_w
[_w n e h e t o ]_w
[_w f i ʔ ɑ h ɑ n ɑ ]_w
[_w k i ɣ i h i t i ]_w
[_w m i n e ɭ ɑ ɸ e ]_w
[_w ɭ o h o ]_w
[_w ɸ u ɭ e n o ɣ o ]_w
[_w n e m e ɭ e k e ]_w
[_w f u ɭ u n ɑ ʔ ɑ ]_w
[_w j u p ɑ ]_w
[_w h ɑ p ɑ k ɑ f u ]_w
[_w h e n i ɸ i t ɑ ]_w
[_w h ɑ ɸ ɑ f i ]_w
[_w h o ɭ o ɭ ɑ ɣ o ]_w
[_w ɭ u ɣ o ]_w
[_w f i ɭ i ɭ o t o ]_w
[_w ɭ e n u ɣ ɑ ]_w
[_w f i ʔ ɑ h ɑ t ɑ ]_w
[_w ɣ i ɭ u ɸ e ]_w
[_w h e ɭ ɑ ɣ o ]_w
[_w m u s i ]_w
[_w t i s e ]_w
[_w f e ɣ u ]_w
[_w m ɑ n ɑ ʔ n i ]_w
[_w ɣ o ɭ o ɣ ɑ ]_w
[_w f o j ɑ ʔ m u ]_w
[_w t ɑ t ɑ t i ]_w
[_w ɸ ɑ ɸ ɑ f i ]_w
[_w n e ɣ i ]_w
[_w n o h e ʔ m e ]_w
[_w i t o ʔ n i ]_w
[_w k e ɣ e ɭ e h e ]_w
[_w j ɑ ɣ o ]_w
[_w k ɑ ɣ ɑ u ɸ ɑ ]_w
[_w h e p i t o ɣ ɑ ]_w
[_w s i k ɑ ɭ ɑ ]_w
[_w f o t o ɣ o ]_w
[_w i ɭ i ɸ e ]_w
[_w f e t e ]_w
[_w s o f o ]_w
[_w s ɑ ɣ u ]_w
[_w t ɑ s ɑ s i ]_w
[_w m ɑ t ɑ ]_w
[_w n ɑ m o ]_w
[_w ɭ e m e ɣ e ʔ i ]_w
[_w m e h ɑ n ɑ j ɑ ]_w
[_w e f ɑ t u f i ]_w
[_w ɣ ɑ ɭ u n e ]_w
[_w m e h o ɸ o ]_w
[_w f e n e n e ]_w
[_w ɭ i s i ɑ s i ]_w
[_w k e j e ɭ ɑ t ɑ ]_w
[_w f i ɭ i ɭ ɑ ɸ e ]_w
[_w m o n e k ɑ ]_w
[_w m u ɭ i ɭ u p i ]_w
[_w ɸ e ɸ i ɭ u n e ]_w
[_w ɣ i n ɑ ɣ o ]_w
[_w ɣ e n o ɣ o t o ]_w
[_w n ɑ m ɑ m o ]_w
[_w k e ɣ e ɭ o ]_w
[_w j e m e s i ɑ u ]_w
[_w n e t o ]_w
[_w ɣ e ɭ o u ɸ ɑ ]_w
[_w ɭ ɑ ɣ ɑ ʔ ɑ ɣ ɑ ]_w
[_w m e ɸ i ɭ u n ɑ ]_w
[_w h ɑ n ɑ ʔ i n ɑ ]_w
[_w ɣ o ʔ ɑ n i ]_w
[_w e t ɑ ɭ u n e ]_w
[_w k i ɸ i t ɑ ]_w
[_w f u ɭ i ]_w
[_w ɭ e p i ɭ i j o ]_w
[_w ɑ f e h i ]_w
[_w m e ɭ e ]_w
[_w ɭ ɑ p u s ɑ ]_w
[_w ɣ u f i ʔ i ]_w
[_w t u ɣ u m ɑ ʔ i ]_w
[_w i s ɑ k ɑ h i ]_w
[_w h i j ɑ ]_w
[_w h ɑ ɸ ɑ h i ]_w
[_w ɣ o ɭ o ɭ o t o ]_w
[_w n ɑ p ɑ ʔ i ]_w
[_w h ɑ f i ɭ i t o ]_w
[_w n i ʔ i n ɑ ɣ i ]_w
[_w ɭ ɑ ɭ i ɸ e ]_w
[_w s i m i o n i u ]_w
[_w j u h u f ɑ s i ]_w
[_w n ɑ ɣ ɑ t u ]_w
[_w n o h u t ɑ m o ]_w
[_w ɸ i h u ]_w
[_w m e ɣ e s e ]_w
[_w k o t i ]_w
[_w i ʔ o h u n e ]_w
[_w m ɑ ɭ ɑ ʔ i ɸ e ]_w
[_w h i j ɑ ɣ ɑ t i ]_w
[_w k e ɣ e ɸ ɑ ]_w
[_w ɭ e n ɑ ɭ i ]_w
[_w m e ɣ o ɭ ɑ h i ]_w
[_w ɸ ɑ k o ]_w
[_w j e s u h i ]_w
[_w h i s e ]_w
[_w k e t ɑ ɭ o ]_w
[_w n e h e ]_w
[_w h o k o ɭ o s i ]_w
[_w ɭ e k e s ɑ ]_w
[_w ɭ i ɸ i ]_w
[_w m e t i ɭ o ]_w
[_w ɭ ɑ ɭ u ʔ ɑ ɣ i ]_w
[_w m e h u s e ʔ i ]_w
[_w e t ɑ n i ]_w
[_w ɑ ɭ i j o ]_w
[_w n e ɭ ɑ f i ]_w
[_w ɸ u k u ]_w
[_w e t ɑ ɸ e ]_w
[_w ɸ i ɭ i ɭ o t o ]_w
[_w ɑ f o ʔ ɑ f i ]_w
[_w e n i t ɑ ]_w
[_w ɣ u ʔ i ]_w
[_w n o ʔ e h i ɸ e ]_w
[_w ɣ i t o ]_w
[_w h e n ɑ ʔ ɑ ]_w
[_w k ɑ i ɸ e ]_w
[_w j ɑ ʔ m ɑ ɣ o ]_w
[_w ɑ n ɑ s i ]_w
[_w k u ɣ u m ɑ ʔ i ]_w
[_w i t i ]_w
[_w ɑ h e ʔ m o ]_w
[_w ɸ i ɭ u n e ]_w
[_w n e ɭ e s ɑ t i ]_w
[_w m i n ɑ ɭ i ʔ i ]_w
[_w k ɑ m ɑ n u ɣ ɑ ]_w
[_w f ɑ ɣ ɑ ɭ o ]_w
[_w e n o ]_w
[_w t u ɣ o ]_w
[_w f i ɭ i ɭ i ɸ e ]_w
[_w s o m o ɣ u ]_w
[_w m e n o ɭ o k ɑ ]_w
[_w j ɑ ɭ o t i ]_w
[_w h e f u h i ]_w
[_w ɑ n ɑ ʔ m u ]_w
[_w k u ɸ u t u ]_w
[_w m e ɭ e k e h i ]_w
[_w f ɑ t e h ɑ k ɑ ]_w
[_w h e p i ɭ o t o ]_w
[_w n u ɣ u f ɑ ʔ ɑ ]_w
[_w ɭ o ʔ e h i ɣ o ]_w
[_w ɸ o t i ɣ u t i ]_w
[_w n e ɑ n ɑ ]_w
[_w n o n u ɣ u ]_w
[_w ɭ o t i ]_w
[_w ɭ o ɭ ɑ ɣ o ]_w
[_w k i j i ʔ ɑ f u ]_w
[_w k o m u ʔ i ]_w
[_w ɭ u ɸ ɑ ]_w
[_w m i n o t ɑ ]_w
[_w ɸ i ɭ u ɸ e ]_w
[_w h ɑ ɭ u ɸ e ]_w
[_w ɸ i t o ɣ ɑ ]_w
[_w ɸ i ɭ u t ɑ ʔ ɑ ]_w
[_w h e p i ]_w
[_w h u ɭ i ]_w
[_w m e ɭ e k o ]_w
[_w ɑ ʔ m ɑ ]_w
[_w m e ɭ e ɸ e ]_w
[_w n e h i ɭ o ]_w
[_w t i m o t i o ]_w
[_w ɣ u m i n ɑ ɣ u ]_w
[_w ɣ ɑ ɭ i n ɑ m o ]_w
[_w ɭ e ɣ i t ɑ n ɑ ]_w
[_w n o ɭ i m i ɭ o ]_w
[_w n o e p i ɣ o ]_w
[_w n o n u ɣ u t i ]_w
[_w t e ɣ i n ɑ ɣ i ]_w
[_w ɭ e ʔ m e ]_w
[_w n o h ɑ ɸ e ]_w
[_w n e t i ɣ i ]_w
[_w j ɑ t ɑ i ]_w
[_w p ɑ n ɑ ʔ i ]_w
[_w f i ɭ i ɭ ɑ n ɑ ]_w
[_w m u j ɑ n ɑ ]_w
[_w j ɑ h i ]_w
[_w n e h ɑ n ɑ ʔ ɑ ]_w
[_w f i n o ɣ o ]_w
[_w k ɑ ɸ ɑ ʔ ɑ ]_w
[_w i f o ʔ ɑ ɣ u ]_w
[_w o p o h i ]_w
[_w n e ɣ e n e ]_w
[_w ɑ ɭ i f i n ɑ ]_w
[_w h o f ɑ ]_w
[_w ɭ i ɣ i n ɑ ]_w
[_w k i m i ɭ i ɸ e ]_w
[_w ɑ t e h e ]_w
[_w t o ɣ ɑ ]_w
[_w ɸ o t i o ]_w
[_w t u ɣ u m ɑ ]_w
[_w m ɑ ɣ e ʔ ɑ ]_w
[_w n o h u n ɑ ɭ e ]_w
[_w ɸ e ɣ e n ɑ ]_w
[_w e n o ɣ o ]_w
[_w h i t i ʔ i ]_w
[_w ɸ u k ɑ ɣ u ]_w
[_w h i ɭ ɑ ɸ e ]_w
[_w n o ɸ i n ɑ ]_w
[_w m ɑ m u f ɑ ]_w
[_w t ɑ f ɑ ʔ ɑ ɭ o ]_w
[_w ɑ s ɑ ɣ ɑ ]_w
[_w k e n ɑ s ɑ n ɑ ]_w
[_w m e ɭ u ]_w
[_w ɣ ɑ m ɑ n ɑ ʔ ɑ ]_w
[_w ɑ f o k ɑ f u ]_w
[_w n e h e j ɑ ]_w
[_w p e ɣ ɑ m u m ɑ ]_w
[_w e n ɑ h ɑ ɣ o ]_w
[_w n i m i ɸ o ]_w
[_w m i n ɑ ɭ i j o ]_w
[_w s i p i n ɑ ʔ ɑ ]_w
[_w m o ɭ o ɸ o ]_w
[_w n e t o t o ]_w
[_w ɭ u ʔ ɑ ɣ i ]_w
[_w f i ɭ i ɣ i t o ]_w
[_w k u ɣ u m ɑ ]_w
[_w h ɑ p i j e ]_w
[_w ɭ e t ɑ ɣ ɑ ]_w
[_w e n ɑ ɭ i ]_w
[_w ɭ ɑ ɭ u ʔ ɑ f u ]_w
[_w ɭ i ɭ i ɸ e ]_w
[_w ɭ o t o ʔ ɑ ]_w
[_w i p ɑ ɣ u ]_w
[_w t i ʔ o h u n ɑ ]_w
[_w h i ɭ i n ɑ f i ]_w
[_w h i f i ]_w
[_w ɭ e h e ]_w
[_w ɸ u ʔ e h i n ɑ ]_w
[_w ɭ i ʔ ɑ h ɑ ɣ o ]_w
[_w h e k i ɭ i h e ]_w
[_w f u ɭ u n ɑ ɣ i ]_w
[_w h i n ɑ j ɑ ]_w
[_w j o k o ɭ e ]_w
[_w m e n i m i s e ]_w
[_w ɣ ɑ ɭ ɑ h ɑ u ]_w
[_w h u s e ]_w
[_w h e ʔ ɑ h ɑ n e ]_w
[_w h e p ɑ ʔ ɑ ɣ ɑ ]_w
[_w s e p e t i h i ]_w
[_w o ʔ o h u n e ]_w
[_w m o n e ɸ e ]_w
[_w k ɑ i j ɑ u ]_w
[_w f ɑ ɭ u ʔ ɑ f i ]_w
[_w ɭ i ɣ i t i ]_w
[_w n o ɭ ɑ ]_w
[_w t o ɭ o f i m u ]_w
[_w m u ɭ ɑ ]_w
[_w f ɑ t e h e ]_w
[_w f u ɭ u n ɑ ]_w
[_w ɭ u ɣ e f ɑ ]_w
[_w ɭ o ɭ o t o ʔ i ]_w
[_w m e s i ]_w
[_w k o m o p ɑ t i ]_w
[_w ɑ n ɑ t o ɣ ɑ ]_w
[_w t e ɭ e n o ɣ o ]_w
[_w ɭ i f i ɭ u n e ]_w
[_w m e ɭ u ɣ u f ɑ ]_w
[_w k u ɸ u ]_w
[_w o ɭ o ɣ ɑ ]_w
[_w ɸ ɑ ɣ ɑ ʔ ɑ ɣ u ]_w
[_w k o f o h i ]_w
[_w k i m i ɭ ɑ ɣ o ]_w
[_w h e t i t o ]_w
[_w e m i s e ]_w
[_w ɭ i ɸ i ʔ ɑ n i ]_w
[_w ɸ u ɸ ɑ ]_w
[_w ɭ ɑ h u p ɑ ]_w
[_w k ɑ n ɑ ɣ u ]_w
[_w n o i t o ]_w
[_w k e ɭ e ʔ m o ]_w
[_w f i ɭ i p ɑ o ]_w
[_w h u ʔ m ɑ ]_w
[_w f i ɭ i p i t e ]_w
[_w n o f ɑ ɭ ɑ ]_w
[_w n o ɸ i ɣ o ]_w
[_w h ɑ t o f ɑ ]_w
[_w n e t ɑ ɭ ɑ ɸ e ]_w
[_w m e s i ɣ o ]_w
[_w ɭ ɑ ɣ ɑ ʔ i ]_w
[_w k e t ɑ ]_w
[_w s ɑ m ɑ ɭ o ]_w
[_w e n o h o t ɑ ]_w
[_w o p o h o ]_w
[_w ɭ e t ɑ ɸ e ]_w
[_w e m i ɭ u t ɑ ]_w
[_w m ɑ ɣ e ʔ i ]_w
[_w e p i ɭ i j o ]_w
[_w t i ɣ i ɸ o ]_w
[_w m o n e t o t o ]_w
[_w h o s e ʔ n ɑ ]_w
[_w n o ɭ u t o ʔ ɑ ]_w
[_w ɸ u ɭ u m ɑ k ɑ ]_w
[_w f i t o ]_w
[_w t i s e ʔ n ɑ ]_w
[_w t ɑ u s e n i ]_w
[_w m e ɭ i ɭ o t o ]_w
[_w j ɑ ʔ ɑ ]_w
[_w m i n o ɣ o ɸ e ]_w
[_w k i p ɑ k ɑ ɣ u ]_w
[_w s ɑ ɭ ɑ f ɑ t u ]_w
[_w k e n e ʔ u ɸ ɑ ]_w
[_w o ɭ o ɣ o ]_w
[_w e n o n o ɣ o ]_w
[_w n ɑ p ɑ ʔ ɑ ɣ o ]_w
[_w ɭ i ɸ i ʔ i ]_w
[_w ɭ i ɭ i ʔ n ɑ ]_w
[_w f i ɭ i n ɑ ]_w
[_w ɭ e p u ɣ o ]_w
[_w ɭ i ɭ i n ɑ ]_w
[_w ɭ u s i ɣ ɑ ]_w
[_w m i n ɑ ɭ o ʔ i ]_w
[_w f o i p ɑ ʔ n i ]_w
[_w m e m e ]_w
[_w m e ɭ u ɸ e ]_w
[_w k ɑ ʔ ɑ t i t ɑ ]_w
[_w m o n e ɸ e f i ]_w
[_w n i m i t o ɣ ɑ ]_w
[_w ɑ f e t o ɣ ɑ ]_w
[_w h e ɭ e n o ɣ o ]_w
[_w ɭ o k o ]_w
[_w ɑ i t o ]_w
[_w ɸ o n ɑ ʔ ɑ m o ]_w
[_w ɭ i ɸ i t ɑ ]_w
[_w ɣ i ɣ o ]_w
[_w m i j ɑ ɣ ɑ ʔ ɑ ]_w
[_w f u t i ɭ i n ɑ ]_w
[_w h e n ɑ ɣ ɑ ɸ u ]_w
[_w ɑ ɭ o ɭ o ]_w
[_w ɸ o t i ɣ o ]_w
[_w m e ɸ i ɭ u ɸ e ]_w
[_w n u ɣ u ]_w
[_w n o h e ʔ m i ]_w
[_w i m e ]_w
[_w ɭ u ɸ u ɭ o ]_w
[_w s ɑ m ɑ h i ]_w
[_w n o ɭ u t o ]_w
[_w ɑ ɭ i f i t e ]_w
[_w m o ɭ o t o ]_w
[_w ɸ o n ɑ t o ɣ ɑ ]_w
[_w n u m u ]_w
[_w ɣ i ɭ ɑ n e ]_w
[_w e f ɑ h ɑ k ɑ ]_w
[_w ɸ i n ɑ ]_w
[_w t ɑ ɭ ɑ n ɑ ]_w
[_w o ɭ i ɸ e ]_w
[_w t i t i ]_w
[_w m e ɣ e s ɑ ɣ ɑ ]_w
[_w j ɑ h ɑ ʔ ɑ ɭ o ]_w
[_w ɭ e p i ɭ ɑ ɸ e ]_w
[_w k i j i ʔ ɑ ɣ i ]_w
[_w n o t i ɸ e ]_w
[_w ɭ ɑ ɭ i t o ]_w
[_w n ɑ ɣ ɑ m u m ɑ ]_w
[_w k ɑ ɣ ɑ t i ]_w
[_w h u ɭ e n o ɣ o ]_w
[_w n ɑ j ɑ h i ]_w
[_w f ɑ j ɑ h ɑ ʔ ɑ ]_w
[_w ɭ o ɣ o u ɸ ɑ ]_w
[_w j ɑ t ɑ m ɑ ɭ o ]_w
[_w m e m o ɭ o m o ]_w
[_w m e n ɑ ɭ i n ɑ ]_w
[_w m e e m i s e ]_w
[_w ɣ o m o ]_w
[_w ɸ i ɑ ]_w
[_w ɭ i p i ]_w
[_w ɭ e ɣ e j ɑ ]_w
[_w h e n ɑ ɸ ɑ s u ]_w
[_w u t e h i ]_w
[_w t i k i k u ]_w
[_w j ɑ ɣ i ]_w
[_w f i ɭ i ɭ u ɸ e ]_w
[_w f i n ɑ ]_w
[_w ɭ o f o k e ]_w
[_w k ɑ ɭ u ɸ e ]_w
[_w n e ɭ i t e ]_w
[_w ɸ o n ɑ t o ɣ o ]_w
[_w ɣ u f ɑ ʔ ɑ ɣ ɑ ]_w
[_w k ɑ k i ɭ i t i ]_w
[_w n e ɭ e ʔ n ɑ ]_w
[_w n i m i ɣ o ]_w
[_w ɑ k ɑ f u ]_w
[_w m i k i ɭ i t o ]_w
[_w n o h i ɣ o m o ]_w
[_w t o k o ɭ o ɭ ɑ ]_w
[_w ɭ o t ɑ ]_w
[_w p ɑ t ɑ ]_w
[_w h e n i ɸ e ]_w
[_w h e n e t i ɣ o ]_w
[_w j e ɣ e ʔ n ɑ ]_w
[_w ɣ o f ɑ ]_w
[_w ɑ ɭ i ]_w
[_w n ɑ ɣ ɑ ʔ ɑ n i ]_w
[_w m o ɭ o s i ]_w
[_w ɸ u ʔ e h i ɣ o ]_w
[_w k u s i ]_w
[_w m ɑ k i h i ]_w
[_w n e h ɑ ʔ i ɣ o ]_w
[_w e ɭ ɑ i j ɑ u ]_w
[_w t i f i t e ɸ e ]_w
[_w n i n ɑ ɭ u t ɑ ]_w
[_w e m i ɭ i j o ]_w
[_w ɭ e n i ɣ i k ɑ ]_w
[_w m e n i ʔ ɑ ]_w
[_w ɸ o ɭ o ]_w
[_w f i ɭ i p i u ]_w
[_w m e m e ʔ ɑ n i ]_w
[_w h o ɭ i ]_w
[_w j ɑ n ɑ n ɑ ʔ ɑ ]_w
[_w ɣ i ɭ i p ɑ u ]_w
[_w k ɑ ɸ ɑ ɣ ɑ ]_w
[_w ɣ o ʔ o h u t ɑ ]_w
[_w m ɑ ɭ ɑ ɭ ɑ ɸ e ]_w
[_w j u h u f ɑ n ɑ ]_w
[_w ɭ e m e h i ]_w
[_w n o m i n o n e ]_w
[_w t i ʔ o h u n e ]_w
[_w n o n ɑ ʔ m u ]_w
[_w m e ɣ u s ɑ ʔ ɑ ]_w
[_w k ɑ n ɑ ʔ ɑ s i ]_w
[_w e p i ɸ o ]_w
[_w ɸ i ɭ i n ɑ ]_w
[_w m e ɑ ɸ e ]_w
[_w ɑ p o s o ɭ o ]_w
[_w n e m i n ɑ ɣ o ]_w
[_w k e j e ]_w
[_w h u t o ʔ i ]_w
[_w j ɑ m ɑ ]_w
[_w h i s ɑ ɭ o ]_w
[_w e p o ɭ o ɸ ɑ ]_w
[_w k ɑ ɣ ɑ ʔ ɑ m u ]_w
[_w n ɑ ɣ ɑ t i ]_w
[_w ɸ i s i n i h i ]_w
[_w n o t ɑ ɣ o ]_w
[_w ɭ e n i ɣ i ɸ e ]_w
[_w ɑ i ʔ ɑ s i ɣ o ]_w
[_w n i m i ɭ i ɸ o ]_w
[_w n e t ɑ ɭ u n e ]_w
[_w h e f u h u ]_w
[_w ɑ k e ɭ i ]_w
[_w j o n i ɣ i ]_w
[_w h i ɭ i n i ]_w
[_w n o h i n ɑ j ɑ ]_w
[_w s e ʔ ɑ h ɑ n ɑ ]_w
[_w ɑ ɸ u ]_w
[_w ɭ i f i t o ]_w
[_w h o m o ]_w
[_w n o s e ʔ n ɑ ]_w
[_w t ɑ ɭ u n e ]_w
[_w ɭ i ɭ ɑ ʔ i n ɑ ]_w
[_w h e ʔ m o t o ]_w
[_w ɭ u f u ɣ o ]_w
[_w f i ʔ ɑ h ɑ ɣ o ]_w
[_w ɭ e n i ɣ i ɸ o ]_w
[_w j ɑ n ɑ ɣ u t i ]_w
[_w ɭ ɑ ɣ ɑ s o ]_w
[_w ɸ ɑ ɭ ɑ h ɑ ]_w
[_w t ɑ ɭ i f i h e ]_w
[_w k u m u n ɑ ]_w
[_w f i ɭ o ]_w
[_w ɸ e ɭ e t o ɣ o ]_w
[_w h e n e t i t o ]_w
[_w e p e s i ɣ o ]_w
[_w e t o n e ]_w
[_w j o f o ]_w
[_w h ɑ p ɑ t i ɣ u ]_w
[_w t ɑ n ɑ ]_w
[_w m e f i ]_w
[_w m ɑ p ɑ h i ]_w
[_w m e h i ɭ ɑ t i ]_w
[_w e t ɑ ɭ i n ɑ ]_w
[_w s i p ɑ ʔ ɑ m u ]_w
[_w n ɑ ɭ u ɸ e ]_w
[_w n o ɣ o j ɑ ʔ ɑ ]_w
[_w s o t o m o ]_w
[_w m e ɭ e k e ]_w
[_w i j o ]_w
[_w f i ɭ ɑ t i ]_w
[_w n e ɭ ɑ n ɑ ]_w
[_w m ɑ ɭ ɑ ɣ i ]_w
[_w ɣ ɑ p o ʔ ɑ ]_w
[_w f o ɭ o ɭ o ]_w
[_w i t ɑ ɭ ɑ ɸ e ]_w
[_w m o ɭ o ɭ o ]_w
[_w ɭ i h ɑ k ɑ ]_w
[_w s i ɭ o ɑ m i ]_w
[_w k ɑ ʔ ɑ t u ]_w
[_w h ɑ p ɑ t i n i ]_w
[_w h ɑ ɭ u t ɑ n ɑ ]_w
[_w j o n i t u ]_w
[_w m e h e ʔ i ]_w
[_w ɸ ɑ h ɑ k ɑ ]_w
[_w h i ʔ ɑ h ɑ t i ]_w
[_w m ɑ n e ]_w
[_w h e f i t e ]_w
[_w h e ʔ m o ]_w
[_w ɣ o ɭ o ]_w
[_w n o k ɑ ɭ ɑ s i ]_w
[_w f i ɭ o t o ]_w
[_w ɑ f o ʔ n i f u ]_w
[_w f ɑ t e h ɑ ʔ ɑ ]_w
[_w e t u ɸ u ɭ o ]_w
[_w ɣ e t e ]_w
[_w p ɑ n ɑ ʔ m o ]_w
[_w j i ɣ i ]_w
[_w u e ɭ i ]_w
[_w n i f i s ɑ ]_w
[_w ɭ e p i ɭ ɑ n ɑ ]_w
[_w f ɑ j ɑ n u ɣ ɑ ]_w
[_w t e p e ]_w
[_w ɑ ɭ ɑ ɸ e ]_w
[_w ɸ i ɭ u n ɑ ]_w
[_w e t e ɭ e ]_w
[_w ɑ ɭ ɑ n e ]_w
[_w t u t o ]_w
[_w h o ʔ e h i t e ]_w
[_w h e p ɑ t i ɣ u ]_w
[_w ɭ ɑ h ɑ ]_w
[_w k o t o ]_w
[_w ɭ e p i ɭ ɑ t ɑ ]_w
[_w ɭ i ɭ ɑ p i ]_w
[_w ɭ ɑ ɣ ɑ ʔ ɑ t u ]_w
[_w j i ɣ i t e ]_w
[_w h u ʔ o h u n e ]_w
[_w n e i n ɑ ]_w
[_w h e k o ]_w
[_w ɭ i ɭ ɑ f i h i ]_w
[_w k ɑ t i j ɑ ʔ ɑ ]_w
[_w n ɑ ɣ ɑ ʔ ɑ ɣ u ]_w
[_w j ɑ ʔ m ɑ n ɑ ]_w
[_w f e ɭ u ]_w
[_w e p i ɭ ɑ t i ]_w
[_w n e ɭ i ɣ o ]_w
[_w ɭ e n ɑ ɭ ɑ ɸ e ]_w
[_w n e h ɑ n ɑ ɭ o ]_w
[_w n o f i ɣ o ]_w
[_w k ɑ ɭ u n e ]_w
[_w j ɑ f ɑ m ɑ ɣ i ]_w
[_w s ɑ ɭ o ]_w
[_w s ɑ n ɑ ɣ i ]_w
[_w ɑ s e ɣ i ]_w
[_w j ɑ n u ɣ u f ɑ ]_w
[_w p ɑ n ɑ ʔ m u ]_w
[_w ɭ e m e h ɑ t i ]_w
[_w h i s ɑ ]_w
[_w i k i n i ]_w
[_w m e m o ɭ o t o ]_w
[_w m e n i ʔ i ɣ o ]_w
[_w k o j ɑ p ɑ ʔ i ]_w
[_w h e ʔ m i n ɑ ]_w
[_w ɑ f e n u ɣ u ]_w
[_w i ʔ ɑ h ɑ n e ]_w
[_w ɑ k ɑ i j ɑ ]_w
[_w h u n o ɣ o ]_w
[_w h e n ɑ n ɑ ɭ o ]_w
[_w o ɭ o t o ʔ ɑ ]_w
[_w h e p ɑ ʔ i f i ]_w
[_w ɭ i h ɑ ʔ ɑ ]_w
[_w ɣ u f ɑ k ɑ ]_w
[_w h e f u t o ]_w
[_w e ɭ e t e ]_w
[_w k o f i ɭ ɑ ɸ e ]_w
[_w k e t o t o ]_w
[_w n o h u ɸ e ]_w
[_w k ɑ n ɑ ʔ n i ]_w
[_w ɸ u t o ʔ n ɑ ]_w
[_w ɭ i ʔ ɑ h ɑ n e ]_w
[_w ɣ o ʔ ɑ ]_w
[_w e t o ɭ o m u ]_w
[_w n o ɭ u ɣ i ]_w
[_w j ɑ ɣ ɑ m i ]_w
[_w m ɑ k i ]_w
[_w m ɑ ɭ ɑ ɭ i ɸ e ]_w
[_w e f ɑ p o ɭ i ]_w
[_w i ɭ e n o ɣ o ]_w
[_w m o n e ʔ ɑ ]_w
[_w p ɑ ʔ ɑ ɭ o ]_w
[_w h e p i ɭ ɑ t ɑ ]_w
[_w e m i ɭ e t e ]_w
[_w h ɑ t i ]_w
[_w ɸ o n ɑ ɣ o ]_w
[_w n o t i n i ]_w
[_w k ɑ m e ]_w
[_w f ɑ t i ]_w
[_w ɭ i ɣ i ɸ ɑ ]_w
[_w n o h u n ɑ j ɑ ]_w
[_w t i ɣ i ɸ e ]_w
[_w ɸ e t ɑ n i ]_w
[_w k ɑ t ɑ ʔ i ]_w
[_w e n o k ɑ ɣ o ]_w
[_w e n ɑ ɣ u ]_w
[_w j e ɣ e ɭ o ]_w
[_w e n o ɭ u ɸ e ]_w
[_w m i n ɑ n ɑ ʔ ɑ ]_w
[_w h e s e ]_w
[_w f i ʔ e h i n ɑ ]_w
[_w f e ɭ ɑ ʔ i ɸ e ]_w
[_w t ɑ t ɑ ʔ ɑ f u ]_w
[_w h u n ɑ ]_w
[_w i s e ʔ n ɑ ]_w
[_w n o h u t ɑ n ɑ ]_w
[_w ɸ e ɣ e ]_w
[_w n o m i n o t o ]_w
[_w k e t ɑ ɭ u ɸ e ]_w
[_w p i s i p ɑ ]_w
[_w h ɑ ɭ i n ɑ ]_w
[_w ɣ i ɭ u n e ]_w
[_w n e ʔ ɑ ɣ o ]_w
[_w ɑ t ɑ h ɑ ]_w
[_w h i ɭ i ɸ ɑ ]_w
[_w s o ɭ ɑ ɣ o ]_w
[_w n e h ɑ ʔ i n ɑ ]_w
[_w j ɑ m o f i t o ]_w
[_w ɸ u t o ʔ i ]_w
[_w ɭ i s e ]_w
[_w j u h u f ɑ ]_w
[_w ɭ e ʔ m o t o ]_w
[_w h o ɭ o ɭ o ɸ o ]_w
[_w j ɑ h ɑ ʔ ɑ ɣ ɑ ]_w
[_w i p ɑ ɭ o ]_w
[_w m ɑ k e t i ]_w
[_w m e h ɑ ʔ ɑ ɣ ɑ ]_w
[_w ɭ o ɭ e n o ɣ o ]_w
[_w h e p ɑ ]_w
[_w k ɑ s i h ɑ ʔ ɑ ]_w
[_w k ɑ p o ɣ u t i ]_w
[_w f o j ɑ k ɑ ]_w
[_w n ɑ ɭ i ɣ i ]_w
[_w e k e s u ]_w
[_w n i n ɑ ʔ m u ]_w
[_w p e ɸ i s e ]_w
[_w e p o ɭ o s i u ]_w
[_w e n ɑ j ɑ t u ]_w
[_w f o j ɑ ɣ u ]_w
[_w o s i f ɑ ]_w
[_w n e t ɑ ɭ i ]_w
[_w h i ɭ ɑ n ɑ ]_w
[_w h e p ɑ ʔ ɑ ɭ o ]_w
[_w ɭ e ɸ e j ɑ ]_w
[_w k e ɣ i ʔ ɑ m u ]_w
[_w m e h i ɭ ɑ ]_w
[_w m i n ɑ ɭ o ]_w
[_w ɣ ɑ n ɑ ]_w
[_w ɸ o ʔ m u ]_w
[_w m e ɭ e ʔ m o ]_w
[_w m i n ɑ t i ]_w
[_w ɭ i ɭ ɑ t ɑ n ɑ ]_w
[_w k e t ɑ ɣ o ]_w
[_w n o ɑ ɣ o m o ]_w
[_w ɑ n ɑ ɭ o t i ]_w
[_w n i m i ɸ e ]_w
[_w ɣ i ʔ ɑ f u ]_w
[_w ɸ i ɸ e ]_w
[_w ɣ u f ɑ t i p ɑ ]_w
[_w ɣ i j ɑ k ɑ ]_w
[_w f i ɣ i ]_w
[_w e n i ɸ i ]_w
[_w e p i ɭ ɑ t ɑ ]_w
[_w m e t o ɣ ɑ ]_w
[_w ɸ e ɣ o ]_w
[_w n i ʔ i n ɑ ɣ ɑ ]_w
[_w ɣ u t i ]_w
[_w m e ɭ i ɭ i ɸ e ]_w
[_w e t ɑ ɣ o ]_w
[_w t i ɭ u n e ]_w
[_w ɣ i m i ]_w
[_w n e s i ]_w
[_w ɸ o n ɑ t i n i ]_w
[_w m e ɭ i m i t e ]_w
[_w ɭ i s i ɑ ]_w
[_w f i ɭ i ɭ o ]_w
[_w h i n ɑ ɣ ɑ ]_w
[_w ɑ ɸ i ɭ ɑ ɸ e ]_w
[_w ɸ e t e f ɑ s i ]_w
[_w k e f e ]_w
[_w e f ɑ t u s i ]_w
[_w n i n ɑ u ɸ ɑ ]_w
[_w u s e ɣ i t ɑ ]_w
[_w k ɑ i ]_w
[_w k o ɣ u n ɑ ]_w
[_w k o h o ɭ i ]_w
[_w ɸ ɑ ɸ e j ɑ f ɑ ]_w
[_w m e ɸ u s e ]_w
[_w m e h u t o ʔ i ]_w
[_w ɣ u f ɑ t u f i ]_w
[_w h e n ɑ ɸ e ]_w
[_w i n o ɣ o ]_w
[_w ɸ u n e p ɑ ]_w
[_w s ɑ ɭ ɑ s i ]_w
[_w j ɑ t ɑ m ɑ ]_w
[_w n e ɸ e s i ɣ o ]_w
[_w e n i ɣ i k ɑ ]_w
[_w ɭ e n ɑ ɭ i n ɑ ]_w
[_w n ɑ s ɑ ɭ ɑ f u ]_w
[_w e h e t i t e ]_w
[_w j ɑ f ɑ m o ]_w
[_w ɭ e ɭ e s i ɑ ]_w
[_w ɑ n ɑ ɭ ɑ t ɑ ]_w
[_w n e t ɑ ɭ o ]_w
[_w ɭ o ɣ o t i ]_w
[_w e p i ɭ u ɸ e ]_w
[_w k ɑ k i ɭ i ]_w
[_w m e f i ɭ i ]_w
[_w ɸ o m ɑ k ɑ ]_w
[_w m e f o ɭ o t o ]_w
[_w s e ɭ ɑ t ɑ ]_w
[_w ɑ n ɑ t i n i ]_w
[_w j u t ɑ s i u ]_w
[_w j ɑ m u ʔ ɑ ]_w
[_w m e ɸ u ɸ o ]_w
[_w k ɑ ʔ ɑ s i ɣ o ]_w
[_w n i f i ]_w
[_w ɭ i m i t o ɣ ɑ ]_w
[_w ɸ o n o h o ]_w
[_w n i m i ɭ u ɸ e ]_w
[_w s ɑ ɭ e ɭ e s i ]_w
[_w ɑ ɭ o n i ]_w
[_w ɭ e t u h ɑ ʔ ɑ ]_w
[_w h e n e t e t e ]_w
[_w k e ɣ e i j o ]_w
[_w k e ɭ i ɣ i ]_w
[_w k e ɣ e k e s ɑ ]_w
[_w n o ɭ o t o ]_w
[_w ɑ m ɑ n ɑ ]_w
[_w ɭ e n i p ɑ ɣ u ]_w
[_w f e ɭ e ɭ e ]_w
[_w m u j ɑ ɭ o ]_w
[_w ɣ i h i t i n e ]_w
[_w e t i m i t o ]_w
[_w ɸ i ɭ o n i ]_w
[_w s ɑ n ɑ ]_w
[_w s ɑ i n ɑ i ]_w
[_w f i ɭ i ɭ ɑ ]_w
[_w f e ɭ ɑ ]_w
[_w i ʔ ɑ h ɑ ɸ e ]_w
[_w k ɑ ʔ n i ]_w
[_w j ɑ i ɭ u s i ]_w
[_w n o h i n ɑ ɣ o ]_w
[_w ɑ m u j ɑ ɭ o ]_w
[_w n o t i ɣ o ]_w
[_w n e m e ]_w
[_w h i n ɑ m o ]_w
[_w f e ɭ ɑ ʔ i ɣ o ]_w
[_w ɭ ɑ ʔ i n ɑ ]_w
[_w n e ɭ ɑ ʔ i n ɑ ]_w
[_w p i t ɑ n o ɣ o ]_w
[_w ɭ ɑ ʔ i ]_w
[_w t e n i ʔ ɑ ]_w
[_w h i t ɑ ɭ o ]_w
[_w h u ɸ ɑ ]_w
[_w e n ɑ ɭ i n ɑ ]_w
[_w h u ʔ ɑ h ɑ ɸ e ]_w
[_w e n e ɣ e ɭ o ]_w
[_w e k e s ɑ ]_w
[_w m e f i ɭ i ɸ e ]_w
[_w m e h u ɭ ɑ t ɑ ]_w
[_w i t ɑ ɭ o ]_w
[_w ɣ ɑ p o ]_w
[_w ɑ n ɑ n ɑ ʔ m u ]_w
[_w t i n o ]_w
[_w n ɑ m ɑ ]_w
[_w h ɑ ɭ i f i t e ]_w
[_w ɭ i m i ʔ i ]_w
[_w ɸ e ɭ o ɭ o ]_w
[_w m e h u t o ]_w
[_w n o t ɑ ɸ e ]_w
[_w ɭ i ɣ i ɑ ]_w
[_w n i ɣ i ɸ e ]_w
[_w u s e ɣ i ]_w
[_w ɑ f i ɭ i t o ]_w
[_w m e ɭ i ɭ ɑ n e ]_w
[_w ɣ i ʔ ɑ m u ]_w
[_w ɭ i ɭ u t ɑ n ɑ ]_w
[_w ɭ u ɸ u j ɑ ]_w
[_w k o ɣ o ɭ o ]_w
[_w n e ɸ ɑ n ɑ ]_w
[_w u k o ɣ u n ɑ ]_w
[_w ɸ o k e ]_w
[_w ɭ e p i ɭ ɑ ɣ o ]_w
[_w m ɑ m u ʔ ɑ ]_w
[_w k e j ɑ ʔ ɑ ɣ u ]_w
[_w f o t o ʔ ɑ f u ]_w
[_w n i m i ɭ ɑ t ɑ ]_w
[_w e f ɑ p o ɭ o ]_w
[_w k e n ɑ ]_w
[_w p ɑ n ɑ ɭ o ]_w
[_w i s ɑ k ɑ ɣ u ]_w
[_w ɣ u f ɑ ʔ ɑ ]_w
[_w n e ɣ ɑ n ɑ ]_w
[_w h i ɭ i ɣ i ɸ o ]_w
[_w n o ɭ u n o ɣ o ]_w
[_w ɭ u m o f i t e ]_w
[_w e ɭ ɑ i j ɑ h i ]_w
[_w f i j ɑ ]_w
[_w ɭ e ɸ ɑ ]_w
[_w ɣ ɑ ɭ i n ɑ ]_w
[_w h e f i t e ɸ e ]_w
[_w i ɭ u n e ]_w
[_w e f ɑ t u ʔ i ]_w
[_w n o ɣ o n ɑ k ɑ ]_w
[_w e n e ɭ e t e ]_w
[_w h o k o ɸ e ]_w
[_w m e f o ɭ o k ɑ ]_w
[_w ɸ o ʔ ɑ u ɸ ɑ ]_w
[_w ɭ i h ɑ t i ]_w
[_w f o ɭ o ɭ ɑ ɣ o ]_w
[_w n ɑ ɣ i ]_w
[_w k ɑ t i ɭ i ɸ e ]_w
[_w m e j ɑ ]_w
[_w k i j ɑ ]_w
[_w ɸ i f ɑ ]_w
[_w n o ɭ i ɸ ɑ ]_w
[_w ɑ k i ɭ i ʔ n ɑ ]_w
[_w k o ɭ o t o ]_w
[_w h e p ɑ t o ɣ ɑ ]_w
[_w e n e ɭ e s e ]_w
[_w k i s i t e ]_w
[_w e m i t o ɣ o ]_w
[_w ɣ o p ɑ ]_w
[_w k ɑ t ɑ ]_w
[_w e m i ɭ i ɸ e ]_w
[_w j i ɣ i ɸ e ]_w
[_w ɸ ɑ t i ʔ ɑ ]_w
[_w ɭ e n e k e s ɑ ]_w
[_w k ɑ k ɑ ]_w
[_w o i f ɑ ʔ i ]_w
[_w ɸ o m o f i t ɑ ]_w
[_w ɭ i ɸ e ]_w
[_w k o f i t e ]_w
[_w m e h ɑ ɭ i f i ]_w
[_w n e m ɑ ɭ ɑ ɣ i ]_w
[_w n e t i ɣ i t o ]_w
[_w k ɑ p o ʔ ɑ ɣ u ]_w
[_w f e ɭ i k i h i ]_w
[_w n i ɭ ɑ ]_w
[_w ɭ e p ɑ ɭ u ɣ u ]_w
[_w f e ʔ n o ]_w
[_w m e ɭ e ʔ i ]_w
[_w n i m i ɭ ɑ ɣ o ]_w
[_w e t o ɸ e ]_w
[_w e t e h i ]_w
[_w i ɭ i n ɑ ʔ ɑ ]_w
[_w m e ʔ ɑ ]_w
[_w n o m i n o ɸ ɑ ]_w
[_w m i j ɑ ]_w
[_w m o n e ʔ j ɑ ]_w
[_w ɭ e ʔ ɑ h ɑ n ɑ ]_w
[_w f e ɭ e m o n i ]_w
[_w s i s ɑ k ɑ h i ]_w
[_w m e k e t i p ɑ ]_w
[_w k u ɸ u ɭ o ]_w
[_w e p i ɭ ɑ ]_w
[_w e ɭ e s ɑ ʔ ɑ ]_w
[_w ɣ u m i ʔ i ]_w
[_w ɭ ɑ f ɑ ]_w
[_w m e m i n e ɸ ɑ ]_w
[_w n ɑ ɭ o ʔ i ]_w
[_w j u t ɑ s i h i ]_w
[_w k o ʔ e h i n o ]_w
[_w h i ɭ e n o ɣ o ]_w
[_w n e t ɑ ɭ u ɸ e ]_w
[_w h u t o ʔ n ɑ ]_w
[_w f o t o ʔ ɑ f i ]_w
[_w t o t o ]_w
[_w n i ʔ i f i j e ]_w
[_w h i ɸ e ]_w
[_w k i ɭ i ʔ n ɑ ]_w
[_w p e h e n o ɣ o ]_w
[_w i t o ʔ ɑ f u ]_w
[_w h u ʔ o h u t o ]_w
[_w f o j ɑ ʔ n i ]_w
[_w n o h ɑ n o ɣ o ]_w
[_w ɸ i ɭ ɑ ]_w
[_w h ɑ u t ɑ ]_w
[_w k ɑ n ɑ t u ]_w
[_w ɭ ɑ ɭ ɑ ɣ o ]_w
[_w e n u ɣ u ]_w
[_w n e m ɑ ɭ ɑ ]_w
[_w h o ʔ e h i n o ]_w
[_w ɭ o ɭ i ʔ ɑ ]_w
[_w n e ɭ i t e m o ]_w
[_w t e ɸ i t i ]_w
[_w ɣ u f ɑ m o ]_w
[_w s u h i ]_w
[_w k ɑ ɸ ɑ ʔ i ɣ o ]_w
[_w ɭ i m o ]_w
[_w s i p i ʔ ɑ ]_w
[_w m e h u ɸ o ]_w
[_w ɸ u t o ʔ ɑ ]_w
[_w ɑ ɭ i p o t i ]_w
[_w n e ɣ e n ɑ ]_w
[_w e s i ɑ h i ]_w
[_w n ɑ ɭ ɑ ɭ o ]_w
[_w ɣ o ʔ n ɑ ]_w
[_w f o ɭ o h i ]_w
[_w e f ɑ t o ʔ i ]_w
[_w j ɑ f i ]_w
[_w j ɑ h ɑ ʔ ɑ t u ]_w
[_w m e m i n e ɭ ɑ ]_w
[_w ɸ i j ɑ n ɑ ]_w
[_w e n e ɣ e n ɑ ]_w
[_w ɭ i j ɑ ]_w
[_w n e ɣ e ɭ o ʔ ɑ ]_w
[_w e n ɑ ɸ ɑ ɣ ɑ ]_w
[_w e n i m i ʔ i ]_w
[_w n o ɸ i t o ɣ o ]_w
[_w n e t e n o ɣ o ]_w
[_w ɭ u p ɑ h i ]_w
[_w ɭ ɑ ʔ i ɣ o ]_w
[_w n e t o ɣ o ]_w
[_w m e m i n e n o ]_w
[_w k ɑ ʔ m ɑ ɣ i ]_w
[_w ɭ e m e h i n ɑ ]_w
[_w ɸ ɑ ɸ ɑ h i ]_w
[_w k ɑ i k ɑ m o ]_w
[_w f i ɭ i ɭ u ɣ u ]_w
[_w ɭ e m e h ɑ ɭ o ]_w
[_w k u ɭ u ɭ u ]_w
[_w m ɑ ɭ ɑ t ɑ ]_w
[_w ɭ ɑ ɭ i m o ]_w
[_w k o f i ɭ i t e ]_w
[_w m u ɭ i t o ɣ o ]_w
[_w ɸ e t e ɭ e ]_w
[_w ɑ ɭ i m i ɭ o ]_w
[_w k ɑ ɭ o ]_w
[_w ɭ e ɣ e t o ]_w
[_w k e t ɑ ɭ i ɸ ɑ ]_w
[_w n e j i ɣ i ]_w
[_w i ɸ ɑ ]_w
[_w m e h i ɭ ɑ f i ]_w
[_w ɣ u ʔ ɑ n i ]_w
[_w i s i ɭ i ɸ o ]_w
[_w n o n o ɣ o t i ]_w
[_w f i ɭ e t e ]_w
[_w ɭ i p ɑ k ɑ f ɑ ]_w
[_w m e n i m i ʔ i ]_w
[_w ɸ e ɭ e ɭ ɑ ]_w
[_w m e n e h ɑ n ɑ ]_w
[_w n ɑ ɭ ɑ n ɑ ʔ i ]_w
[_w h e p ɑ ʔ ɑ m u ]_w
[_w ɑ i s i ]_w
[_w k ɑ ɣ u t i ]_w
[_w e n o ɭ u ɣ u ]_w
[_w ɑ ɣ i ɭ i ]_w
[_w n o ɭ ɑ n ɑ ]_w
[_w ɸ o n ɑ ʔ m u ]_w
[_w ɣ o ɭ o ɭ ɑ ɣ o ]_w
[_w j u t ɑ h ɑ t i ]_w
[_w ɣ e ɭ ɑ t ɑ ]_w
[_w k u m u ɸ e ]_w
[_w ɸ e ɭ i ɑ ]_w
[_w h ɑ ɭ i f i t o ]_w
[_w k e f ɑ t u ]_w
[_w s ɑ ɸ ɑ ʔ ɑ ]_w
[_w e n ɑ ɸ ɑ s u ]_w
[_w f ɑ k u p ɑ ]_w
[_w e n o ɭ o t o ]_w
[_w s u m i ]_w
[_w ɣ o ɭ o ɭ ɑ t ɑ ]_w
[_w f i ɭ i p i ]_w
[_w h i ɭ i ɸ e ]_w
[_w o s ɑ h i ]_w
[_w j o n i ɣ i ɸ e ]_w
[_w ɭ ɑ ʔ i ɸ e ]_w
[_w i n o m o ɭ o ]_w
[_w ɭ ɑ h i ]_w
[_w h e ɸ ɑ ]_w
[_w ɭ e ɭ e t e m o ]_w
[_w e t ɑ ɭ u ɣ u ]_w
[_w m u ɭ i ɭ u ɸ e ]_w
[_w k ɑ ɭ ɑ n ɑ ]_w
[_w e p i t o ]_w
[_w k o h o ɭ i n ɑ ]_w
[_w m i n o n ɑ ]_w
[_w m ɑ t i ɑ ]_w
[_w o m i h i ]_w
[_w ɸ e ɭ e t i ]_w
[_w ɭ e t ɑ ɭ o t i ]_w
[_w m e n o h o ]_w
[_w f i ɭ i p ɑ k ɑ ]_w
[_w h e n e t i t e ]_w
[_w i ɭ ɑ n e ]_w
[_w f o t o ]_w
[_w o ɭ ɑ t ɑ ]_w
[_w ɣ o t ɑ ]_w
[_w o k ɑ ʔ ɑ m u ]_w
[_w m e h e n o ]_w
[_w n e f i n o ]_w
[_w ɭ e ɣ e t e ]_w
[_w o ɭ e n o ]_w
[_w i k e ɭ e ]_w
[_w m e n ɑ ɭ i j ɑ ]_w
[_w e p i n o ɣ o ]_w
[_w j u p ɑ h i j ɑ ]_w
[_w e t ɑ ɭ u ɸ e ]_w
[_w k o ɭ o s e ]_w
[_w s i s ɑ k ɑ ]_w
[_w ɭ i p ɑ u ]_w
[_w ɭ ɑ t ɑ ʔ ɑ f u ]_w
[_w m e t i s e ]_w
[_w ɸ e ɸ i ɭ o t o ]_w
[_w ɭ e n ɑ ɭ i ɸ e ]_w
[_w f e ɭ ɑ n ɑ ʔ ɑ ]_w
[_w n e h ɑ n ɑ ɣ u ]_w
[_w ɸ u k u ɣ u f ɑ ]_w
[_w ɸ ɑ ɣ ɑ ʔ ɑ ɣ ɑ ]_w
[_w e n ɑ ɭ o ]_w
[_w n e h ɑ ʔ ɑ ɭ o ]_w
[_w i t o ʔ ɑ ɣ i ]_w
[_w ɸ e s i t o ]_w
[_w f e t ɑ ɣ ɑ ]_w
[_w h e n ɑ ʔ m u ]_w
[_w t ɑ t ɑ t i f u ]_w
[_w j ɑ n ɑ t u ʔ i ]_w
[_w h u ʔ ɑ h ɑ ɣ o ]_w
[_w i ɭ ɑ n ɑ ɣ u ]_w
[_w h e p u h ɑ ʔ ɑ ]_w
[_w j ɑ p ɑ ʔ ɑ ɣ u ]_w
[_w h ɑ n ɑ n ɑ ]_w
[_w ɑ ɭ i h ɑ ʔ ɑ ]_w
[_w n o k u m u ɸ e ]_w
[_w p i ɭ i j o ]_w
[_w k e ɭ i ɣ o ]_w
[_w j u p ɑ h ɑ ʔ ɑ ]_w
[_w ɸ e s i ɭ i ]_w
[_w t e ɭ e h e ]_w
[_w n o ɭ u t ɑ ]_w
[_w ɸ ɑ h ɑ ʔ ɑ ɭ o ]_w
[_w t ɑ ɭ ɑ f ɑ ]_w
[_w s o n o f i ɣ o ]_w
[_w ɣ e ɣ i s ɑ ʔ ɑ ]_w
[_w m i n ɑ ɭ u n ɑ ]_w
[_w i ʔ ɑ h ɑ ɣ o ]_w
[_w m e h ɑ t i ]_w
[_w n u ɸ u ]_w
[_w ɭ e ʔ e m i ɸ o ]_w
[_w h i ʔ ɑ h ɑ ɣ o ]_w
[_w k o n u ɣ u f ɑ ]_w
[_w ɸ ɑ ɸ ɑ f i o ]_w
[_w m i k ɑ ]_w
[_w e ɭ ɑ s ɑ t u ]_w
[_w n u ɸ u t o ]_w
[_w f o j ɑ ʔ ɑ n i ]_w
[_w t o s e ʔ n ɑ ]_w
[_w e f ɑ t o ]_w
[_w n o ɣ o m o ]_w
[_w n o m i n ɑ n ɑ ]_w
[_w h e ʔ m i ɣ o ]_w
[_w ɭ ɑ j ɑ h ɑ ʔ ɑ ]_w
[_w n o o t o ]_w
[_w k u ɭ u m ɑ k ɑ ]_w
[_w k e t e k ɑ ʔ ɑ ]_w
[_w k o f i t e ɸ e ]_w
[_w ɑ ʔ m o u ɸ ɑ ]_w
[_w k ɑ n ɑ ʔ ɑ ɭ o ]_w
[_w k ɑ p o ɭ o ɭ o ]_w
[_w e n e h e j ɑ ]_w
[_w k o ɣ o ɭ o ɣ ɑ ]_w
[_w n o t i t ɑ ]_w
[_w k e ɣ i ʔ ɑ t i ]_w
[_w o s ɑ t u s i ]_w
[_w n i ʔ i t i t ɑ ]_w
[_w m ɑ ɭ i p o ]_w
[_w ɭ e t ɑ ɭ u n e ]_w
[_w p o ɭ u ]_w
[_w k i f i ʔ n ɑ ]_w
[_w n e ʔ ɑ ɣ u ]_w
[_w n o ɭ u n ɑ j ɑ ]_w
[_w n o m ɑ ɭ ɑ ɭ o ]_w
[_w m u ɭ i t o ]_w
[_w n o i ɸ e ]_w
[_w e m i t o ɣ ɑ ]_w
[_w k o ɭ i t u ]_w
[_w ɑ n ɑ n ɑ ʔ i ]_w
[_w k i m i ɭ o t o ]_w
[_w ɸ i ʔ ɑ ]_w
[_w n o n ɑ ʔ u ɸ ɑ ]_w
[_w m e n o h u t ɑ ]_w
[_w h e ɭ e k o ]_w
[_w m ɑ ɭ i ɑ h i ]_w
[_w n o h ɑ ʔ ɑ ɣ u ]_w
[_w k e s e p u ]_w
[_w n o h ɑ ʔ ɑ ɣ o ]_w
[_w m e ʔ ɑ ɭ i ]_w
[_w n o n ɑ ɸ e ]_w
[_w f i ʔ e h i ɣ o ]_w
[_w k i f i ɣ u ]_w
[_w e n ɑ ɭ ɑ n e ]_w
[_w t o ɭ ɑ ɣ o ]_w
[_w p o n i t ɑ ]_w
[_w n u ɸ u ɭ o t o ]_w
[_w ɭ i ɸ i ʔ n ɑ ]_w
[_w ɭ ɑ t ɑ n ɑ ]_w
[_w n i n e ɸ ɑ n ɑ ]_w
[_w h ɑ ɭ i n ɑ ɣ o ]_w
[_w t i n o ɣ o t o ]_w
[_w ɭ o e ]_w
[_w j ɑ m o ]_w
[_w h ɑ s ɑ ]_w
[_w h o ɭ o t o m u ]_w
[_w e m i ɭ ɑ t ɑ ]_w
[_w t i ɭ i ɣ i t e ]_w
[_w m e t o ɣ o ]_w
[_w ɭ e ɣ e s ɑ ɣ ɑ ]_w
[_w u ɭ e ʔ ɑ ɭ o ]_w
[_w p ɑ n ɑ t i n i ]_w
[_w e p e ɭ e s ɑ ]_w
[_w s i p i n ɑ m o ]_w
[_w j o t ɑ n i ]_w
[_w ɑ f e n u ɣ ɑ ]_w
[_w t e ɸ i t i h i ]_w
[_w n e ɣ e k e s ɑ ]_w
[_w n ɑ n ɑ ɭ o t i ]_w
[_w n e t e t e ]_w
[_w e t ɑ ɭ i ʔ n ɑ ]_w
[_w t e ɭ e t e ]_w
[_w n o e p i ɸ e ]_w
[_w n o ɭ i m i ɸ o ]_w
[_w t i ɭ ɑ ]_w
[_w ɭ e ɣ e ɭ o ]_w
[_w f ɑ j ɑ h ɑ ]_w
[_w e ɭ e s e ]_w
[_w k e j ɑ ʔ ɑ s i ]_w
[_w ɭ o ɭ i t u ]_w
[_w p o ɭ u n ɑ ]_w
[_w n ɑ s ɑ ɭ ɑ ɸ e ]_w
[_w i p ɑ ʔ ɑ ɣ u ]_w
[_w n e h i ɭ u t ɑ ]_w
[_w n e ɸ e s i t o ]_w
[_w k ɑ n ɑ t o ]_w
[_w h i t i n e ]_w
[_w m e ʔ n ɑ ]_w
[_w n e ɭ i ɸ o ]_w
[_w f ɑ j ɑ ʔ ɑ n i ]_w
[_w ɣ u t ɑ ɭ ɑ ɸ e ]_w
[_w ɭ e ʔ ɑ ɭ e ]_w
[_w ɑ f o ʔ ɑ ɭ o ]_w
[_w ɸ i t o ]_w
[_w s o ɭ i n o ɣ o ]_w
[_w ɣ e ɭ o ]_w
[_w m e ɸ i ɭ u n e ]_w
[_w k e ɭ e f ɑ ]_w
[_w n ɑ ɣ ɑ m ɑ ɣ i ]_w
[_w ɑ ɭ i n ɑ ]_w
[_w j ɑ n u ɣ ɑ t i ]_w
[_w ɭ ɑ ɭ i n ɑ ʔ ɑ ]_w
[_w n o t ɑ ]_w
[_w n o h o ɸ e ]_w
[_w k ɑ i ʔ n ɑ k ɑ ]_w
[_w m e h ɑ n ɑ ɭ o ]_w
[_w h e k i ɣ o ]_w
[_w i s ɑ k ɑ ]_w
[_w j ɑ t ɑ m ɑ s i ]_w
[_w k ɑ ɸ ɑ ʔ n i ]_w
[_w ɭ i t ɑ n o ɣ o ]_w
[_w n o h ɑ t i n i ]_w
[_w n e m e h i ]_w
[_w n e ɸ e s i s e ]_w
[_w ɭ e n u ɣ ɑ t i ]_w
[_w e p u ɣ u ]_w
[_w m o n e t o ɸ e ]_w
[_w t e ɭ e t i ]_w
[_w n e m e ɭ e s ɑ ]_w
[_w n e ɭ i n o ɣ o ]_w
[_w e f ɑ h u ɸ ɑ ]_w
[_w ɑ k o h o ]_w
[_w ɣ i n ɑ ]_w
[_w t e ʔ ɑ n i ]_w
[_w ɭ e ʔ ɑ ɭ i ʔ i ]_w
[_w m i n ɑ ɣ u ]_w
[_w m e ɸ i ɭ ɑ t ɑ ]_w
[_w k ɑ p o m u ʔ i ]_w
[_w e t e h ɑ k ɑ ]_w
[_w ɣ o ʔ n i o ]_w
[_w k ɑ p o ɣ ɑ ]_w
[_w h o ʔ e h i ɸ e ]_w
[_w ɑ ɸ o ]_w
[_w ɭ e n ɑ ɭ i j ɑ ]_w
[_w ɭ ɑ ɭ u ʔ i ]_w
[_w f o ɭ o k ɑ ]_w
[_w m e m i n e t o ]_w
[_w j e m e s i ɣ o ]_w
[_w k ɑ i ɭ u ɣ i ]_w
[_w j ɑ k o p u ɣ i ]_w
[_w ɣ i ɭ i p ɑ i ]_w
[_w ɣ ɑ ɸ u ]_w
[_w o ʔ e h i ɸ e ]_w
[_w k e ʔ m u ]_w
[_w n o h ɑ k ɑ ]_w
[_w f i ɭ e m o ]_w
[_w ɑ ɸ i ɭ ɑ n ɑ ]_w
[_w ɭ i ɣ i ɭ o t o ]_w
[_w h e p ɑ ʔ n i ]_w
[_w ɸ i ʔ ɑ n i ]_w
[_w ɑ n ɑ ɣ u t i ]_w
[_w h e n ɑ n ɑ ]_w
[_w k ɑ m ɑ n ɑ p ɑ ]_w
[_w m e ɭ i m i s e ]_w
[_w ɣ o ɭ o ɭ u ]_w
[_w e n e m e ]_w
[_w n o h i n ɑ m o ]_w
[_w n e m e ɭ e t e ]_w
[_w ɭ i ɭ u ɣ u ]_w
[_w t ɑ m ɑ ]_w
[_w ɭ e n ɑ ɸ ɑ s u ]_w
[_w j ɑ ɣ ɑ u ɸ ɑ ]_w
[_w e m i ɣ o ]_w
[_w m e m i n ɑ ɭ o ]_w
[_w ɣ i h i t i ]_w
[_w m e n i n ɑ ]_w
[_w n o h u t ɑ ɣ i ]_w
[_w s ɑ ɭ ɑ n ɑ ]_w
[_w ɭ i p o ]_w
[_w e ɣ o ɭ ɑ ɣ o ]_w
[_w k ɑ p o j ɑ ]_w
[_w ɭ i m e ]_w
[_w m e m i n e ]_w
[_w m e k o s e ɭ e ]_w
[_w k ɑ p o ɭ o ɸ o ]_w
[_w m e h o ]_w
[_w h e f i t o ]_w
[_w ɭ u ɣ ɑ ʔ ɑ ɭ o ]_w
[_w ɭ u m o f i h i ]_w
[_w ɣ i ɭ ɑ t ɑ n ɑ ]_w
[_w k ɑ p o m u ʔ ɑ ]_w
[_w s ɑ ɭ u n ɑ ]_w
[_w t ɑ ɣ ɑ ]_w
[_w m i n e t o ]_w
[_w u ɭ e ʔ ɑ ɭ e ]_w
[_w p e h e n o ]_w
[_w ɭ u ʔ o h u t ɑ ]_w
[_w i s ɑ k u ]_w
[_w h u t o ʔ n i o ]_w
[_w m e ɭ e ɸ e j ɑ ]_w
[_w ɭ i ɭ ɑ ɸ e ]_w
[_w m i n o ]_w
[_w ɸ i j ɑ ]_w
[_w k e ɣ i ʔ ɑ ɭ o ]_w
[_w o ʔ e h i f i ]_w
[_w f i ɭ i p ɑ i ]_w
[_w h ɑ s ɑ ɣ ɑ ]_w
[_w e t o ɭ ɑ ɣ o ]_w
[_w j ɑ f ɑ ʔ ɑ ɭ o ]_w
[_w ɭ ɑ ɭ i t i ]_w
[_w s i ɣ i ]_w
[_w t i f i s e ]_w
[_w ɸ i n ɑ ʔ ɑ ]_w
[_w ɣ i n ɑ ɣ ɑ m o ]_w
[_w e n u ɣ ɑ ]_w
[_w ɸ o n ɑ ʔ i s e ]_w
[_w k i p ɑ ]_w
[_w ɣ u m i n ɑ ɣ o ]_w
[_w o k ɑ ɸ ɑ ]_w
[_w i k o n i u ]_w
[_w k ɑ n i p o ]_w
[_w t i ʔ ɑ h ɑ ɣ o ]_w
[_w e n e ɭ i n ɑ ]_w
[_w ɭ i p ɑ o ]_w
[_w j ɑ ɣ ɑ m i ʔ i ]_w
[_w ɣ e ɭ e h e ]_w
[_w ɣ ɑ ɭ u ɣ ɑ ]_w
[_w ɸ i ɭ i ]_w
[_w k ɑ n ɑ t i t ɑ ]_w
[_w ɸ i n o ]_w
[_w e m i ɭ ɑ n ɑ ]_w
[_w n ɑ n i m o ]_w
[_w k i ɣ i k o ]_w
[_w t e k ɑ ʔ ɑ ]_w
[_w m i n e ɸ ɑ ]_w
[_w j ɑ h ɑ ʔ n i ]_w
[_w i ʔ o h u t o ]_w
[_w ɭ i ɭ e t u s i ]_w
[_w h i s ɑ ɭ o t i ]_w
[_w m e t i ɭ i n ɑ ]_w
[_w ɑ ɣ i ɭ i ɸ e ]_w
[_w ɣ o ɭ o ɭ o ]_w
[_w ɸ ɑ ɣ ɑ ɭ u ɸ e ]_w
[_w n ɑ ɣ ɑ m i ]_w
[_w ɸ ɑ t o ɭ o m u ]_w
[_w ɣ ɑ m ɑ ɣ i ]_w
[_w ɸ e ɣ e ɭ o ʔ ɑ ]_w
[_w ɑ ɭ i p u ]_w
[_w n i ʔ i n ɑ j ɑ ]_w
[_w f o j ɑ ɣ ɑ ]_w
[_w h ɑ p i h e ]_w
[_w f o j ɑ ɣ ɑ k ɑ ]_w
[_w n ɑ ɣ ɑ m i ʔ ɑ ]_w
[_w m u h i ]_w
[_w h u ʔ o h u ɸ e ]_w
[_w e ɭ e s i ɑ ]_w
[_w s i ɭ o ]_w
[_w n o ɣ o ɣ o ]_w
[_w m e ɭ e t i ]_w
[_w e p ɑ ɭ ɑ ɸ e ]_w
[_w m e h i t e m o ]_w
[_w t i ɭ u ɸ e ]_w
[_w n o n o ɣ o ]_w
[_w e t e ɭ e t e ]_w
[_w ɭ e t o ɸ o ]_w
[_w m i n o t o t i ]_w
[_w e n e h ɑ n ɑ ]_w
[_w s e ɸ e n i ʔ ɑ ]_w
[_w h i t o ɣ ɑ ]_w
[_w m o ɭ o ɸ o ɭ e ]_w
[_w ɑ ɭ ɑ n ɑ ɣ u ]_w
[_w e p i n ɑ ʔ ɑ ]_w
[_w k u m u k o h o ]_w
[_w n o ɭ u ʔ i ɸ e ]_w
[_w i t ɑ ɭ u n e ]_w
[_w e p ɑ ɭ ɑ ]_w
[_w ɸ o n ɑ ʔ ɑ ]_w
[_w ɭ u ɣ u f ɑ ɣ u ]_w
[_w k o ɭ ɑ ɣ o ]_w
[_w k i ɭ i s e ]_w
[_w n e ɭ ɑ t ɑ n ɑ ]_w
[_w t i n ɑ ʔ ɑ ]_w
[_w t u m ɑ ɭ ɑ ]_w
[_w ɸ ɑ m e ]_w
[_w f u t i t e ]_w
[_w p i t ɑ t o ɣ ɑ ]_w
[_w ɑ ɭ o ʔ i ]_w
[_w k o ɭ i t o ɣ o ]_w
[_w m e n i ɭ i ]_w
[_w ɸ o k ɑ ]_w
[_w ɸ o n ɑ ʔ u ɸ ɑ ]_w
[_w n o ɭ i m i t e ]_w
[_w n o t i ɣ u t i ]_w
[_w m o n e ɣ i ]_w
[_w e m u ɣ o ]_w
[_w e m i ɭ ɑ ɸ e ]_w
[_w n e ɭ e p i t o ]_w
[_w ɭ e ɭ e s e ]_w
[_w ɭ i m i ɸ e ]_w
[_w ɸ i ɭ ɑ t i ]_w
[_w t i ɭ u n ɑ ʔ ɑ ]_w
[_w m e h i ɭ ɑ n ɑ ]_w
[_w t ɑ u n i ɣ ɑ ]_w
[_w e n e ɭ e ʔ i ]_w
[_w ɣ i ɸ o ]_w
[_w u t e h e ]_w
[_w ɣ o ʔ e h i n ɑ ]_w
[_w h e k e ɭ e ]_w
[_w j i ɣ i ɭ o t o ]_w
[_w ɭ ɑ m ɑ ɣ i ]_w
[_w h u ʔ m ɑ o ]_w
[_w ɭ i ɭ ɑ t ɑ h ɑ ]_w
[_w m e ɭ i t o ɣ o ]_w
[_w ɭ ɑ ɭ u ɣ ɑ ʔ ɑ ]_w
[_w k u ɣ u f ɑ m o ]_w
[_w m e t i n o ɣ o ]_w
[_w ɭ u ɭ o t o ]_w
[_w n ɑ m ɑ n ɑ ʔ ɑ ]_w
[_w ɸ i t o ɣ ɑ t i ]_w
[_w e ɭ e s ɑ ]_w
[_w n e ɸ i t e ]_w
[_w ɑ ʔ i s e ]_w
[_w ɑ t i o k i ]_w
[_w ɑ ʔ m ɑ ɣ i ]_w
[_w ɣ i h i ]_w
[_w h i ɭ i ɸ o ]_w
[_w ɭ ɑ ɭ u o ]_w
[_w ɣ u f ɑ ɣ u t i ]_w
[_w n o ɸ e ]_w
[_w ɭ e n u m u ]_w
[_w i n o m o ]_w
[_w ɸ i ʔ e h i ɸ e ]_w
[_w i t ɑ ɭ o t i ]_w
[_w ɭ u ɣ ɑ ʔ ɑ t u ]_w
[_w t ɑ t ɑ ʔ ɑ ]_w
[_w n ɑ p ɑ ʔ ɑ m u ]_w
[_w ɣ u m i ʔ ɑ n i ]_w
[_w m ɑ m u ʔ n i ]_w
[_w m i n ɑ ɭ i j ɑ ]_w
[_w ɭ ɑ ɣ ɑ ʔ ɑ ɣ u ]_w
[_w k ɑ n ɑ ʔ i s e ]_w
[_w n o m i n ɑ ɭ o ]_w
[_w ɣ i ɣ u s ɑ ɣ u ]_w
[_w s u ɣ u n ɑ ʔ ɑ ]_w
[_w k e h e t i n i ]_w
[_w ɭ i f i ɭ ɑ t ɑ ]_w
[_w n e e p i n o ]_w
[_w h o ʔ o h u n e ]_w
[_w ɣ o f ɑ n ɑ ʔ ɑ ]_w
[_w ɣ u t ɑ ɭ ɑ ]_w
[_w m e t i n i ]_w
[_w t o k o ɭ o t o ]_w
[_w s i s ɑ h i ]_w
[_w ɸ i ʔ ɑ h ɑ n ɑ ]_w
[_w i t o ʔ n ɑ ]_w
[_w n o ɸ ɑ ]_w
[_w ɭ i ɭ i f i t o ]_w
[_w m e h ɑ ɭ i n ɑ ]_w
[_w s i ɭ i ɸ e ]_w
[_w n o m i n ɑ ]_w
[_w p e h e n ɑ n ɑ ]_w
[_w n o t o t i ]_w
[_w j u t ɑ h i ]_w
[_w ɭ e n e ɭ i ]_w
[_w h e ʔ m i ɭ ɑ ]_w
[_w k e ɭ e f u ɣ u ]_w
[_w m o ɭ o ɭ o t o ]_w
[_w e t e h ɑ ʔ ɑ ]_w
[_w m o n o ɭ u ɣ u ]_w
[_w n o h o ʔ i ɸ e ]_w
[_w m i n o ɸ e ]_w
[_w n e h i ɭ i ɸ e ]_w
[_w m e ɭ i ɭ u t ɑ ]_w
[_w ɑ ɣ i ɭ i s i ɑ ]_w
[_w e t e ɭ ɑ ɣ o ]_w
[_w h i ɭ u t ɑ ʔ ɑ ]_w
[_w h ɑ p ɑ k ɑ f ɑ ]_w
[_w ɭ e k ɑ ]_w
[_w n o h o k ɑ ]_w
[_w s ɑ t ɑ h ɑ t i ]_w
[_w m e n o h o n e ]_w
[_w h o ɭ i t o ]_w
[_w m e n i ɭ i n ɑ ]_w
[_w e n e ɣ e t o ]_w
[_w k ɑ t i ɣ i t i ]_w
[_w p i t ɑ ɣ i ]_w
[_w k o k u ɭ u m ɑ ]_w
[_w h e k o ɭ o ]_w
[_w ɭ i ɭ i n ɑ f i ]_w
[_w ɣ i ɭ u n ɑ ]_w
[_w e p i ɭ i n ɑ ]_w
[_w n i ʔ i n ɑ ʔ ɑ ]_w
[_w t i ɭ ɑ t ɑ n ɑ ]_w
[_w h ɑ ʔ i ɸ e ]_w
[_w s o ʔ e h i n ɑ ]_w
[_w ɑ f o j ɑ k ɑ ]_w
[_w e f ɑ h i f i ]_w
[_w ɭ o ɭ ɑ t ɑ ]_w
[_w m e m i n ɑ ]_w
[_w e p o ɭ o s i ]_w
[_w t ɑ t ɑ t i ɣ u ]_w
[_w n e m e t o ]_w
[_w n e ɸ ɑ ɸ e ]_w
[_w ɭ e ɭ e t o ɣ ɑ ]_w
[_w e p i ɭ e t e ]_w
[_w ɑ p ɑ o ɸ e ]_w
[_w ɭ ɑ ɭ u t ɑ ]_w
[_w ɑ ɭ i m ɑ t i u ]_w
[_w ɣ e ɭ ɑ ]_w
[_w k e t ɑ ʔ ɑ n i ]_w
[_w n e t i t o ]_w
[_w j ɑ ʔ i ]_w
[_w n o h ɑ t o ɣ o ]_w
[_w ɭ e ʔ e m i ɸ ɑ ]_w
[_w n o t i t o ]_w
[_w o k o h o ]_w
[_w m e m i n ɑ ɸ e ]_w
[_w m e h ɑ ʔ i ɸ e ]_w
[_w ɭ e ɣ i ]_w
[_w h e p i ɭ ɑ ]_w
[_w ɭ u ɸ ɑ ʔ ɑ n i ]_w
[_w ɣ i ɭ e n o ɣ o ]_w
[_w s i f o ɭ o ]_w
[_w k e h e ]_w
[_w ɣ ɑ ɭ i ɭ i ɸ e ]_w
[_w e ɭ ɑ ]_w
[_w ɭ ɑ ɣ ɑ ʔ m u ]_w
[_w p o ɭ o ]_w
[_w o k ɑ ɸ ɑ ɭ o ]_w
[_w ɣ i s e ʔ n ɑ ]_w
[_w n ɑ ɣ ɑ m i t o ]_w
[_w s o ɭ o t ɑ ]_w
[_w s i ɣ i ɭ o ]_w
[_w f i ʔ ɑ h ɑ ɸ e ]_w
[_w n e ɭ ɑ ɣ o ]_w
[_w e f ɑ ]_w
[_w e n e ɭ e s i ɑ ]_w
[_w i p ɑ k ɑ ]_w
[_w i t o ʔ n i f u ]_w
[_w ɭ i s i t e ]_w
[_w ɭ e p i ɭ u n e ]_w
[_w k o n u ɣ u k o ]_w
[_w f e ɭ e t e ]_w
[_w k i j i ʔ ɑ ɣ ɑ ]_w
[_w k o f o k e ]_w
[_w k ɑ n ɑ ʔ ɑ n i ]_w
[_w ɭ u ɣ u f ɑ ]_w
[_w k e h e t i t o ]_w
[_w e p e ɭ e s e ]_w
[_w n u ɣ u f ɑ ɣ u ]_w
[_w k ɑ m u ʔ i ]_w
[_w e m i n o ]_w
[_w h ɑ ɭ i n ɑ ʔ ɑ ]_w
[_w t o ɭ o m o n i ]_w
[_w k ɑ i j ɑ h i ]_w
[_w m e ɸ i ɭ ɑ ]_w
[_w n i n e ɸ ɑ ]_w
[_w n i m i ɭ i n ɑ ]_w
[_w m e ɭ i ɭ ɑ n ɑ ]_w
[_w ɭ i ʔ e h i ɸ e ]_w
[_w n o e p i n o ]_w
[_w e t ɑ ɭ i ]_w
[_w j ɑ s i p ɑ ]_w
[_w ɭ ɑ e o n i t ɑ ]_w
[_w s i k o ]_w
[_w n ɑ m ɑ n ɑ ]_w
[_w m e ɭ u ɣ u f i ]_w
[_w ɭ i ɭ ɑ n e ]_w
[_w n ɑ ɭ ɑ ʔ i ɣ o ]_w
[_w e m ɑ ʔ ɑ ɣ ɑ ]_w
[_w k i m i n o ɸ ɑ ]_w
[_w j ɑ ɸ ɑ ɭ o ]_w
[_w u ɭ e ʔ ɑ ɭ i ]_w
[_w ɑ f e t o ɣ o ]_w
[_w ɭ i f i t o ɣ o ]_w
[_w n o t o ɣ ɑ ]_w
[_w h e n ɑ k i ʔ ɑ ]_w
[_w m e t i ɭ ɑ n ɑ ]_w
[_w ɑ ɭ u n ɑ ]_w
[_w k e t ɑ ɣ ɑ ]_w
[_w h ɑ p ɑ k ɑ ]_w
[_w h u ʔ o h u t ɑ ]_w
[_w m o n i ]_w
[_w n o m i n ɑ t ɑ ]_w
[_w ɭ e p i ɭ o t o ]_w
[_w f e ɭ o h i ]_w
[_w n ɑ ɣ ɑ k ɑ f ɑ ]_w
[_w m e ɭ e ɭ ɑ t ɑ ]_w
[_w m ɑ ɭ ɑ ɭ u o ]_w
[_w s e n i ]_w
[_w o ɭ i ɸ ɑ i ]_w
[_w n o t i n ɑ ]_w
[_w e n i ɸ i t ɑ ]_w
[_w n o m i n o t ɑ ]_w
[_w i s ɑ u ]_w
[_w n o ɭ e p u ɣ i ]_w
[_w ɣ ɑ ɭ u ɸ e ]_w
[_w i s i ɭ i ɑ ]_w
[_w ɭ i ɸ ɑ i ]_w
[_w h e p ɑ k ɑ f ɑ ]_w
[_w ɑ ɣ e ɭ o ʔ ɑ ]_w
[_w ɭ ɑ ɭ ɑ t ɑ n ɑ ]_w
[_w n o ɭ u n ɑ ʔ ɑ ]_w
[_w s e s e ]_w
[_w m e ɭ u s ɑ ɭ e ]_w
[_w m o n e t o ɣ o ]_w
[_w f i ɭ i p ɑ ɣ u ]_w
[_w k e j ɑ ʔ ɑ ɭ o ]_w
[_w h e t i t e ]_w
[_w k ɑ ɭ u ɣ u f ɑ ]_w
[_w n ɑ ɭ i ɸ e ]_w
[_w k e m e h i ɸ e ]_w
[_w n i n e ɸ ɑ ɸ e ]_w
[_w ɭ u ɸ o ]_w
[_w m e f o ɭ o ]_w
[_w f e ɭ e ɭ ɑ ɣ o ]_w
[_w n e h ɑ n ɑ ɣ i ]_w
[_w t i ɣ i t o ]_w
[_w ɭ i h ɑ t i n i ]_w
[_w s i n i s i ]_w
[_w h i s ɑ ɭ i ɑ ]_w
[_w e m e k i t e ]_w
[_w h i ɭ u ɣ u ]_w
[_w ɸ o ɭ o ɣ o t o ]_w
[_w f i ɭ i ɭ ɑ t ɑ ]_w
[_w e t e ɭ e h e ]_w
[_w n o ɭ ɑ ɣ ɑ ]_w
[_w m e k o s e ]_w
