[_w k ɾ u s ]_w
[_w s ɛ̃ a ]_w
[_w l e d e ]_w
[_w m o ɾ a ]_w
[_w dʒ u ɡ a ]_w
[_w ã t i s ]_w
[_w n ʒ ĩ a ]_w
[_w ɾ a ɡ u ]_w
[_w ɡ o ɾ a ]_w
[_w l e b a ]_w
[_w n ĩ k ẽ ]_w
[_w m ẽ u s ]_w
[_w m ã t a ]_w
[_w a s ĩ ]_w
[_w b e ʃ a ]_w
[_w k u m e ]_w
[_w m e t u ]_w
[_w k õ t u ]_w
[_w ɾ o s a ]_w
[_w v a s i ]_w
[_w d s e ]_w
[_w v a s e ]_w
[_w f ĩ ɡ a ]_w
[_w l i k a ]_w
[_w dʒ i k ɐ ]_w
[_w ɾ i b a ]_w
[_w k o m e ]_w
[_w tʃ u k i ]_w
[_w k u s a ]_w
[_w k õ p o ]_w
[_w o m e s ]_w
[_w m a ɾ a ]_w
[_w s a p e ]_w
[_w a l ũ u ]_w
[_w t i a ]_w
[_w k a s a ]_w
[_w f a s i ]_w
[_w p a d u ]_w
[_w m e ʃ e ]_w
[_w ɡ ã p u ]_w
[_w k õ t a ]_w
[_w t i t a ]_w
[_w ɡ u m e ]_w
[_w p a ɲ a ]_w
[_w k m a ]_w
[_w d i k o ]_w
[_w f e i o ]_w
[_w ʃ ĩ t i ]_w
[_w s u ɾ i ]_w
[_w ã i m a ]_w
[_w a l ɡ ũ ]_w
[_w ũ d i ]_w
[_w k o ɾ ]_w
[_w d ẽ t a ]_w
[_w m i dʒ u ]_w
[_w b i p e ]_w
[_w ĩ ʒ ĩ a ]_w
[_w s a b e ]_w
[_w k i ɾ i ]_w
[_w s t a ]_w
[_w k ɾ i a ]_w
[_w ʃ ã s i ]_w
[_w t i s e ]_w
[_w k u e l ]_w
[_w m ɛ d u ]_w
[_w u s a l ]_w
[_w ã b o s ]_w
[_w ɾ ẽ ɡ i ]_w
[_w p ɾ u s ]_w
[_w d i p o ]_w
[_w a ɾ m a ]_w
[_w f e ʃ u ]_w
[_w b e s ]_w
[_w d ɾ a s ]_w
[_w s ɐ p e ]_w
[_w m a ɾ ɛ ]_w
[_w b a b a ]_w
[_w f u ʒ i ]_w
[_w d o ɾ u ]_w
[_w p i z ]_w
[_w ʃ e i u ]_w
[_w p o t e ]_w
[_w f a ɾ e ]_w
[_w m a ɡ u ]_w
[_w t a d a ]_w
[_w a t u ]_w
[_w o t u s ]_w
[_w ɾ ĩ ɡ a ]_w
[_w ɾ o l a ]_w
[_w k u t a ]_w
[_w k ĩ z i ]_w
[_w f a z e ]_w
[_w m i dʒ o ]_w
[_w ɡ i s e ]_w
[_w m a l ]_w
[_w m ã a u ]_w
[_w o t o ɾ ]_w
[_w dʒ a l u ]_w
[_w p i b u ]_w
[_w t o a ]_w
[_w ɡ õ t a ]_w
[_w t ɛ ɾ a ]_w
[_w s i z ]_w
[_w d i l i ]_w
[_w t ẽ t o ]_w
[_w e ɾ u ]_w
[_w a ɾ ɡ a ]_w
[_w d ẽ t u ]_w
[_w tʃ o m a ]_w
[_w v i s õ ]_w
[_w k a d a ]_w
[_w n o ʒ ]_w
[_w b ĩ t u ]_w
[_w p u ʒ u ]_w
[_w dʒ u s e ]_w
[_w a ɲ a ]_w
[_w p a p a ]_w
[_w l e ɲ a ]_w
[_w ɾ ã ʒ a ]_w
[_w n o t a ]_w
[_w v a ɾ i ]_w
[_w o ɾ t o ]_w
[_w t ɔ ɾ ]_w
[_w d o k a ]_w
[_w n e s ]_w
[_w t o m a ]_w
[_w t ẽ b o ]_w
[_w p e ɡ a ]_w
[_w k ã b u ]_w
[_w d i u ]_w
[_w k a p a ]_w
[_w t o t o ]_w
[_w m o k u ]_w
[_w f a s e ]_w
[_w d ɾ e s ]_w
[_w o t u z ]_w
[_w t e s ]_w
[_w o b i ]_w
[_w s e z ]_w
[_w p a z u ]_w
[_w d a l ]_w
[_w s e s ]_w
[_w t i a m ]_w
[_w õ l ĩ e ]_w
[_w dʒ a l ]_w
[_w s u m a ]_w
[_w s i m a ]_w
[_w f a ʒ i ]_w
[_w p a l ]_w
[_w t i o s ]_w
[_w ẽ t ɾ a ]_w
[_w l o ɡ u ]_w
[_w t e l ]_w
[_w m ɔ d i ]_w
[_w p a l a ]_w
[_w m a ɲ ã ]_w
[_w l ɛ s a ]_w
[_w b a k a ]_w
[_w d o t o ]_w
[_w t a tʃ u ]_w
[_w s t a m ]_w
[_w a b e s ]_w
[_w p ɾ a s ]_w
[_w ɾ a b a ]_w
[_w k u ɲ a ]_w
[_w ɾ a t u ]_w
[_w p a d a ]_w
[_w o ʒ i ]_w
[_w k a l a ]_w
[_w ɔ ɾ t a ]_w
[_w a s i m ]_w
[_w p õ t a ]_w
[_w dʒ o m ]_w
[_w ʒ u ʎ o ]_w
[_w l a k a ]_w
[_w tʃ a l ]_w
[_w l i m a ]_w
[_w p o m ]_w
[_w u ɲ a ]_w
[_w m o ɾ e ]_w
[_w k õ d e ]_w
[_w b o k a ]_w
[_w t o d u ]_w
[_w k ẽ t i ]_w
[_w p o ɾ ]_w
[_w a ɡ u a ]_w
[_w v i k a ]_w
[_w o p i ]_w
[_w k a p o ]_w
[_w k ã s a ]_w
[_w s a i z ]_w
[_w k õ t ɐ ]_w
[_w s i d a ]_w
[_w ʃ u ã ]_w
[_w m ĩ dʒ u ]_w
[_w u d i l ]_w
[_w k e ɾ a ]_w
[_w f a l i ]_w
[_w e ɾ u z ]_w
[_w t i t i ]_w
[_w ʒ e i u ]_w
[_w ʃ e i ]_w
[_w m a d a ]_w
[_w p a i ]_w
[_w ẽ t ɾ e ]_w
[_w p a s a ]_w
[_w a b ɾ i ]_w
[_w ɡ u t a ]_w
[_w t õ u ]_w
[_w m ẽ o ɾ ]_w
[_w n o b o ]_w
[_w tʃ a b ũ ]_w
[_w v a ɾ e ]_w
[_w ẽ f ĩ ]_w
[_w k ã t a ]_w
[_w k ã t o ]_w
[_w p e dʒ u ]_w
[_w k u s t ]_w
[_w a l ẽ ]_w
[_w b e d u ]_w
[_w p a s i ]_w
[_w tʃ a ɾ ]_w
[_w p o p u ]_w
[_w f ĩ a l ]_w
[_w t i l ]_w
[_w s i t a ]_w
[_w m ẽ t i ]_w
[_w ɾ i ʃ u ]_w
[_w e l s o ]_w
[_w o b u ]_w
[_w m o ɾ i ]_w
[_w z i d a ]_w
[_w d i z i ]_w
[_w n ɡ ã a ]_w
[_w s t o ɾ ]_w
[_w tʃ o ɾ a ]_w
[_w p ɛ dʒ a ]_w
[_w s t ɾ i ]_w
[_w a n o s ]_w
[_w ɾ ẽ u ]_w
[_w a m o ɾ ]_w
[_w f a l a ]_w
[_w d i b u ]_w
[_w k ɾ a s ]_w
[_w b i t i ]_w
[_w k o s a ]_w
[_w p a t i ]_w
[_w d ẽ i ]_w
[_w f e t e ]_w
[_w ĩ d a ]_w
[_w f ĩ t i ]_w
[_w i l ẽ a ]_w
[_w d ã t u ]_w
[_w a l ɡ ɛ̃ ]_w
[_w õ t e ]_w
[_w m ĩ ĩ o ]_w
[_w p o i ]_w
[_w o v e ɾ ]_w
[_w e ɾ u s ]_w
[_w b ɔ ɡ a ]_w
[_w d u m a ]_w
[_w k ɾ e ]_w
[_w f ɾ a m ]_w
[_w ɡ u d i ]_w
[_w ĩ ʃ ĩ a ]_w
[_w k e t u ]_w
[_w a e l ]_w
[_w f ĩ ʃ i ]_w
[_w m e d i ]_w
[_w f e b u ]_w
[_w m ũ d a ]_w
[_w i t a ]_w
[_w d a d a ]_w
[_w tʃ i ɡ a ]_w
[_w ɡ õ t e ]_w
[_w n k ã a ]_w
[_w t ã d u ]_w
[_w n a z i ]_w
[_w p u l i ]_w
[_w ɾ i z i ]_w
[_w m ĩ ĩ u ]_w
[_w s ẽ t u ]_w
[_w b ẽ t e ]_w
[_w a dʒ a s ]_w
[_w k e ɾ ]_w
[_w i s i s ]_w
[_w b a ɲ a ]_w
[_w s i m u ]_w
[_w ɾ a k a ]_w
[_w a l m a ]_w
[_w s e k u ]_w
[_w k u ɾ a ]_w
[_w ã t i ]_w
[_w ɾ e s õ ]_w
[_w k ɾ ã ]_w
[_w f ɔ dʒ a ]_w
[_w t ɾ õ u ]_w
[_w l i m õ ]_w
[_w t i ʃ a ]_w
[_w t s e ]_w
[_w ʃ u ʎ o ]_w
[_w ɡ u s t ]_w
[_w m a i o ]_w
[_w l e ɾ e ]_w
[_w l e d u ]_w
[_w m ã d a ]_w
[_w m ã b a ]_w
[_w a s t i ]_w
[_w m i l ]_w
[_w f ũ ã a ]_w
[_w o ʃ i ]_w
[_w m ɛ s a ]_w
[_w d i o s ]_w
[_w m ẽ t a ]_w
[_w m u l a ]_w
[_w ã d a ]_w
[_w i k ɾ e ]_w
[_w ã d ã ]_w
[_w f a tʃ a ]_w
[_w a l ũ o ]_w
[_w b l o k ]_w
[_w s ã d u ]_w
[_w t i b o ]_w
[_w ã u z ]_w
[_w k a u ]_w
[_w d o m a ]_w
[_w o s e ]_w
[_w m a s ]_w
[_w s u l ]_w
[_w f a ɾ i ]_w
[_w ɲ o z ]_w
[_w i s t u ]_w
[_w b e dʒ a ]_w
[_w m u t u ]_w
[_w a b e z ]_w
[_w dʒ u ɡ i ]_w
[_w p ẽ t u ]_w
[_w t u t e ]_w
[_w s e ɾ a ]_w
[_w p u a ]_w
[_w b a ɾ a ]_w
[_w ɾ a s i ]_w
[_w m ĩ i z ]_w
[_w t i b a ]_w
[_w p o k u ]_w
[_w p a dʒ u ]_w
[_w dʒ a ɾ ]_w
[_w p a ɡ e ]_w
[_w s ɐ b e ]_w
[_w l u s ]_w
[_w p e ʒ u ]_w
[_w k a d i ]_w
[_w f i ɲ u ]_w
[_w k e l i ]_w
[_w k u s ɛ ]_w
[_w k u d a ]_w
[_w p a s e ]_w
[_w ʒ i ʒ ]_w
[_w ɾ a i ]_w
[_w t o ɾ ]_w
[_w p o ɡ a ]_w
[_w p u s ]_w
[_w s e ɡ u ]_w
[_w v e d o ]_w
[_w s a k u ]_w
[_w m ĩ i s ]_w
[_w m o d i ]_w
[_w p u ɾ a ]_w
[_w d u ɾ u ]_w
[_w p i t a ]_w
[_w b a tʃ a ]_w
[_w b u ɾ u ]_w
[_w a ɾ ɡ u ]_w
[_w k e ʒ a ]_w
[_w n a d a ]_w
[_w p ɔ̃ t a ]_w
[_w p a t a ]_w
[_w d e ʃ a ]_w
[_w b ɾ u z ]_w
[_w t ɛ̃ d u ]_w
[_w b e ɾ a ]_w
[_w p o ɡ u ]_w
[_w f ɾ a ]_w
[_w a d o ɾ ]_w
[_w l k v ]_w
[_w a ɾ m ũ ]_w
[_w b a m o ]_w
[_w s e d a ]_w
[_w p u ɐ ]_w
[_w t ɾ e z ]_w
[_w p a k ɛ ]_w
[_w t ɾ ɐ ]_w
[_w ʒ u i z ]_w
[_w p e s ]_w
[_w d a k u ]_w
[_w ɡ i ɾ i ]_w
[_w n o ʃ ]_w
[_w m e i a ]_w
[_w ũ i k u ]_w
[_w ʃ e ɾ a ]_w
[_w d i b a ]_w
[_w k a b u ]_w
[_w v e t u ]_w
[_w ɾ ɛ k a ]_w
[_w tʃ a b i ]_w
[_w ɾ e a l ]_w
[_w s t ɾ a ]_w
[_w n a s i ]_w
[_w f i k u ]_w
[_w l e z ]_w
[_w l a p a ]_w
[_w m a ɲ a ]_w
[_w n t õ i ]_w
[_w k o ʃ i ]_w
[_w ʒ i l ]_w
[_w ɲ a ɲ a ]_w
[_w õ d ɛ ]_w
[_w s ẽ d a ]_w
[_w t i s i ]_w
[_w v ɾ a s ]_w
[_w dʒ u k ɐ ]_w
[_w f e s ]_w
[_w a m a l ]_w
[_w d e f e ]_w
[_w k o ɾ a ]_w
[_w p a s ]_w
[_w p o k o ]_w
[_w k a ɾ ã ]_w
[_w t i ɡ i ]_w
[_w o ɾ a ]_w
[_w p e z a ]_w
[_w t a k s ]_w
[_w s e i u ]_w
[_w n e ɡ a ]_w
[_w s a b a ]_w
[_w m e l ]_w
[_w l e i s ]_w
[_w m e i ]_w
[_w n a a a ]_w
[_w l i d a ]_w
[_w a k o ]_w
[_w k o m i ]_w
[_w p d m ]_w
[_w m a d u ]_w
[_w f i i i ]_w
[_w m ɛ̃ s a ]_w
[_w k u m i ]_w
[_w m ĩ tʃ u ]_w
[_w s i t u ]_w
[_w b i s ]_w
[_w p a m ɔ ]_w
[_w m ã t i ]_w
[_w m õ t e ]_w
[_w m ɛ t u ]_w
[_w dʒ o p e ]_w
[_w d u t o ]_w
[_w n ʃ ĩ a ]_w
[_w s o t a ]_w
[_w ʒ e i ]_w
[_w ʃ u ʒ a ]_w
[_w t a l ]_w
[_w n o f u ]_w
[_w v a l a ]_w
[_w b u l i ]_w
[_w b a i s ]_w
[_w d ɛ l a ]_w
[_w k o l a ]_w
[_w f i a ]_w
[_w t i k o ]_w
[_w d i l ]_w
[_w k u z a ]_w
[_w a l t a ]_w
[_w p e ʃ o ]_w
[_w f e i u ]_w
[_w k k v ]_w
[_w k a z i ]_w
[_w p e dʒ o ]_w
[_w tʃ o b e ]_w
[_w b ĩ a ]_w
[_w p a b a ]_w
[_w b ã ã a ]_w
[_w d i b o ]_w
[_w a tʃ a s ]_w
[_w v a z e ]_w
[_w b a l a ]_w
[_w ɾ e b a ]_w
[_w ɡ a dʒ ɔ ]_w
[_w k u tʃ o ]_w
[_w p a i s ]_w
[_w d e t u ]_w
[_w b a s a ]_w
[_w s o l ]_w
[_w k e ɲ a ]_w
[_w p e l u ]_w
[_w a t ɛ ]_w
[_w p a z a ]_w
[_w k o s i ]_w
[_w b a ʒ u ]_w
[_w i d a l ]_w
[_w o ʃ e ]_w
[_w p a k e ]_w
[_w ɡ o m o ]_w
[_w t i ʃ i ]_w
[_w b u ʀ u ]_w
[_w ɡ a tʃ o ]_w
[_w b ĩ dʒ a ]_w
[_w t ɾ a ]_w
[_w o t e ]_w
[_w p i l õ ]_w
[_w ɛ ɾ a ]_w
[_w f l o ɾ ]_w
[_w p e s a ]_w
[_w d e b e ]_w
[_w dʒ o b e ]_w
[_w ʒ u ʒ u ]_w
[_w k e m a ]_w
[_w ɾ o k e ]_w
[_w p e l ]_w
[_w ɡ a ʃ a ]_w
[_w o p ɾ i ]_w
[_w tʃ o b i ]_w
[_w v e ʒ ]_w
[_w n e s e ]_w
[_w o b ɾ i ]_w
[_w ɾ e t u ]_w
[_w s a b i ]_w
[_w p a s ɐ ]_w
[_w p a ɾ a ]_w
[_w l u k a ]_w
[_w p ɔ s a ]_w
[_w m i d i ]_w
[_w p o b a ]_w
[_w b o b u ]_w
[_w t i d i ]_w
[_w k u a l ]_w
[_w m e u ]_w
[_w f i ɡ a ]_w
[_w s p i a ]_w
[_w f a z i ]_w
[_w p ĩ tʃ a ]_w
[_w f e i a ]_w
[_w d ɾ a ]_w
[_w dʒ e u ]_w
[_w f ɾ i ]_w
[_w t i l i ]_w
[_w p õ b a ]_w
[_w ũ t i ]_w
[_w t u d e ]_w
[_w p o ʒ ]_w
[_w t ẽ e ]_w
[_w f ũ d a ]_w
[_w p ɾ a ]_w
[_w f a ʃ i ]_w
[_w b ɛ l a ]_w
[_w v ɾ a z ]_w
[_w f i dʒ a ]_w
[_w p e ɾ a ]_w
[_w l u m e ]_w
[_w t ẽ i ]_w
[_w m ɐ ʃ ]_w
[_w k a tʃ o ]_w
[_w m ã p a ]_w
[_w s a i d ]_w
[_w f o ɾ a ]_w
[_w p o f u ]_w
[_w o dʒ a ]_w
[_w ɡ a s a ]_w
[_w p o k a ]_w
[_w m e d e ]_w
[_w k o m u ]_w
[_w p a m o ]_w
[_w a b o ]_w
[_w tʃ o m ]_w
[_w m u dʒ e ]_w
[_w ã t a ]_w
[_w d ɲ a ]_w
[_w s o d a ]_w
[_w ɾ a i z ]_w
[_w m ã a ]_w
[_w t e m ]_w
[_w k u m a ]_w
[_w f o ɾ ]_w
[_w m o ʒ u ]_w
[_w p e ʃ a ]_w
[_w p o d a ]_w
[_w l a d u ]_w
[_w ɡ a b a ]_w
[_w ã d i z ]_w
[_w b o ɡ a ]_w
[_w p ẽ t i ]_w
[_w ɾ a z a ]_w
[_w p o t i ]_w
[_w d e v i ]_w
[_w b a ɾ i ]_w
[_w s t ɾ u ]_w
[_w b a ʃ õ ]_w
[_w d i p u ]_w
[_w tʃ u v a ]_w
[_w d u d e ]_w
[_w m ɔ̃ e ]_w
[_w l i ɡ a ]_w
[_w tʃ a d a ]_w
[_w dʒ u d a ]_w
[_w v ɔ m i ]_w
[_w k ã d a ]_w
[_w v u m u ]_w
[_w p e t u ]_w
[_w m ã i a ]_w
[_w s ɛ u ]_w
[_w tʃ u p a ]_w
[_w u m a ]_w
[_w ʒ u i s ]_w
[_w ɡ o k u ]_w
[_w d i s a ]_w
[_w p a ɾ i ]_w
[_w n p o s ]_w
[_w p i k a ]_w
[_w ɾ a d o ]_w
[_w m a u ]_w
[_w a ĩ t a ]_w
[_w m u tʃ e ]_w
[_w tʃ a t a ]_w
[_w k ɾ o s ]_w
[_w d i ʒ a ]_w
[_w t ɾ a s ]_w
[_w s ĩ a l ]_w
[_w p õ t u ]_w
[_w p i ɡ u ]_w
[_w k õ ɡ o ]_w
[_w k u m o ]_w
[_w a s i ]_w
[_w n a ũ ]_w
[_w o tʃ u ]_w
[_w v ɔ s ]_w
[_w v i ɾ a ]_w
[_w t ã p e ]_w
[_w k m e ]_w
[_w o v u ]_w
[_w ẽ d ɾ i ]_w
[_w l i d u ]_w
[_w ɾ a s e ]_w
[_w a ɾ i a ]_w
[_w ɾ a p a ]_w
[_w ɾ a i s ]_w
[_w p a dʒ a ]_w
[_w k u a z ]_w
[_w v i i ]_w
[_w t i z e ]_w
[_w k a b a ]_w
[_w f ɾ ɐ ]_w
[_w s i s ]_w
[_w p i ɾ a ]_w
[_w v ɔ tʃ a ]_w
[_w ɡ a b ɐ ]_w
[_w n t õ ]_w
[_w l e k a ]_w
[_w f ɔ s ]_w
[_w k a tʃ u ]_w
[_w k u d i ]_w
[_w p e k a ]_w
[_w a z õ ]_w
[_w b o l ]_w
[_w v i tʃ e ]_w
[_w l ĩ p u ]_w
[_w l a dʒ i ]_w
[_w s o ɲ u ]_w
[_w tʃ u ɡ i ]_w
[_w a ɲ o s ]_w
[_w p a k a ]_w
[_w b a z a ]_w
[_w m ɐ ʒ ]_w
[_w d i ɲ a ]_w
[_w k e l ]_w
[_w p e ʃ i ]_w
[_w d e u s ]_w
[_w a m a m ]_w
[_w s u b ]_w
[_w t ã b a ]_w
[_w p ɾ i s ]_w
[_w s i k i ]_w
[_w t i ɲ o ]_w
[_w m a m a ]_w
[_w s p o s ]_w
[_w v ɾ a m ]_w
[_w t i t ĩ ]_w
[_w s e ɡ a ]_w
[_w a b e ɾ ]_w
[_w ʒ u ã ]_w
[_w k ɔ̃ t a ]_w
[_w k i ɐ ]_w
[_w s a b u ]_w
[_w p ĩ t u ]_w
[_w ɲ a b o ]_w
[_w p a s u ]_w
[_w m p t ]_w
[_w s a i t ]_w
[_w m a z ]_w
[_w u s a s ]_w
[_w b o d a ]_w
[_w s ɛ ɾ ]_w
[_w d õ t õ ]_w
[_w tʃ u ɡ ɐ ]_w
[_w ũ i õ ]_w
[_w d ɛ ʀ a ]_w
[_w o m i ]_w
[_w n o m e ]_w
[_w d e d o ]_w
[_w k ɔ ɾ e ]_w
[_w a d u s ]_w
[_w o dʒ a l ]_w
[_w ĩ tʃ i ]_w
[_w ɡ u m a ]_w
[_w n ɔ m i ]_w
[_w f ɾ i u ]_w
[_w ɾ o t i ]_w
[_w n a u ]_w
[_w b o s ]_w
[_w ʃ ĩ t a ]_w
[_w ẽ s ĩ o ]_w
[_w p ẽ s õ ]_w
[_w n ũ k a ]_w
[_w d a p u ]_w
[_w ĩ tʃ i m ]_w
[_w ɡ ẽ t i ]_w
[_w n o d i ]_w
[_w ɡ a d u ]_w
[_w s ɛ ɡ a ]_w
[_w e ʃ t a ]_w
[_w p a tʃ a ]_w
[_w f i s õ ]_w
[_w t ɛ s ]_w
[_w k a b ɐ ]_w
[_w k a d u ]_w
[_w k u s e ]_w
[_w tʃ e u ]_w
[_w t ã t u ]_w
[_w ɾ i m a ]_w
[_w b ɾ i z ]_w
[_w b i l a ]_w
[_w l e b i ]_w
[_w ʃ ẽ t e ]_w
[_w m ẽ s a ]_w
[_w f i l u ]_w
[_w d o s ]_w
[_w m ã d i ]_w
[_w dʒ ã d a ]_w
[_w n e l ]_w
[_w k o b a ]_w
[_w b ẽ d u ]_w
[_w t a b a ]_w
[_w s i b i ]_w
[_w d ẽ e l ]_w
[_w d a ɲ o ]_w
[_w ɾ õ p a ]_w
[_w m a k u ]_w
[_w t i s u ]_w
[_w p ɾ a z ]_w
[_w n e k a ]_w
[_w d i ɐ ]_w
[_w b ɾ u s ]_w
[_w ã d i s ]_w
[_w p o d e ]_w
[_w d ã b e ]_w
[_w a ɾ ɡ ũ ]_w
[_w e l a ]_w
[_w t e ɾ i ]_w
[_w k a b e ]_w
[_w k e s ]_w
[_w d õ i ]_w
[_w ɾ ĩ k a ]_w
[_w p i b e ]_w
[_w l e t u ]_w
[_w ʒ ĩ t a ]_w
[_w i i i ]_w
[_w ɾ a dʒ a ]_w
[_w tʃ u s e ]_w
[_w k o s ĩ ]_w
[_w ɡ õ d a ]_w
[_w t i p o ]_w
[_w p u ʀ u ]_w
[_w b i t a ]_w
[_w u p a ]_w
[_w p u ɾ ]_w
[_w f i k a ]_w
[_w v i ʃ i ]_w
[_w n ɔ b u ]_w
[_w b o t a ]_w
[_w ʒ u l ĩ ]_w
[_w i s u ]_w
[_w b a d u ]_w
[_w f ɔ ɾ a ]_w
[_w p a ʃ o ]_w
[_w t e b e ]_w
[_w p i t i ]_w
[_w k o z i ]_w
[_w b õ t a ]_w
[_w k õ t e ]_w
[_w k o ɾ e ]_w
[_w f i dʒ u ]_w
[_w d e ɾ i ]_w
[_w f l ã u ]_w
[_w b i d a ]_w
[_w p u ɾ u ]_w
[_w ɾ a s õ ]_w
[_w t a ɡ u ]_w
[_w k õ b o ]_w
[_w v e ɡ a ]_w
[_w l e v a ]_w
[_w d i ɲ o ]_w
[_w u z a s ]_w
[_w o f e ɾ ]_w
[_w b e b e ]_w
[_w p i ɐ ]_w
[_w o ɾ d i ]_w
[_w dʒ a m ]_w
[_w k ã a l ]_w
[_w a d ɾ a ]_w
[_w s i m ɛ ]_w
[_w ʒ ẽ t e ]_w
[_w u b a ]_w
[_w ɲ o s ]_w
[_w b e t u ]_w
[_w a ɡ o ]_w
[_w õ s i ]_w
[_w s ĩ ɡ u ]_w
[_w k a l u ]_w
[_w ã t õ ]_w
[_w l a b a ]_w
[_w d a s ]_w
[_w m ĩ tʃ o ]_w
[_w t ã p a ]_w
[_w b i b e ]_w
[_w k a dʒ a ]_w
[_w n ɛ t a ]_w
[_w l i s ĩ ]_w
[_w k a ʃ u ]_w
[_w t ẽ t a ]_w
[_w s ã d a ]_w
[_w k ã d o ]_w
[_w t e ɾ ]_w
[_w ũ i d a ]_w
[_w m e t e ]_w
[_w p i l a ]_w
[_w a l k ũ ]_w
[_w k o m ũ ]_w
[_w p e ʒ a ]_w
[_w p ɾ u z ]_w
[_w f ũ s õ ]_w
[_w ʒ u ʎ u ]_w
[_w n ɔ v i ]_w
[_w t i ɲ a ]_w
[_w b e s u ]_w
[_w f a ɡ a ]_w
[_w v ĩ t i ]_w
[_w d u ɡ a ]_w
[_w dʒ u k i ]_w
[_w o t o ]_w
[_w ɡ i ɐ ]_w
[_w ũ i t a ]_w
[_w d e s e ]_w
[_w b ɛ z a ]_w
[_w ɡ e l ]_w
[_w o m i z ]_w
[_w v i ɾ i ]_w
[_w k o dʒ e ]_w
[_w ẽ v ĩ ]_w
[_w d ɛ z ]_w
[_w d i a s ]_w
[_w t o ɡ a ]_w
[_w o b z õ ]_w
[_w ɾ õ k a ]_w
[_w d ẽ p u ]_w
[_w ɡ a t a ]_w
[_w a ɾ t i ]_w
[_w v a l i ]_w
[_w l õ ʒ i ]_w
[_w d ẽ ɡ i ]_w
[_w f a dʒ a ]_w
[_w ɔ ɾ a s ]_w
[_w b e ɡ a ]_w
[_w s ĩ t a ]_w
[_w n i ɲ ũ ]_w
[_w d i a l ]_w
[_w ɾ ɔ tʃ a ]_w
[_w s ẽ a ]_w
[_w t o k a ]_w
[_w p l o k ]_w
[_w b a d a ]_w
[_w d ã p e ]_w
[_w f ũ k u ]_w
[_w m u t a ]_w
[_w p e l i ]_w
[_w b a s i ]_w
[_w k a s u ]_w
[_w ɾ õ b a ]_w
[_w dʒ o ɾ u ]_w
[_w a l i ]_w
[_w p a ʃ u ]_w
[_w l a m a ]_w
[_w s e k a ]_w
[_w ɡ o p a ]_w
[_w s e t i ]_w
[_w m o t a ]_w
[_w k e m ɛ ]_w
[_w u z a l ]_w
[_w l õ dʒ i ]_w
[_w ɾ e d a ]_w
[_w p i o ɾ ]_w
[_w l õ ʃ i ]_w
[_w k a ʃ a ]_w
[_w m ũ d u ]_w
[_w p ɔ z a ]_w
[_w b a m ]_w
[_w k ɾ e l ]_w
[_w ɔ ɾ d i ]_w
[_w p ã ã a ]_w
[_w ɲ a s ]_w
[_w m o tʃ a ]_w
[_w a ɲ o ]_w
[_w b u ɾ ]_w
[_w p ẽ d e ]_w
[_w f ɛ ʎ a ]_w
[_w m a b a ]_w
[_w ĩ t a ]_w
[_w s a ɡ u ]_w
[_w d i s i ]_w
[_w m o dʒ a ]_w
[_w a l t u ]_w
[_w ɾ a d u ]_w
[_w k õ ɛ ]_w
[_w v u ʃ i ]_w
[_w o t u ]_w
[_w v i l a ]_w
[_w p ẽ s a ]_w
[_w b o m ]_w
[_w f ĩ t a ]_w
[_w l a ʒ i ]_w
[_w d a m ]_w
[_w a t ɾ a ]_w
[_w k a l ]_w
[_w k u t i ]_w
[_w ɾ e d u ]_w
[_w m a i ]_w
[_w f l a u ]_w
[_w k o m o ]_w
[_w z o k u ]_w
[_w o dʒ ɐ ]_w
[_w b e l ]_w
[_w f ɔ m i ]_w
[_w t o t a ]_w
[_w f o m i ]_w
[_w o ɾ ĩ a ]_w
[_w ɾ e i ]_w
[_w f ɾ a s ]_w
[_w o dʒ u ]_w
[_w a d e ]_w
[_w t u d u ]_w
[_w ɡ ɾ e m ]_w
[_w a m ɛ̃ ]_w
[_w o ɾ ɡ u ]_w
[_w d o ʒ i ]_w
[_w k ɾ u ]_w
[_w ɡ i m ]_w
[_w p o s ]_w
[_w s o m a ]_w
[_w o i a ]_w
[_w k a f e ]_w
[_w ɾ a t o ]_w
[_w ʒ a m ]_w
[_w ã ʒ u ]_w
[_w s i ɡ i ]_w
[_w l u m i ]_w
[_w k a b o ]_w
[_w s ã t a ]_w
[_w ɾ i a l ]_w
[_w k a m a ]_w
[_w n o b u ]_w
[_w p ɛ̃ a ]_w
[_w f i ɾ a ]_w
[_w s o t i ]_w
[_w s u b i ]_w
[_w s i d e ]_w
[_w ɾ e v i ]_w
[_w o ʒ e ]_w
[_w k ɔ p a ]_w
[_w s e l ]_w
[_w ɔ ɾ a z ]_w
[_w t u m a ]_w
[_w p o t ɛ ]_w
[_w ɾ u ɐ ]_w
[_w v i a ]_w
[_w d ẽ d e ]_w
[_w f i ɡ u ]_w
[_w d a b a ]_w
[_w t a ɲ o ]_w
[_w ʃ i a ]_w
[_w p a ʒ u ]_w
[_w ʃ e i a ]_w
[_w m a s a ]_w
[_w p õ d a ]_w
[_w u ɡ i ]_w
[_w ɡ a l ]_w
[_w u k i ]_w
[_w b ẽ s ɐ ]_w
[_w tʃ o k u ]_w
[_w f l ɐ ]_w
[_w o ɾ d o ]_w
[_w ẽ s ĩ u ]_w
[_w m ɔ ɾ e ]_w
[_w ʒ ũ e ]_w
[_w p ĩ d u ]_w
[_w d o a ]_w
[_w u s u ]_w
[_w dʒ o m a ]_w
[_w dʒ a d a ]_w
[_w s a i s ]_w
[_w ɔ ɾ a ]_w
[_w t e m a ]_w
[_w t ẽ b u ]_w
[_w m ɔ d a ]_w
[_w f o s ]_w
[_w k a dʒ u ]_w
[_w tʃ u z e ]_w
[_w t ɛ s i ]_w
[_w o b a m ]_w
[_w ẽ d ɾ a ]_w
[_w f ɾ a l ]_w
[_w d e m ]_w
[_w ũ d ɛ ]_w
[_w ĩ p o ]_w
[_w b o t e ]_w
[_w p a z i ]_w
[_w n a z õ ]_w
[_w s a i ]_w
[_w p o dʒ i ]_w
[_w k ĩ t a ]_w
[_w m ã k i ]_w
[_w a p o ]_w
[_w d e l a ]_w
[_w s o l a ]_w
[_w ʃ o k u ]_w
[_w ɡ a d i ]_w
[_w tʃ o p e ]_w
[_w i z u ]_w
[_w t ẽ d u ]_w
[_w v u s ]_w
[_w f o i ]_w
[_w l ɛ z a ]_w
[_w ɾ ɔ dʒ a ]_w
[_w o tʃ a ]_w
[_w u o t u ]_w
[_w o d o ɾ ]_w
[_w f i ɾ i ]_w
[_w s i m ]_w
[_w v ɔ ɾ a ]_w
[_w t ã b e ]_w
[_w s ĩ d i ]_w
[_w k ĩ s i ]_w
[_w d ã a ]_w
[_w b o v e ]_w
[_w ɾ o d i ]_w
[_w f i l a ]_w
[_w ɾ a tʃ a ]_w
[_w d ã b a ]_w
[_w l ã s a ]_w
[_w p e ʃ u ]_w
[_w s a p a ]_w
[_w ʒ e ɾ a ]_w
[_w a tʃ a l ]_w
[_w m õ d e ]_w
[_w n o t i ]_w
[_w l e t e ]_w
[_w l e d i ]_w
[_w s a p u ]_w
[_w s e ɾ ]_w
[_w ɾ u m u ]_w
[_w d a i ]_w
[_w d e t a ]_w
[_w k a z a ]_w
[_w m a i s ]_w
[_w t a v a ]_w
[_w k a ɾ a ]_w
[_w ʃ u ɾ i ]_w
[_w d a v i ]_w
[_w tʃ u b a ]_w
[_w k a dʒ ɔ ]_w
[_w m u d u ]_w
[_w v i dʒ u ]_w
[_w e ɾ a ]_w
[_w ɡ u m o ]_w
[_w b ɾ a s ]_w
[_w ũ d e ]_w
[_w o d e ]_w
[_w k õ d a ]_w
[_w b ɛ dʒ a ]_w
[_w a m i ]_w
[_w t u t u ]_w
[_w b o ʒ ]_w
[_w f l a ]_w
[_w o b z ]_w
[_w k o b õ ]_w
[_w ʃ u ʎ u ]_w
[_w l u ɡ a ]_w
[_w b ẽ d e ]_w
[_w o ɾ a l ]_w
[_w ẽ t ɾ i ]_w
[_w dʒ i k a ]_w
[_w k u z ɛ ]_w
[_w t ẽ t u ]_w
[_w n o m i ]_w
[_w p i ɾ ɐ ]_w
[_w p ĩ t õ ]_w
[_w v a z i ]_w
[_w ɾ u ɲ u ]_w
[_w k e ʃ ]_w
[_w t i p a ]_w
[_w v e ʃ ]_w
[_w k ĩ t u ]_w
[_w t e v e ]_w
[_w l e ɡ a ]_w
[_w t õ i ]_w
[_w m i ɾ a ]_w
[_w n a s õ ]_w
[_w ɡ ɾ a s ]_w
[_w t ẽ d o ]_w
[_w ɾ o t a ]_w
[_w s ɛ t i ]_w
[_w k a p e ]_w
[_w d õ d õ ]_w
[_w b a i ]_w
[_w p e l a ]_w
[_w p o d u ]_w
[_w n e t u ]_w
[_w b a s ]_w
[_w ɾ i a s ]_w
[_w ɾ e f i ]_w
[_w k u dʒ o ]_w
[_w dʒ o b i ]_w
[_w b o ɾ ]_w
[_w d i s e ]_w
[_w tʃ u t a ]_w
[_w l a d ĩ ]_w
[_w m e z a ]_w
[_w a m a ]_w
[_w m i k e ]_w
[_w p l ẽ u ]_w
[_w m e s ]_w
[_w ɾ i a z ]_w
[_w p a ɡ ɛ ]_w
[_w ʒ o v ẽ ]_w
[_w õ b ɾ u ]_w
[_w ã ʃ u s ]_w
[_w k ã d u ]_w
[_w b i a ]_w
[_w m o d e ]_w
[_w a l b a ]_w
[_w m e t i ]_w
[_w p i s ]_w
[_w p o d i ]_w
[_w o k i ]_w
[_w b o t i ]_w
[_w ɡ u d a ]_w
[_w ʒ u ʃ u ]_w
[_w tʃ u d a ]_w
[_w m u d a ]_w
[_w v õ t i ]_w
[_w t i d a ]_w
[_w k o s u ]_w
[_w d a u ]_w
[_w dʒ ã t a ]_w
[_w tʃ a l u ]_w
[_w m a ʒ ]_w
[_w a i ã ]_w
[_w o ɾ u ]_w
[_w t e ʃ a ]_w
[_w f i ʒ i ]_w
[_w k ĩ d a ]_w
[_w tʃ u k ɐ ]_w
[_w o p u ]_w
[_w p ɾ ĩ t ]_w
[_w n e m ]_w
[_w ʒ u ʃ a ]_w
[_w p o b u ]_w
[_w õ t ɛ ]_w
[_w t i ɡ o ]_w
[_w l e p a ]_w
[_w a ɾ d i ]_w
[_w b e l u ]_w
[_w m e d u ]_w
[_w d ẽ d u ]_w
[_w p ũ t i ]_w
[_w k u tʃ a ]_w
[_w d e v e ]_w
[_w k i l u ]_w
[_w f o u ]_w
[_w ʒ ĩ d a ]_w
[_w f i dʒ e ]_w
[_w a dʒ a l ]_w
[_w n ĩ ɡ ẽ ]_w
[_w e ʀ u ]_w
[_w s õ u ]_w
[_w b a k ɐ ]_w
[_w o d u ]_w
[_w t a p a ]_w
[_w p o ɡ o ]_w
[_w m õ d i ]_w
[_w s e t a ]_w
[_w k a ɲ a ]_w
[_w f e ʎ a ]_w
[_w p l o ɡ ]_w
[_w b a m ɔ ]_w
[_w a k u a ]_w
[_w ɡ a s i ]_w
[_w t i ʒ a ]_w
[_w o b i m ]_w
[_w k a i ]_w
[_w p õ s ]_w
[_w v o k o ]_w
[_w ɡ a dʒ a ]_w
[_w l a d o ]_w
[_w a ɾ k a ]_w
[_w s õ a ]_w
[_w p e ʒ i ]_w
[_w ɾ e u ]_w
[_w k a p u ]_w
[_w t e u ʃ ]_w
[_w ɾ i ʒ u ]_w
[_w k u m ũ ]_w
[_w ã t ã ]_w
[_w d i ã a ]_w
[_w o dʒ o ]_w
[_w k ã p u ]_w
[_w d o d o ]_w
[_w l õ k a ]_w
[_w k õ ʒ e ]_w
[_w d ẽ e ]_w
[_w t u t i ]_w
[_w tʃ i k ɐ ]_w
[_w p u ʃ u ]_w
[_w tʃ o k ĩ ]_w
[_w m o t i ]_w
[_w f a k a ]_w
[_w f u m a ]_w
[_w n o z u ]_w
[_w l e i ]_w
[_w n ɔ t a ]_w
[_w ʃ u l ĩ ]_w
[_w t a ũ ]_w
[_w d ɛ̃ p u ]_w
[_w k a v e ]_w
[_w dʒ i ɡ a ]_w
[_w k e z ]_w
[_w ɡ e ɾ ]_w
[_w d ɾ a l ]_w
[_w o s u ]_w
[_w v e ɾ d ]_w
[_w s o m ]_w
[_w ɡ a b o ]_w
[_w a b a ]_w
[_w v o ɡ õ ]_w
[_w ã o z ]_w
[_w p u z ]_w
[_w p a t u ]_w
[_w s i o ɾ ]_w
[_w d u t ]_w
[_w n o t e ]_w
[_w s ĩ õ ]_w
[_w l u a ]_w
[_w l e ɾ ]_w
[_w k u m ɔ ]_w
[_w tʃ e i a ]_w
[_w o ɾ t i ]_w
[_w m õ t õ ]_w
[_w s i k a ]_w
[_w d e ʒ a ]_w
[_w p a l e ]_w
[_w t a s ]_w
[_w k a ɾ u ]_w
[_w e s i s ]_w
[_w l ĩ ɡ a ]_w
[_w b o i s ]_w
[_w ɡ ĩ d a ]_w
[_w k o ɾ u ]_w
[_w t e ɾ a ]_w
[_w ʒ u ɲ u ]_w
[_w t ɾ a z ]_w
[_w p i d i ]_w
[_w b ɛ s a ]_w
[_w s ẽ d u ]_w
[_w o ɡ i ]_w
[_w s ɔ̃ a ]_w
[_w t e z e ]_w
[_w u o d u ]_w
[_w b i d i ]_w
[_w p e d u ]_w
[_w p a ʒ õ ]_w
[_w l u z ]_w
[_w m a v e ]_w
[_w p ɾ i u ]_w
[_w d a f a ]_w
[_w p i d a ]_w
[_w k ẽ d i ]_w
[_w ɡ ɛ ʀ a ]_w
[_w d ɛ t u ]_w
[_w p a tʃ u ]_w
[_w m ẽ o s ]_w
[_w ɡ a ɾ ã ]_w
[_w p a ʃ a ]_w
[_w b e l a ]_w
[_w tʃ a m ]_w
[_w ũ i n u ]_w
[_w ʃ o v ẽ ]_w
[_w m u ɾ u ]_w
[_w m u k a ]_w
[_w d u d ]_w
[_w f o t a ]_w
[_w t e t a ]_w
[_w a z i ]_w
[_w s ã ɡ i ]_w
[_w l i z ĩ ]_w
[_w b o d e ]_w
[_w d ɛ s i ]_w
[_w k a tʃ a ]_w
[_w ʒ u õ ]_w
[_w ʃ u ɾ a ]_w
[_w t ã a ]_w
[_w ʃ ĩ d i ]_w
[_w i z i s ]_w
[_w ʒ e ɾ u ]_w
[_w ɾ ɛ d a ]_w
[_w p ũ o i ]_w
[_w p ɾ o b ]_w
[_w ɡ a b e ]_w
[_w ʒ p ɡ ]_w
[_w t ẽ ɡ i ]_w
[_w k u dʒ e ]_w
[_w p o i z ]_w
[_w d ɛ ɾ a ]_w
[_w n o b a ]_w
[_w p e m ]_w
[_w b a tʃ u ]_w
[_w l ĩ p a ]_w
[_w t ẽ k i ]_w
[_w ɾ u e ]_w
[_w n e d u ]_w
[_w t o m ɛ ]_w
[_w ɡ ɾ ã ]_w
[_w ɾ i p a ]_w
[_w o m e ]_w
[_w m u d e ]_w
[_w a k a s ]_w
[_w ɾ a z e ]_w
[_w v e ɾ ]_w
[_w a p ɾ i ]_w
[_w ã o s ]_w
[_w ɾ a ɡ a ]_w
[_w a v i õ ]_w
[_w ʒ u ɾ i ]_w
[_w ɡ ɾ a z ]_w
[_w f e ɾ d ]_w
[_w dʒ ũ t a ]_w
[_w t ɛ d u ]_w
[_w t e l a ]_w
[_w k u a s ]_w
[_w dʒ i b e ]_w
[_w k õ ʃ i ]_w
[_w l e t i ]_w
[_w ɛ z i ]_w
[_w ɡ ã b u ]_w
[_w s a b õ ]_w
[_w s u m u ]_w
[_w ɡ u m ũ ]_w
[_w dʒ o k u ]_w
[_w u z a z ]_w
[_w b u s ]_w
[_w a ɾ f i ]_w
[_w t i ã a ]_w
[_w ʃ e f i ]_w
[_w s e t u ]_w
[_w d u a s ]_w
[_w k õ ʃ e ]_w
[_w t u d o ]_w
[_w k õ d u ]_w
[_w ɡ ã t o ]_w
[_w m o s ]_w
[_w o ɾ a s ]_w
[_w t ẽ d i ]_w
[_w k o b u ]_w
[_w k o k u ]_w
[_w b o s e ]_w
[_w p ẽ t e ]_w
[_w b e d i ]_w
[_w l ɛ k s ]_w
[_w d e d a ]_w
[_w ʃ u ɲ u ]_w
[_w s i m e ]_w
[_w s i ɡ a ]_w
[_w s ẽ d i ]_w
[_w k a t a ]_w
[_w s e u ]_w
[_w ɡ a v e ]_w
[_w b a ɾ ]_w
[_w d u t i ]_w
[_w d ɔ k i ]_w
[_w k ã p a ]_w
[_w o m i s ]_w
[_w ɾ e l a ]_w
[_w b a ʃ u ]_w
[_w b õ s ]_w
[_w a l m u ]_w
[_w p ã u ]_w
[_w p u ʒ a ]_w
[_w ɡ a s u ]_w
[_w l a ɡ a ]_w
[_w v o k õ ]_w
[_w f u m u ]_w
[_w t ã t o ]_w
[_w m e i u ]_w
[_w ã ʒ u z ]_w
[_w s ɛ k a ]_w
[_w a t o ɾ ]_w
[_w a l e m ]_w
[_w i l t u ]_w
[_w ɛ s i ]_w
[_w b i p u ]_w
[_w tʃ e a ]_w
[_w k o t ɛ ]_w
[_w tʃ e ɾ a ]_w
[_w ʃ o f ẽ ]_w
[_w k ɾ ɛ ]_w
[_w i ʎ a ]_w
[_w d i d i ]_w
[_w tʃ i k a ]_w
[_w k ɔ s i ]_w
[_w ʃ u i s ]_w
[_w i ʎ a s ]_w
[_w s ẽ t i ]_w
[_w k ɛ ʀ a ]_w
[_w p i k u ]_w
[_w l e l ]_w
[_w a z ĩ ]_w
[_w ɾ a ʒ i ]_w
[_w b i ɾ a ]_w
[_w ɡ ã a l ]_w
[_w l i t a ]_w
[_w ɡ o z ĩ ]_w
[_w s e d u ]_w
[_w f ɛ t i ]_w
[_w k ã a ]_w
[_w ʒ ĩ e s ]_w
[_w d õ u ]_w
[_w dʒ o k ĩ ]_w
[_w m a ɾ ]_w
[_w ɾ u s u ]_w
[_w l u d a ]_w
[_w ɡ o ɾ u ]_w
[_w f ɾ a z ]_w
[_w d a b u ]_w
[_w d u s ]_w
[_w u ɾ i l ]_w
[_w f i t a ]_w
[_w p a i z ]_w
[_w ɡ a z a ]_w
[_w p o d ɛ ]_w
[_w m o l i ]_w
[_w n u m ]_w
[_w ɛ ʀ u ]_w
[_w b o b a ]_w
[_w o ɾ i s ]_w
[_w b o v u ]_w
[_w v i dʒ o ]_w
[_w f e ɾ ]_w
[_w d u k a ]_w
[_w s a p i ]_w
[_w b o f u ]_w
[_w l e s ]_w
[_w k ɛ ɾ a ]_w
[_w s ĩ t i ]_w
[_w t ẽ b a ]_w
[_w b a p a ]_w
[_w s e ʃ a ]_w
[_w v i k u ]_w
[_w ʒ u s ɛ ]_w
[_w f o ɡ o ]_w
[_w ɡ a tʃ u ]_w
[_w tʃ u ɡ a ]_w
[_w u e dʒ i ]_w
[_w b o dʒ i ]_w
[_w f e ɾ t ]_w
[_w m i tʃ o ]_w
[_w ɔ ɾ t i ]_w
[_w p ɾ i z ]_w
[_w m ũ d i ]_w
[_w n a s e ]_w
[_w ã ʃ u ]_w
[_w dʒ u m a ]_w
[_w f o t u ]_w
[_w ɡ o b u ]_w
[_w f a s ɛ ]_w
[_w b a ɡ a ]_w
[_w b ɛ̃ a ]_w
[_w f ĩ u ]_w
[_w f i d i ]_w
[_w dʒ o ɾ a ]_w
[_w k a tʃ ɔ ]_w
[_w d e s i ]_w
[_w ɾ i ʒ i ]_w
[_w f i ʃ i ]_w
[_w dʒ e i a ]_w
[_w ʒ i i ]_w
[_w m i s o ]_w
[_w tʃ u m a ]_w
[_w n o d e ]_w
[_w ɾ o d a ]_w
[_w õ p ɾ u ]_w
[_w k a s i ]_w
[_w ʒ e v i ]_w
[_w p ã k u ]_w
[_w l o b u ]_w
[_w ɾ a k u ]_w
[_w b o k u ]_w
[_w b a l e ]_w
[_w f e v ]_w
[_w k a p ]_w
[_w a p e z ]_w
[_w i t a l ]_w
[_w l õ k u ]_w
[_w v u z ]_w
[_w a t e ]_w
[_w p e t i ]_w
[_w t o ʃ ]_w
[_w l o k u ]_w
[_w ɛ k u a ]_w
[_w d e l ]_w
[_w a l ɡ u ]_w
[_w p o l ]_w
[_w k o p u ]_w
[_w l a tʃ i ]_w
[_w d a tʃ u ]_w
[_w ɾ e k u ]_w
[_w d i ɡ o ]_w
[_w b ɔ s a ]_w
[_w t ẽ t e ]_w
[_w z i k i ]_w
[_w ɾ e s u ]_w
[_w d i ɾ ɐ ]_w
[_w p e dʒ a ]_w
[_w b ẽ s a ]_w
[_w k ɾ u z ]_w
[_w d ɾ a m ]_w
[_w d i d õ ]_w
[_w ʃ u ʃ a ]_w
[_w d e u z ]_w
[_w ʒ a ɾ u ]_w
[_w u t i l ]_w
[_w b i b u ]_w
[_w ʃ u ʒ u ]_w
[_w s õ s ]_w
[_w ɔ m i ]_w
[_w t i s a ]_w
[_w p a z e ]_w
[_w a s õ ]_w
[_w t i b u ]_w
[_w d i a m ]_w
[_w k ɾ a u ]_w
[_w t o ʃ i ]_w
[_w dʒ a b i ]_w
[_w k o ʀ e ]_w
[_w b e ʃ u ]_w
[_w a u l a ]_w
[_w m ũ t o ]_w
[_w d i z a ]_w
[_w d i k i ]_w
[_w v ĩ ʒ i ]_w
[_w ɡ o m ũ ]_w
[_w n o p o ]_w
[_w d e ɾ a ]_w
[_w m ĩ ĩ a ]_w
[_w k a ʒ a ]_w
[_w t ɾ e s ]_w
[_w ɡ õ ʒ i ]_w
[_w z e t a ]_w
[_w b o ɡ u ]_w
[_w ẽ t õ ]_w
[_w d i d a ]_w
[_w k u dʒ ɛ ]_w
[_w n o s a ]_w
[_w a ĩ d a ]_w
[_w o b ɾ a ]_w
[_w l a d a ]_w
[_w p a t e ]_w
[_w m ɔ t i ]_w
[_w p e tʃ a ]_w
[_w ɾ i k u ]_w
[_w l u d u ]_w
[_w a l i a ]_w
[_w p o v e ]_w
[_w v a z ɛ ]_w
[_w t e d a ]_w
[_w t e s e ]_w
[_w k o l i ]_w
[_w m ũ t i ]_w
[_w a p e l ]_w
[_w k a ɾ o ]_w
[_w t a n u ]_w
[_w a z u l ]_w
[_w v o t u ]_w
[_w ʃ a m ]_w
[_w p e s u ]_w
[_w b a s u ]_w
[_w d ẽ t o ]_w
[_w ɡ ũ s a ]_w
[_w f l a l ]_w
[_w t i a s ]_w
[_w b e ʒ u ]_w
[_w b a i z ]_w
[_w ɡ ɔ b a ]_w
[_w ɡ ɾ i a ]_w
[_w b ɾ ĩ d ]_w
[_w n ũ i ]_w
[_w d i ʒ i ]_w
[_w b ĩ t õ ]_w
[_w t õ t õ ]_w
[_w tʃ o s ]_w
[_w b ɾ i u ]_w
[_w n ɛ d u ]_w
[_w s ã t u ]_w
[_w ʒ ĩ d i ]_w
[_w o ɾ a z ]_w
[_w m ɔ t a ]_w
[_w d a ũ ]_w
[_w d ã d u ]_w
[_w b ɾ i s ]_w
[_w k u tʃ e ]_w
[_w ũ t ɛ ]_w
[_w v ɾ a ]_w
[_w t e f e ]_w
[_w a dʒ a m ]_w
[_w s a l ]_w
[_w n e v i ]_w
[_w b e dʒ u ]_w
[_w t a m ]_w
[_w v ĩ t a ]_w
[_w p ã d a ]_w
[_w l i z u ]_w
[_w ɡ o ʀ e ]_w
[_w d e s ]_w
[_w a ɡ u ]_w
[_w d e m a ]_w
[_w p ɔ k a ]_w
[_w a d ɛ ]_w
[_w tʃ e ɾ u ]_w
[_w d ẽ b o ]_w
[_w d a d o ]_w
[_w ɾ o dʒ a ]_w
[_w b o s t ]_w
[_w d i t i ]_w
[_w ã ʒ u s ]_w
[_w p o v i ]_w
[_w v i v a ]_w
[_w dʒ a u ]_w
[_w p a d e ]_w
[_w k e l a ]_w
[_w ɐ̃ u z ]_w
[_w a k u ]_w
[_w ɾ u m a ]_w
[_w o d u s ]_w
[_w d i t a ]_w
[_w o s e ʃ ]_w
[_w k a t u ]_w
[_w l o ʃ i ]_w
[_w n i ɲ u ]_w
[_w a d u z ]_w
[_w f o t ɛ ]_w
[_w b o d i ]_w
[_w f u s ]_w
[_w p o ʃ ]_w
[_w d ẽ b u ]_w
[_w b a z i ]_w
[_w b a l ]_w
[_w t ɛ u s ]_w
[_w v i l u ]_w
[_w o tʃ a l ]_w
[_w tʃ e k a ]_w
[_w m a t a ]_w
[_w a ɾ k u ]_w
[_w ɾ o l õ ]_w
[_w v a ɡ a ]_w
[_w t e b i ]_w
[_w ɾ a m u ]_w
[_w i i l b ]_w
[_w t u d i ]_w
[_w m o z ]_w
[_w ɡ a z i ]_w
[_w d u d u ]_w
[_w d ã t o ]_w
[_w s e d i ]_w
[_w t i z i ]_w
[_w k i a ]_w
[_w ɡ u tʃ a ]_w
[_w t e u s ]_w
[_w t a i ]_w
[_w dʒ u p a ]_w
[_w v a ʒ i ]_w
[_w ʒ o s ɛ ]_w
[_w b a l u ]_w
[_w v i ʃ õ ]_w
[_w d o d a ]_w
[_w l ĩ k a ]_w
[_w ɡ u ɾ a ]_w
[_w dʒ i b i ]_w
[_w d o ʃ i ]_w
[_w ɡ õ k o ]_w
[_w ʒ m n ]_w
[_w f ɛ p u ]_w
[_w d a ɡ u ]_w
[_w p ĩ dʒ a ]_w
[_w k o dʒ i ]_w
[_w p a ɲ u ]_w
[_w d ẽ t e ]_w
[_w ɾ i t o ]_w
[_w a s u l ]_w
[_w v i ɡ ɐ ]_w
[_w p a ɡ u ]_w
[_w ʒ i a ]_w
[_w s i t e ]_w
[_w k e d u ]_w
[_w s t e ɾ ]_w
[_w f ũ d u ]_w
[_w a p e s ]_w
[_w a ɡ a ]_w
[_w b a t i ]_w
[_w t a t a ]_w
[_w dʒ o ɡ ĩ ]_w
[_w m a z a ]_w
[_w m o t e ]_w
[_w ɾ e t a ]_w
[_w ɾ e s e ]_w
[_w ɾ a s a ]_w
[_w n b o s ]_w
[_w t e ʀ a ]_w
[_w a l p a ]_w
[_w u v i ]_w
[_w d a d u ]_w
[_w i ɡ ɾ e ]_w
[_w õ d e ]_w
[_w v e t o ]_w
[_w p a ʃ õ ]_w
[_w ʃ u õ ]_w
[_w t i u ]_w
[_w m a dʒ u ]_w
[_w d e u ʒ ]_w
[_w ã d i ]_w
[_w f i tʃ u ]_w
[_w b ɾ o b ]_w
[_w f o ɡ u ]_w
[_w k ã b a ]_w
[_w d ɔ ɾ ]_w
[_w n o v i ]_w
[_w ɡ a b ]_w
[_w m a s ã ]_w
[_w p e b e ]_w
[_w t ɛ z ]_w
[_w n p i a ]_w
[_w d ẽ e m ]_w
[_w n ɐ s e ]_w
[_w p o t u ]_w
[_w p a ɡ a ]_w
[_w ɔ ɡ i ]_w
[_w a ɾ k ũ ]_w
[_w f ɐ s e ]_w
[_w d o d u ]_w
[_w ɾ ẽ k i ]_w
[_w p ã ɡ u ]_w
[_w p i p u ]_w
[_w v i ʒ i ]_w
[_w s a p õ ]_w
[_w l ĩ b a ]_w
[_w ʃ a ɾ u ]_w
[_w n d õ ]_w
[_w ɡ ĩ t a ]_w
[_w a l ɡ ẽ ]_w
[_w a d u ]_w
[_w a d ɾ i ]_w
[_w ɡ u e l ]_w
[_w k o ʒ i ]_w
[_w s ĩ d a ]_w
[_w o d o ]_w
[_w k i s e ]_w
[_w dʒ ɔ̃ s a ]_w
[_w b o i ]_w
[_w tʃ u k a ]_w
[_w ɡ o l a ]_w
[_w ʒ e i a ]_w
[_w t o s ]_w
[_w n o s ]_w
[_w o i d u ]_w
[_w k e ʃ a ]_w
[_w ɡ o b õ ]_w
[_w u m ã u ]_w
[_w n o v u ]_w
[_w z i t a ]_w
[_w f i ʃ õ ]_w
[_w p o a ]_w
[_w l ĩ ɡ ]_w
[_w ɡ o m i ]_w
[_w d ɔ s i ]_w
[_w a m t ]_w
[_w d o t a ]_w
[_w p a ʒ a ]_w
[_w p ɛ l a ]_w
[_w u f i ]_w
[_w d a z ]_w
[_w f e t u ]_w
[_w ũ i d u ]_w
[_w b a k u ]_w
[_w m õ t i ]_w
[_w ɔ k i ]_w
[_w b a ɡ ɐ ]_w
[_w d ɛ̃ d u ]_w
[_w o t ɾ ũ ]_w
[_w d i z e ]_w
[_w ɾ i s i ]_w
[_w t a u ]_w
[_w ɡ u dʒ ɛ ]_w
[_w ɾ o z a ]_w
[_w p o s t ]_w
[_w b ɾ o p ]_w
[_w k o p a ]_w
[_w b a ʒ a ]_w
[_w b o a ]_w
[_w ũ i ɡ u ]_w
[_w f i f a ]_w
[_w s u ɲ a ]_w
[_w f o k u ]_w
[_w t u k u ]_w
[_w ɔ̃ b ɾ u ]_w
[_w ʒ ã s i ]_w
[_w b ẽ p a ]_w
[_w f i i ]_w
[_w d a dʒ a ]_w
[_w k o ʒ u ]_w
[_w m ɛ̃ u s ]_w
[_w m a ʃ ]_w
[_w dʒ u b a ]_w
[_w b ɔ k a ]_w
[_w ʃ e v i ]_w
[_w d i a z ]_w
[_w v ɾ a l ]_w
[_w f i z õ ]_w
[_w m a ɡ i ]_w
[_w dʒ e ɾ u ]_w
[_w m a z u ]_w
[_w v ɾ i ]_w
[_w k õ ʒ i ]_w
[_w ɲ a p o ]_w
[_w ɡ a p a ]_w
[_w k u d u ]_w
[_w ɡ o m e ]_w
[_w t o d o ]_w
[_w ʃ a u ]_w
[_w m ã ʒ e ]_w
[_w f a d u ]_w
[_w dʒ e ɡ a ]_w
[_w o d ɾ ũ ]_w
[_w f l a m ]_w
[_w m ã k a ]_w
[_w s e ɲ o ]_w
[_w p e l ẽ ]_w
[_w ɡ a l u ]_w
[_w k o d ɛ ]_w
[_w f e ɾ a ]_w
[_w t ẽ ʃ o ]_w
[_w f i tʃ a ]_w
[_w v i dʒ a ]_w
[_w t i z a ]_w
[_w ɡ a p u ]_w
[_w b a s õ ]_w
[_w a l d u ]_w
[_w ɾ ã ʃ a ]_w
[_w s ĩ k u ]_w
[_w ɾ a z õ ]_w
[_w n b i a ]_w
[_w s ɛ d i ]_w
[_w tʃ i p e ]_w
[_w t ɛ̃ b u ]_w
[_w t i a l ]_w
[_w m e ʒ e ]_w
[_w ʃ v i ]_w
[_w m u t e ]_w
[_w s d o ɾ ]_w
[_w k ĩ d u ]_w
[_w ɾ e k a ]_w
[_w f i dʒ o ]_w
[_w s e ʒ a ]_w
[_w tʃ o z ]_w
[_w k a ʀ u ]_w
[_w d u z i ]_w
[_w ʒ a u ]_w
[_w f i v a ]_w
[_w t u k a ]_w
[_w d ɛ d u ]_w
[_w f i ʒ õ ]_w
[_w ã t e ]_w
[_w ɔ l a ]_w
[_w l i ɲ a ]_w
[_w ʃ o u ]_w
[_w tʃ a u ]_w
[_w ɡ õ t u ]_w
[_w k a b ]_w
[_w t u s ]_w
[_w ɔ b ɾ a ]_w
[_w k a f ɛ ]_w
[_w k ã k ã ]_w
[_w f i tʃ o ]_w
[_w d o ɡ a ]_w
[_w b u ɐ ]_w
[_w d ɛ u s ]_w
[_w p l ã u ]_w
[_w d ɔ̃ a ]_w
[_w s ã k i ]_w
[_w b ẽ s õ ]_w
[_w ɡ ã t a ]_w
[_w d ɾ a z ]_w
[_w p ĩ a ]_w
[_w ɔ ɾ d a ]_w
[_w tʃ i b e ]_w
[_w k o ɡ u ]_w
[_w ɡ a m a ]_w
[_w f l a z ]_w
[_w d i ɾ u ]_w
[_w p o t a ]_w
[_w p a k u ]_w
[_w tʃ o ɡ ĩ ]_w
[_w l a t ĩ ]_w
[_w s i d u ]_w
[_w m ũ t a ]_w
[_w v o i ]_w
[_w t a v i ]_w
[_w ɾ u a ]_w
[_w s a k o ]_w
[_w f e d i ]_w
[_w b l ẽ u ]_w
[_w ʃ u i z ]_w
[_w b ũ d i ]_w
[_w v i z õ ]_w
[_w s a l a ]_w
[_w v i f e ]_w
[_w k e p e ]_w
[_w t u ɡ a ]_w
[_w f k a ]_w
[_w ɾ e ɡ u ]_w
[_w m i t i ]_w
[_w p o i s ]_w
[_w d i a ]_w
[_w m ã e l ]_w
[_w t o ʒ i ]_w
[_w ʒ o u ]_w
[_w t ɛ ʀ a ]_w
[_w o dʒ a m ]_w
[_w t i t õ ]_w
[_w p õ p a ]_w
[_w b o z ]_w
[_w ɡ e s ]_w
[_w ũ i t u ]_w
[_w a l k u ]_w
[_w ɡ ã p a ]_w
[_w ʃ ĩ e z ]_w
[_w v i u ]_w
[_w v e ɾ a ]_w
[_w t ẽ e m ]_w
[_w a l k ẽ ]_w
[_w m e z ]_w
[_w b e tʃ o ]_w
[_w a ɡ ɔ ]_w
[_w k e b e ]_w
[_w ɾ ɛ ɡ a ]_w
[_w m a t u ]_w
[_w d a p a ]_w
[_w t ẽ p u ]_w
[_w ʒ ũ d e ]_w
[_w s u p ]_w
[_w p ɾ ĩ d ]_w
[_w k õ k o ]_w
[_w f o k õ ]_w
[_w a z i m ]_w
[_w l i s u ]_w
[_w ɡ ã s a ]_w
[_w ɡ ã k ã ]_w
[_w f ũ t a ]_w
[_w d u ɡ u ]_w
[_w ɡ a l a ]_w
[_w f ẽ u z ]_w
[_w k a z u ]_w
[_w d a v a ]_w
[_w f e ʃ ]_w
[_w m i ʒ a ]_w
[_w k e t o ]_w
[_w l a b i ]_w
[_w l õ ɡ u ]_w
[_w s a i a ]_w
[_w v e t i ]_w
[_w v o k u ]_w
[_w t o ɾ u ]_w
[_w t a d o ]_w
[_w v ɾ ɐ ]_w
[_w ɡ u s a ]_w
[_w l ɔ ʒ a ]_w
[_w z ɔ̃ a ]_w
[_w ɡ ĩ z i ]_w
[_w l o b o ]_w
[_w b l ã u ]_w
[_w s d ɾ a ]_w
[_w m i s õ ]_w
[_w n v e z ]_w
[_w ɾ i ʃ i ]_w
[_w f e z ]_w
[_w f i ɡ ɐ ]_w
[_w tʃ o ɾ u ]_w
[_w d i d ĩ ]_w
[_w k õ d ɐ ]_w
[_w e l i ]_w
[_w p a ɡ ɐ ]_w
[_w m ẽ d i ]_w
[_w t õ d õ ]_w
[_w p i dʒ u ]_w
[_w ɡ a b u ]_w
[_w p a d i ]_w
[_w l e f a ]_w
[_w i s ɛ ]_w
[_w b ɾ a ]_w
[_w d ɛ̃ t u ]_w
[_w b o p u ]_w
[_w b a dʒ a ]_w
[_w v u m a ]_w
[_w t i ɾ ɐ ]_w
[_w m a tʃ u ]_w
[_w l ɛ ɡ s ]_w
[_w o b s ]_w
[_w z e ɡ a ]_w
[_w d o m ɛ ]_w
[_w o ɾ k u ]_w
[_w b ẽ t u ]_w
[_w t a k u ]_w
[_w p a ɾ ]_w
[_w d a n u ]_w
[_w m e s a ]_w
[_w v i f i ]_w
[_w ɡ u s e ]_w
[_w l ĩ t u ]_w
[_w o b i l ]_w
[_w o z e ]_w
[_w f e d e ]_w
[_w b a ɲ u ]_w
[_w t a b u ]_w
[_w ɾ i d o ]_w
[_w ẽ d õ ]_w
[_w d o t u ]_w
[_w s o d i ]_w
[_w d a tʃ a ]_w
[_w k a p ɐ ]_w
[_w a ɲ o z ]_w
[_w l i s õ ]_w
[_w o b s õ ]_w
[_w ɡ u z a ]_w
[_w dʒ u k a ]_w
[_w a v e ɾ ]_w
[_w z o t a ]_w
[_w v a dʒ a ]_w
[_w o d u z ]_w
[_w ũ t e ]_w
[_w dʒ ũ d a ]_w
[_w tʃ a s i ]_w
[_w s e m ]_w
[_w k e d o ]_w
[_w ʒ ĩ t i ]_w
[_w v o ɾ a ]_w
[_w t o d a ]_w
[_w v o t a ]_w
[_w b e t i ]_w
[_w v i ɡ u ]_w
[_w b a ʃ a ]_w
[_w o p s ]_w
[_w s i p i ]_w
[_w n ɛ d a ]_w
[_w f ĩ ʒ i ]_w
[_w ʃ i i ]_w
[_w n e z ]_w
[_w t e ʒ a ]_w
[_w k ũ s a ]_w
[_w f o d u ]_w
[_w p i a ]_w
[_w d ẽ p o ]_w
[_w m ã u ]_w
[_w d o ʃ ]_w
[_w m o ʃ u ]_w
[_w p a ʒ o ]_w
[_w m õ d õ ]_w
[_w v ĩ d i ]_w
[_w ã t i z ]_w
[_w l a t o ]_w
[_w t a d u ]_w
[_w õ d i ]_w
[_w s ĩ a ]_w
[_w b e z u ]_w
[_w z ẽ d a ]_w
[_w a t ɾ i ]_w
[_w k a t i ]_w
[_w t ɛ t u ]_w
[_w k o ɾ i ]_w
[_w l õ ʒ e ]_w
[_w m ũ t u ]_w
[_w t e z ]_w
[_w v a k a ]_w
[_w f o d ɛ ]_w
[_w t i d u ]_w
[_w s o k u ]_w
[_w b ĩ tʃ a ]_w
[_w d e d u ]_w
[_w tʃ i b i ]_w
[_w a ʃ u ]_w
[_w d i p a ]_w
[_w k o z a ]_w
[_w k ɔ b a ]_w
[_w v i k ɐ ]_w
[_w tʃ a p i ]_w
[_w a p e ɾ ]_w
[_w ɡ ã a ]_w
[_w n e f i ]_w
[_w ɲ a z ]_w
[_w ʒ e f i ]_w
[_w ɡ e z ]_w
[_w ɾ a b u ]_w
[_w p o v u ]_w
[_w b õ t u ]_w
[_w l o ʒ i ]_w
[_w k o tʃ i ]_w
[_w b ẽ a ]_w
[_w ʒ o z ɛ ]_w
[_w v e ɾ t ]_w
[_w ã u s ]_w
[_w ɡ o ʃ u ]_w
[_w ĩ dʒ i ]_w
[_w b u ɾ a ]_w
[_w m ã ɡ i ]_w
[_w ʒ o f ẽ ]_w
[_w t i k i ]_w
[_w f i u ]_w
[_w p a s õ ]_w
[_w ɡ a ɲ a ]_w
[_w ĩ b o ]_w
[_w u e tʃ i ]_w
[_w b a t a ]_w
[_w b o tʃ i ]_w
[_w s b i a ]_w
[_w t ẽ p o ]_w
[_w t ɛ l a ]_w
[_w t i ɾ u ]_w
[_w dʒ o p i ]_w
[_w p o n u ]_w
[_w b ĩ d u ]_w
[_w a k a ]_w
[_w t e t o ]_w
[_w ɡ e l i ]_w
[_w d ɛ s ]_w
[_w ɡ ã b a ]_w
[_w m ɛ z a ]_w
[_w p ẽ s ɐ ]_w
[_w d a dʒ u ]_w
[_w ɡ a i ]_w
[_w v e i a ]_w
[_w a f e ɾ ]_w
[_w s ẽ t a ]_w
[_w d u d o ]_w
[_w b i ɾ ɐ ]_w
[_w ɡ a v ɛ ]_w
[_w f i d a ]_w
[_w ɡ u dʒ e ]_w
[_w ɡ a u ]_w
[_w l õ ʃ e ]_w
[_w b õ p a ]_w
[_w tʃ i p i ]_w
[_w t ẽ d e ]_w
[_w p a z õ ]_w
[_w f l a s ]_w
[_w n v e s ]_w
[_w b i l õ ]_w
[_w a t ũ ]_w
[_w d ɔ ɡ i ]_w
[_w tʃ a p ũ ]_w
[_w k a dʒ o ]_w
[_w m a p a ]_w
[_w t ɔ k i ]_w
[_w d i ʃ i ]_w
[_w p s v ]_w
[_w p ɔ ɡ a ]_w
[_w n ɔ d a ]_w
[_w m ẽ o z ]_w
[_w m u ɡ a ]_w
[_w õ t i ]_w
[_w b u ʒ a ]_w
[_w ʒ o ɡ u ]_w
[_w f ẽ u s ]_w
[_w ɡ o s ĩ ]_w
[_w t i t u ]_w
[_w f õ d i ]_w
[_w p ũ d i ]_w
[_w p a m ]_w
[_w dʒ u z e ]_w
[_w d i d u ]_w
[_w e s i z ]_w
[_w f e t o ]_w
[_w b e s a ]_w
[_w m i ʃ a ]_w
[_w õ ɾ a ]_w
[_w l a ʃ i ]_w
[_w m u i ]_w
[_w ʒ u z ɛ ]_w
[_w n o z ]_w
[_w d i s u ]_w
[_w m i tʃ u ]_w
[_w d u ɾ a ]_w
[_w p o s e ]_w
[_w a b ɾ a ]_w
[_w t e u z ]_w
[_w s u p i ]_w
[_w t u t ]_w
[_w t i ʒ i ]_w
[_w k ɾ e m ]_w
[_w z u b ]_w
[_w t a f i ]_w
[_w f ũ t u ]_w
[_w v o d a ]_w
[_w m ẽ d a ]_w
[_w ɡ o ɾ i ]_w
[_w p ɾ o p ]_w
[_w t i o z ]_w
[_w ɐ̃ u s ]_w
[_w d i t ĩ ]_w
[_w b e l i ]_w
[_w v i tʃ a ]_w
[_w ɡ ɾ a u ]_w
[_w n e ɲ ũ ]_w
[_w ɡ e m a ]_w
[_w m a z ã ]_w
[_w ɾ o p a ]_w
[_w d ẽ p a ]_w
[_w ɡ o ɾ ]_w
[_w i z ɛ ]_w
[_w d ã d o ]_w
[_w k i m ]_w
[_w p o p a ]_w
[_w f o z ]_w
[_w ɾ e z e ]_w
[_w t i d ĩ ]_w
[_w a p ɾ a ]_w
[_w n o f i ]_w
[_w ɡ i l u ]_w
[_w m ẽ u z ]_w
[_w b a z u ]_w
[_w m o ɡ u ]_w
[_w b a ʒ õ ]_w
[_w t ɐ m ]_w
[_w p i p e ]_w
[_w k u z e ]_w
[_w o l a ]_w
[_w t ɾ a m ]_w
[_w d u t e ]_w
[_w l õ ɡ a ]_w
[_w b i ɐ ]_w
[_w ɡ e m ɛ ]_w
[_w ɡ o z a ]_w
[_w ʃ e ɾ u ]_w
[_w z ã d a ]_w
[_w f u ʃ i ]_w
[_w tʃ e ɡ a ]_w
[_w ɡ o s a ]_w
[_w t i ɐ ]_w
[_w n ɔ s ]_w
[_w k i z e ]_w
[_w p ẽ p a ]_w
[_w d a f i ]_w
[_w s i m õ ]_w
[_w p ã t a ]_w
[_w b a l i ]_w
[_w t o z ]_w
[_w a k ɔ ]_w
[_w ʒ u ɾ a ]_w
[_w m i ɡ e ]_w
[_w k u dʒ a ]_w
[_w n o p u ]_w
[_w tʃ o ɡ u ]_w
[_w p ẽ b a ]_w
[_w d e b i ]_w
[_w p a k ɐ ]_w
[_w d i ʃ a ]_w
[_w m a s u ]_w
[_w i l d u ]_w
[_w d e ʀ a ]_w
[_w m i z õ ]_w
[_w ɡ o s i ]_w
[_w k ã t u ]_w
[_w m ɛ̃ u z ]_w
[_w s i s i ]_w
[_w ɡ e ɾ a ]_w
[_w k o z u ]_w
[_w b o t ɛ ]_w
[_w k ɾ o z ]_w
[_w p a l i ]_w
[_w o d i u ]_w
[_w ɾ e ɡ a ]_w
[_w b a dʒ u ]_w
[_w ɾ i ɡ u ]_w
[_w ɾ ɛ t a ]_w
[_w p i tʃ u ]_w
[_w v ĩ ɡ a ]_w
[_w f ĩ k a ]_w
[_w t ɛ̃ t u ]_w
[_w m i s a ]_w
[_w d i t u ]_w
[_w ɡ o dʒ e ]_w
[_w b i o ɾ ]_w
[_w l ĩ d u ]_w
[_w t i p u ]_w
[_w f i v e ]_w
[_w d e u ʃ ]_w
[_w ɾ a z i ]_w
[_w f o k o ]_w
[_w d o z ]_w
[_w v o z ]_w
[_w m ũ d o ]_w
[_w k a v ɛ ]_w
[_w ɡ u s ɛ ]_w
[_w v ɛ p u ]_w
[_w u s a ]_w
[_w dʒ u t a ]_w
[_w o i t u ]_w
[_w d ẽ b a ]_w
[_w f i f e ]_w
[_w n o z a ]_w
[_w t e s i ]_w
[_w ɡ ɾ u s ]_w
[_w l u t a ]_w
[_w f ɔ z ]_w
[_w o f u ]_w
[_w m ã ɡ a ]_w
[_w f e ʒ u ]_w
[_w n o d a ]_w
[_w p e ʒ o ]_w
[_w v ɾ i u ]_w
[_w b e ʒ a ]_w
[_w d u s i ]_w
[_w p e tʃ u ]_w
[_w t u z i ]_w
[_w a k t b ]_w
[_w f e d o ]_w
[_w a n o z ]_w
[_w ɛ ɡ u a ]_w
[_w k o p õ ]_w
[_w l o p o ]_w
[_w z ĩ t a ]_w
[_w m i ʎ õ ]_w
[_w ɔ p ɾ a ]_w
[_w b e tʃ u ]_w
[_w k ã ɡ ã ]_w
[_w a b e l ]_w
[_w d ɲ o ]_w
[_w ʒ u ʒ a ]_w
[_w ã d õ ]_w
[_w f õ t i ]_w
[_w f e ɡ a ]_w
[_w p ẽ a ]_w
[_w o p s õ ]_w
[_w ʒ ũ t e ]_w
[_w d ɐ m ]_w
[_w ɾ ɔ d a ]_w
[_w t a t o ]_w
[_w ɡ u dʒ a ]_w
[_w p a z ]_w
[_w a ɾ v i ]_w
[_w o t i u ]_w
[_w b o i z ]_w
[_w m ĩ dʒ o ]_w
[_w p a l u ]_w
[_w ɡ e ɲ a ]_w
[_w b o k o ]_w
[_w tʃ i ɡ ɐ ]_w
[_w l ĩ k ]_w
[_w t ɾ a l ]_w
[_w k o tʃ e ]_w
[_w u z a ]_w
[_w t ɔ s i ]_w
[_w dʒ e a ]_w
[_w t a z ]_w
[_w p e d i ]_w
[_w t u a s ]_w
[_w o m e z ]_w
[_w f i v i ]_w
[_w d z e ]_w
[_w t ẽ d a ]_w
[_w t ẽ e l ]_w
[_w dʒ a b ũ ]_w
[_w b o n u ]_w
[_w t e t u ]_w
[_w d o ɾ ]_w
[_w ʒ o d i ]_w
[_w f ɔ tʃ a ]_w
[_w dʒ a p i ]_w
[_w m a i z ]_w
[_w f o d a ]_w
[_w m ã s u ]_w
[_w ɾ ɔ t a ]_w
[_w b e m ]_w
[_w i ʎ a z ]_w
[_w o s e ʒ ]_w
[_w v ĩ u ]_w
[_w n d õ i ]_w
[_w i i l p ]_w
[_w ɡ a tʃ a ]_w
[_w b l o ɡ ]_w
[_w b o d ɛ ]_w
[_w ʃ i ʒ ]_w
[_w n ɛ t u ]_w
[_w b o p a ]_w
[_w t a dʒ a ]_w
[_w z o l ]_w
[_w z e ɾ a ]_w
[_w d e t o ]_w
[_w ɡ ã d o ]_w
[_w t a tʃ a ]_w
[_w p o f i ]_w
[_w s ɛ d u ]_w
[_w s o ɡ u ]_w
[_w f o k a ]_w
[_w v e t e ]_w
[_w o p a m ]_w
[_w a tʃ a m ]_w
[_w a ɡ a s ]_w
[_w n e z e ]_w
[_w d e ɾ ]_w
[_w b u ʃ a ]_w
[_w ɡ ẽ d i ]_w
[_w ɡ ã ɡ ã ]_w
[_w k u k i ]_w
[_w z a b e ]_w
[_w f o s i ]_w
[_w f e d u ]_w
[_w ɾ e z u ]_w
[_w d n o s ]_w
[_w p i ɡ a ]_w
[_w b e l ẽ ]_w
[_w k u ɡ i ]_w
[_w t u s i ]_w
[_w d ɛ z i ]_w
[_w n o s u ]_w
[_w t ẽ t i ]_w
[_w f i tʃ e ]_w
[_w u z u ]_w
[_w ʒ i ʃ ]_w
[_w d a t u ]_w
[_w f i t i ]_w
[_w s ɛ t u ]_w
[_w p u ʃ a ]_w
[_w ɾ e z õ ]_w
[_w b u z ]_w
[_w d v d ]_w
[_w v e s ]_w
[_w dʒ i p i ]_w
[_w o ɾ i z ]_w
[_w n o p a ]_w
[_w f i f i ]_w
[_w ɡ o m u ]_w
[_w ɡ ɛ ɾ a ]_w
[_w d e f i ]_w
[_w t o ʒ ]_w
[_w n b o z ]_w
[_w dʒ e ɾ a ]_w
[_w a dʒ a ]_w
[_w v o m i ]_w
[_w ɾ o ɡ e ]_w
[_w v e f ]_w
[_w ɡ e ʃ ]_w
[_w p o z ]_w
[_w b ã u ]_w
[_w ɾ õ ɡ a ]_w
[_w s p o z ]_w
[_w v e i u ]_w
[_w b u ʃ u ]_w
[_w b a s e ]_w
[_w d ɾ ɐ ]_w
[_w ɡ õ ʃ e ]_w
[_w v o d u ]_w
[_w d i z u ]_w
[_w dʒ o s ]_w
[_w t ẽ p a ]_w
[_w b i k a ]_w
[_w d ã p a ]_w
[_w t ã d o ]_w
[_w ɡ õ ʒ e ]_w
[_w ʃ i ʃ ]_w
[_w ʃ ĩ e s ]_w
[_w d ẽ d a ]_w
[_w f e f ]_w
[_w l i t u ]_w
[_w t u d ]_w
[_w f e t i ]_w
[_w t a f a ]_w
[_w k u t u ]_w
[_w d ẽ ʃ o ]_w
[_w v o u ]_w
[_w u s a z ]_w
[_w p ɛ s a ]_w
[_w p ẽ d i ]_w
[_w p o z e ]_w
[_w ɾ a ʃ i ]_w
[_w ɡ e b e ]_w
[_w d u t u ]_w
[_w ʃ o s ɛ ]_w
[_w s a ɡ o ]_w
[_w l u t u ]_w
[_w l o p u ]_w
[_w s i z i ]_w
[_w ɡ u m i ]_w
[_w ʃ i l ]_w
[_w b o f e ]_w
[_w v o s i ]_w
[_w f ɛ d i ]_w
[_w v i d a ]_w
[_w d u z ]_w
[_w a l d a ]_w
[_w t u ɾ u ]_w
[_w v o ɡ a ]_w
[_w ẽ d ɾ e ]_w
[_w b ã ɡ u ]_w
[_w v i ʒ õ ]_w
[_w z ẽ t u ]_w
[_w k o ʃ u ]_w
[_w b i dʒ u ]_w
[_w n a t a ]_w
[_w ã p o s ]_w
[_w l a p i ]_w
[_w n ɔ p u ]_w
[_w t ɔ̃ a ]_w
[_w a tʃ a ]_w
[_w ʃ o t i ]_w
[_w k ɾ a z ]_w
[_w a t u s ]_w
[_w a ɾ k ẽ ]_w
[_w ɡ ɾ ɛ ]_w
[_w z i z ]_w
[_w v u ʒ i ]_w
[_w d i t õ ]_w
[_w t e v i ]_w
[_w d u d i ]_w
[_w b a t e ]_w
[_w t a dʒ u ]_w
[_w b e ʒ o ]_w
[_w k ɔ z i ]_w
[_w b o z e ]_w
[_w ɡ a ʒ u ]_w
[_w b a k ɛ ]_w
[_w d ẽ t i ]_w
[_w ɡ a ɾ o ]_w
[_w s ẽ t e ]_w
[_w z u ɾ i ]_w
[_w d e z e ]_w
[_w ɡ e t u ]_w
[_w n p o z ]_w
[_w f e k a ]_w
[_w b e dʒ o ]_w
[_w b ɾ ĩ t ]_w
[_w ʃ u s ɛ ]_w
[_w b o d u ]_w
[_w o p i l ]_w
[_w ʃ ĩ d a ]_w
[_w e t s ]_w
[_w ɡ a dʒ o ]_w
[_w s p i ɐ ]_w
[_w p ĩ d õ ]_w
[_w b ẽ t i ]_w
[_w d ẽ k i ]_w
[_w v ɔ dʒ a ]_w
[_w a p a ]_w
[_w b a d i ]_w
[_w d ɾ e z ]_w
[_w ɡ e ʃ a ]_w
[_w ɡ o dʒ i ]_w
[_w ɡ u a s ]_w
[_w t o t u ]_w
[_w d u a z ]_w
[_w d a t a ]_w
[_w t ɛ z i ]_w
[_w v e z ]_w
[_w dʒ a z i ]_w
[_w ʃ u ʃ u ]_w
[_w ɾ o b a ]_w
[_w b e ʃ o ]_w
[_w s d e ɾ ]_w
[_w dʒ i ɡ ɐ ]_w
[_w z o d i ]_w
[_w f u z ]_w
[_w d a k s ]_w
[_w a f i õ ]_w
[_w b ã k u ]_w
[_w v ĩ a l ]_w
[_w ɡ ɔ z i ]_w
[_w ɡ u a l ]_w
[_w t e d o ]_w
[_w p e z ]_w
[_w ɾ e p a ]_w
[_w t ɛ̃ p u ]_w
[_w d a ɡ s ]_w
[_w dʒ a t a ]_w
[_w v e i o ]_w
[_w d o ʒ ]_w
[_w v ĩ ʃ i ]_w
[_w v o ɡ u ]_w
[_w z e k u ]_w
[_w d u k u ]_w
[_w t a t u ]_w
[_w dʒ u v a ]_w
[_w p o f e ]_w
[_w ɡ u d u ]_w
[_w e z i s ]_w
[_w b a z ]_w
[_w k e ʒ ]_w
[_w a ɾ ɡ ẽ ]_w
[_w ɡ a p e ]_w
[_w t i a z ]_w
[_w v o t ɛ ]_w
[_w ɾ u z u ]_w
[_w k a ʒ u ]_w
[_w f o z i ]_w
[_w b o ʃ ]_w
[_w dʒ i p e ]_w
[_w v a t u ]_w
[_w b u a ]_w
[_w b i ɡ a ]_w
[_w f o ɡ a ]_w
[_w v o s ]_w
[_w b ã t a ]_w
[_w b e z ]_w
[_w ɡ u z e ]_w
[_w b e k a ]_w
[_w n ɐ z e ]_w
[_w v i v e ]_w
[_w b a ɡ e ]_w
[_w t i d õ ]_w
[_w ɡ a ʀ u ]_w
[_w p ɛ z a ]_w
[_w dʒ e k a ]_w
[_w dʒ ũ d u ]_w
[_w m o d a ]_w
[_w s ẽ d e ]_w
[_w b ẽ d i ]_w
[_w v ĩ d a ]_w
[_w l a t u ]_w
[_w dʒ u ɡ ɐ ]_w
[_w z i m a ]_w
[_w ɡ ɔ s i ]_w
[_w ɡ u dʒ o ]_w
[_w z a i t ]_w
[_w t u ɾ a ]_w
[_w t e u ʒ ]_w
[_w n a z e ]_w
[_w o p i m ]_w
[_w v e d e ]_w
[_w tʃ a z i ]_w
[_w ɡ o p õ ]_w
[_w b u ʒ u ]_w
[_w v a ʃ i ]_w
[_w a ʒ u ]_w
[_w b a z e ]_w
[_w ʒ o t i ]_w
[_w v e ʎ a ]_w
[_w l a t a ]_w
[_w e d z ]_w
[_w ʒ o k u ]_w
[_w ɡ u t i ]_w
[_w v ɛ d i ]_w
[_w z a ɡ o ]_w
[_w ɡ a ɾ a ]_w
[_w o z e ʒ ]_w
[_w ɡ õ d u ]_w
[_w ã p o z ]_w
[_w m p d ]_w
[_w ɡ u z ɛ ]_w
[_w ɡ u ɲ a ]_w
[_w m a f e ]_w
[_w z i m u ]_w
[_w a k a z ]_w
[_w ʃ u z ɛ ]_w
[_w ɡ e ʒ a ]_w
[_w b a ʒ o ]_w
[_w dʒ a s i ]_w
[_w i d a ]_w
[_w i z i z ]_w
[_w ĩ dʒ i m ]_w
[_w b e p e ]_w
[_w ã d e ]_w
[_w v e b u ]_w
[_w b ẽ b a ]_w
[_w f ĩ d i ]_w
[_w t e z i ]_w
[_w v a tʃ a ]_w
[_w v i ɡ a ]_w
[_w z a p i ]_w
[_w b i k u ]_w
[_w t u t o ]_w
[_w ɡ o ɾ e ]_w
[_w b i ɡ u ]_w
[_w b ũ t i ]_w
[_w v e ʒ u ]_w
[_w t e p e ]_w
[_w b a k e ]_w
[_w v e d u ]_w
[_w ɡ a t u ]_w
[_w f e ʒ ]_w
[_w s d a ]_w
[_w v ẽ u s ]_w
[_w e d s ]_w
[_w d ɛ̃ b u ]_w
[_w ɡ a d a ]_w
[_w d i ɡ i ]_w
[_w v ɐ s e ]_w
[_w v o d ɛ ]_w
[_w v i d i ]_w
[_w ɡ a ɾ u ]_w
[_w z i m ]_w
[_w i s i z ]_w
[_w v ɛ ʎ a ]_w
[_w m a k i ]_w
[_w t u z ]_w
[_w l i z õ ]_w
[_w ɡ e l a ]_w
[_w t a p u ]_w
[_w tʃ o p i ]_w
[_w v ĩ k a ]_w
[_w d e p e ]_w
[_w v a s ɛ ]_w
[_w p o tʃ i ]_w
[_w ɡ õ b o ]_w
[_w b ɾ a z ]_w
[_w ɾ o tʃ a ]_w
[_w t a ɡ s ]_w
[_w dʒ a p ũ ]_w
[_w b o t u ]_w
[_w t e f i ]_w
[_w dʒ ũ t u ]_w
[_w b e ʒ i ]_w
[_w b õ d a ]_w
[_w b a s ɐ ]_w
[_w ɡ o ʒ u ]_w
[_w ɡ ɾ o z ]_w
[_w l ĩ b u ]_w
[_w z õ u ]_w
[_w d e z ]_w
[_w v i ɲ u ]_w
[_w b õ d u ]_w
[_w k u s d ]_w
[_w o p ɾ a ]_w
[_w b õ b a ]_w
[_w ɡ ã d a ]_w
[_w f o ɡ õ ]_w
[_w v e d i ]_w
[_w b a ɡ ɛ ]_w
[_w v o ɾ ]_w
[_w z õ a ]_w
[_w b a t u ]_w
[_w ɡ a dʒ u ]_w
[_w ʃ ẽ d e ]_w
[_w v ẽ u z ]_w
[_w ɡ ã t u ]_w
[_w f a t u ]_w
[_w p õ d u ]_w
[_w b i z ]_w
[_w ɡ ɾ u z ]_w
[_w f i k ɐ ]_w
[_w b o f i ]_w
[_w v o k a ]_w
[_w ɡ o tʃ e ]_w
[_w p ẽ d u ]_w
[_w b a ʃ o ]_w
[_w a ɡ a z ]_w
[_w v i t i ]_w
[_w d ɛ u z ]_w
[_w m i z a ]_w
[_w z ã t a ]_w
[_w z a l ]_w
[_w s d a m ]_w
[_w ɡ ɾ u ]_w
[_w z ĩ õ ]_w
[_w z e i u ]_w
[_w ɡ õ p o ]_w
[_w ʒ ĩ e z ]_w
[_w b ã d a ]_w
[_w o z e ʃ ]_w
[_w ɡ u ɡ i ]_w
[_w m ã ʃ e ]_w
[_w v i t a ]_w
[_w ɡ õ d ɐ ]_w
[_w f e p u ]_w
[_w ɡ o b a ]_w
[_w b o ɡ o ]_w
[_w p s f ]_w
[_w dʒ o ɡ u ]_w
[_w b ũ o i ]_w
[_w v e v ]_w
[_w ʃ o d i ]_w
[_w t u ɡ u ]_w
[_w v e k a ]_w
[_w z ẽ t a ]_w
[_w ɡ ɾ e ]_w
[_w l e i z ]_w
[_w n ɔ z ]_w
[_w f ĩ d a ]_w
[_w b i tʃ u ]_w
[_w d ẽ d i ]_w
[_w t e p i ]_w
[_w z o ɲ u ]_w
[_w b a ɡ u ]_w
[_w v i tʃ u ]_w
[_w p e p e ]_w
[_w o tʃ o ]_w
[_w ɡ a tʃ ɔ ]_w
[_w s d ɾ i ]_w
[_w z e l ]_w
[_w z ĩ ɡ u ]_w
[_w z ĩ d i ]_w
[_w z a k u ]_w
[_w f ɐ z e ]_w
[_w v ɛ t i ]_w
[_w ɾ a p u ]_w
[_w ã b o z ]_w
[_w z e d a ]_w
[_w f a z ɛ ]_w
[_w v a d u ]_w
[_w b a z õ ]_w
[_w ɡ ĩ d u ]_w
[_w d ɾ õ u ]_w
[_w a t u z ]_w
[_w z ã d u ]_w
[_w ɡ a f ɛ ]_w
[_w ɡ õ ɛ ]_w
[_w z a l a ]_w
[_w z a i s ]_w
[_w i s d u ]_w
[_w ɡ o z u ]_w
[_w ɡ a t i ]_w
[_w ʃ o ɡ u ]_w
[_w ɡ ɔ ɾ e ]_w
[_w ɡ e d u ]_w
[_w b o v i ]_w
[_w p e tʃ o ]_w
[_w dʒ o z ]_w
[_w dʒ u f a ]_w
[_w ɡ õ ʃ i ]_w
[_w z e t i ]_w
[_w v i v i ]_w
[_w ɡ i a ]_w
[_w tʃ u f a ]_w
[_w z ĩ t i ]_w
[_w v o ɡ o ]_w
[_w ɡ e ʒ ]_w
[_w z e d u ]_w
[_w m i z o ]_w
[_w v i dʒ e ]_w
[_w z a b i ]_w
[_w d a t o ]_w
[_w ɡ e d o ]_w
[_w v o z i ]_w
[_w ɡ ĩ s i ]_w
[_w z ã t u ]_w
[_w z u m a ]_w
[_w d ɔ z i ]_w
[_w ɡ o l i ]_w
[_w ɡ u a z ]_w
[_w b a d e ]_w
[_w t i z u ]_w
[_w t u a z ]_w
[_w t e d u ]_w
[_w ɡ o ʃ i ]_w
[_w z u l ]_w
[_w z e d i ]_w
[_w õ z i ]_w
[_w ɡ a ʃ u ]_w
[_w z i b i ]_w
[_w ɡ a p o ]_w
[_w ɡ a z u ]_w
[_w z i t u ]_w
[_w ɡ õ t ɐ ]_w
[_w b s f ]_w
[_w ɡ ã d u ]_w
[_w s b i ɐ ]_w
[_w ɡ u tʃ e ]_w
[_w z o d a ]_w
[_w z ɛ u ]_w
[_w v i tʃ o ]_w
[_w t ɔ ɡ i ]_w
[_w t ɔ z i ]_w
[_w z ɛ̃ a ]_w
[_w ʒ ẽ d e ]_w
[_w v e ʃ u ]_w
[_w l e p i ]_w
[_w z a p e ]_w
[_w ɡ õ d e ]_w
[_w z i k a ]_w
[_w z i ɡ a ]_w
[_w ɡ o tʃ i ]_w
[_w z i t e ]_w
[_w k o z ĩ ]_w
[_w ɡ ɔ p a ]_w
[_w m ɛ̃ z a ]_w
[_w ɡ u m ɔ ]_w
[_w ɡ o ɡ u ]_w
[_w z e u ]_w
[_w p e z u ]_w
[_w ɡ a p ɐ ]_w
[_w d e p i ]_w
[_w v i i i ]_w
[_w o tʃ a m ]_w
[_w z i s i ]_w
[_w z ĩ d a ]_w
[_w z a i ]_w
[_w z ã ɡ i ]_w
[_w b e ʃ i ]_w
[_w ɡ o d ɛ ]_w
[_w ɡ a p ]_w
[_w ɡ o t ɛ ]_w
[_w z e m ]_w
[_w t ɛ u z ]_w
[_w b s v ]_w
[_w z ẽ a ]_w
[_w z e s ]_w
[_w d i o z ]_w
[_w ɡ o z i ]_w
[_w ɡ o s u ]_w
[_w ɡ ɾ e l ]_w
[_w z e ɲ o ]_w
[_w b e z a ]_w
[_w z a i d ]_w
[_w a tʃ a z ]_w
[_w ã ʃ u z ]_w
[_w b ɔ z a ]_w
[_w d n o z ]_w
[_w v i f a ]_w
[_w e z i z ]_w
[_w z e ɡ u ]_w
[_w z i p i ]_w
[_w z ẽ t e ]_w
[_w z ẽ d i ]_w
[_w ɡ ɾ o s ]_w
[_w z i s ]_w
[_w z õ s ]_w
[_w ɡ ĩ t u ]_w
[_w ɡ i z e ]_w
[_w z i ɡ i ]_w
[_w ɡ u t u ]_w
[_w b ĩ d õ ]_w
[_w z a b u ]_w
[_w o z u ]_w
[_w z i o ɾ ]_w
[_w d e z i ]_w
[_w v ɔ z ]_w
[_w ɡ a ʒ a ]_w
[_w ɡ õ ɡ o ]_w
[_w z o m a ]_w
[_w v ɐ z e ]_w
[_w z u b i ]_w
[_w ɡ u k i ]_w
[_w z e t u ]_w
[_w b e tʃ a ]_w
[_w ɡ o p u ]_w
[_w v õ d i ]_w
[_w z e ʃ a ]_w
[_w z ã k i ]_w
[_w ɡ u tʃ o ]_w
[_w z ĩ a l ]_w
[_w ʃ o z ɛ ]_w
[_w z i d u ]_w
[_w z i d e ]_w
[_w z o ɡ u ]_w
[_w s b o s ]_w
[_w z e ʒ a ]_w
[_w a dʒ a z ]_w
[_w z a b a ]_w
[_w z ɛ d i ]_w
[_w z ĩ k u ]_w
[_w z ɛ k a ]_w
[_w z i m ɛ ]_w
[_w z a p a ]_w
[_w ɡ o ʒ i ]_w
[_w d ẽ d o ]_w
[_w p õ z ]_w
[_w s õ z ]_w
[_w b o s d ]_w
[_w v e p u ]_w
[_w z u p ]_w
[_w z ẽ t i ]_w
[_w z e ɾ ]_w
[_w ɡ e t o ]_w
[_w z i m õ ]_w
[_w z u m u ]_w
[_w ɡ a f e ]_w
[_w z ĩ a ]_w
[_w z a i a ]_w
[_w z a k o ]_w
[_w z u ɲ a ]_w
[_w s b o z ]_w
[_w z o t i ]_w
[_w z o l a ]_w
[_w s d ɾ u ]_w
[_w z u p i ]_w
[_w z a ɡ u ]_w
[_w z e z ]_w
[_w z o m ]_w
[_w z ɛ t i ]_w
[_w z e k a ]_w
[_w ɡ e p e ]_w
[_w z ɛ t u ]_w
[_w z õ z ]_w
[_w p o s d ]_w
[_w a s d i ]_w
[_w z ɛ d u ]_w
[_w z a b õ ]_w
[_w z ẽ d u ]_w
[_w z a p õ ]_w
[_w z a i z ]_w
[_w z ɛ ɾ ]_w
[_w z ɛ ɡ a ]_w
[_w z i m e ]_w
[_w ɡ u s d ]_w
[_w z i z i ]_w
[_w z a p u ]_w
[_w b õ z ]_w
[_w z ẽ d e ]_w
