[_w t o t oː i n a ]_w
[_w l i l i u ]_w
[_w f a a l a t a ]_w
[_w a u p a p a ]_w
[_w p i ʔ o ]_w
[_w p e s e ]_w
[_w f a a t o ʔ aː ]_w
[_w t aː l i ]_w
[_w m a s i o t i ]_w
[_w m a t a o t a o ]_w
[_w f a a i u ŋ a ]_w
[_w i l a m u a ]_w
[_w e m a u ]_w
[_w m a t a a ]_w
[_w f a p a n a p a ]_w
[_w s u i n a n a ]_w
[_w ŋ a t a ʔ i ]_w
[_w t u s i a ]_w
[_w ŋ a l a ŋ a ]_w
[_w p o t o ]_w
[_w f e l o ]_w
[_w v a ŋ a l o ]_w
[_w f i ŋ o t a ]_w
[_w t a u s i a ]_w
[_w a f i o ʔ a ŋ a ]_w
[_w t e i s i ]_w
[_w t a f a i ʔ i ]_w
[_w f o t o ]_w
[_w a s a u ]_w
[_w p o l i m a ]_w
[_w f e t a i a ]_w
[_w l a ʔ i ŋ a ]_w
[_w i t u l a i ]_w
[_w f e i t a i ]_w
[_w t a l i a ]_w
[_w s e u t a t i a ]_w
[_w t u a ]_w
[_w m a u ]_w
[_w ʔ a f e a ]_w
[_w t o l u ]_w
[_w v a a u u ŋ a ]_w
[_w a t u m a o t i ]_w
[_w t u p u a ]_w
[_w t a a p e a ]_w
[_w u u m i ]_w
[_w t u f o u ]_w
[_w ʔ e l i ]_w
[_w u ʔ u ]_w
[_w m a t a i ]_w
[_w f o l u ]_w
[_w f a u m u l u ]_w
[_w m aː e ʔ a ]_w
[_w p i s i ]_w
[_w m aː t o u ]_w
[_w p u n i ]_w
[_w a l o f a ]_w
[_w t o t o ]_w
[_w s i l i ]_w
[_w t u ʔ u v u a ]_w
[_w f e l a ]_w
[_w t o n u ]_w
[_w a a i ]_w
[_w v a a t a s i ]_w
[_w ʔ a f a v i n e ]_w
[_w t a n u ŋ a ]_w
[_w n i u ]_w
[_w a i aː ]_w
[_w l o l o s i ]_w
[_w m a i a ]_w
[_w l a ŋ o ]_w
[_w t u f u l u a ]_w
[_w f i t i ]_w
[_w m aː l i e ]_w
[_w t o a f a ]_w
[_w t a m a ]_w
[_w aː i ŋ a ]_w
[_w f a a i a ]_w
[_w s a t e l e ]_w
[_w f a a ]_w
[_w f i i ŋ a ]_w
[_w s a ʔ i ]_w
[_w t a ʔ a l a l a ]_w
[_w a u m a u ŋ a ]_w
[_w l a f a ]_w
[_w p u l u f a ŋ a ]_w
[_w t a u e m u ]_w
[_w t i m u ŋ a ]_w
[_w s a l e ŋ a ]_w
[_w a f i a ]_w
[_w f a a t a s i ]_w
[_w t o i l a u ]_w
[_w e f u e f u ]_w
[_w l a f o u ]_w
[_w m e a a i ]_w
[_w l a m e a ]_w
[_w f aː ʔ a t a s i ]_w
[_w l e s i ]_w
[_w t e ʔ o ]_w
[_w a u a l o a ]_w
[_w l u a v u a ]_w
[_w p e i t a ]_w
[_w t a e a o ]_w
[_w s u l u a ʔ i ]_w
[_w p a t o ]_w
[_w f a u t u a ]_w
[_w t a u t i a ]_w
[_w f i v i ]_w
[_w m a t a l a ]_w
[_w p o u l i u ]_w
[_w f a n a u ]_w
[_w a ŋ a ŋ a n i ]_w
[_w f u a l a ]_w
[_w u l i ]_w
[_w a i t a i m i ]_w
[_w p a a ŋ a ]_w
[_w t e u i n a ]_w
[_w a f a ]_w
[_w o l e ]_w
[_w t a l u ]_w
[_w t e e n a ]_w
[_w f a a t i n o ]_w
[_w t a u l a l o ]_w
[_w a v a n u a ]_w
[_w i l i ]_w
[_w a l a l i ]_w
[_w l e l e a ]_w
[_w a i s e ]_w
[_w m o m o ]_w
[_w m a n u ]_w
[_w l a l a ]_w
[_w t u i u e a ]_w
[_w a o a o ŋ a ]_w
[_w m a ʔ i ]_w
[_w l e a ŋ a ]_w
[_w f e s i ]_w
[_w i e o f a ]_w
[_w v a i l a ]_w
[_w m a m o e ]_w
[_w p o l o ]_w
[_w t a l a ]_w
[_w n o f o t a n e ]_w
[_w e t e ]_w
[_w p o p o ]_w
[_w a u a u a ʔ i ]_w
[_w a a n a p u ]_w
[_w p a l a p a n a ]_w
[_w t o a t a a ŋ a ]_w
[_w n a n a ʔ o ]_w
[_w l e o l o a ]_w
[_w v a i l e ]_w
[_w t u l i m u l u ]_w
[_w s o ʔ u ]_w
[_w ʔ a t o n u ]_w
[_w f a l e s a ]_w
[_w t o o t o o ]_w
[_w a f a n a u ŋ a ]_w
[_w f a ʔ a v i a ]_w
[_w t o i l o l o ]_w
[_w p a ʔ i a ]_w
[_w ŋ a v a ]_w
[_w p i t o ]_w
[_w a n o a i ]_w
[_w u p u ]_w
[_w ʔ u l a ]_w
[_w t o e a i n a ]_w
[_w i u t a ]_w
[_w a u ŋ a ]_w
[_w ʔ a ʔ a o ʔ o ]_w
[_w s e s eː ]_w
[_w t a i t a u ]_w
[_w u p o l u ]_w
[_w p o n a ]_w
[_w f a ʔ a t a f a ]_w
[_w t a l a a u ]_w
[_w s a l a n o a ]_w
[_w f u a i t i ]_w
[_w v a a a o ŋ a ]_w
[_w p u l e a ]_w
[_w ŋ a f a ]_w
[_w f a f i n e ]_w
[_w p i a ]_w
[_w m a t u a ]_w
[_w s u l u ]_w
[_w s a l e l e ]_w
[_w t a p u a i ŋ a ]_w
[_w u t u t a u ]_w
[_w f i l e m uː ]_w
[_w a u t o ]_w
[_w l e t o ŋ i ]_w
[_w f a a i ]_w
[_w m a s a l a m o ]_w
[_w t e ʔ i a ]_w
[_w l u l u e ]_w
[_w ŋ a u i a ]_w
[_w a n a p u ]_w
[_w v a i v e a ]_w
[_w m aː l oː ]_w
[_w ŋ a f a a ]_w
[_w t a m o e ]_w
[_w p a ʔ u ]_w
[_w l i l i ]_w
[_w f i n a u ]_w
[_w i ʔ e ]_w
[_w v e a i ]_w
[_w t u i i n a ]_w
[_w t a a l i a ]_w
[_w t i u t e f a i ]_w
[_w t u n a ]_w
[_w o s a n a ]_w
[_w t u p u o l a ]_w
[_w f e v e ]_w
[_w n o a n o a ]_w
[_w l a i n a ]_w
[_w ʔ i n o s i a ]_w
[_w m a s a l o ]_w
[_w t u f u l a ]_w
[_w o n a ]_w
[_w t a a ŋ a ]_w
[_w u l u l a ]_w
[_w f a ʔ a t e l e ]_w
[_w s o s o o ]_w
[_w s i a p o l o ]_w
[_w m i ŋ a o ]_w
[_w o ʔ o ]_w
[_w p o p o ʔ a ]_w
[_w i f o ]_w
[_w ŋ o ŋ o ]_w
[_w m iː ŋ o i ]_w
[_w i e s u ]_w
[_w ʔ o e ]_w
[_w m a i l e ]_w
[_w t u v a t u a ]_w
[_w f a ʔ a p e i ]_w
[_w s a u a ]_w
[_w a u m a t e ]_w
[_w l e p e a ]_w
[_w t a u t u ]_w
[_w e l e e l e ]_w
[_w f a ʔ a t u ]_w
[_w f u e ]_w
[_w t a u i n a ]_w
[_w f a u ]_w
[_w l e s o ]_w
[_w f a a t aː u p u ]_w
[_w t a u l i ]_w
[_w p u i p u i ŋ a ]_w
[_w f a i p u l e ]_w
[_w m u a m u a ]_w
[_w o ŋ a f a a i ]_w
[_w p a ʔ o ]_w
[_w t u t u ]_w
[_w t a u m a f a e ]_w
[_w t u ʔ u ]_w
[_w a m a n a m e a ]_w
[_w t a p u ]_w
[_w t a f a ]_w
[_w n a i ]_w
[_w i l e ]_w
[_w f a i t a s i ]_w
[_w f a ŋ a ]_w
[_w u u i n a ]_w
[_w i l o a i ]_w
[_w p o u ]_w
[_w a l a ]_w
[_w m a l e l e i ]_w
[_w p aː u l i ]_w
[_w p i t a ]_w
[_w a p a ]_w
[_w m a s e i ]_w
[_w f o ʔ i ]_w
[_w v a ʔ a s e ŋ a ]_w
[_w a o ŋ aː ]_w
[_w m a ŋ a ]_w
[_w l e p a ]_w
[_w f a i a i n a ]_w
[_w p a i ]_w
[_w a t a f a ʔ i ]_w
[_w f u ŋ a ]_w
[_w m i s a ]_w
[_w t uː s i a ]_w
[_w i i n a ]_w
[_w u s u ]_w
[_w n o a n o a i ]_w
[_w p u p u ]_w
[_w ʔ o l e ʔ aː ]_w
[_w t a i a l a ]_w
[_w m u s e l e n i ]_w
[_w m a t a l a i ]_w
[_w ʔ u t u ]_w
[_w t a p u a i ]_w
[_w m a o p o o p o ]_w
[_w t o ʔ a t a ]_w
[_w v a a ŋ a ]_w
[_w s e v u l u ]_w
[_w s a m o a ]_w
[_w s i ʔ o u ]_w
[_w f a f o ]_w
[_w ŋ a t a ]_w
[_w ŋ a u a ʔ i ]_w
[_w t o e t uː ]_w
[_w ʔ e s e ʔ e s e ]_w
[_w o n o ]_w
[_w f a a l o ŋ a ]_w
[_w f a ʔ a f a ]_w
[_w m a n i n o ]_w
[_w l a p o p o l e ]_w
[_w t o t o m a ]_w
[_w f a a v a e ]_w
[_w t a m a i t a i ]_w
[_w o n e o n e ]_w
[_w u ŋ a ]_w
[_w a s oː ]_w
[_w f a a l o ]_w
[_w a u t a ]_w
[_w m aː i a ]_w
[_w t a p e n a ]_w
[_w u m i a ]_w
[_w t e t e ʔ e ]_w
[_w m a t a ŋ a ]_w
[_w f a a t u t u i ]_w
[_w s aː m o a ]_w
[_w n a o ]_w
[_w m o l iː ]_w
[_w f a v o ]_w
[_w t o t o n u ]_w
[_w i n e i a ]_w
[_w t a u t u a ŋ a ]_w
[_w f a a s u s u ]_w
[_w a p e ]_w
[_w t a ʔ i ]_w
[_w ʔ a l a v a l e ]_w
[_w p i ʔ i ]_w
[_w ʔ a u a l i ʔ i ]_w
[_w f a a t aː u a ]_w
[_w p e n i n a ]_w
[_w m o o m i a ]_w
[_w m a t a ]_w
[_w a n a ]_w
[_w f e n u n u ʔ a ]_w
[_w a t i n a ]_w
[_w t i l i ]_w
[_w s e ʔ i ]_w
[_w u l u ]_w
[_w l o s i ]_w
[_w m a l u ]_w
[_w ʔ o l o a ]_w
[_w a u i n a ]_w
[_w t a v a ]_w
[_w p a p a l a ]_w
[_w ʔ a l i a ]_w
[_w l a ʔ u i n a ]_w
[_w s a a n a ]_w
[_w p i l i ]_w
[_w l a ʔ u ]_w
[_w t a u ]_w
[_w p o l a ]_w
[_w ʔ a n a ]_w
[_w m e a s i u ]_w
[_w u t a ]_w
[_w l a l e l e i ]_w
[_w f o f o a l o ]_w
[_w o o t i a ]_w
[_w e l e ]_w
[_w a l a l a ]_w
[_w i n e i ]_w
[_w ŋ a o ]_w
[_w t u i a i t u ]_w
[_w n o f o ]_w
[_w l o l o f i a ]_w
[_w f a i ]_w
[_w t o m a i ]_w
[_w m e m e a ]_w
[_w s o ʔ o ]_w
[_w l e i l u a ]_w
[_w ʔ a u ʔ a ]_w
[_w l e m u ]_w
[_w a n a m u ]_w
[_w l a ŋ a ]_w
[_w t u i t o ŋ a ]_w
[_w p i t o a ]_w
[_w o s i a ]_w
[_w a f i o ]_w
[_w f a i m a i ]_w
[_w a l a ŋ a i n a ]_w
[_w s a m i ]_w
[_w f a s e ŋ a ]_w
[_w t i a ]_w
[_w n i n i ʔ i ]_w
[_w n a n a o ]_w
[_w n o a t i a ]_w
[_w t e p a ]_w
[_w ʔ a u i n a ]_w
[_w l a u i t i ]_w
[_w p a l e ]_w
[_w l a p o p o a i ]_w
[_w m aː s a e ]_w
[_w l o ʔ u ]_w
[_w f a ʔ a t o n u ]_w
[_w f a a t o n u ]_w
[_w p a u l o ]_w
[_w aː ʔ o ŋ a ]_w
[_w v aː a i ]_w
[_w f a f i n i ]_w
[_w l a u ʔ a ]_w
[_w a s i a ]_w
[_w t a t a o t o ]_w
[_w f a o ]_w
[_w a u aː ]_w
[_w t a m a s o n i ]_w
[_w s a u n i u n i ]_w
[_w f aː a i ]_w
[_w t aː l a ʔ i ]_w
[_w l i s i l i ]_w
[_w f e ʔ e s e ]_w
[_w a u t u a ]_w
[_w m e a s i n a ]_w
[_w i l a ]_w
[_w s a i l i ]_w
[_w t a p u n i ]_w
[_w a n a n a u ]_w
[_w f o ŋ a v a l e ]_w
[_w f e f e ]_w
[_w f a l e ]_w
[_w t a m a l i e ]_w
[_w m o n i ]_w
[_w p e a ]_w
[_w ʔ a f a ]_w
[_w t a o ]_w
[_w f a s i o f o ]_w
[_w l i n a ]_w
[_w s e ŋ i ]_w
[_w n a ʔ u ]_w
[_w l a u f a u ]_w
[_w t a t a ]_w
[_w a t i ]_w
[_w s a ŋ a ]_w
[_w t a p u a ŋ a ]_w
[_w o m a i ]_w
[_w m a u a i n a ]_w
[_w m o t o u e i ]_w
[_w o i l a l o ]_w
[_w t e t e e ]_w
[_w l e l e i ]_w
[_w a l o a i ]_w
[_w m i t i i a ]_w
[_w l e u ]_w
[_w u f i u f i ]_w
[_w o l o ]_w
[_w s e i ]_w
[_w ʔ a v e a ]_w
[_w l u a ]_w
[_w l a o f i a ]_w
[_w a i l a a u ]_w
[_w p a ŋ a t a ʔ i ]_w
[_w t o f i ŋ a ]_w
[_w t o e ]_w
[_w n o f o i n a ]_w
[_w f a i t a i ]_w
[_w v u a ]_w
[_w f a o m e a ]_w
[_w ʔ a f a e ŋ a ]_w
[_w p u ʔ e ]_w
[_w m u l i n u u ]_w
[_w s a l u ]_w
[_w t a u ŋ a ]_w
[_w l a o ʔ a i ]_w
[_w l a v i t i ]_w
[_w a l a t a ]_w
[_w v a ŋ a s a ]_w
[_w s u s u n u ]_w
[_w o n o m e a ]_w
[_w t a u t i ]_w
[_w f e o l o a i ]_w
[_w f o f o i n a ]_w
[_w l a i t i ]_w
[_w f a a i u ]_w
[_w t u p u t a ]_w
[_w t a m a a u ]_w
[_w f aː i f aː i ]_w
[_w m o i ]_w
[_w f a i a a i ]_w
[_w o s i ŋ a ]_w
[_w a p e l u ]_w
[_w t a t a l o ]_w
[_w o f o ]_w
[_w s u s u ]_w
[_w f a a v o i n a ]_w
[_w v a a l a ]_w
[_w t o f a ŋ a ]_w
[_w t u i a t u a ]_w
[_w a ŋ a f a o ]_w
[_w t a v i ]_w
[_w p a a ]_w
[_w ʔ a ʔ a ]_w
[_w l a ʔ e i ]_w
[_w ʔ aː t o a ]_w
[_w f a n a ]_w
[_w a o i n a ]_w
[_w l a o a ]_w
[_w s a m a m a n i ]_w
[_w m o m o ʔ e ]_w
[_w a i t u ]_w
[_w t o e s e ]_w
[_w o n a p o ]_w
[_w s i n i ]_w
[_w ʔ e s e ]_w
[_w m e a o l a ]_w
[_w l o t o t e l e ]_w
[_w s u e s u e ]_w
[_w f a ʔ a i ŋ a ]_w
[_w t a t a u ]_w
[_w s i i t i ]_w
[_w t a ŋ a ]_w
[_w f o u ]_w
[_w m a n a n a ]_w
[_w a a o ]_w
[_w t e l e s o n a ]_w
[_w a u l e l e i ]_w
[_w f e t uː ]_w
[_w n e ʔ i ]_w
[_w t a l a ʔ i ]_w
[_w m a l i l o a ]_w
[_w t u m u ]_w
[_w f e a v e a ]_w
[_w i s e ]_w
[_w s u a v a ]_w
[_w v o l a u ŋ a ]_w
[_w s e t e m e ]_w
[_w s a u aː ŋ a ]_w
[_w a ʔ i ]_w
[_w t o u l u a ʔ i ]_w
[_w t uː t uː m u ]_w
[_w i t uː l aː ]_w
[_w t a p eː ]_w
[_w i i i ]_w
[_w i t u m a u ]_w
[_w o n o s a ]_w
[_w t o m u a ]_w
[_w l e ʔ o ]_w
[_w ʔ o l e ]_w
[_w a i ŋ a ]_w
[_w v a v e ]_w
[_w m a l o l a ]_w
[_w l a f a i a ]_w
[_w t a u a l u ]_w
[_w m a v a e ]_w
[_w v a l e ]_w
[_w l o l o ]_w
[_w t o t o e ]_w
[_w m a n u ʔ a ]_w
[_w a o a o ]_w
[_w f e n u n u t i ]_w
[_w l a u m e a ]_w
[_w t a t u f a t a ]_w
[_w f e a ]_w
[_w ŋ a s o l o ]_w
[_w f i l i ]_w
[_w f e ʔ a ]_w
[_w l a n a ]_w
[_w f a l e a t a ]_w
[_w a o f i ]_w
[_w n u ʔ u ]_w
[_w a l a l a ŋ a ]_w
[_w t u p u t u p u ]_w
[_w t a u v a n a ]_w
[_w f a a p e a ]_w
[_w s o l e ]_w
[_w f a a s aː ]_w
[_w f a i a ]_w
[_w t a i n a ]_w
[_w t a u n u u ŋ a ]_w
[_w f a a i l o a i ]_w
[_w t a f a o i n a ]_w
[_w a s u ]_w
[_w a l e l e i ŋ a ]_w
[_w a a u i n a ]_w
[_w p e p e ]_w
[_w a t u ]_w
[_w l e l e s i ]_w
[_w m a m a e ]_w
[_w a v i o ŋ a ]_w
[_w m a l i ŋ a ]_w
[_w u l u f a n u a ]_w
[_w p u l e ŋ a ]_w
[_w l e l e ]_w
[_w s i l a ]_w
[_w i l o a ]_w
[_w t u i a ʔ i ]_w
[_w l i ʔ a ]_w
[_w e ʔ e ]_w
[_w m a n o ]_w
[_w o t a ]_w
[_w n a f a n a ]_w
[_w v u ŋ a ]_w
[_w t aː t aː ]_w
[_w s e e ]_w
[_w f o l o ]_w
[_w f a i u s u ]_w
[_w s u ŋ a ]_w
[_w v a a s aː ]_w
[_w p u n o u ]_w
[_w t o e t u ]_w
[_w f a ŋ o t a ]_w
[_w s u a m a l u ]_w
[_w o m e a ]_w
[_w f a t i a ]_w
[_w v u s i ]_w
[_w t o t o ʔ a ]_w
[_w l e n e i ]_w
[_w f a i v o ]_w
[_w m o o m o o ]_w
[_w t a t a ʔ u ]_w
[_w p u ʔ a ]_w
[_w f a u t u ]_w
[_w m a n uː ]_w
[_w l u m a s u i ]_w
[_w l aː ʔ u a ]_w
[_w f u f u l a ]_w
[_w m i t i a ]_w
[_w i l o ]_w
[_w m a l o ]_w
[_w ʔ u p e ŋ a ]_w
[_w m a u ŋ a ]_w
[_w s a ʔ i l i ]_w
[_w ŋ a o s i a ]_w
[_w t a l a ʔ a l e ]_w
[_w n u s i p e p a ]_w
[_w m a u a ]_w
[_w t a ŋ a i ]_w
[_w m a n u i a ]_w
[_w v e t u ]_w
[_w t a u s a m i ]_w
[_w t u p u ]_w
[_w a i v a i ŋ a ]_w
[_w m a m a o ]_w
[_w a ŋ a f a ]_w
[_w ŋ a u t a u ]_w
[_w f a ʔ a l o ]_w
[_w t a o t u a ʔ ]_w
[_w f a i ŋ a ]_w
[_w a u a i ]_w
[_w l o l o t o ]_w
[_w f i u ]_w
[_w s e ʔ i l o ŋ a ]_w
[_w s o o ]_w
[_w p a ʔ e ]_w
[_w l a u ŋ a ]_w
[_w s o l i ]_w
[_w a u l i ]_w
[_w m i s i o n a ]_w
[_w f u i ]_w
[_w p i n e ]_w
[_w f e t u ]_w
[_w m a f i a ]_w
[_w u s i t u s i ]_w
[_w m a m aː ]_w
[_w f a a t a u ]_w
[_w m a t u a l a ]_w
[_w t a ʔ a p e i ]_w
[_w t a u n u ]_w
[_w a u p i t o n u ]_w
[_w i t u t i n o ]_w
[_w f u a ]_w
[_w t e l e ]_w
[_w l u p e ]_w
[_w f o a i i n a ]_w
[_w p u ʔ e a ]_w
[_w p u ʔ e i n a ]_w
[_w u s o ]_w
[_w t u a n i f o ]_w
[_w v a ʔ a i a ]_w
[_w ʔ aː f a i ]_w
[_w t u l a ŋ i ]_w
[_w m a ʔ o p u ]_w
[_w v e a ]_w
[_w l a ŋ i ]_w
[_w p e l e n i ]_w
[_w f e a l o a ]_w
[_w f a p a n o a i ]_w
[_w a u l o ]_w
[_w o ŋ a o ]_w
[_w f a a a u a u ]_w
[_w m e s i a ]_w
[_w s o o s o ]_w
[_w m a t aː i t u ]_w
[_w a s i a t a ]_w
[_w ʔ u a ]_w
[_w a a v i a ]_w
[_w s i ʔ i ]_w
[_w f a a s i l i ]_w
[_w f a f a ŋ a ]_w
[_w t e i oː ]_w
[_w a ŋ a i ]_w
[_w l i u a ]_w
[_w m a v a i ]_w
[_w f i f i ʔ i ]_w
[_w l o m i a ]_w
[_w t a u a ]_w
[_w t a l a n o a i ]_w
[_w m a s i ]_w
[_w t u s a ]_w
[_w s a p a t i ]_w
[_w t o t oː ]_w
[_w f a a l i l i ]_w
[_w l a l o ]_w
[_w m aː s a n i ]_w
[_w t i n o ]_w
[_w u l i u ]_w
[_w p e i s e ]_w
[_w s a f a i i ]_w
[_w t a m a s a ŋ a ]_w
[_w a u f u e f u ]_w
[_w p u l e ]_w
[_w a ʔ o a ʔ o ]_w
[_w i t u ]_w
[_w a ʔ a v a ]_w
[_w f e t o l o a ]_w
[_w l o i a ]_w
[_w ʔ a ʔ a p e ]_w
[_w f a a l e l u a ]_w
[_w l e a ]_w
[_w t e t e ʔ e n a ]_w
[_w n o n u m a l o ]_w
[_w s a u ]_w
[_w ʔ a u ]_w
[_w t a o f i ŋ a ]_w
[_w m a f a ]_w
[_w f e ʔ e s a ŋ o ]_w
[_w t a o f i ]_w
[_w t u aː ʔ o i ]_w
[_w o f o i a ]_w
[_w f a ʔ a ]_w
[_w i s a i ]_w
[_w s o n e ]_w
[_w m aː f a n a u ]_w
[_w ʔ o l o ʔ o ]_w
[_w a f aː ]_w
[_w f i l i v a u ]_w
[_w a m a n a i a ]_w
[_w l a a s a ]_w
[_w t a t a ʔ u a ]_w
[_w f a e ŋ a ]_w
[_w t a ʔ i a l a ]_w
[_w f e a ŋ a ]_w
[_w t o ʔ u l u ]_w
[_w l a u l a ʔ i ]_w
[_w v a u s i ]_w
[_w m u s u m u ]_w
[_w m o ŋ a m o ŋ a ]_w
[_w p a p a ]_w
[_w v i l i f i l i ]_w
[_w a ʔ i a ]_w
[_w i t u a ]_w
[_w u l u m a n e ]_w
[_w e n e s i ]_w
[_w s a u o a i ŋ a ]_w
[_w t o o m a ŋ a ]_w
[_w a l i s e ]_w
[_w a ŋ a ʔ i ]_w
[_w t a m a i ]_w
[_w p i s i n a ]_w
[_w f a ʔ a m i ]_w
[_w a f i ]_w
[_w o l o o l o ]_w
[_w t a i m i ]_w
[_w t u i ]_w
[_w e l e v i s e ]_w
[_w m a l i e ŋ a ]_w
[_w v a a p e f e a ]_w
[_w l a m a ]_w
[_w i u n i t i a ]_w
[_w u l a ]_w
[_w a t a n i ]_w
[_w s e v e ]_w
[_w p u ŋ a ]_w
[_w m e a a ʔ o ŋ a ]_w
[_w n o n o ]_w
[_w m u l i n u ʔ u ]_w
[_w t o ʔ o ]_w
[_w t a u l a u ]_w
[_w a l e i p a ]_w
[_w a ʔ o ʔ a i ]_w
[_w v a i p a ]_w
[_w t u ʔ i ]_w
[_w m a l o s a ŋ a ]_w
[_w e s e e s e ]_w
[_w f a ʔ a t a u ]_w
[_w m a ʔ e a ]_w
[_w ŋ o ŋ o l o ŋ a ]_w
[_w f a a m a l o ]_w
[_w f e a n u ]_w
[_w v a i ŋ a ʔ ]_w
[_w t a a p e n a ]_w
[_w v a a s a m i ]_w
[_w f a u ŋ a ]_w
[_w m a n a ʔ o ]_w
[_w m a e ʔ a ]_w
[_w o u t e ]_w
[_w f a a m a m a o ]_w
[_w t o ʔ a s aː ]_w
[_w f a a v a a ]_w
[_w t e t e ]_w
[_w f a l e t u p e ]_w
[_w i v a ]_w
[_w f a a s a o ]_w
[_w f a i t u ]_w
[_w a u a l a u ]_w
[_w t u i t e l i ]_w
[_w l o m i ŋ a ]_w
[_w s o o ŋ a ]_w
[_w l a f i ]_w
[_w u i l a ]_w
[_w a l u ŋ a ]_w
[_w p a s i ]_w
[_w s u a ]_w
[_w m a t a e s e ]_w
[_w i t u l a u ]_w
[_w t i ʔ e t i ʔ e ]_w
[_w p u s i ]_w
[_w f u s i ]_w
[_w s aː i s aː i ]_w
[_w o f u ]_w
[_w l a v e a ]_w
[_w m a u s a ŋ a ]_w
[_w s a e i ]_w
[_w e s e t a ]_w
[_w o s o o ]_w
[_w a n o a ]_w
[_w u l u o l a ]_w
[_w s a i a ]_w
[_w f a t u ]_w
[_w p a p a t i ]_w
[_w t u a i ]_w
[_w ʔ i n aː ]_w
[_w v a a a u a u ]_w
[_w s i ʔ u m u ]_w
[_w f i a m e ]_w
[_w l e m a n uː ]_w
[_w i o s e f o ]_w
[_w l a u ʔ a f a e ]_w
[_w l a f u ]_w
[_w m o l e ]_w
[_w l a i s e ]_w
[_w f a a t o a ŋ a ]_w
[_w a s o ]_w
[_w f a i f a o ]_w
[_w a l e i m o a ]_w
[_w m a n a n a u ]_w
[_w m a s a ʔ a ]_w
[_w f a a u t a ]_w
[_w o s i ŋ a n u u ]_w
[_w m a v a i n a ]_w
[_w f a n u a ]_w
[_w t a u m a t e ]_w
[_w m a m a l i e ]_w
[_w m a l i ʔ i ]_w
[_w f a a f a e ]_w
[_w f i v i n i ]_w
[_w l o l o t u ]_w
[_w v a a o s o ]_w
[_w p a u ]_w
[_w t a u t i n o ]_w
[_w i i n e i ]_w
[_w i ʔ u v a u ]_w
[_w t a u l o ]_w
[_w t i v a ŋ a ]_w
[_w l a u t e ]_w
[_w f a i t a a ŋ a ]_w
[_w m a s i o t i a ]_w
[_w s u ʔ e s u ʔ e ]_w
[_w i s u m u s u ]_w
[_w f a a t a ]_w
[_w l i m a u ŋ a ]_w
[_w i u n i t e ]_w
[_w ʔ a t a f a ]_w
[_w f o i a ]_w
[_w a ʔ o ŋ a ]_w
[_w ʔ v a i n a ]_w
[_w m o a ]_w
[_w l o u ]_w
[_w f u i m a n u ]_w
[_w a u f a i n a ]_w
[_w o ŋ a s a ]_w
[_w m i l o s i ]_w
[_w s e i s i ]_w
[_w v a a l e l e i ]_w
[_w m a ʔ a ]_w
[_w a l e m e n e ]_w
[_w a t a ]_w
[_w t u ʔ u m a ]_w
[_w m a n a n a i ]_w
[_w a a p a ]_w
[_w s e i a ]_w
[_w f a a s a ʔ a ]_w
[_w n a ʔ o ]_w
[_w f i f i ]_w
[_w a ʔ o ]_w
[_w a l o f i a ]_w
[_w m a n a ]_w
[_w f o n o f o i a ]_w
[_w f oː m a ʔ i ]_w
[_w l a ŋ o m a u ]_w
[_w f a a t a u a ]_w
[_w i f e a u ]_w
[_w ʔ a i ʔ o i ]_w
[_w a l e f a t u a ]_w
[_w l a a u ]_w
[_w a u m a ŋ a ]_w
[_w s o l o ŋ a ]_w
[_w ʔ a u l o ]_w
[_w m a i s e ]_w
[_w m o l i ]_w
[_w n a f a n u ]_w
[_w f a a l e l e i ]_w
[_w t o ʔ a t e l e ]_w
[_w n a n a v e a ]_w
[_w m a l e s a n a ]_w
[_w a l a t e l e ]_w
[_w t a f a v a u ]_w
[_w ʔ a f e ʔ e s e ]_w
[_w f i a ]_w
[_w a t a a t i n a ]_w
[_w p u t u p u ]_w
[_w s a v e a u ]_w
[_w s a f o t u ]_w
[_w p o n i ]_w
[_w m aː m aː ]_w
[_w p u p u n i t e ]_w
[_w ʔ a u t a ]_w
[_w s o l o s o l o ]_w
[_w a l i ʔ i ]_w
[_w p e ʔ aː ]_w
[_w f a t a ]_w
[_w m a ʔ a i ]_w
[_w ʔ a ʔ a n a ]_w
[_w t u ŋ a ]_w
[_w l a u p a ]_w
[_w m a t i t i ]_w
[_w a a t i n o a ]_w
[_w s a l a f a ]_w
[_w f a a a o ]_w
[_w ŋ a t a i v a ]_w
[_w t i t o ]_w
[_w m o t o ]_w
[_w s o s o ]_w
[_w v u a i f a ]_w
[_w o n aː ]_w
[_w t a n u i n a ]_w
[_w n i v o ]_w
[_w u i a ]_w
[_w t u i a ʔ a n a ]_w
[_w t i ʔ e ]_w
[_w m o l i m a ]_w
[_w f a ʔ a i ŋ o a ]_w
[_w a m a n aː ]_w
[_w i ʔ u ]_w
[_w t a a l a ]_w
[_w m a s a l a f o ]_w
[_w t a e l e ]_w
[_w f a ʔ a i ]_w
[_w f a a a o ŋ aː ]_w
[_w t a a t i n o a ]_w
[_w e f e s o ]_w
[_w l i m a u ]_w
[_w t a e m a i ]_w
[_w s a m a m a o ]_w
[_w s a u n o a ]_w
[_w s a ŋ a f a e ]_w
[_w t o t o i n a ]_w
[_w a s i ]_w
[_w p o o ]_w
[_w f a i e ʔ e ]_w
[_w t a p a ʔ a u ]_w
[_w t u l a t o ]_w
[_w a m o ŋ a ]_w
[_w a m i o t o n u ]_w
[_w p u l a a u ]_w
[_w l o t o ]_w
[_w l e o ]_w
[_w t u l i m u l i ]_w
[_w l e o t a ]_w
[_w f a i t i ]_w
[_w l o t u ]_w
[_w t a u t o n u ]_w
[_w s e a s e a ]_w
[_w a l i a l i ]_w
[_w t e u ]_w
[_w p e ʔ a ]_w
[_w a m a t a ]_w
[_w t a p a a ]_w
[_w t a i t u ]_w
[_w e t o e t o e ]_w
[_w f a a u u ŋ a ]_w
[_w t u u t u u ]_w
[_w m a s a l a ]_w
[_w f a a t a o t o ]_w
[_w t o ŋ a ]_w
[_w t o ʔ a ]_w
[_w t o ʔ a v a e ]_w
[_w t a l i ]_w
[_w v a l e f a ]_w
[_w s u a f a t i ]_w
[_w f a v a o ]_w
[_w t o f a ]_w
[_w t u i f i t u ]_w
[_w l e m a l a ŋ i ]_w
[_w t o u l u ]_w
[_w t o t i n o ]_w
[_w a f i o ŋ a ]_w
[_w f a a m o e ŋ a ]_w
[_w f o e ]_w
[_w ŋ a ŋ a u ]_w
[_w t o l u t a s i ]_w
[_w t o a v a ]_w
[_w p u p u t u ]_w
[_w i l o ŋ a ]_w
[_w t i n a e ]_w
[_w s u s u ŋ a ]_w
[_w p e p a ]_w
[_w o m o m o m o e ]_w
[_w t u ʔ u f a l e ]_w
[_w l o l o ŋ a ]_w
[_w f a a t a u t oː ]_w
[_w m o n a ]_w
[_w l e a i ]_w
[_w s o u ]_w
[_w f a i m o s o ]_w
[_w t a u l a ŋ i ]_w
[_w m a n a i ]_w
[_w l u i ]_w
[_w i ʔ a ]_w
[_w f a l a v a ]_w
[_w u s u ŋ a ]_w
[_w t a m a v a e ]_w
[_w m u l i ]_w
[_w t u s i t a i ]_w
[_w f a ʔ a t e ]_w
[_w a l e s a ]_w
[_w i t uː ]_w
[_w p a l o t a ]_w
[_w f a s e ]_w
[_w n a t i a ]_w
[_w l e s o n a ]_w
[_w n i s i ]_w
[_w p a l e n i ]_w
[_w f a t u f a ]_w
[_w f a ʔ a a l i ]_w
[_w ŋ a l u ]_w
[_w f e a i ]_w
[_w t a u l a ŋ a ]_w
[_w a l o f a a ]_w
[_w l e m uː ]_w
[_w a u s i a ]_w
[_w f a a u oː ]_w
[_w f a i t a u ]_w
[_w p e i s e a iː ]_w
[_w f o l a ]_w
[_w l o n a ]_w
[_w a f e e s e ŋ a ]_w
[_w t a a t e l e ]_w
[_w t i p a ]_w
[_w v a ʔ a ]_w
[_w t e i s e ]_w
[_w v e u ]_w
[_w ʔ e l e ]_w
[_w s o u f u n a ]_w
[_w m a l i l i u ]_w
[_w o t i ]_w
[_w t o ʔ o n a ]_w
[_w a n a v i ]_w
[_w m a n a o ]_w
[_w ʔ o ʔ o ŋ a ]_w
[_w ŋ a l u e ]_w
[_w i u n i ]_w
[_w s i l i v a e ]_w
[_w a o f a ʔ i ŋ a ]_w
[_w s i ʔ i t i a ]_w
[_w i n o i n o ]_w
[_w f u n e ]_w
[_w f a l a a l a ]_w
[_w a l o a ʔ i ]_w
[_w a ŋ a v a l i u ]_w
[_w p e i ]_w
[_w l a u ]_w
[_w f a a s a a ]_w
[_w a a n o ]_w
[_w t u u a ]_w
[_w f a a o l a ]_w
[_w l u m a t a i ]_w
[_w f a a s e ]_w
[_w f e t a i a l a ]_w
[_w u i ŋ a ]_w
[_w f a a t e i a ]_w
[_w t u ʔ u v a u ]_w
[_w i n a ]_w
[_w a l o f i ]_w
[_w t a p a ʔ a ]_w
[_w m a t u ]_w
[_w f a u s i a ]_w
[_w t u l o u ]_w
[_w i o s e v o ]_w
[_w t u s i ŋ a ]_w
[_w t a l o ]_w
[_w s o i a ]_w
[_w t a i a ]_w
[_w v a i a ]_w
[_w t o f aː ]_w
[_w a f e i n a ]_w
[_w ʔ i e ]_w
[_w ŋ a t a a ŋ a ]_w
[_w p e i s e a ]_w
[_w a l u ]_w
[_w t i u t a ]_w
[_w n e i ]_w
[_w a u f a i ]_w
[_w t a l a f a l u ]_w
[_w t a u n u ʔ i ]_w
[_w t a a t e i a ]_w
[_w t u f a ]_w
[_w f o l a u ŋ a ]_w
[_w ʔ u p u f i a ]_w
[_w f i f i o ]_w
[_w t o ʔ a v i a ]_w
[_w s e l e ]_w
[_w f a e f a e a ]_w
[_w i v o p o ]_w
[_w f a a a o ŋ a ]_w
[_w a v e a i ]_w
[_w l u i t a u ]_w
[_w u a f u a ŋ a ]_w
[_w p a p a e ]_w
[_w n a n a o ŋ a ]_w
[_w l o ʔ o ]_w
[_w m a t aː u p u ]_w
[_w l a v o ]_w
[_w t a u s a l i ]_w
[_w p o p o l e ]_w
[_w l i s i ]_w
[_w t o a l u a i ]_w
[_w f a f i e ]_w
[_w p o ŋ i s aː ]_w
[_w a m a n a ʔ o ]_w
[_w s u ʔ e i n a ]_w
[_w a u t u a ŋ a ]_w
[_w p a t i ]_w
[_w f u a t a ʔ u a ]_w
[_w p uː l e ŋ a ]_w
[_w p o u t u ]_w
[_w s a n a ]_w
[_w ʔ n a ]_w
[_w t u u f u a ]_w
[_w t a n u ]_w
[_w i u l a i ]_w
[_w m a n u o ]_w
[_w f a i a o ŋ a ]_w
[_w ŋ a u ]_w
[_w a t u n u ʔ a ]_w
[_w f a ʔ a t uː ]_w
[_w p i p i ]_w
[_w p a p a i ]_w
[_w s a s a e s a e ]_w
[_w t u ʔ i a ]_w
[_w a ʔ a o l a ]_w
[_w m a i m e a ]_w
[_w l a u n i u n i ]_w
[_w s a m a ]_w
[_w t o ʔ a ŋ a ]_w
[_w l o t o f a f aː ]_w
[_w t a m o ʔ e ]_w
[_w m a v u a ]_w
[_w v a ŋ a n aː ]_w
[_w u u n a ʔ i ]_w
[_w o l a ]_w
[_w t a a t a ŋ a ]_w
[_w t u l a ŋ a ]_w
[_w l e i t i oː ]_w
[_w m a l o l a ŋ i ]_w
[_w t o i l a l o ]_w
[_w p o l o a ]_w
[_w f a ʔ a u ]_w
[_w t o ʔ a t o n u ]_w
[_w t u i a t u ]_w
[_w v a a i ]_w
[_w t a u p e ]_w
[_w t a m a i t a u ]_w
[_w s u e i n a ]_w
[_w f a a v i a ]_w
[_w f a l a ]_w
[_w f a e v a ]_w
[_w p i ʔ i ŋ a ]_w
[_w f a e ŋ a u o ]_w
[_w a i s e n e ]_w
[_w a f aː i n a ]_w
[_w t o ʔ e l a u ]_w
[_w f a ʔ a o ʔ o ]_w
[_w l a ŋ o l a ŋ o ]_w
[_w u i ʔ i ]_w
[_w l e a l a l a ]_w
[_w s a m a s a m i ]_w
[_w a t u ŋ a ]_w
[_w t a f u ]_w
[_w p a u u ]_w
[_w a l o ]_w
[_w t u l i v a e ]_w
[_w t a u t a ]_w
[_w t a l o s i ]_w
[_w s e f e ]_w
[_w f a a t o e s e ]_w
[_w m o ʔ o ]_w
[_w t u s i ]_w
[_w e l i s a i ]_w
[_w t u a s i f i ]_w
[_w m a u n u u ]_w
[_w ʔ a ʔ a n o ]_w
[_w t u i a a n a ]_w
[_w f a i s u a ]_w
[_w p o t u ]_w
[_w t e i ]_w
[_w t o ʔ o t a ŋ a ]_w
[_w a v a i ]_w
[_w ŋ a s e ]_w
[_w o s o ]_w
[_w p u n a ]_w
[_w t u m u a ]_w
[_w t a ʔ a i ŋ a ]_w
[_w s e u ]_w
[_w f i n a u ŋ a ]_w
[_w t u l u a i ]_w
[_w f a i t a u ŋ a ]_w
[_w i m o ]_w
[_w ʔ a f e ]_w
[_w m uː m uː ]_w
[_w t a i l u a ]_w
[_w s a i t o ]_w
[_w ʔ aː v a i ]_w
[_w l i o f i ]_w
[_w a s i a s i ]_w
[_w m o l i a ŋ a ]_w
[_w aː u ŋ a ]_w
[_w v a a f o u ]_w
[_w a ʔ u ]_w
[_w m aː ʔ u a ]_w
[_w f a ʔ a o s o ]_w
[_w v a u ŋ a ]_w
[_w f a l e f a ]_w
[_w a ŋ a ]_w
[_w ŋ a l a a u ]_w
[_w t a l o f i v a ]_w
[_w t a o t a ]_w
[_w s o l a ]_w
[_w p a t i n o ]_w
[_w v a i ]_w
[_w s o s a i ]_w
[_w l e m a l a ]_w
[_w f u l u ]_w
[_w a u s a u ]_w
[_w f u a t i a ]_w
[_w n u t i ]_w
[_w s a l a f a l e ]_w
[_w l u a t u s i ]_w
[_w t u a n a u ]_w
[_w s i t e p u ]_w
[_w l a f e a ]_w
[_w f o l a v o ŋ a ]_w
[_w s a l e f a t u ]_w
[_w a v aː i n a ]_w
[_w v a t i a ]_w
[_w t o f o ]_w
[_w a l e v a ]_w
[_w f e t a u i n a ]_w
[_w v a a t o ʔ a ]_w
[_w i ʔ u ŋ a ]_w
[_w f a e ]_w
[_w s i s i ʔ i ]_w
[_w m a m o n a ]_w
[_w t a p a ʔ uː ]_w
[_w t e l e ŋ a ]_w
[_w v a a e a ŋ a i ]_w
[_w f o l a s a ŋ a ]_w
[_w t a ŋ a t a ʔ i ]_w
[_w t a ŋ a ʔ i ]_w
[_w v a a t o a ]_w
[_w m a l i e ]_w
[_w s i s i f o ]_w
[_w t u l e i ]_w
[_w p e a i a ]_w
[_w m u ʔ a ]_w
[_w t o a ]_w
[_w f a o f a ]_w
[_w t a v e ]_w
[_w s i s i ]_w
[_w a ŋ a l o ]_w
[_w s i ʔ o m i a ]_w
[_w f a a o o ]_w
[_w s a p o l i m a ]_w
[_w t a l i i ]_w
[_w i ŋ u ]_w
[_w a o f i a ]_w
[_w u l u a ʔ i ]_w
[_w ʔ u p u ]_w
[_w m a l a l a ]_w
[_w s i l a f a l i ]_w
[_w m a u m a t e ]_w
[_w s a e i a ]_w
[_w v a ʔ a m a l u ]_w
[_w f a ʔ a s a ]_w
[_w m a m a t i ]_w
[_w n a ʔ o ŋ a ]_w
[_w t e n a n t ]_w
[_w p i l l ]_w
[_w m a t a u t i ]_w
[_w t i a i ]_w
[_w o l i f e ]_w
[_w f a l e m i a ]_w
[_w s i a m a n a ]_w
[_w s o s a ]_w
[_w s a i n a ]_w
[_w f a a e l e n i ]_w
[_w f a u s i s i ]_w
[_w t u i a v i a ]_w
[_w a u a u n a ]_w
[_w t u u t u u ŋ a ]_w
[_w u t u ]_w
[_w ŋ a u ŋ a ]_w
[_w l e o n a ]_w
[_w n a f a n a u ]_w
[_w t a m a t a t a ]_w
[_w ʔ o u l u a i ]_w
[_w f a f a ŋ u ]_w
[_w f u a t i ]_w
[_w s i n a ]_w
[_w t a ʔ u ]_w
[_w ʔ a u t a u ]_w
[_w p e f u ]_w
[_w m a s i o f o ]_w
[_w t u a l o ]_w
[_w f a a f a n o ]_w
[_w f e e i ]_w
[_w v a a p i p i i ]_w
[_w p e t a n i ]_w
[_w f i ʔ i ŋ a ]_w
[_w f a t u a ]_w
[_w m u i m u i ]_w
[_w s e i u l i ]_w
[_w e s o t o ]_w
[_w l a u m u ]_w
[_w l e v a n e ]_w
[_w ʔ a u m a i ]_w
[_w f e t a i ]_w
[_w t a t u v u ]_w
[_w f i i i ]_w
[_w m a l a m oː ]_w
[_w v e n u n u ʔ i ]_w
[_w a l a f a ]_w
[_w l e i a ]_w
[_w f a ʔ a v a e ]_w
[_w f i s a ]_w
[_w m a l a ŋ a ]_w
[_w f u v u l u ]_w
[_w e l e t i s e ]_w
[_w f a a s a ŋ a ]_w
[_w e t e u a t i a ]_w
[_w t o f i a i n a ]_w
[_w s a u t e l e ]_w
[_w l a u p a p a i ]_w
[_w s o p o i a ]_w
[_w a l i i ]_w
[_w i m o a ]_w
[_w t a ʔ i t a ʔ i ]_w
[_w l aː p i s i ]_w
[_w l e a l a l o ]_w
[_w m a l u m a l o ]_w
[_w s a t u a ʔ i ]_w
[_w m e m e i ]_w
[_w t e m e t e m a ]_w
[_w m o ʔ u ]_w
[_w a p a a u ]_w
[_w m a u a i ]_w
[_w f a f a o i n a ]_w
[_w t o a t e l e ]_w
[_w l i p o t i ]_w
[_w l a p a t i ]_w
[_w a t u a ]_w
[_w p o l o ŋ a ]_w
[_w f a a l i a ]_w
[_w v a ʔ i f a ]_w
[_w f a a v o u ]_w
[_w a u i l o a ]_w
[_w a f a n u a ]_w
[_w m o ʔ i ]_w
[_w f u a v u l u ]_w
[_w f a a u p u ŋ a ]_w
[_w l e f u ]_w
[_w v a l e a u l a ]_w
[_w e l i s e ]_w
[_w l e p e t i a ]_w
[_w f e l e l e m o ]_w
[_w f a ʔ a l i a ]_w
[_w a t a a ]_w
[_w f e i l o a ]_w
[_w f a i t a l a ]_w
[_w t o e s e a ]_w
[_w t a o f i a ]_w
[_w i n i t i a ]_w
[_w l e i t i o ]_w
[_w m e a v a i ]_w
[_w f a ʔ a l u a ]_w
[_w p u l e a i n a ]_w
[_w t o m a ]_w
[_w i o n a ]_w
[_w t o s o a ]_w
[_w l e o n e ]_w
[_w f a a e e ]_w
[_w f a ʔ a e ʔ e ]_w
[_w t u t uː ]_w
[_w m a s a ŋ a ]_w
[_w u n a ʔ i a ]_w
[_w a a u ]_w
[_w t e i n e ]_w
[_w f aː ʔ a t a f a ]_w
[_w v u e ]_w
[_w f a i l a ]_w
[_w f a v a u ]_w
[_w p e ʔ aː v a i ]_w
[_w f a a p e ʔ iː ]_w
[_w p e a u ]_w
[_w m a l a e ]_w
[_w l u m a ]_w
[_w a u t i a ]_w
[_w f o ŋ a ]_w
[_w m a n o m a n o ]_w
[_w t a u s i ]_w
[_w t u f u ŋ a ]_w
[_w ʔ a l i ʔ i ]_w
[_w t a i t a i ]_w
[_w v a a l i l i ]_w
[_w v a s e ŋ a ]_w
[_w a m o n a ]_w
[_w v a f o ]_w
[_w a f a t a ]_w
[_w a l o p e ]_w
[_w f u t u ]_w
[_w l o l ]_w
[_w p o p o t o ]_w
[_w t a u t o l o a ]_w
[_w a f i f i n i ]_w
[_w a o a i ŋ a ]_w
[_w s a i a n i s i ]_w
[_w o f i s a ]_w
[_w u p e ŋ a ]_w
[_w t e ʔ e ]_w
[_w n a m u ]_w
[_w n o f o a ]_w
[_w s e l ]_w
[_w s a m i t a ]_w
[_w p aː p aː ]_w
[_w m a i m o s o ]_w
[_w v a i p u l e ]_w
[_w l i a ʔ i i n a ]_w
[_w f a a m o e ]_w
[_w a ʔ a n a ]_w
[_w o ʔ u ]_w
[_w t o t o ʔ o ]_w
[_w ʔ m a ]_w
[_w m a t e ]_w
[_w ʔ a v aː ]_w
[_w t u u a ʔ i ]_w
[_w l a v aː t i a ]_w
[_w s e n e ]_w
[_w f o n o ]_w
[_w o n a p o ŋ a ]_w
[_w a p a ʔ uː ]_w
[_w m u s e l e s o ]_w
[_w a n e ]_w
[_w ŋ a t a a t a ]_w
[_w s o l i a ŋ a ]_w
[_w p i t o n u ]_w
[_w s o l o ]_w
[_w m u a ]_w
[_w p o u l a ]_w
[_w t a i l i m a ]_w
[_w s u l u a ]_w
[_w t o u ]_w
[_w l a l o l a ŋ i ]_w
[_w f e l e ]_w
[_w l e t a u i a ]_w
[_w e s e ʔ e s e ]_w
[_w a t o a ŋ a ]_w
[_w l i l i ŋ a ]_w
[_w a n o a n o ]_w
[_w t a n e ]_w
[_w p a l a ŋ a ]_w
[_w s i a ]_w
[_w l u a ʔ i ]_w
[_w a u u s o ]_w
[_w u s u i a ]_w
[_w t u v o u ]_w
[_w t o f o t a n e ]_w
[_w s u s u l u ŋ a ]_w
[_w a v i ]_w
[_w l a f e ]_w
[_w a f a ʔ i f a ]_w
[_w ʔ a ʔ o f u ]_w
[_w f o f o ]_w
[_w t a ʔ a l o a ]_w
[_w ʔ p o ]_w
[_w v a i m o a ]_w
[_w t i m a e a ]_w
[_w t o ŋ i a ʔ i ]_w
[_w t i e t i e ]_w
[_w t a u m u a ]_w
[_w u t i a ]_w
[_w s a i n i u ʔ ]_w
[_w s a i l i ŋ a ]_w
[_w m a n a i a ]_w
[_w t u t a u ]_w
[_w n i v o a ]_w
[_w t a ʔ u t i n o ]_w
[_w a t a a ŋ a ]_w
[_w t i a n a ]_w
[_w n i n i i ]_w
[_w f i t a ŋ a ]_w
[_w m i t a ]_w
[_w l a p o p o ]_w
[_w v a a s o l o ]_w
[_w i o s e f a ]_w
[_w m a t a u ]_w
[_w m a i l e i ]_w
[_w p o p o l e ŋ a ]_w
[_w l i m u l i ]_w
[_w t a t e ]_w
[_w a t i n o ]_w
[_w v a a a o ]_w
[_w a m o a ]_w
[_w m aː l o a ]_w
[_w f a a t i n a ]_w
[_w l i m a ]_w
[_w v a ʔ a i ]_w
[_w m u s e l e s i ]_w
[_w f e i n a ]_w
[_w f a ʔ a f i t a ]_w
[_w a i n a ]_w
[_w l o ŋ o ]_w
[_w s a f a i ]_w
[_w t u a n a ]_w
[_w t o ŋ i ]_w
[_w t a u t a l a ]_w
[_w s a v a l e ]_w
[_w l u t i a ]_w
[_w s e p u ]_w
[_w i t i ]_w
[_w a l e l e i ]_w
[_w s a p o l o ]_w
[_w m aː t u a ]_w
[_w a i l a ]_w
[_w l a u a ]_w
[_w a u e ]_w
[_w l e u l a ]_w
[_w p u l u p u l e ]_w
[_w v a i a o ŋ a ]_w
[_w s o i v u a ]_w
[_w m a i ]_w
[_w t u u ]_w
[_w f u s i p e p a ]_w
[_w s u i a ʔ a n a ]_w
[_w a o f a i n a ]_w
[_w t a m aː ]_w
[_w a m o n i ]_w
[_w e t o e ]_w
[_w v a oː ]_w
[_w v a i f o ]_w
[_w a i a i n a ]_w
[_w m i n i s i ]_w
[_w t u p u a ŋ a ]_w
[_w m a n a ʔ o ŋ a ]_w
[_w f e l a t a ŋ aː ]_w
[_w l a f o i ]_w
[_w l i p o l a ]_w
[_w u t u t a u a ]_w
[_w l a ʔ o ʔ a i ]_w
[_w n o f o n o ]_w
[_w i t i t a i ]_w
[_w t a u m a t a ]_w
[_w t o f a e o n o ]_w
[_w a l o f a ŋ a ]_w
[_w m a ŋ o ]_w
[_w m a v u a ŋ a ]_w
[_w t u l i ]_w
[_w i o a n e ]_w
[_w u a i n a ]_w
[_w t u i a ʔ a n o ]_w
[_w a t e ]_w
[_w m a m a n a i ]_w
[_w s i i ]_w
[_w p u a ]_w
[_w ʔ u l u ]_w
[_w m a l uː ]_w
[_w t u a n a i ]_w
[_w e l e v u a ]_w
[_w t a a ]_w
[_w s e aː s e aː ]_w
[_w m aː n a f a n o ]_w
[_w l a v u a ]_w
[_w o l a o l a ]_w
[_w f a i l i ŋ a ]_w
[_w f a ʔ a t a ]_w
[_w m a n o ŋ a ]_w
[_w f a ʔ a m a u ]_w
[_w f a a s a i n a ]_w
[_w m a f a i a ]_w
[_w a u m a i ]_w
[_w s u a v a t u a ]_w
[_w m a ʔ e u ]_w
[_w m a u a l i ʔ iː ]_w
[_w f a a t i a ]_w
[_w f a a l o f i ]_w
[_w t a e m a t u a ]_w
[_w l i u l i ]_w
[_w f e a f e a ʔ i ]_w
[_w t o t o f i a ]_w
[_w p i ʔ o p i ʔ o ]_w
[_w o l o ʔ o ]_w
[_w m a u t i n o ]_w
[_w m o t u ]_w
[_w f a t u i n a ]_w
[_w m a m a ʔ i ]_w
[_w l a p a ]_w
[_w n a u n a ]_w
[_w l a u i l o a ]_w
[_w t a u t o l o ]_w
[_w p a t u ]_w
[_w f e e ]_w
[_w t a u n u ʔ u ]_w
[_w m a a s i l a ]_w
[_w a f i o a ŋ a ]_w
[_w v a ʔ a p e a ]_w
[_w f a a p e ]_w
[_w p e s e t a ]_w
[_w f i f a ]_w
[_w t aː i n a ]_w
[_w m e a f a i i ]_w
[_w t u p e ]_w
[_w p i p i ʔ i ŋ a ]_w
[_w p u l e a ŋ a ]_w
[_w f a a l a f a ]_w
[_w t u t u p u ]_w
[_w s e f u l u ]_w
[_w m a t i v a ]_w
[_w f a v i n e ]_w
[_w i l a m u t u ]_w
[_w m a f a i ]_w
[_w i n i ]_w
[_w m a a i ]_w
[_w l e aː ]_w
[_w i o e ]_w
[_w t o a t a s i ]_w
[_w f a i t a e l e ]_w
[_w u t u i n a ]_w
[_w n a n a v a n a ]_w
[_w v o n o t i ]_w
[_w t u p i t o ]_w
[_w f u i f u i ]_w
[_w a n a n a m e a ]_w
[_w p a ʔ i ]_w
[_w t a a l i ŋ a ]_w
[_w t u ʔ u m a l u ]_w
[_w f a s e f u l u ]_w
[_w s i ʔ u ]_w
[_w l e p e ]_w
[_w s a s a o ]_w
[_w t a l a ʔ a ŋ a ]_w
[_w l e o t e l e ]_w
[_w f e ʔ e ]_w
[_w t a a i ]_w
[_w o ŋ a v a ]_w
[_w i t i t i ]_w
[_w p e i t a i ]_w
[_w a u m a ŋ a l o ]_w
[_w v a a l i a l i ]_w
[_w s a f a l i ]_w
[_w f a l e v a ]_w
[_w l e n aː ]_w
[_w m a t a f e a i ]_w
[_w f a l e l e i ]_w
[_w a l i p i a ]_w
[_w l a f o a ]_w
[_w t a l o t a ]_w
[_w v a a v a e ]_w
[_w ʔ o l o ]_w
[_w s a l a ]_w
[_w t aː l a ʔ i ŋ a ]_w
[_w u l u f a l e ]_w
[_w a m a t i t i ]_w
[_w f i a f i ʔ i ]_w
[_w s a ʔ u ]_w
[_w s u e ŋ a ]_w
[_w a u s a l i m a ]_w
[_w a v i o a ŋ a ]_w
[_w s a m a i ]_w
[_w t a u t u a ]_w
[_w t u p a t u s i ]_w
[_w m i t i i t i a ]_w
[_w a ʔ a f a ]_w
[_w l e m a i s e a ]_w
[_w u i l i ]_w
[_w s e s e ]_w
[_w ʔ a ʔ a p e i ]_w
[_w a ʔ a ]_w
[_w a i s e a ]_w
[_w f a i l i a ]_w
[_w s i s ]_w
[_w e n a e n a ]_w
[_w m e a m e a ]_w
[_w s a i n i ]_w
[_w ʔ a u m a t a i ]_w
[_w f e a u ]_w
[_w f e ŋ a ]_w
[_w s e f i ]_w
[_w t u i n a ]_w
[_w t o e a ʔ i ]_w
[_w i m e l i ]_w
[_w t a l i a l i ]_w
[_w a t a m a t e a ]_w
[_w ʔ a t a u ]_w
[_w m a ʔ a u ŋ a ]_w
[_w p u l a ŋ i ]_w
[_w a ʔ o ʔ a i v a ]_w
[_w ʔ o f e a ]_w
[_w p i s i a ]_w
[_w u l a f a l e ]_w
[_w a l e ]_w
[_w l a p o ]_w
[_w f a a m a a u ]_w
[_w s o s a i e t e ]_w
[_w n o f o a ŋ a ]_w
[_w l e f a n o a ]_w
[_w t a i f a ]_w
[_w p e p e l o ]_w
[_w s e m a n uː ]_w
[_w ʔ a p a ]_w
[_w t u ʔ u i n a ]_w
[_w a ŋ a m a u ]_w
[_w m a ʔ a l u a ]_w
[_w i o p a ]_w
[_w f o l a u ]_w
[_w i n i v e s i ]_w
[_w t e ʔ a ]_w
[_w t o ʔ a l i ʔ i ]_w
[_w v u i m a o n o ]_w
[_w t o u t e ]_w
[_w s a u n i ŋ a ]_w
[_w p e o ]_w
[_w f a a i l o a ]_w
[_w ʔ o u ]_w
[_w s o ŋ i ]_w
[_w m a l i l i ŋ i ]_w
[_w p a a ŋ a t a ]_w
[_w u n a i a ]_w
[_w ʔ a ʔ e ]_w
[_w u i l i i l i ]_w
[_w m a t o u ]_w
[_w m o a t a s i ]_w
[_w s o ʔ o t o ]_w
[_w a i a ]_w
[_w p u a p u a ŋ a ]_w
[_w s o p o ]_w
[_w v a l e a ŋ a ]_w
[_w m e a a o ŋ aː ]_w
[_w s i s i v o ]_w
[_w s a l e a t a ]_w
[_w ŋ a l u l u ]_w
[_w t o f u ]_w
[_w t i m e s ]_w
[_w f a a s i a s i ]_w
[_w f a o m a t u u ]_w
[_w m a s o n i ]_w
[_w f a a s o a ]_w
[_w v o l a s a ŋ a ]_w
[_w m a p u ]_w
[_w t a u t oː ]_w
[_w m aː f a n a ]_w
[_w n o f e m a ]_w
[_w m a l e ]_w
[_w ʔ u m a ]_w
[_w p u p u l a ŋ a ]_w
[_w p u p u l a ]_w
[_w m a t u i n a ]_w
[_w l e u t e u ]_w
[_w v u n a ]_w
[_w t a u i v i t u ]_w
[_w t a t a o t a ]_w
[_w v a a v i a ]_w
[_w s u a u u ]_w
[_w p a e p a e ]_w
[_w t e n a ]_w
[_w s a o ]_w
[_w o s o f a ʔ i ]_w
[_w v a a e l e ]_w
[_w l e o f a ]_w
[_w a v e e s e ]_w
[_w f a a s a ]_w
[_w t a p e ŋ a ]_w
[_w t u a t u s a ]_w
[_w a ʔ a i ]_w
[_w p i s a ]_w
[_w i s a i a ]_w
[_w l o t a l o t a ]_w
[_w u l u f a l u ]_w
[_w s a p o l o a i ]_w
[_w f i t a ]_w
[_w a u ʔ a ]_w
[_w m a u m a i ]_w
[_w u l i u l i ]_w
[_w f o l a s a ]_w
[_w t a u t a s i ]_w
[_w s i t a l o ]_w
[_w s e m a n u ]_w
[_w t u t u m u ]_w
[_w s u i n a ]_w
[_w n o f o a l i i ]_w
[_w u u n a i a ]_w
[_w f a a v o ʔ i ]_w
[_w p a l o l a ]_w
[_w t a m a ʔ i ]_w
[_w v u a m o a ]_w
[_w s u i ]_w
[_w i n i f a ]_w
[_w s i s i n i ]_w
[_w t uː m a u ]_w
[_w p u i p u i ]_w
[_w l e f i ]_w
[_w f u n e f e a ]_w
[_w l o t o aː ]_w
[_w t a a t i a ʔ i ]_w
[_w t a i ]_w
[_w a ʔ a o ŋ a ]_w
[_w i i l a ]_w
[_w t o l o a ]_w
[_w t a a t a ]_w
[_w l a s a ]_w
[_w t a i a i ]_w
[_w t a l e n i ]_w
[_w f e l a t a ]_w
[_w m a t i u ]_w
[_w ʔ a u ŋ a ]_w
[_w a t a l a ]_w
[_w l a t a v a ]_w
[_w f a a v a a i ]_w
[_w v u a i u p u ]_w
[_w f a a m a u ]_w
[_w m e a a l o ŋ o ]_w
[_w t o a s a ]_w
[_w a u e l u ]_w
[_w a f a n o ŋ a ]_w
[_w i t i t i a ]_w
[_w l o i m a t a ]_w
[_w m o a t a ŋ a ]_w
[_w p a f u t a ]_w
[_w f a a p e v e a ]_w
[_w i ŋ o a ]_w
[_w s u ʔ e ]_w
[_w l o l o a i a ]_w
[_w s o o n a ]_w
[_w u s u i n a ]_w
[_w f o a i ŋ a ]_w
[_w f a i t a i m i ]_w
[_w m a o t a ]_w
[_w t o t o ʔ a v a ]_w
[_w s a ʔ i l i a ]_w
[_w s u aː u ʔ u ]_w
[_w t o u l u a p e ]_w
[_w f a i p u n a ]_w
[_w a i a i ]_w
[_w i v e a u ]_w
[_w s u a t i ]_w
[_w l a v o a ŋ a ]_w
[_w t a u a u ]_w
[_w o l o a i ]_w
[_w s a m u e l u ]_w
[_w l a p i s i n a ]_w
[_w ʔ t u p u o l a ]_w
[_w ʔ a u a l o a ]_w
[_w p a i p a n o a ]_w
[_w m a s u ]_w
[_w t o f a f aː ]_w
[_w i l i i l i ]_w
[_w f a a t o a ]_w
[_w f a s a v a l u ]_w
[_w ʔ a u t u ]_w
[_w l a l a v a ]_w
[_w l a v o l a ]_w
[_w f a a t a u p e ]_w
[_w f a a l a ]_w
[_w m a u m e a ]_w
[_w a t i i n a ]_w
[_w f a a f a a i ]_w
[_w l e v i s e ]_w
[_w a u i v i ]_w
[_w t e ʔ i ]_w
[_w ʔ a f aː ]_w
[_w t i o a t a ŋ a ]_w
[_w l a u t e l e ]_w
[_w m a n o n e ]_w
[_w t a l o s a ŋ a ]_w
[_w i n u ]_w
[_w f a o f a i n a ]_w
[_w m a ʔ o t i ]_w
[_w v a ʔ a s o l o ]_w
[_w a n a f a n o ]_w
[_w s u l i ]_w
[_w m a n u m a l o ]_w
[_w m a i l e l e a ]_w
[_w t a u s a l a ]_w
[_w t a p u a ʔ i a ]_w
[_w f a a s e aː ]_w
[_w l a f o i a ]_w
[_w t a a p e ʔ iː ]_w
[_w a f e e s e a ]_w
[_w v i f a e ]_w
[_w s i l i a m u ]_w
[_w p a i a ]_w
[_w i o s u a ]_w
[_w m a i l a ]_w
[_w f u i a l o ]_w
[_w s a l e f a ]_w
[_w o s i ]_w
[_w f a i m o a ŋ a ]_w
[_w l a t e l e ]_w
[_w t a a n o i ]_w
[_w m a t u u ]_w
[_w t o ʔ a f a ]_w
[_w t aː p aː ]_w
[_w n a n a i a ]_w
[_w t i a t i a ]_w
[_w a m a t e a ]_w
[_w a u a l a u l a ]_w
[_w f a l e m e n e ]_w
[_w m a v a n o ]_w
[_w t aː ŋ a ]_w
[_w f a a s a m o a ]_w
[_w s o l o m u a ]_w
[_w m a a m a a u ]_w
[_w o n a p o ŋ i ]_w
[_w f a u s i ŋ a ]_w
[_w n a n a u ]_w
[_w s e ʔ e f a e ]_w
[_w ʔ a t o a ]_w
[_w t a ŋ o f i ]_w
[_w f a a m a ʔ i ]_w
[_w l a n u ]_w
[_w s i t a ]_w
[_w m o t u s i ]_w
[_w v i v a ]_w
[_w s a u o a ]_w
[_w e n a ]_w
[_w t a ŋ a t i a ]_w
[_w v a a p a ]_w
[_w s e ʔ i a ]_w
[_w v a ʔ a t a s i ]_w
[_w ʔ o n aː ]_w
[_w t aː p e ʔ a ]_w
[_w l a ŋ o n a ]_w
[_w l a f i a ŋ a ]_w
[_w a o a u l i a ]_w
[_w t o i l o ]_w
[_w l u a t u t u ]_w
[_w ʔ p e ]_w
[_w l o l e ]_w
[_w m aː ŋ a l o ]_w
[_w t a l o v i e ]_w
[_w f i a f i a ]_w
[_w f a ʔ a o ŋ a ]_w
[_w t o a t o a ]_w
[_w m a e ʔ a e ʔ a ]_w
[_w v o u ]_w
[_w l a u m u a ]_w
[_w u f i u v i ]_w
[_w t a u f a i ]_w
[_w s o l o s i ]_w
[_w f o n o t i ]_w
[_w t u s i t a l a ]_w
[_w t a a l o ŋ a ]_w
[_w ʔ a u m a ]_w
[_w s a o f a i ŋ a ]_w
[_w ʔ u m a l o l o ]_w
[_w m a ŋ e l e ]_w
[_w ʔ a v a ]_w
[_w e s e e s e a ]_w
[_w f a ʔ a a u a u ]_w
[_w a ŋ i ]_w
[_w t a u l a ]_w
[_w ŋ a o ŋ a ]_w
[_w t a v i e ]_w
[_w m a l uː l uː ]_w
[_w t e s e m a ]_w
[_w f a i ŋ a n u u ]_w
[_w t u t o t o ŋ i ]_w
[_w s o s o l o ]_w
[_w f a a p e f e a ]_w
[_w f i ʔ i ]_w
[_w l a f o ]_w
[_w i l o i a ]_w
[_w i o l e ]_w
[_w a a t i n o ]_w
[_w t a s i ]_w
[_w a ŋ a m a ŋ a ]_w
[_w p aː l o t a ]_w
[_w l a ʔ a ŋ a ]_w
[_w f a ʔ a s o a ]_w
[_w l e t o ŋ a ]_w
[_w t i m u ]_w
[_w a o t e l e v i ]_w
[_w p a i e ]_w
[_w l e i p a ]_w
[_w o t o ]_w
[_w f a i l a l o ]_w
[_w l a s e l a u ]_w
[_w m i s i a ]_w
[_w v e ŋ a ]_w
[_w s a u t e ]_w
[_w f e a p e ]_w
[_w o l e a ]_w
[_w ʔ a v e ]_w
[_w s i l i s i ]_w
[_w l e u l e u ]_w
[_w m a n a n a ʔ o ]_w
[_w m i ŋ a ]_w
[_w u t e ]_w
[_w i l o i l o ŋ a ]_w
[_w t i m a ʔ i ]_w
[_w ŋ a t a i ]_w
[_w t u i l a ]_w
[_w s a v a l u ]_w
[_w m a t a ʔ i ]_w
[_w m a i l e l e i ]_w
[_w ŋ a t a a ]_w
[_w v e v e v e t e ]_w
[_w ŋ o t o ]_w
[_w f a i t e l i ]_w
[_w f e s u i a ]_w
[_w m a l e p e a ]_w
[_w m o e ŋ a ]_w
[_w t u l o u e n a ]_w
[_w a f e ]_w
[_w l e u t o ŋ i a ]_w
[_w t a ʔ a m a ʔ i ]_w
[_w v a v a e ŋ a ]_w
[_w t o s o ]_w
[_w a a n o i ]_w
[_w t i n aː ]_w
[_w s i n a p i ]_w
[_w u i i ]_w
[_w t a i a i a ]_w
[_w f a a t u s a ]_w
[_w ʔ o a ]_w
[_w f e a ŋ a i ]_w
[_w t u u ŋ a ]_w
[_w v a a a l i ŋ a ]_w
[_w p o ʔ o ]_w
[_w l u v i ]_w
[_w s o l i a ]_w
[_w l o l o m u a ]_w
[_w s a s a ]_w
[_w f e t o l o ]_w
[_w e v u e f u e ]_w
[_w t a l a t a ]_w
[_w f a a a l i l i ]_w
[_w s a ʔ i l i ŋ aː ]_w
[_w l e v i ]_w
[_w l u l u ]_w
[_w s i ʔ a u ]_w
[_w p e p e s e t a ]_w
[_w f u l i s i a ]_w
[_w t a p u a ʔ i ]_w
[_w m o m o m o ʔ e ]_w
[_w i t u l a t a i ]_w
[_w l a u ʔ a f a ]_w
[_w t u v u l u ]_w
[_w o l a t a ]_w
[_w m a t i f a ]_w
[_w t i u t e ]_w
[_w v i n a ŋ a t a ]_w
[_w m i t i ]_w
[_w v a a a o ŋ a o ]_w
[_w a u a i n a ]_w
[_w t a p u a ʔ a ]_w
[_w l a ʔ a u ]_w
[_w s u ʔ e ŋ a ]_w
[_w m i s i ]_w
[_w m a a ]_w
[_w f u a i ]_w
[_w i t u m a l u ]_w
[_w f o l a s i ]_w
[_w t a i l i ŋ a ]_w
[_w t a u v u s i ]_w
[_w s o i s o i ]_w
[_w u l u a ]_w
[_w t e m e ]_w
[_w u l u a p e ]_w
[_w l e l e f i ]_w
[_w t o t o ŋ i a ]_w
[_w t o ʔ a i ]_w
[_w f e t a l a ]_w
[_w m a ŋ e s o ]_w
[_w t a f a l u ]_w
[_w a t i l i ]_w
[_w p i p i s i ]_w
[_w s a s a e ]_w
[_w t a a t i t i ]_w
[_w f a a t a ŋ aː ]_w
[_w t i ŋ a i n a ]_w
[_w l e ʔ a l e ]_w
[_w a i s e aː ]_w
[_w l a p o p o t o ]_w
[_w t i p o t i ]_w
[_w u a m e a ]_w
[_w u l a ŋ a ]_w
[_w ŋ a t a s i ]_w
[_w l a t a u ]_w
[_w f a ʔ a p e a ]_w
[_w l a v u ]_w
[_w v u l i s i ]_w
[_w v a a p e a ]_w
[_w t o ŋ i o l a ]_w
[_w t a ʔ u a ]_w
[_w m i l i o n a ]_w
[_w t a u v a ʔ a ]_w
[_w l a f u a ŋ a ]_w
[_w f a a l e o ŋ a ]_w
[_w l a u m a t e ]_w
[_w ʔ a l a t a i ]_w
[_w ʔ a u a ]_w
[_w m a e u ]_w
[_w ʔ i a ]_w
[_w p e s e ʔ e s e ]_w
[_w f a ʔ a e a e a ]_w
[_w u s u v o n o ]_w
[_w m e a f a i ]_w
[_w s a v a l i a ]_w
[_w m i m i t a ]_w
[_w t i v a ]_w
[_w s u s u n u ʔ u ]_w
[_w f a i f a i ]_w
[_w l e m a ʔ i ]_w
[_w p o l i p o t i ]_w
[_w a u t a l a ]_w
[_w n u u ]_w
[_w p u l a t a i ]_w
[_w f a s i o v o ]_w
[_w s a i t o t o ]_w
[_w v e v i l o i ]_w
[_w ʔ i e ʔ i e ]_w
[_w l u a i ]_w
[_w l e m a i ]_w
[_w a v e a ]_w
[_w f a ʔ a v o ʔ i ]_w
[_w a m o ]_w
[_w f a a n o i ]_w
[_w f a u f a i ]_w
[_w m a s i m a ]_w
[_w s o o t a ŋ a ]_w
[_w m a f a e ]_w
[_w l u f i ]_w
[_w t i a p o ]_w
[_w s o l o m o n a ]_w
[_w t a ʔ i a ]_w
[_w v e a p e ]_w
[_w m a ʔ a s i n a ]_w
[_w f a i a s o s a ]_w
[_w v a o f a s a ]_w
[_w p a l a ŋ i ]_w
[_w p a t u s a ]_w
[_w m a t i v a ŋ a ]_w
[_w p o p o a i ]_w
[_w e f a ]_w
[_w p u l u ]_w
[_w p a o l o ]_w
[_w t u a n i u ]_w
[_w f a a e ʔ e ]_w
[_w t a u t o ]_w
[_w f a l e a ]_w
[_w a u t o n u ]_w
[_w t o e t o e ]_w
[_w n a t e ]_w
[_w f e t u ʔ u ]_w
[_w p o ŋ a i ]_w
[_w s a u s a l a ]_w
[_w t i n a ]_w
[_w f a e o t u i ]_w
[_w m a l i v a u ]_w
[_w t a v e a o ]_w
[_w s u a s a m o a ]_w
[_w l a u m a t u a ]_w
[_w t u t u l i ]_w
[_w a n u v e ]_w
[_w m e a ]_w
[_w l a a s a u aː ]_w
[_w ʔ u p u ʔ u ]_w
[_w f a a t u ]_w
[_w p a l e m a ]_w
[_w u p u t u ʔ u ]_w
[_w v a ʔ a f a ]_w
[_w t a t a l i ]_w
[_w a m i p a ]_w
[_w f u l i s i ]_w
[_w a f a t u ]_w
[_w u m u ]_w
[_w l a u p a m a ]_w
[_w m a ŋ a l u ]_w
[_w l e f a ]_w
[_w t a u m a ŋ a ]_w
[_w t a f i t i ]_w
[_w l aː l aː ]_w
[_w s u a s u s u ]_w
[_w v a ʔ a s i n a ]_w
[_w p u p u l a t a ]_w
[_w m a ŋ a l e l e ]_w
[_w m a n a t u ]_w
[_w m a l o s i ]_w
[_w i a i ]_w
[_w ŋ a l u a ]_w
[_w f u v u l a ]_w
[_w a l a l o ]_w
[_w s a l i l i ŋ a ]_w
[_w a i o i ]_w
[_w a a p a ʔ a u ]_w
[_w v i f i ʔ i a ]_w
[_w l a m e p a ]_w
[_w f a l o a i ]_w
[_w ʔ i ʔ i n e i ]_w
[_w t a i t o ]_w
[_w a l o a i n a ]_w
[_w t i t i ]_w
[_w m a l e l e s i ]_w
[_w m u m u ]_w
[_w f i t i a ]_w
[_w t a ʔ u p e ŋ a ]_w
[_w t aː t o u ]_w
[_w v e a u ]_w
[_w s a l i ]_w
[_w v e ʔ e ]_w
[_w l a u l a ]_w
[_w f a a i n u ]_w
[_w p a ŋ a t a s i ]_w
[_w m a m o e ŋ a ]_w
[_w f a a m a v a i ]_w
[_w n i a ]_w
[_w l a m a n u ]_w
[_w t o f i ]_w
[_w p u a p u a ʔ a ]_w
[_w t aː u a ]_w
[_w m a l o a ʔ i ]_w
[_w f a v a n u a ]_w
[_w a t i a ]_w
[_w f a i p u ]_w
[_w t o a l i i ]_w
[_w u a v a l e v a ]_w
[_w i n i f a e ]_w
[_w l e t o ŋ i a ]_w
[_w f u s u ]_w
[_w u a v a ]_w
[_w t a u s a ŋ a ]_w
[_w m a u a l u ŋ a ]_w
[_w p e t a n i a ]_w
[_w t a l a t a u ]_w
[_w t a ʔ u p u ]_w
[_w a l i ]_w
[_w ʔ a t a s i a ]_w
[_w s u l u a i ]_w
[_w f a a i ʔ u ]_w
[_w m u t i a ]_w
[_w f a f a o ]_w
[_w t a o f i o f i ]_w
[_w i n aː ]_w
[_w m a u t u ]_w
[_w l i m u l i m a ]_w
[_w a l u a ]_w
[_w s a o s a o a ]_w
[_w ʔ e a ]_w
[_w l i a ʔ i ]_w
[_w ʔ o f u t i n o ]_w
[_w t a m a s a m i ]_w
[_w i u t a i ]_w
[_w f e l e l e i ]_w
[_w a m a t a i n a ]_w
[_w t a u l i a ]_w
[_w m a l a i ]_w
[_w f a ʔ a t a s i ]_w
[_w t o ʔ i l a l o ]_w
[_w f e m o e ]_w
[_w a a t i ]_w
[_w t i l o ]_w
[_w t a u i ]_w
[_w f i l i a ]_w
[_w f a t a v a t a ]_w
[_w t u a ŋ a ]_w
[_w l e o l o a i ]_w
[_w m u l i t u ]_w
[_w s i f a ]_w
[_w f e o a i ŋ a ]_w
[_w f a i a t u a ]_w
[_w p a e ŋ a ]_w
[_w m o e m o e ]_w
[_w p u l e a i ]_w
[_w n u u e s e ]_w
[_w m a o ]_w
[_w m a n a f a ]_w
[_w t u s i a t a ]_w
[_w m a i f i a ]_w
[_w s o i v u a ŋ a ]_w
[_w a ʔ o a ʔ i ]_w
[_w f o t u ]_w
[_w f u t i ]_w
[_w t o t o l o ]_w
[_w f e t a ŋ i ]_w
[_w a t o ]_w
[_w s a ʔ o ]_w
[_w a v a ]_w
[_w l a ŋ o l a ŋ i ]_w
[_w f a t a f a ʔ i ]_w
[_w n o n o a ]_w
[_w v u a t a ʔ u ]_w
[_w n a i v i ]_w
[_w t u l a u ]_w
[_w a ŋ e l u ]_w
[_w t u t a s i ]_w
[_w s a ŋ a t a ]_w
[_w f e s i l i ]_w
[_w n i n e f a ]_w
[_w l i ʔ o ]_w
[_w t o ʔ a f i a ]_w
[_w f a a f a l e ]_w
[_w i u ŋ a ]_w
[_w f a f a u ]_w
[_w f e t a l a n i ]_w
[_w f a ʔ a i ʔ o i ]_w
[_w m a a s i l i ]_w
[_w t a t a l a ʔ ]_w
[_w f u a l a l o ]_w
[_w t u l a i ]_w
[_w s u a u ʔ u ]_w
[_w m a o t i ]_w
[_w t o ŋ a v a l a ]_w
[_w p a n i s i ]_w
[_w f a a m a t i ]_w
[_w l a v i ]_w
[_w f e t o l o a i ]_w
[_w o l o t o s o ]_w
[_w l u ʔ i ]_w
[_w v a a v o i n a ]_w
[_w i f e a u s i a ]_w
[_w t i n i ]_w
[_w f a n o a ]_w
[_w u o ŋ o ]_w
[_w f e v e v e ]_w
[_w f o m a i ]_w
[_w p e i t a ʔ i ]_w
[_w p e s e ŋ a ]_w
[_w u l u ŋ a ]_w
[_w s o s o ʔ o ]_w
[_w a u s i n i s i ]_w
[_w f aː i v aː i ]_w
[_w a u f a e ]_w
[_w f a i a i ]_w
[_w ŋ e i ]_w
[_w t u t u s a ]_w
[_w f o f o a ]_w
[_w s a s a a ]_w
[_w m a i a f a ]_w
[_w a p o l o a ]_w
[_w m a n a ʔ i ]_w
[_w f a u a ]_w
[_w ʔ a t a f a ʔ e ]_w
[_w o t a o ]_w
[_w s o l i t u a u ]_w
[_w f e o l a ]_w
[_w f u l i ]_w
[_w t e t e l o ]_w
[_w v e s i l i ]_w
[_w s a ʔ i l i ŋ i ]_w
[_w s u a f a ]_w
[_w a a t i n a ]_w
[_w f e m o e i ]_w
[_w a m e n e ]_w
[_w ʔ a l o ʔ a l o ]_w
[_w f a a t a u ŋ a ]_w
[_w m o e m i t i ]_w
[_w t a t a l i i ]_w
[_w s i m a ]_w
[_w m a t a u a i ]_w
[_w i f i t i ]_w
[_w t i o a t u a ]_w
[_w f a a e a ŋ a ]_w
[_w s a o f a ŋ a ]_w
[_w t u f u l u ]_w
[_w i t i i a ]_w
[_w l a s e l a ]_w
[_w f a ʔ a t o l u ]_w
[_w a l e l e ]_w
[_w f a ʔ a p a ʔ e ]_w
[_w a o v i a ]_w
[_w v u a t a ]_w
[_w s e o l i ]_w
[_w l a l e l e ]_w
[_w ʔ a l a ]_w
[_w ŋ a l o a i ]_w
[_w f a a m a ŋ a ]_w
[_w f a a m a t i u ]_w
[_w f e o a ʔ i ]_w
[_w v a ŋ a ]_w
[_w s e ŋ a s ]_w
[_w a u p a ]_w
[_w o s e ]_w
[_w n a f a ]_w
[_w v a l e l e i ]_w
[_w t u a l a a u ]_w
[_w m a l a ]_w
[_w l o t a ]_w
[_w f a a s o l o ]_w
[_w p i s i n i ]_w
[_w s a l i l i u ]_w
[_w p e l e ]_w
[_w f a i l i ]_w
[_w a u n o a ]_w
[_w t a u v a e ]_w
[_w ʔ a l o ]_w
[_w m a l e l e ]_w
[_w f a i m o a ]_w
[_w m u s u ]_w
[_w l a f e a o ]_w
[_w a t u m o t u ]_w
[_w v e o l o a ]_w
[_w f e s o ]_w
[_w i ʔ u f a l u ]_w
[_w t a l e p e ]_w
[_w o o f u ]_w
[_w t o o n a ]_w
[_w l a l o a ]_w
[_w s a i l e l e i ]_w
[_w t o t o ŋ i ]_w
[_w v aː i f aː i ]_w
[_w v a ʔ a l o ŋ a ]_w
[_w ŋ uː ŋ uː ]_w
[_w u ʔ u m a ]_w
[_w t u a v a ]_w
[_w ʔ o u t o u ]_w
[_w i s i ]_w
[_w f e a l u a ]_w
[_w t a l a e ]_w
[_w t a ŋ ]_w
[_w m a u l a ŋ i ]_w
[_w s e ʔ e s e ʔ e ]_w
[_w t u i s a m a ]_w
[_w f e t a ŋ o f i ]_w
[_w t a f i t a ]_w
[_w a ŋ a n e ]_w
[_w i p u ]_w
[_w l i a ]_w
[_w l e i f i ]_w
[_w s i o t a ]_w
[_w t a ŋ o ]_w
[_w u f i t i ]_w
[_w v a a s a ]_w
[_w v i v i o ]_w
[_w f a ʔ a s a l a ]_w
[_w v u a i ]_w
[_w ŋ aː l u e ŋ a ]_w
[_w v a a t a l a ]_w
[_w m a f u t i ]_w
[_w m e l i ]_w
[_w t a t o u ]_w
[_w f a i l e ]_w
[_w f a a ŋ a ]_w
[_w a l a ŋ a l o ]_w
[_w m a t aː u a ]_w
[_w t e u t e l e ]_w
[_w o o m o ]_w
[_w m a o a ʔ e ]_w
[_w f a a a l o ŋ o ]_w
[_w a t u n u u ]_w
[_w f a a o s o ]_w
[_w p i p i i ]_w
[_w l a l o l o ]_w
[_w m a o f a ʔ i ]_w
[_w f a a m a l i u ]_w
[_w t o t o f o ]_w
[_w t u ʔ u t u ]_w
[_w p u a o ]_w
[_w a f a n a ]_w
[_w t e l e v u l u ]_w
[_w v o t u ]_w
[_w ŋ a u t a ]_w
[_w s a ʔ i l i ŋ a ]_w
[_w t o ʔ a s a ]_w
[_w t u p u t u ]_w
[_w t a u a a o ]_w
[_w f u n a ]_w
[_w f a ʔ a t a f e ]_w
[_w m a ʔ a ʔ a ]_w
[_w s a l e l u a ]_w
[_w f o t o f a ŋ a ]_w
[_w ʔ a u a l a ]_w
[_w a o a u l i ʔ i ]_w
[_w a l o a l i m u ]_w
[_w a m o s a ]_w
[_w t a ŋ a t a ]_w
[_w f o l a s i l i ]_w
[_w a n a p o ŋ a i ]_w
[_w t a n u i a ]_w
[_w m a i l e l e ]_w
[_w t u s i t a ]_w
[_w t e l eː ]_w
[_w ʔ i n a ]_w
[_w i t u a u ]_w
[_w f a f e ]_w
[_w t u a f a t a ]_w
[_w t a n o a ]_w
[_w v a a o ŋ a ]_w
[_w l a ŋ o u t a ]_w
[_w a f a i i ]_w
[_w m a n u ʔ u ]_w
[_w l o o ]_w
[_w f a ʔ a s a l o ]_w
[_w m aː l o s i a ]_w
[_w t u v u ŋ a ]_w
[_w s a p a t a ]_w
[_w v a i t i ]_w
[_w v a f i e ]_w
[_w ʔ a u aː ]_w
[_w f a a a l i a ]_w
[_w s u l u ŋ a ]_w
[_w a l a ŋ a f a o ]_w
[_w l e i v i ]_w
[_w v a i f a ]_w
[_w t a m a v a i ]_w
[_w v a a u p u ŋ a ]_w
[_w f a i p a ]_w
[_w f a a i ŋ o a ]_w
[_w p e t e l e ]_w
[_w t o f eː ]_w
[_w l e f a i ]_w
[_w ʔ a e ]_w
[_w l e ʔ a ]_w
[_w p a f a ]_w
[_w f a v e ]_w
[_w f a a s i n o ]_w
[_w m a a l i ]_w
[_w p a ŋ o t a ]_w
[_w f a a p e n a ]_w
[_w t a t a u t i a ]_w
[_w f i ʔ i a ]_w
[_w l aː ŋ aː ]_w
[_w m a u t o f a a ]_w
[_w f e u ]_w
[_w p iː s i a ]_w
[_w s i l a f a t u ]_w
[_w m a t i u ʔ u ]_w
[_w s u a t i n a ]_w
[_w f a t u ŋ a ]_w
[_w a a n a ]_w
[_w t o o m a t u a ]_w
[_w f a i l a u ŋ a ]_w
[_w f a ʔ a i ʔ u ]_w
[_w ʔ o f u ]_w
[_w o m o m i ]_w
[_w a l a f a i ]_w
[_w t a u e s e ]_w
[_w ʔ a ʔ a o l a ]_w
[_w m a n i ]_w
[_w ʔ u m a l u ]_w
[_w ʔ a t o n u u ]_w
[_w i a o ]_w
[_w t a p u n i t e ]_w
[_w t a l o f i f a ]_w
[_w m o s e ]_w
[_w m e t o t i a ]_w
[_w a l a p a ]_w
[_w m o m o ʔ o u i ]_w
[_w f a i aː ]_w
[_w l aː t o u ]_w
[_w e l e f o n i ]_w
[_w t a l i ʔ i ]_w
[_w l i p o ]_w
[_w t a a s e aː ]_w
[_w p a p a t i s o ]_w
[_w l a t o u ]_w
[_w f u a v u a ]_w
[_w v e ʔ e s e ]_w
[_w m u l i m u l i ]_w
[_w n a u ]_w
[_w t a u l a a ]_w
[_w s u i ŋ a ]_w
[_w n a ʔ u aː ]_w
[_w m a t a a ŋ a ]_w
[_w l e f u l u ]_w
[_w p o ŋ a i i s u ]_w
[_w s e u p u l a a ]_w
[_w s a f a f a u ]_w
[_w f a a u u i n a ]_w
[_w p a l a ]_w
[_w t uː l a ŋ a ]_w
[_w v i a f i ʔ i a ]_w
[_w m o a m o a ]_w
[_w a i a i ŋ a ]_w
[_w a s e t a ]_w
[_w l a p i s i ]_w
[_w ʔ a ʔ a i ]_w
[_w s a v a n o ]_w
[_w f aː n a u a ]_w
[_w v a u ]_w
[_w f i a v i ]_w
[_w v a ʔ a s a l a ]_w
[_w m a m a l uː ]_w
[_w l i l o a ]_w
[_w s e l e n i ]_w
[_w m a l a l o ]_w
[_w p u t e ]_w
[_w p u ʔ u p u ]_w
[_w m u a n i u ]_w
[_w v a ʔ a i ʔ u ]_w
[_w p a o p a o ]_w
[_w m a t a i n a ]_w
[_w ʔ o ʔ o f u t i ]_w
[_w u l u a i ]_w
[_w t a f u a ]_w
[_w m a l oː ]_w
[_w p u a p u a i ]_w
[_w l a a s a i n a ]_w
[_w a ʔ a n o ]_w
[_w s i u m u ]_w
[_w ʔ a v a l i a ]_w
[_w u l a ŋ i ]_w
[_w v o l a v o ŋ a ]_w
[_w u l a u ]_w
[_w t a l i u ]_w
[_w t u a ʔ i ]_w
[_w f a i a i a ]_w
[_w l a u ŋ a t a ]_w
[_w u a t o ŋ o ]_w
[_w p a o l o t u a ]_w
[_w f a ʔ a m a l o ]_w
[_w a n a a n a ]_w
[_w v a a t a ]_w
[_w f i n e ]_w
[_w p u a ʔ ]_w
[_w l u m a n u ]_w
[_w l o l o s o l o ]_w
[_w m a l i u ]_w
[_w l a ŋ a i ]_w
[_w m a u a i ŋ a ]_w
[_w m a o a e ]_w
[_w f a ŋ u p a ʔ i ]_w
[_w a o f a i ŋ a ]_w
[_w u s i t u s a ]_w
[_w t iː ŋ aː ]_w
[_w t a m aː l o a ]_w
[_w ʔ a t o l u ]_w
[_w ŋ a s o l o ŋ o ]_w
[_w i t i i t i ]_w
[_w f a l a s i ]_w
[_w v a ŋ u ]_w
[_w i t a ]_w
[_w a f a ŋ a ]_w
[_w f a f a l i ]_w
[_w a n a n a u ŋ a ]_w
[_w f a a e a i n a ]_w
[_w p a t o i ]_w
[_w l a l a u ]_w
[_w s a s a ʔ e ]_w
[_w a u a l u ŋ a ]_w
[_w a u t a i ]_w
[_w t a t u f u ]_w
[_w u v i u v i ]_w
[_w a f e a ]_w
[_w ʔ e m o ]_w
[_w ʔ u m a l o ]_w
[_w f o f o a i ŋ a ]_w
[_w t o a t o l u ]_w
[_w a u a u n a u ]_w
[_w e p a ]_w
[_w l a u i l i ]_w
[_w f i t u ]_w
[_w l a u m e i ]_w
[_w v a ʔ a u ]_w
[_w a e t o ]_w
[_w m a t a o t u a ]_w
[_w f a f e a ]_w
[_w f a a a t o n u ]_w
[_w t a ʔ a ]_w
[_w t a u a l a ]_w
[_w s o s o ʔ o n a ]_w
[_w f i l i ŋ i ]_w
[_w m i l o ]_w
[_w i t i i t i a ]_w
[_w f a a m a a i ]_w
[_w s u ʔ a ]_w
[_w a i s e a iː ]_w
[_w ŋ a t e t e ʔ e ]_w
[_w l o m a n o ŋ a ]_w
[_w u s i t a i ]_w
[_w s u e s u e ŋ a ]_w
[_w l a u l u ]_w
[_w f a ʔ a f a l a ]_w
[_w t o ʔ a f i t i ]_w
[_w f a l i ]_w
[_w v e ʔ a ]_w
[_w i t uː t i n o a ]_w
[_w v u n e ]_w
[_w s i s i a ]_w
[_w m a m a v a i ]_w
[_w o s o f i a ]_w
[_w ʔ a f e i n a ]_w
[_w t o l o ]_w
[_w s i l i a ]_w
[_w ŋ a ŋ a n aː ]_w
[_w t u l o u ŋ a ]_w
[_w a u s a l a ]_w
[_w f e v i l o ŋ a ]_w
[_w t a a l o ŋ o ]_w
[_w a u s i s i a ]_w
[_w a u a i ŋ a ]_w
[_w m u m uː ]_w
[_w l o l o m i ]_w
[_w a ŋ a l o a ]_w
[_w o o m o o ]_w
[_w p u p u t a ]_w
[_w a l o a ]_w
[_w ŋ a a u ]_w
[_w l a i s e a ]_w
[_w t a i t a l o ]_w
[_w f u i l a ]_w
[_w s i a p o ]_w
[_w s o e s a ]_w
[_w f a ʔ a s o l o ]_w
[_w o f u i n a ]_w
[_w l i o f i a ]_w
[_w p a t u s i ]_w
[_w u s i t a ʔ i ]_w
[_w p a l u ŋ a ]_w
[_w t o f i a ]_w
[_w i l o i l o l o ]_w
[_w p u t u ]_w
[_w t a v e a i ]_w
[_w f a a a t a ]_w
[_w a o a t a ]_w
[_w m a ŋ a i ]_w
[_w m a e a ]_w
[_w l a p a t i s o ]_w
[_w t o f a v aː ]_w
[_w a u t a v a ]_w
[_w v a ʔ a t o n u ]_w
[_w t a u p o u ]_w
[_w f a ʔ a t i a ]_w
[_w m a l e s a ]_w
[_w v u a t a u i ]_w
[_w e l i a ]_w
[_w m o a n a ]_w
[_w s o i f u a ]_w
[_w ŋ a v u a ]_w
[_w f a a f i a ]_w
[_w t a u v a ]_w
[_w m o ŋ a ]_w
[_w t e t e ʔ a ]_w
[_w f e t a l a a u ]_w
[_w p u s a ]_w
[_w t i p i ]_w
[_w ŋ a l o a ]_w
[_w t o t o a ]_w
[_w a a s a o ]_w
[_w f a a l i ŋ a ]_w
[_w m o e m o e i ]_w
[_w ʔ o l i ʔ o ]_w
[_w t u v u ]_w
[_w a v u a ]_w
[_w f a ʔ a f a e ]_w
[_w s i l a s i l i ]_w
[_w t i ʔ e t o ŋ o ]_w
[_w m a t a u ʔ a ]_w
[_w v o l a ]_w
[_w p u a ʔ i ]_w
[_w v a ʔ a a l i a ]_w
[_w f a i m a u ]_w
[_w f a l e f a i ]_w
[_w s e m a ]_w
[_w a l a ŋ i ]_w
[_w a u ʔ a u ]_w
[_w l a i a ]_w
[_w f a a l u ]_w
[_w s e t e f a n e ]_w
[_w p o ŋ a ]_w
[_w s aː f a l i u ]_w
[_w t uː l o t o s o ]_w
[_w m a ŋ a l o ]_w
[_w f a a t u s i ]_w
[_w i f e a ]_w
[_w f a i t u s i ]_w
[_w m a t o ]_w
[_w m a s u i ]_w
[_w l i s e ]_w
[_w t o o m a t u aː ]_w
[_w f a a t e ʔ a ]_w
[_w p o ŋ i ]_w
[_w u n a ʔ i a l a ]_w
[_w f a n a v a n a ]_w
[_w ŋ a o i o i ]_w
[_w a t i ŋ aː ]_w
[_w f a i a ʔ o ŋ a ]_w
[_w t a ʔ a i ]_w
[_w s o i f u a ŋ a ]_w
[_w m a p o s u a ]_w
[_w t e n i s i ]_w
[_w v a ŋ a f i t i ]_w
[_w f a a s i a ]_w
[_w m a ʔ a u ]_w
[_w f a a a l i ]_w
[_w s a u a i ŋ a ]_w
[_w i t u l a ]_w
[_w s e l e s e l e ]_w
[_w p e t e l o ]_w
[_w p i l a t o u ]_w
[_w f a ŋ a n a ]_w
[_w a u i f i ]_w
[_w a p a ʔ a u ]_w
[_w m u a ʔ i ]_w
[_w l a t u ʔ a ]_w
[_w a o t e l e ]_w
[_w o s o f i ]_w
[_w f a ʔ a i u ŋ a ]_w
[_w ŋ a o i o i ŋ a ]_w
[_w m a t i ]_w
[_w v a a t a u ]_w
[_w f a ʔ a p u ʔ a ]_w
[_w m a m a l o ]_w
[_w t a l a t u v a ]_w
[_w l a l e l e s o ]_w
[_w i t u l a ŋ a ]_w
[_w f a ʔ a l a ŋ a ]_w
[_w f a a m a ŋ a i ]_w
[_w ʔ o ʔ o n a ]_w
[_w t a u m u ]_w
[_w s e l u ]_w
[_w t a l a i ]_w
[_w a a v i t i a ]_w
[_w t o l o f i e ]_w
[_w v a f i n e ]_w
[_w v i u ]_w
[_w l a m a n aː ]_w
[_w n o f o a i ]_w
[_w f a s i ]_w
[_w s e t e v a i ]_w
[_w p u p u e ]_w
[_w v i a m e ]_w
[_w v a v a o ]_w
[_w f e o l o o l o ]_w
[_w n i v a eː ]_w
[_w f a ʔ a m a l uː ]_w
[_w o o n a ]_w
[_w f aː n a u ]_w
[_w t a u s i n i ]_w
[_w v i a f i a ]_w
[_w l a u m a ŋ a ]_w
[_w t e m o n i ]_w
[_w v a a m a l u ]_w
[_w i m ŋ ]_w
[_w i t uː t i n o ]_w
[_w t e t e a ]_w
[_w ŋ a v a e ]_w
[_w t uː t uː ]_w
[_w t u l a u e ŋ a ]_w
[_w s a ʔ o l o a ]_w
[_w v o t o f o ]_w
[_w v a a p i t o a ]_w
[_w m aː t a u ]_w
[_w o m o ]_w
[_w a ŋ a i ŋ a ]_w
[_w p e p e l a ]_w
[_w t a l o f a ]_w
[_w m a l u m a ]_w
[_w m a t a i a ]_w
[_w v e o a i ]_w
[_w t a l a s i ]_w
[_w s u a f a t i a ]_w
[_w m o l i o ʔ o ]_w
[_w s a p o ]_w
[_w f a ʔ a a l i a ]_w
[_w p u t a ]_w
[_w s a m a i l e ]_w
[_w ʔ a v e i n a ]_w
[_w p a ŋ a ]_w
[_w s a ŋ a f a ]_w
[_w t a l i a i n a ]_w
[_w f i n a ŋ a ]_w
[_w p e t a i a l a ]_w
[_w f a a t u l o u ]_w
[_w f i v i i ]_w
[_w t e o t e o ]_w
[_w a v i f i o ]_w
[_w ʔ a e m a ]_w
[_w f a ʔ a t e ʔ a ]_w
[_w m u t a ]_w
[_w f o f o l a ]_w
[_w p a ʔ a u t a ]_w
[_w s o s o l a ]_w
[_w m a ʔ i t a s i ]_w
[_w f a l o a ]_w
[_w a u a l a ]_w
[_w m i t a m i t a ]_w
[_w t o ŋ a l a ŋ i ]_w
[_w p a a u l i ]_w
[_w s a f i l i a ]_w
[_w p e p e s e ʔ e ]_w
[_w a l a ŋ a ]_w
[_w o u t o u ]_w
[_w m a v i a ]_w
[_w l e f a l a ]_w
[_w l o l o f i ]_w
[_w ʔ a ʔ o ]_w
[_w t i u f e a ]_w
[_w p a v u t i n o ]_w
[_w u a t o ŋ i a ]_w
[_w p u i p u i a ]_w
[_w ʔ a ʔ a o s o ]_w
[_w a l a v a ]_w
[_w a f i f i i ]_w
[_w a v a i n a ]_w
[_w m a a l i ŋ a ]_w
[_w a u m a ]_w
[_w f aː f e ŋ a s ]_w
[_w a o f a i ]_w
[_w l i u a i n a ]_w
[_w s a v e a ʔ i ]_w
[_w t o l e a f o a ]_w
[_w f u a i n a ]_w
[_w t u ʔ u t u ʔ i ]_w
[_w v a e ŋ a ]_w
[_w l a u l i ʔ i ]_w
[_w s a ŋ a t a i ]_w
[_w t a l a n o a ]_w
[_w t o e t o ]_w
[_w f a a t a o ]_w
[_w p i l i o n a ]_w
[_w a ʔ o a ʔ i ŋ a ]_w
[_w l a i t i o ]_w
[_w s a f a i ʔ i ]_w
[_w i o s e v a ]_w
[_w f a ʔ a l i ʔ i ]_w
[_w l e f i s e ]_w
[_w t a u f a ]_w
[_w p a s i a ]_w
[_w f o f o l a s a ]_w
[_w f i a v i a ŋ a ]_w
[_w l e ʔ i ]_w
[_w s o ʔ o n a ]_w
[_w t a u a i ]_w
[_w ŋ u t u ]_w
[_w f a i l a a u ]_w
[_w t o i l o ŋ a ]_w
[_w m a i t i o ]_w
[_w a u t u ]_w
[_w m a v a ]_w
[_w ŋ a l o ]_w
[_w p u p u u ]_w
[_w u t u t a s i ]_w
[_w f a o a ]_w
[_w p a s e n e ]_w
[_w f e a l o a ŋ a ]_w
[_w e t e n a n t ]_w
[_w s i s i n a ]_w
[_w s a i n i a ]_w
[_w t a u f aː ]_w
[_w m a n u m i a ]_w
[_w l u m a n e ]_w
[_w f a v a n o a i ]_w
[_w a t a n i e l u ]_w
[_w t u f u l e f u ]_w
[_w m o u ]_w
[_w t a l i ŋ a ]_w
[_w t a ʔ a ʔ a i ]_w
[_w v i a ]_w
[_w u ʔ a m e a ]_w
[_w l a p o ʔ a ]_w
[_w s a t a n a ]_w
[_w v u ʔ a ]_w
[_w a t a m u l a u ]_w
[_w s i l a f i a ]_w
[_w p a n a ]_w
[_w e n o s a ]_w
[_w t a m a a i ]_w
[_w v u f u i ]_w
[_w a l e l u a ]_w
[_w v a a t i n o ]_w
[_w a t u a l a ]_w
[_w t a t a l i t a ]_w
[_w l a a s a o ]_w
[_w v o a v o a ]_w
[_w f a a a l u a ]_w
[_w m a n u i n a ]_w
[_w s a u a i n a ]_w
[_w n i f o ]_w
[_w m a f u i ʔ e ]_w
[_w f i i a ]_w
[_w u s i t u s i a ]_w
[_w ʔ a l o f i a ]_w
[_w s i l a s i ]_w
[_w t u l u a ʔ i ]_w
[_w n a u a ]_w
[_w o f a ]_w
[_w s a s a ʔ a ]_w
[_w m a t a u t u a ]_w
[_w v a i u s u ]_w
[_w a i f a ]_w
[_w t a u m a v a e ]_w
[_w t a f i n e ]_w
[_w t o ʔ a s a l o ]_w
[_w s o l o ŋ o ]_w
[_w m e l e a ]_w
[_w a u m u l u ]_w
[_w f a i t e l e ]_w
[_w p a s e s e ]_w
[_w f a ʔ a o l a ]_w
[_w f a a f a l a ]_w
[_w a ŋ i a ]_w
[_w f a ʔ a s i n a ]_w
[_w t i ŋ aː i n a ]_w
[_w s a f u n e ]_w
[_w a m a t e ]_w
[_w ŋ a i o i ŋ a ]_w
[_w o l i o ʔ o ]_w
[_w f a u t u p u ]_w
[_w m a v a l i ]_w
[_w f a a t o l u ]_w
[_w f a a i l o ŋ a ]_w
[_w m a m a i l e ]_w
[_w f o a ʔ i ]_w
[_w t o a t a ŋ a ]_w
[_w l o i ]_w
[_w t u s i t u s i ]_w
[_w t a u l i ʔ i ]_w
[_w f a u s a ŋ a ]_w
[_w m u l i l o ]_w
[_w t a ʔ i t a s i ]_w
[_w t a ʔ i a ʔ i ]_w
[_w l u ŋ a ]_w
[_w a s o m u a ]_w
[_w m a n o ŋ i ]_w
[_w m a u l a a ]_w
[_w l a l a ŋ a ]_w
[_w n i u s i l a ]_w
[_w l a ŋ i a ŋ i ]_w
[_w t a f e a ]_w
[_w s e l a u ]_w
[_w m a f a i ʔ a i ]_w
[_w t o v a ]_w
[_w l a u ŋ a t a a ]_w
[_w t a m a s e s eː ]_w
[_w a t u n u ʔ i ]_w
[_w f u i v u i ]_w
[_w f a a p e i ]_w
[_w a t a m a ʔ i ]_w
[_w v a l e f a i ]_w
[_w a u t a s i ]_w
[_w v e n u n u t i ]_w
[_w e l e n i ]_w
[_w t a ŋ i a u eː ]_w
[_w p o f i ]_w
[_w m a t i a ]_w
[_w f u a t a ŋ a ]_w
[_w i t u l a t a ]_w
[_w t i p o t i a ]_w
[_w m i l o s i a ]_w
[_w v i ŋ o t a ]_w
[_w s a m u ]_w
[_w a p a a p a ]_w
[_w t u m a l u ]_w
[_w m a l o l o ]_w
[_w a ʔ o a ʔ o ŋ a ]_w
[_w f a e m a ]_w
[_w t o f a i ŋ a ]_w
[_w t a u f a n a ]_w
[_w l u p eː ]_w
[_w f a ʔ a l e ʔ a ]_w
[_w a u a u ]_w
[_w ʔ a i s i ]_w
[_w a n e i ]_w
[_w s a t u a ]_w
[_w s o s o l o i a ]_w
[_w l a ʔ i ]_w
[_w f a i t a f e o ]_w
[_w l a e ]_w
[_w f u l u f u l a ]_w
[_w ʔ o t i ]_w
[_w s o l o a ]_w
[_w m u a u l u ]_w
[_w t u l i f a u ]_w
[_w t u i t u i ]_w
[_w ŋ a ŋ a n i ]_w
[_w m a t a t a l i ]_w
[_w l a e i ]_w
[_w ʔ a ʔ a o ŋ a ]_w
[_w f o n o t a ŋ a ]_w
[_w n o v o ]_w
[_w s i l i f a e ]_w
[_w t a l i t o n u ]_w
[_w a u eː ]_w
[_w f a s i o t i a ]_w
[_w t a t a ʔ a ]_w
[_w l a p a l a ŋ a ]_w
[_w s a s a i n i ]_w
[_w a u f a ]_w
[_w t a ʔ u t u ]_w
[_w m e a l e l e ]_w
[_w f a l e v a o ]_w
[_w i s u ]_w
[_w a ʔ o a ʔ i a ]_w
[_w f a l e a o ŋ a ]_w
[_w n u ʔ u u l i ]_w
[_w l a f o ŋ a ]_w
[_w t a p u l a ŋ i ]_w
[_w p u l u v a n a ]_w
[_w v e l e ]_w
[_w l a f a i ]_w
[_w t a u f a n u ]_w
[_w o n o s a i ]_w
[_w l a m a l o ]_w
[_w f a l e a s i u ]_w
[_w s o a ]_w
[_w n a v a ]_w
[_w s a f i l i p i ]_w
[_w a u ʔ a f e a ]_w
[_w a ŋ a s a l o ]_w
[_w t u l u l a ]_w
[_w p a a u ]_w
[_w a m a n a ʔ i ]_w
[_w l i l o ]_w
[_w v e t a i a ]_w
[_w m a m a t e a ]_w
[_w f o f o ʔ ]_w
[_w a ŋ a l o a ŋ a ]_w
[_w f a o m a t u ]_w
[_w l o s i l o s i ]_w
[_w v a ʔ a e a e a ]_w
[_w m e a s i n o ]_w
[_w o ŋ e ]_w
[_w p u a a ]_w
[_w t a l a ʔ a u ]_w
[_w f a u i n a ]_w
[_w p i s u p o ]_w
[_w a f e a o ]_w
[_w l u m a f a i ]_w
[_w m aː s i a s i ]_w
[_w l u m a l o ]_w
[_w e p a t i ]_w
[_w m a l a ŋ a i ]_w
[_w v a a i u ŋ a ]_w
[_w a l a p a l a u ]_w
[_w a f e a ʔ i ]_w
[_w m a i m o a ]_w
[_w p a p a ʔ a ]_w
[_w s a v a i ]_w
[_w a u m u a ]_w
[_w i ʔ u f a l e ]_w
[_w a n a f a ]_w
[_w o p e o p e a ]_w
[_w a l e n i ]_w
[_w p u u p u u ]_w
[_w p o l o a i n a ]_w
[_w f a i l i i l i ]_w
[_w m a u l a ]_w
[_w f a a e l e ]_w
[_w v o e ]_w
[_w p u ʔ u ]_w
[_w e l i ]_w
[_w i v i ]_w
[_w v i t i ]_w
[_w s i l a v i ]_w
[_w l o a ]_w
[_w s o l o m u l i ]_w
[_w a t a l i a ]_w
[_w m a n a o ŋ a ]_w
[_w u a t i ]_w
[_w v o n o ]_w
[_w f u a t a ʔ i ]_w
[_w l a v e a i ]_w
[_w f a i l e l e ]_w
[_w s e e f a e ŋ a ]_w
[_w a n o a n o a ]_w
[_w f a l e a i n a ]_w
[_w e t e m u l i ]_w
[_w v e o a i ŋ a ]_w
[_w f a a s i a t a ]_w
[_w t u ʔ u m i ]_w
[_w f a a f e t a i ]_w
[_w f a f a l e ]_w
[_w m a l u l u ]_w
[_w t u f u ŋ a l u ]_w
[_w l a s a ŋ a ʔ i ]_w
[_w p a o ]_w
[_w f i f i n i ]_w
[_w t a a t i n a ]_w
[_w ʔ t u p u ]_w
[_w v a i v e a u ]_w
[_w v e i n a ]_w
[_w t a t a ʔ i ]_w
[_w s a ŋ a ʔ i ]_w
[_w a t o a ]_w
[_w a o a o i n a ]_w
[_w ʔ a l o f a a ]_w
[_w l a i t i t a i ]_w
[_w o n i ]_w
[_w f o t o f a a ]_w
[_w f a ʔ a t i n a ]_w
[_w t i m o t e o ]_w
[_w v a a i l o ŋ a ]_w
[_w a t a l a a u ]_w
[_w s a v u n e ]_w
[_w f a ʔ a t o a ]_w
[_w a u p i t o ]_w
[_w f a a f a l i ]_w
[_w m a t a ŋ a ʔ i ]_w
[_w s a i l i m a ]_w
[_w a t i ŋ a i n a ]_w
[_w f a f a o ŋ a o ]_w
[_w m a u t u a ŋ a ]_w
[_w t o v i ]_w
[_w m o m o l i ]_w
[_w v a s i o f o ]_w
[_w t u p u a ʔ ]_w
[_w t o i n a ]_w
[_w t a a f a e ]_w
[_w f a i m a u ŋ a ]_w
[_w f a s i a ]_w
[_w l e l e ŋ a ]_w
[_w f a ʔ i f a ]_w
[_w a t u m a o t a ]_w
[_w s e t e m a ]_w
[_w a l o f i v a ]_w
[_w f a t u v a i ]_w
[_w s a p a i a ]_w
[_w e m o ]_w
[_w l o t u a i ]_w
[_w f u ʔ a ]_w
[_w l e o l e o ]_w
[_w f a o m a t u a ]_w
[_w ʔ a l i m a n u ]_w
[_w p u l a ŋ a i ]_w
[_w l a m a l u a ]_w
[_w n o v o n o t i ]_w
[_w f a ʔ a o ]_w
[_w t a u m a ]_w
[_w t i u ]_w
[_w m a f a i ʔ i ]_w
[_w m a v a i i ]_w
[_w f o a i ŋ a ʔ ]_w
[_w v a s a ]_w
[_w f a i ʔ i ]_w
[_w s o l o i a ]_w
[_w e t e m e ]_w
[_w v o l o ]_w
[_w v a i v a i ]_w
[_w ʔ a l a t e l e ]_w
[_w p a ʔ uː ]_w
[_w t u i t e l e ]_w
[_w s e ŋ a ]_w
[_w v a f a u ]_w
[_w t a t a a ]_w
[_w s a u a i ]_w
[_w f e f e f e ]_w
[_w s a f e a ]_w
[_w t o ʔ a t o ]_w
[_w a l ŋ a ]_w
[_w i ŋ o a i p u ]_w
[_w f i n a ŋ a l o ]_w
[_w i o e i n a ]_w
[_w i u l i ]_w
[_w t u i v i t u ]_w
[_w s o o s o o s o ]_w
[_w m u l i p o t i ]_w
[_w t o a t a ŋ i a ]_w
[_w a f u ]_w
[_w t a m a i t i o ]_w
[_w p a ʔ u ʔ uː ]_w
[_w a u v a ŋ a ]_w
[_w t u t a ]_w
[_w f a ʔ a l a t a ]_w
[_w i v i t u ]_w
[_w f a a l e a t a ]_w
[_w l a i s e a iː ]_w
[_w v a ʔ a i ŋ a ]_w
[_w a m a t a i v a ]_w
[_w s a n o n e ]_w
[_w a l a t a l a i ]_w
[_w a u u p e ŋ a ]_w
[_w m o e ]_w
[_w t a v u a ŋ a ]_w
[_w u t u i ]_w
[_w f a a t a u ʔ a ]_w
[_w s a u a ŋ a ]_w
[_w f a a m a i ]_w
[_w t a ŋ a l e l e ]_w
[_w a l o a ʔ i ŋ a ]_w
[_w v a a l e o ŋ a ]_w
[_w p i p i o ]_w
[_w t a ŋ i ]_w
[_w f e ʔ a i ]_w
[_w f a a a l o f i ]_w
[_w t u p u f i a ]_w
[_w ŋ a l u l u e ]_w
[_w t i n e i ]_w
[_w f a i t o ]_w
[_w m a n u v e ]_w
[_w ʔ a m u ]_w
[_w f a u f a ŋ a ]_w
[_w v a l e u l e u ]_w
[_w v a ʔ a t a ]_w
[_w t u ʔ u ʔ u ]_w
[_w u a f a l i a ]_w
[_w m a t a ʔ i a ]_w
[_w s a f a f i n e ]_w
[_w t i ŋ aː ]_w
[_w a v a n o ŋ i ]_w
[_w t o ʔ a t a s i ]_w
[_w t u l u ʔ i ŋ a ]_w
[_w a v i o ʔ a ŋ a ]_w
[_w f i l i p i a ]_w
[_w m a t a o t o ]_w
[_w a l i l i ]_w
[_w m u l i m u ]_w
[_w l o l i ]_w
[_w a l o l o ŋ o ]_w
[_w v a a ]_w
[_w i l i t i t i ]_w
[_w m a t i u u ]_w
[_w u a v a i ʔ i ]_w
[_w l e t e l e ]_w
[_w l a p o a ]_w
[_w m u l i p o ]_w
[_w o t a o t o ]_w
[_w t u p a t u ]_w
[_w ʔ a l o ŋ o ]_w
[_w t a m a i l a u ]_w
[_w p e n i ]_w
[_w m a ʔ u a ]_w
[_w p e s e ʔ e ]_w
[_w l a u p a p a ]_w
[_w ŋ a s e s e ]_w
[_w f a a t i ]_w
[_w m a v u a a ŋ a ]_w
[_w v e l o ]_w
[_w f a l e u l a ]_w
[_w ʔ o n a ʔ i a ]_w
[_w f a n o ŋ a ]_w
[_w a n o a ŋ a ]_w
[_w a u v a n u a ]_w
[_w ŋ a s e ŋ a ]_w
[_w ʔ i t a s i ]_w
[_w f a a s a m i ]_w
[_w l e i p a t a ]_w
[_w ʔ o u l u ]_w
[_w n a i v e a ]_w
[_w f a i p u l e a ]_w
[_w v a p a n o a ]_w
[_w f a a t e ʔ i a ]_w
[_w t o f o t o f o ]_w
[_w m u m u t u ]_w
[_w o l i v e ]_w
[_w t a u n u u ]_w
[_w t a ʔ u i n a ]_w
[_w l e a i ŋ a ʔ ]_w
[_w v a a i ʔ u ŋ a ]_w
[_w a ʔ a o ]_w
[_w f a l a o a ]_w
[_w s i o m i a ]_w
[_w ŋ a t a i n a ]_w
[_w l e v u ]_w
[_w s a f a n o a ]_w
[_w s a v e a i ]_w
[_w t u l a u l a u ]_w
[_w l e o t e o ]_w
[_w s a u aː ]_w
[_w t i o a t a ]_w
[_w f o t o f o t o ]_w
[_w f a ʔ a v a ]_w
[_w f a ʔ a e e ]_w
[_w a ŋ a f a e ]_w
[_w v a o m a t u a ]_w
[_w a f i f i ʔ i ]_w
[_w m a u l a ŋ a ]_w
[_w n i s i n a ]_w
[_w a i v a ]_w
[_w m a n o a ]_w
[_w i t u m a o t a ]_w
[_w t a u t a u ]_w
[_w t a u t a v a o ]_w
[_w p a l e m e n e ]_w
[_w t a n u v e ]_w
[_w t a a f a a ]_w
[_w s i a p o l u ]_w
[_w t a ʔ a v o ʔ i ]_w
[_w p e l e u e ]_w
[_w t i l o t i l o ]_w
[_w s e e v a e ]_w
[_w m a s i a ]_w
[_w f a a t a m u ]_w
[_w t a p u l a a u ]_w
[_w n o a t a ]_w
[_w s a i l i a m u ]_w
[_w f e t a i a i ]_w
[_w f e n u n u ʔ u ]_w
[_w t u v a ]_w
[_w t a v i t i ]_w
[_w f a v a n o ŋ i ]_w
[_w l o o m a t u a ]_w
[_w t a u a u n a ]_w
[_w l a s i ]_w
[_w v a l u ]_w
[_w f a l a ʔ i ]_w
[_w l e ʔ i a ]_w
[_w p a p a l a ŋ i ]_w
[_w a u f a u ]_w
[_w m e t o t i n o ]_w
[_w v i f i i ]_w
[_w m a ʔ o t o ʔ o ]_w
[_w t u ʔ u a ]_w
[_w ŋ a t e a ]_w
[_w o l o o ]_w
[_w s a p a t i s o ]_w
[_w p a ʔ a u ]_w
[_w l e p e l o ]_w
[_w l a f u a ]_w
[_w t a ʔ a l o ]_w
[_w f e o l o a ]_w
[_w f e a f e a ]_w
[_w i n i v a ]_w
[_w t a u a l o a ]_w
[_w l o p u ]_w
[_w t a p u l a ]_w
[_w m a t a o ]_w
[_w f a a m a i l a ]_w
[_w l a u n i u a ]_w
[_w v a l o i a ]_w
[_w a t a m a i l e ]_w
[_w t a u a l u ŋ a ]_w
[_w a ŋ a v u a ŋ a ]_w
[_w m a m a i ]_w
[_w f a ʔ i v a ]_w
[_w l a v e a u ]_w
[_w p i p i ʔ o ]_w
[_w t o ŋ a f i t i ]_w
[_w a i t u s i a ]_w
[_w p u a ʔ a ]_w
[_w ʔ a u t uː ]_w
[_w p e ʔ aː f a i ]_w
[_w u l u i t i ]_w
[_w l e l e s e l e ]_w
[_w n a n a u a ]_w
[_w l a u ŋ u t u ]_w
[_w l e a l a l i ]_w
[_w t a l o f i ]_w
[_w m a t u a ʔ ]_w
[_w t a o f i e ]_w
[_w l a v a ]_w
[_w l a m a t i a ]_w
[_w ʔ a u l o t o a ]_w
[_w l a m a l uː ]_w
[_w a ŋ a ŋ a ]_w
[_w l o t o l o ]_w
[_w f a a f e f e ]_w
[_w a f a i ]_w
[_w t a u l a t a ]_w
[_w f a a p o ŋ a i ]_w
[_w f a a t o ŋ o ]_w
[_w t a m o e ŋ a ]_w
[_w t u a l a ]_w
[_w v e t a l a ]_w
[_w a m a n a i ]_w
[_w f a l e a i ]_w
[_w f i a v i a ]_w
[_w v a t u ]_w
[_w l u ŋ aː ]_w
[_w a n o ]_w
[_w v u l i ]_w
[_w e l e ʔ e l e ]_w
[_w v a i l a u f i ]_w
[_w s u a v a t u ]_w
[_w s a o f a ]_w
[_w f u ŋ a l u ]_w
[_w f o m a ʔ i ]_w
[_w f e a l u a l u ]_w
[_w u p u m o n i ]_w
[_w m e a m o n a ]_w
[_w f a l e v i t u ]_w
[_w f a ŋ u ]_w
[_w v o n o t a ŋ a ]_w
[_w t u p u a ʔ i ]_w
[_w m a s a m i ]_w
[_w f a e f a ]_w
[_w f a ʔ a v a l e ]_w
[_w a v i o ]_w
[_w f u a i u p u ]_w
[_w o u l u a i ]_w
[_w t u ŋ a l i i ]_w
[_w t a v e a ]_w
[_w t u i m a n u ]_w
[_w n i n i f a ]_w
[_w t o ʔ a v a ]_w
[_w u l a f i ]_w
[_w m a ʔ a l o ]_w
[_w f i l o i ]_w
[_w a i f a i ]_w
[_w p a ʔ a u t a u ]_w
[_w ʔ a u a i n a ]_w
[_w t a u a l a l a ]_w
[_w t u a i t a u ]_w
[_w f a l a f u ]_w
[_w l e s u ]_w
[_w s a f o n o ]_w
[_w m a l i e t o a ]_w
[_w p o ʔ a ]_w
[_w t a t a l o s i ]_w
[_w m aː n u ]_w
[_w ʔ a l a ŋ a ]_w
[_w t i ŋ a ]_w
[_w ŋ a ŋ a n a ]_w
[_w l u p e s e t a ]_w
[_w f u f u l u a ]_w
[_w a p u ]_w
[_w t a f a t o ]_w
[_w n a i f i ]_w
[_w m o l i a ]_w
[_w p e l u ]_w
[_w f u a l a a u ]_w
[_w l a u ŋ a t aː ]_w
[_w f a a p i t o ]_w
[_w f a ʔ a ʔ o f u ]_w
[_w f a n o ]_w
[_w t u f a i n a ]_w
[_w i l o a i n a ]_w
[_w l o m a n o a ]_w
[_w s a o l o ]_w
[_w f a e v a e ]_w
[_w i ŋ i l i s i a ]_w
[_w m a t a u t u ]_w
[_w m a t a ŋ a l o ]_w
[_w f a a p a ʔ a u ]_w
[_w o v o i n a ]_w
[_w a o p o ]_w
[_w f o a ]_w
[_w f e t a l a s i ]_w
[_w p u l a ]_w
[_w s i i t i a ]_w
[_w l o s i a ]_w
[_w s aː ʔ i l i ]_w
[_w p u n i t e ]_w
[_w f a t u a ʔ a ]_w
[_w t a t a l a ]_w
[_w a n a ŋ a ]_w
[_w t u l u ʔ i ]_w
[_w t u l i f a ]_w
[_w a i t u s i ]_w
[_w u f i ]_w
[_w a l o l a ŋ i ]_w
[_w f u a f u a ]_w
[_w a t i o ŋ i e ]_w
[_w a t i n a e ]_w
[_w s a p a i ]_w
[_w a u v a t a ]_w
[_w t uː l o t o ]_w
[_w m a m a o n i ]_w
[_w ʔ a u m a m a o ]_w
[_w f a i v e ]_w
[_w f a a l o f a ]_w
[_w f a a t u i n a ]_w
[_w v i v i ʔ i ŋ a ]_w
[_w m u i a m a n aː ]_w
[_w f a a s a u aː ]_w
[_w t a ŋ o f i e ]_w
[_w l a l a v u ]_w
[_w t u l i a ]_w
[_w t aː o f i a ]_w
[_w l o t a l o s i ]_w
[_w p o l o a ʔ i ]_w
[_w m a v u l i ]_w
[_w p a u n a ]_w
[_w t a u t u p u ]_w
[_w s o s o l o ŋ a ]_w
[_w m a m a l uː l uː ]_w
[_w a u ŋ a v a ]_w
[_w f a a f o ʔ i ]_w
[_w t o ʔ a t a ʔ i ]_w
[_w a m u ]_w
[_w t o ŋ i a ]_w
[_w v a ŋ o t a ]_w
[_w a o l a ]_w
[_w t a t u p a ʔ u ]_w
[_w v o ʔ i ]_w
[_w t u m a o t a ]_w
[_w l a l o l a ]_w
[_w s i a m a ]_w
[_w t u a a ]_w
[_w ʔ i aː ]_w
[_w v a n o ŋ a ]_w
[_w s i m o n a ]_w
[_w a a f i a ]_w
[_w aː f a ]_w
[_w f a e m a t u ]_w
[_w ŋ a ŋ a n e ]_w
[_w o i a ]_w
[_w m a i f i ]_w
[_w m o l e m o ]_w
[_w v a u t u ]_w
[_w ŋ a o aː ]_w
[_w v o n o f o a ]_w
[_w f u l i s i l i ]_w
[_w a u a u n a ŋ a ]_w
[_w f o a ʔ i a l a ]_w
[_w t a o t o ]_w
[_w t a ʔ a l i m a ]_w
[_w a t o f a f aː ]_w
[_w p a p a i a ]_w
[_w m a l a m o ]_w
[_w f a i a f a ]_w
[_w f a l o ]_w
[_w p o p o a ]_w
[_w l a u u l u ]_w
[_w o f a ŋ i a ]_w
[_w s a v e a ŋ a ]_w
[_w s a o f a i n a ]_w
[_w a t i ŋ aː i n a ]_w
[_w i u p e l i ]_w
[_w l a u n i ŋ a ]_w
[_w f e ʔ a u ]_w
[_w v o a ʔ i ŋ a ]_w
[_w t o l o a i n a ]_w
[_w t o ʔ a l u a ]_w
[_w s o l o s i a ]_w
[_w a t a l i ]_w
[_w f a ʔ a p e ]_w
[_w u p u t u ]_w
[_w m a u m a f a e ]_w
[_w n a i f e a u ]_w
[_w s a t u a l a ]_w
[_w a l a ʔ i ]_w
[_w t a a s e ]_w
[_w f a u m u a ]_w
[_w m a s a l a m a ]_w
[_w s aː ʔ i l i a ]_w
[_w a u f a ŋ a ]_w
[_w l uː l uː ]_w
[_w t u l a f a ]_w
[_w p u e ]_w
[_w ŋ a t a ʔ a i ]_w
[_w f o f o i a ]_w
[_w t a n i e l u ]_w
[_w t o ʔ a t o l u ]_w
[_w s i l a s i l a ]_w
[_w a ʔ e ]_w
[_w a ʔ a v a e ]_w
[_w ŋ a ŋ a ]_w
[_w t a ʔ a t a ]_w
[_w t a u i f i ]_w
[_w f a s a ]_w
[_w t a u i f i t i ]_w
[_w m a l i l i ]_w
[_w t a ʔ i t a ]_w
[_w l e v a ŋ a ]_w
[_w m a t e a ]_w
[_w t a u a s o ]_w
[_w p a l a p a ]_w
[_w m o m o l i m a ]_w
[_w i ʔ u f a u ]_w
[_w t a f a t i a ]_w
[_w a p o ŋ a i ]_w
[_w a t a m u ]_w
[_w s a p o l u ]_w
[_w ʔ a l a v i ]_w
[_w t o t o f i ŋ a ]_w
[_w t e a ]_w
[_w t u ʔ i t a ʔ i ]_w
[_w t a f a ʔ e ]_w
[_w ʔ a i ŋ o a ]_w
[_w l e a ŋ a i ]_w
[_w l i u ]_w
[_w f a l e a i ŋ a ]_w
[_w e l e f a ŋ a ]_w
[_w t e ʔ e n a ]_w
[_w l e f a ŋ a ]_w
[_w a n a m u a ]_w
[_w m a l i i ]_w
[_w p o t o p o t o ]_w
[_w u s i ]_w
[_w ʔ a i n a ]_w
[_w s e f u l e v u ]_w
[_w f a a m a l o a ]_w
[_w f a a o ŋ aː ]_w
[_w ʔ a u a l u m a ]_w
[_w ŋ a o i ]_w
[_w t a i l i ]_w
[_w t a l o f i a ]_w
[_w t o ʔ o n a ʔ i ]_w
[_w m a i t a u ]_w
[_w v a a s i a ]_w
[_w t u i a f i a ]_w
[_w l e f a o ]_w
[_w s a ŋ a v a a i ]_w
[_w v a i s u a ]_w
[_w u t u t a ]_w
[_w m e a a o ŋ a ]_w
[_w t a u i l i l i ]_w
[_w a u m a l o ]_w
[_w t a ŋ a t e a ]_w
[_w t a v a o ]_w
[_w t u a ʔ ]_w
[_w a u t o l o ]_w
[_w t i p a t a ]_w
[_w m a l a m a n a ]_w
[_w l a m a t u u ]_w
[_w a n a n i a ]_w
[_w s a m o a n a ]_w
[_w s a s a i n a ]_w
[_w l e i ]_w
[_w f a ŋ a l o ]_w
[_w m a n u f e ]_w
[_w t a u l a i ]_w
[_w t u t o t o a ]_w
[_w m o ʔ o u i ]_w
[_w a p i a ]_w
[_w t a m a s e ]_w
[_w o ŋ a s a l o ]_w
[_w m a v a i a a i ]_w
[_w t i o a t a s i ]_w
[_w t a ŋ a i a ]_w
[_w o ŋ a o ŋ a ]_w
[_w t a n u m a l o ]_w
[_w f a a o ŋ a ]_w
[_w v i l e m uː ]_w
[_w m a t a t a o ]_w
[_w t o ʔ o t u l i ]_w
[_w i v o ]_w
[_w l i m u ]_w
[_w t u ʔ u f a u ]_w
[_w t u aː u a ]_w
[_w v u a f u l u ]_w
[_w v i i a ]_w
[_w f e o a i ]_w
[_w n i s i n i ]_w
[_w u a t i n a ʔ e ]_w
[_w t a v u ʔ e ]_w
[_w v e p u l a t a ]_w
[_w v a a f o ʔ i ]_w
[_w m o m o m i ]_w
[_w i l o a ʔ i ]_w
[_w a o a t a s i ]_w
[_w p a t i s o ]_w
[_w a n a v a ]_w
[_w l a f o l a ]_w
[_w t a i a i ŋ a ]_w
[_w m a t a ʔ i n a ]_w
[_w f a l e a t i u ]_w
[_w m e a ʔ a i ]_w
[_w f u s i a ]_w
[_w t a i t a v e o ]_w
[_w a u i f i ŋ a ]_w
[_w l a m u t u ]_w
[_w p o u l i u l i ]_w
[_w f i v a ]_w
[_w t a ŋ o v i e ]_w
[_w t a f i ]_w
[_w t u l a f a t a ]_w
[_w ŋ a ʔ o ]_w
[_w m a t a f e o ]_w
[_w f o t u a ʔ o i ]_w
[_w l e i p a t i ]_w
[_w l a m a t a i ]_w
[_w ʔ aː i ŋ a ]_w
[_w l a v o ŋ a ]_w
[_w a p a a ]_w
[_w l a f a l e a ]_w
[_w l u m a s u ]_w
[_w a f e ŋ a s ]_w
[_w m a s i m a s i ]_w
[_w t a ŋ a l o ]_w
[_w v a n u a ]_w
[_w s e s e i n a ]_w
[_w v a l e s a ]_w
[_w e s e e s e ŋ a ]_w
[_w v a ʔ a l o ŋ o ]_w
[_w s e t u ]_w
[_w ʔ a i ]_w
[_w s a f a l e ]_w
[_w f a l e t u s i ]_w
[_w f a f i e s e a ]_w
[_w l a u ʔ a u ]_w
[_w t a i t a a ŋ a ]_w
[_w a m a n a f a ]_w
[_w l a i t i t i ]_w
[_w t a t a u ʔ a ]_w
[_w v a a t a m a ]_w
[_w a s i n o ]_w
[_w p a p a l a ŋ a ]_w
[_w m e a m o n i ]_w
[_w v a l e v a l a ]_w
[_w t a n i ]_w
[_w l a v aː ]_w
[_w t a a l i ]_w
[_w a u a ]_w
[_w t e i s e a iː ]_w
[_w a o f a ʔ i ]_w
[_w v i f i ]_w
[_w t a m a l u ]_w
[_w t u i a ]_w
[_w a l a f u ]_w
[_w o f o i n a ]_w
[_w m a v a t o ]_w
[_w v a i ŋ a ]_w
[_w f a a t i ŋ i ]_w
[_w a u m a i a ]_w
[_w f a l a s i l a ]_w
[_w ʔ a ʔ a l o ŋ o ]_w
[_w a i ŋ a n u u ]_w
[_w m u t u ]_w
