[_w a ɡ i b a d i ]_w
[_w h i ŋ k a t a n ]_w
[_w p a t a ɲ a ]_w
[_w d e r m i n a h ]_w
[_w k o l o n i a l ]_w
[_w n e k a ]_w
[_w p e r a b a ]_w
[_w a t a s ]_w
[_w k i d a r ]_w
[_w p e s i s i ]_w
[_w m e s i n ]_w
[_w k u n i ŋ ]_w
[_w t e b a d a s ]_w
[_w s e r i a l ]_w
[_w b r i m e ]_w
[_w t a k t i ]_w
[_w t e w i ]_w
[_w h a r i ]_w
[_w p a h a n ]_w
[_w b e r dʒ a t i ]_w
[_w m e n i d ]_w
[_w s e ɲ a w a ]_w
[_w s a ŋ k u ]_w
[_w s e m a k a ]_w
[_w s r i ]_w
[_w tʃ u dʒ u ]_w
[_w k e m p a t a n ]_w
[_w t e n d u d a n ]_w
[_w a dʒ a ŋ ]_w
[_w a r d i n ]_w
[_w o p e r a ŋ ]_w
[_w p a k i ]_w
[_w b i h a k ]_w
[_w k u b a h ]_w
[_w m e ŋ e dʒ a r ]_w
[_w m u a r a ]_w
[_w h a s a ]_w
[_w w e p ]_w
[_w b u k u ]_w
[_w k o n o m ]_w
[_w h a k ]_w
[_w l a p i s ]_w
[_w r a h m a t ]_w
[_w t a n i e l ]_w
[_w b r o ɡ r a t ]_w
[_w dʒ e r i t a s ]_w
[_w s u ŋ a i ]_w
[_w s e n i ]_w
[_w p i l a ]_w
[_w d o k u ɡ a n ]_w
[_w b e m e k a ŋ ]_w
[_w tʃ a l a h ]_w
[_w n a n t a ]_w
[_w d i k i r a ]_w
[_w b e r p a t a k ]_w
[_w s t a s i u n ]_w
[_w m u ŋ k i n ]_w
[_w t h a i l a n ]_w
[_w f i i i ]_w
[_w a n a k ɲ a ]_w
[_w d a r i a n ]_w
[_w r a n d a ŋ ]_w
[_w a ŋ k a ]_w
[_w k o n d e s ]_w
[_w d u d u b i ]_w
[_w m u r i t ]_w
[_w i p u ɲ a ]_w
[_w dʒ e n e w a ]_w
[_w d e l a h ]_w
[_w e m o s i ]_w
[_w s e m p i t ]_w
[_w b a l i ŋ ]_w
[_w i n i l a h ]_w
[_w m e m b u r ]_w
[_w j u a n ]_w
[_w m e n d u k u ]_w
[_w d u p u h ]_w
[_w a s p e k ]_w
[_w s a ŋ ]_w
[_w t a r a h ]_w
[_w t n a ]_w
[_w p a r ɡ ]_w
[_w k r a n t ]_w
[_w p r e s i m ]_w
[_w r a s u l ]_w
[_w a k a n ]_w
[_w a k a r ]_w
[_w i s t i l a h ]_w
[_w h e n r j ]_w
[_w a p a l ]_w
[_w k e dʒ a d i ]_w
[_w d i l a r a ŋ ]_w
[_w m u d a ]_w
[_w t a n ]_w
[_w m i s s ]_w
[_w k r a t ]_w
[_w ɡ e l i m a ]_w
[_w s e s u a t u ]_w
[_w n e n e k ]_w
[_w r e f o l u s i ]_w
[_w dʒ u m l a h ]_w
[_w d i m a n ]_w
[_w b r a k t e r ]_w
[_w m e n e ŋ a h ]_w
[_w p e m b u r ]_w
[_w a ŋ ɡ u t ]_w
[_w m o ŋ o l ]_w
[_w s i s t e n ]_w
[_w s i n e t r o ]_w
[_w m e l e d a ɡ ]_w
[_w l u r u s ]_w
[_w u t u s ]_w
[_w l a s i m ]_w
[_w s a l dʒ u ]_w
[_w k i m i a ]_w
[_w t i d a ŋ ]_w
[_w s u k a p u a ]_w
[_w i d u ]_w
[_w m u s e u m ]_w
[_w a s a m ]_w
[_w u tʃ i a n ]_w
[_w b o r d u k a s ]_w
[_w a r e a l ]_w
[_w b e r a n ]_w
[_w m e n u r u n ]_w
[_w l a n d i ɡ ]_w
[_w ɲ a ɲ i ]_w
[_w w a j a ŋ ɲ a ]_w
[_w m a ɡ a n a n ]_w
[_w k e l a m a ]_w
[_w r a tʃ a r ]_w
[_w o d o m a i n ]_w
[_w d u r u n ]_w
[_w m a h a l ]_w
[_w a dʒ e h ]_w
[_w s e l a m a d ]_w
[_w m a t a i ]_w
[_w m u n d u k ]_w
[_w e a s t ]_w
[_w tʃ i k a ]_w
[_w ɡ a m b i ŋ ]_w
[_w s e k u d u s ]_w
[_w p e ŋ a r a h ]_w
[_w b u d e r ]_w
[_w m e m u k u l a ]_w
[_w m e l i b u d i ]_w
[_w h a t i a n ]_w
[_w p a ŋ ɡ i t ]_w
[_w a x i r ɲ a ]_w
[_w b a dʒ a ]_w
[_w k a m p u r ]_w
[_w p a tʃ a r a ]_w
[_w b r i n s i p ]_w
[_w dʒ o l u m e ]_w
[_w t a u n ]_w
[_w a t o m ]_w
[_w p a ŋ u n ]_w
[_w p a ŋ l i m a t ]_w
[_w b e k a ŋ ]_w
[_w n e ɡ a r n o ]_w
[_w m e r a s i o ]_w
[_w k r e s i ]_w
[_w t b l ]_w
[_w f e b r u a r i ]_w
[_w b r o t u s e n ]_w
[_w s e tʃ e n i s ]_w
[_w t o ɡ u m e n ]_w
[_w m e s k i ]_w
[_w p e r b a k i ]_w
[_w ɡ o n s u m e n ]_w
[_w f i t a m ]_w
[_w u m u m ]_w
[_w t e k a k ]_w
[_w m u l a ]_w
[_w p e n t u t u p ]_w
[_w s e p a k i ]_w
[_w l o s ]_w
[_w k a j a ]_w
[_w f a r i a ]_w
[_w s a m p i ŋ ]_w
[_w s e tʃ a u h ]_w
[_w s a m p i ŋ a n ]_w
[_w b e l u m ]_w
[_w b e r dʒ u d u l ]_w
[_w t e r t u a ]_w
[_w b e r dʒ u a ŋ ]_w
[_w b r o d u k s i ]_w
[_w l a u t a r a t ]_w
[_w p e k e r i ŋ ]_w
[_w d a j ]_w
[_w h a r u n ]_w
[_w p e r a t u s ]_w
[_w t e l e b i h i ]_w
[_w b i d ]_w
[_w k a m b o ŋ ]_w
[_w s u a m i ]_w
[_w s a t u a n ]_w
[_w k r a f i ]_w
[_w b a t a ŋ a n ]_w
[_w a n a k ]_w
[_w k u p e r ]_w
[_w f i l e ]_w
[_w s e l u r ]_w
[_w h i l a ŋ ]_w
[_w d i m a k a n ]_w
[_w k a n a n ]_w
[_w k a p u r ]_w
[_w d i ŋ k i ]_w
[_w t e n d a k ]_w
[_w i n i ]_w
[_w i n d e r ]_w
[_w p a r a ]_w
[_w ɡ o m u n i s ]_w
[_w s a k s i ]_w
[_w b u l a n ]_w
[_w m e n e n t a ]_w
[_w a n e ɡ a r a ]_w
[_w t i t u t ]_w
[_w k o d a ɲ a ]_w
[_w d u s u n ]_w
[_w k e b a l a ]_w
[_w t e s a i n t ]_w
[_w r o k e n ]_w
[_w a u t i ]_w
[_w l o ɡ o ]_w
[_w ɡ l a n ]_w
[_w h e k t a r ]_w
[_w o d o t ]_w
[_w w a l i ]_w
[_w s e r f e r ]_w
[_w l a h i r ]_w
[_w d u a ]_w
[_w m e r a i h ]_w
[_w b a ŋ ɡ a ]_w
[_w p a b r i k s ]_w
[_w k e r a k ]_w
[_w b i l i h a n ]_w
[_w m e n tʃ a ɡ u ŋ ]_w
[_w k u r u n ]_w
[_w k u t e d a p i ]_w
[_w t e r b a k a l ]_w
[_w t e w a s ]_w
[_w i m a n a tʃ e r ]_w
[_w m e ŋ u d a r a ]_w
[_w a f a t a r a ]_w
[_w m u ŋ ɡ i n ]_w
[_w u l a m a ]_w
[_w d i f i t u ]_w
[_w t u a ]_w
[_w m e ŋ h a s i a ]_w
[_w m a t r a ]_w
[_w f o s i l ]_w
[_w b a ŋ ɡ a b ]_w
[_w a k u s ]_w
[_w h i ŋ ɡ a l a h ]_w
[_w f i n a l ]_w
[_w b o j o l a l i ]_w
[_w a s a m a n ]_w
[_w t a n a ]_w
[_w s e b a ɡ a i ]_w
[_w l o u i s ]_w
[_w k e o r ɡ i a ]_w
[_w d e r dʒ a t a t ]_w
[_w ɡ e a m a n ]_w
[_w d u dʒ u h ]_w
[_w r e k i o n ]_w
[_w j e s a j a ŋ ]_w
[_w t a h a n ]_w
[_w a t m o s f e r ]_w
[_w t e r a ]_w
[_w m a t ]_w
[_w d u a n ]_w
[_w s e p e l a h ]_w
[_w b e r b u a t ]_w
[_w t e k n i k ]_w
[_w t i a ]_w
[_w s i m o n ]_w
[_w m a d a ]_w
[_w d e r dʒ u a l ]_w
[_w t e k a n a n ]_w
[_w t a n tʃ u d ]_w
[_w dʒ e n dʒ a r a k ]_w
[_w b a ŋ s a ]_w
[_w m a k a m ]_w
[_w m o t e l ]_w
[_w x a w a t ]_w
[_w p e r s a l a h ]_w
[_w p a ɲ a k ]_w
[_w p u t r i ɲ a ]_w
[_w d e k a l i ]_w
[_w l a m a d ]_w
[_w s u a r a ]_w
[_w f i s i ]_w
[_w k e m a t a ]_w
[_w r e n d a ɡ ]_w
[_w n o m o r ]_w
[_w b e n tʃ a k a ]_w
[_w m e ŋ a r ]_w
[_w b e ɲ i a r a n ]_w
[_w s a i d ]_w
[_w b e w a r i s ]_w
[_w m u l a ɲ a ]_w
[_w p a j e r n ]_w
[_w m a t a h a b ]_w
[_w d a h t a ]_w
[_w p u n u h ]_w
[_w n o f e m b e r ]_w
[_w d e r d u k a s ]_w
[_w n p s n ]_w
[_w b a k t e r i ]_w
[_w t e s ]_w
[_w m e ɲ e r a h ]_w
[_w ɡ a n t o ]_w
[_w b u t r a ]_w
[_w s e p a r a h ]_w
[_w t e n t u t u k ]_w
[_w l i s t r i k ]_w
[_w m e m b u h ]_w
[_w h a r i h a r i ]_w
[_w b e r a ŋ ]_w
[_w i b u ɲ a ]_w
[_w k a p a r u ]_w
[_w ɡ u n o ]_w
[_w dʒ u d a ]_w
[_w tʃ a w a ]_w
[_w d o m p a ŋ ]_w
[_w d r o p i s ]_w
[_w d u r n a m e n ]_w
[_w k e l o m b a ŋ ]_w
[_w d i s a m b a i ]_w
[_w r a d u ]_w
[_w x a l i f a h ]_w
[_w p u a h ɲ a ]_w
[_w e t i s ]_w
[_w u n i k ]_w
[_w b i l l ]_w
[_w d a t a r a ]_w
[_w ɡ e dʒ i l ]_w
[_w p a r a h ]_w
[_w b a w a h ]_w
[_w h i t ]_w
[_w k a n k e r ]_w
[_w k a dʒ a h ]_w
[_w p r o t u k ]_w
[_w m u s i tʃ ]_w
[_w n a t a ŋ ]_w
[_w t e m b a k i a ]_w
[_w b a s u k i ]_w
[_w tʃ a m p u s ]_w
[_w p a l i ɡ o d a ]_w
[_w l u k i ]_w
[_w b a s a ŋ ]_w
[_w r i l i s ]_w
[_w b a m e r i a m ]_w
[_w b e r n i l a i ]_w
[_w a j a h ]_w
[_w p l i t a s ]_w
[_w t e o l o ɡ i ]_w
[_w d e r ɡ e l a r ]_w
[_w n a s u t i o ]_w
[_w t i r e k t u r ]_w
[_w t n i ]_w
[_w p a n dʒ a ŋ ]_w
[_w i s l a m e t ]_w
[_w ɡ a m e s ]_w
[_w k a i n ]_w
[_w s e dʒ e n i s ]_w
[_w t i r e b o n ]_w
[_w m e n t a l ]_w
[_w d a u t ]_w
[_w i r a m a ]_w
[_w ɡ e t a r ]_w
[_w b a ŋ ]_w
[_w r o h ]_w
[_w s a m b i l ]_w
[_w p u k a n ]_w
[_w m e ŋ e n a ŋ ]_w
[_w h a s i l ɲ a ]_w
[_w a k e n ]_w
[_w d u l u ]_w
[_w t e r d u a ]_w
[_w b a r o k i ]_w
[_w ɡ e t i r i ]_w
[_w d e w a ]_w
[_w m a m b u ]_w
[_w tʃ u t a a n ]_w
[_w p a s a ŋ ]_w
[_w d i ɡ a n ]_w
[_w m e ŋ i ŋ a t ]_w
[_w p a s i e n ]_w
[_w t i d o l o ɡ i ]_w
[_w tʃ o n d o h ɲ a ]_w
[_w b e r m a n ]_w
[_w f r a n k ]_w
[_w p e k i d u ]_w
[_w h a r r j ]_w
[_w a z i a ]_w
[_w i ʃ a r a t ]_w
[_w s w a s t a ]_w
[_w m i n i m a n ]_w
[_w d i a ]_w
[_w p e p e r a t u ]_w
[_w b e r t a ɲ a ]_w
[_w k o r e a ]_w
[_w w a r n a ]_w
[_w m e n dʒ a r ]_w
[_w k e m a t i ]_w
[_w tʃ h i tʃ a k o ]_w
[_w o r t o ]_w
[_w u s u l ]_w
[_w k i m ]_w
[_w s u dʒ i ]_w
[_w a l a t ]_w
[_w t i b i l ]_w
[_w b e l i a u ]_w
[_w w a ŋ s a ]_w
[_w n a i k ]_w
[_w t u k u ]_w
[_w o k a n ]_w
[_w b e s a w a n ]_w
[_w t i r e k a n ]_w
[_w b u a h ɲ a ]_w
[_w p e n d a l ]_w
[_w l a ŋ k a i a n ]_w
[_w h e b a t ]_w
[_w k e dʒ a t i ]_w
[_w b e r i ŋ ]_w
[_w k e l a m a n ]_w
[_w m a u ]_w
[_w m a s u k e ]_w
[_w b i n t u ]_w
[_w k a m i l ]_w
[_w p a t a ]_w
[_w m e ŋ a n t i a ]_w
[_w p u ŋ a ]_w
[_w k o t ]_w
[_w m e m b a ŋ a n ]_w
[_w k a b d e n ]_w
[_w w a t i r ]_w
[_w t e m i ]_w
[_w w a l a u ]_w
[_w a ɡ a m a h ]_w
[_w k e m u d a ]_w
[_w a ŋ ɡ a ]_w
[_w h a t i ]_w
[_w k e t u a ]_w
[_w o r a ŋ ]_w
[_w tʃ e r i d a ]_w
[_w m e m e n ]_w
[_w j a ŋ ]_w
[_w d a m a n ]_w
[_w s o a l ]_w
[_w u n i t ]_w
[_w m e m b a t ]_w
[_w b e m u t i a n ]_w
[_w t i l a n t a r ]_w
[_w ɡ e p u n ]_w
[_w a l a t a r a ]_w
[_w tʃ a o ]_w
[_w m a r a ŋ ]_w
[_w o n l i n e s ]_w
[_w d i b e ]_w
[_w p i a j a ]_w
[_w s tʃ o t t ]_w
[_w m a s u k ɲ a ]_w
[_w m i n i m a n a ]_w
[_w k u m b u h ]_w
[_w l u n a ]_w
[_w m e ɲ e r b u ]_w
[_w s a n d r i ]_w
[_w l a k u k a n ]_w
[_w b u k i d ]_w
[_w s t r u ɡ ]_w
[_w s e t i a ]_w
[_w k e p a t u ]_w
[_w k a s i h ]_w
[_w o p e r ]_w
[_w m e s i r ]_w
[_w r e t ]_w
[_w b i n ]_w
[_w l e m b a d a ŋ ]_w
[_w m u s i m ]_w
[_w t i a ɡ u i ]_w
[_w m e n a h a n ]_w
[_w s e d a ŋ ]_w
[_w h a n d u ŋ ]_w
[_w dʒ i t r a ]_w
[_w d e r s u s u n ]_w
[_w h a m i l ]_w
[_w b a r a h ]_w
[_w t e r l i n e s ]_w
[_w d n i ]_w
[_w j a i t u ]_w
[_w s e e k o r ]_w
[_w k a r ɡ o ]_w
[_w k e l a r ]_w
[_w h a ɡ i a n ]_w
[_w t u a n ]_w
[_w ɡ e m b i r ]_w
[_w m u t a ]_w
[_w l a t i f ]_w
[_w r e s m i ]_w
[_w a r t i ]_w
[_w p u d r a ]_w
[_w s u a t u ]_w
[_w p i n d a h ]_w
[_w b u k u ɲ a ]_w
[_w a n d ]_w
[_w p e l a n d i ]_w
[_w s o n a ]_w
[_w i i i ]_w
[_w p a ŋ u n a n ]_w
[_w m e l i b u t i ]_w
[_w ɡ e n ]_w
[_w k e m b a w a h ]_w
[_w b e r b e d a ]_w
[_w m e ɲ a ŋ ɡ u ]_w
[_w t i ŋ k a t ]_w
[_w k e ŋ k a p ]_w
[_w p a l i ]_w
[_w k o t e ]_w
[_w ɲ a r i s ]_w
[_w p o j o l a l i ]_w
[_w n i l a i ]_w
[_w p e n t e l ]_w
[_w ɡ e a m a n a ]_w
[_w a t h e n a ]_w
[_w m e r e k a m ]_w
[_w n e w ]_w
[_w s k e n a l ]_w
[_w n i l a h ]_w
[_w j a h u t i ]_w
[_w k a m b a ɲ ]_w
[_w dʒ a i r a n ]_w
[_w d a dʒ a m ]_w
[_w dʒ i d r a ]_w
[_w p a ŋ s a ]_w
[_w l u a r a ]_w
[_w s i ŋ ɡ a t ]_w
[_w k a s i ]_w
[_w b e r s i f a t ]_w
[_w p e r a n ]_w
[_w p a k ]_w
[_w f o k a l ]_w
[_w m e m b a ŋ ]_w
[_w d e m a ɡ a ]_w
[_w tʃ e n d e ŋ ]_w
[_w u l u ]_w
[_w p e n a t u a ]_w
[_w u m a d e r ]_w
[_w h u l u ]_w
[_w t h e ]_w
[_w p o l a ]_w
[_w w a j a t ]_w
[_w b e s a r ɲ a ]_w
[_w k a ɡ i ]_w
[_w p e n dʒ u a l ]_w
[_w ɡ o m i s i ]_w
[_w p e r s a m a ]_w
[_w i n t a s ]_w
[_w p a n i t i a ]_w
[_w k a t a n ]_w
[_w d e m a ]_w
[_w i m a m ]_w
[_w r a j a ]_w
[_w e d i s i ]_w
[_w s e p u a h ]_w
[_w s u m e n ]_w
[_w l a m p a h ]_w
[_w p a ɡ e d ]_w
[_w m e ŋ a r a ŋ ]_w
[_w l i ŋ ɡ u ]_w
[_w t a m i l ]_w
[_w l a r i ]_w
[_w b e r dʒ a l a n ]_w
[_w u n t u h ]_w
[_w b e r dʒ a d a ŋ ]_w
[_w i b u k a n ]_w
[_w r u s a k ]_w
[_w m e ɲ e r a p i ]_w
[_w s u p a ŋ ]_w
[_w u t a r a n ]_w
[_w m e r a p i ]_w
[_w ɡ o p i ]_w
[_w r e n t a l ]_w
[_w b o s i d i f ]_w
[_w m a n a ]_w
[_w m e m a h a ]_w
[_w b e ŋ ɡ a p ]_w
[_w l i k a ]_w
[_w ɡ a r k o ]_w
[_w m e ŋ i s i ]_w
[_w p a u l ]_w
[_w l a n dʒ u r ]_w
[_w s i t a ŋ ]_w
[_w p u l a u ]_w
[_w s a m b i l a ]_w
[_w k a r i s ]_w
[_w t u n d u h ]_w
[_w s k u a r e ]_w
[_w t e l e f i s i ]_w
[_w p a n dʒ a r ]_w
[_w p e r l u k a n ]_w
[_w a ɡ a m ]_w
[_w k e e m b a k ]_w
[_w k o m b o n ]_w
[_w p e r p a k i ]_w
[_w a l a b ]_w
[_w p o s i s i r ]_w
[_w m e ŋ a tʃ a r ]_w
[_w p e t a p ]_w
[_w m e ŋ a t u r a ]_w
[_w r a s ]_w
[_w k e n t a b a t ]_w
[_w m e l a t ]_w
[_w k e s a n ]_w
[_w dʒ o h n ]_w
[_w k e m a r ]_w
[_w k o n d e n ]_w
[_w b e ŋ h a s i l ]_w
[_w m e n t a r ]_w
[_w p e r t e k a n ]_w
[_w s e p e l a s ]_w
[_w l o k o ]_w
[_w a i r w a j s ]_w
[_w s i n a r ]_w
[_w f o r ]_w
[_w b e l a n ]_w
[_w k e d i ɡ ]_w
[_w m e ŋ a k u a n ]_w
[_w t a ŋ e r a n ]_w
[_w a d a s ]_w
[_w t e r m i n a ŋ ]_w
[_w h a l ]_w
[_w s e l a m ]_w
[_w l a u d a r a ]_w
[_w b e r b u ŋ a n ]_w
[_w s a s t i ]_w
[_w m e l a w a n ]_w
[_w a p r i k ]_w
[_w a d a m ]_w
[_w d u tʃ u a n ]_w
[_w k u t u ]_w
[_w l a t i n ]_w
[_w o d o n o m i ]_w
[_w r o m p o k ]_w
[_w m e ŋ a n ]_w
[_w ɡ a l a ]_w
[_w b e n t u ]_w
[_w a ɡ i p a d i ]_w
[_w o l a h ]_w
[_w b a r i t o ]_w
[_w d a r i k ]_w
[_w i n d e r a ]_w
[_w t e r t e k a ɡ ]_w
[_w s h o w ]_w
[_w s i t u s ]_w
[_w p e m i l u ]_w
[_w t i l i h ]_w
[_w dʒ a m ]_w
[_w s i n e t r o n ]_w
[_w m a s ]_w
[_w l e m b a h ]_w
[_w t i b a ŋ k u ]_w
[_w n a r u h ]_w
[_w b e r b a k s a ]_w
[_w b e n u l i s ]_w
[_w m b r ]_w
[_w s i l l a ]_w
[_w r e p u d ]_w
[_w m a r i a s i ]_w
[_w b e ŋ u s i r ]_w
[_w t i s i ]_w
[_w m e n u dʒ u ]_w
[_w m e ŋ a k u i ]_w
[_w k e m p i r ]_w
[_w a a ŋ ]_w
[_w o s a ɡ a ]_w
[_w t a j ]_w
[_w m e n d a m ]_w
[_w m e ŋ a dʒ a r a ]_w
[_w b e n s i ]_w
[_w l i n t u ŋ ]_w
[_w r u a ŋ ]_w
[_w dʒ e n t r a ]_w
[_w d e r e n t a l ]_w
[_w a x i r ]_w
[_w l a w a n ]_w
[_w p e b a s ]_w
[_w k a m i ]_w
[_w r u m a h ɲ a ]_w
[_w d e r t a ]_w
[_w k u p a ]_w
[_w k o m p l e k s ]_w
[_w p a t u ]_w
[_w s o l o ]_w
[_w k a p u ŋ ]_w
[_w b u k u l ]_w
[_w m u s i k ]_w
[_w t e n d u s ]_w
[_w a k a m a r ]_w
[_w x a s ]_w
[_w s e r i k a d ]_w
[_w t a p i ]_w
[_w b e r m a i n ]_w
[_w dʒ u k a ]_w
[_w p e n dʒ a t a t ]_w
[_w dʒ i r i ]_w
[_w u a p ]_w
[_w b a ɲ u a s i n ]_w
[_w l i ŋ k u p ]_w
[_w m e m u ɡ u l ]_w
[_w l a p o r a n ]_w
[_w b u s ]_w
[_w k e t u ŋ ]_w
[_w b e p a s ]_w
[_w o t a k ]_w
[_w f i l m ]_w
[_w m e l a l u ]_w
[_w d e k s ]_w
[_w e r a ]_w
[_w ɡ a o ]_w
[_w ʃ s t e m ]_w
[_w m i m p i n ]_w
[_w s i ŋ ɡ a d ]_w
[_w e n s i ]_w
[_w p o n e n ]_w
[_w t o s a ]_w
[_w b e m u dʒ a a n ]_w
[_w b u r u ŋ ]_w
[_w t e w a n ]_w
[_w dʒ a r a h ]_w
[_w p e r u m u s ]_w
[_w s e r a ŋ ]_w
[_w r o p o k a n ]_w
[_w dʒ u r i t ]_w
[_w s a u s ]_w
[_w l o k a s i h ]_w
[_w h a l h a l ]_w
[_w k o n t r o l ]_w
[_w dʒ i d a dʒ i t a ]_w
[_w u dʒ u ŋ ]_w
[_w b e t i n a s ]_w
[_w s e n a ŋ ]_w
[_w s a t u ɲ a ]_w
[_w m e ɲ a ŋ k u ]_w
[_w s i n i ]_w
[_w p a ɲ a ɡ ]_w
[_w d e ŋ a h ]_w
[_w p e l a dʒ a p ]_w
[_w k o m i t e ]_w
[_w m e ŋ a ŋ ɡ a h ]_w
[_w s p o n ]_w
[_w k i r a k i r a ]_w
[_w o n l i n e ]_w
[_w p e r u s ]_w
[_w b a t a r ]_w
[_w d e n t u h ]_w
[_w k a r e n a ɲ a ]_w
[_w m o t o r ]_w
[_w m e t i a ]_w
[_w k a n t o ŋ ]_w
[_w m e ŋ a n u d ]_w
[_w k e a t i l ]_w
[_w tʃ e m a a t ]_w
[_w u n t u r ]_w
[_w m e m u a n ]_w
[_w s i m b a ŋ ]_w
[_w d i t u k a s ]_w
[_w a t a m u ]_w
[_w s e b a n dʒ i s ]_w
[_w b u t t h a ]_w
[_w s t a r ]_w
[_w s dʒ o d d ]_w
[_w l e f e l ]_w
[_w h a d i r i ]_w
[_w k a b a l ]_w
[_w dʒ a m p u t ]_w
[_w d e k a t r o n ]_w
[_w b a r a ŋ ]_w
[_w s e t ]_w
[_w ʃ e i x ]_w
[_w d o m a t i ]_w
[_w u t a r a ]_w
[_w p r o t u s e r ]_w
[_w t a m b a ɲ ]_w
[_w t a ŋ a n ]_w
[_w r e k o r i n o ]_w
[_w t i u k u r ]_w
[_w d f r i ]_w
[_w m e n i k a h ]_w
[_w b a n d a r ]_w
[_w a k a d e k i ]_w
[_w d u r ]_w
[_w a ŋ ɡ o d a ]_w
[_w t i b a h a s a ]_w
[_w w a l i k ]_w
[_w s o l u s i ]_w
[_w o p t i m u r ]_w
[_w m e t i s ]_w
[_w b e m u d a ]_w
[_w s e dʒ a t i ]_w
[_w t i d u d ]_w
[_w m i ŋ ɡ u ]_w
[_w p e r a d o r ]_w
[_w l a b a n ]_w
[_w k e r a k a ]_w
[_w b e n a t u a ]_w
[_w tʃ a s s ]_w
[_w d i n a m a ]_w
[_w t a h u n ]_w
[_w dʒ a j a a n ]_w
[_w k o l o n e l ]_w
[_w m a h k o d a ]_w
[_w t u a ɲ a ]_w
[_w d e s e m b i r ]_w
[_w a b l i k ]_w
[_w b e ŋ a w a l ]_w
[_w k a n d u ŋ ]_w
[_w t a r a ]_w
[_w s e t e l a ]_w
[_w k i r a n ]_w
[_w b u ɡ u ]_w
[_w s e ŋ a dʒ a k ]_w
[_w p e n e l i d ]_w
[_w p u t r a ]_w
[_w ɡ e l o l a ]_w
[_w l u a r k a s ]_w
[_w s a r i ]_w
[_w p e r s i s ]_w
[_w b a ɡ a r ]_w
[_w s a j u r a n ]_w
[_w p e n u h i ]_w
[_w r u m b u t ]_w
[_w o r t o t o k s ]_w
[_w a m i n a n ]_w
[_w e n d e ŋ ]_w
[_w m e ŋ u t a r a ]_w
[_w d e l e p i h ]_w
[_w n o r m a l ]_w
[_w m a s a ɡ ]_w
[_w d i s e p u t ]_w
[_w b e r h a s i l ]_w
[_w t a s a r a ]_w
[_w i t b ]_w
[_w t i dʒ u m p a ŋ ]_w
[_w n a n d i a ]_w
[_w s e k a r ]_w
[_w m e ɲ a d a ]_w
[_w r e b u b l i k ]_w
[_w w o n o k i a ]_w
[_w t r o p i s ]_w
[_w k e n e d a b ]_w
[_w k e l o m p i a ]_w
[_w a w a k ]_w
[_w s e b e l u k ]_w
[_w p e n d a p a t ]_w
[_w e n e r i m a ]_w
[_w k e n t a m ]_w
[_w t a k a ŋ ]_w
[_w f i r m a n ]_w
[_w p a ɲ u a s i n ]_w
[_w ɡ e r i n d a ]_w
[_w m a r s ]_w
[_w tʃ i t r a ]_w
[_w m e n a ŋ ]_w
[_w k e k u a t ]_w
[_w k a r j a ɲ a ]_w
[_w k e e m b a t ]_w
[_w p r i k ]_w
[_w l u l u s a n ]_w
[_w a k a m a h ]_w
[_w u l a ŋ ]_w
[_w b a n tʃ i ]_w
[_w k e ɲ a t a ]_w
[_w w a k i l i ]_w
[_w tʃ i t a ]_w
[_w l e b i h ]_w
[_w w i s n u ]_w
[_w tʃ h i n a ]_w
[_w a ɡ u ŋ ]_w
[_w m a s i h a d ]_w
[_w t i s t r i k ]_w
[_w a r t i s ]_w
[_w p e r l u ]_w
[_w r e n t a r a ]_w
[_w t o t a l ]_w
[_w t i k i r i m ]_w
[_w tʃ e b a r ]_w
[_w t e m b u a t ]_w
[_w m e m a s ]_w
[_w a n n a ]_w
[_w k e o r k i a ]_w
[_w s a ŋ a t ]_w
[_w s e m e n a r i ]_w
[_w p e r ɡ a s ]_w
[_w d u l u ɲ a ]_w
[_w b e r p e d a ]_w
[_w n a p i ]_w
[_w ɡ a s i ]_w
[_w k i n i ]_w
[_w m e d a n ]_w
[_w i l i r ]_w
[_w w a r i s ]_w
[_w s u n t a ]_w
[_w w o r l t ]_w
[_w m i l i k ]_w
[_w b l a tʃ k ]_w
[_w b r o b i n s i ]_w
[_w t i a k u i ]_w
[_w tʃ o n t o k ]_w
[_w k o l o ŋ a n ]_w
[_w m a n ]_w
[_w k o n s e r ]_w
[_w dʒ a m b i l a ŋ ]_w
[_w dʒ i b t a ]_w
[_w k a m u ]_w
[_w w e t a n ]_w
[_w l e l u h u r ]_w
[_w u p a j a ]_w
[_w m a l a i ]_w
[_w a s l i ɲ a ]_w
[_w t i b e ɡ a s ]_w
[_w m e m a ŋ ]_w
[_w k i t a ]_w
[_w b r i b a t a h ]_w
[_w l o f e ]_w
[_w s i ŋ a b u r a ]_w
[_w m e n u h ]_w
[_w k e e n a m ]_w
[_w p e s a d u ɲ a ]_w
[_w a i r ]_w
[_w t i k u a s a ]_w
[_w m e m i l i k ]_w
[_w ɡ a n t a r ]_w
[_w s a l u r a n ]_w
[_w k e r a ŋ ]_w
[_w ɡ o r a n ]_w
[_w t i m a ɡ a n ]_w
[_w p a t u ŋ ]_w
[_w t e u k u ]_w
[_w m i s i ]_w
[_w s e b u l u h ]_w
[_w w i l l i a m s ]_w
[_w ɡ e d u ŋ ]_w
[_w t i u n ]_w
[_w p e w a r i s ]_w
[_w f i t e o ]_w
[_w k r u p ]_w
[_w d i t u r ]_w
[_w k i d u ]_w
[_w h e n t i k ]_w
[_w t i t u r ɡ i ]_w
[_w l e m p u ɲ a ]_w
[_w k o n t e n ]_w
[_w m e ŋ a m a d ]_w
[_w ɡ e t i k a ]_w
[_w ɡ a m b a h ]_w
[_w a n d a ŋ ]_w
[_w p o s o ]_w
[_w k o t a ɲ a ]_w
[_w t e r e n d a h ]_w
[_w h a k h a ɡ ]_w
[_w w a dʒ i b ]_w
[_w s u p u r ]_w
[_w w e i ]_w
[_w d e r b a ɡ a i ]_w
[_w l a u d ]_w
[_w b a s a h ]_w
[_w b a t a s ]_w
[_w r u k u n ]_w
[_w d e r tʃ u a ŋ ]_w
[_w l a p e l ]_w
[_w p a k a r ]_w
[_w p e r n o m o r ]_w
[_w tʃ u r a h ]_w
[_w t i t e m b a ]_w
[_w b u l a ŋ ]_w
[_w p e r i ]_w
[_w n o m i ]_w
[_w e n a m ]_w
[_w t o l a r ]_w
[_w s t r e e t ]_w
[_w a d a u ]_w
[_w f i r u s ]_w
[_w r e s o l u s i ]_w
[_w s u m b e r ]_w
[_w dʒ a tʃ a h ]_w
[_w a n e h ]_w
[_w ɡ u n u ŋ ]_w
[_w dʒ e m p e r ]_w
[_w s i k a b ]_w
[_w tʃ e dʒ a k ]_w
[_w o t o m a t i s ]_w
[_w dʒ a n ]_w
[_w a s a p ]_w
[_w k a n d i n ]_w
[_w k o m u n i s ]_w
[_w m u r i d ]_w
[_w d e b a t ]_w
[_w b e t a k a ŋ ]_w
[_w m a s e h i ]_w
[_w m a n a n ]_w
[_w b a tʃ u ]_w
[_w m e n dʒ a t i ]_w
[_w k e n e r i m a ]_w
[_w b e r t a s ]_w
[_w h a r u s ]_w
[_w s e b a ɡ i a ]_w
[_w m e l a tʃ u ]_w
[_w t u r u t ]_w
[_w p a d i ]_w
[_w t i b a b d i s ]_w
[_w k e a t a a n ]_w
[_w dʒ e n i s ]_w
[_w t i k a ]_w
[_w x a w a d ]_w
[_w a l a s ]_w
[_w p e r k a b u ŋ ]_w
[_w u d u h a n ]_w
[_w k o n f l i k ]_w
[_w s e h a r i ]_w
[_w k e n e r a l ]_w
[_w w a r d ]_w
[_w m e m a n ɲ a ]_w
[_w d i a d u r ]_w
[_w t u dʒ u h ]_w
[_w f e p r u a r i ]_w
[_w a t a l ]_w
[_w p e r b u n u h ]_w
[_w tʃ h i l i b ]_w
[_w r a m p u s ]_w
[_w m a s u k a n ]_w
[_w dʒ a t u h ]_w
[_w i a i n ]_w
[_w i d a l ]_w
[_w f e d e r ]_w
[_w m e n a h a s ]_w
[_w k j o t o ]_w
[_w s e m b e r ]_w
[_w l i ŋ ɡ u ŋ ]_w
[_w a r d i ɲ a ]_w
[_w p a i k ɲ a ]_w
[_w t i b a ]_w
[_w h o ŋ a r i a n ]_w
[_w ɡ e b i ŋ ]_w
[_w m a t a ]_w
[_w k o m i s i ]_w
[_w a s r a m a ]_w
[_w u m u m ɲ a ]_w
[_w a s i ŋ ]_w
[_w s e i r i ŋ i ]_w
[_w b a ŋ l i m a ]_w
[_w ɡ a b u a s ]_w
[_w m e n o l a k ]_w
[_w d a k t i ]_w
[_w i s l a m ]_w
[_w i n f a s i ]_w
[_w a w a l ]_w
[_w r e n d a ]_w
[_w p i s n i s ]_w
[_w s e m i ]_w
[_w r a t i o n a l ]_w
[_w d e b a t a n ]_w
[_w d a m i a ŋ ]_w
[_w k o l o ŋ ]_w
[_w r u p a ]_w
[_w m i ɲ a ɡ ]_w
[_w d a j a ]_w
[_w m e n dʒ e l a ŋ ]_w
[_w t e d a b a t ]_w
[_w u t a m a n ]_w
[_w r i ŋ a n ]_w
[_w s e s u a i ]_w
[_w t e n a k a ]_w
[_w m e n i ŋ k a ]_w
[_w s e m u l a ]_w
[_w m e m p a t ]_w
[_w d e r dʒ u t u l ]_w
[_w i n t a ]_w
[_w b a ɲ a k ]_w
[_w p a h a j a ]_w
[_w p a l a ŋ a n ]_w
[_w d i a m ]_w
[_w z a t u ɲ a ]_w
[_w j u n a n ]_w
[_w s e l a t ]_w
[_w k e r e dʒ a ]_w
[_w a k u r a ŋ ɲ a ]_w
[_w l i s a n ]_w
[_w s e n s i ]_w
[_w t e b a t a r ]_w
[_w a r a h ]_w
[_w a l a s a n ]_w
[_w m e ŋ e n a i ]_w
[_w m e ŋ a x i r ]_w
[_w b a r a ]_w
[_w k a tʃ a ]_w
[_w s e r a ŋ k a l ]_w
[_w u n i d e t ]_w
[_w u s a h a ]_w
[_w ɡ o n d e n ]_w
[_w i b u k ]_w
[_w t i tʃ a p a n ]_w
[_w k e n ]_w
[_w h a l a m ]_w
[_w s u p ]_w
[_w p u ŋ k u ]_w
[_w k a r j a w a n ]_w
[_w l a m p a ŋ ]_w
[_w j a j a s a n ]_w
[_w b e r a b a t ]_w
[_w m a n a dʒ e r ]_w
[_w h a m i ]_w
[_w b u n tʃ a k a ]_w
[_w p i r u ]_w
[_w p r o s e s ]_w
[_w k o k u r j e o ]_w
[_w r i b u a n ]_w
[_w s e d a r ]_w
[_w t e l i t i ]_w
[_w k e dʒ i l ]_w
[_w tʃ i b i n a ŋ ]_w
[_w s i n e t ]_w
[_w s i ŋ l e ]_w
[_w a s a l ]_w
[_w p i ŋ ɡ i r ]_w
[_w b e r d a r a ]_w
[_w n a b o l e o n ]_w
[_w a r j a ɲ a ]_w
[_w s u k s e s ]_w
[_w m e n a r u t ]_w
[_w p e n u t u p ]_w
[_w dʒ o ɡ l a t e n ]_w
[_w s a s t r a ]_w
[_w m e tʃ a ]_w
[_w p e r a x i r ]_w
[_w m e n a ]_w
[_w m o b i l ]_w
[_w dʒ e dʒ a k ]_w
[_w m e ŋ a ŋ k a t ]_w
[_w m a n u a l ]_w
[_w k u d a n ]_w
[_w t i s a m b a r ]_w
[_w a ŋ ɡ o t a ]_w
[_w f a n ]_w
[_w ɡ u p a ŋ ]_w
[_w b a d u ŋ ]_w
[_w k l a t ]_w
[_w p e d r u s ]_w
[_w ɡ a j u ]_w
[_w dʒ a r i ŋ a n ]_w
[_w b e r a ŋ ɡ a ]_w
[_w s a k t i f ]_w
[_w b u a s ]_w
[_w k u r u ]_w
[_w k a k a s s a ]_w
[_w r o t a ]_w
[_w a d i b a k a r ]_w
[_w u m a d ]_w
[_w t a x t a ]_w
[_w b u n u h ]_w
[_w p e m b a h ]_w
[_w m o h a m m a t ]_w
[_w u m a t ]_w
[_w s u b e r ]_w
[_w p e m b a t ]_w
[_w k o n s e b ]_w
[_w m a k a ]_w
[_w p i m p i n ]_w
[_w h o t e l ]_w
[_w k e d i k ]_w
[_w f i d e o ]_w
[_w m e m b u h a n ]_w
[_w w a dʒ a h ]_w
[_w s u r j a ]_w
[_w k o d ]_w
[_w k u n a ]_w
[_w dʒ a n t a ]_w
[_w p e ŋ a n u d ]_w
[_w a ŋ ɡ a d a ]_w
[_w r e l a ]_w
[_w p a dʒ a k ]_w
[_w d e r b a ɲ a k ]_w
[_w p e ŋ h a p u s ]_w
[_w t a ŋ k a ]_w
[_w p r i p u m i ]_w
[_w s u k a p u a s ]_w
[_w t u r n a m e n ]_w
[_w a b u ]_w
[_w m e m b e r ]_w
[_w m e m i n t a n ]_w
[_w b e r t a dʒ u ɡ ]_w
[_w s e r i e s ]_w
[_w t a s a n ]_w
[_w p u d e r a ]_w
[_w k e p a l a p ]_w
[_w ɡ e r e t a ]_w
[_w m a n u a r i ]_w
[_w w i l l i a m ]_w
[_w l i s a n a ]_w
[_w t i r i ɲ a ]_w
[_w p a r o ɡ i ]_w
[_w w a n i t a ]_w
[_w p o k o ɡ ]_w
[_w t a p a d i ]_w
[_w f e t e r ]_w
[_w b e r i k u t i ]_w
[_w p a ɲ u w a ŋ i ]_w
[_w dʒ e ɡ o ]_w
[_w k o r u p s i ]_w
[_w w a tʃ a h ]_w
[_w p a ŋ ]_w
[_w s i a p a b i l ]_w
[_w d e u k u ]_w
[_w f e r s i ]_w
[_w m i n a s t i ]_w
[_w m e n tʃ a p a i ]_w
[_w a p a ]_w
[_w t i p i s ]_w
[_w t e l a h ]_w
[_w m e m i l i ɡ ]_w
[_w l a j a h ɲ a ]_w
[_w d k i ]_w
[_w k a s u s ]_w
[_w s a d ]_w
[_w s e s i ]_w
[_w s k o r ]_w
[_w dʒ a s s ]_w
[_w j e h u w a ]_w
[_w k e l i l i ŋ ]_w
[_w b a t a ɲ a ]_w
[_w n e t w o r k ]_w
[_w h a r ɡ a s ]_w
[_w tʃ a r i ŋ a n ]_w
[_w tʃ e n t e ]_w
[_w h a m p i r ]_w
[_w m e r u dʒ u ɡ ]_w
[_w s u m a t ]_w
[_w d a ŋ e r a n ]_w
[_w i s i ]_w
[_w p e n t i ŋ ]_w
[_w l i ŋ k u ŋ ]_w
[_w p e r s i h ]_w
[_w p u l a ŋ ]_w
[_w k r i ]_w
[_w p e s a r ]_w
[_w m e m p a d ]_w
[_w u tʃ u ŋ ]_w
[_w k e t u a ɲ a ]_w
[_w i s u ]_w
[_w m u n dʒ u k ]_w
[_w s e t a ŋ ]_w
[_w s e r i ]_w
[_w p l a n e d ]_w
[_w d o l ]_w
[_w b u l u ]_w
[_w a s i a ]_w
[_w p e r n i a t ]_w
[_w m a l a ŋ a n ]_w
[_w p o l e h ]_w
[_w s a d u a n ]_w
[_w b e n e r i m a ]_w
[_w p a r t i ]_w
[_w p i a s a ɲ a ]_w
[_w k u n tʃ i ]_w
[_w s e m e s t a ]_w
[_w l i a r ]_w
[_w b e r n i a t ]_w
[_w a l i ]_w
[_w tʃ o ɡ l a t ]_w
[_w b a n t a ŋ ]_w
[_w e ŋ ɡ a p ɲ a ]_w
[_w k e p a i k ɲ a ]_w
[_w r o k o k ]_w
[_w m e ɲ u s u l ]_w
[_w m e n u ŋ ɡ u ]_w
[_w s u r a n ]_w
[_w f o r u m ]_w
[_w b e n t i ŋ ɲ a ]_w
[_w t a b i ]_w
[_w dʒ o p a ]_w
[_w ɡ a m i ]_w
[_w t e n d u k u ŋ ]_w
[_w m e ɲ u k a i ]_w
[_w s u r a d ]_w
[_w d e t i k ]_w
[_w h a l u s ]_w
[_w b e r a ]_w
[_w w a h j u ]_w
[_w m e n u r u d ]_w
[_w b u k a n l a h ]_w
[_w m a s dʒ i t ]_w
[_w p a n tʃ a ŋ ]_w
[_w r u m p u t ]_w
[_w s e p a i ɡ ]_w
[_w k a m p ]_w
[_w t e s a i n s ]_w
[_w t a tʃ a m ]_w
[_w s e k o l a h ]_w
[_w n a t a l a m ]_w
[_w t h a r m a t ]_w
[_w b e s t ]_w
[_w k u a s a ]_w
[_w a k a m a ]_w
[_w k a w a ]_w
[_w s a m a ]_w
[_w m o j a ŋ ]_w
[_w d a ŋ a n i ]_w
[_w h i l l ]_w
[_w tʃ o u n t j ]_w
[_w t a n p a ]_w
[_w s e r p i s a u ]_w
[_w k e ɲ a t a a n ]_w
[_w b a t u ]_w
[_w dʒ e m b a d ]_w
[_w r e m b a l a ]_w
[_w t a j a ɡ ]_w
[_w b u k u p u k ]_w
[_w t o k o ]_w
[_w ɡ o m u n e ]_w
[_w u t u h ]_w
[_w p a t a s ]_w
[_w b e r b u s a ɡ ]_w
[_w p o b ]_w
[_w m u s i k ɲ a ]_w
[_w p r i m e ]_w
[_w p u k u ]_w
[_w i t e ]_w
[_w m a n f a a t ]_w
[_w m u r n i ]_w
[_w d i m o r ]_w
[_w k a r a m ]_w
[_w m a l a k i ]_w
[_w k o a l i s i s ]_w
[_w r a s a ]_w
[_w p r a s a h ]_w
[_w m e ŋ a ŋ k a b ]_w
[_w s i s i ]_w
[_w m a j a d ]_w
[_w b e s a w a t ]_w
[_w s a m b a k ]_w
[_w m e t a n ]_w
[_w m a j a ]_w
[_w d e l ]_w
[_w k o l o n i ]_w
[_w b e n ]_w
[_w t e r p u a t ]_w
[_w b o b ]_w
[_w s a u t a r a ]_w
[_w s e n tʃ a h a d ]_w
[_w d e n i s ]_w
[_w s a t ]_w
[_w b u k u b ]_w
[_w a s a b ]_w
[_w b a n d u ŋ a n ]_w
[_w p e n d u ɡ ]_w
[_w t u s u n ]_w
[_w b r o s e s ]_w
[_w t a t a r ]_w
[_w ɡ a m b o tʃ a ]_w
[_w s e h i ŋ k a ]_w
[_w b a ɲ u a s i ]_w
[_w i n d u k ]_w
[_w b r a s a ]_w
[_w d o k t o r ]_w
[_w m e ɲ a t a r ]_w
[_w ɡ a p a l ]_w
[_w t a n a u ]_w
[_w a d h e n a ]_w
[_w k o t a ]_w
[_w s o s i a l ]_w
[_w k e r a d o r ]_w
[_w p e n t a t a ]_w
[_w m e ɲ a t a a n ]_w
[_w d a m u ]_w
[_w m e n e r a s ]_w
[_w t a a d ]_w
[_w k u n u ŋ ]_w
[_w d u b a n ]_w
[_w b u r u k ]_w
[_w i s t a n ]_w
[_w i s t i l a n ]_w
[_w d i b a n t ]_w
[_w i r a k i r a ]_w
[_w k a u m ]_w
[_w f a s i ]_w
[_w b r o j e ɡ ]_w
[_w m a r k ]_w
[_w i n d e r i m a ]_w
[_w r a d i o n ]_w
[_w r j a n ]_w
[_w d i b u a ŋ ]_w
[_w t e b u t ]_w
[_w ɲ a d a a n ]_w
[_w k a l a u ]_w
[_w m e l e b i h ]_w
[_w u n d u ɡ ]_w
[_w p i l o d ]_w
[_w m e ŋ h a d a p ]_w
[_w l u ɡ i s ]_w
[_w o s a k a ]_w
[_w s t a s i ]_w
[_w t a m p a h ]_w
[_w s u l a i ]_w
[_w m a d i s ]_w
[_w f l o r e s ]_w
[_w k e ɲ a d a a n ]_w
[_w n a t a ]_w
[_w p u n dʒ a ŋ ]_w
[_w b e n tʃ u a l ]_w
[_w m e n u l i s ]_w
[_w a l e ɡ ]_w
[_w b o l a ]_w
[_w t a h a r i a ]_w
[_w b u m i ]_w
[_w ɡ u l i a h ]_w
[_w j e s u s ]_w
[_w w a r k a ]_w
[_w s e t u dʒ u h ]_w
[_w b r a m u k a ]_w
[_w u t u h a n ]_w
[_w a n d a r a ɲ a ]_w
[_w p r o f e s o r ]_w
[_w a b r a h a m ]_w
[_w t u m b u h ]_w
[_w p e m u dʒ a a n ]_w
[_w m e r e b u d ]_w
[_w p a h a n a n ]_w
[_w l a u t ]_w
[_w r i p u a ŋ ]_w
[_w i t o l o ɡ i ]_w
[_w p u a h ]_w
[_w m e n t a ]_w
[_w i n i l a i ]_w
[_w p a l i ŋ ]_w
[_w m e ŋ a m a t ]_w
[_w s i a ŋ ]_w
[_w t a ŋ k a t a ]_w
[_w h a ŋ a t ]_w
[_w b r o d e s ]_w
[_w b e l a ɡ ]_w
[_w d a s a n ]_w
[_w p l i d a s ]_w
[_w s a m p a r ]_w
[_w r a d u r ]_w
[_w t i n a s i h ]_w
[_w dʒ a m b u ]_w
[_w ɡ o t ]_w
[_w s e l a m i ]_w
[_w w i b ]_w
[_w s u n ]_w
[_w h a d i ɲ a ]_w
[_w b e r k a t ]_w
[_w t a ŋ e r a ŋ ]_w
[_w d i a w a l ɲ a ]_w
[_w m a u l a n ]_w
[_w k i s a n ]_w
[_w n a k a ]_w
[_w b e n t i ɡ ]_w
[_w d e r ɡ e n a l ]_w
[_w k l a s i ]_w
[_w m i ɲ a k ]_w
[_w d a p a d ]_w
[_w b r o k r a m ]_w
[_w r e n d a m ]_w
[_w s e p e l a ŋ ]_w
[_w k a m b u ŋ ]_w
[_w m i n a ŋ ]_w
[_w p e r a n d ]_w
[_w m e ɲ a ɲ i ]_w
[_w d a ŋ a n ]_w
[_w k u a l a ]_w
[_w s i ɲ a ]_w
[_w h a m b i l ]_w
[_w k a r a n ]_w
[_w r u m a h ]_w
[_w h a n tʃ u r u ]_w
[_w u r u s ]_w
[_w b e ɲ a k i t ]_w
[_w a b a d a s ]_w
[_w h a n d u ]_w
[_w o r d o d o k s ]_w
[_w b a l i ]_w
[_w b i s a u ]_w
[_w p e s i f i k ]_w
[_w m a n i s ]_w
[_w p e ŋ a m a t ]_w
[_w d i k i d ]_w
[_w d i b i l ]_w
[_w d o r i a ]_w
[_w b e r s a m a ]_w
[_w p a h a s a n ]_w
[_w t e m b a r ]_w
[_w t i n a m a ]_w
[_w m a t u r ]_w
[_w a w a l i ]_w
[_w r i s i s ]_w
[_w p e ɲ a i r ]_w
[_w h i l i r ]_w
[_w t i b a k a r ]_w
[_w s p a ɲ o l ]_w
[_w t u k u ŋ ]_w
[_w a l a d a ŋ ]_w
[_w b o ɡ o ɡ ]_w
[_w d e b a n ]_w
[_w a d l a n d a ŋ ]_w
[_w k e b a l a ŋ ]_w
[_w d i m a k s i ]_w
[_w tʃ i p i n a n ]_w
[_w k o m e n d a l ]_w
[_w s e h a r t ]_w
[_w t e o r i ]_w
[_w t e n a ɡ a r ]_w
[_w dʒ a r a k t e r ]_w
[_w r i b u a t ]_w
[_w k u t e d a b ]_w
[_w k e p u m e n ]_w
[_w m e n a r a ]_w
[_w p u p a d i ]_w
[_w b e l u r u h ]_w
[_w b r e s i ]_w
[_w b r i n s i ]_w
[_w w a r ɡ a ]_w
[_w b a j e r n ]_w
[_w m a dʒ a ]_w
[_w b a s u k a i ]_w
[_w b i m p i ]_w
[_w a ŋ k u p ]_w
[_w dʒ a r a ]_w
[_w b e r dʒ e r a i ]_w
[_w b a l a p ]_w
[_w m e n t a ɡ a t ]_w
[_w b e r a i h ]_w
[_w p e k i t a p ]_w
[_w m a s dʒ i d ]_w
[_w s a m u e l ]_w
[_w k e m p a ]_w
[_w r u m p u n u h ]_w
[_w p a l i k ]_w
[_w p a r u ]_w
[_w b r a n dʒ a ŋ ]_w
[_w b e n t i r i ]_w
[_w b a h k a m a r ]_w
[_w m u s l i m ]_w
[_w ɡ u r s i ]_w
[_w m a s i h a t ]_w
[_w k r i s t u s ]_w
[_w m u l a i ]_w
[_w dʒ u dʒ u ]_w
[_w l a m b a i ]_w
[_w d i p i s ]_w
[_w s u n a n ]_w
[_w a r m a d a ]_w
[_w b e n t a ]_w
[_w k a tʃ a h ]_w
[_w dʒ e r r j ]_w
[_w d i t u n dʒ u l ]_w
[_w s a a d ]_w
[_w s e n t i r i ]_w
[_w m o d e ]_w
[_w d i a t o p s i ]_w
[_w p i a l a m ɲ a ]_w
[_w l a k u ]_w
[_w p e r b u k t i ]_w
[_w k u s t i ]_w
[_w i n d e l ]_w
[_w p e n tʃ a r ]_w
[_w m u t l a k ]_w
[_w d e m b u h ]_w
[_w ɡ e l u a r a ]_w
[_w t e r b u a t ]_w
[_w d i t a m ]_w
[_w s a r dʒ a n a ]_w
[_w s e l a i n ]_w
[_w a l o r ]_w
[_w k a r a ]_w
[_w l a b e l ]_w
[_w u d a r a ]_w
[_w m a r e d ]_w
[_w p a n d a ŋ ]_w
[_w k e t u dʒ u a n ]_w
[_w b e l a d i h ]_w
[_w u b a dʒ a ]_w
[_w f a s e ]_w
[_w b e r p a ]_w
[_w d i m i l i ɡ ]_w
[_w t a r ɡ e t ]_w
[_w p i l o t ]_w
[_w s t a t u k ]_w
[_w k i a i ]_w
[_w t u p u h ɲ a ]_w
[_w d i h a p u s ]_w
[_w ʃ a r i f ]_w
[_w a ɡ u r a ŋ i ]_w
[_w i b u k a ]_w
[_w t e w a ]_w
[_w a n t a ŋ ]_w
[_w k a tʃ a ŋ ]_w
[_w s e b a ɡ a ]_w
[_w s tʃ h o o l ]_w
[_w t i p a b d i s ]_w
[_w b e r u s ]_w
[_w d u m b u l u ]_w
[_w s h a ŋ ]_w
[_w s e m a k i n ]_w
[_w d e m i ]_w
[_w s e d ]_w
[_w k a m e r i ŋ ]_w
[_w s t a p i ]_w
[_w b e l a s ]_w
[_w dʒ i ɡ a ]_w
[_w f o d o ]_w
[_w s e m a ɡ i n ]_w
[_w b i m a ]_w
[_w m i s k i n ]_w
[_w s e s e o r a ŋ ]_w
[_w a b d u ]_w
[_w p e b a z ]_w
[_w s a j a ŋ ]_w
[_w k e n t a ]_w
[_w n o p e l ]_w
[_w b a k u ]_w
[_w m o n s t e r ]_w
[_w w a h i t ]_w
[_w k o n o m i ]_w
[_w s e dʒ a r a ]_w
[_w k a m b ]_w
[_w t i b e n d a ŋ ]_w
[_w a p a t ]_w
[_w b r o s e s o r ]_w
[_w a d i l a r a ŋ ]_w
[_w p u l a ]_w
[_w d e k a t ]_w
[_w t e t a b ]_w
[_w b e ŋ k a u a n ]_w
[_w u k u r ]_w
[_w p e l k i a ]_w
[_w d i f i s i ]_w
[_w m e ŋ a ŋ k a ]_w
[_w k a m i s ]_w
[_w b a w a h a n ]_w
[_w a l a p a ]_w
[_w p a dʒ a r a ]_w
[_w k e m u d i a n ]_w
[_w s a l e h ]_w
[_w h u r u f ]_w
[_w b e r n i a d ]_w
[_w m o h a m m a d ]_w
[_w k a t a ]_w
[_w t a r i k ]_w
[_w a n t a ]_w
[_w r i s e t ]_w
[_w s o e h a r i ]_w
[_w p e t i n a ]_w
[_w d e r n e d ]_w
[_w a h l i a n ]_w
[_w t e ŋ k a m ]_w
[_w k a k a k ]_w
[_w k u l i a ]_w
[_w r e k o r ]_w
[_w p r o t o k s ]_w
[_w l a h a n ]_w
[_w d i s i n ]_w
[_w n a s i b ]_w
[_w t i p u n u h ]_w
[_w m e ŋ i ɡ a t ]_w
[_w p e r ɲ a ]_w
[_w i s t r i a ]_w
[_w d e k a n a n ]_w
[_w t e s a i n ]_w
[_w m a k s u d ]_w
[_w p e ŋ ɡ u l u ]_w
[_w a r d i k e l ]_w
[_w h i p u r a n s ]_w
[_w n a m u n ]_w
[_w p a h k a n ]_w
[_w n a k a r ]_w
[_w k e ŋ k a m ]_w
[_w d e o r i ]_w
[_w t a t a n ]_w
[_w t r a n s i ]_w
[_w k e m a s ]_w
[_w t a n t a ]_w
[_w s k e n a ]_w
[_w t e k a s i ]_w
[_w d i b a n t e n ]_w
[_w d a p u ŋ ]_w
[_w h a r i ɲ a ]_w
[_w m u a d ]_w
[_w dʒ a u h ]_w
[_w b l a s m a ]_w
[_w p a k i ɲ a ]_w
[_w s a i t ]_w
[_w m e t e r ]_w
[_w m o t i f ]_w
[_w l i m a ]_w
[_w s a t e l i ]_w
[_w u dʒ i a n ]_w
[_w dʒ a l a n ]_w
[_w p u d i t a t ]_w
[_w t r s ]_w
[_w t i t u d u p ]_w
[_w t e r b a k s a ]_w
[_w u r u t ]_w
[_w ɡ r e e n ]_w
[_w s e n i l a i ]_w
[_w s i d a ]_w
[_w m e r u dʒ u k ]_w
[_w t i t o r ]_w
[_w d e r t e m u i ]_w
[_w p e r l i b a t ]_w
[_w tʃ a w a p ]_w
[_w w a k i l ]_w
[_w tʃ a n d u ]_w
[_w b e r a t ]_w
[_w m e n i t ]_w
[_w f o r m a l ]_w
[_w p e n i h ]_w
[_w k u a n ]_w
[_w m u h a m m a d ]_w
[_w ɡ i t a l i a n ]_w
[_w d i ŋ ɡ i ]_w
[_w t i b u k o t a ]_w
[_w w a tʃ i p ]_w
[_w b e n a r i ]_w
[_w p e s a n ]_w
[_w w a k t u ]_w
[_w i k a n ]_w
[_w m e l a r ]_w
[_w p e r i s ]_w
[_w e f i s i ]_w
[_w f i n i s h ]_w
[_w p o p u l a n ]_w
[_w r u t a n ]_w
[_w s i d a ŋ ]_w
[_w d a ŋ k a ]_w
[_w k r e e n ]_w
[_w d i u n t a ŋ ]_w
[_w k e a m a n ]_w
[_w m e n d u k ]_w
[_w i n d r a ]_w
[_w p e r p u a t ]_w
[_w m e n d a h ]_w
[_w t i b a d ]_w
[_w s i ŋ k a d ]_w
[_w b e r h a t a p ]_w
[_w b e r s e b a k ]_w
[_w t a f t a r ]_w
[_w u s k u p ]_w
[_w b a m p u ]_w
[_w p e r a w a t ]_w
[_w m e ɲ u r u h ]_w
[_w d e r b a ɡ i ]_w
[_w s i m b a n ]_w
[_w p e n u l i s ]_w
[_w t a n k ]_w
[_w dʒ o n t o n ]_w
[_w k e o r k e ]_w
[_w s l a m e t ]_w
[_w a i r p u s ]_w
[_w a u s t r u ]_w
[_w p e r d i ]_w
[_w k u p a ŋ ]_w
[_w p e m e k a ŋ ]_w
[_w t a r a d ]_w
[_w p i n d a ŋ a n ]_w
[_w r a ŋ k a ]_w
[_w p r a m u k a ]_w
[_w x a n ]_w
[_w d i k a ]_w
[_w a l a p ]_w
[_w a t a u ]_w
[_w a k t r i s ]_w
[_w d u l i s ]_w
[_w m e n t e r ]_w
[_w m e n t a ŋ ]_w
[_w e m a s a n ]_w
[_w k o d a k ]_w
[_w a t i b a k a t ]_w
[_w h a ɡ i m ]_w
[_w m i l j a r ]_w
[_w r e a k s i ]_w
[_w t a r k e d ]_w
[_w a p t u l l a h ]_w
[_w ɡ i t a r ]_w
[_w s a n d o ]_w
[_w w a f a d ]_w
[_w k a m b u s ]_w
[_w tʃ u a tʃ a ]_w
[_w b e r i o t e ]_w
[_w m e m a t a r ]_w
[_w h a n d u a n ]_w
[_w p r o k r a t ]_w
[_w b a n e n ]_w
[_w b a r t a w a r ]_w
[_w s i ŋ a ]_w
[_w k o n e k s i ]_w
[_w n a t a l a h ]_w
[_w ɡ e b a t u ŋ ]_w
[_w s a r a n ]_w
[_w a n dʒ a m a n ]_w
[_w a l a ]_w
[_w p a h w a n a n ]_w
[_w p r i b u ]_w
[_w s p e s i s ]_w
[_w m e r i ŋ ]_w
[_w d e r dʒ a ]_w
[_w u ŋ u ]_w
[_w s i d o a r tʃ o ]_w
[_w k a r u t a n ]_w
[_w s k a l a ]_w
[_w i l m u w a n ]_w
[_w p e r i t a s ]_w
[_w p a n d i t a ɡ ]_w
[_w t u m p u h ]_w
[_w b a n d ]_w
[_w m a ɡ a n ]_w
[_w k a p a l ]_w
[_w p e r s i a ]_w
[_w l a m a ]_w
[_w a r e a ]_w
[_w u l a m u l a ]_w
[_w m e m e l u a ŋ ]_w
[_w s e k t o r ]_w
[_w i n dʒ i n ]_w
[_w b u r u ]_w
[_w s a m a n a ]_w
[_w m a s t e r ]_w
[_w p e ŋ u n dʒ u k ]_w
[_w tʃ u r u ]_w
[_w b e n tʃ a r ]_w
[_w t i a l e ɡ ]_w
[_w h i a z a ]_w
[_w d e r d a i ]_w
[_w s a m a n ]_w
[_w n a ŋ ɡ a ]_w
[_w p a b i l a ]_w
[_w l e w a t i r ]_w
[_w u k r a i n a ]_w
[_w h a k i m ]_w
[_w t a n i a ]_w
[_w p a i k ]_w
[_w l e b a s ]_w
[_w z a j a ŋ ]_w
[_w b e r f u ŋ s i ]_w
[_w p r i a ]_w
[_w tʃ u b ]_w
[_w s i ŋ a b u r ]_w
[_w s e l ]_w
[_w k u r u n a n ]_w
[_w k s i i ]_w
[_w b e ŋ i k u t ]_w
[_w m e r a ]_w
[_w h a m p i ŋ ]_w
[_w l a b i s ]_w
[_w a n e ɡ a r ]_w
[_w a l a m ]_w
[_w d i a p ]_w
[_w a l a m ɲ a ]_w
[_w p e ŋ a k u a n ]_w
[_w m a dʒ u a n ]_w
[_w b e r a w a ŋ ]_w
[_w k a w a s a n ]_w
[_w dʒ i n dʒ i n ]_w
[_w k u n dʒ i ]_w
[_w d i n a s ]_w
[_w t i m o r ]_w
[_w d i s e r t a ]_w
[_w t a l a m i n ]_w
[_w a t a t ]_w
[_w ɡ e r a t ]_w
[_w a s r a m a h ]_w
[_w dʒ a w a p a n ]_w
[_w d u d u k ]_w
[_w m e n dʒ o b a ]_w
[_w l u m b u ]_w
[_w k i s a r ]_w
[_w a i r b u s a t ]_w
[_w s e s u t a h ]_w
[_w p a ɡ a r ]_w
[_w dʒ u m l a h ɲ a ]_w
[_w d i s k u s i ]_w
[_w d o s a ]_w
[_w d a n ]_w
[_w m e n i ŋ k a l ]_w
[_w k e l a ŋ k a ]_w
[_w d e r b i a ]_w
[_w b a ŋ u n ]_w
[_w a t a ɲ a ]_w
[_w t e ɡ a ]_w
[_w a t a l a h ]_w
[_w p i t a ŋ ]_w
[_w s e k a l i ]_w
[_w tʃ a ŋ a n ɲ a ]_w
[_w b i tʃ a r a n a ]_w
[_w b a k i a n ]_w
[_w a k a k ]_w
[_w dʒ u t u l ]_w
[_w s e dʒ a k ]_w
[_w d i p a ]_w
[_w r u n d u k ]_w
[_w p a b r i k ]_w
[_w dʒ a ŋ ɡ a n ]_w
[_w o p t i k ]_w
[_w n o n ]_w
[_w m u s a ]_w
[_w k e m p a w a ]_w
[_w k u d e t a ]_w
[_w p a n k ]_w
[_w m e ŋ k e m a r ]_w
[_w m e r e k a m a ]_w
[_w s e d i a ]_w
[_w p a l a ɲ a ]_w
[_w d a m i l a ]_w
[_w m e r a n ]_w
[_w n o p u n a ɡ a ]_w
[_w a w a r a n ]_w
[_w d a r i ]_w
[_w d u r n a ]_w
[_w t i p a tʃ a ]_w
[_w b e m a l a k i ]_w
[_w s a d u a n k u ]_w
[_w p a r t a w a r ]_w
[_w dʒ a l o n s o r ]_w
[_w b e n e m u a t ]_w
[_w r o m b o ŋ ]_w
[_w ɡ o r e a ]_w
[_w m e n i a ]_w
[_w f a ɡ u l t a n ]_w
[_w k u k u s u k u ]_w
[_w a k a t a ]_w
[_w m a n u s i a ]_w
[_w b e ŋ i k a t ]_w
[_w t e p u d ]_w
[_w n e k a r a ŋ ]_w
[_w l a j a k ]_w
[_w p e r a s a l ]_w
[_w p a s s ]_w
[_w u n d u r ]_w
[_w i t u l a h ]_w
[_w m e n a n t i ]_w
[_w s l a m ]_w
[_w m e m p e r ]_w
[_w p a m b u ]_w
[_w s t a f ]_w
[_w b a h a n ]_w
[_w m e n e r i m a ]_w
[_w p e r i ŋ ]_w
[_w t e r l e p i h ]_w
[_w r i s e d ]_w
[_w d i t a d ]_w
[_w d a r k e d ]_w
[_w b e k i t a r ]_w
[_w d e r dʒ u a ŋ ]_w
[_w b e n t u k ]_w
[_w r i t u a s i ]_w
[_w k a r k o ]_w
[_w n e k a t i f ]_w
[_w m a t i a n ]_w
[_w r a ŋ k a b ]_w
[_w s a h a m ]_w
[_w t e ɡ a ɡ ]_w
[_w k a k i ɲ a ]_w
[_w p a t a ŋ ]_w
[_w p u d a j a ]_w
[_w ɡ a k a k ]_w
[_w b u l u h ]_w
[_w d i u s ]_w
[_w t e k s ]_w
[_w a m i r ]_w
[_w r o tʃ k ]_w
[_w t u m p u l u h ]_w
[_w m e ɲ e p a p ]_w
[_w l e p a s ]_w
[_w p e n d i ]_w
[_w m a s tʃ i t ]_w
[_w m e n t e t a ]_w
[_w p e r s a m a n ]_w
[_w m e m b e l a s ]_w
[_w dʒ a p a t ]_w
[_w k e t i r i ]_w
[_w b b tʃ ]_w
[_w t i h u k u m ]_w
[_w s e n dʒ a r ]_w
[_w p i s a ]_w
[_w s a j a p ]_w
[_w r o j a l ]_w
[_w s e l e k s ]_w
[_w b a t a n ]_w
[_w d e r d e m u ]_w
[_w p e r e d a r ]_w
[_w s e b a n ]_w
[_w s e l a n ]_w
[_w d i t a t ]_w
[_w r u s i a ]_w
[_w m a l i k ]_w
[_w m u a r a ɲ a ]_w
[_w b l i d a s ]_w
[_w m e ŋ a r u h ]_w
[_w k i t a l ]_w
[_w b a u s ]_w
[_w t e l i ]_w
[_w d a u n ]_w
[_w tʃ a l a ]_w
[_w u b a j a r ]_w
[_w t i m u r ]_w
[_w ɡ r e s i ]_w
[_w k a b u ŋ a n ]_w
[_w s a l i b ]_w
[_w o n e ]_w
[_w t a w a r d ]_w
[_w t i l a j a r ]_w
[_w m e m u l a i ]_w
[_w l a n tʃ u r i ]_w
[_w p e m u t i a n ]_w
[_w l e b a n o n ]_w
[_w p e n u d u p ]_w
[_w s e p a k ]_w
[_w t e n i s ]_w
[_w b a d u a n ]_w
[_w t a e r a h ]_w
[_w s e m e n ]_w
[_w a d e ɡ i ]_w
[_w b i s a h ]_w
[_w a n tʃ a ŋ ɲ a ]_w
[_w e r a t o n ]_w
[_w d i a m a n a ]_w
[_w d e w a n ]_w
[_w dʒ o m b a ŋ ]_w
[_w a n i m a l ]_w
[_w a l a m i ]_w
[_w p e m b a n ]_w
[_w s e ɡ m e n ]_w
[_w b e r w i r a ]_w
[_w s e t i h ]_w
[_w l o l o s ]_w
[_w tʃ a n tʃ i s ]_w
[_w r e m b a t ]_w
[_w r e s p o n ]_w
[_w l a s i ɡ ]_w
[_w k a r e d ]_w
[_w t i d u r ]_w
[_w s a n t o r o ŋ ]_w
[_w b e s i e s ]_w
[_w b e t a ɡ a d ]_w
[_w s u m p e r ]_w
[_w s o e h a r t o ]_w
[_w a t a ]_w
[_w ɡ e dʒ a j a ]_w
[_w t i p a w a ŋ ]_w
[_w p u d e r ]_w
[_w h a n ]_w
[_w a k u s t i ]_w
[_w r e n d a h ]_w
[_w k o m b l e k s ]_w
[_w d e ŋ ɡ a n t i ]_w
[_w t i l a n ]_w
[_w s e n s o r ]_w
[_w t e p u ŋ ]_w
[_w i s i ɲ a l ]_w
[_w p r o j e k ]_w
[_w a u s t r i ]_w
[_w p u t a r a n a ]_w
[_w a r t i l e r i ]_w
[_w b e m i l i k ]_w
[_w ɡ e l a b a ]_w
[_w n a n d i ɲ a ]_w
[_w s i k l u s ]_w
[_w a t a l a m ]_w
[_w t a l a h ]_w
[_w m e n e t i k ]_w
[_w s e n i n ]_w
[_w t o l ]_w
[_w m a ɡ a i ]_w
[_w r a b u ]_w
[_w d a t a ŋ ]_w
[_w b e r s ]_w
[_w p o l i t i k ]_w
[_w d a n i ]_w
[_w d u n i a ]_w
[_w n e k a t r o n ]_w
[_w d i u n ]_w
[_w p a d u ]_w
[_w k e r b a t a ŋ ]_w
[_w b a n dʒ a ŋ ]_w
[_w s dʒ o t t ]_w
[_w s u k a i ]_w
[_w p e r s i ]_w
[_w t a r i ]_w
[_w k u e ]_w
[_w d i k i d a p ]_w
[_w p e s t ]_w
[_w s a j a ]_w
[_w ɡ u a ]_w
[_w s i f a t ]_w
[_w s e p e s ]_w
[_w d i k u s ]_w
[_w f i l o s o f i ]_w
[_w d e m p o k ]_w
[_w m e r a w a ŋ ]_w
[_w w a l a u p u n ]_w
[_w i p u ]_w
[_w s m u ]_w
[_w b e r s a m a n ]_w
[_w d u k u h ]_w
[_w s e ɡ a r a ]_w
[_w t a m a t ]_w
[_w m a r i o ]_w
[_w m o d e l ]_w
[_w b a l a p a m a ]_w
[_w o t o n o m i ]_w
[_w p a n t u ŋ ]_w
[_w s u k u ]_w
[_w ɡ a d a ]_w
[_w m a s k a p a l ]_w
[_w p e r ɲ a ɲ i ]_w
[_w d i a l e k ]_w
[_w s a tʃ a ]_w
[_w b e s a r ]_w
[_w dʒ a t i a h ]_w
[_w s a l a h ]_w
[_w ɡ e e m b a t ]_w
[_w s i n e d r o n ]_w
[_w b a s i f i k ]_w
[_w s a d u ɲ a ]_w
[_w b a h l a w a n ]_w
[_w d e h ]_w
[_w p i t ]_w
[_w s e l u r u h ]_w
[_w l i ɡ a ]_w
[_w s e r f i tʃ e ]_w
[_w n a n ]_w
[_w p a d a m ]_w
[_w d i l a h ]_w
[_w ɡ u d u b ]_w
[_w b a r k i r ]_w
[_w s u k u s u k u ]_w
[_w d i a ŋ k a t ]_w
[_w d e b u ŋ ]_w
[_w u t a r a n a n ]_w
[_w d e r l i n ]_w
[_w a n e k a r a n ]_w
[_w f o t o ]_w
[_w t u l u ]_w
[_w d e s a ]_w
[_w b i n tʃ a m ]_w
[_w t i m u a t ]_w
[_w b a m b a t ]_w
[_w d h a r m a ]_w
[_w b r o t u s e r ]_w
[_w p e d a n ]_w
[_w dʒ e n d e t a ]_w
[_w r a tʃ i ŋ ]_w
[_w t a r u ŋ ]_w
[_w l e ŋ ɡ a n ]_w
[_w l e n s a ]_w
[_w dʒ a d i ]_w
[_w a j u ]_w
[_w s i a p ]_w
[_w r e n d a r a ]_w
[_w a l o n s o ]_w
[_w m e m o h o n ]_w
[_w k u s t u s ]_w
[_w b o j ]_w
[_w d u b u h ]_w
[_w u n i ]_w
[_w ɡ e tʃ u a ŋ ]_w
[_w l a b a ]_w
[_w s i s a ɲ a ]_w
[_w d i r e k t o r ]_w
[_w k i t a r i ]_w
[_w d e r h a r ɡ a ]_w
[_w l a n tʃ u ŋ a n ]_w
[_w l e t a k ]_w
[_w m i n u m ]_w
[_w m i l i t e r ]_w
[_w f i tʃ t o r i s ]_w
[_w i n tʃ ]_w
[_w a n a l i ]_w
[_w d h a i ]_w
[_w p o k o k ]_w
[_w m u s i ɡ ]_w
[_w i n f a s i ɡ ]_w
[_w b e ɡ e r a t u ]_w
[_w m i n i ]_w
[_w m e n u r u t ]_w
[_w k e n d a r a ]_w
[_w m a ŋ a ]_w
[_w d i a ŋ ]_w
[_w e b i s o t e ]_w
[_w dʒ o n d o ɡ ]_w
[_w r e k i o n a l ]_w
[_w t e n t a r a ]_w
[_w k u n o ]_w
[_w k e d u a ɲ a ]_w
[_w ɡ u n a ]_w
[_w i n t i ]_w
[_w b u dʒ i a n ]_w
[_w m i d o s ]_w
[_w a s e a n ]_w
[_w t u m b u n u h ]_w
[_w m e w a h ]_w
[_w h i m b u l ]_w
[_w r u m u s ]_w
[_w s e o r a ŋ ]_w
[_w d i m u a t ]_w
[_w l a t i h ]_w
[_w p e ŋ a dʒ u ]_w
[_w n e k e r i ]_w
[_w k e t i k a ]_w
[_w m a k a m a h ]_w
[_w k a m p o ŋ a n ]_w
[_w f u ŋ s i ]_w
[_w a l a d ]_w
[_w d e r s i z ]_w
[_w m e ŋ h a s i l ]_w
[_w e d n i s ]_w
[_w o b o s i s i ]_w
[_w dʒ a d a ŋ ]_w
[_w k o m e t i a ]_w
[_w b e r a k a m ]_w
[_w b o n u s ]_w
[_w i k s ]_w
[_w s p o n s o r ]_w
[_w ɡ o l o m p o n ]_w
[_w f i f a ]_w
[_w m e r i ŋ ɡ a t ]_w
[_w b o s ]_w
[_w k r e s n a ]_w
[_w h i s t o r i a ]_w
[_w m o r a l ]_w
[_w s e l e k a d ]_w
[_w b e r s i k a ]_w
[_w k u b e r ]_w
[_w p a tʃ a r ]_w
[_w k o m p o ŋ a n ]_w
[_w k a m i l a n ]_w
[_w k i s a h ]_w
[_w s a t a ]_w
[_w d e m p a r a ]_w
[_w k u l a ]_w
[_w a n tʃ i s ]_w
[_w k o n s e l ]_w
[_w dʒ a m b u r ]_w
[_w t a ŋ ]_w
[_w d a n a ]_w
[_w h a ɲ a ]_w
[_w d a n tʃ u d ]_w
[_w k e m p a n ]_w
[_w i o n ]_w
[_w h a t i a h ]_w
[_w s e ɡ a l ]_w
[_w tʃ o m b a ]_w
[_w ɡ e m b a n d a ]_w
[_w h e r a n a ]_w
[_w k u r a t ]_w
[_w a r t h u r ]_w
[_w m e n u t u b ]_w
[_w h e p a d a ]_w
[_w p a t a k a n ]_w
[_w d a r u ŋ ]_w
[_w m e ŋ a ɡ u i ]_w
[_w k e m b a k ]_w
[_w m e ŋ e l o l a ]_w
[_w s u a m i ɲ a ]_w
[_w b a r t a ]_w
[_w m e ŋ u k u r ]_w
[_w p a k a r d a ]_w
[_w p e n tʃ a n a ]_w
[_w tʃ a s a ]_w
[_w b e r a p i ]_w
[_w s e k e r i ]_w
[_w t e r t e k a t ]_w
[_w p e n d e ]_w
[_w o d o d ]_w
[_w k e r a t o n ]_w
[_w x u s u s ]_w
[_w s m a ]_w
[_w t i ŋ ɡ i ]_w
[_w s a h a ]_w
[_w t o u r ]_w
[_w m u s u h ]_w
[_w a f a t ]_w
[_w tʃ a f a ]_w
[_w a t l e t ]_w
[_w u t a m a d ]_w
[_w t e m p u h a n ]_w
[_w i b u ]_w
[_w p e r a ŋ ]_w
[_w p e r m u k i m ]_w
[_w m e d i s i ]_w
[_w m e ŋ k l a i m ]_w
[_w d i s t r i ]_w
[_w dʒ a n t a ŋ a n ]_w
[_w p u n dʒ a ɡ ]_w
[_w k a r a ŋ ]_w
[_w dʒ a f a ]_w
[_w m e l i h a t ]_w
[_w m e ŋ u a s a i ]_w
[_w b i t a ŋ ]_w
[_w m i l i ɡ i ]_w
[_w b a d a m ]_w
[_w a m e r a ]_w
[_w t i a w a l ]_w
[_w m e r a p ]_w
[_w o p e r t ]_w
[_w j e h u d a ]_w
[_w tʃ a h a d ]_w
[_w i n t e r u d ]_w
[_w b i s a ]_w
[_w k a dʒ i a n ]_w
[_w t u t u h ]_w
[_w m a s s a r ]_w
[_w t e s e m p i r ]_w
[_w b e ŋ a dʒ a k ]_w
[_w e d w a r d a ]_w
[_w m e n a m ]_w
[_w i b n u ]_w
[_w p u ŋ s u ]_w
[_w s u d u d ]_w
[_w f i t a m p a r ]_w
[_w p e n t a m ]_w
[_w k e l a p ]_w
[_w p e r s o n e l ]_w
[_w a u d o b o t s ]_w
[_w t i t u k a s ]_w
[_w i d o l a k ]_w
[_w j e s a j a ]_w
[_w dʒ a t i a s i ]_w
[_w f i n a l i s ]_w
[_w k u l o n ]_w
[_w s i t i ]_w
[_w k u m b u h a n ]_w
[_w l o k a s i ]_w
[_w s e m b a t ]_w
[_w k a m e l a ŋ ]_w
[_w b a n a h ]_w
[_w k a r i ]_w
[_w m e n i r u ]_w
[_w m e n d e r ]_w
[_w m i l i d e r i ]_w
[_w i s t r i ]_w
[_w b a r d a ]_w
[_w a s e t ]_w
[_w s a l i ŋ ]_w
[_w k a n t o ]_w
[_w m e m p u t e r ]_w
[_w k a m e ]_w
[_w d a h a n ]_w
[_w dʒ a w a p ]_w
[_w b o n t ]_w
[_w h a l l ]_w
[_w k o s o ŋ ]_w
[_w p a d a n ]_w
[_w b a h a j a ]_w
[_w m e l u a s ]_w
[_w d p r d ]_w
[_w z a dʒ a ]_w
[_w b u t r i ]_w
[_w s u a r a ɲ a ]_w
[_w p o n s e r ]_w
[_w p a r l e m e n ]_w
[_w p o i n ]_w
[_w r a ɡ a ]_w
[_w r a d i s ]_w
[_w k u r u ɲ a ]_w
[_w p u d i ]_w
[_w d i m e ]_w
[_w m e k k a h ]_w
[_w w i l a j a r ]_w
[_w h e r a n ]_w
[_w n o ɡ i a ]_w
[_w k o m u n e ]_w
[_w dʒ o s e p h ]_w
[_w l u a r k a ]_w
[_w h i t u ŋ ]_w
[_w b i n t a ]_w
[_w u d a r a n ]_w
[_w m u s i s i ]_w
[_w p i a k ]_w
[_w k a k a k ɲ a ]_w
[_w p e n a r i ]_w
[_w b e m b a t ]_w
[_w l e t n a m ]_w
[_w k a j u ]_w
[_w h u t a ]_w
[_w a p r i l ]_w
[_w m e m p a ŋ ]_w
[_w z m s ]_w
[_w t i b a k i ]_w
[_w e ŋ ɡ a r a k ]_w
[_w t e n d a h ]_w
[_w k a m b a ŋ ]_w
[_w p e r s a i ŋ ]_w
[_w m e n a r i ]_w
[_w t r u k ]_w
[_w p e r a h ]_w
[_w f o l u s i ]_w
[_w k e d u dʒ u a n ]_w
[_w t e r dʒ a t i ]_w
[_w dʒ a b a t ]_w
[_w a u t o p o t ]_w
[_w l u a z ]_w
[_w w i l a j a n ]_w
[_w d i p a w a h ]_w
[_w m e m u a ]_w
[_w a k a l ]_w
[_w p a t i ]_w
[_w d u k u ŋ ]_w
[_w n a d a ŋ ]_w
[_w s e b e l u r u ]_w
[_w d a t a ]_w
[_w p e m a l a h ]_w
[_w b a n t a r a ]_w
[_w m e ŋ a t a s i ]_w
[_w p e r t o a ]_w
[_w i b r a h i m ]_w
[_w i t a l ]_w
[_w b e t a ]_w
[_w t e ɡ a t ]_w
[_w n u s a ]_w
[_w m e ɲ a t a ]_w
[_w d i b u k o d a ]_w
[_w d i m ]_w
[_w a h l i ]_w
[_w p u b a d i ]_w
[_w s i ŋ a p u r ]_w
[_w dʒ e m b a t ]_w
[_w s e s a m a n ]_w
[_w k a m p a r ]_w
[_w p e r b e t a ]_w
[_w s a a t ]_w
[_w d a ɡ u t ]_w
[_w b e r m u l a ]_w
[_w n o b u n a h ]_w
[_w b i a s a n ]_w
[_w j o u ]_w
[_w s i k a p ]_w
[_w t u h a n ]_w
[_w tʃ o n d o k ]_w
[_w p e l i t i ]_w
[_w a m a t ]_w
[_w p e l a dʒ a r ]_w
[_w d o m ]_w
[_w u d a m a ]_w
[_w tʃ a n u a r i ]_w
[_w a ŋ k u ŋ a n ]_w
[_w a l b u m ]_w
[_w k o r e ŋ ]_w
[_w d a s a r ]_w
[_w b e r t i ]_w
[_w a s i s ]_w
[_w m e n tʃ e ɡ a h ]_w
[_w s e k a r a ]_w
[_w s e t i ŋ ɡ a l ]_w
[_w s u a s a i ]_w
[_w dʒ u tʃ u ]_w
[_w p u l u h ]_w
[_w t o p i k ]_w
[_w n o p u n a h ]_w
[_w d e r a ]_w
[_w b o p u l a n ]_w
[_w k e n a r ]_w
[_w w a s i t ]_w
[_w m e n o n tʃ o l ]_w
[_w s p e s i f i k ]_w
[_w t a n a m a ]_w
[_w b e r t a ]_w
[_w d a h u l u ]_w
[_w b a t a m ]_w
[_w n a ɡ a r ]_w
[_w l a k i ]_w
[_w m e n dʒ a k a ]_w
[_w k o n d r a ]_w
[_w d e w i ]_w
[_w m a r ɡ u s ]_w
[_w a w a r t ]_w
[_w d u p a n ]_w
[_w b a r l e m e n ]_w
[_w b a tʃ a ]_w
[_w k u ɡ u r ]_w
[_w b e n d e r i ]_w
[_w h u ɡ u m ]_w
[_w p a r a t a ]_w
[_w k u dʒ i ŋ ]_w
[_w s i d u s ]_w
[_w d i t i k ]_w
[_w b e l a h ]_w
[_w b u ɡ a ]_w
[_w s u d a n ]_w
[_w h o d e l ]_w
[_w m e n dʒ e k a h ]_w
[_w b r a s i l ]_w
[_w h e n t a ŋ ]_w
[_w a p a k ]_w
[_w b e r u a ŋ ]_w
[_w i b u k o t a k ]_w
[_w l a i n ]_w
[_w w i s a t a r i ]_w
[_w m e m o r i ]_w
[_w d i b a k a ]_w
[_w s a t u ]_w
[_w r a dʒ a a n ]_w
[_w l a l u i ]_w
[_w a n d a n ]_w
[_w l u a s ]_w
[_w t e a t e r a ]_w
[_w d e m o k r a t ]_w
[_w dʒ a b a d a t ]_w
[_w i s l a n t i ]_w
[_w k e r e tʃ a ]_w
[_w d i a w a l i ]_w
[_w k a n d a n ]_w
[_w s e b e l u m ]_w
[_w a b a ]_w
[_w tʃ u r u s ]_w
[_w r e b u p l i k ]_w
[_w s e m a k s i ]_w
[_w s u s u l ]_w
[_w p a b i l ]_w
[_w a n tʃ i r ]_w
[_w t e ŋ ɡ a r ]_w
[_w m a r k a ]_w
[_w dʒ i n t a h ]_w
[_w t e r l e t a k ]_w
[_w p e r d a n i a ]_w
[_w dʒ a t u h ɲ a ]_w
[_w k a n d a w a n ]_w
[_w w h i t e ]_w
[_w ɡ a m p u ŋ ]_w
[_w d e ŋ ɡ a u ]_w
[_w d e p u t ]_w
[_w p a d u ŋ ]_w
[_w i d o l o k i ]_w
[_w k u d a i ]_w
[_w m e ŋ a n t u ŋ ]_w
[_w s m i d h ]_w
[_w l i n d a ]_w
[_w m a k a m a ]_w
[_w k u n tʃ u ŋ ]_w
[_w d e b a d ɲ a ]_w
[_w k i r i ]_w
[_w b l o r a ]_w
[_w t e r m i n a t ]_w
[_w i k a t ]_w
[_w dʒ i k a ]_w
[_w ɡ e tʃ a l a n ]_w
[_w r e l ]_w
[_w s u l u ŋ ]_w
[_w tʃ e m p a k a i ]_w
[_w k o m e t i ]_w
[_w d i ŋ k a t a n ]_w
[_w l e m b a ]_w
[_w k l a s i k ]_w
[_w d a x t a ]_w
[_w h i t s ]_w
[_w s e r a t o n ]_w
[_w k o w a ]_w
[_w ʃ d n e j ]_w
[_w u r u s a k ]_w
[_w l a d a r a t ]_w
[_w a b i ]_w
[_w p a p a k ]_w
[_w k a r e t ]_w
[_w a s a l ɲ a ]_w
[_w p e r a n a ]_w
[_w m e r u tʃ u k ]_w
[_w b a k u s ]_w
[_w t i l u a r a ]_w
[_w n a p o l e h ]_w
[_w d i p a n d u ŋ ]_w
[_w b a t a f i a ]_w
[_w m a r t i n ]_w
[_w s e m a k ]_w
[_w d i t e r ]_w
[_w m e w a ]_w
[_w b e r b i d ]_w
[_w k a n d i ]_w
[_w l a n t ]_w
[_w tʃ a l a n ɲ a ]_w
[_w b a ŋ s a w a h ]_w
[_w t i dʒ u a l ]_w
[_w s i ŋ k a t ]_w
[_w dʒ a dʒ a h ]_w
[_w t f r i ]_w
[_w b e m p a h ]_w
[_w m e n e l i t ]_w
[_w t e b a d a ŋ ]_w
[_w m e ŋ a w a s ]_w
[_w a k u s t u s ]_w
[_w p r a p u ]_w
[_w i d o l ]_w
[_w t a h u n a n ]_w
[_w s i m b a n d ]_w
[_w j u s u f ]_w
[_w d i r e k t u r ]_w
[_w b i t ]_w
[_w t i b a n d u ŋ ]_w
[_w p a k a u ]_w
[_w d a r i ɲ a ]_w
[_w b a n d u ]_w
[_w m i s a l ɲ a ]_w
[_w k r i s t e n ]_w
[_w m i ŋ ]_w
[_w t e r ɡ a d ]_w
[_w d e ŋ a n ]_w
[_w o l a h r a ɡ a ]_w
[_w r a h w a ]_w
[_w s a j a b ]_w
[_w r e k a ]_w
[_w d i m u s ]_w
[_w l o m b o ŋ ]_w
[_w a d u r ]_w
[_w b u n a h ]_w
[_w dʒ e m a a d ]_w
[_w p l a s a n ]_w
[_w b u a d ]_w
[_w k e t i k a n ]_w
[_w dʒ a r i ]_w
[_w s u r k a ]_w
[_w t a t a ]_w
[_w s e ɡ i ]_w
[_w i d p ]_w
[_w b o t o ŋ ]_w
[_w t i b a k a i ]_w
[_w t a r i a n ]_w
[_w p a n a h ]_w
[_w dʒ o h o r ]_w
[_w d e m b a w a ]_w
[_w b e r d a s ]_w
[_w p o l i s i ]_w
[_w b a t u a n ]_w
[_w l i t u ŋ ]_w
[_w b e m i m p i n ]_w
[_w p a w a h ]_w
[_w i n dʒ i l ]_w
[_w k e t u dʒ u h ]_w
[_w d i a t a n ]_w
[_w n e ɡ a r ]_w
[_w s i t a ]_w
[_w dʒ u r u s ]_w
[_w b a m b a i ]_w
[_w m a j o r ]_w
[_w a ɡ a k ɲ a ]_w
[_w s i b i l ]_w
[_w r e b u t a ]_w
[_w r u m p u l u h ]_w
[_w m o t e ]_w
[_w k e n t a p a n ]_w
[_w p e r ]_w
[_w d u k u ŋ a n ]_w
[_w p i ŋ ɡ i ɲ a ]_w
[_w t e l u k ]_w
[_w m a s u k i ]_w
[_w d i l i h a t ]_w
[_w t i a k s e s ]_w
[_w p e d u n dʒ u k ]_w
[_w t a s a n a ]_w
[_w d e r p a i k ]_w
[_w d a h u ]_w
[_w f i l s a f a t ]_w
[_w t e r p a ŋ ]_w
[_w w a f a t ]_w
[_w tʃ o e ]_w
[_w a b a ɡ ]_w
[_w o b e r t a s ]_w
[_w ɡ a r t a ]_w
[_w t u d u h a n ]_w
[_w s e b a ɡ a t ]_w
[_w b r i t a ]_w
[_w d a l a n ɲ a ]_w
[_w b a l i k ]_w
[_w n a s k a h ]_w
[_w p a n t a i ]_w
[_w k a o ]_w
[_w m e r e ɡ a m ]_w
[_w t b r ]_w
[_w r e l a t i f ]_w
[_w s a s a ]_w
[_w m e n e t a p i ]_w
[_w a k a t ]_w
[_w b e ŋ a r a h ]_w
[_w t i d a m ]_w
[_w p a n dʒ a m i n ]_w
[_w p u n dʒ a k ]_w
[_w b u k u p ]_w
[_w b e n u t u p ]_w
[_w s a k s i m u m ]_w
[_w s t a t u s a n ]_w
[_w p o e i ŋ ]_w
[_w k e d u a ]_w
[_w k r i s ]_w
[_w m e m b e l i ]_w
[_w b e r u p a ]_w
[_w k a i s a r ]_w
[_w r a m a i ]_w
[_w tʃ e r i t a s ]_w
[_w a w a ɡ ]_w
[_w m e m p a l i ]_w
[_w s e l u a r ]_w
[_w k a p t e n ]_w
[_w ɡ a r a ]_w
[_w p l o r a ]_w
[_w p a b a n ]_w
[_w t i ŋ ɡ a t ]_w
[_w dʒ u f e n d u k ]_w
[_w p o d d e r ]_w
[_w o b e r a ŋ a j ]_w
[_w d i h a n ]_w
[_w s e h i ]_w
[_w t i l a j a n i ]_w
[_w t i p a d a n ]_w
[_w l e ŋ ɡ a u a n ]_w
[_w r i w a j a t ]_w
[_w t i dʒ u m b a i ]_w
[_w p e l i ]_w
[_w m e r t e ɡ a ]_w
[_w s i d o a r dʒ o ]_w
[_w m e n e m b a ɡ ]_w
[_w p e r d a p a d ]_w
[_w l a j a n a n ]_w
[_w t a h a l ]_w
[_w a n t a i ]_w
[_w t o k t o r ]_w
[_w s u a s a n ]_w
[_w dʒ a ŋ a n ]_w
[_w b a p a k ]_w
[_w a k u ŋ ]_w
[_w t i k e l ]_w
[_w m e n t i ŋ ɲ a ]_w
[_w p e r s e t i k ]_w
[_w k u k u r ]_w
[_w m e ɲ e b u t ]_w
[_w d i a k s e s ]_w
[_w k u r a n s i ]_w
[_w d a l i ]_w
[_w b u k a ]_w
[_w m e ŋ a ɡ u a n ]_w
[_w r a ŋ ɡ a u ]_w
[_w b e n s i u n ]_w
[_w e f o l u s i ]_w
[_w b r a dʒ u n ]_w
[_w d u ŋ ɡ a l ]_w
[_w d e w a s a ]_w
[_w b e r i k u t ]_w
[_w d a k i ŋ ]_w
[_w m a d i n ]_w
[_w p r i n s i ]_w
[_w t e s a i ]_w
[_w b a ɡ i ɲ a ]_w
[_w p e t a ]_w
[_w d a k ]_w
[_w r a s i ]_w
[_w d e r l e t a ɡ ]_w
[_w o t o r i s ]_w
[_w w i n a ]_w
[_w f i s i k a p ]_w
[_w k a r o ]_w
[_w d i b a t i ]_w
[_w s a r a h ]_w
[_w d i n a ]_w
[_w p e n e r i m a ]_w
[_w t e r b u s a d ]_w
[_w a p a k a r ]_w
[_w p u t a ]_w
[_w ɡ u r u ]_w
[_w dʒ u t a n ]_w
[_w t e n t u k ]_w
[_w i k l a n ]_w
[_w r a s i t ]_w
[_w s e dʒ a u h ]_w
[_w s i l i ]_w
[_w m e n a h a s a ]_w
[_w e f i s i e n ]_w
[_w m e m i m p i n ]_w
[_w p r e b e s ]_w
[_w m u l i a ]_w
[_w k e n d a t a ]_w
[_w m a ɡ a m ]_w
[_w p e r a r t i n ]_w
[_w n a m a ɲ a ]_w
[_w r o m a w i ]_w
[_w m e n i ŋ ɡ a t ]_w
[_w a k a m ]_w
[_w t a h u ]_w
[_w p e l i n t a r ]_w
[_w k o n t i s i ]_w
[_w t i i r i ŋ a n ]_w
[_w p o p ]_w
[_w p i a n o ]_w
[_w i s i n ]_w
[_w a r t i n ]_w
[_w m a t a ŋ ]_w
[_w p e l a dʒ a r a ]_w
[_w w e s t ]_w
[_w h a r d a ]_w
[_w p e m a l a k a ]_w
[_w d e k a t ɲ a ]_w
[_w d o m i n a l i ]_w
[_w m e n tʃ a n a ]_w
[_w l a k i l ]_w
[_w r a k j a t ]_w
[_w t e r l i h a d ]_w
[_w d e n d u k ]_w
[_w dʒ a n d a ]_w
[_w k a m b a h ]_w
[_w u t a r a t ]_w
[_w h a r a b ]_w
[_w tʃ a m ]_w
[_w w e w e n a ŋ ]_w
[_w m a n i a ]_w
[_w ɡ a b a n ]_w
[_w h a t i ɲ a ]_w
[_w h a r t ]_w
[_w k a l a ]_w
[_w b o l i t i ]_w
[_w s e r a ŋ ɡ a t ]_w
[_w t a t i ]_w
[_w i s t a l ]_w
[_w a h m a d ]_w
[_w p e l i a u ]_w
[_w dʒ u k a n ]_w
[_w tʃ e m b a d ]_w
[_w l u k a n ]_w
[_w ɡ o n s e b ]_w
[_w t e p a t a n ]_w
[_w m a r e t ]_w
[_w k l a n ]_w
[_w dʒ e r m a n e n ]_w
[_w b e m b u h a n ]_w
[_w s p e s i ]_w
[_w t i t u t u k ]_w
[_w d u ɡ a s ]_w
[_w a ŋ i n ]_w
[_w f e r s i a ]_w
[_w h a s i l ]_w
[_w i s t a n t a r ]_w
[_w b u d r a ]_w
[_w k a b a i ]_w
[_w k a r a k ]_w
[_w b a r i k i ]_w
[_w t i b a k s a ]_w
[_w a d e ɡ o r ]_w
[_w b e n d u k ]_w
[_w u n i d ]_w
[_w h i a s a ɲ a ]_w
[_w d u a ɲ a ]_w
[_w w a r t a w a ]_w
[_w p a p i l ]_w
[_w p u n tʃ a k ]_w
[_w h e w a n ]_w
[_w s r a k e n ]_w
[_w s t r u k t u r ]_w
[_w m a k a n ]_w
[_w p e r u m u r ]_w
[_w d i d a k l a h ]_w
[_w m e ŋ a t u r ]_w
[_w k a b u r ]_w
[_w s a m b i ŋ ]_w
[_w l e m p u h ]_w
[_w u e f a ]_w
[_w a d a l a m ]_w
[_w m e n a n t o ]_w
[_w b e n t e r ]_w
[_w b e ɲ a i r ]_w
[_w p e n t e ŋ a h ]_w
[_w a n t i ]_w
[_w k e o k r a m ]_w
[_w m u l a i m a n ]_w
[_w m i t o s ]_w
[_w p a h l a w a n ]_w
[_w l a n k a ]_w
[_w ɡ i t a l i ]_w
[_w d a k t i k ]_w
[_w d a r ɡ e t ]_w
[_w k a r a ɲ a ]_w
[_w d e r b u n u h ]_w
[_w p o t t e r ]_w
[_w d i s n e j ]_w
[_w b o m ]_w
[_w p r o f i n s i ]_w
[_w l a j a n i ]_w
[_w s e l e s a i ]_w
[_w dʒ a n u a l ]_w
[_w b e ɲ e p a b ]_w
[_w dʒ e t e r ]_w
[_w b i o l o ɡ i ]_w
[_w s t a d i ]_w
[_w a s l i ]_w
[_w a p p l e ]_w
[_w i s m a i l ]_w
[_w s t a t u s ]_w
[_w p u k a ]_w
[_w ɡ i a i ]_w
[_w dʒ a ŋ a n i ]_w
[_w r a t u s ɲ a ]_w
[_w s e m u a n ]_w
[_w d e r i ]_w
[_w b i o l a ]_w
[_w k u a ]_w
[_w d e m b a k ]_w
[_w o s a k a n ]_w
[_w m e l i h a n ]_w
[_w p e r i k u t ]_w
[_w d i a w a l ]_w
[_w k u b a ŋ ]_w
[_w t a w a r t ]_w
[_w d a ɡ i ŋ ]_w
[_w k o n d r o l ]_w
[_w r u m b u ]_w
[_w tʃ a n d i ɲ a ]_w
[_w b e p a n dʒ i ]_w
[_w p a e k dʒ e ]_w
[_w s e p e r a d ]_w
[_w d i m u a d ]_w
[_w k e r a ]_w
[_w p e n dʒ a p a t ]_w
[_w m a r t i ]_w
[_w i k a d ]_w
[_w l a ŋ ɡ a l ]_w
[_w a ɡ a t e ]_w
[_w e ŋ k a u a n ]_w
[_w p e ŋ k u n a ]_w
[_w s e b a n tʃ a r ]_w
[_w p a n d u ]_w
[_w d i ɡ e n a l ]_w
[_w s i a r a ]_w
[_w r o h a n e s ]_w
[_w s e n d r a ]_w
[_w b u ɲ i ]_w
[_w r a t u ]_w
[_w b e m a l a h ]_w
[_w ɡ o n o n ]_w
[_w n a s i o n a l ]_w
[_w s e n a p a n ]_w
[_w d i k i r a n ]_w
[_w p e r u a ŋ ]_w
[_w ɡ e m a z ]_w
[_w t a r k e t ]_w
[_w h a n dʒ u ŋ ]_w
[_w d i d a p ]_w
[_w t a m a ]_w
[_w m e n e m u a n ]_w
[_w p e ŋ k u l u ]_w
[_w b a ŋ u n a n ]_w
[_w dʒ a m e s ]_w
[_w r o k a n ]_w
[_w ɡ a ɡ i ]_w
[_w u k u r a n ]_w
[_w f a z i k ]_w
[_w ɲ a r i s a n ]_w
[_w i n f a s i k ]_w
[_w p e ɡ i d u ]_w
[_w m e n d e l ]_w
[_w b i a l a ]_w
[_w p a s i s a ɲ a ]_w
[_w f i s i e n ]_w
[_w p a b a k ]_w
[_w p e n d a ŋ ]_w
[_w dʒ a k a ]_w
[_w m e n e ɡ ]_w
[_w i a l a ]_w
[_w b a r i s ]_w
[_w p l a s m a ]_w
[_w k l i e n ]_w
[_w p e r a ]_w
[_w p e n d u ]_w
[_w k a ɡ a s a ]_w
[_w d u r u d ]_w
[_w m a t a r ]_w
[_w p a s a r ]_w
[_w d e f i n i s h ]_w
[_w s a l a t ]_w
[_w k e d a r ]_w
[_w p a r i s ]_w
[_w k e r a t u s ]_w
[_w h a k h a k ]_w
[_w t i m ]_w
[_w m e m a ŋ ɡ i s ]_w
[_w b a t a t ]_w
[_w d i k i r i ]_w
[_w m e n a r ]_w
[_w m e m i l u ]_w
[_w s e k u n d e r ]_w
[_w i t u ]_w
[_w s i ɡ a b ]_w
[_w s e tʃ a t i ]_w
[_w m e n e r u s ]_w
[_w dʒ a n t a s a r ]_w
[_w m a s k a h ]_w
[_w m e n t a b a t ]_w
[_w m e m a s a ]_w
[_w p e ɲ e r a h ]_w
[_w h a t a b u n ]_w
[_w s e t a ŋ k u ŋ ]_w
[_w p e r a ŋ ɡ a p ]_w
[_w p e r p a k i a ]_w
[_w m e n u d u b ]_w
[_w p a n t a n ]_w
[_w b u a h ]_w
[_w h i ŋ ɡ a t a n ]_w
[_w p a m p a ɲ e ]_w
[_w d e r l e b a n ]_w
[_w k u ɡ u s u k u ]_w
[_w dʒ a m b u ŋ ]_w
[_w m e ŋ ɡ a n ]_w
[_w t u n i a ]_w
[_w p r o m o s i ]_w
[_w w i n d o w s ]_w
[_w m a l a j a r ]_w
[_w a ɡ a r i s ]_w
[_w b a ɡ ]_w
[_w p a n a s ]_w
[_w dʒ a l a n a n ]_w
[_w s a s a r ]_w
[_w a s a l a h ]_w
[_w t a j a ]_w
[_w u p a tʃ a ]_w
[_w dʒ a k u ŋ ]_w
[_w b e r ɡ i s a r ]_w
[_w d e d a p i n ]_w
[_w a k e ŋ ]_w
[_w m a r ɡ a ]_w
[_w b e r l a l u i ]_w
[_w l u m p u ]_w
[_w e n e r a s a ]_w
[_w b e ŋ k u l u ]_w
[_w b e r s a i ŋ ]_w
[_w m e ŋ ɡ e l a p ]_w
[_w f o r m a t a h ]_w
[_w k u n t e r i ]_w
[_w a n t ]_w
[_w m e ŋ a l i r ]_w
[_w k u b a ]_w
[_w b e r i t a s ]_w
[_w m e n tʃ e d a k ]_w
[_w b e m i l i a r ]_w
[_w u n i t e t ]_w
[_w b e r t a r a ]_w
[_w r u m a n i s ]_w
[_w d i r i l i s ]_w
[_w b a d u ]_w
[_w n a r u t a n ]_w
[_w k a s e t ]_w
[_w t o l a k ]_w
[_w k u t a i ]_w
[_w i ɡ a n ]_w
[_w h a l ɲ a ]_w
[_w t a m a n a n ]_w
[_w d e p a l ]_w
[_w b e r i l a k i ]_w
[_w ɡ e l a m a ɲ a ]_w
[_w m u l a m a ]_w
[_w b a p a n ]_w
[_w d o m a i n ]_w
[_w l a h i r ɲ a ]_w
[_w n e w s ]_w
[_w r o k o ]_w
[_w s e l a m a ]_w
[_w d e r m i n a t ]_w
[_w p e r a ɡ a m ]_w
[_w s o u d h ]_w
[_w k a m b u ]_w
[_w t i t e m u i ]_w
[_w o d a k ]_w
[_w dʒ a k u p ]_w
[_w h a n t u ŋ ]_w
[_w k a n t i ]_w
[_w i r l a n d i ]_w
[_w d i m u r ]_w
[_w b a r ɡ i r ]_w
[_w u dʒ i ]_w
[_w k a r n o ]_w
[_w t e r l e d a k ]_w
[_w dʒ a n t u m ]_w
[_w t i k e n a l ]_w
[_w h a n t u ]_w
[_w s a d a ]_w
[_w s u l d a n ]_w
[_w s e b a ɡ ]_w
[_w m e n dʒ o p a ]_w
[_w r e l i k i ]_w
[_w t i d u t u k ]_w
[_w l i h a t ]_w
[_w s e s u d a h ]_w
[_w f a k u l a ɡ u ]_w
[_w d e m i k ]_w
[_w t a p a t ]_w
[_w k a m b i ŋ ]_w
[_w d u m b u l a t ]_w
[_w i n d e s ]_w
[_w t i p u a n ]_w
[_w k e tʃ a t i a n ]_w
[_w s i h i ]_w
[_w f i d u r ]_w
[_w u ŋ k u ŋ ]_w
[_w o r ɡ a n i ɡ ]_w
[_w d i n a h ]_w
[_w s e p a k a r ]_w
[_w p e n d a m ]_w
[_w m e r e ɡ ]_w
[_w s e tʃ a k ]_w
[_w p e r a n ɲ a ]_w
[_w k e r a k a n ]_w
[_w s t u t i ]_w
[_w p a n tʃ i ]_w
[_w o p e n ]_w
[_w k e t i r i ɲ a ]_w
[_w p e l a d ]_w
[_w dʒ o m ]_w
[_w m i m b i ]_w
[_w i m a n ]_w
[_w i s i ɲ a ]_w
[_w m a r a h ]_w
[_w s u l i t ]_w
[_w t e p i ]_w
[_w b a ɡ i ]_w
[_w p r o k r a m ]_w
[_w i s l a m e d ]_w
[_w m a l a m ]_w
[_w t a ŋ k i l ]_w
[_w p e ŋ ɡ a p ]_w
[_w b e m u t a h ]_w
[_w d i t a n i a ]_w
[_w m e m a k i n ]_w
[_w k o n t i s i n ]_w
[_w m e n u ŋ k u ]_w
[_w k u r a ŋ ]_w
[_w d i b a d a ]_w
[_w m a d i a s i ]_w
[_w a l k i t a l ]_w
[_w p u r u ŋ ]_w
[_w t e n a k a r ]_w
[_w b e l i ]_w
[_w p a n e n ]_w
[_w l a m b u ]_w
[_w n i a t ]_w
[_w n e t r a l ]_w
[_w ɡ u i l ]_w
[_w r u m b u h a n ]_w
[_w t i s n e j ]_w
[_w b e r u ŋ ɡ u ŋ ]_w
[_w r i b u m i ]_w
[_w m e r a i r a n ]_w
[_w m e n dʒ a k ]_w
[_w m e ŋ a d a s ]_w
[_w o l e h ]_w
[_w tʃ a h a t ]_w
[_w p e dʒ u a l ]_w
[_w tʃ u l i ]_w
[_w m e k a ŋ ]_w
[_w p e r t a ]_w
[_w b u d r i ]_w
[_w a d a l ]_w
[_w w i s a d a ]_w
[_w r a n d a n ]_w
[_w t e m i k i a n ]_w
[_w r a t a r a ]_w
[_w dʒ e b a d ɲ a ]_w
[_w k e r u k i a n ]_w
[_w t o n ]_w
[_w f e r s i s a ]_w
[_w m e n a r i o ]_w
[_w m e d i s ]_w
[_w b e d a ]_w
[_w m u k a ]_w
[_w a b d u l ]_w
[_w z a l u r ]_w
[_w f a s i ɡ ]_w
[_w p o s ]_w
[_w t e n ]_w
[_w d e m a k i n i ]_w
[_w l a n t a i ]_w
[_w p r o t e s ]_w
[_w m a h k a m a ]_w
[_w p i n ]_w
[_w p e ŋ a w a s i ]_w
[_w s a n ]_w
[_w d o ɡ o h ]_w
[_w m e ŋ u r u s ]_w
[_w ɡ e ɲ a t a r i ]_w
[_w k e r a b i ]_w
[_w p a j i ]_w
[_w b r o f ]_w
[_w b r u n e i ]_w
[_w k o m a n d o ]_w
[_w n a r u t a m a ]_w
[_w p i n d u s ]_w
[_w d i i s i ]_w
[_w a p a b u n ]_w
[_w tʃ u t a ]_w
[_w s e n s u s ]_w
[_w l e m p a t ɲ a ]_w
[_w p e r i l a ɡ i ]_w
[_w m o n u m e n ]_w
[_w dʒ o n t o h ɲ a ]_w
[_w d e k a t e m j ]_w
[_w i n s i p ]_w
[_w s a m ]_w
[_w n a r u d a n ]_w
[_w m e ŋ a l a m a ]_w
[_w m a r j ]_w
[_w i d o l o ɡ i ]_w
[_w i p n u ]_w
[_w b o t o ŋ a n ]_w
[_w p r o d e i n ]_w
[_w l a n t a r a n ]_w
[_w t i r i ]_w
[_w m e n u h i ]_w
[_w a l ɡ o h o l ]_w
[_w b e r d a p a t ]_w
[_w k u t u s ]_w
[_w j o h a n i ]_w
[_w p a h a k i m ]_w
[_w k e r t a s ]_w
[_w d e s ]_w
[_w k a n d o ŋ ]_w
[_w ɡ o n t i s i ]_w
[_w s e ɡ e d a r ]_w
[_w dʒ a tʃ k s o n ]_w
[_w s o f i ]_w
[_w d e b u t ]_w
[_w j o r t a n a ]_w
[_w b e n t e r i ]_w
[_w d o l a r ]_w
[_w a r d h ]_w
[_w d i b e r i d a ]_w
[_w m o t e r n a l ]_w
[_w t i b a t a ŋ ]_w
[_w s e m a s u k a ]_w
[_w f o tʃ ]_w
[_w p l o k ]_w
[_w t i t u k u ŋ ]_w
[_w k e l i m a ]_w
[_w dʒ e p a ŋ ]_w
[_w s w e t i a ]_w
[_w t a r i ɲ a ]_w
[_w t i t a ɡ ]_w
[_w d u k a l ]_w
[_w p a u l u s ]_w
[_w ɡ a t a k a n ]_w
[_w l a ŋ k a ]_w
[_w s e b a i k ]_w
[_w m e ŋ a ŋ ɡ a ]_w
[_w m e n dʒ a h a d ]_w
[_w s t a b i l ]_w
[_w m a l u k u ]_w
[_w d a d u k ]_w
[_w b e r a w a l ]_w
[_w p a k a h ]_w
[_w t i l a l u i ]_w
[_w k e m a tʃ a ]_w
[_w p a s u k ]_w
[_w s i d u ]_w
[_w n e ɡ a r a ]_w
[_w h o ɡ w a r d ]_w
[_w o p o s i d i ]_w
[_w k l i b ]_w
[_w s e l a i n ɲ a ]_w
[_w d e r l e t a k ]_w
[_w s m s ]_w
[_w d u r u t ]_w
[_w p e r n a l ]_w
[_w k e b i ŋ ]_w
[_w u r u d ]_w
[_w k u n i ŋ a n ]_w
[_w a r m a ]_w
[_w ɡ u k u r ]_w
[_w s p e s i s i ]_w
[_w s a u d a r a m ]_w
[_w p e m a i n ]_w
[_w d i ŋ ɡ a ]_w
[_w s e r i u s ]_w
[_w b a r i d o ]_w
[_w k u t a n ]_w
[_w l e m b a d ]_w
[_w l a s ]_w
[_w a l a m a ]_w
[_w p e n e m p a t ]_w
[_w i l m i a h ]_w
[_w p e r t i ]_w
[_w dʒ i t j ]_w
[_w k o d a ]_w
[_w m e ɲ e r a p ]_w
[_w dʒ a h a t ]_w
[_w t a m p i l ]_w
[_w b e ŋ u r u s ]_w
[_w s e k s ]_w
[_w n o k i r i ]_w
[_w b u b a d i ]_w
[_w s t r a ]_w
[_w tʃ i d a dʒ i t a ]_w
[_w l i a t ]_w
[_w i t u l a ŋ ]_w
[_w s a s u k ɲ a ]_w
[_w p r u n e i ]_w
[_w dʒ e d ]_w
[_w tʃ i n d a ]_w
[_w s i w a ]_w
[_w b o h o n ]_w
[_w b e ŋ u n d a ŋ ]_w
[_w r o m a ]_w
[_w b a i d ]_w
[_w d i u b a h ]_w
[_w k e p a l a i ]_w
[_w b u ŋ a n ]_w
[_w p a j a r ]_w
[_w t o a ]_w
[_w b i s a ŋ ]_w
[_w k o o k l e ]_w
[_w m a l a ŋ ]_w
[_w b e b a s ]_w
[_w p l a s t i ]_w
[_w d i k i t a l ]_w
[_w h u k u m ]_w
[_w t a l a m ]_w
[_w p e ŋ a tʃ a r a ]_w
[_w p i tʃ i ]_w
[_w a d a ]_w
[_w k r a f i s ]_w
[_w ɡ e o r k i a ]_w
[_w t e m p u dʒ u k ]_w
[_w h a r a p a n ]_w
[_w tʃ o h n ]_w
[_w k e r dʒ a ]_w
[_w a l e k ]_w
[_w s u m u r ]_w
[_w h e n t i r i ]_w
[_w p a s i r ]_w
[_w n e d r o n ]_w
[_w m e s k i b u n ]_w
[_w b i a s a ɲ a ]_w
[_w d p r ]_w
[_w tʃ o h o r ]_w
[_w h a n dʒ u r u s ]_w
[_w d i a ŋ ɡ a p ]_w
[_w t i b e k a s i ]_w
[_w ɡ a m b i l a ]_w
[_w p a n t ]_w
[_w tʃ e tʃ a ɡ ]_w
[_w k l u b ]_w
[_w m e m i n t a h ]_w
[_w n o f e m p e r ]_w
[_w a r m a d ]_w
[_w m e ŋ a s i h i ]_w
[_w s o e k a r a ]_w
[_w tʃ a m u r ]_w
[_w p e r b u r u ]_w
[_w ɡ a n a n ]_w
[_w m e m b a j a r ]_w
[_w a r s i t e ɡ ]_w
[_w h a d d a ]_w
[_w d o n ]_w
[_w b e r i ]_w
[_w p e r k a p u ŋ ]_w
[_w b u ɡ i t ]_w
[_w t u s u n a n ]_w
[_w m e ɲ u s u n ]_w
[_w m e ɲ e b a p ]_w
[_w h i t u b ]_w
[_w b r o f e s o r ]_w
[_w tʃ o m p a ]_w
[_w b e l a ]_w
[_w dʒ o n d o h ɲ a ]_w
[_w s u m b a i ]_w
[_w k u m b u t ]_w
[_w s e k e d a d ]_w
[_w a ŋ k o d a ɲ a ]_w
[_w t i b u a ŋ ]_w
[_w b i n a ŋ ]_w
[_w s e m a tʃ a m ]_w
[_w n e ɡ a r a m ]_w
[_w l u k a ]_w
[_w p e r s i f a d ]_w
[_w a l u m n i ]_w
[_w dʒ u s t r i ]_w
[_w l e m a k i n ]_w
[_w d i o ŋ h o a ]_w
[_w s i ŋ e l ]_w
[_w w a ŋ s a w a n ]_w
[_w m i d o l o k i ]_w
[_w dʒ a l u r ]_w
[_w dʒ o n t o h ]_w
[_w m a k a n a t o ]_w
[_w s i d i ]_w
[_w b a u l ]_w
[_w ɡ e k u a t a n ]_w
[_w m a s a l ]_w
[_w t i n a ]_w
[_w m a x l u k ]_w
[_w b a tʃ a r a ]_w
[_w m p r ]_w
[_w i s k a n t u ]_w
[_w r e l i ɡ i ]_w
[_w r e l a t ]_w
[_w k a dʒ a ŋ ]_w
[_w l i n u k s ]_w
[_w b o l i s i ]_w
[_w k e n d a l a h ]_w
[_w d i l a n d i k ]_w
[_w k u n tʃ u k ]_w
[_w r a n tʃ a ŋ ]_w
[_w a dʒ a r a ]_w
[_w tʃ a w a b a n ]_w
[_w m e n tʃ a p a n ]_w
[_w p e n dʒ a t a ]_w
[_w l a t i h a t ]_w
[_w s e dʒ a r a ŋ ]_w
[_w k u i l ]_w
[_w a u s t r i k ]_w
[_w d i p u a ŋ ]_w
[_w s e m u l a ɲ a ]_w
[_w m e r t e k a s ]_w
[_w b e r b a ŋ ]_w
[_w b a ŋ ɡ i l ]_w
[_w i n dʒ i ]_w
[_w tʃ i r e p u d ]_w
[_w d u t u b i ]_w
[_w d e ɡ a t ]_w
[_w p a t r i t ]_w
[_w m e n t e r a t ]_w
[_w n a ɡ a n a n ]_w
[_w r a dʒ u n ]_w
[_w r e ɡ a n ]_w
[_w dʒ u r a h ]_w
[_w r e m b a ɡ a u ]_w
[_w ɡ a r j a ]_w
[_w l a n t a n ]_w
[_w m e ŋ i ŋ a d ]_w
[_w dʒ a n t i d a b ]_w
[_w n a m p a ŋ ]_w
[_w p a w a h a n ]_w
[_w b k i ]_w
[_w d i t a n a u ]_w
[_w s a p i ]_w
[_w k l u p ]_w
[_w r o p o d s ]_w
[_w ɡ e b a l a i ]_w
[_w t u l a h ]_w
[_w k e d u ŋ ]_w
[_w s e t i ŋ k i r ]_w
[_w p a t i k a ]_w
[_w b e r d i r i ]_w
[_w k a b a r u ]_w
[_w m a k i n ]_w
[_w s u m a d ]_w
[_w h i t r o k e d ]_w
[_w d a ŋ ɡ a t ]_w
[_w m a n d a n ]_w
[_w p u b a d i k ]_w
[_w d a a d ]_w
[_w i n d r a k ]_w
[_w d e r k a p u r ]_w
[_w h i m p u l u h ]_w
[_w ɡ o t a ]_w
[_w dʒ e m b a h ]_w
[_w h i n d i n ]_w
[_w m e ɲ e r b u s ]_w
[_w b e r ɡ a p u ŋ ]_w
[_w s u l t a s ]_w
[_w tʃ o s e o n ]_w
[_w d i b a ]_w
[_w a ŋ k a t ]_w
[_w p e n u t u p i ]_w
[_w b e r i l i s ]_w
[_w a k s a ]_w
[_w b u k a n ]_w
[_w k e m a s a ]_w
[_w r u a ŋ a n ]_w
[_w f i tʃ t o r i a ]_w
[_w f a k t a ]_w
[_w p o n t o ɡ ]_w
[_w t i k u s ]_w
[_w t i b e t ]_w
[_w ɡ o n s e l ]_w
[_w d a t a k ]_w
[_w m a k e l a r ]_w
[_w dʒ u a dʒ a ]_w
[_w b a n t a s ]_w
[_w l i ŋ k a ]_w
[_w t f t ]_w
[_w b e n dʒ a b a t ]_w
[_w m a ɡ a n a ɡ a ]_w
[_w i n d e r u d ]_w
[_w m o d o ŋ a n ]_w
[_w d i l u a r ]_w
[_w s o e h a r t a ]_w
[_w b o s i s i ]_w
[_w t a h t a ]_w
[_w o p o s i s i ]_w
[_w m e m b u n u h ]_w
[_w d u k a s ]_w
[_w d u n t u t a ]_w
[_w r a k a m a r ]_w
[_w s o s o k ]_w
[_w k a r i a ]_w
[_w m e n u t u r ]_w
[_w p e ŋ a dʒ a r ]_w
[_w n a p o l e o n ]_w
[_w l a j a ]_w
[_w u p a dʒ a ]_w
[_w dʒ a t i ]_w
[_w u t a r a t a ]_w
[_w t e n a ŋ ]_w
[_w r o d a ]_w
[_w k e r d a ]_w
[_w d i s a n ]_w
[_w b e r p i s a h ]_w
[_w s u a m i ɲ a k ]_w
[_w s e b u l u ]_w
[_w dʒ o ɡ e l a r ]_w
[_w k e p a d a ]_w
[_w k u a s a i ]_w
[_w r e n tʃ a ɡ ]_w
[_w t i t o l o ɡ i ]_w
[_w tʃ o m ]_w
[_w s u t u t ]_w
[_w s e r u p a ]_w
[_w dʒ i n ]_w
[_w a b a a b a ]_w
[_w ɡ a p t e n ]_w
[_w k e n e r p i a ]_w
[_w t u k u h ]_w
[_w f e s t i f a l ]_w
[_w b a t a k a n ]_w
[_w a r a b ]_w
[_w a m e r i l i s ]_w
[_w a d e k o r ]_w
[_w p i k ]_w
[_w a b a k a r ]_w
[_w s e i r i ŋ a n ]_w
[_w d a h a l ]_w
[_w a k i p a d a ŋ ]_w
[_w d e ŋ a r a ŋ ]_w
[_w b e m i m b i n ]_w
[_w l a b o r a n ]_w
[_w tʃ a ŋ a n ]_w
[_w t a m b a r ]_w
[_w p e n d u k ]_w
[_w tʃ u dʒ u r ]_w
[_w p i a s a ]_w
[_w k o m a n d o ŋ ]_w
[_w k e n a l ]_w
[_w k a m e s ]_w
[_w l e l a k ]_w
[_w dʒ a l a h ]_w
[_w p a m b a r ]_w
[_w d i t a k ]_w
[_w t e ŋ a n t i ]_w
[_w b u t u s ]_w
[_w d i m e w a h ]_w
[_w s u h u ]_w
[_w w a dʒ i p ]_w
[_w p a l s u ]_w
[_w a n d a r ]_w
[_w m a l u ɡ u ]_w
[_w t l l ]_w
[_w m e ɲ e n t u d ]_w
[_w p o l i d i ɡ ]_w
[_w i p u ɡ a ]_w
[_w s t u t i o ]_w
[_w p e r dʒ a ]_w
[_w p u t i ]_w
[_w ɡ a b i n e t ]_w
[_w p e ɲ i a r a ]_w
[_w t e p o k ]_w
[_w d o m i n a h ]_w
[_w r e m a tʃ u a n ]_w
[_w r u d i n ]_w
[_w b a m p u ŋ ]_w
[_w n o r m a s i ]_w
[_w p a s i f i k ]_w
[_w b i a l a h ]_w
[_w r a t u s ]_w
[_w d a n i e l ]_w
[_w t i t u ɡ a ŋ ]_w
[_w w a tʃ i b ]_w
[_w i n d e r n a k ]_w
[_w p e r a n t a i ]_w
[_w s a h ]_w
[_w a n t a r ]_w
[_w r a m a ]_w
[_w b u r u h ]_w
[_w dʒ a b a d i ]_w
[_w m e r a n dʒ i ]_w
[_w ɡ r a f i s ]_w
[_w d e r a l ]_w
[_w ɡ e r a ɡ a ]_w
[_w p u l a n a n ]_w
[_w p u d a j a k ]_w
[_w m e l a n t a n ]_w
[_w k e n a ]_w
[_w r a k s a r a h ]_w
[_w m a j a t ]_w
[_w t a l a m i ]_w
[_w s i f a t ɲ a ]_w
[_w p e r i s a i ]_w
[_w ɡ e m a tʃ a m ]_w
[_w ɲ a m a n ]_w
[_w r u m i d ]_w
[_w d a w a n ]_w
[_w ɡ a n t u ŋ a n ]_w
[_w m e r a n i ]_w
[_w h i tʃ a k o ]_w
[_w s i s t e m ]_w
[_w t e l e p i h i ]_w
[_w dʒ u k u b ]_w
[_w r a s a h ]_w
[_w ɡ e r b a k s a ]_w
[_w p a tʃ a ]_w
[_w dʒ e l a s ]_w
[_w a l k o h o l ]_w
[_w l e o ]_w
[_w k a r e n a ]_w
[_w k e n r e ]_w
[_w b e r b e s a n ]_w
[_w p a ɡ i a n ]_w
[_w h e n d i r i ]_w
[_w m a s tʃ i d ]_w
[_w d i t a ŋ a n ]_w
[_w t a d i ]_w
[_w r a j ]_w
[_w k e r a dʒ a t ]_w
[_w p a u s ]_w
[_w dʒ a p a i ]_w
[_w l a n d a ŋ ]_w
[_w r a d u s ɲ a ]_w
[_w b a t u ŋ ]_w
[_w p a ɡ u s ]_w
[_w b e r i n t a h ]_w
[_w m a d a i ]_w
[_w t i n a s t i ]_w
[_w tʃ a t u h ]_w
[_w d a p e l ]_w
[_w b e tʃ u a l ]_w
[_w a r u s ]_w
[_w k e r a m i k ]_w
[_w o r ɡ a n i k ]_w
[_w d e l i ŋ a ]_w
[_w b e r t e m u ]_w
[_w s p e s i e s ]_w
[_w l a n tʃ u r ]_w
[_w s a m a s a n ]_w
[_w b a t a h a n ]_w
[_w i ɡ a t ]_w
[_w t e r dʒ a d i ]_w
[_w k e d i r i ]_w
[_w p e ŋ ɡ u n a ]_w
[_w k e n u s ]_w
[_w h a s i a ]_w
[_w m e n u n d u k ]_w
[_w ɡ a p a i ]_w
[_w s a t e s a i ]_w
[_w b u i s i ]_w
[_w r e n t a ɡ ]_w
[_w s e r a t o r ]_w
[_w k r e t i t ]_w
[_w t i b e ]_w
[_w a ŋ ɡ o t a ɲ a ]_w
[_w t e w a s a n ]_w
[_w p a u l u s a n ]_w
[_w s e n tʃ a t a d ]_w
[_w p u l u ]_w
[_w p r a s i ]_w
[_w b l a s t i ]_w
[_w k a t e m i ]_w
[_w d e l i ]_w
[_w t e r b a k a r ]_w
[_w l e ŋ a n u t ]_w
[_w p a n d a r ]_w
[_w d o t a l ]_w
[_w p a w a ]_w
[_w ɡ e r a b ]_w
[_w p e s a r ɲ a ]_w
[_w a t i k ɲ a ]_w
[_w ɡ a l a u ]_w
[_w a l o n ]_w
[_w d i t a ŋ ]_w
[_w s e l a n d ]_w
[_w a k u ]_w
[_w h e r a n dʒ i s ]_w
[_w d o k o ]_w
[_w k a r u t ]_w
[_w k e l u a r k a ]_w
[_w p h i l i ]_w
[_w b e l k i a ]_w
[_w p u s a t ]_w
[_w a t a d ]_w
[_w t i b a n t a l ]_w
[_w s e l u r u ]_w
[_w m e n e m p a ]_w
[_w w e b ]_w
[_w e ɡ o n o n ]_w
[_w d e r b a ɡ a d ]_w
[_w w i s a t a ]_w
[_w b e r a i ]_w
[_w tʃ a p a n ]_w
[_w b a r k ]_w
[_w k i n e r dʒ a ]_w
[_w p u k i t ]_w
[_w d i p a t ]_w
[_w d e n a ŋ ]_w
[_w dʒ e n d r a k ]_w
[_w b e n t e ŋ ]_w
[_w n a s i o ]_w
[_w b u ɡ a n ]_w
[_w w h i d e ]_w
[_w t e r d u k a s ]_w
[_w p e n e r u s ]_w
[_w h i s t o r ]_w
[_w t a ŋ ɡ a p ]_w
[_w d r a t i o n ]_w
[_w t e r e n t a r ]_w
[_w k e r dʒ a j a ]_w
[_w k o m p o ŋ ]_w
[_w d a m b i l ]_w
[_w a n i m e ]_w
[_w r u m b u l ]_w
[_w a t u r ]_w
[_w r a j a a n ]_w
[_w b e n t a m ]_w
[_w n a m b u ]_w
[_w d i d e m p a t ]_w
[_w tʃ e n i s ]_w
[_w p e r k u r a t ]_w
[_w s e b e s ]_w
[_w h o u s e ]_w
[_w t i t a t ]_w
[_w tʃ a n tʃ i ]_w
[_w k e n t a k ]_w
[_w d a r i a ]_w
[_w s a i n d ]_w
[_w b a ɲ u m a s ]_w
[_w e k s p o r ]_w
[_w ɡ e t i k a n ]_w
[_w p a k u s ]_w
[_w s e b e l a ]_w
[_w l e l a k i ]_w
[_w p u b l i k a ]_w
[_w s e t i a m i ]_w
[_w m e n tʃ a t a ŋ ]_w
[_w m a dʒ e l i s ]_w
[_w k o a l i s i ]_w
[_w t a m a n ]_w
[_w t i a m i s ]_w
[_w b a r a t a ]_w
[_w d u b a i ]_w
[_w p i a l a m ]_w
[_w s a i n ]_w
[_w k e n e r ɡ i ]_w
[_w l a ŋ i d ]_w
[_w a k i p a t a h ]_w
[_w tʃ e r t a n i a ]_w
[_w s u r i a h ]_w
[_w d i ɡ a ]_w
[_w m e n dʒ u a l i ]_w
[_w m e n a ŋ i ]_w
[_w p e r i o t e ]_w
[_w tʃ a n t i ]_w
[_w a m i n ]_w
[_w m a m a l i a s ]_w
[_w b e r d ]_w
[_w p r i n s i b ]_w
[_w a w a r a n a n ]_w
[_w k o m p o ɡ ]_w
[_w s a u d a n ]_w
[_w u l a r ]_w
[_w s e b a k i ]_w
[_w r i a u ]_w
[_w b o e i ŋ ]_w
[_w r i p u m i ]_w
[_w tʃ a n t a ŋ ]_w
[_w l i ŋ ɡ a t ]_w
[_w p e k a s ]_w
[_w ɡ o m a n t i ]_w
[_w m i m p i ŋ ]_w
[_w m e r i a l ]_w
[_w k u d u ]_w
[_w l a ɡ u ]_w
[_w ɡ u e ]_w
[_w w i p ]_w
[_w s i r k u i t ]_w
[_w p r o d o k o ]_w
[_w b a s a l ]_w
[_w p e r e t a ]_w
[_w tʃ a n t u ]_w
[_w l a m b a ɲ e ]_w
[_w a d a ɲ a ]_w
[_w p e r t ]_w
[_w h a p i s ]_w
[_w m a tʃ u ]_w
[_w r a h a m i ]_w
[_w s e ɡ e r dʒ a ]_w
[_w m e l e w a t ]_w
[_w p o l a n d a ŋ ]_w
[_w a t i k ]_w
[_w b r o dʒ e tʃ t ]_w
[_w t a m b a i ]_w
[_w p e r f u ŋ s i ]_w
[_w b u k i s ]_w
[_w l a t a n ]_w
[_w f e k a s ]_w
[_w p u m b u ]_w
[_w b a s a l a h ]_w
[_w tʃ a t i a n ]_w
[_w dʒ a o ]_w
[_w m e n tʃ e k a h ]_w
[_w ɡ e b u n ]_w
[_w ɡ e k u a t ]_w
[_w s a b i ]_w
[_w k e d i m b u n ]_w
[_w p a n d a r a ]_w
[_w tʃ i n d a h ]_w
[_w dʒ p k ]_w
[_w d e r t a m a ]_w
[_w t o m b o n ]_w
[_w s e m a k s a ]_w
[_w m e ŋ a d a s i ]_w
[_w k l a t e n ]_w
[_w t i m e w a h ]_w
[_w r a t a n ]_w
[_w a j a h ɲ a ]_w
[_w m a t e r ]_w
[_w a ɡ a m a n a ]_w
[_w d e r h a r a p ]_w
[_w p u ɡ i d ]_w
[_w b u t i h ]_w
[_w b b b ]_w
[_w a ŋ k a i a n ]_w
[_w e d w a r t s ]_w
[_w e a r t h ]_w
[_w h a ɲ a l a h ]_w
[_w dʒ e r t a n a m ]_w
[_w p a l a k i ]_w
[_w d e r dʒ a n a ]_w
[_w s p o n s o ]_w
[_w b r o d u ɡ ]_w
[_w k a m b a ŋ a n ]_w
[_w k u l i t ]_w
[_w s o s o ɡ ]_w
[_w ɡ e dʒ u a l ]_w
[_w k e r u ɡ i a n ]_w
[_w s u a s a ]_w
[_w m e ŋ a p a ]_w
[_w l a n t a r ]_w
[_w m e n u n tʃ a ŋ ]_w
[_w s e b a k ]_w
[_w tʃ u k a ]_w
[_w p e s a d u a n ]_w
[_w j a k n i ]_w
[_w m e n e m p a d ]_w
[_w s a u t i o ]_w
[_w b a l e m p a k ]_w
[_w b a ɡ i s t a l ]_w
[_w n a s i ]_w
[_w p a t a d ]_w
[_w h a p i t a t ]_w
[_w p e ŋ k u l ]_w
[_w r u b i a h ]_w
[_w s e k e t a t ]_w
[_w u b a dʒ a r ]_w
[_w b e r n a l ]_w
