[_w ts a ʔ k ɨ ]_w
[_w ɨ ts k ɨ s ]_w
[_w h u h tʃ e ]_w
[_w k u k m ɨ ]_w
[_w ɲ u k ]_w
[_w a n d̪ e s ]_w
[_w k i ʔ p s ]_w
[_w n ɨ m n a ʔ ŋ ]_w
[_w o s p a ]_w
[_w ɲ a k a ]_w
[_w i s t̪ a m e ]_w
[_w o l i w o ]_w
[_w ts a m e ]_w
[_w t̪ o s e ]_w
[_w tʃ ɨ k ɨ ]_w
[_w t̪ i o s i s e ]_w
[_w k o p ɨ n ]_w
[_w k e n e ]_w
[_w s a w a ʔ i s ]_w
[_w k o ts o ŋ ]_w
[_w b o n d̪ o t̪ i ]_w
[_w m u s a m ]_w
[_w m e s t̪ a m u ]_w
[_w i s t̪ a m ]_w
[_w i t̪ ɨ p ɨ ]_w
[_w p o r ]_w
[_w tʃ o ŋ ]_w
[_w t̪ u m d̪ u m ]_w
[_w u ʔ k j a h ]_w
[_w h o h m o b ɨ ]_w
[_w m a ŋ d̪ a m ]_w
[_w t̪ a l ]_w
[_w j o s ɨ ]_w
[_w ɨ ŋ ɡ u j ]_w
[_w t̪ i t̪ i ]_w
[_w ʃ i s h i ʔ ŋ ]_w
[_w k e h a ]_w
[_w p ɨ h k u ]_w
[_w w a n e h i ʔ ŋ ]_w
[_w k o ts o k e ]_w
[_w k j ɨ p i ŋ ]_w
[_w m a w e p ɨ ]_w
[_w o r o p ɨ ]_w
[_w t̪ e j m ɨ k ]_w
[_w m a s ]_w
[_w ɲ e ʔ ]_w
[_w tʃ a m b o j ]_w
[_w s a n d̪ o ]_w
[_w j a h p a ]_w
[_w ɨ ts k ɨ ʔ m ɨ ]_w
[_w ts u ʔ ŋ i ]_w
[_w n ɨ ʔ ɨ ]_w
[_w j a h e ]_w
[_w m i h ts e t̪ e ]_w
[_w t̪ i ʔ i s ]_w
[_w r o m a n o ]_w
[_w s o l o ]_w
[_w j a h a j ]_w
[_w t̪ i k ɨ t̪ o j a ]_w
[_w h i ʔ n ]_w
[_w p o r r e ]_w
[_w ɨ ts k ɨ s i ]_w
[_w h e h k u ]_w
[_w n u ʔ k p a ]_w
[_w m i n i ]_w
[_w e j a p ɨ ]_w
[_w m i h n a p j a ]_w
[_w m e t̪ i o ]_w
[_w j ɨ k s e ]_w
[_w ts u ʔ k ɨ s i ]_w
[_w w i t̪ j a h ]_w
[_w ts u ʔ j i ]_w
[_w s i n o ]_w
[_w tʃ ɨ k i ]_w
[_w ɲ e m u p ɨ ]_w
[_w ɲ ɨ j i ]_w
[_w m a ŋ j a h ]_w
[_w t̪ j u s ]_w
[_w w i s a ʔ ]_w
[_w w j ɨ ʔ o n ]_w
[_w m a ʔ ŋ ɨ ]_w
[_w ɲ ɨ ʔ j ɨ j ]_w
[_w ɲ ɨ j o s a j ]_w
[_w k u ʔ h t̪ a m ɨ ]_w
[_w n a s k ɨ s i ]_w
[_w p ɨ n h i ʔ ŋ ]_w
[_w e s u s i s ]_w
[_w o p ɨ ]_w
[_w ŋ ɡ o h a p ɨ ]_w
[_w n dz ɨ k t̪ a m ɨ ]_w
[_w m i ʔ n ɨ k u j ]_w
[_w u s a ŋ ]_w
[_w m e ts k u p ɨ ]_w
[_w tʃ o ʔ ts ]_w
[_w s u n d̪ a m ]_w
[_w ŋ ɡ o t̪ ]_w
[_w h j o w i ]_w
[_w j ɨ k i ]_w
[_w ŋ ɡ a ʔ e ]_w
[_w tʃ i ʔ u s e ]_w
[_w ŋ ɡ o j o h a ]_w
[_w s u n ɨ ]_w
[_w t̪ u k i ]_w
[_w k ɨ j i n ]_w
[_w r o m a ]_w
[_w s u n b a t̪ i ]_w
[_w i s p a p ɨ ]_w
[_w m ɨ h a p j a ]_w
[_w tʃ a h k u p ɨ ]_w
[_w m j a n b a ]_w
[_w k u ʔ j a h ]_w
[_w h o k o ]_w
[_w t̪ u h k e ʔ t̪ u ]_w
[_w tʃ ɨ k j a h p a ]_w
[_w t̪ j a ts ɨ k ]_w
[_w d̪ ɨ w ɨ ]_w
[_w m i n t̪ a ʔ m ]_w
[_w k a i ʔ n i s ]_w
[_w t̪ o k o j ]_w
[_w h o w i t̪ i s e ]_w
[_w t̪ a r s o ]_w
[_w m a e s t̪ r o ]_w
[_w e r o ]_w
[_w w j ɨ ʔ m ɨ j ]_w
[_w ts a m d̪ ɨ h u ]_w
[_w h a h j a j ɨ ]_w
[_w s i l a ]_w
[_w t̪ a p i t̪ ]_w
[_w m a n e r a ]_w
[_w w ɨ p ɨ ]_w
[_w h u ʔ t̪ ɨ ]_w
[_w j a h a p ɨ ]_w
[_w t̪ u m ]_w
[_w t̪ o s ]_w
[_w w ɨ ʔ a h ]_w
[_w j ɨ ʔ k ]_w
[_w n u ʔ m b a ]_w
[_w k o ʔ t̪ ɨ k ]_w
[_w ts o k o j a ]_w
[_w i ʃ a h u ]_w
[_w h a h j a j ]_w
[_w m ɨ h a ʔ n ]_w
[_w k a ʔ t̪ a m ]_w
[_w k j ɨ m i n ]_w
[_w h i ŋ ɨ ]_w
[_w h i ʔ n a k ]_w
[_w ɲ u ʔ m i ]_w
[_w p j u h t̪ a m ]_w
[_w l i t̪ a ]_w
[_w h o m e p ɨ ]_w
[_w k a l i l e a ]_w
[_w a ŋ ɡ i ʔ p s ]_w
[_w k i ʔ s a j a h ]_w
[_w p j a ʔ t̪ e ]_w
[_w m j a ɲ a h ]_w
[_w tʃ u ʔ h i ʔ ŋ ]_w
[_w ts a m j a h ]_w
[_w p u t̪ j a h ]_w
[_w a r i m a t̪ e a ]_w
[_w n dz a k t̪ a m ɨ ]_w
[_w e s p i r i t̪ u ]_w
[_w k j o m i ʔ s ]_w
[_w k u ʔ t̪ j a h ]_w
[_w d̪ a l ]_w
[_w ɲ ɨ h a j a h ]_w
[_w n ɨ h a j a ]_w
[_w k a ʔ ŋ i s ]_w
[_w s a r d̪ i s ]_w
[_w k a ʔ j a h ɨ ]_w
[_w k j o h t̪ a m u ]_w
[_w n ɨ h a j u s e ]_w
[_w h o r t̪ a n ]_w
[_w h i k e t̪ e ]_w
[_w m u s p a s e ]_w
[_w n a k ]_w
[_w w j i d̪ ɨ m ]_w
[_w w a k a ]_w
[_w k o p u h t̪ u ]_w
[_w n o ʔ t̪ p a ]_w
[_w h o m i ]_w
[_w h a j ɨ ]_w
[_w t̪ j ɨ w ɨ ]_w
[_w d̪ j ɨ w ɨ ]_w
[_w m e ʔ ts t̪ a m e ]_w
[_w i h t̪ u m ɨ ]_w
[_w h j a j ]_w
[_w t̪ o k o j a h u ]_w
[_w k a ʔ e ʔ i s ]_w
[_w s u n b a ʔ i s ]_w
[_w h e ʔ t̪ o m ]_w
[_w t̪ i k i k o ]_w
[_w h i ʔ n a ]_w
[_w m j ɨ ts i ]_w
[_w t̪ u ʔ k a ]_w
[_w ʃ e l l o ]_w
[_w s a j a h e ]_w
[_w ts u ʔ ŋ j a h ɨ ]_w
[_w k j e ɲ a h ]_w
[_w m j u s ]_w
[_w i h n ɨ m ]_w
[_w p r u h o ]_w
[_w b a ts p ɨ ʔ u ]_w
[_w n ɨ w e h u ]_w
[_w t̪ i n a ʔ ŋ ]_w
[_w t̪ u m tʃ o k o j ]_w
[_w n u n ɡ a ]_w
[_w ʃ i h k a m ]_w
[_w p ɨ ʔ n a s e ]_w
[_w i ʔ i s ]_w
[_w s u ts p a ]_w
[_w m a j ɨ ]_w
[_w k a n a ]_w
[_w a n ɡ ɨ ]_w
[_w m ɨ h a p ɨ ]_w
[_w ts u ʔ ŋ d̪ a m ɨ ]_w
[_w ʔ j u n e ]_w
[_w i ʃ a h k e ʔ t̪ ]_w
[_w ɨ h tʃ ɨ ŋ ɨ ]_w
[_w a u n k e ]_w
[_w p e t̪ s a i d̪ a ]_w
[_w p j ɨ m i n ]_w
[_w w i a h e ]_w
[_w k o m i ]_w
[_w n u ʔ k j a h ]_w
[_w m i h ts i ]_w
[_w m j a ŋ j a h u ]_w
[_w t̪ ɨ h k o ts ɨ k ]_w
[_w j o m o ]_w
[_w p o tʃ o ʔ ts u ]_w
[_w w e h p a ]_w
[_w s ɨ t̪ ɨ h t̪ u ]_w
[_w l i s e n s i a ]_w
[_w b i s i t̪ i a ]_w
[_w l a s ]_w
[_w ɲ u ts ɨ ]_w
[_w ʔ j o t̪ e ʔ i s ]_w
[_w p ɨ m i ]_w
[_w o t̪ e ʔ i s ]_w
[_w w a k a s ]_w
[_w ɲ ɨ m a ŋ d̪ a m ]_w
[_w k o ts o k a ]_w
[_w m i k s ]_w
[_w h i ʔ n d̪ e t̪ ]_w
[_w t̪ j u ʔ ɲ a h e ]_w
[_w k a ʔ o j a ]_w
[_w k i ʔ p ʃ a h ɨ ]_w
[_w t̪ o j a ]_w
[_w w i t̪ p a ]_w
[_w ɲ a ʔ ts t̪ a m ]_w
[_w h u h n a ʔ ŋ ɨ ]_w
[_w h i k ]_w
[_w w j a ʔ ŋ ɨ j u ]_w
[_w ʔ j o k t̪ e k ]_w
[_w o k a ]_w
[_w w i j u ŋ e t̪ e ]_w
[_w h i ʔ ŋ ]_w
[_w k o m i t̪ e ]_w
[_w n a ʔ ts e ]_w
[_w j e m b e ]_w
[_w n ɨ h a j ɨ ]_w
[_w p j ɨ m i ]_w
[_w p a l a p r a ]_w
[_w d̪ u h t̪ a m ]_w
[_w m a ʔ ŋ b ɨ ]_w
[_w f i n o p ɨ ]_w
[_w k j o m i ]_w
[_w m a ŋ b a ʔ k ]_w
[_w ʃ o m b ɨ ]_w
[_w t̪ u h k u s e ]_w
[_w h e n i ]_w
[_w i s t̪ ɨ h u ]_w
[_w o n u ]_w
[_w p o m o ]_w
[_w t̪ j u ʔ n ɨ ]_w
[_w k a ʔ ]_w
[_w w a h t̪ u p ɨ ]_w
[_w n dz i ʔ p a ]_w
[_w tʃ ɨ k j a h ]_w
[_w s u n b a s e ]_w
[_w t̪ i o s h i ʔ ŋ ]_w
[_w p e r f u m e ]_w
[_w ʔ j a ʔ m u ]_w
[_w tʃ ɨ ʔ n a ŋ ]_w
[_w w o ʔ p a ]_w
[_w m e n a k ]_w
[_w ɲ ɨ k ]_w
[_w tʃ a m ɡ e ʔ t̪ ]_w
[_w k r i s t̪ o ]_w
[_w w ɨ t̪ i p ɨ ]_w
[_w k j a ʔ ]_w
[_w k j o h a ]_w
[_w m b a ʔ t̪ ]_w
[_w s u n b a m ɨ ]_w
[_w k o s e tʃ a ]_w
[_w n o ʔ ts e ]_w
[_w h o e h l i s ]_w
[_w p a r k o ʔ o m ]_w
[_w p o j a h ]_w
[_w ɲ ɨ ʔ i t̪ k u j ]_w
[_w m a s a n b ɨ ]_w
[_w ʃ ɨ ʔ ŋ u ]_w
[_w m a ŋ b a ]_w
[_w ɲ u k j a h e ]_w
[_w m i ts ]_w
[_w h j a j e ]_w
[_w w ɨ ʔ t̪ ɨ k ]_w
[_w tʃ ɨ s i ʔ k a m ]_w
[_w ɲ a ʔ ts t̪ a m e ]_w
[_w w i t̪ u ʔ i s ]_w
[_w j o s u ]_w
[_w w i t̪ r i o ]_w
[_w s a n d̪ o s ]_w
[_w w i ʔ n a p ɨ ]_w
[_w p i l a d̪ o ]_w
[_w p j u h t̪ u ]_w
[_w h ɨ s m ɨ ]_w
[_w s e ɡ u n ]_w
[_w h a j a h ]_w
[_w t̪ ɨ h k ɨ j ]_w
[_w i h t̪ u ]_w
[_w ts u ʔ ŋ u p ɨ ]_w
[_w p a r e h o ]_w
[_w t̪ i t̪ o ]_w
[_w k a s ɨ j u ]_w
[_w l e w a t̪ u r a ]_w
[_w ɲ o ʔ ts e t̪ ɨ k ]_w
[_w ɲ ɨ m ɨ ]_w
[_w l e w i ʔ i s ]_w
[_w l i p r u ]_w
[_w m ɨ ʔ n ]_w
[_w w ɨ k o ]_w
[_w p j e n a t̪ e ]_w
[_w e l i a s i s ]_w
[_w h u ts ɨ ]_w
[_w s ɨ ʔ ŋ b a ]_w
[_w s u n b a p ɨ ]_w
[_w w j i n a ʔ ŋ ]_w
[_w m e t̪ i o p i a ]_w
[_w k o ts ɨ k ]_w
[_w k a ʔ n ɨ h ts i ]_w
[_w ɲ i p j a h e ]_w
[_w s a p e t̪ ]_w
[_w o n ɡ i p j a h ]_w
[_w h u ɲ d̪ j a m ]_w
[_w k j o k i p ]_w
[_w k j o k e ɲ a h ]_w
[_w e s u s ]_w
[_w ts a ʔ h i ʔ ŋ ]_w
[_w m j u ʃ a h ]_w
[_w s i m o ]_w
[_w ʔ j a m e p i t̪ ]_w
[_w m i h n a j ]_w
[_w m a w ɨ ]_w
[_w s u n ]_w
[_w k o h a ʔ o m o ]_w
[_w k j ɨ m i ]_w
[_w n d̪ o n d̪ a m ]_w
[_w m a ŋ b a m ɨ ]_w
[_w a p o l o s ]_w
[_w m j e ʃ a h ]_w
[_w j ɨ ʔ k s e ]_w
[_w o p ɨ ʔ n i s ]_w
[_w ts ɨ ʔ p a ]_w
[_w ts i ts p a ]_w
[_w w i s a ʔ k u j ]_w
[_w t̪ o t̪ a w i t̪ ]_w
[_w ts a t̪ ɨ k ]_w
[_w o m o ]_w
[_w n ɨ m a ŋ j a h ]_w
[_w ts o k j a h ɨ ]_w
[_w m o n u p ɨ ]_w
[_w j o s p a ]_w
[_w m j e ʔ ts p a ]_w
[_w j a h a j a h ɨ ]_w
[_w p ɨ k p a ]_w
[_w m a ʔ n ɨ ]_w
[_w k j o m e k e k ]_w
[_w ɲ ɨ ʔ i t̪ j a h ]_w
[_w tʃ a h m a j ɨ ]_w
[_w o l i w o s ]_w
[_w ts a ʔ m a ]_w
[_w p ɨ n s e ]_w
[_w t̪ u ʔ k a p j ɨ ]_w
[_w n dz i ʔ ɨ h ts i ]_w
[_w t̪ ɨ ʔ m a h e ]_w
[_w p i e n ]_w
[_w n a k t̪ i ]_w
[_w n ɨ m a ŋ d̪ a m ]_w
[_w m ɨ h a ʔ a h ɨ ]_w
[_w s ɨ ʔ ŋ ]_w
[_w p e t̪ a n i a s ]_w
[_w p a k i ]_w
[_w n dz ɨ k t̪ a m ]_w
[_w k a ʔ e ]_w
[_w p a n e ]_w
[_w k o ŋ ɲ a ]_w
[_w j a tʃ ]_w
[_w tʃ o k o j ]_w
[_w a n a n i a s ]_w
[_w p j a ts p ɨ ʔ u ]_w
[_w t̪ o ʔ t̪ i p ɨ n ]_w
[_w k o h a h i ʔ ŋ ]_w
[_w w i j u ŋ ʃ e ]_w
[_w p e l i k r o ]_w
[_w ɨ ts t̪ a ʔ m ]_w
[_w h j o ʔ p i t̪ ]_w
[_w w i ʔ n a ]_w
[_w t̪ o k o j a h ]_w
[_w h i ɡ ]_w
[_w k u j ]_w
[_w w j i n s e ]_w
[_w k a ʔ t̪ ɨ ]_w
[_w r i k u ʔ i s ]_w
[_w e n d̪ r e ]_w
[_w m e ʔ ts t̪ a m ]_w
[_w tʃ ɨ s i t̪ a ʔ m ]_w
[_w m i s m a ]_w
[_w k a ʔ ŋ b ɨ ]_w
[_w i h t̪ a m ]_w
[_w u j a m ]_w
[_w tʃ ɨ k j a h ɨ ]_w
[_w w a ʔ k t̪ a m ɨ ]_w
[_w h j a j ɨ ]_w
[_w ɲ ɨ m i n ]_w
[_w n d̪ o n s e s ]_w
[_w n a ʔ ts p a ]_w
[_w k j u k m ɨ ]_w
[_w p j ɨ n e t̪ e ]_w
[_w k u s t̪ o ]_w
[_w k i ʔ p s p a ]_w
[_w u n e n d̪ a ]_w
[_w tʃ a m j a h ]_w
[_w ɲ a s o m o ]_w
[_w a t̪ e m a s ]_w
[_w n a m tʃ a ]_w
[_w m j u s t̪ o ]_w
[_w h a m a p i t̪ ]_w
[_w a t̪ a r a j a ]_w
[_w m e tʃ i p ɨ ]_w
[_w n ɨ j i ]_w
[_w h o ʔ k t̪ a m ɨ ]_w
[_w l e w i ]_w
[_w p e k a ]_w
[_w a n ɡ e l e s ]_w
[_w j o s k u j ]_w
[_w p a s k u a ]_w
[_w j o s a t̪ j a m ]_w
[_w m b j u h t̪ u m ]_w
[_w j a ʔ i s ]_w
[_w tʃ ɨ h k u s e ]_w
[_w b ɨ n i s ]_w
[_w k j ɨ ʔ ʃ a h ]_w
[_w w i n o ]_w
[_w w i ʔ k ɨ ]_w
[_w m a r i a ]_w
[_w ɲ ɨ m d̪ a m u ]_w
[_w t̪ j ɨ m ]_w
[_w m u m u ]_w
[_w ʔ j a ʔ m ]_w
[_w j a ʔ a j ]_w
[_w j o s tʃ o ʔ ts ]_w
[_w tʃ ɨ n ɨ ]_w
[_w m i ts t̪ a ʔ m ]_w
[_w t̪ i k ɨ s i ]_w
[_w w j a ʔ k p a ]_w
[_w n dz a m b a ]_w
[_w a r i m a t̪ e o ]_w
[_w k i ʔ p s u ]_w
[_w n dz ɨ k i ]_w
[_w tʃ o ʔ ŋ a h ]_w
[_w ts o ʔ ts k u j ]_w
[_w h e r i k o ]_w
[_w s e m a n a ]_w
[_w j ɨ ʔ k n a ʔ ŋ ]_w
[_w k j e n e ]_w
[_w j o m o p ɨ ]_w
[_w p r e s o ]_w
[_w w ɨ h p ɨ ]_w
[_w ŋ ɡ ɨ ʔ w e h e ]_w
[_w n ɨ m i ]_w
[_w m j a ɲ a h p a ]_w
[_w t̪ u ʔ m ɨ ŋ ]_w
[_w k a ʔ j a h ]_w
[_w k a ʔ u p ɨ t̪ e ]_w
[_w ʔ j o ʔ n ɨ t̪ i ]_w
[_w ɲ ɨ h a j ]_w
[_w u ʃ a ŋ ]_w
[_w w j ɨ k o ts ɨ k ]_w
[_w p e r k e ]_w
[_w t̪ ɨ ts ɨ ]_w
[_w w i t̪ u ʔ ]_w
[_w j o s e ]_w
[_w i e n t̪ o ]_w
[_w d̪ o m a s i s ]_w
[_w w j a ʔ ŋ ɨ ]_w
[_w t̪ j e ʔ n u ]_w
[_w ɲ ɨ t̪ u ŋ ]_w
[_w t̪ o k o j e ]_w
[_w m u ʔ u ]_w
[_w n a h k ɨ s i ]_w
[_w w i n d̪ a ]_w
[_w tʃ a t̪ ɨ k ]_w
[_w p a ts p ɨ ʔ ]_w
[_w i s ɨ h ts i ]_w
[_w i t̪ p a p ɨ ]_w
[_w t̪ a p l a ]_w
[_w ts a h m a j a h ]_w
[_w s e r ]_w
[_w h j o ʔ k ɨ j ]_w
[_w w i n ]_w
[_w o ʔ n a ʔ ŋ ]_w
[_w m o s i s t̪ i ]_w
[_w d̪ a n d̪ o s ]_w
[_w k o ts o ŋ d̪ a m ]_w
[_w i t̪ j a h ]_w
[_w m e ts k u j ]_w
[_w ts i ʔ u ʔ a m ]_w
[_w p a p l o ʔ i s ]_w
[_w w i t̪ u ʔ p a ]_w
[_w n ɨ ʔ i h t̪ a m ]_w
[_w n t̪ j ɨ ]_w
[_w t̪ u ʔ ŋ a j ]_w
[_w j a ʔ m ɨ ]_w
[_w j o s a j ]_w
[_w t̪ ɨ m b u ʔ i s ]_w
[_w h a t̪ a j ]_w
[_w k u j e t̪ e ]_w
[_w p j a n e ]_w
[_w k u ʔ j o m o ]_w
[_w m u ʃ a h ɨ ]_w
[_w b j ɨ h k o m o ]_w
[_w m b a ʔ t̪ e ]_w
[_w k o ts o ŋ u ]_w
[_w t̪ i o s e ]_w
[_w j ɨ t̪ i p ɨ ]_w
[_w h j a j a ʔ p a ]_w
[_w p a r a ]_w
[_w o j u ]_w
[_w ɲ ɨ ts o ʔ ts ]_w
[_w s u ʔ n o k u j ]_w
[_w i s m o ]_w
[_w tʃ ɨ ʔ j a h u ]_w
[_w m i h ts e n e ]_w
[_w h u s t̪ i s i a ]_w
[_w s i l i s i a ]_w
[_w n i h p u p ɨ ]_w
[_w m u s d̪ a m e ]_w
[_w i t̪ k e ʔ t̪ ]_w
[_w p a ts p ɨ ʔ ɨ ]_w
[_w p ɨ n k ɨ ʔ ]_w
[_w k r i e k o ]_w
[_w a ŋ m a ʔ j o j ]_w
[_w a m i k o ]_w
[_w ɲ tʃ ɨ ʔ j ]_w
[_w j a ts i b ɨ t̪ e ]_w
[_w ts a m b ɨ n ]_w
[_w n e ʔ k ]_w
[_w n u e w e ]_w
[_w h i ʔ n a ʔ ŋ ]_w
[_w d̪ ɨ m ]_w
[_w k a h a ʔ o m o ]_w
[_w i s a t̪ j a m ]_w
[_w s i s ]_w
[_w h i ʔ n d̪ j e ]_w
[_w ŋ ɡ u s t̪ o ]_w
[_w j o m o t̪ a ʔ m ]_w
[_w ts o k p a ]_w
[_w ʔ j u n e ʔ i s ]_w
[_w w j ɨ ʔ a h e ]_w
[_w ʔ k a ]_w
[_w t̪ u m d̪ i ]_w
[_w j o ʃ a h e ]_w
[_w ʔ j a ts i p ɨ ]_w
[_w n ɨ ʔ tʃ a t̪ ɨ k ]_w
[_w h i ʔ n a ʔ k ]_w
[_w w ɨ ʔ n a h ]_w
[_w j o m o k ɨ s i ]_w
[_w k a ʔ o m o ]_w
[_w t̪ j o ʔ m ɨ j ]_w
[_w h e h t̪ i t̪ e ]_w
[_w b j a ts p ɨ ʔ ɨ ]_w
[_w s e ɲ a t̪ e ]_w
[_w t̪ e m e ]_w
[_w w j i ʔ k ]_w
[_w m u s t̪ a m ɨ ]_w
[_w m i n ɨ ]_w
[_w h i k p i t̪ ]_w
[_w ts a k j a h ]_w
[_w e s o ]_w
[_w ts o k o j ]_w
[_w p j ɨ ʔ n ɨ t̪ i ]_w
[_w ɲ a ʔ ts t̪ a m ɨ ]_w
[_w k a m a ]_w
[_w n ɨ m i n d̪ a m ]_w
[_w w i ʔ n a m ]_w
[_w a n a s ]_w
[_w a ʔ m d̪ a ʔ i s ]_w
[_w m i ɲ a h u ]_w
[_w t̪ i h i ʔ ŋ ]_w
[_w h a n t̪ a ʔ m ]_w
[_w ʃ u n b a s e ]_w
[_w w j ɨ h ɨ ]_w
[_w t̪ i d̪ o ]_w
[_w m e h o r ]_w
[_w a ʔ ŋ ɨ j ]_w
[_w j o s t̪ a m ɨ ]_w
[_w n u n ɡ a t̪ ɨ k ]_w
[_w j a h u ]_w
[_w k a s ɨ j a h ]_w
[_w h u t̪ a s ]_w
[_w m a ŋ d̪ j u n ]_w
[_w o ʔ n a ʔ o m o ]_w
[_w tʃ a m u p ɨ ]_w
[_w tʃ o ŋ j a h ]_w
[_w t̪ i j ɨ ]_w
[_w n u k t̪ ɨ h ]_w
[_w h e t̪ s e t̪ i ]_w
[_w j ɨ ŋ ɨ m e t̪ e ]_w
[_w a m e ʔ o m o ]_w
[_w s e l l o ]_w
[_w n dz ɨ k ]_w
[_w a ʔ ŋ b a p ɨ ]_w
[_w n ɨ m j a h u ]_w
[_w p o b r e p ɨ ]_w
[_w l o t̪ ]_w
[_w f a l t̪ a r ]_w
[_w n i p t̪ ɨ h ɨ ]_w
[_w ts ɨ h k a j ]_w
[_w h u t̪ p ɨ ]_w
[_w t̪ u ʔ ŋ o m o ]_w
[_w o ɲ a h p a s e ]_w
[_w n dz i ʔ ]_w
[_w h a m a k ɨ s ]_w
[_w k o n d̪ r a s ]_w
[_w ts e ɡ ]_w
[_w p u d̪ j a h u ]_w
[_w m u s ]_w
[_w n e ʔ n e ʔ ]_w
[_w u l t̪ i m o ]_w
[_w ts u ʔ h i ʔ ŋ ]_w
[_w a l d̪ a ]_w
[_w h e h t̪ a ʔ m ]_w
[_w p j ɨ n ]_w
[_w k o p u t̪ ɨ ]_w
[_w p i s i t̪ i a ]_w
[_w n a ʔ ts e ʔ i s ]_w
[_w ɲ ɨ m i ɲ a h u ]_w
[_w k a ʔ p a ]_w
[_w m i ɲ a h p a ]_w
[_w t̪ u k j a h ɨ ]_w
[_w k j ɨ ʔ w e h ]_w
[_w ʔ j a m e ]_w
[_w k a ʔ u p ɨ ]_w
[_w d̪ j ɨ w ɨ ʔ i s ]_w
[_w n ɨ h a j a h ]_w
[_w ts u ʔ ŋ ]_w
[_w ts a p ]_w
[_w h e t̪ h i ʔ ŋ ]_w
[_w s a u l o ʔ i s ]_w
[_w h e s u s p i t̪ ]_w
[_w i s a j a h u ]_w
[_w k u m ɡ u j ]_w
[_w u l t̪ i m o p ɨ ]_w
[_w n a k a ]_w
[_w t̪ e r e s ]_w
[_w ts a h p o m o ]_w
[_w m j u tʃ a tʃ o ]_w
[_w w ɨ h a ]_w
[_w j ɨ ʔ ŋ i s ]_w
[_w ŋ k o ts o k ]_w
[_w o j u ʔ k a m ]_w
[_w tʃ a k ɨ ]_w
[_w m i n u m ɨ ]_w
[_w b o j a ]_w
[_w j a h ɨ ]_w
[_w t̪ u ʔ m b a ]_w
[_w k o n d̪ r a t̪ o ]_w
[_w u ʃ t̪ i ]_w
[_w k o h t̪ ɨ h u ]_w
[_w ɲ tʃ ɨ h k a j ]_w
[_w ɨ ts h i ʔ ŋ ]_w
[_w ɲ u ʔ k ]_w
[_w i s i ]_w
[_w p j ɨ k ɨ ]_w
[_w k j a ʔ e ]_w
[_w ts u ʔ k ɨ ]_w
[_w h i k s e ʔ k ]_w
[_w t̪ u ʔ m ɡ u j ]_w
[_w ɲ e ʔ h i ʔ ŋ ]_w
[_w h ɨ s i h k a m ]_w
[_w ɲ u m e r o ]_w
[_w k a ʔ e ʔ a h ]_w
[_w a k i l a ʔ i s ]_w
[_w p o ʔ k s u ]_w
[_w k i ʔ s a j ]_w
[_w l e tʃ e ]_w
[_w d̪ u ʔ m j a h ]_w
[_w w a ʔ ŋ h a m ]_w
[_w s u n b a b ɨ ]_w
[_w j o s a b j a ]_w
[_w h a tʃ ɨ ʔ j a h ]_w
[_w h e t̪ k ɨ s i ]_w
[_w n t̪ o ʔ i s ]_w
[_w k u h k o m ]_w
[_w ʃ u n u s e ]_w
[_w a ŋ dz o ŋ ]_w
[_w t̪ u k p ɨ ʔ ]_w
[_w s e p r o ]_w
[_w e n d̪ r a t̪ o ]_w
[_w h o w i t̪ i ]_w
[_w p o r k e ]_w
[_w k ɨ n a ʔ ŋ ɨ ]_w
[_w tʃ o k o ʔ i s ]_w
[_w n ɨ h a t̪ j a m ]_w
[_w ɨ t̪ i ]_w
[_w p u t̪ j a h e ]_w
[_w ts i ʔ i ]_w
[_w j a ʔ i b ɨ ]_w
[_w p e n a ]_w
[_w h o p e ]_w
[_w k j u ʔ t̪ j a m ]_w
[_w e j a p ɨ ʔ i s ]_w
[_w w a ʔ k o ]_w
[_w h i ŋ ]_w
[_w k o p u t̪ i ]_w
[_w i s o j a h ]_w
[_w w a ʔ k o k u j ]_w
[_w m a r k o ]_w
[_w s i s p ɨ h ts i ]_w
[_w k j ɨ h t̪ a j ]_w
[_w n a ʔ tʃ a h ]_w
[_w n e m b a p ɨ ]_w
[_w h i ʔ n ts e ]_w
[_w t̪ u k u ]_w
[_w m a ŋ ɡ e l e s ]_w
[_w j ɨ ʔ k ɨ m ɨ ]_w
[_w i s u p ɨ ]_w
[_w m j u s d̪ ɨ h ɨ ]_w
[_w u n e ]_w
[_w p j a k ]_w
[_w m a n t̪ a ʔ m ]_w
[_w k j ɨ t̪ j a h u ]_w
[_w m a n a ʔ ŋ ]_w
[_w h i n ]_w
[_w ŋ ɡ i ʔ m i ]_w
[_w n a t̪ a ]_w
[_w l e ɡ u a ]_w
[_w k l a r o ]_w
[_w m a s a m ]_w
[_w f e l i p e ]_w
[_w h o ʔ k p a ]_w
[_w k a ʔ e ʔ a h u ]_w
[_w n o ʔ ts e t̪ ɨ k ]_w
[_w d̪ e s t̪ e ]_w
[_w m a n ]_w
[_w j o s t̪ a l ]_w
[_w w i n b ɨ ]_w
[_w t̪ j u k i ]_w
[_w s a w a ʔ o m o ]_w
[_w p a r e s e ]_w
[_w w i h t̪ i s ]_w
[_w t̪ ɨ w ɨ ʔ i s ]_w
[_w p ɨ ʔ n i s t̪ i ]_w
[_w a n t̪ r e s ]_w
[_w t̪ a w i t̪ ]_w
[_w a l f e o ʔ i s ]_w
[_w h a n a ]_w
[_w dz u ʔ ŋ i ]_w
[_w h o m e ]_w
[_w u ʃ ɨ k ]_w
[_w m u ʔ k u ʔ a m ]_w
[_w p ɨ m i ʔ a h ]_w
[_w ɲ ɨ h a j a ]_w
[_w m u s t̪ a m e ]_w
[_w j a ʔ m ɨ k p ɨ ]_w
[_w w j e h a j ]_w
[_w m a h r o m ]_w
[_w r i ɡ u ʔ i s ]_w
[_w w j ɨ ʔ a h ]_w
[_w k e ɲ a h i ʔ ŋ ]_w
[_w w j a ʔ k a ]_w
[_w ɲ ɨ p u t̪ j a h ]_w
[_w d̪ e ʔ n ɨ h ts i ]_w
[_w i s u s e ]_w
[_w m o s a j ]_w
[_w p ɨ ʔ n ɨ j u ]_w
[_w s o p r a ]_w
[_w tʃ i k a ]_w
[_w n a m a s e ]_w
[_w n d̪ ɨ ]_w
[_w k j o j o s p a ]_w
[_w h a s o k u j ]_w
[_w p j o ŋ b ɨ ʔ ]_w
[_w m i ts k ɨ s i ]_w
[_w k u m ɡ u ʃ e ]_w
[_w o n ɡ i p ]_w
[_w d̪ i a t̪ i r a ]_w
[_w ɲ ɨ m a ŋ h a j ]_w
[_w s a t̪ a n ]_w
[_w i h t̪ u p ɨ ]_w
[_w k j ɨ n u ʔ k ]_w
[_w d̪ i j e ]_w
[_w ts i ʔ t̪ a m ɨ ]_w
[_w k j u ʔ t̪ p a ]_w
[_w j ɨ ŋ ]_w
[_w m i ɲ a h ]_w
[_w w i j u ŋ ]_w
[_w n ɨ ʔ i s ]_w
[_w t̪ u ʔ m j a h ]_w
[_w n ɨ m u ]_w
[_w ɲ ɨ m a ŋ b a ]_w
[_w k i ʔ ʃ k a ʔ e ]_w
[_w m a ŋ b a k ]_w
[_w ɲ e ʔ k t̪ i ]_w
[_w e s a u ʔ i s ]_w
[_w ts ɨ k t̪ a m ]_w
[_w n tʃ ɨ ʔ p j a ]_w
[_w ɲ a ʔ tʃ a h e ]_w
[_w ts o k ]_w
[_w h e n a ʔ ŋ ]_w
[_w t̪ u m n a k ]_w
[_w j o m o ʔ j u ]_w
[_w s o n e ]_w
[_w p j a r e h o ]_w
[_w r i ɡ u ]_w
[_w l i s t̪ o s e ]_w
[_w k a b e ]_w
[_w ɨ h tʃ ɨ m ɨ ŋ ɨ ]_w
[_w b i ŋ j a h ]_w
[_w a ŋ d̪ j a ʔ i s ]_w
[_w i k u a l t̪ i ]_w
[_w a ŋ ɡ e l e s ]_w
[_w t̪ o k o p j a ]_w
[_w h e ʔ i s ]_w
[_w m ɨ h m ɨ ]_w
[_w j ɨ ʔ k ɨ ]_w
[_w o j s e ]_w
[_w k r i s t̪ o t̪ e ]_w
[_w i s t̪ a m u ]_w
[_w ʔ j a ŋ dz o ŋ u ]_w
[_w ŋ ɡ a ʔ e ʔ i s ]_w
[_w k o ʔ m a ]_w
[_w ts u ʔ ŋ j a h ]_w
[_w t̪ u m d̪ i ʔ a h ]_w
[_w h ɨ ŋ u p ɨ ]_w
[_w s i s p ɨ k ]_w
[_w i h t̪ u t̪ i ]_w
[_w b a p i ɲ o m o ]_w
[_w ɡ j ɨ ʔ o m o ]_w
[_w tʃ a m ]_w
[_w e s p a d̪ a ]_w
[_w h i ʔ n d̪ ɨ ]_w
[_w n a ʔ ts t̪ a m e ]_w
[_w tʃ ɨ h k a j ]_w
[_w n ɨ m b a ]_w
[_w u m a p ɨ ]_w
[_w m ɨ h i p ɨ ]_w
[_w w i t̪ u ʔ i ]_w
[_w t̪ ɨ w ɨ h i ʔ ŋ ]_w
[_w ɨ h tʃ ɨ n ]_w
[_w k a ʔ t̪ ɨ h ]_w
[_w i j ɨ ]_w
[_w k u ʔ i s ]_w
[_w j a ʔ i s u ]_w
[_w p ɨ n ɡ ɨ s p ɨ ]_w
[_w k a j o ʔ i s ]_w
[_w m a ʔ s ]_w
[_w n dz i ʔ p a p ɨ ]_w
[_w ts u ʔ ŋ u ]_w
[_w i t̪ a l i a ]_w
[_w h ɨ k ɨ h a j ɨ ]_w
[_w m u s ɨ h ts i ]_w
[_w m e t̪ r i o s e ]_w
[_w j o s e p ɨ ]_w
[_w t̪ j u m ɨ ]_w
[_w w j i t̪ ɨ m ]_w
[_w ɲ e m u m ɨ ]_w
[_w m a ŋ u t̪ i ]_w
[_w ts i ʔ j a h ]_w
[_w k e h a j ]_w
[_w s ɨ ʔ ŋ u ]_w
[_w h a i r o ʔ i s ]_w
[_w h ɨ j ɨ ]_w
[_w tʃ a m dz i ʔ u ]_w
[_w l e t̪ r a ]_w
[_w n dz i ʔ ɨ ]_w
[_w o j u m ɨ ]_w
[_w k u e n t̪ a m ]_w
[_w s u ʔ n b ɨ ]_w
[_w j o ʃ a h ɨ ]_w
[_w t̪ u k ]_w
[_w n ɨ ʔ k ɨ m ɨ ]_w
[_w k a s t̪ i ]_w
[_w tʃ a m e ]_w
[_w ɨ h t̪ u ʔ a m ]_w
[_w t̪ ɨ k s p ɨ ʔ ]_w
[_w ɲ a ʔ ts e ]_w
[_w a ŋ s ɨ ŋ ]_w
[_w ɲ a ʔ tʃ a h u ]_w
[_w k e n ɡ u j ]_w
[_w n a ʔ n tʃ a ŋ ]_w
[_w j o s a ŋ ]_w
[_w f i l i p o s ]_w
[_w m b a s o ]_w
[_w k ɨ ts e ʔ a j ]_w
[_w s e f a s ]_w
[_w ɲ ɨ h a m b j a ]_w
[_w u ʃ t̪ a ʔ m ]_w
[_w w ɨ t̪ i ]_w
[_w n a m tʃ a ʔ s e ]_w
[_w tʃ ɨ ʔ n a h ]_w
[_w p e r e a ]_w
[_w d̪ ɨ h k ɨ p j a ]_w
[_w t̪ o r r e ]_w
[_w w j e h n ɨ m u ]_w
[_w a ŋ w a k ]_w
[_w n u ʔ k i ]_w
[_w f e l i b o s ]_w
[_w k u ʔ t̪ ɨ ]_w
[_w k a t̪ a r a j a ]_w
[_w n e ʔ ]_w
[_w m a ʔ n b ɨ ]_w
[_w m ɨ h a k u j ]_w
[_w p o ʔ n i s ]_w
[_w m u m u p ɨ ]_w
[_w m u s t̪ ɨ h u ]_w
[_w a ʔ m ɨ ]_w
[_w n dz a m b o j ]_w
[_w t̪ i a n a ]_w
[_w m a ŋ d̪ a m ɨ ]_w
[_w k e ts a ʔ o m o ]_w
[_w m b ɨ n ]_w
[_w m ɨ h i ]_w
[_w k o j o h a ]_w
[_w s a j a h ]_w
[_w m u tʃ a tʃ o ]_w
[_w s e ɡ u r o ]_w
[_w ɲ ɨ h a j u ]_w
[_w m j a w ɨ ]_w
[_w k a t̪ o ]_w
[_w n d̪ u m i n ]_w
[_w n a m dz u t̪ i ]_w
[_w e n t̪ e ]_w
[_w w e h j a h ]_w
[_w j a ts i ʔ i ]_w
[_w m i l ]_w
[_w tʃ ɨ s i d̪ a ʔ m ]_w
[_w p a p l o ]_w
[_w j a ts i ]_w
[_w k a i f a s ]_w
[_w a p o l o s i s ]_w
[_w m a k ʃ k u j ]_w
[_w h a r ɡ a n ]_w
[_w h j a h s a j ]_w
[_w ts a k j a h u ]_w
[_w ts a h p o m ]_w
[_w h e s u s ]_w
[_w t̪ e ʔ ɲ a h ]_w
[_w s a t̪ a n a e l ]_w
[_w m u h ]_w
[_w ts o k j a h p a ]_w
[_w t̪ ɨ m b u t̪ ]_w
[_w l e j ]_w
[_w a m e ʔ o m ]_w
[_w ʃ u n i ]_w
[_w k i ʔ m b a ]_w
[_w k o r n e l i o ]_w
[_w m e ʔ ts ]_w
[_w f a w o r ]_w
[_w ʃ ɨ ʔ ŋ ɡ u j ]_w
[_w p j ɨ ʔ n ɨ ]_w
[_w s a p ɨ ]_w
[_w k e n b a s e ]_w
[_w w j a ʔ k u j ]_w
[_w t̪ j ɨ ]_w
[_w a p i t̪ a ]_w
[_w ɲ ɨ h a j ɨ ]_w
[_w n dz ɨ h k a j ]_w
[_w m j a ŋ j a h ]_w
[_w ŋ ɡ i ʔ m ]_w
[_w ɨ ts k ɨ t̪ o j a ]_w
[_w o t̪ r o ]_w
[_w ts a m ɨ ]_w
[_w h e t̪ e ]_w
[_w h o s e ]_w
[_w m e ts a ]_w
[_w s a ʔ s a ]_w
[_w s e k i ts ɨ k ]_w
[_w tʃ a m ɡ e ʔ t̪ u ]_w
[_w ts a d̪ u h ]_w
[_w m u s t̪ ɨ h ɨ ]_w
[_w k u ʔ t̪ i p ɨ ]_w
[_w tʃ u ʔ ŋ ]_w
[_w w ɨ h t̪ i ]_w
[_w h o w i ʃ e t̪ i ]_w
[_w o ʔ n ɨ t̪ i ]_w
[_w k o b u t̪ ɨ ]_w
[_w m j ɨ ʔ n i s ]_w
[_w k o t̪ p a ]_w
[_w h j a s a j ]_w
[_w p o p o p ɨ ]_w
[_w n ts a m u ]_w
[_w p ɨ m i ʔ ɨ j u ]_w
[_w ts ɨ ʔ j a h ]_w
[_w n ɨ ŋ ɡ ɨ t̪ ]_w
[_w k o k e ]_w
[_w p a l o m o n ]_w
[_w o j u p ɨ ]_w
[_w s e r a ]_w
[_w t̪ u m ɨ p ɨ ]_w
[_w w o ʔ j a h ]_w
[_w m u ŋ ɡ i ]_w
[_w ʃ ɨ ʔ ŋ ɡ ɨ s e ]_w
[_w s a m a r i a ]_w
[_w k j ɨ m i ɲ a h ]_w
[_w n ɨ h m a j e ]_w
[_w ŋ ɡ i ʔ m b a ]_w
[_w h a m a ʔ i s ]_w
[_w dz a ʔ n i s ]_w
[_w p u t̪ i ]_w
[_w k j o m i ʔ i s ]_w
[_w a b o s t̪ o l ]_w
[_w p o r r e k o ]_w
[_w n ɨ ʔ h i ʔ ŋ ]_w
[_w n i h p u ]_w
[_w k e n a ʔ ŋ ]_w
[_w m a ŋ u ]_w
[_w n ɨ ʔ p i n ]_w
[_w t̪ i ʔ a h ]_w
[_w m b a t̪ r o ]_w
[_w ts ɨ ʔ j ɨ ]_w
[_w n ɨ m b a p ɨ ]_w
[_w n ɨ ʔ k ɨ ]_w
[_w ʃ u n a h ]_w
[_w tʃ a m b a ]_w
[_w tʃ a m u ]_w
[_w k e j a ŋ ]_w
[_w t̪ u ʔ ŋ u p ɨ ]_w
[_w n d̪ u m ɡ ɨ ʔ j ]_w
[_w a n ɡ i ʔ m ɨ ]_w
[_w t̪ a ʔ n ɨ ]_w
[_w j a h ]_w
[_w t̪ i ɡ ɨ s ]_w
[_w tʃ a h m a j u ]_w
[_w p e ɡ a p ɨ ]_w
[_w ɨ ts k ɨ ʔ m ɨ j ]_w
[_w p ɨ ʔ n ɨ ]_w
[_w n dz a m s a h ]_w
[_w a r b a ]_w
[_w k o h t̪ a m ]_w
[_w h i ʔ k i s u ]_w
[_w n i h b u p ɨ ]_w
[_w ɲ ɨ p u t̪ ɨ ]_w
[_w k ɨ m u k s ɨ j ]_w
[_w m j u s u ]_w
[_w ts a k p a ]_w
[_w j a m d̪ a m e ]_w
[_w d̪ j o n ]_w
[_w k a j l u ]_w
[_w ts a ŋ ɡ a p ɨ ]_w
[_w ɨ h tʃ ɨ ŋ ]_w
[_w tʃ a k ]_w
[_w tʃ a j ]_w
[_w o r k e ]_w
[_w tʃ i ʔ j a h u ]_w
[_w h o n a s i s ]_w
[_w t̪ a r d̪ e ]_w
[_w t̪ u m b ɨ ʔ ]_w
[_w m j ɨ ʔ n a h ]_w
[_w ɲ o ʔ s a ]_w
[_w t̪ j ɨ h k ɨ j ]_w
[_w h ɨ ʔ t̪ u ]_w
[_w s u ŋ b a ]_w
[_w a p o s t̪ o l ]_w
[_w m j e ʔ tʃ a h u ]_w
[_w s i l o e ]_w
[_w d̪ u ʔ m j a h u ]_w
[_w i h n ɨ m u ]_w
[_w m e ʔ ts t̪ a m ɨ ]_w
[_w m e s p a t̪ a ]_w
[_w o n b a ]_w
[_w m i s m o ]_w
[_w n u k t̪ a m ]_w
[_w h e h t̪ i ]_w
[_w p e r m i s o ]_w
[_w j o s t̪ a m ]_w
[_w s e s a r e a ]_w
[_w k i ʔ p s t̪ a m ]_w
[_w t̪ u m ɨ ]_w
[_w i t̪ p a s e ]_w
[_w ʔ j o t̪ e ]_w
[_w p ɨ ʔ n a h ]_w
[_w k o m o ]_w
[_w n ɨ ʔ m b i n ]_w
[_w i d̪ a m ]_w
[_w ʃ o m j a h ]_w
[_w s u ʔ ŋ b ɨ ]_w
[_w s i s o m o ]_w
[_w ts u ʔ ŋ ɡ u j ]_w
[_w ts a t̪ ɨ k m ɨ ]_w
[_w k a s ɨ t̪ j a h ]_w
[_w m b ɨ k ]_w
[_w m a h k a j ]_w
[_w k o m i ɡ ɨ s i ]_w
[_w ɲ e ʔ n t̪ a ]_w
[_w s a d̪ u s e ]_w
[_w k j o t̪ p a ]_w
[_w m o t̪ o ]_w
[_w k e h t̪ a ʔ m ]_w
[_w k a n a ʔ ŋ ]_w
[_w w e h ]_w
[_w n d̪ o n s e p ɨ ]_w
[_w r i k u p ɨ ]_w
[_w p o j a ]_w
[_w h ɨ s i ʔ i s ]_w
[_w j ɨ ʔ k s e p ɨ ]_w
[_w e n o h k i s u ]_w
[_w b j u h d̪ a j ]_w
[_w k j ɨ ʔ s ]_w
[_w t̪ o k o j a h e ]_w
[_w s ɨ ŋ ]_w
[_w d̪ u k n ɨ m i ]_w
[_w m a ʔ ŋ ɨ j u ]_w
[_w k u i t̪ a ts ɨ k ]_w
[_w w o ʔ j a h u ]_w
[_w k ɨ t̪ ]_w
[_w m j u k i ʔ i s ]_w
[_w n t̪ o n s e s ]_w
[_w k e h u ]_w
[_w s i r e n e ]_w
[_w m a ŋ ]_w
[_w a ŋ b ɨ n ]_w
[_w p a n e ʔ i s ]_w
[_w e l i a s ]_w
[_w ts a k ɨ ]_w
[_w w j i t̪ j a h ]_w
[_w ɲ u k j a h u ]_w
[_w k j ɨ p i ŋ u ]_w
[_w ɲ ɨ h m a j ɨ ]_w
[_w w i n d̪ ɨ m ]_w
[_w i ʃ a h p a ]_w
[_w s a l o m o n ]_w
[_w m a m a ʔ i s ]_w
[_w k j o ts o ŋ ]_w
[_w k j o m u s p a ]_w
[_w a ŋ h a m ]_w
[_w l o s ]_w
[_w e t̪ i o p i a ]_w
[_w ʔ j a ʔ m ɨ ]_w
[_w u w a ]_w
[_w ʔ j a ŋ dz o w a ]_w
[_w s e k i ts ɨ k i ]_w
[_w t̪ j u ŋ ]_w
[_w m e tʃ i b ɨ ]_w
[_w h j a ʔ ts e ]_w
[_w j e ʔ ŋ u p ɨ ]_w
[_w w e n e t̪ a ʔ m ]_w
[_w i t̪ p ɨ h ts i ]_w
[_w n t̪ ɨ w ɨ ʔ i s ]_w
[_w t̪ u j i ]_w
[_w k ɨ ʔ w e h ]_w
[_w a ŋ m a j a h ]_w
[_w p u h t̪ a m ɨ ]_w
[_w w e n e ]_w
[_w n ɨ h a j ]_w
[_w ɲ u ʔ k ɨ ]_w
[_w e n d̪ o ]_w
[_w a ŋ m a k u j ]_w
[_w n a ʔ s ]_w
[_w m u s p a ]_w
[_w n e ʔ k t̪ a m ]_w
[_w h ɨ ʔ t̪ ɨ ]_w
[_w w ɨ k ɨ ]_w
[_w h e t̪ s e ]_w
[_w s i o n ]_w
[_w n a j u ]_w
[_w j o m o t̪ e o ]_w
[_w h a m a h i ʔ ŋ ]_w
[_w m b j u h ]_w
[_w t̪ u ʔ m ɨ ]_w
[_w j e m p e ]_w
[_w p ɨ n ]_w
[_w n ɨ m ɡ e ʔ t̪ ]_w
[_w ɡ u k j ɨ s i ]_w
[_w k j a k p ɨ ʔ ]_w
[_w u w a ʔ i s ]_w
[_w m a ts a ]_w
[_w ʃ u n b a ]_w
[_w s o k a ]_w
[_w t̪ j u ʔ ŋ o m o ]_w
[_w i s a a h k i s ]_w
[_w ts ɨ k t̪ a m ɨ ]_w
[_w k o h a ʔ a h ]_w
[_w p e r n a p e ]_w
[_w n d̪ ɨ k m ɨ ]_w
[_w m a ʔ ŋ b a s e ]_w
[_w h o h m o p ɨ ]_w
[_w m i ts h i ʔ n ]_w
[_w h i ŋ d̪ i ]_w
[_w m j e s ]_w
[_w tʃ ɨ ts ɨ ]_w
[_w l i p r o ]_w
[_w p j u h ]_w
[_w h a m a ]_w
[_w w i t̪ ɨ m ]_w
[_w w e l t̪ a ]_w
[_w k u a n d̪ o ]_w
[_w o r a k ɨ s ]_w
[_w tʃ o k o j a ]_w
[_w d̪ i j ɨ t̪ e ]_w
[_w ts o k j a h ]_w
[_w t̪ ɨ h k o m o ]_w
[_w w i n t̪ ɨ m ]_w
[_w ɲ e ʔ k h i ʔ ŋ ]_w
[_w t̪ u ʔ m j a h u ]_w
[_w h e t̪ ɨ m e t̪ e ]_w
[_w ɨ h t̪ a j ]_w
[_w ɲ ɨ h m a j ]_w
[_w s e ɲ a m e t̪ e ]_w
[_w m a s t̪ i ]_w
[_w h u t̪ a s i s ]_w
[_w ts a ʔ ]_w
[_w ts o k e ]_w
[_w i h t̪ u ʔ ɨ k ]_w
[_w h j a t̪ a ʔ m ]_w
[_w n a ʔ n ]_w
[_w h e n d̪ i ]_w
[_w h a m a p ɨ ]_w
[_w w a ʔ ]_w
[_w n d̪ o n t̪ a m ]_w
[_w ts ɨ s i ]_w
[_w u w a n ɨ ʔ ]_w
[_w w a j ]_w
[_w w j i h t̪ u t̪ i ]_w
[_w h j o m e ɡ e k ]_w
[_w h e ʔ t̪ i s ]_w
[_w i t̪ k u j ]_w
[_w f u e r a ]_w
[_w n a ʔ ts k u j ]_w
[_w ɲ e ʔ h k ɨ s i ]_w
[_w tʃ ɨ k p a ]_w
[_w o n e s i m o ]_w
[_w ʃ u ɲ a h p a ]_w
[_w tʃ ɨ h k a j a h ]_w
[_w h u t̪ ]_w
[_w ɡ j ɨ ʔ w e h e ]_w
[_w p a ʔ h t̪ a m ]_w
[_w j a ts i t̪ a ʔ m ]_w
[_w i s t̪ ɨ h i ]_w
[_w ts i k a ]_w
[_w ts i ʔ t̪ ɨ h i ]_w
[_w ɲ e ʔ k t̪ a ʔ m ]_w
[_w h ɨ s i ʔ k a m ]_w
[_w t̪ j o n ]_w
[_w n ɨ ʔ i t̪ k u j ]_w
[_w n a p j a ]_w
[_w t̪ ɨ ʔ m a h ɨ ]_w
[_w p j u h t̪ a m ɨ ]_w
[_w ŋ ɡ o m u s p a ]_w
[_w ts ɨ k ɨ ]_w
[_w d̪ e ʔ ɲ a h ]_w
[_w p o ʔ k s p a ]_w
[_w m i ʔ n ɨ h ts i ]_w
[_w p a p i ɲ o m o ]_w
[_w n dz a k ]_w
[_w t̪ u m ɨ ʔ o m o ]_w
[_w o ʔ n ɨ j ]_w
[_w p j o ŋ b ɨ ʔ ɨ ]_w
[_w t̪ i o s e t̪ e ]_w
[_w m a j a h ]_w
[_w k e k ]_w
[_w ts a p a s ]_w
[_w k ɨ m u ʔ t̪ a ŋ ]_w
[_w k ɨ ʔ j ]_w
[_w p j a ʔ t̪ j a m ]_w
[_w n a k a p o j a ]_w
[_w k j a ʔ j a h u ]_w
[_w t̪ u ŋ ]_w
[_w a ŋ ɡ i ʔ p s ɨ ]_w
[_w k e k a ]_w
[_w k i p k u j ]_w
[_w ts a ʔ k ɨ s i ]_w
[_w t̪ o s e p ɨ ]_w
[_w t̪ i e n e ]_w
[_w n d̪ ɨ h k o m o ]_w
[_w t̪ a r t̪ e ]_w
[_w k a ʔ j a h p a ]_w
[_w m i ts h i ʔ ŋ ]_w
[_w p a l o m a ]_w
[_w ŋ k i ʔ p s ɨ ]_w
[_w ts o k p ɨ h ts i ]_w
[_w w j o ʔ e ]_w
[_w n i k o ]_w
[_w ts ɨ ʔ p j a ]_w
[_w a a r o n ]_w
[_w j a ʔ m ]_w
[_w m j a ɲ a h ɨ ]_w
[_w w i ʔ ŋ ɡ ɨ ]_w
[_w k e ɲ a h ]_w
[_w k o ts o w e ]_w
[_w d̪ u k p ɨ ʔ ]_w
[_w m u s t̪ ɨ h ]_w
[_w t̪ o k o j u ]_w
[_w i h t̪ u d̪ i ]_w
[_w t̪ ɨ m b u h ]_w
[_w a n t̪ r e ]_w
[_w m a j a ʔ u n e ]_w
[_w k o k e n ]_w
[_w k o h a ]_w
[_w ts a m ]_w
[_w t̪ j u m i n ]_w
[_w tʃ a h k u ]_w
[_w w ɨ ʔ n e ]_w
[_w m a r t̪ a ]_w
[_w k i ʔ p ʃ a h ]_w
[_w o m b a ]_w
[_w t̪ j ɨ k ]_w
[_w m e n a ɡ ]_w
[_w m u s p a ʔ i s ]_w
[_w ʔ j a ts i ]_w
[_w f r i k i a ]_w
[_w ɡ a ʔ p ɨ h ts i ]_w
[_w a l ɡ o ]_w
[_w ts a k ]_w
[_w h a n t̪ a ]_w
[_w p j a ʔ t̪ p a ]_w
[_w h a h j a h ]_w
[_w w a ʔ k t̪ a m ]_w
[_w t̪ a ʔ n e m ɨ ]_w
[_w k j o h t̪ u p ɨ ]_w
[_w m i ʔ n ɨ ]_w
[_w w i n d̪ a m ]_w
[_w a u n ɡ e ]_w
[_w p a k a k ]_w
[_w h u ts ]_w
[_w d̪ ɨ m b u h ]_w
[_w l i p r e ]_w
[_w s o m d̪ ɨ h ]_w
[_w o ʔ k a ]_w
[_w a k r i p a ]_w
[_w n t̪ u k u ]_w
[_w ʔ j ɨ ŋ u ]_w
[_w o j u s e ]_w
[_w t̪ a m b a ]_w
[_w k u ʔ t̪ i p ɨ n ]_w
[_w i s u ]_w
[_w n dz a m d̪ ɨ h u ]_w
[_w a ʔ ŋ ɨ k ɨ ]_w
[_w ts a k t̪ a m ]_w
[_w p j ɨ ʔ n u p ɨ ]_w
[_w m j u s o k u j ]_w
[_w o j u ʔ k a j ]_w
[_w s u s k u j ]_w
[_w tʃ ɨ ʔ j ]_w
[_w ɲ u h k a j a ]_w
[_w m e ts a ŋ ]_w
[_w w e n e t̪ i ]_w
[_w n ɨ ʔ s e ]_w
[_w s u n b a ]_w
[_w m a n t̪ a ]_w
[_w k ɨ n a ʔ ŋ ]_w
[_w k u e n d̪ a ]_w
[_w n dz a m b o j a ]_w
[_w k u ʔ t̪ p a ]_w
[_w ʃ i s i s ]_w
[_w k i ʔ p s u s e ]_w
[_w w i n tʃ e ʔ a ]_w
[_w tʃ a m b o j a ]_w
[_w t̪ ɨ ʔ ŋ ɡ ɨ s e ]_w
[_w h u ts n ɨ m ɨ ]_w
[_w n dz ɨ h k u j ]_w
[_w n dz a m u ]_w
[_w ɡ j a ʔ e ]_w
[_w j ɨ k ]_w
[_w s u ʔ ŋ b a ]_w
[_w m i n ]_w
[_w h j a j u ]_w
[_w m u s o p j a ]_w
[_w tʃ ɨ h k u ]_w
[_w n dz a m d̪ a m ɨ ]_w
[_w i s t̪ a m ɨ ]_w
[_w t̪ ɨ w ɨ t̪ a ʔ m ]_w
[_w w o ʔ t̪ e ]_w
[_w k o s t̪ a m u ]_w
[_w ʃ u n b a p ɨ ]_w
[_w p a n e ʔ a h e ]_w
[_w n t̪ i j ɨ ]_w
[_w e m ɨ ]_w
[_w s u ɲ a h ɨ ]_w
[_w p u t̪ p a ]_w
[_w tʃ ɨ k p a s e ]_w
[_w t̪ u h k u ]_w
[_w t̪ ɨ ʔ ŋ ɡ u j ]_w
[_w m a r ɡ o ]_w
[_w k e n d̪ a ]_w
[_w a m e ]_w
[_w n e ʔ n t̪ a ]_w
[_w h a k o p o ]_w
[_w j a ts i p ɨ ]_w
[_w i h t̪ a j ]_w
[_w ts a h p o m b ɨ ]_w
[_w p j a ʔ t̪ a m ɨ ]_w
[_w h i k t̪ a ʔ m ]_w
[_w u j t̪ i m ]_w
[_w m j u s ɨ ]_w
[_w ŋ ɡ o s o ]_w
[_w t̪ u m b ɨ ]_w
[_w s i e n ]_w
[_w j o s u p ɨ ]_w
[_w ʃ i s h i ʔ n ]_w
[_w j a k ]_w
[_w s a l e m ]_w
[_w k j o h i ]_w
[_w t̪ a m b i e n ]_w
[_w ɲ ɨ ts ɨ ʔ j a h ]_w
[_w ɲ ɨ m b a ]_w
[_w i t̪ j ɨ ]_w
[_w k o ts o ŋ j a h ]_w
[_w p a r k o ]_w
[_w k j o t̪ j a h ]_w
[_w ɲ ɨ j i n a ʔ ŋ ]_w
[_w k j o k a ʔ ]_w
[_w a ŋ b ɨ ]_w
[_w ɲ ɨ m i ɲ a h ]_w
[_w j a k ʃ u ]_w
[_w h a m a s k o ]_w
[_w m a r d̪ a ]_w
[_w h a m a ʔ o m o ]_w
[_w o ɲ a h ]_w
[_w p j o t̪ j a h ]_w
[_w ʔ j o ʔ n ɨ j ]_w
[_w k a ʔ e p ɨ ]_w
[_w j o m o ʔ i s ]_w
[_w m e t̪ r o ]_w
[_w ɨ h tʃ ɨ ]_w
[_w m a ʔ a ]_w
[_w o t̪ e ʔ o m o ]_w
[_w h tʃ ɨ ŋ ɨ ]_w
[_w s u n u ]_w
[_w e m ɨ k ]_w
[_w tʃ ɨ ʔ n a s e ]_w
[_w k o m i h i ʔ ŋ ]_w
[_w p i l a t̪ o ]_w
[_w j o ʃ a h ]_w
[_w p l a t̪ a ]_w
[_w h e n ]_w
[_w h o r d̪ a n ]_w
[_w n i p t̪ ɨ h i ]_w
[_w k e n ]_w
[_w ɲ e ʔ k ɨ ]_w
[_w k a r r e t̪ a ]_w
[_w t̪ ɨ k ]_w
[_w k j e n ]_w
[_w tʃ i ʔ i ]_w
[_w ts a p k ɨ s i ]_w
[_w n ɨ m n a ʔ n ]_w
[_w j ɨ ʔ n i s ]_w
[_w s ɨ ʔ ŋ ɡ u j ]_w
[_w n i n i w e ]_w
[_w e h e m b l o ]_w
[_w n tʃ ɨ ʔ j u ]_w
[_w s a t̪ a n a s ]_w
[_w tʃ o k o ʔ j o m ]_w
[_w b e r f u m e ]_w
[_w m b e ɡ a p ɨ ]_w
[_w m e s u p ɨ ]_w
[_w j a m d̪ a m ɨ ]_w
[_w d̪ j u k ɨ ]_w
[_w p e t̪ f a k e ]_w
[_w h u a n ]_w
[_w h o h m o ]_w
[_w a ʔ m d̪ a m ɨ ]_w
[_w k ɨ h t̪ u ʔ a m ]_w
[_w w ɨ h ]_w
[_w w j e n ]_w
[_w l i n o ]_w
[_w e m ɨ k p ɨ ]_w
[_w k a p e ]_w
[_w n e ʔ ŋ ɡ ɨ ]_w
[_w ts o ʔ ts ]_w
[_w p a ŋ ]_w
[_w ɨ h ts o m o ]_w
[_w i d̪ j a h e ]_w
[_w tʃ a m d̪ ɨ h ]_w
[_w p o p r e ]_w
[_w tʃ o ŋ j a h u ]_w
[_w ʃ u n u ]_w
[_w p u e t̪ e ]_w
[_w n dz ɨ h k u p ɨ ]_w
[_w t̪ i o s ]_w
[_w m i h t̪ a m ɨ ]_w
[_w tʃ ɨ ʔ j u ]_w
[_w m a n t̪ a m ]_w
[_w w a ʔ k t̪ a ʔ m ]_w
[_w t̪ u h k u p ɨ ]_w
[_w p a ʔ h t̪ a m e ]_w
[_w ɲ u h k a m ]_w
[_w t̪ o t̪ o h a j e ]_w
[_w o ʔ n b ɨ ʔ ]_w
[_w ts o k j a h u ]_w
[_w tʃ ɨ h k i s ]_w
[_w ts ɨ m i ]_w
[_w k j u ʔ t̪ k u j ]_w
[_w tʃ i ʔ u ]_w
[_w n ɨ m j a h ]_w
[_w t̪ ɨ ʔ m a h p a ]_w
[_w i t̪ ɨ s e ]_w
[_w h u h tʃ e p ɨ ]_w
[_w h e t̪ k ɨ s ]_w
[_w o t̪ e ]_w
[_w i t̪ i ]_w
[_w m e t̪ r i o ]_w
[_w ŋ ɡ j e n b a ]_w
[_w m u s p a p ɨ ]_w
[_w n o e ʔ i s ]_w
[_w h e t̪ e m e t̪ e ]_w
[_w b ɨ k ]_w
[_w k j o j o h ]_w
[_w h ɨ s i k a ]_w
[_w s a r a ʔ i s ]_w
[_w n d̪ ɨ k ]_w
[_w k u ʔ t̪ j a m ]_w
[_w k u ʔ h t̪ a m e ]_w
[_w ʃ ɨ ʔ ŋ ɡ ɨ ]_w
[_w p o j e ]_w
[_w t̪ e s t̪ e p a n ]_w
[_w ɲ i b j a h ]_w
[_w n ɨ m ɡ e ʔ t̪ u ]_w
[_w k i ʔ p s ɨ ]_w
[_w a n t̪ e s ]_w
[_w p ɨ n h i ʔ n a ]_w
[_w ɲ ɨ k i h p a ]_w
[_w m a j a ʔ e ]_w
[_w n u ʔ k u ʔ i s ]_w
[_w n a ʔ ts u ]_w
[_w w ɨ ʔ n a s e ]_w
[_w o r a t̪ i ]_w
[_w ɲ ɨ m a h ŋ a j ]_w
[_w k e ɡ j a h p a ]_w
[_w t̪ a s p a ]_w
[_w p ɨ n i s ]_w
[_w p ɨ k ]_w
[_w w j i n a k a ]_w
[_w tʃ u ʔ ŋ ɨ h ts i ]_w
[_w m i n b a p ɨ ]_w
[_w t̪ ɨ ts ]_w
[_w ʃ i s h i ʔ n a ]_w
[_w k o j o m o p ɨ ]_w
[_w f a s i s ]_w
[_w k o h a ʔ i s ]_w
[_w p ɨ n ɡ ɨ ʔ ]_w
[_w ɨ ŋ u p ɨ ]_w
[_w a ŋ ɡ i ʔ m u ]_w
[_w n u ʔ k t̪ a m ]_w
[_w k r e t̪ a ]_w
[_w i h t̪ ɨ h ts i ]_w
[_w t̪ j ɨ ʔ m a h u ]_w
[_w h j a h u ]_w
[_w a ŋ m a ŋ ]_w
[_w a j u t̪ o ]_w
[_w o n s e s ]_w
[_w m a j a ʔ e p ɨ ]_w
[_w ts ɨ ʔ t̪ j a m ]_w
[_w m j u s u ʔ a m ]_w
[_w n ɨ h a m b j a ]_w
[_w a n dz i ]_w
[_w b e l e n ]_w
[_w i ʃ a h e p ɨ ]_w
[_w s u n i ]_w
[_w n ɨ m a ŋ u t̪ i ]_w
[_w j a ʔ i n a ʔ ŋ ]_w
[_w a ŋ ɡ i ʔ m ]_w
[_w p a n f i l i a ]_w
[_w h e s u s e ]_w
[_w ts a m d̪ a m ɨ ]_w
[_w d̪ a w i h t̪ u ]_w
[_w b j u h t̪ u p ɨ ]_w
[_w n ɨ m j a h p a ]_w
[_w k o p i e r n o ]_w
[_w t̪ j u h k u ]_w
[_w m j a ŋ u ]_w
[_w w i j u ŋ s e ]_w
[_w n ɨ m d̪ a m ɨ ]_w
[_w k j o ts o k a ]_w
[_w m j o n ]_w
[_w l i b r e p ɨ ]_w
[_w e s u s ʔ i s ]_w
[_w i h t̪ a m u ]_w
[_w k e h t̪ a m ɨ ]_w
[_w t̪ e s p u e s ]_w
[_w n dz a h m a j ]_w
[_w m b ɨ m i ]_w
[_w m a r k ɨ s i ]_w
[_w t̪ u ʔ k ts i ]_w
[_w i s a d̪ j a m ]_w
[_w i n d̪ ɨ ]_w
[_w n ɨ m d̪ a m ]_w
[_w l i p r e p ɨ ]_w
[_w tʃ o ʔ ŋ a ]_w
[_w a ŋ s u n ]_w
[_w s a p ɨ k i ]_w
[_w k o ʔ ɨ ŋ ɡ u j ]_w
[_w n d̪ u ŋ ]_w
[_w m j u s u ʔ ɨ k ]_w
[_w i s i n dz i ]_w
[_w h e h t̪ a m ]_w
[_w f e s t̪ o ʔ i s ]_w
[_w n ɨ m b j a ]_w
[_w m a n b a ]_w
[_w ts a p k ɨ s p ɨ ]_w
[_w w i t̪ j a h u ]_w
[_w j o j a ]_w
[_w t̪ o ts ]_w
[_w k o s t̪ a m e ]_w
[_w h e ts e ]_w
[_w ts i ʔ j a h p a ]_w
[_w i ʃ a h e ]_w
[_w d̪ o k o j ]_w
[_w w j ɨ h o m ]_w
[_w t̪ j o ɲ a h ]_w
[_w ts a h p i s ]_w
[_w ʃ u n i s e ]_w
[_w h u ts p ɨ ʔ u ]_w
[_w m e j a s e p ɨ ]_w
[_w p o ʔ k s k u j ]_w
[_w a n d̪ r e ]_w
[_w a ŋ d̪ j u ŋ ]_w
[_w m i k e h l i s ]_w
[_w tʃ a h m a j ]_w
[_w u n i k o ]_w
[_w k e k j a h p a ]_w
[_w i ʔ s ]_w
[_w k e n k i ʔ m ]_w
[_w w j ɨ ʔ m a h u ]_w
[_w m j a ŋ d̪ a m u ]_w
[_w w i s a ]_w
[_w k a ʔ k u ]_w
[_w p ɨ ʔ n a ŋ ]_w
[_w n dz a m d̪ ɨ h ]_w
[_w t̪ a n t̪ o s ]_w
[_w e s m i r n a ]_w
[_w n ɨ ts ɨ k p a ]_w
[_w tʃ ɨ k i t̪ a ʔ m ]_w
[_w k u h k i ]_w
[_w a ŋ ɡ ɨ ]_w
[_w a n d̪ i o k i a ]_w
[_w t̪ j o ʔ m ɨ j i ]_w
[_w ts u ʔ ŋ a j ]_w
[_w p u e s ]_w
[_w k a ʔ j a h u ]_w
[_w n e ʔ k t̪ i ]_w
[_w k j ɨ ʔ h i ʔ ŋ ]_w
[_w h a j a ]_w
[_w ʃ i s t̪ a m ]_w
[_w i t̪ j a h ɨ ]_w
[_w m a h k u ]_w
[_w w i j u n ʃ e ]_w
[_w b a n f i l i a ]_w
[_w ts u ʔ i ]_w
[_w t̪ a ʔ n b ɨ ]_w
[_w m i ɲ a h ɨ ]_w
[_w tʃ ɨ s i ʔ i s ]_w
[_w o j u ʔ i s ]_w
[_w k j u ʔ t̪ j a h ]_w
[_w ɡ e n b a ]_w
[_w s a l m o s ]_w
[_w a h u ]_w
[_w tʃ ɨ k p a p ɨ ]_w
[_w k j o k e n ]_w
[_w k j o s o ]_w
[_w h j o ʔ k s u ]_w
[_w w j i ʔ k p a ]_w
[_w k e k e ]_w
[_w m a e s d̪ r o ]_w
[_w e s t̪ e p a n ]_w
[_w t̪ j ɨ h k a j a ]_w
[_w ʃ e ɲ a ]_w
[_w tʃ ɨ h k u j ]_w
[_w k j o t̪ j a h ɨ ]_w
[_w p r o n d̪ o ]_w
[_w p j e n a ]_w
[_w m b j ɨ n ]_w
[_w p e t̪ r o ]_w
[_w m j u s p a p ɨ ]_w
[_w k a i f a s i l ]_w
[_w p r o n d̪ o t̪ i ]_w
[_w t̪ i m o p ɨ ]_w
[_w w i j u ŋ b ɨ ]_w
[_w t̪ o h ts i s ]_w
[_w ʃ ɨ ʔ ŋ ]_w
[_w k a ʔ n ɨ m b a ]_w
[_w h u tʃ p ɨ ]_w
[_w w e r ]_w
[_w m u ʃ a h u ]_w
[_w ɨ h ts ɨ ]_w
[_w tʃ a h k u s e ]_w
[_w j o s ]_w
[_w t̪ e s t̪ i k o ]_w
[_w ɲ e ɡ ]_w
[_w k u ɡ j ɨ s i ]_w
[_w s ɨ ʔ ŋ b a s e ]_w
[_w d̪ i ʔ a m ]_w
[_w k r u s k ɨ s i ]_w
[_w t̪ u k n ɨ m i n ]_w
[_w ɨ h tʃ ɨ n ɨ ]_w
[_w k j o k e n d̪ a ]_w
[_w w j ɨ ʔ o m o ]_w
[_w t̪ j u k ɨ ]_w
[_w w i ʔ k p a ]_w
[_w m i e n t̪ r e ]_w
[_w m u s t̪ a m ]_w
[_w k j a ʔ j a h ɨ ]_w
[_w i p ɨ ]_w
[_w n t̪ u ŋ ]_w
[_w m i n b a s e ]_w
[_w h i ʔ n a ʔ o m ]_w
[_w ɲ a k ʃ a h e ]_w
[_w h e h ]_w
[_w h j a h e p ɨ ]_w
[_w m a j a ʔ j a h ]_w
[_w a ʔ m d̪ a m ]_w
[_w tʃ ɨ h k i ʃ a h ]_w
[_w h o w i p ɨ ]_w
[_w t̪ u ʔ j u ]_w
[_w ŋ ɡ a j l u ]_w
[_w p a ʔ t̪ ɨ h i ]_w
[_w m o tʃ i ]_w
[_w i k u a l ]_w
[_w ɲ a ʔ tʃ a h ɨ ]_w
[_w s a p e ]_w
[_w ʔ j o d̪ e ]_w
[_w k e h t̪ a m b a ]_w
[_w k ɨ m e ʔ ts p a ]_w
[_w k u a t̪ r o n ]_w
[_w m a ŋ b ɨ ]_w
[_w p a ʔ t̪ p a ]_w
[_w t̪ i j ɨ t̪ e ]_w
[_w w ɨ ʔ n e ʔ ]_w
[_w j ɨ ŋ e t̪ e ]_w
[_w u n e t̪ e ]_w
[_w ts ɨ h k a j a h ]_w
[_w tʃ i ts ]_w
[_w o ʔ n b ɨ ]_w
[_w t̪ o n b a ]_w
[_w tʃ o ʔ j ɨ h ts i ]_w
[_w k a ʔ u s e ]_w
[_w ts a h k u j ]_w
[_w h ɨ ʔ ɨ ]_w
[_w ʃ a h ]_w
[_w s ɨ t̪ ɨ t̪ p a ]_w
[_w ɡ j ɨ ʔ h i ʔ ŋ ]_w
[_w i t̪ ɨ ]_w
[_w h a m a b i t̪ ]_w
[_w m i h ts e d̪ e ]_w
[_w m j a ŋ ]_w
[_w ts a h k u p ɨ ]_w
[_w n u ʔ k u j ]_w
[_w ts u ʔ ŋ a j a h ]_w
[_w f a r i s e o ]_w
[_w i h t̪ u t̪ ɨ k ]_w
[_w t̪ j u h k o m o ]_w
[_w k a ʔ t̪ ɨ h u ]_w
[_w tʃ ɨ n ]_w
[_w ɲ tʃ ɨ h k u ]_w
[_w n ɡ o m i ]_w
[_w m a r i a ʔ i s ]_w
[_w p ɨ h k u p ɨ ]_w
[_w m o tʃ i p ɨ ]_w
[_w ŋ ɡ ɨ h t̪ u ]_w
[_w k ɨ j a h ]_w
[_w m j a r k a ]_w
[_w t̪ j u ʔ ŋ a j ]_w
[_w ɲ tʃ ɨ ʔ j a h ɨ ]_w
[_w p ɨ ʔ n i s ]_w
[_w ɡ ɨ j a h ]_w
[_w k a m e l l o ]_w
[_w w j e h ]_w
[_w p e s o ]_w
[_w t̪ j ɨ h k ɨ j u ]_w
[_w t̪ j o k o j u ]_w
[_w p e r o ]_w
[_w ts a n s e ]_w
[_w t̪ i ɡ ɨ t̪ o j a ]_w
[_w w ɨ h ɨ ]_w
[_w w i s a ʔ u p ɨ ]_w
[_w w j i ʔ n o m o ]_w
[_w h e s u s i s ]_w
[_w h i k ɨ ]_w
[_w ɨ h t̪ a ʔ m ]_w
[_w ŋ ɡ j e n ]_w
[_w k o j o s p a ]_w
[_w p o l i s i a s ]_w
[_w w i n ɡ ɨ s i ]_w
[_w w e l o h i ʔ ŋ ]_w
[_w ɲ ɨ j i k ɨ s i ]_w
[_w ɲ tʃ ɨ ʔ j u ]_w
[_w t̪ j u m b ɨ ʔ ]_w
[_w ɨ h ts i ]_w
[_w p i ŋ j a h p a ]_w
[_w j a h a ]_w
[_w ŋ k a ʔ e ]_w
[_w k j ɨ ʔ s ɨ ]_w
[_w ts a t̪ u h ]_w
[_w o s e ]_w
[_w j o ʃ a h u p ɨ ]_w
[_w k e h k u j ]_w
[_w i s ɨ ]_w
[_w n dz i ʔ t̪ a m ]_w
[_w e n t̪ r a s ]_w
[_w k j o ŋ ɲ a ]_w
[_w n a ʔ n dz ɨ ]_w
[_w t̪ j o ɲ a h p a ]_w
[_w j ɨ ŋ ɨ ]_w
[_w j a h a p j a ]_w
[_w t̪ i j e ]_w
[_w t̪ j u h k u s e ]_w
[_w n ɨ ʔ i t̪ ]_w
[_w tʃ i ʔ p a ]_w
[_w d̪ u ʔ k a m ]_w
[_w m i ts k ɨ s ]_w
[_w i ʃ a h ]_w
[_w k o ts a m ]_w
[_w i h t̪ u ʔ i s ]_w
[_w t̪ o t̪ o k ɨ s i ]_w
[_w w i t̪ ɨ ]_w
[_w s i s i s ]_w
[_w w ɨ ʔ n e ʔ i s ]_w
[_w t̪ u ʔ m j a h ɨ ]_w
[_w k e h k u p ɨ ]_w
[_w a k r i b a ]_w
[_w n ɨ ʔ m ɨ ]_w
[_w n ɨ ts ɨ k ]_w
[_w ts a ʔ j ɨ j a h ]_w
[_w m i n b a ]_w
[_w a u ŋ ɡ e ]_w
[_w ŋ k u ʔ t̪ p a ]_w
[_w w j a ɲ a h p a ]_w
[_w w e s e s ]_w
[_w n ɨ j i ʔ a h ]_w
[_w ɡ o p ɨ n s e ]_w
[_w p o ʔ k s ]_w
[_w t̪ j ɨ m ɨ ]_w
[_w h i ŋ n a ʔ ŋ ]_w
[_w i t̪ p a ]_w
[_w i s t̪ a m b a ]_w
[_w n ɨ m d̪ i ]_w
[_w p ɨ m i p ɨ ]_w
[_w ɲ u k j a h ]_w
[_w p e r ɡ e ]_w
[_w ŋ ɡ i ʔ p k u j ]_w
[_w h a n d̪ a ʔ m ]_w
[_w d̪ o t̪ a ]_w
[_w n u ʔ k ]_w
[_w m u ʃ a h ]_w
[_w s u ʔ n o j ɨ ]_w
[_w k o h a p ɨ ]_w
[_w k u h k o m o ]_w
[_w k o m u s ɨ ]_w
[_w n dz a m u s e ]_w
[_w k j u s t̪ ɨ h i ]_w
[_w tʃ a h m a j a ʔ ]_w
[_w o n ɡ i p k u j ]_w
[_w k e n k u j ]_w
[_w ts i ʔ t̪ a m u ]_w
[_w k o k e ʔ i s ]_w
[_w h e m e ts p ɨ n ]_w
[_w k j ɨ h t̪ a ʔ m ]_w
[_w m u s ɨ ]_w
[_w m u s i ]_w
[_w ŋ ɡ o m i ʔ i s ]_w
[_w k j o h t̪ a j ]_w
[_w a ʔ ŋ ɨ j u ]_w
[_w ʔ j o k ]_w
[_w d̪ e r e tʃ o ]_w
[_w p ɨ ʔ n i ]_w
[_w m a ŋ b a t̪ i ]_w
[_w a ʔ m d̪ a ʔ i ]_w
[_w n e ʔ n t̪ a ʔ m ]_w
[_w ʃ u ɲ a h u ]_w
[_w p j o t̪ j u k ɨ ]_w
[_w m i n t̪ a ]_w
[_w ts ɨ k i ]_w
[_w m ɨ ʔ n i s ]_w
[_w ɲ tʃ o h k u ]_w
[_w a ts i ]_w
[_w ts a ʔ m o m o ]_w
[_w d̪ a m a s k o ]_w
[_w tʃ ɨ k p a b ɨ ]_w
[_w h e ʔ t̪ o m o ]_w
[_w w j ɨ h p ɨ ]_w
[_w p j o ʔ k ʃ a h ]_w
[_w n dz ɨ k p a p ɨ ]_w
[_w h a m a k ɨ s i ]_w
[_w n a m dz u ]_w
[_w k j e h e ]_w
[_w t̪ i o s t̪ i ]_w
[_w h u d̪ i p ɨ ]_w
[_w b ɨ h i p ɨ ]_w
[_w u n e ʔ i s ]_w
[_w i s a a k ]_w
[_w n i h p a ]_w
[_w s i r i a ]_w
[_w m e ts ]_w
[_w m a ʔ ŋ ɨ j ]_w
[_w b j a ʔ t̪ u ]_w
[_w p ɨ n ɡ ɨ s i ]_w
[_w h u h tʃ e p ɨ t̪ ]_w
[_w k a ʔ j a h e ]_w
[_w p o ʔ k s u p ɨ ]_w
[_w w ɨ ʔ n a h e ]_w
[_w k j ɨ ʔ k i ]_w
[_w o d̪ e ʔ i s ]_w
[_w a n t̪ i o k i a ]_w
[_w m i n d̪ a ʔ m ]_w
[_w tʃ i p r e p ɨ ]_w
[_w k i ʔ m b a k ]_w
[_w k i ʔ m ]_w
[_w ts a h m a j ]_w
[_w n dz o k o ʔ i s ]_w
[_w b j u ts p ɨ ʔ ɨ ]_w
[_w m e t̪ r o ʔ i s ]_w
[_w m a ʔ ts e ]_w
[_w h u h tʃ ɨ k ]_w
[_w m e ts p ɨ n ]_w
[_w o d̪ i ]_w
[_w j o m o ʔ p j a ]_w
[_w k u ʔ j a h e ]_w
[_w k u ʃ e ]_w
[_w k j ɨ ʔ k s e ]_w
[_w ts o k a ]_w
[_w i s k e ʔ t̪ ]_w
[_w j o m o s e ]_w
[_w f e n i s i a s ]_w
[_w a ŋ ɡ i ʔ m i ]_w
[_w t̪ e ʔ n tʃ u ʔ ŋ ]_w
[_w t̪ ɨ h k ɨ s i ]_w
[_w a u ŋ k e ]_w
[_w u k p a ]_w
[_w j o s a j a h ]_w
[_w l i s t̪ r a ]_w
[_w ŋ ɡ i ʔ p ʃ a h ]_w
[_w a t̪ a n a s ]_w
[_w p j e k a ]_w
[_w b e r m i s o ]_w
[_w u n e d̪ e ]_w
[_w t̪ j u m ɨ ʔ o m ]_w
[_w o ʔ j ɨ ]_w
[_w k o b ɨ ʔ i s ]_w
[_w t̪ i o s i s ]_w
[_w p j ɨ k j a h ]_w
[_w k j ɨ ʔ w e h u ]_w
[_w m j a e s t̪ r o ]_w
[_w k u ʔ t̪ i ]_w
[_w n u ʔ k u ]_w
[_w k o p ɨ ʔ n i s ]_w
[_w s ɨ ʔ n ɡ ɨ ]_w
[_w k e n d̪ a m ɨ ]_w
[_w t̪ j o ʔ ŋ ]_w
[_w s a r t̪ i s ]_w
[_w u ʃ i ]_w
[_w m i n u p ɨ ]_w
[_w u k j a h ]_w
[_w d̪ e s p u e s ]_w
[_w j o s p a p ɨ ]_w
[_w p ɨ m i h n a j ]_w
[_w d̪ u ʔ m b a ]_w
[_w t̪ o m a s ]_w
[_w ts i ʔ ɨ h ts i ]_w
[_w ɲ ɨ ts ɨ k ]_w
[_w d̪ j ɨ h k ɨ j ]_w
[_w h i ʔ n ɨ ]_w
[_w ɲ ɨ j i ʔ a h ]_w
[_w k a ʔ k u j ]_w
[_w u k i ]_w
[_w p u r r o ]_w
[_w d̪ i o s ]_w
[_w p j o j ]_w
[_w k a s o ]_w
[_w i s p a ]_w
[_w t̪ o r r e ɡ o ]_w
[_w ʔ j o h n a j ]_w
[_w h u a ʔ n i s ]_w
[_w t̪ j o ʔ ŋ j a h ]_w
[_w s i e n d̪ r e ]_w
[_w w i n i ]_w
[_w m b a t̪ r o n ]_w
[_w a ŋ m a d̪ j a m ]_w
[_w w i s a ʔ e ]_w
[_w k e h e p ɨ ]_w
[_w i t̪ k e ʔ t̪ u ]_w
[_w k o s e tʃ a s e ]_w
[_w ɨ ts k e ʔ t̪ e ]_w
[_w o n d̪ e n t̪ o ]_w
[_w h i ʔ n t̪ a ʔ m ]_w
[_w h i k ʃ e ʔ ɨ k ]_w
[_w h u h tʃ e m ]_w
[_w k o s o ]_w
[_w n dz ɨ k ɨ ]_w
[_w n ɨ m a ŋ h a j ]_w
[_w b o ʔ n i s ]_w
[_w w j a ʔ ŋ ɨ j ]_w
[_w t̪ i o s m ɨ ]_w
[_w m ɨ h a ʔ ŋ ]_w
[_w k ɨ ʔ w e h u ]_w
[_w ʔ j a ts i ʔ i s ]_w
[_w n o ʔ a ]_w
[_w k a t̪ a r a ]_w
[_w ɲ ɨ k i ʔ i s ]_w
[_w ts i ʔ t̪ a m ]_w
[_w m a n d̪ a ʔ m ]_w
[_w t̪ a ʔ n ɨ h ts i ]_w
[_w t̪ j u ʔ ɲ a h ]_w
[_w n ɨ ŋ ɡ ɨ t̪ i ]_w
[_w d̪ u m ɨ ]_w
[_w ʃ u n ]_w
[_w ts a m b ɨ k ]_w
[_w h u t̪ i p ɨ ]_w
[_w s u n b a h a ]_w
[_w ts a h m a j ɨ ]_w
[_w m a s t̪ i k o ]_w
[_w h j o ʔ k j a h ]_w
[_w ts ɨ k ]_w
[_w s i e n t̪ r a s ]_w
[_w k e n b a m ɨ ]_w
[_w n d̪ ɨ w ɨ ]_w
[_w ts a m j a h p a ]_w
[_w k o ts o h k a j ]_w
[_w w j ɨ ʔ m ɨ ]_w
[_w m i n k e ʔ t̪ ]_w
[_w s e w r o ]_w
[_w w i n u h i ʔ ŋ ]_w
[_w ts i ʔ t̪ a m b a ]_w
[_w f a l t̪ a ]_w
[_w u t̪ i m ]_w
[_w k o n f o r m e ]_w
[_w w a ʔ k ]_w
[_w n a ʔ ts ɨ j ]_w
[_w k j o t̪ a ]_w
[_w k r u s k ɨ s ]_w
[_w t̪ j u m ɡ u j ]_w
[_w t̪ r o a s ]_w
[_w i j e ]_w
[_w ts ɨ h ]_w
[_w j a h a p ɨ t̪ e ]_w
[_w ɨ ts p i t̪ ]_w
[_w w j a ʔ k u ]_w
[_w ts u ʔ ]_w
[_w h a n d̪ a m ]_w
[_w t̪ j ɨ ʔ m a h e ]_w
[_w i h t̪ a m ɨ ]_w
[_w p j a ʔ t̪ a m ]_w
[_w p o p j a ]_w
[_w e n t̪ r e s i s ]_w
[_w p j ɨ k p a ]_w
[_w ɲ tʃ o k a ]_w
[_w dz o ʔ ts k u j ]_w
[_w ts o h k u ]_w
[_w k j o m i t̪ e ]_w
[_w p r e s o ʔ o m ]_w
[_w ɡ o ts o k a ]_w
[_w m e n o s ]_w
[_w a n k e l e s ]_w
[_w i s a i a s i s ]_w
[_w p l a t̪ a p ɨ ]_w
[_w t̪ e r e tʃ o ]_w
[_w tʃ i p r e ]_w
[_w m i h tʃ ɨ ŋ ]_w
[_w p o n s i o ]_w
[_w w j a ʔ k j a h ]_w
[_w a r a b i a ]_w
[_w j a ʔ i ]_w
[_w k e h u ʔ a m ]_w
[_w l u k a s i s ]_w
[_w i d̪ a ʔ a m ]_w
[_w p u h t̪ a j ]_w
[_w n ɨ h a j u ]_w
[_w ts ɨ ʔ j ]_w
[_w p o p r e s e ]_w
[_w k e k p a s e ]_w
[_w s u n i s e ]_w
[_w t̪ i k ɨ s ]_w
[_w n o ʔ a s e ]_w
[_w s ɨ ʔ ŋ ɡ ɨ s e ]_w
[_w s u n t̪ a m ]_w
[_w k o h a ʔ a h u ]_w
[_w a n i m a ]_w
[_w w i h t̪ a ʔ m ]_w
[_w k j o t̪ j a h u ]_w
[_w ɡ u m ɡ u ʔ i s ]_w
[_w k o n ]_w
[_w t̪ j u m ɡ ɨ ʔ j ]_w
[_w ŋ ɡ ɨ ʔ w e h ]_w
[_w w j a ts i ]_w
[_w t̪ o j a p i t̪ ]_w
[_w k o b a h k i s ]_w
[_w n u ts k ɨ ʔ m ɨ ]_w
[_w ts a m e t̪ e ]_w
[_w k a r d̪ a ]_w
[_w m a n d̪ a ]_w
[_w ɲ u ʔ k s k u j ]_w
[_w i s a j ]_w
[_w t̪ u m i n ]_w
[_w s o l t̪ a t̪ o ]_w
[_w ts u ʔ j i p ɨ ]_w
[_w tʃ a m j a h ɨ ]_w
[_w p e r k a m o ]_w
[_w k o p u d̪ ]_w
[_w n tʃ ɨ h k u s e ]_w
[_w ts i ʔ u s e ]_w
[_w k u a r e n d̪ a ]_w
[_w t̪ u m n a k t̪ i ]_w
[_w j ɨ ŋ d̪ a m ɨ ]_w
[_w h a m a ʃ e ]_w
[_w k j o ŋ ɲ a s e ]_w
[_w k o ts o w a ]_w
[_w ŋ ɡ o h i ]_w
[_w tʃ a h m a j a h ]_w
[_w n i ʔ a ŋ h a j ]_w
[_w t̪ a n d̪ o ]_w
[_w b a n e ʔ i s ]_w
[_w d̪ e m e ]_w
[_w i n d̪ e r o ]_w
[_w ts a k t̪ a m u ]_w
[_w h e t̪ k ɨ ʔ m ɨ ]_w
[_w tʃ a m ɨ ]_w
[_w t̪ u m ɡ ɨ ʔ j ]_w
[_w t̪ e n a r i o ]_w
[_w w i h t̪ a m ɨ ]_w
[_w m o r r a l ]_w
[_w m j ɨ ʔ n ɨ ]_w
[_w t̪ i s e a ]_w
[_w m i n d̪ a m ɨ ]_w
[_w n a s p ɨ ]_w
[_w k ɨ h t̪ u ]_w
[_w j a ʔ i p ɨ ]_w
[_w m i e n d̪ r a s ]_w
[_w h u d̪ e a ]_w
[_w m b a s e ]_w
[_w a ŋ d̪ j u n ]_w
[_w ɲ ɨ m a ŋ h a m ]_w
[_w m a r ɡ ɨ s i ]_w
[_w k o p u d̪ i ]_w
[_w k i ʔ m ɨ ]_w
[_w ts ɨ ʔ j a h ɨ ]_w
[_w n i p i ]_w
[_w s a w a ]_w
[_w w a h a b ɨ ]_w
[_w n u ʔ k e ʔ t̪ u ]_w
[_w o r a ]_w
[_w k e n k i ʔ m ɨ ]_w
[_w m a j a ʔ ]_w
[_w i s p ɨ h ts i ]_w
[_w t̪ u ʔ m b a p ɨ ]_w
[_w t̪ ɨ k m ɨ ]_w
[_w m u s u ʔ a m ]_w
[_w m u s t̪ a m u ]_w
[_w k a s i ]_w
[_w k ɨ ʔ j i ]_w
[_w l i s i a ]_w
[_w w i k i h k ɨ ]_w
[_w w j ɨ h p ɨ t̪ e ]_w
[_w n a m a s ]_w
[_w ts u ʔ ŋ b ɨ ]_w
[_w w a t̪ k u j ]_w
[_w n ɨ m j a h ɨ ]_w
[_w m j a ŋ d̪ a m ]_w
[_w k o m i ʔ s ]_w
[_w f e n i s i a ]_w
[_w ɲ ɨ m u ]_w
[_w j o s a ]_w
[_w k j ɨ ʔ o n ]_w
[_w m j a m a ]_w
[_w tʃ i ʔ ]_w
[_w n a s o m ]_w
[_w w ɨ ŋ ɡ o ts o ŋ ]_w
[_w h e t̪ s e p ɨ ]_w
[_w k ɨ h t̪ a ʔ m ]_w
[_w p u h t̪ a m ]_w
[_w ɡ u a r d̪ o ]_w
[_w a d̪ e n a ]_w
[_w s ɨ ʔ ŋ ɡ ɨ ]_w
[_w p j o j a ]_w
[_w s i n ]_w
[_w k a m b i e n ]_w
[_w m o s i s e ]_w
[_w k j a ʔ j a h ]_w
[_w n dz a m ɡ e ʔ t̪ ]_w
[_w m e s p a s e ]_w
[_w ɡ e h a ]_w
[_w k a ʔ u ]_w
[_w w i ʔ h k u j ]_w
[_w a ʔ m d̪ a m b a ]_w
[_w k a ʔ t̪ a m ɨ ]_w
[_w n d̪ i j ɨ t̪ e ]_w
[_w e n d̪ r e s ]_w
[_w t̪ j ɨ k m ɨ ]_w
[_w m b e k a ]_w
[_w ts o k o j e ]_w
[_w ɲ a ʔ tʃ a h ]_w
[_w k o h a p i t̪ ]_w
[_w n dz a k t̪ ɨ h ]_w
[_w ʔ j o s u p ɨ ]_w
[_w ts i ʔ ɨ ]_w
[_w ts i ʔ ]_w
[_w s e s a r ]_w
[_w k o k a ʔ t̪ a j ]_w
[_w m i h ts e ]_w
[_w m a r ɡ o s i o ]_w
[_w ɲ ɨ h m a j e ]_w
[_w t̪ u k p a ]_w
[_w n e ʔ n e ]_w
[_w ts o k o ʔ i s ]_w
[_w ŋ ɡ o h i ʔ ŋ ]_w
[_w n a k s ]_w
[_w m a h k a b j a ]_w
[_w m i ts k ɨ ʔ m ɨ ]_w
[_w h u h tʃ e t̪ e ]_w
[_w ɡ o h a ʔ i s ]_w
[_w tʃ a k j a h e ]_w
[_w k e k p a p ɨ ]_w
[_w h o n a s ]_w
[_w ɲ tʃ i ʔ u s e ]_w
[_w ts i ʔ p a ]_w
[_w t̪ o r o ]_w
[_w ts a k t̪ ɨ h ]_w
[_w m j a h ]_w
[_w i t̪ j a h u ]_w
[_w p j ɨ ʔ n i s ]_w
[_w j a h j a h ]_w
[_w w i ʔ n a ʔ o m ]_w
[_w ŋ ɡ o j o s p a ]_w
[_w m a t̪ e o ]_w
[_w p i ŋ ]_w
[_w a m e m n a ʔ ŋ ]_w
[_w i k ɨ s i ]_w
[_w m o i s e s ]_w
[_w m i ts k ɨ ʔ i s ]_w
[_w ɲ ɨ ʔ o j a ]_w
[_w m i n d̪ a m b a ]_w
[_w o ʔ k a n a s ]_w
[_w k a ʔ p ɨ h ts i ]_w
[_w ɲ e ʔ k ]_w
[_w s u n i t̪ i ]_w
[_w ʃ o m u ]_w
[_w s e ɲ o r ]_w
[_w w ɨ h ɨ n dz ɨ k ]_w
[_w ŋ ɡ j o ts a m ]_w
[_w w u e l t̪ a ]_w
[_w p j ɨ k j a h u ]_w
[_w w i s a ʔ u ]_w
[_w ts a m dz i ʔ ɨ ]_w
[_w d̪ ɨ k m ɨ ]_w
[_w ɲ i p j a h ]_w
[_w k a n a s ]_w
[_w w ɨ ʔ n i s ]_w
[_w d̪ i o s i s e ]_w
[_w d̪ ɨ k s p ɨ ʔ ɨ ]_w
[_w j o ʃ a h u ]_w
[_w p o n t̪ o ]_w
[_w k o m u s ]_w
[_w ɲ ɨ m a ŋ u ]_w
[_w h j a j u s e ]_w
[_w ʔ j o t̪ e p i t̪ ]_w
[_w o t̪ i ]_w
[_w m j a n u s e ]_w
[_w k u ʔ j a p j ɨ ]_w
[_w p u t̪ j a h u ]_w
[_w m u ʔ k ]_w
[_w ts i ʔ t̪ a m e ]_w
[_w o r o ]_w
[_w w i t̪ i ]_w
[_w tʃ a m u s e ]_w
[_w k j ɨ ʔ w e h e ]_w
[_w k u a d̪ r o ]_w
[_w ʃ u ɲ a h ]_w
[_w s i e m b o ]_w
[_w ts a ŋ ɡ a b ɨ ]_w
[_w m a r ]_w
[_w n ɡ ɨ ʔ ]_w
[_w m u s ɨ p ɨ ]_w
[_w m u s p a m ɨ ]_w
[_w p e ʔ tʃ t̪ ɨ k ]_w
[_w k o n t̪ e n t̪ o ]_w
[_w p u d̪ ]_w
[_w w j a ʔ k ]_w
[_w ts ɨ ʔ t̪ j a h ]_w
[_w j o s e b ɨ ]_w
[_w p j o ʔ k ɨ j ]_w
[_w tʃ a h m a p j a ]_w
[_w s ɨ ʔ ŋ a j ]_w
[_w k i ʔ m j a h u ]_w
[_w ɲ e ʔ k t̪ a m ]_w
[_w n t̪ ɨ ]_w
[_w j o s a p j a ]_w
[_w j o s tʃ o ʔ ts u ]_w
[_w p o p r e p ɨ ]_w
[_w s a n d̪ o p i t̪ ]_w
[_w d̪ o ts h i ʔ ŋ ]_w
[_w t̪ i d̪ o ʔ i s ]_w
[_w h a h m b ɨ ]_w
[_w h i ʔ n a ʔ i s ]_w
[_w t̪ e m e t̪ e ]_w
[_w l a s t̪ i k o ]_w
[_w j o m ʔ u n e ]_w
[_w ʃ a h j a h ]_w
[_w t̪ ɨ k s e p ɨ ]_w
[_w j o m o h i ʔ ŋ ]_w
[_w n ɨ h a j a h ɨ ]_w
[_w i t̪ a m ]_w
[_w ts ɨ k p a ]_w
[_w ɡ o m i ʔ i s ]_w
[_w a d̪ a n a e l ]_w
[_w ts u ʔ k ɨ ʔ m ɨ ]_w
[_w h a n d̪ a m ɨ ]_w
[_w m i ɲ a h e ]_w
[_w p u h t̪ u ]_w
[_w m a ŋ b a t̪ ɨ k ]_w
[_w tʃ a m dz i ʔ ]_w
[_w ɨ m n a ʔ n ]_w
[_w l u ʔ k ]_w
[_w i h t̪ u n a ʔ ŋ ]_w
[_w k a s ɨ p j a ]_w
[_w o s p a p ɨ ]_w
[_w n ɨ m a ŋ h a m ]_w
[_w t̪ u ʔ ŋ u ]_w
[_w s e ɲ a ]_w
[_w ts a b a s ]_w
[_w ɡ a ʔ k u j ]_w
[_w e j a t̪ i ]_w
[_w s o m d̪ ɨ h u ]_w
[_w n o w e n d̪ a ]_w
[_w k a r o ]_w
[_w d̪ i e n e ]_w
[_w ts ɨ h k a j a ]_w
[_w t̪ u ʔ k ]_w
[_w k e ɲ a h e ]_w
[_w d̪ j u k i ]_w
[_w t̪ r i k o ]_w
[_w k o k a ʔ ]_w
[_w u ʃ k o ʔ n i s ]_w
[_w ts u ʔ ŋ b a ]_w
[_w tʃ a m j a h u ]_w
[_w o j u p ɨ m ]_w
[_w b a s k u a ]_w
[_w p ɨ h i p ɨ ]_w
[_w h a k o h p i s ]_w
[_w ts ɨ h k a j e ]_w
[_w ɲ i b j a h ɨ ]_w
[_w k e ts a ʔ o m ]_w
[_w m a h k u j ]_w
[_w m ɨ ʃ a ŋ b ɨ ]_w
[_w h j a j a ʔ i s ]_w
[_w b o j e ]_w
[_w k u a n t̪ o s ]_w
[_w s e s e n d̪ a ]_w
[_w m a k s k u j ]_w
[_w w j e h a j a ]_w
[_w k u ʔ t̪ k u j ]_w
[_w j a h j a h e ]_w
[_w p o ʔ k ʃ a h ]_w
[_w m a s n a ʔ ŋ ]_w
[_w s o l d̪ a t̪ ɨ k ]_w
[_w o t̪ ɨ k ]_w
[_w a ʔ ŋ ɨ ]_w
[_w e f e s o ]_w
[_w t̪ o m e ]_w
[_w ŋ ɡ o k i p ]_w
[_w k e h t̪ a m ]_w
[_w ts o j ]_w
[_w h e n n a ʔ ŋ ]_w
[_w n ɨ m a ŋ ]_w
[_w k ɨ k e ʔ n ɨ j ]_w
[_w k e h p a ]_w
[_w k j a ʔ ɨ ]_w
[_w k e k j a h ]_w
[_w n a s i s ]_w
[_w tʃ ɨ h k u p ɨ ]_w
[_w tʃ ɨ k i p j a h ]_w
[_w a ʔ ŋ ɨ h ts i ]_w
[_w m a s a n d̪ o ]_w
[_w n k o m i ]_w
[_w tʃ i ʔ j a h e ]_w
[_w m b j u h t̪ u ]_w
[_w k j e h a b j a ]_w
[_w ts ɨ ʔ j a h e ]_w
[_w m b a ʔ h t̪ a m ]_w
[_w p u ts i ]_w
[_w s i s p ɨ ]_w
[_w k ɨ ʔ ]_w
[_w k o ts a m b a ]_w
[_w k r e d̪ a ]_w
[_w h e t̪ p i t̪ ]_w
[_w d̪ o s e ]_w
[_w ʔ j a ŋ dz o ŋ ]_w
[_w ŋ ɡ o h a ]_w
[_w k o r o n a ]_w
[_w k j e h a j a h ]_w
[_w n a m a ]_w
[_w t̪ j o m e k e k ]_w
[_w n dz a m ɨ ]_w
[_w s u n u n a ʔ ŋ ]_w
[_w e s p e t̪ o ]_w
[_w j o s t̪ a m u ]_w
[_w b j o r r e ]_w
[_w p j ɨ h k o m ]_w
[_w s o l t̪ a t̪ ɨ k ]_w
[_w tʃ o k ]_w
[_w p ɨ ʔ n a h p a ]_w
[_w k e n b a p ɨ ]_w
[_w i j e t̪ e ]_w
[_w k a s ɨ j i ]_w
[_w h u t̪ ɨ ]_w
[_w tʃ a h k u j ]_w
[_w k ɨ ʔ s p a ]_w
[_w k j u s t̪ ɨ h ɨ ]_w
[_w p ɨ n e t̪ e ]_w
[_w m b ɨ ʔ ]_w
[_w s a u l ]_w
[_w p j u h t̪ u p ɨ ]_w
[_w n d̪ ɨ w ɨ j ]_w
[_w t̪ e ʔ n ɨ h ts i ]_w
[_w w i j u ŋ a h ɨ ]_w
[_w h ɨ ʔ t̪ a j a h ]_w
[_w a ŋ dz o ŋ b a ]_w
[_w ts ɨ ʔ k j e ʔ t̪ ]_w
[_w h o w i s e t̪ i ]_w
[_w j a h a j a ]_w
[_w u a n t̪ o b i t̪ ]_w
[_w a ŋ ɡ i ʔ m b a ]_w
[_w ts a h k u ]_w
[_w a r p a ]_w
[_w a k a j a ]_w
[_w t̪ i p i t̪ ]_w
[_w u ʃ o m o ]_w
[_w tʃ a m b ɨ k ]_w
[_w tʃ i ʔ j a h ]_w
[_w ɲ ɨ ts o ʔ ts u ]_w
[_w m u s p ɨ h ts i ]_w
[_w b ɨ n ɡ ɨ s i ]_w
[_w w i ʔ k ]_w
[_w i s a j a h ]_w
[_w ʔ j u n e s e ]_w
[_w h j a j a ]_w
[_w s u n b a d̪ i ]_w
[_w i ʃ a h u p ɨ ]_w
[_w a ʔ m e t̪ e ]_w
[_w k a ʔ u ʔ a m ]_w
[_w tʃ a k j a h ]_w
[_w j a ts i b ɨ ]_w
[_w ts ɨ ʔ j a h p a ]_w
[_w m ɨ h a ʔ a h ]_w
[_w w j ɨ ʔ a h ɨ ]_w
[_w t̪ j u ʔ n ]_w
[_w a u n ɡ e t̪ i ]_w
[_w s i m o n ]_w
[_w tʃ ɨ t̪ ɨ p ɨ ]_w
[_w j ɨ t̪ i ]_w
[_w i h t̪ u m ɨ p ɨ ]_w
[_w d̪ a w i t̪ ]_w
[_w n dz a k p ɨ ʔ ]_w
[_w p ɨ n ɡ ɨ s ]_w
[_w h u t̪ i b ɨ ]_w
[_w w a s o ]_w
[_w m a r t̪ a ʔ i s ]_w
[_w i s p ɨ k ]_w
[_w m a h k a j a h ]_w
[_w n ɨ k ]_w
[_w k u ʔ j o m ]_w
[_w i s r a e l ]_w
[_w tʃ i b r e ]_w
[_w w ɨ k o ts ɨ k ]_w
[_w n dz a m b a s o ]_w
[_w o j u t̪ i ]_w
[_w h i ʔ n t̪ j e t̪ ]_w
[_w t̪ o k o j a ]_w
[_w k j o h a p ɨ ]_w
[_w n dz i ʔ t̪ a m e ]_w
[_w p e t̪ r o ʔ i s ]_w
[_w w ɨ ʔ m ɨ ]_w
[_w k a s ɨ j a h e ]_w
[_w s i s k ɨ s ]_w
[_w k u ʔ j a b j ɨ ]_w
[_w s a p ɨ k t̪ a m ]_w
[_w o n t̪ e n t̪ a ]_w
[_w k j o j o h a ]_w
[_w tʃ o k a ]_w
[_w t̪ i b e r i a s ]_w
[_w ɲ tʃ ɨ ʔ t̪ j a m ]_w
[_w h ɨ ʔ n ɨ t̪ i ]_w
[_w w i h t̪ u p ɨ ]_w
[_w a n k i ʔ m ]_w
[_w m u s t̪ ɨ h i ]_w
[_w h u ts n ɨ m ]_w
[_w m j u s t̪ ɨ h ɨ ]_w
[_w n tʃ ɨ h k u ]_w
[_w p ɨ n d̪ i ]_w
[_w h j a h ]_w
[_w p ɨ ʔ n a s i s ]_w
[_w n u n k a t̪ ɨ k ]_w
[_w t̪ u k n ɨ m i ]_w
[_w ts u ʔ ŋ b a s e ]_w
[_w w i n t̪ ɨ ]_w
[_w w e r a s ]_w
[_w b j a n e ]_w
[_w o ʔ n ɨ j ɨ ]_w
[_w j o m o d̪ e o ]_w
[_w ɡ j e n e ]_w
[_w i t̪ ɨ p ɨ ʔ i s ]_w
[_w l i p r o ʔ i s ]_w
[_w n tʃ ɨ ʔ j ]_w
[_w t̪ o ʔ t̪ i p ɨ ]_w
[_w ŋ ɡ o ts o k p a ]_w
[_w p ɨ n d̪ a ʔ m ]_w
[_w k e h e b ɨ ]_w
[_w t̪ u k j a h u ]_w
[_w n dz i ʔ t̪ ɨ h u ]_w
[_w k i ʔ ʃ k a ʔ u ]_w
[_w h j a t̪ a ʔ i s ]_w
[_w e j a t̪ a ʔ n ɨ ]_w
[_w ɲ ɨ ts ɨ k p a ]_w
[_w ɲ ɨ m a ŋ b a k ]_w
[_w w i ʔ n a t̪ i ]_w
[_w p a s e ]_w
[_w s i s k ɨ s i ]_w
[_w k o n d̪ e n t̪ o ]_w
[_w n ɨ m ɨ m e ]_w
[_w h e t̪ h i ʔ n ]_w
[_w h i ʔ n a p ɨ ]_w
[_w p a ɡ i ]_w
[_w k a s t̪ i m a ]_w
[_w k ɨ t̪ o j a ]_w
[_w m a ŋ b a s e ]_w
[_w h a tʃ ɨ j u p ɨ ]_w
[_w t̪ o t̪ o ]_w
[_w n u ʔ k j a h e ]_w
[_w ɲ tʃ ɨ h k i s u ]_w
[_w k j o d̪ e ]_w
[_w n a m tʃ a n ]_w
[_w t̪ e n a ]_w
[_w tʃ ɨ s i ]_w
[_w ɲ ɨ ʔ i t̪ ]_w
[_w t̪ a s ]_w
[_w e p a f r a s ]_w
[_w m u s p a b ɨ ]_w
[_w ʔ j u n e t̪ e ]_w
[_w n dz ɨ k p a ]_w
[_w j ɨ ʔ k ɨ ʔ m ɨ ]_w
[_w m e d̪ i o ]_w
[_w ʃ a j a m a j e ]_w
[_w ts a m dz i ʔ u ]_w
[_w h i ʔ n ɨ h ts i ]_w
[_w n e ʔ t̪ i s ]_w
[_w w j o m b a ]_w
[_w a m e p i t̪ ]_w
[_w n dz ɨ h k u ]_w
[_w n d̪ i j ɨ ]_w
[_w w j o m b a m ɨ ]_w
[_w m u s i k a ]_w
[_w n e ʔ n d̪ a ]_w
[_w w j ɨ h t̪ a ʔ m ]_w
[_w ʃ i s t̪ a m e ]_w
[_w m ɨ h a ]_w
[_w t̪ u h ]_w
[_w k i ʔ s a p j a ]_w
[_w k j o m u ʃ a h ]_w
[_w k j o m o ]_w
[_w n a ʔ ts ɨ ]_w
[_w ɲ tʃ i ʔ p a ]_w
[_w u n i ɡ o ]_w
[_w k j ɨ n u ʔ k u ]_w
[_w n a s k ɨ s p ɨ ]_w
[_w i s p ɨ ]_w
[_w k j ɨ ʔ s p a ]_w
[_w t̪ j u ʔ ŋ j a h ]_w
[_w m e ʔ ts p a ]_w
[_w s u n d̪ a m ɨ ]_w
[_w ʃ u n t̪ a m u ]_w
[_w tʃ ɨ ŋ ɡ e ʔ t̪ u ]_w
[_w m a h r o m o ]_w
[_w o ʔ j ɨ h a ʔ ŋ ]_w
[_w o n d̪ o ]_w
[_w t̪ i a n a ʔ ŋ ]_w
[_w o r a k ɨ s i ]_w
[_w w ɨ h n a ʔ ŋ ]_w
[_w ts a k t̪ a m ɨ ]_w
[_w k o t̪ ]_w
[_w ts ɨ k t̪ ɨ h ]_w
[_w t̪ a m a s k o ]_w
[_w s a ŋ ]_w
[_w ts o k o j u ]_w
[_w b a ʔ h t̪ a m ]_w
[_w ɲ ɨ m d̪ a m b a ]_w
[_w a p e h l i s ]_w
[_w n t̪ ɨ w ɨ j ]_w
[_w k o l ɡ o d̪ a ]_w
[_w t̪ ɨ h k o m s e ]_w
[_w k o m o r r a l ]_w
[_w k e n a ]_w
[_w n ɨ ʔ ]_w
[_w ʃ u e r d̪ e ]_w
[_w t̪ e r b e ]_w
[_w tʃ ɨ ŋ ɨ ]_w
[_w m a d̪ e o ]_w
[_w w j ɨ ʔ o m ]_w
[_w t̪ o ʔ t̪ i ]_w
[_w s u ɲ i p ɨ ]_w
[_w d̪ i o s i s ]_w
[_w s u ʔ n o j a ]_w
[_w ɡ o m i ]_w
[_w m i n d̪ a m ]_w
[_w p j a ʔ t̪ ]_w
[_w o ʔ n ɨ t̪ j a h ]_w
[_w p a r ɡ o s ]_w
[_w ɨ s i h k a m ]_w
[_w h u n t̪ j a m ]_w
[_w tʃ i ʔ u p ɨ ]_w
[_w k o h a b i t̪ ]_w
[_w f e l i p o s ]_w
[_w n u ʔ k e ʔ t̪ ]_w
[_w k o ts o k ]_w
[_w p a ʔ t̪ ]_w
[_w n dz a h m a j e ]_w
[_w o ʔ n a ʔ n ]_w
[_w n a s o m o ]_w
[_w m j u s p a ]_w
[_w b u h ]_w
[_w m u s t̪ a m b a ]_w
[_w t̪ e s t̪ e ]_w
[_w h j o m e h k u ]_w
[_w n u ʔ m ]_w
[_w ts a ʔ s e ]_w
[_w h u a n e t̪ e ]_w
[_w a t̪ a ʔ i ]_w
[_w b u t̪ j a h p a ]_w
[_w n ɨ h m a j u ]_w
[_w ŋ ɡ ɨ ʔ o n ]_w
[_w d̪ j o n e ]_w
[_w k e ɲ a h p a ]_w
[_w t̪ i o s k ɨ s ]_w
[_w m a ʔ n ɨ h ts i ]_w
[_w k a ʔ o j e ]_w
[_w w j ɨ h o m o ]_w
[_w l i b r o ]_w
[_w p j o r r e k o ]_w
[_w h a h j a j a h ]_w
[_w o ʔ n a ʔ n dz ɨ ]_w
[_w h i ʔ n d̪ ɨ k ]_w
[_w ts a k j a h p a ]_w
[_w o ʔ k a n a ]_w
[_w h i k ʃ e ʔ k ]_w
[_w j a h j a h u ]_w
[_w s i e m b r e ]_w
[_w k e n t̪ a m ]_w
[_w m j a h e ]_w
[_w d̪ e ʔ n ]_w
[_w u k j a h ɨ ]_w
[_w k j o m o b ɨ ]_w
[_w ɡ u a r t̪ o ]_w
[_w m j u ʃ a h u ]_w
[_w o j u n a ʔ ŋ ]_w
[_w m o i s e s i s ]_w
[_w o j a h ]_w
[_w ʔ j ɨ ŋ d̪ a ʔ m ]_w
[_w k o m i d̪ e ]_w
[_w n a ʔ tʃ a h u ]_w
[_w a p a r d̪ e ]_w
[_w t̪ u h t̪ a j ]_w
[_w m a ŋ b a p ɨ ]_w
[_w n ɨ h a m b a ]_w
[_w ɲ ɨ k ɨ ts o ʔ ts ]_w
[_w m o h t̪ u p ɨ ]_w
[_w h ɨ ʔ n ɨ ]_w
[_w i s t̪ ɨ h ɨ ]_w
[_w w a ʔ k ɨ ]_w
[_w tʃ i ʔ p a s e ]_w
[_w s e k u r o ]_w
[_w n d̪ ɨ w ɨ s e ]_w
[_w j a h n a j a h ]_w
[_w n dz a k p a ]_w
[_w a ŋ ɡ e ʔ t̪ ]_w
[_w k o p u t̪ ]_w
[_w h i ʔ n d̪ j e t̪ ]_w
[_w i ʃ a h p a s e ]_w
[_w h a h j a h m e ]_w
[_w n a s k ɨ s ]_w
[_w m u m u t̪ i ]_w
[_w e t̪ k ɨ s i ]_w
[_w j a ʔ m j a h u ]_w
[_w h j a t̪ a ]_w
[_w p o j ]_w
[_w ɲ u ʔ k ɨ ʔ m ɨ ]_w
[_w n dz ɨ k p a b ɨ ]_w
[_w w e n e d̪ a ʔ m ]_w
[_w tʃ i w u ]_w
[_w k j ɨ ʔ ]_w
[_w p o l i s i a ]_w
[_w t̪ j ɨ ts ]_w
[_w ɲ ɨ m ɨ ʔ n ]_w
[_w i d̪ j a h u ]_w
[_w t̪ o k o k u j ]_w
[_w ɲ u ʔ m ɨ ]_w
[_w j a k s u ts ɨ k ]_w
[_w t̪ u ʔ ŋ a j a h ]_w
[_w w i j u ŋ a h u ]_w
[_w k a d̪ e n a ]_w
[_w e s p a t̪ a ]_w
[_w ʔ j o d̪ e ʔ i s ]_w
[_w ts i ʔ i s ]_w
[_w p a r r a p a s ]_w
[_w n e k o s i s ]_w
[_w k a ts u ]_w
[_w ʔ j o r a ]_w
[_w k o h a p i d̪ ]_w
[_w j u ʔ ]_w
[_w m j u s i ]_w
[_w m j u k i ]_w
[_w ɲ e ʔ n d̪ a ʔ m ]_w
[_w s e a ]_w
[_w i t̪ j a h p a ]_w
[_w u k p a s e ]_w
[_w m a t̪ ɨ k ]_w
[_w tʃ o ʔ j ɨ ]_w
[_w j ɨ t̪ i p ɨ n ]_w
[_w k ɨ t̪ j a m ]_w
[_w l u k a s ]_w
[_w b a r r a p a s ]_w
[_w f i n ]_w
[_w h a m a s ]_w
[_w n ɡ o h a ]_w
[_w n ɨ w ɨ ʔ a h e ]_w
[_w ʃ u n u p ɨ ]_w
[_w w j ɨ h ]_w
[_w ts a h m a j e ]_w
[_w h a d̪ a j ]_w
[_w f e l i b e ]_w
[_w s i m o ʔ n i s ]_w
[_w ɡ a ʔ u ]_w
[_w tʃ a m j a h e ]_w
[_w w i t̪ j a h e ]_w
[_w ʔ j a ʔ m ɨ k ]_w
[_w m ɨ h a ʔ ŋ o m ]_w
[_w m j a n u ]_w
[_w e s t̪ e ]_w
[_w p j a ʔ t̪ a j ]_w
[_w h u h n a ʔ ŋ ]_w
[_w e l i s a p e t̪ ]_w
[_w a s i a ]_w
[_w k o d̪ ]_w
[_w w i h t̪ u ]_w
[_w k j e n b a ]_w
[_w h u d̪ i ]_w
[_w m a s t̪ i m a ]_w
[_w f i n o b ɨ ]_w
[_w k e h j a h e ]_w
[_w i s i n dz i ʔ ]_w
[_w p i ʔ k i s ]_w
[_w h e ʔ i s t̪ i ]_w
[_w n ɨ ʔ j ɨ j ]_w
[_w j ɨ ʔ k ɨ s ]_w
[_w tʃ ɨ h k i s u ]_w
[_w p r i s s i l a ]_w
[_w k a n a ʔ i s ]_w
[_w t̪ ɨ w ɨ ]_w
[_w n ɨ h a b ɨ t̪ e ]_w
[_w n tʃ i ʔ ]_w
[_w h e s u s ʔ i s ]_w
[_w d̪ j u m i n ]_w
[_w m a d̪ ɨ k ]_w
[_w ɡ u h k i ]_w
[_w j a h k u ]_w
[_w k o p ɨ n s e ]_w
[_w h j a h m e ]_w
[_w a ŋ m a j a h u ]_w
[_w m p a d̪ r o ]_w
[_w ts a ʔ p ɨ ]_w
[_w p u h t̪ a m e ]_w
[_w p e l e n ]_w
[_w i h t̪ a ʔ m ]_w
[_w i t̪ j ɨ n a ʔ ŋ ]_w
[_w p j ɨ k ]_w
[_w t̪ o t̪ a ]_w
[_w w ɨ t̪ i n a ʔ ŋ ]_w
[_w h o w i s e ]_w
[_w a n ɡ i ʔ m ]_w
[_w m u s i p ɨ ]_w
[_w t̪ j u ʔ ŋ o m ]_w
[_w d̪ ɨ ʔ ŋ ɡ ɨ ]_w
[_w p j u t̪ ]_w
[_w h a h j a h u ]_w
[_w s u ɲ i n a ʔ ŋ ]_w
[_w k o m e k ]_w
[_w ɨ h t̪ i ]_w
[_w n u n k a ]_w
[_w ts a m b a ]_w
[_w ts a ʔ n i s ]_w
[_w k e k j a h u ]_w
[_w ʔ j e s p a d̪ a ]_w
[_w ɲ tʃ ɨ h k a j a ]_w
[_w ŋ ɡ ɨ ʔ w e h u ]_w
[_w w i t̪ i s e a ]_w
[_w d̪ i ʔ i s ]_w
[_w k ɨ n a ʔ ts ]_w
[_w i t̪ j a h e ]_w
[_w t̪ ɨ ʔ m a h u ]_w
[_w t̪ u ʔ m b a k ]_w
[_w k o h t̪ o k u j ]_w
[_w s u ɲ i ]_w
[_w ʔ j a m e p i d̪ ]_w
[_w p j ɨ ʔ n ɨ j ]_w
[_w m u s i b ɨ ]_w
[_w k o ts o k p a ]_w
[_w k a ʔ ŋ b a ]_w
[_w e j a t̪ a ʔ m ]_w
[_w u m a b ɨ ]_w
[_w ɲ u ʔ m ɨ n ]_w
[_w m u ʃ a h e ]_w
[_w l a s t̪ i m a ]_w
[_w p j e ɡ a ]_w
[_w t̪ o d̪ o k ɨ s i ]_w
[_w k j ɨ t̪ ]_w
[_w w ɨ ʔ m ɨ h ts i ]_w
[_w t̪ u k j a h ]_w
[_w m i h n a j a h ]_w
[_w w ɨ p ɨ p i t̪ ]_w
[_w j o s d̪ a l ]_w
[_w e n d̪ o n s e s ]_w
[_w m i e n t̪ o ]_w
[_w k j o ts o ŋ u ]_w
[_w a k a j a h ]_w
[_w k o h a p a ʔ t̪ ]_w
[_w m i n u ʔ a m ]_w
[_w o ʔ n a ]_w
[_w ʃ u n d̪ a m ɨ ]_w
[_w tʃ a m dz i ʔ ɨ ]_w
[_w u a n d̪ o ]_w
[_w t̪ j ɨ w ɨ ʔ a h ]_w
[_w p j u d̪ ɨ ]_w
[_w k j o d̪ e p i t̪ ]_w
[_w n d̪ j ɨ ]_w
[_w tʃ ɨ k j a h e ]_w
[_w k u ʔ t̪ j a h u ]_w
[_w r i ɡ u p ɨ ]_w
[_w m u s p ɨ ]_w
[_w tʃ ɨ h k e ʔ t̪ ]_w
[_w h a j ]_w
[_w n e ʔ ŋ ɡ ɨ s e ]_w
[_w k a i f a s i s ]_w
[_w e j a d̪ a ]_w
[_w k j ɨ ʔ o m o ]_w
[_w k j ɨ t̪ j a m ]_w
[_w w e h a j a h ]_w
[_w n a ʔ tʃ a h e ]_w
[_w k o n t̪ r a t̪ o ]_w
[_w t̪ ɨ ʔ ŋ ɡ ɨ ]_w
[_w p i ŋ j a h u ]_w
[_w w a ŋ ɡ a b ɨ ]_w
[_w tʃ ɨ k ]_w
[_w ts a ŋ ɡ a s ]_w
[_w k ɨ h t̪ a j ]_w
[_w f a l t̪ a t̪ o ]_w
[_w n a k a p ɨ ]_w
[_w ɲ ɨ j i n ]_w
[_w h a m d̪ a m b a ]_w
[_w ɨ ts k ɨ ʔ i s ]_w
[_w p j ɨ k j a h e ]_w
[_w p a n e t̪ e ]_w
[_w o tʃ e n d̪ a ]_w
[_w k j o t̪ e ]_w
[_w ts o k o h i ]_w
[_w p ɨ n d̪ a ʔ m e ]_w
[_w p ɨ k t̪ a m ɨ ]_w
[_w f a l d̪ a ]_w
[_w h i ʔ n a m ]_w
[_w k e h ]_w
[_w p u t̪ p a b ɨ ]_w
[_w p u r o ]_w
[_w i e n d̪ o ]_w
[_w a p i h t̪ o m o ]_w
[_w k a r t̪ a ]_w
[_w p i ŋ j a h ]_w
[_w ɲ u ʔ k j a h ɨ ]_w
[_w d̪ ɨ h k ɨ j ]_w
[_w s i t̪ o n ]_w
[_w h a t̪ a ]_w
[_w o p ɨ ʔ n a ŋ ]_w
[_w s a ʔ j a h e ]_w
[_w h u h tʃ e s e ]_w
[_w k e n t̪ a ]_w
[_w l u k a r ]_w
[_w m a r ɡ o s ]_w
[_w h ɨ s i h k a j ]_w
[_w t̪ a ʔ n b a ]_w
[_w p ɨ n k ɨ s ]_w
[_w ɡ o m i k ɨ s i ]_w
[_w w j ɨ h t̪ a m ]_w
[_w a u n ɡ e d̪ i ]_w
[_w dz a m e ]_w
[_w k j u h k u ]_w
[_w s u n d̪ a m u ]_w
[_w n ɨ p u t̪ ɨ ]_w
[_w o p ɨ ʔ i s ]_w
[_w p u e d̪ e ]_w
[_w p a n ]_w
[_w ɨ m n a ʔ ŋ ]_w
[_w a r a p i a ]_w
[_w ŋ ɡ i ʔ m b a k ]_w
[_w s o t̪ o m a ]_w
[_w b j a ʔ t̪ j a m ]_w
[_w m j e n o s ]_w
[_w w a ʔ k ɨ s i ]_w
[_w j a ʔ e ]_w
[_w k j o h t̪ a m ]_w
[_w h u ts p ɨ ʔ ]_w
[_w w j a ɲ a h ]_w
[_w h j o ʔ k s p a ]_w
[_w w i h t̪ u ʔ a m ]_w
[_w n a s ]_w
[_w m j ɨ ʔ n ɨ j ]_w
[_w i s a j a h ɨ ]_w
[_w ʔ j a r m a ]_w
[_w k a ʔ t̪ ɨ h ɨ ]_w
[_w m a ŋ b a d̪ ɨ k ]_w
[_w t̪ i e m b o ]_w
[_w t̪ e ʔ n u p ɨ ]_w
[_w b u e s ]_w
[_w m a d̪ i ]_w
[_w h j o ʔ k s ]_w
[_w ʔ j o s u ]_w
[_w w ɨ h p ɨ t̪ e ]_w
[_w w i h t̪ u ʔ i ]_w
[_w m i h t̪ a j ]_w
[_w m b j u h t̪ a m ]_w
[_w t̪ r e i n t̪ a ]_w
[_w h u n d̪ j a m ]_w
[_w h u t̪ i p ɨ n ]_w
[_w i s a i a s ]_w
[_w t̪ a n t̪ o ]_w
[_w t̪ u ʔ j i p ɨ ]_w
[_w d̪ ɨ h k o m s e ]_w
[_w ɲ o ʔ ts e ]_w
[_w t̪ j o n e ]_w
[_w ɡ e ɲ a h e ]_w
[_w t̪ i o s k ɨ s i ]_w
[_w s e b r o ]_w
[_w tʃ a m b a s e ]_w
[_w m j a n ]_w
[_w t̪ u m ɡ ɨ ʔ j i ]_w
[_w ʔ j o ʔ n ɨ j ɨ ]_w
[_w i e n d̪ r e ]_w
[_w ɨ ʔ k a ]_w
[_w k e n d̪ a m b a ]_w
[_w e j a ]_w
[_w i s o j a h u ]_w
[_w ts i ʔ t̪ ɨ h u ]_w
[_w k e h a j a h ɨ ]_w
[_w ts i ʔ u ]_w
[_w ts o ʔ ts u ]_w
[_w e k i p t̪ o ]_w
[_w k o ts o ŋ b a ]_w
[_w p j o ʔ k s ]_w
[_w n ɨ ʔ i t̪ p a ]_w
[_w p e o r ]_w
[_w n dz a m ]_w
[_w m j u ʃ a h e ]_w
[_w m b ɨ ʔ i s ]_w
[_w p a r r a b a s ]_w
[_w w e h j a h e ]_w
[_w m p a ʔ t̪ ]_w
[_w ɲ ɨ m i ]_w
[_w h a tʃ ɨ ʔ j ]_w
[_w j ɨ k s e p ɨ ]_w
[_w w ɨ p ɨ p i d̪ ]_w
[_w m e s p a d̪ a ]_w
[_w s a n t̪ ɨ k ]_w
[_w k e h a j a h ]_w
[_w m a ʔ ŋ ɨ h ts i ]_w
[_w m i n d̪ a m u ]_w
[_w tʃ a k p a ]_w
[_w k u ʔ j a h u ]_w
[_w m j a ʔ ŋ ɨ ]_w
[_w ʔ j a m i k o ]_w
[_w m a w e ]_w
[_w t̪ e ʔ ɲ tʃ u ʔ ŋ ]_w
[_w h j a h e ]_w
[_w n ɨ ʔ i h t̪ u ]_w
[_w k a m a ʔ i s ]_w
[_w ɲ ɨ k i b i d̪ ]_w
[_w n a ʔ ts t̪ a m u ]_w
[_w w e h u ]_w
[_w h a m d̪ a m ɨ ]_w
[_w m e s t̪ a m ɨ ]_w
[_w ʃ i s t̪ a m ɨ ]_w
[_w t̪ i k i ɡ o ]_w
[_w p j ɨ h k o m o ]_w
[_w s a w a ʔ o m ]_w
[_w s o n e p ɨ n ]_w
[_w h e h t̪ a m b a ]_w
[_w m j u ʃ a h p a ]_w
[_w ts a m j a h u ]_w
[_w k ɨ t̪ i ]_w
[_w n u ʔ k s k u j ]_w
[_w n d̪ u m ɨ ]_w
[_w i h n ɨ m ɨ ]_w
[_w ŋ ɡ ɨ m e ʔ ts ]_w
[_w p ɨ ʔ n o m o ]_w
[_w h i ʔ n a ŋ ]_w
[_w b e k a ]_w
[_w k o b u t̪ i ]_w
[_w m j ɨ ʔ n ]_w
[_w ɲ ɨ p u t̪ ]_w
[_w a p a r t̪ e ]_w
[_w k u a r t̪ o ]_w
[_w p e n a p i t̪ ]_w
[_w tʃ ɨ k i p i t̪ ]_w
[_w k o k i p ]_w
[_w o ɲ a h p a ]_w
[_w j ɨ ʔ n ]_w
[_w t̪ i j e t̪ e ]_w
[_w p j u t̪ ɨ ]_w
[_w w j a ʔ k a j ]_w
[_w p j u ts p ɨ ]_w
[_w n tʃ i ʔ t̪ a m ]_w
[_w p j u h t̪ u m ɨ ]_w
[_w ɲ ɨ m u p ɨ ]_w
[_w tʃ ɨ ŋ ]_w
[_w ŋ ɡ j o ʔ t̪ ɨ k ]_w
[_w d̪ j o ʔ ŋ a ]_w
[_w w j ɨ ʔ m a h e ]_w
[_w ʔ j a ŋ n a k a ]_w
[_w ɲ u k ɨ ]_w
[_w n e ʔ t̪ i ]_w
[_w m p a ʔ t̪ e ]_w
[_w s e t̪ e n t̪ a ]_w
[_w h i ʔ n tʃ ɨ ŋ ]_w
[_w n u ʔ k u ʔ a m ]_w
[_w ŋ ɡ o m i ]_w
[_w ʔ j a ŋ ɡ i ʔ m ]_w
[_w d̪ u m d̪ i ]_w
[_w m ɨ ʔ n u p ɨ ]_w
[_w m j a r k a n ]_w
[_w ɡ e h ]_w
[_w ʃ u n d̪ a m ]_w
[_w t̪ o m a ]_w
[_w o ʔ n ɨ j u ]_w
[_w ts ɨ k p a s e ]_w
[_w m i k s p a ]_w
[_w t̪ i a t̪ i r a ]_w
[_w m a s a n t̪ o ]_w
[_w n u ʔ k j a h ɨ ]_w
[_w a t̪ a n ]_w
[_w o ʔ k a n a ʔ ŋ ]_w
[_w u n e s e ]_w
[_w m ɨ h a b j a ]_w
[_w h j o m e ɡ ]_w
[_w w a ʔ k ɨ t̪ i ]_w
[_w m e t̪ i t̪ e ]_w
[_w t̪ j o k o j ]_w
[_w k a ʔ t̪ a m p a ]_w
[_w w j ɨ ʔ m a h ɨ ]_w
[_w b a ŋ ]_w
[_w w a l e ]_w
[_w m e r o ]_w
[_w n ɨ ʔ o m ]_w
[_w t̪ o t̪ a w i a ]_w
[_w h i n ɨ ]_w
[_w a ŋ h a m b j a ]_w
[_w h i ʔ n t̪ ɨ ]_w
[_w n a ʔ ts ]_w
[_w s i l a s i a ]_w
[_w ɡ e n b a s e ]_w
[_w p u h ]_w
[_w k a s ɨ t̪ j a m ]_w
[_w m a ʔ ts e ʔ i s ]_w
[_w b o m o ]_w
[_w s ɨ ʔ ŋ j a h u ]_w
[_w p o p r e s o ]_w
[_w h i ʔ n n a ʔ ŋ ]_w
[_w o ʔ n ɨ t̪ j a m ]_w
[_w ɲ ɨ h a j a h u ]_w
[_w t̪ e ʔ n u ]_w
[_w p a ʔ t̪ ɨ ]_w
[_w m ɨ ʔ ɲ a h ]_w
[_w ɲ ɨ ʔ j ɨ j u ]_w
[_w n ɨ h a j a h u ]_w
[_w i t̪ j ɨ m ]_w
[_w t̪ u ʔ k a j ]_w
[_w tʃ ɨ k p a ʔ i s ]_w
[_w ŋ ɡ u ʔ t̪ p a ]_w
[_w h ɨ ʔ t̪ a j ]_w
[_w n t̪ ɨ h k ɨ j ]_w
[_w j a ʔ m ɨ k ]_w
[_w i t̪ a ʔ a m ]_w
[_w s i n a i ]_w
[_w o r a d̪ i ]_w
[_w ɨ h ts e ]_w
[_w j a h k u j ]_w
[_w m a ʔ ŋ b a ]_w
[_w u ʃ n a ]_w
[_w k o ts o h k u j ]_w
[_w i n d̪ ɨ m ]_w
[_w ɡ a s i ]_w
[_w k j o t̪ e p i t̪ ]_w
[_w n ɨ ʔ m ɨ j i ]_w
[_w p i ʔ k i s u ]_w
[_w m a ŋ d̪ j a m ]_w
[_w m j e ʔ tʃ a h ]_w
[_w w i n d̪ ɨ ]_w
[_w o t̪ e ʔ o m ]_w
[_w p u t̪ p a p ɨ ]_w
[_w j a ʔ m u ]_w
[_w j a h a j a h ]_w
[_w m j a j a h u ]_w
[_w t̪ j u ɡ ]_w
[_w ts i ʔ o k u j ]_w
[_w s a t̪ u s e ]_w
[_w ts a m dz i ʔ ]_w
[_w t̪ o j a ʔ i ]_w
[_w i h t̪ u ʔ a m ]_w
[_w m j e ʔ ts ]_w
[_w s u n t̪ a m ɨ ]_w
[_w i ʃ a h ɨ ]_w
[_w ɨ ts h i ʔ n ]_w
[_w l a s t̪ i ]_w
[_w n a s o m b ɨ ]_w
[_w ɲ ɨ w e h u ]_w
[_w s e ɡ i ts ɨ k i ]_w
[_w k ɨ j i n a k a ]_w
[_w d̪ i k ɨ t̪ o j a ]_w
[_w t̪ o k o j u p ɨ ]_w
[_w ʃ i s ]_w
[_w k e ɡ ]_w
[_w n u ʔ k t̪ a ʔ m ]_w
[_w k o h t̪ a j ]_w
[_w w ɨ ʔ m ɨ j ]_w
[_w s ɨ ʔ ŋ o m o ]_w
[_w r a j u ]_w
[_w d̪ u k u ]_w
[_w t̪ ɨ k s p ɨ ʔ ɨ ]_w
[_w ŋ ɡ ɨ ʔ h i ʔ ŋ ]_w
[_w e j a k o ]_w
[_w k o m e k e ɡ ]_w
[_w k j o m u s ]_w
[_w a t̪ e n a s ]_w
[_w j a h n ɨ m ]_w
[_w d̪ i k ɨ s ]_w
[_w k a ʔ u ʔ k ]_w
[_w t̪ r o f i m o ]_w
[_w m i k ʃ a h ]_w
[_w p r e s e ]_w
[_w k a ʔ n ɨ ]_w
[_w m a j a ʔ p a ]_w
[_w w a ʔ k p a ]_w
[_w ɡ e k ]_w
[_w m a ŋ d̪ j u ŋ ]_w
[_w r i k u ]_w
[_w a n a n i a ]_w
[_w u l d̪ i m o p ɨ ]_w
[_w k j o h d̪ a m e ]_w
[_w b a l o m a ]_w
[_w k j u s t̪ o ]_w
[_w k j a ʔ k j a h ]_w
[_w l a o t̪ i s e a ]_w
[_w n i p i ʔ o m o ]_w
[_w w i ʔ n a s i s ]_w
[_w o n k i p k u j ]_w
[_w w ɨ ʔ n a h u ]_w
[_w o n k i p ]_w
[_w k j o t̪ e ʔ i s ]_w
[_w ɲ a k ʃ a h ]_w
[_w h i ʔ n t̪ ɨ k ]_w
[_w w j a ts i p ɨ ]_w
[_w s u ʔ n o j e ]_w
[_w p ɨ ʔ n ɨ j ]_w
[_w b e ʔ tʃ t̪ ɨ k ]_w
[_w w a ʔ ŋ h a m ɨ ]_w
[_w m u s o k u j ]_w
[_w ʔ j o t̪ e p i d̪ ]_w
[_w o ʔ n b ɨ h ts i ]_w
[_w e j a p ɨ ʔ i ]_w
[_w tʃ a k j a h u ]_w
[_w w ɨ t̪ i p ɨ t̪ e ]_w
[_w p o ʔ i s ]_w
[_w ŋ ɡ u m ɡ u j ]_w
[_w m e t̪ i a ]_w
[_w p r o n t̪ o ]_w
[_w ɲ tʃ i ʔ ]_w
[_w w i n d̪ a m ɨ ]_w
[_w i t̪ a ʔ m ]_w
[_w m j e ʔ tʃ a h ɨ ]_w
[_w o ʔ j ɨ h ts i ]_w
[_w ɡ u j ]_w
[_w t̪ u k n ɨ m ]_w
[_w t̪ ɨ h k ɨ j u ]_w
[_w t̪ o j a ʔ i s ]_w
[_w k o ŋ ɲ a s e ]_w
[_w i h t̪ u ʔ k a m ]_w
[_w p ɨ n t̪ i ]_w
[_w ts a m b o j ]_w
[_w j a ts i d̪ a ʔ m ]_w
[_w s u ɲ a h ]_w
[_w k i ʔ s k a ʔ e ]_w
[_w f a m i l i a ]_w
[_w r e p e n t̪ e ]_w
[_w ɲ ɨ m d̪ a m ɨ ]_w
[_w a j u d̪ o ]_w
[_w h o ʔ k t̪ a ʔ m ]_w
[_w d̪ u m b ɨ ]_w
[_w m j a h ɨ ]_w
[_w n a t̪ a n a s ]_w
[_w tʃ ɨ k j a h u ]_w
