[_w p ɔ k a ʃ a l ɛ ]_w
[_w ɛ l ɛ m ɛ n̪ t̪ i ]_w
[_w ɔ d̪ ɡ ɔ v a ]_w
[_w s̪ a m ɛ n̪ a ]_w
[_w t̪ ɛ ʃ i ]_w
[_w s̪ ɔ v ɛ t̪ ɛ ]_w
[_w ɔ s̪ n̪ ɔ ]_w
[_w d̪ r ʃ a v ɛ n̪ ]_w
[_w v ɔ d̪ ɛ n̪ ]_w
[_w r i p a ]_w
[_w i d̪ ɛ i ]_w
[_w b ɔ m i n̪ a ]_w
[_w i n̪ t̪ ɛ r ɛ s̪ ]_w
[_w ɡ ɔ r i s̪ n̪ i z̪ ]_w
[_w v ɔ ɛ n̪ i ]_w
[_w s̪ l i tʃ n̪ ɔ ]_w
[_w d̪ r u d̪ ɔ d̪ ]_w
[_w r ɛ ɔ n̪ ɔ d̪ ]_w
[_w ɛ k s̪ p i r ]_w
[_w ɔ n̪ a a ]_w
[_w l i z̪ d̪ a ]_w
[_w s̪ a k a m ]_w
[_w k r i ɫ̪ ]_w
[_w ʒ i v ɛ ɛ ]_w
[_w ts̪ r k v a ]_w
[_w ɔ s̪ t̪ a n̪ a t̪ ]_w
[_w m a r ɡ ɔ ]_w
[_w a k t̪ i ]_w
[_w m n̪ ɔ ɡ u ]_w
[_w n̪ ɛ ɔ t̪ a m n̪ a ]_w
[_w j a v i ]_w
[_w ɡ ɔ n̪ k r ɛ s̪ ]_w
[_w d̪ ɛ d̪ ɔ ]_w
[_w n̪ i v n̪ ɔ t̪ ɔ ]_w
[_w p ɔ ɡ r a j ]_w
[_w m u s̪ i k a ]_w
[_w ʃ i r u m ]_w
[_w k ɔ j ʃ t̪ ɔ ]_w
[_w r ɔ t̪ ]_w
[_w v ɛ n̪ ɛ ts̪ i j a ]_w
[_w z̪ ɛ s̪ t̪ r a n̪ i ]_w
[_w s̪ u d̪ ]_w
[_w v a k v i ]_w
[_w a k ts̪ i i ]_w
[_w k l ɛ d̪ ]_w
[_w tʃ ɛ s̪ t̪ v a ]_w
[_w ɫ̪ ɔ k a ɫ̪ n̪ a ]_w
[_w m ɔ s̪ ɔ ɡ ɔ t̪ ]_w
[_w tʃ ɔ v ɛ k ɔ d̪ ]_w
[_w l i ɡ ɔ v i d̪ ɛ ]_w
[_w p r a k s̪ a ]_w
[_w ɔ r ɡ a n̪ ]_w
[_w i s̪ v ɛ t̪ ɔ t̪ ]_w
[_w d̪ u r i ]_w
[_w a m ɛ r i ]_w
[_w v a ʃ ɛ n̪ ]_w
[_w n̪ a m a ɫ̪ a d̪ a ]_w
[_w d̪ u r s̪ k i ]_w
[_w s̪ t̪ ɔ t̪ ɔ ]_w
[_w b ɔ t̪ ɔ b r i ]_w
[_w u p i ɛ n̪ i ]_w
[_w k ɫ̪ a v n̪ ɔ ]_w
[_w p ɛ d̪ ɡ ɔ ]_w
[_w n̪ ɔ v i ]_w
[_w ɔ s̪ v ɔ ɫ̪ a ]_w
[_w k ɫ̪ a v n̪ i ]_w
[_w p ɔ l i v i j a ]_w
[_w ɔ t̪ k a ɡ ɔ ]_w
[_w p r s̪ t̪ ɛ ]_w
[_w f ɛ k ɔ t̪ ]_w
[_w s̪ r ɛ t̪ n̪ ɔ s̪ t̪ ]_w
[_w ʃ i v ɔ ]_w
[_w s̪ ɫ̪ u ʒ ɛ ɫ̪ ]_w
[_w v n̪ i m a n̪ i ɛ ]_w
[_w t̪ u r i ]_w
[_w p r ɔ l ɛ t̪ː a ]_w
[_w v ɔ s̪ t̪ u x ]_w
[_w z̪ d̪ ɛ ]_w
[_w d̪ i r ɛ k t̪ ɔ t̪ ]_w
[_w i z̪ ɡ l ɛ d̪ ɔ ]_w
[_w r a k ɔ v ]_w
[_w s̪ k a ɫ̪ a ]_w
[_w v l i j a ]_w
[_w b r i n̪ ts̪ i ]_w
[_w p ɔ z̪ ɛ d̪ u v a ]_w
[_w v m ɔ r ɔ ]_w
[_w i n̪ s̪ ɛ k t̪ i ]_w
[_w ɫ̪ ɔ ʒ i ]_w
[_w p ɔ m ɔ k n̪ a t̪ ]_w
[_w k a k ɔ ]_w
[_w i t̪ n̪ i n̪ a t̪ a ]_w
[_w i n̪ t̪ ɛ r n̪ a ]_w
[_w p ɔ d̪ ɛ ɫ̪ ɔ t̪ ]_w
[_w f ɛ l ɛ s̪ i ]_w
[_w r a z̪ v i v a ]_w
[_w s̪ ɔ b a ]_w
[_w k ɫ̪ a s̪ i tʃ n̪ a ]_w
[_w i m a ɫ̪ ]_w
[_w v a z̪ i j a ]_w
[_w a b r i ɫ̪ ]_w
[_w s̪ ɔ v i ]_w
[_w m ɛ tʃ k i ]_w
[_w n̪ u d̪ a t̪ ]_w
[_w d̪ ɛ ɫ̪ ]_w
[_w m a r i j a ]_w
[_w n̪ a r ɛ tʃ ɛ n̪ i ]_w
[_w d̪ a t̪ k ɔ d̪ ɔ ]_w
[_w j a v n̪ i t̪ ɛ ]_w
[_w s̪ ɫ̪ ɔ b ɔ t̪ ]_w
[_w r i t̪ ɔ n̪ ɛ ɫ̪ ]_w
[_w p ɔ m ɔ ɡ n̪ a ]_w
[_w k ɔ l ɛ m ɛ n̪ ]_w
[_w k r ts̪ i ]_w
[_w b ɔ l i t̪ i k a ]_w
[_w t̪ ɔ b i v a ]_w
[_w v i z̪ ɔ ɡ i ]_w
[_w p i j a n̪ ɔ ]_w
[_w d̪ u ʃ i ]_w
[_w v a k v a ]_w
[_w m i x a j ɫ̪ ɔ v ]_w
[_w u dʒ ɛ ɲ ɛ ]_w
[_w p ɔ m a k a ]_w
[_w tʃ ɛ d̪ i ]_w
[_w v ɛ r u v a ]_w
[_w b ɔ m ɔ ʒ n̪ i ]_w
[_w p a z̪ a r ]_w
[_w s̪ l i k a ]_w
[_w d̪ a n̪ ɔ t̪ ]_w
[_w i s̪ v ɔ r ɔ d̪ ]_w
[_w r a s̪ v i ɫ̪ ]_w
[_w t̪ ɛ ɛ ts̪ ]_w
[_w ɡ ɔ n̪ t̪ ɛ k s̪ t̪ ]_w
[_w k ɔ ɲ i ]_w
[_w ts̪ i d̪ i r a ]_w
[_w s̪ p ɔ r i ]_w
[_w z̪ ɔ j u z̪ ]_w
[_w r ɛ d̪ ɔ k ]_w
[_w d̪ a m u ]_w
[_w k r u p a ]_w
[_w ɔ s̪ t̪ a v k a ]_w
[_w u tʃ i l i ʃ t̪ a ]_w
[_w d̪ ɔ b i ɫ̪ a ]_w
[_w t̪ r u ʃ t̪ v ɔ ]_w
[_w v ɛ t̪ n̪ a ]_w
[_w s̪ n̪ a ɛ ]_w
[_w ɔ ɡ r ɔ m n̪ ɔ ]_w
[_w n̪ a ɔ c a l ɛ ]_w
[_w j a v u v a ]_w
[_w tʃ i t̪ a j ]_w
[_w ɔ k r ɔ m n̪ i ]_w
[_w p ɛ ʃ ɛ ]_w
[_w t̪ u k a ]_w
[_w d̪ r ɔ b ɔ v i ]_w
[_w b ɔ z̪ ɛ p n̪ i ]_w
[_w ɫ̪ a z̪ a ]_w
[_w i m ɛ n̪ u v a ]_w
[_w n̪ ɛ m a ]_w
[_w r a z̪ d̪ ]_w
[_w u p i z̪ d̪ v ɔ ]_w
[_w ɔ b l i ts̪ i ]_w
[_w p r a v t̪ a ]_w
[_w z̪ ɛ ɫ̪ a ]_w
[_w k ɔ l ɛ m i ]_w
[_w s̪ t̪ a v ɔ v i ]_w
[_w p r s̪ i n̪ a t̪ ɔ ]_w
[_w p i r i n̪ s̪ k a ]_w
[_w p ɔ d̪ p ɔ ɫ̪ n̪ a ]_w
[_w p a z̪ i r a n̪ ]_w
[_w s̪ r ɛ t̪ n̪ i t̪ ɛ ]_w
[_w p u t̪ i n̪ ]_w
[_w n̪ i v n̪ i ɔ t̪ ]_w
[_w d̪ ɛ s̪ ɛ d̪ ]_w
[_w r a b ɔ d̪ a t̪ ]_w
[_w ɛ ɫ̪ b a ]_w
[_w p a ɫ̪ k a n̪ ]_w
[_w s̪ a f r ʃ i n̪ i ]_w
[_w d̪ r v j a ]_w
[_w t̪ i ɔ d̪ ]_w
[_w v l ɛ s̪ a t̪ ]_w
[_w m ɛ r k i ]_w
[_w t̪ ɛ j ts̪ i ]_w
[_w t̪ ɛ ɡ ]_w
[_w z̪ ɛ m j a ]_w
[_w l ɛ n̪ t̪ a ɫ̪ ]_w
[_w n̪ ɔ s̪ ɛ ɫ̪ ]_w
[_w ɔ p ʃ t̪ i n̪ a ]_w
[_w s̪ p ɔ r ɔ t̪ ]_w
[_w tʃ ɛ ɡ ɔ r ]_w
[_w a v t̪ ɔ r ]_w
[_w p ɔ t̪ r ɛ d̪ ɛ n̪ ]_w
[_w d̪ i v i z̪ i n̪ a ]_w
[_w ɡ u r s̪ ]_w
[_w v i s̪ ɔ ɡ ]_w
[_w ɫ̪ ɔ s̪ ]_w
[_w v l ɛ z̪ ]_w
[_w l i k ɔ v i ]_w
[_w i m a ɫ̪ a ]_w
[_w s̪ i m s̪ k i ɔ t̪ ]_w
[_w z̪ ɛ ɫ̪ ɔ ]_w
[_w ɔ b i t̪ i ]_w
[_w d̪ a k v i t̪ ɛ ɫ̪ ]_w
[_w j a z̪ ɔ ɫ̪ ]_w
[_w ɛ m i z̪ i j a ]_w
[_w k ɔ m i s̪ i j a ]_w
[_w v ɫ̪ a t̪ i ]_w
[_w t̪ a t̪ i ɔ n̪ ]_w
[_w i z̪ ɡ ɔ ]_w
[_w p ɔ ɡ a ʃ a ɫ̪ ]_w
[_w s̪ l ɛ t̪ ɛ n̪ ]_w
[_w s̪ ɔ ɫ̪ ɔ ]_w
[_w ts̪ ɛ n̪ a ]_w
[_w ʃ i v ɛ ɛ ɲ ɛ ]_w
[_w s̪ m ɛ t̪ a ʒ ɛ ]_w
[_w s̪ k ɫ̪ ɔ b ]_w
[_w z̪ d̪ a n̪ a ɫ̪ a ]_w
[_w r a z̪ v i ɛ ]_w
[_w n̪ a b ɔ r ]_w
[_w p r ɔ p l ɛ m i ]_w
[_w r ɔ d̪ ɛ n̪ ]_w
[_w n̪ a p i ʃ ɛ ]_w
[_w b i ʃ u v a ]_w
[_w k ɔ l ɛ m a ]_w
[_w s̪ ɛ s̪ ɔ n̪ a ]_w
[_w ɔ r k a n̪ i ]_w
[_w t̪ r u t̪ ]_w
[_w v ɔ ɫ̪ k ɫ̪ ɔ r ]_w
[_w n̪ a p i ʃ a ɫ̪ ]_w
[_w s̪ ɛ v ɛ r ]_w
[_w s̪ p i z̪ ɔ t̪ ]_w
[_w m i n̪ u v a n̪ i ]_w
[_w i s̪ v ɛ d̪ a ]_w
[_w ɔ r k a n̪ ]_w
[_w s̪ ɔ s̪ t̪ a n̪ a ]_w
[_w t̪ v a t̪ a ]_w
[_w ɔ d̪ r ɛ p n̪ i ]_w
[_w p r v ɔ d̪ ɔ ]_w
[_w n̪ u t̪ a t̪ a ]_w
[_w p ɔ tʃ v a t̪ a ]_w
[_w ɛ r a ]_w
[_w ɫ̪ u i s̪ ]_w
[_w ʃ ɛ n̪ i ]_w
[_w i s̪ t̪ a t̪ a ]_w
[_w ɡ a b ɛ t̪ ]_w
[_w s̪ ɔ n̪ i ]_w
[_w s̪ t̪ r u j a ]_w
[_w n̪ a z̪ ɔ k a ]_w
[_w b ɔ j a ]_w
[_w s̪ a d̪ a ]_w
[_w k u b ɛ ɲ ɛ ]_w
[_w i d̪ n̪ i k ]_w
[_w p a t̪ ɔ d̪ ]_w
[_w ɔ t̪ r ʃ a v i ]_w
[_w m ɛ r k i j a ]_w
[_w d̪ r a ɛ ]_w
[_w x r v a t̪ a ]_w
[_w k ɔ j ]_w
[_w x a r t̪ i ]_w
[_w r ɛ a ɫ̪ n̪ ɔ s̪ t̪ ]_w
[_w m ɫ̪ a t̪ i ]_w
[_w s̪ a t̪ r ʒ i ]_w
[_w z̪ ɛ m j a d̪ a ]_w
[_w i l i ]_w
[_w ɡ ɫ̪ a v n̪ i ]_w
[_w s̪ a m ɔ ]_w
[_w n̪ ɔ ɛ m v r i ]_w
[_w i s̪ v ɛ d̪ s̪ k ɔ ]_w
[_w f ɛ l ɛ ]_w
[_w z̪ ɫ̪ a t̪ ɛ ɛ ɲ ɛ ]_w
[_w b r ɔ k r a m i ]_w
[_w m ɛ k ]_w
[_w s̪ a t̪ v ɔ r ]_w
[_w n̪ ɛ d̪ ɔ s̪ t̪ i ]_w
[_w r ɛ ʃ a ]_w
[_w d̪ ɔ ts̪ n̪ i ɔ t̪ ]_w
[_w n̪ ɛ k ɔ v i t̪ ɛ ]_w
[_w n̪ a s̪ ɛ ɫ̪ b a ]_w
[_w p r ɛ t̪ v i t̪ ]_w
[_w u tʃ ɛ n̪ i ]_w
[_w u ʃ t̪ ɛ ]_w
[_w ʃ t̪ ɔ ]_w
[_w ɡ r a d̪ a ]_w
[_w r a n̪ a ]_w
[_w ɛ d̪ n̪ i t̪ ɛ ]_w
[_w s̪ ɛ r i ɔ s̪ n̪ i ]_w
[_w t̪ r ɔ k a ]_w
[_w k r u ɡ ]_w
[_w i s̪ ɫ̪ ɔ ʃ ɛ n̪ i ]_w
[_w n̪ i v n̪ ɔ ]_w
[_w ɔ d̪ r ʃ i n̪ a ]_w
[_w p ɔ z̪ l ɛ ]_w
[_w t̪ ɛ s̪ ɛ d̪ ]_w
[_w n̪ a p ɔ r ]_w
[_w ɡ a n̪ a ɫ̪ a ]_w
[_w l ɛ f ɔ ]_w
[_w t̪ n̪ ɔ t̪ ɔ ]_w
[_w a r d̪ u r ]_w
[_w d̪ ɛ k s̪ t̪ ]_w
[_w p ɔ r a ɡ a t̪ a ]_w
[_w l i ts̪ ɛ t̪ ɔ ]_w
[_w ɡ r a n̪ i ]_w
[_w v a ʃ a t̪ a ]_w
[_w i ɡ r a ɫ̪ ɔ t̪ ]_w
[_w s̪ a b ɔ tʃ n̪ a ]_w
[_w s̪ ɛ v ɛ r ɛ n̪ ɔ ]_w
[_w b ɫ̪ ɔ d̪ ɔ ]_w
[_w m ɔ ɛ t̪ ɔ ]_w
[_w j a s̪ ɔ ɫ̪ ]_w
[_w z̪ d̪ a p n̪ i ]_w
[_w k r u k ɔ ]_w
[_w r a k ɔ d̪ ]_w
[_w m a l ɛ ]_w
[_w ɔ d̪ l i tʃ n̪ i ]_w
[_w a r a p i j a ]_w
[_w u p i ɛ ]_w
[_w r u s̪ k i t̪ ɛ ]_w
[_w s̪ a m i n̪ ɛ ]_w
[_w r ɛ tʃ i s̪ i ]_w
[_w ɡ ɫ̪ a v n̪ a ]_w
[_w i s̪ t̪ ɔ r i ɔ d̪ ]_w
[_w p ɔ ɫ̪ ɔ ʒ b i ]_w
[_w t̪ ɔ m a c i n̪ ]_w
[_w k r ɔ b ɔ v i ɡ ]_w
[_w ɔ t̪ p ɔ r ]_w
[_w s̪ ɔ ɫ̪ ]_w
[_w m ɛ s̪ t̪ ɛ n̪ a ]_w
[_w t̪ r ɡ i ]_w
[_w u m ɛ d̪ n̪ ɔ s̪ t̪ ]_w
[_w s̪ a k r ɛ p a n̪ ]_w
[_w d̪ u r s̪ k i t̪ ɛ ]_w
[_w s̪ a m i ɔ t̪ ]_w
[_w ʒ d̪ ɔ m ]_w
[_w m ɛ n̪ ɛ ]_w
[_w k r a n̪ ɡ ɔ ]_w
[_w a k ɛ n̪ t̪ a r ]_w
[_w ʃ ɛ z̪ d̪ ]_w
[_w k ɔ r i s̪ n̪ i ]_w
[_w ɡ r a t̪ ɔ d̪ ]_w
[_w p ɔ s̪ t̪ a r a ]_w
[_w n̪ ɔ v a n̪ a ]_w
[_w p a r k ]_w
[_w s̪ t̪ r a n̪ s̪ k i ]_w
[_w s̪ ɛ k ɔ j ]_w
[_w ɡ a r t̪ a ]_w
[_w d̪ ɔ ɡ a z̪ ]_w
[_w s̪ p ɔ r t̪ s̪ k i ]_w
[_w ts̪ a r s̪ t̪ v ɔ ]_w
[_w u m ɛ t̪ n̪ i v ɛ ]_w
[_w p r v a t̪ a ]_w
[_w v ɔ d̪ ɛ ɲ ɛ ]_w
[_w n̪ ɛ m a ɫ̪ ]_w
[_w z̪ a n̪ ]_w
[_w m i n̪ a ɫ̪ ]_w
[_w n̪ ɛ ɡ ɔ t̪ ]_w
[_w ɛ v ɛ ]_w
[_w k ɔ m a n̪ t̪ a t̪ ]_w
[_w x ɛ k t̪ a r i ]_w
[_w k u tʃ i ɲ a ]_w
[_w ɡ a ʃ a n̪ ɔ ]_w
[_w f ɛ s̪ t̪ a ]_w
[_w d̪ r a a d̪ ]_w
[_w p a ɟ a ]_w
[_w a v ɛ r a ]_w
[_w x a r i ]_w
[_w t̪ u r n̪ i r ]_w
[_w t̪ a k a ]_w
[_w n̪ a m a ɫ̪ a ]_w
[_w n̪ a d̪ a ]_w
[_w m i s̪ i i ]_w
[_w s̪ a t̪ ]_w
[_w p r a n̪ a t̪ ]_w
[_w b r i r ɔ t̪ n̪ a ]_w
[_w n̪ a s̪ ɛ l ɛ n̪ a ]_w
[_w s̪ ɛ ɡ ɔ ɛ ]_w
[_w v ɫ̪ a t̪ ɛ n̪ i ]_w
[_w p ɔ ɫ̪ s̪ k a ]_w
[_w p u tʃ ɛ t̪ ɔ ɡ ]_w
[_w p ɔ ɫ̪ ɔ v i ]_w
[_w t̪ ɔ ɫ̪ n̪ a ]_w
[_w ɡ l ɛ t̪ a m ɛ ]_w
[_w s̪ a p a d̪ n̪ a t̪ ]_w
[_w ʒ ɛ v ]_w
[_w v ɔ t̪ a tʃ ]_w
[_w t̪ ɛ r m i n̪ ɔ d̪ ]_w
[_w ʒ a ɫ̪ ]_w
[_w l i t̪ ɛ ]_w
[_w v ɛ ɫ̪ s̪ ]_w
[_w c ɛ r k a t̪ a ]_w
[_w l ɛ n̪ t̪ i ]_w
[_w ʒ a n̪ ]_w
[_w m a l i d̪ ɛ ]_w
[_w a t̪ ɔ m i ]_w
[_w k a p i t̪ a t̪ ]_w
[_w z̪ a m i ɔ t̪ ]_w
[_w k a s̪ ]_w
[_w d̪ i m ]_w
[_w p ɔ j a v a ]_w
[_w n̪ i z̪ a ]_w
[_w d̪ ɛ m i ]_w
[_w s̪ u t̪ i j a ]_w
[_w m a n̪ t̪ a ]_w
[_w p ɫ̪ ɔ tʃ i ]_w
[_w b i t̪ k a ]_w
[_w k ɔ r n̪ ɔ ]_w
[_w t̪ v ɛ ]_w
[_w ɡ ɫ̪ a s̪ ɔ t̪ ]_w
[_w d̪ v r t̪ i ]_w
[_w s̪ a t̪ r ʃ i ]_w
[_w m a z̪ a ]_w
[_w u m ɛ t̪ n̪ i ɔ d̪ ]_w
[_w t̪ ɛ j n̪ ɔ s̪ t̪ ]_w
[_w s̪ t̪ a r ]_w
[_w j a v n̪ i ]_w
[_w p ɔ ɫ̪ n̪ ɔ ]_w
[_w ɡ ɔ r ɛ j a ]_w
[_w ɡ ɫ̪ a v a ]_w
[_w s̪ a k a t̪ a ]_w
[_w ɔ d̪ ɡ r i l ɛ b ]_w
[_w t̪ ɛ s̪ ɛ d̪ i n̪ a ]_w
[_w v m r ɔ ]_w
[_w t̪ r a a t̪ ]_w
[_w l i d̪ ɛ ]_w
[_w ɡ ɔ r i s̪ n̪ i ]_w
[_w ɔ d̪ r ɛ d̪ i ɫ̪ ]_w
[_w b ɔ s̪ ɛ p n̪ ɔ ]_w
[_w v ɔ ɡ ɫ̪ a z̪ ]_w
[_w s̪ ɛ m a ɫ̪ ɔ ]_w
[_w t̪ ɛ r ɛ s̪ ]_w
[_w p ɔ s̪ a t̪ i ]_w
[_w t̪ ɔ m a ]_w
[_w r a z̪ m ɛ n̪ i ɡ ]_w
[_w r a s̪ n̪ i ]_w
[_w z̪ ɛ m a ]_w
[_w k r a d̪ i ɔ d̪ ]_w
[_w b ɔ b i z̪ ]_w
[_w s̪ a p ɛ t̪ ]_w
[_w m ɔ ʃ ɛ ɫ̪ ɔ ]_w
[_w s̪ v ɛ t̪ s̪ k a ]_w
[_w z̪ ɫ̪ u tʃ a i ]_w
[_w p ɔ r ts̪ i ]_w
[_w a n̪ k ɫ̪ ]_w
[_w p i ʃ u v a ɫ̪ ]_w
[_w ɛ v a ]_w
[_w b a r ɡ ɔ ]_w
[_w d̪ i r ɛ k t̪ n̪ ɔ ]_w
[_w u p a v ɔ ]_w
[_w s̪ n̪ a tʃ i n̪ ɔ t̪ ]_w
[_w k a ʒ ɛ ]_w
[_w t̪ ɛ ɫ̪ ɔ t̪ ɔ ]_w
[_w s̪ m ɛ z̪ d̪ ɔ ]_w
[_w s̪ ɔ s̪ t̪ a ]_w
[_w ɲ u j ɔ r ɡ ]_w
[_w u tʃ a t̪ ]_w
[_w i s̪ v ɔ t̪ ]_w
[_w k l i v ɔ t̪ ɔ ]_w
[_w ɔ s̪ k a ]_w
[_w s̪ ɔ v ɛ t̪ ]_w
[_w i t̪ ɛ i ]_w
[_w ɔ d̪ ɫ̪ u ɡ a d̪ a ]_w
[_w s̪ a v a c a a t̪ ]_w
[_w ɔ b j a v ɛ n̪ ]_w
[_w s̪ a k a ]_w
[_w z̪ ɛ t̪ ]_w
[_w ɡ r i m i n̪ a ɫ̪ ]_w
[_w j a z̪ i ts̪ i ]_w
[_w m a a ɫ̪ ɔ ]_w
[_w t̪ i s̪ a j n̪ ɔ ]_w
[_w z̪ ɛ d̪ ɔ ]_w
[_w s̪ ɔ ɫ̪ u n̪ ]_w
[_w ɔ d̪ ɡ r i ɛ n̪ i ]_w
[_w ɔ ɡ n̪ ɔ t̪ ]_w
[_w t̪ ɛ m ɛ l i ]_w
[_w k ɔ n̪ ɛ s̪ k a ]_w
[_w i s̪ t̪ ɔ tʃ n̪ a ]_w
[_w p ɔ ɛ d̪ ]_w
[_w m ɛ s̪ t̪ ɔ ]_w
[_w p ɔ l i t̪ i ]_w
[_w m a j k a ]_w
[_w k l ɛ t̪ ɔ d̪ ]_w
[_w d̪ r i ]_w
[_w p i ʃ u v a ]_w
[_w p ɔ tʃ i t̪ ]_w
[_w ɔ d̪ s̪ t̪ ɔ ]_w
[_w p r i x ɔ d̪ i ]_w
[_w z̪ a v i z̪ a t̪ ]_w
[_w ɡ r u b i ]_w
[_w v ɔ v ɛ t̪ ɛ n̪ ]_w
[_w s̪ t̪ r a n̪ i ɔ d̪ ]_w
[_w ɡ a z̪ n̪ i ]_w
[_w s̪ ɔ s̪ t̪ a l ɛ ]_w
[_w m ɔ r a l ɛ ]_w
[_w s̪ a p ɔ tʃ n̪ a ]_w
[_w t̪ a ɫ̪ ]_w
[_w j a k l ɛ n̪ ]_w
[_w m ɔ ʒ ɛ d̪ ɛ ]_w
[_w t̪ ɔ n̪ ɛ z̪ ɡ i ]_w
[_w tʃ ɛ ɫ̪ ɔ ]_w
[_w p ɔ m ɔ ɡ n̪ ɛ ]_w
[_w ɔ k a n̪ ]_w
[_w z̪ ɫ̪ ɔ v ]_w
[_w ɫ̪ ɔ k i r a j ]_w
[_w z̪ ɛ r i j a t̪ ]_w
[_w ɡ u ɫ̪ t̪ ɛ d̪ ]_w
[_w n̪ a s̪ k ɔ r ɔ ]_w
[_w m i n̪ u d̪ a d̪ ]_w
[_w k ɔ n̪ ɛ s̪ ]_w
[_w p r ɔ t̪ ɔ d̪ ]_w
[_w z̪ ɔ p i n̪ i ]_w
[_w i z̪ b r a v ]_w
[_w n̪ a k r a t̪ p a ]_w
[_w b ɔ j a v a ]_w
[_w m a r t̪ ]_w
[_w p ɔ t̪ ɔ b a r ]_w
[_w s̪ t̪ i ɫ̪ ɔ v i ]_w
[_w m ɔ ʒ n̪ i ɡ ]_w
[_w k u ɫ̪ t̪ u r ɛ n̪ ]_w
[_w ɔ b i t̪ ɛ ]_w
[_w s̪ n̪ a a t̪ ]_w
[_w j a t̪ r ɔ t̪ ɔ d̪ ]_w
[_w n̪ ɛ k ɔ j a ]_w
[_w s̪ i l ɛ n̪ ]_w
[_w s̪ ɛ r i i ]_w
[_w t̪ ɔ l i n̪ a ]_w
[_w ʃ ɛ l ɛ ]_w
[_w f r ɔ j d̪ ]_w
[_w p r i x ɔ t̪ i ]_w
[_w d̪ ɔ n̪ i ]_w
[_w ʃ i r i ]_w
[_w k ɔ t̪ i n̪ a ]_w
[_w n̪ a ʃ i ɔ t̪ ]_w
[_w n̪ a r ɔ d̪ n̪ i ]_w
[_w i s̪ t̪ a t̪ ɛ n̪ ]_w
[_w t̪ ɔ t̪ a v a ]_w
[_w ʃ ɔ u d̪ ɔ ]_w
[_w n̪ i v n̪ i ]_w
[_w p ɔ ɛ t̪ i ]_w
[_w s̪ l ɛ d̪ n̪ i ]_w
[_w d̪ v ɔ r ɔ d̪ ]_w
[_w k a m p ]_w
[_w m ɔ ʒ ɛ ]_w
[_w j ɔ x a n̪ ]_w
[_w m i r ]_w
[_w a k ɔ ]_w
[_w ts̪ i t̪ i n̪ i ]_w
[_w m ɛ t̪ a ɫ̪ ]_w
[_w z̪ n̪ a ɛ ]_w
[_w z̪ a p a d̪ n̪ i ]_w
[_w tʃ ɛ t̪ i r i ]_w
[_w s̪ ɛ r i j a ]_w
[_w r a ɟ a n̪ i ]_w
[_w v i z̪ i ]_w
[_w n̪ a z̪ d̪ a p k i ]_w
[_w p ɫ̪ a n̪ i n̪ i ]_w
[_w p a b a ]_w
[_w p r a v i ]_w
[_w p a r k ɔ t̪ ]_w
[_w t̪ ɔ m ]_w
[_w ʒ i r ɛ ɲ ɛ ]_w
[_w n̪ ɔ z̪ i j a ]_w
[_w d̪ ɔ n̪ ɛ ɫ̪ ]_w
[_w p ɔ ʒ ɛ s̪ t̪ v ɔ ]_w
[_w a ɫ̪ b u m i ]_w
[_w m ɔ ʒ ɛ ɫ̪ ]_w
[_w ɔ t̪ i ]_w
[_w n̪ ɛ ɡ ɔ v a d̪ a ]_w
[_w z̪ r ɛ b r ɔ ]_w
[_w p u tʃ ɛ t̪ ɔ k ]_w
[_w n̪ ɛ ʒ d̪ a i ]_w
[_w p ɔ b r s̪ ɔ ]_w
[_w p ɛ ɫ̪ k i j a ]_w
[_w s̪ ɔ s̪ t̪ ɔ ɛ ɫ̪ a ]_w
[_w s̪ a p i ʃ a ]_w
[_w d̪ a j n̪ ɔ ]_w
[_w ɡ r i t̪ ɛ ]_w
[_w f ɫ̪ a z̪ d̪ i ]_w
[_w n̪ ɛ j s̪ i n̪ i ]_w
[_w a m a ]_w
[_w ɡ ɔ j ]_w
[_w p r ɛ d̪ ɫ̪ ɔ ɡ ]_w
[_w b ɔ ɡ a ʃ ]_w
[_w u s̪ p ɛ ʒ ɛ ]_w
[_w i z̪ ɡ u p i ]_w
[_w r i z̪ i k ]_w
[_w l ɛ d̪ n̪ ɔ ]_w
[_w z̪ a b a t̪ i d̪ ɛ ]_w
[_w m ɛ s̪ ɔ ]_w
[_w s̪ p ɔ r ɛ t̪ ]_w
[_w d̪ r ɛ d̪ i ɫ̪ ]_w
[_w ɔ s̪ t̪ r ɔ f ]_w
[_w tʃ ɛ t̪ i ]_w
[_w s̪ a p a t̪ i ]_w
[_w b ɔ p ɛ d̪ a t̪ a ]_w
[_w n̪ ɛ ɡ ɔ v i ]_w
[_w s̪ ɔ n̪ ts̪ ɛ t̪ ɔ ]_w
[_w m i l j i ]_w
[_w t̪ i m ɛ ]_w
[_w ɡ ɫ̪ a s̪ i tʃ n̪ a ]_w
[_w b ɔ l ɛ s̪ t̪ i ]_w
[_w ts̪ r k v i t̪ ɛ ]_w
[_w v l ɛ k ɔ m ]_w
[_w p ɔ n̪ u d̪ i ]_w
[_w ɔ s̪ ɔ b n̪ i ]_w
[_w n̪ a t̪ ]_w
[_w p ɔ s̪ t̪ ɔ ɫ̪ ]_w
[_w r u s̪ k a ]_w
[_w s̪ ɔ b r a t̪ n̪ ɔ ]_w
[_w p r a v ɛ ts̪ ]_w
[_w ɛ t̪ i n̪ a ]_w
[_w v ɛ c ɛ ]_w
[_w p ɔ i m ɔ t̪ ɔ ]_w
[_w m r ɛ ʃ a ]_w
[_w t̪ r u ɡ ɔ t̪ ]_w
[_w d̪ ɔ k ɔ v ɔ r i ]_w
[_w x r a n̪ a t̪ a ]_w
[_w d̪ ɛ j s̪ t̪ v ɔ ]_w
[_w d̪ ɔ j ]_w
[_w v a ʒ n̪ ɔ ]_w
[_w s̪ ɫ̪ ɔ j ]_w
[_w k i r i ɫ̪ ]_w
[_w p a r i s̪ ]_w
[_w u n̪ i ʒ d̪ ɔ ]_w
[_w t̪ r a ɛ ]_w
[_w k ɔ l ɛ m ]_w
[_w f a ʒ n̪ ɔ s̪ t̪ ]_w
[_w s̪ a k i n̪ a l ɛ ]_w
[_w s̪ ɛ k t̪ i ]_w
[_w ʃ a x ɔ v s̪ k i ]_w
[_w ɔ b i d̪ ɛ ]_w
[_w x a r ts̪ ]_w
[_w p a t̪ i ʃ t̪ a ]_w
[_w s̪ t̪ a b i ]_w
[_w j a v n̪ ɔ ]_w
[_w r ɛ a k ts̪ i i ]_w
[_w m i r ɔ d̪ n̪ a ]_w
[_w r ɛ l i k i ]_w
[_w s̪ r ts̪ ɛ d̪ ɔ ]_w
[_w k a b i t̪ a m ]_w
[_w p r i s̪ u d̪ n̪ a ]_w
[_w d̪ ɔ ʃ i v u v a ]_w
[_w t̪ r ʃ a t̪ ]_w
[_w n̪ a k r a d̪ a ]_w
[_w u l i ts̪ a d̪ a ]_w
[_w f ɔ j n̪ a ]_w
[_w n̪ i v n̪ i d̪ ɛ ]_w
[_w p ɔ tʃ n̪ a ɫ̪ a ]_w
[_w u t̪ a r ]_w
[_w k ɫ̪ a v n̪ i ɔ t̪ ]_w
[_w p i z̪ a n̪ i ɛ ]_w
[_w ɔ p i tʃ a i ]_w
[_w v ɔ d̪ a ]_w
[_w d̪ a j n̪ i ɔ d̪ ]_w
[_w k r a ɫ̪ s̪ k a ]_w
[_w z̪ a m i t̪ ɛ d̪ ]_w
[_w s̪ ɔ j u s̪ ɔ t̪ ]_w
[_w ʒ ɛ n̪ a ]_w
[_w ɔ d̪ ɡ r i ɫ̪ ]_w
[_w n̪ ɛ k a t̪ ɛ ]_w
[_w i s̪ v ɛ ʃ t̪ a ]_w
[_w r ɛ t̪ k i ]_w
[_w ɛ d̪ n̪ a ]_w
[_w m a r d̪ i i ]_w
[_w n̪ a p i ʒ a n̪ i ]_w
[_w p r ɛ t̪ v i t̪ ɛ ]_w
[_w k ɔ r i z̪ d̪ ɔ s̪ ]_w
[_w t̪ ɛ ɫ̪ a t̪ ]_w
[_w r u s̪ k i ɔ t̪ ]_w
[_w t̪ a l ɛ n̪ ]_w
[_w p ɛ d̪ ɡ ɔ v ɔ ]_w
[_w r ɛ ʃ a v a t̪ a ]_w
[_w t̪ u r z̪ ɡ i ]_w
[_w n̪ i k ɔ ɫ̪ ɔ v i ]_w
[_w p ɔ l ɛ ]_w
[_w s̪ v ɛ s̪ t̪ ]_w
[_w r ɛ k i t̪ ɛ ]_w
[_w d̪ a k v ɔ ]_w
[_w p a r d̪ n̪ ɛ r i ]_w
[_w d̪ ɔ s̪ t̪ i v a r ]_w
[_w p ɔ s̪ t̪ i f a ɫ̪ ]_w
[_w tʃ i j ]_w
[_w a n̪ k l i z̪ ɡ i ]_w
[_w n̪ a z̪ ɛ ɫ̪ b i ]_w
[_w p ɛ n̪ t̪ ]_w
[_w k ɔ ts̪ ɛ ]_w
[_w s̪ ɫ̪ u ʃ p i ]_w
[_w ɔ s̪ v ɛ n̪ ]_w
[_w s̪ v ɛ d̪ a d̪ ]_w
[_w k a m ɛ ɲ a ]_w
[_w ts̪ i t̪ ɔ v i ]_w
[_w d̪ ɔ tʃ n̪ ɔ ]_w
[_w r ɛ ʒ i j a ]_w
[_w d̪ ɛ s̪ ɛ d̪ i ]_w
[_w m i n̪ x ɛ n̪ ]_w
[_w t̪ r a k i j a ]_w
[_w n̪ i v n̪ a t̪ a ]_w
[_w k r a d̪ ɔ t̪ ]_w
[_w p ɔ r a z̪ ]_w
[_w m a j a n̪ s̪ k i ]_w
[_w s̪ ɛ r ]_w
[_w d̪ u r i s̪ a m ]_w
[_w ɔ t̪ r ʒ i ]_w
[_w s̪ i l i k a ]_w
[_w p r i v a ]_w
[_w k ɫ̪ a v n̪ a t̪ a ]_w
[_w p ɔ j a v u v a ]_w
[_w t̪ a v a j c i ]_w
[_w v ɔ j n̪ i ]_w
[_w z̪ a l i v ɔ d̪ ]_w
[_w a r m i j a ]_w
[_w t̪ v ɔ j ɔ d̪ ]_w
[_w p ɫ̪ a n̪ ɔ ]_w
[_w m ɛ t̪ i ts̪ i ]_w
[_w i z̪ v ɛ d̪ s̪ k i ]_w
[_w k ɔ m u n̪ a ]_w
[_w r a n̪ i ts̪ i ]_w
[_w p r ɛ s̪ t̪ ɔ ]_w
[_w s̪ ɛ f ɛ r n̪ ɛ d̪ ]_w
[_w v r a ɟ a ]_w
[_w s̪ ɛ k t̪ ɔ d̪ ]_w
[_w s̪ l i tʃ ɛ n̪ ]_w
[_w k r i m i n̪ a ]_w
[_w v ɛ f r u a r i ]_w
[_w ɔ s̪ t̪ r ɔ v ]_w
[_w v i t̪ ɛ ]_w
[_w d̪ ɔ m a ]_w
[_w m a l i ]_w
[_w n̪ a j d̪ ɛ d̪ ]_w
[_w p ɔ t̪ p ɔ r ]_w
[_w t̪ ɔ ʒ ɛ ]_w
[_w t̪ a m u ]_w
[_w ts̪ r n̪ ɔ ]_w
[_w d̪ i m a ]_w
[_w ʒ ɛ l ɛ ]_w
[_w u s̪ ɫ̪ ɔ v i ]_w
[_w z̪ ɛ ɫ̪ a t̪ ]_w
[_w v i r m a d̪ a ]_w
[_w ɡ u ɫ̪ t̪ u r i ]_w
[_w p r ɔ t̪ ]_w
[_w n̪ ɔ z̪ ɛ l ɛ ]_w
[_w ɔ d̪ r ɛ p a ]_w
[_w b r v i t̪ ɛ ]_w
[_w k ɔ l ɛ m ɔ ]_w
[_w j ɔ s̪ i v ]_w
[_w b ɔ ɫ̪ n̪ a ]_w
[_w a r a b i j a ]_w
[_w z̪ ɔ n̪ ]_w
[_w f ɫ̪ a t̪ a t̪ ]_w
[_w n̪ a z̪ ɛ l ɛ ]_w
[_w t̪ r i ]_w
[_w s̪ l ɛ d̪ n̪ i ɔ t̪ ]_w
[_w s̪ u m a ]_w
[_w k i n̪ ɛ s̪ k a ]_w
[_w t̪ ɔ ɫ̪ k ]_w
[_w p r i s̪ n̪ i ]_w
[_w d̪ ɛ ɫ̪ u v a ]_w
[_w d̪ ɛ ɫ̪ ɔ d̪ ]_w
[_w n̪ i v ɔ a ]_w
[_w s̪ u d̪ ɔ v i ]_w
[_w n̪ a t̪ v ɔ r ]_w
[_w dʒ a z̪ ]_w
[_w l ɛ d̪ n̪ i ɔ t̪ ]_w
[_w d̪ ɔ s̪ t̪ i ]_w
[_w m a r i ɔ v ɔ ]_w
[_w n̪ a d̪ v ɔ r ɛ ts̪ ]_w
[_w p a r i t̪ ɛ ]_w
[_w ɔ s̪ v ɔ ɛ n̪ i ]_w
[_w d̪ ɛ ʃ k a ]_w
[_w r ɛ s̪ ɛ r ɔ ]_w
[_w s̪ ɛ ɫ̪ s̪ k i ]_w
[_w p r ɔ u tʃ u v a ]_w
[_w v r s̪ k i t̪ ɛ ]_w
[_w s̪ ɔ v t̪ v ɛ r ]_w
[_w z̪ l i tʃ ɛ n̪ ]_w
[_w ɔ b i ʒ d̪ a ]_w
[_w t̪ ɔ b ]_w
[_w x ɔ l i v i j a ]_w
[_w r ɛ k a ]_w
[_w j u ʒ n̪ a t̪ a ]_w
[_w p ɛ s̪ n̪ i t̪ ɛ ]_w
[_w m ɛ d̪ a ʒ ɛ ]_w
[_w ɛ n̪ ɛ r ɡ i j a ]_w
[_w f ɛ l i n̪ ɔ ]_w
[_w d̪ ɛ n̪ ɔ ]_w
[_w s̪ t̪ ɔ j ]_w
[_w ɛ m i t̪ u v a ]_w
[_w p ɔ s̪ ɛ p n̪ a ]_w
[_w n̪ ɛ z̪ r ɛ ɟ ɛ n̪ ]_w
[_w m ɔ t̪ a ]_w
[_w d̪ a n̪ z̪ ɡ i ]_w
[_w r i t̪ ɔ a ]_w
[_w k u j n̪ a ]_w
[_w ɡ u c a ]_w
[_w v i n̪ ɔ ]_w
[_w a ɫ̪ a t̪ ]_w
[_w r a m n̪ i n̪ a ]_w
[_w m ɔ ʃ n̪ ɔ z̪ d̪ ]_w
[_w d̪ r ɔ b ]_w
[_w ʒ d̪ i p ]_w
[_w k ɔ d̪ i n̪ ɔ ]_w
[_w p ɔ m i n̪ a ɫ̪ a ]_w
[_w p a r a ɫ̪ ]_w
[_w ɛ t̪ n̪ i ts̪ i ]_w
[_w d̪ i ɛ ]_w
[_w ɟ ɛ r ɡ a t̪ a ]_w
[_w b r ɛ t̪ ɔ t̪ ]_w
[_w l i tʃ n̪ a ]_w
[_w v i s̪ ɔ k i ]_w
[_w r a k a t̪ a ]_w
[_w ɡ ɔ t̪ i ʃ n̪ a ]_w
[_w ɔ s̪ ɔ p ɛ n̪ ɔ ]_w
[_w n̪ ɔ v a ɲ ɛ ]_w
[_w d̪ r u t̪ ]_w
[_w ɔ x r i t̪ s̪ k i ]_w
[_w v r ɔ n̪ t̪ ]_w
[_w n̪ ɔ v ɔ ]_w
[_w j u ʃ n̪ a ]_w
[_w m a ʃ k i t̪ ɛ ]_w
[_w m a r t̪ i i ]_w
[_w ɔ tʃ ɛ k u v a ]_w
[_w f ɫ̪ a d̪ ɔ ]_w
[_w m ɔ r a a t̪ ]_w
[_w n̪ ɔ v i t̪ ɛ ]_w
[_w x ɛ r ɔ j ]_w
[_w v r ʒ i ]_w
[_w r a s̪ l i ɡ i i ]_w
[_w n̪ a u ɡ i ]_w
[_w ɔ s̪ n̪ ɔ v n̪ ɔ ]_w
[_w s̪ ɛ b ɛ n̪ ]_w
[_w t̪ i ɔ t̪ ]_w
[_w ɔ s̪ t̪ r ɔ ɡ ɔ ]_w
[_w v i ɫ̪ a ]_w
[_w ɛ z̪ ɛ r ɔ ]_w
[_w r i s̪ t̪ a ]_w
[_w b r ɔ t̪ ɛ n̪ ]_w
[_w u ɡ r a i n̪ i ]_w
[_w m ɛ tʃ ɔ d̪ ]_w
[_w v i ɫ̪ m ɔ v i ]_w
[_w ts̪ i t̪ ]_w
[_w ɔ ɡ r u k ɔ ]_w
[_w m ɔ ʒ ɛ ɫ̪ a ]_w
[_w ɔ b a s̪ n̪ ɔ m ]_w
[_w z̪ n̪ a a t̪ ]_w
[_w b a r ɡ ɔ t̪ ]_w
[_w ɔ b j a v ɛ n̪ ɔ ]_w
[_w ɔ s̪ u t̪ ɛ n̪ t̪ a ]_w
[_w p r s̪ i n̪ a ]_w
[_w s̪ v ɔ j a t̪ a ]_w
[_w k u ɫ̪ t̪ u r i ]_w
[_w i m a m ]_w
[_w ʒ i v ɔ d̪ n̪ a ]_w
[_w n̪ a r ɛ tʃ ɛ ]_w
[_w v ɔ ɛ t̪ ɔ ]_w
[_w n̪ a tʃ i n̪ ]_w
[_w p ɔ t̪ ɔ tʃ n̪ ɔ ]_w
[_w tʃ i s̪ t̪ a t̪ ɛ ]_w
[_w m ɔ m ɛ n̪ t̪ i ]_w
[_w tʃ i s̪ t̪ a t̪ a ]_w
[_w f i t̪ ɔ ɡ ]_w
[_w ɔ v t̪ ɛ ]_w
[_w n̪ i s̪ ]_w
[_w d̪ ɔ ts̪ n̪ i t̪ ɛ ]_w
[_w a n̪ tʃ ɛ l ɛ z̪ ]_w
[_w p ɛ ɛ ɲ ɛ ]_w
[_w z̪ r ɛ d̪ n̪ ɔ s̪ i ]_w
[_w v i l i j a a t̪ ]_w
[_w p r v i d̪ ɛ ]_w
[_w n̪ ɛ k ɔ t̪ ]_w
[_w k a z̪ n̪ i ]_w
[_w b r ɔ u tʃ u v a ]_w
[_w b r a v i ɫ̪ ]_w
[_w t̪ ɛ ɫ̪ ]_w
[_w ɔ t̪ k r i ɛ n̪ a ]_w
[_w p r a ʃ a ɲ ɛ ]_w
[_w ʃ i v i ]_w
[_w v i ɛ n̪ ɔ ]_w
[_w r a d̪ ɔ v i ]_w
[_w i m i ɲ a ]_w
[_w ɔ b i t̪ u v a ]_w
[_w v ɫ̪ a k n̪ a ]_w
[_w u l i ts̪ i ]_w
[_w v ɔ j s̪ k i ]_w
[_w s̪ a t̪ ɔ a ]_w
[_w p ɔ r a k a t̪ a ]_w
[_w ɔ d̪ː ɛ ɫ̪ n̪ i ]_w
[_w n̪ a r ɛ t̪ p i ]_w
[_w d̪ ɛ j n̪ ɔ s̪ t̪ ]_w
[_w r a m k i t̪ ɛ ]_w
[_w d̪ u r s̪ k i ɔ d̪ ]_w
[_w d̪ ɛ ɫ̪ ɔ ]_w
[_w ɔ s̪ t̪ r ɔ v i ]_w
[_w m i x a i ɫ̪ ]_w
[_w b ɔ d̪ ɔ b r i ]_w
[_w ɔ p i z̪ ]_w
[_w ɔ d̪ ɫ̪ u tʃ i ɫ̪ ]_w
[_w b ɔ b a r ]_w
[_w i m a a ]_w
[_w p ɔ k a ʃ ]_w
[_w z̪ r ɛ c a v a ]_w
[_w p ɔ tʃ n̪ a ]_w
[_w t̪ r i t̪ ]_w
[_w l i n̪ i i ]_w
[_w p r a t̪ a t̪ a ]_w
[_w d̪ a t̪ i i ]_w
[_w d̪ r ʃ i ]_w
[_w p ɔ k ɔ v ɔ r ]_w
[_w s̪ a ʃ t̪ ɔ ]_w
[_w ts̪ ɛ l i t̪ ɛ ]_w
[_w n̪ a b r z̪ ɔ ]_w
[_w b r ɛ d̪ v ɔ r ]_w
[_w r ɛ s̪ ɛ ɫ̪ ]_w
[_w s̪ ɛ ɫ̪ ]_w
[_w m ɛ s̪ t̪ a ]_w
[_w ɛ z̪ ɛ r a ]_w
[_w u s̪ p ɛ ʒ n̪ ɔ ]_w
[_w r a s̪ l i k i i ]_w
[_w p r ɔ k r a j ]_w
[_w ɡ a t̪ ɛ ]_w
[_w b r i v a t̪ ɛ n̪ ]_w
[_w m i n̪ i s̪ t̪ r i ]_w
[_w p i t̪ k i ]_w
[_w s̪ r ɛ d̪ ɛ n̪ ɔ d̪ ]_w
[_w v ɛ r u v a ɲ ɛ ]_w
[_w i n̪ d̪ ɛ r ɛ n̪ ]_w
[_w s̪ ɫ̪ a b i ]_w
[_w i k r a ]_w
[_w d̪ ɔ p a r ]_w
[_w k i n̪ a ]_w
[_w p ɔ s̪ ɛ t̪ a ]_w
[_w v i k u r i ]_w
[_w s̪ ɔ b r a ]_w
[_w ɡ a s̪ ɛ r t̪ a ]_w
[_w z̪ i m s̪ k a ]_w
[_w k ɔ t̪ i n̪ i ]_w
[_w t̪ ɔ d̪ a f a ɲ ɛ ]_w
[_w s̪ v ɛ t̪ ɛ ]_w
[_w tʃ u v s̪ t̪ v ɔ ]_w
[_w ɡ a n̪ a ɫ̪ ]_w
[_w ɡ ɔ r i z̪ n̪ i ]_w
[_w d̪ r i ɛ s̪ ɛ d̪ ]_w
[_w ɔ b j ɛ k t̪ ɔ r ]_w
[_w v ɛ n̪ ɛ ts̪ ]_w
[_w b ɔ ɡ r a j ]_w
[_w a v ɛ l i k i i ]_w
[_w j a n̪ ]_w
[_w tʃ i n̪ i ]_w
[_w p r a v i ɫ̪ ]_w
[_w ɔ d̪ ɡ ɔ v ɔ r i ]_w
[_w p ɫ̪ a d̪ n̪ ɛ ]_w
[_w i m a m ɛ ]_w
[_w t̪ r ɛ t̪ ɔ v n̪ ɔ ]_w
[_w u p i ɛ n̪ ]_w
[_w z̪ ɔ d̪ r ʒ i n̪ a ]_w
[_w k r a ɟ a n̪ i ]_w
[_w n̪ i v n̪ a d̪ a ]_w
[_w t̪ r k ɔ v i ]_w
[_w ɡ ɫ̪ a z̪ ɔ v i ]_w
[_w k ɫ̪ a v n̪ a ]_w
[_w p ɔ d̪ ɔ ts̪ n̪ a ]_w
[_w k i p a t̪ a ]_w
[_w n̪ ɛ a ]_w
[_w p ɔ tʃ i n̪ a ]_w
[_w m a t̪ ɛ ]_w
[_w j ɔ z̪ i v ]_w
[_w v r ɛ t̪ n̪ ɔ d̪ ɔ ]_w
[_w i z̪ b r a d̪ a ]_w
[_w a n̪ dʒ ɛ l ɛ z̪ i ]_w
[_w p r v ɔ ]_w
[_w p ɔ s̪ n̪ a t̪ a ]_w
[_w ʒ i f ɔ ]_w
[_w s̪ a p a t̪ n̪ a ]_w
[_w ɡ r u ɡ ɔ ]_w
[_w n̪ i ɫ̪ ]_w
[_w n̪ a ɔ ɟ a ɫ̪ a ]_w
[_w s̪ ts̪ ɛ n̪ a t̪ a ]_w
[_w p r ɔ d̪ ɔ d̪ ]_w
[_w a s̪ p u ɡ ]_w
[_w s̪ i m a ]_w
[_w n̪ a s̪ ɫ̪ ɔ v i ]_w
[_w p ɔ ɛ s̪ i j a ]_w
[_w l ɛ v a ]_w
[_w s̪ r ɛ d̪ b a ]_w
[_w n̪ i ɡ ɔ ɫ̪ a ]_w
[_w ɔ ɡ ɔ l i n̪ a ]_w
[_w t̪ ɔ d̪ a f a ]_w
[_w n̪ a m ɛ d̪ ɔ t̪ ]_w
[_w p r i v l ɛ tʃ ɛ ]_w
[_w v ɛ l i n̪ i ]_w
[_w d̪ ɛ tʃ ɛ ]_w
[_w p r i l i tʃ n̪ a ]_w
[_w k r a ɫ̪ z̪ d̪ v ɔ ]_w
[_w s̪ t̪ r u k i ]_w
[_w v ɔ n̪ ]_w
[_w ɔ b l ɛ m i ]_w
[_w m ɔ r a ɫ̪ ]_w
[_w d̪ i t̪ ɛ ]_w
[_w d̪ ɔ m ɔ t̪ ]_w
[_w a n̪ k l i s̪ k i ]_w
[_w r a n̪ a d̪ i ɔ n̪ ]_w
[_w p ɔ t̪ ɔ p r ɔ ]_w
[_w f l ɛ k ɔ m ]_w
[_w r a n̪ a t̪ ]_w
[_w s̪ a l i v ɔ t̪ ]_w
[_w r ɛ t̪ ]_w
[_w ʒ a n̪ s̪ a ]_w
[_w d̪ r u d̪ ɔ t̪ ]_w
[_w p a r i z̪ ]_w
[_w ɔ s̪ t̪ a n̪ ɔ k ]_w
[_w i z̪ d̪ ɔ tʃ n̪ ɔ ]_w
[_w v a ʒ n̪ ɔ s̪ t̪ ]_w
[_w r ɛ ʃ i ]_w
[_w u n̪ i j a ]_w
[_w v ɔ v ɛ d̪ ɛ ]_w
[_w k a k v i d̪ ɛ ɫ̪ ]_w
[_w p ɔ ɡ ɔ ]_w
[_w n̪ ɛ s̪ r ɛ ɟ a ]_w
[_w r ɛ d̪ ɡ i t̪ ɛ ]_w
[_w k ɔ ɫ̪ ɔ t̪ ]_w
[_w p i t̪ k a t̪ a ]_w
[_w x ɛ m i s̪ k i ]_w
[_w n̪ ɔ f a ]_w
[_w p ɛ t̪ ]_w
[_w p i ɫ̪ a ]_w
[_w dʒ a r ɫ̪ s̪ ]_w
[_w a ɫ̪ b u m ɔ d̪ ]_w
[_w b ɛ r u ]_w
[_w ɔ d̪ ɡ r i l ɛ ]_w
[_w m ɛ d̪ a ɫ̪ ]_w
[_w r ɛ z̪ ɛ ɫ̪ ]_w
[_w r ɔ d̪ ɛ s̪ t̪ i ]_w
[_w p ɔ r a s̪ ɔ t̪ ]_w
[_w u ɡ r a i n̪ a ]_w
[_w s̪ m r t̪ ]_w
[_w n̪ a u tʃ n̪ a ]_w
[_w ɔ t̪ r ɛ d̪ i n̪ i ]_w
[_w s̪ r ɛ t̪ n̪ ɔ z̪ d̪ ]_w
[_w t̪ v ɔ j n̪ a t̪ a ]_w
[_w p r ɔ ts̪ ɛ z̪ ]_w
[_w d̪ a k ɔ v ]_w
[_w tʃ u v a a d̪ ]_w
[_w b ɫ̪ ɔ tʃ i ]_w
[_w p i d̪ ɡ a t̪ a ]_w
[_w ɔ d̪ r ʃ i ]_w
[_w m a n̪ a z̪ ]_w
[_w s̪ r ɛ t̪ n̪ i ɔ d̪ ]_w
[_w n̪ a t̪ ɛ ʃ t̪ ɔ ]_w
[_w f ɔ r m a d̪ a ]_w
[_w r a n̪ i ]_w
[_w s̪ t̪ a p k i ]_w
[_w n̪ a ʃ a t̪ a ]_w
[_w r ɔ m a n̪ i ɛ ]_w
[_w f ɔ j v ɔ t̪ a tʃ ]_w
[_w p r a v a ]_w
[_w d̪ n̪ ɔ t̪ ɔ ]_w
[_w s̪ a p ɔ d̪ n̪ a ]_w
[_w f ɛ ɫ̪ a d̪ a ]_w
[_w ɛ d̪ n̪ i ts̪ i ]_w
[_w k ɔ r n̪ i ɔ d̪ ]_w
[_w r a z̪ v i ɛ n̪ a ]_w
[_w s̪ ɫ̪ u tʃ i ]_w
[_w p r ɛ s̪ ɛ ɫ̪ ]_w
[_w ɔ b j a f ɛ n̪ ]_w
[_w d̪ i m ɔ v i ]_w
[_w s̪ t̪ r a n̪ a t̪ ]_w
[_w s̪ v ɔ ɛ n̪ i ]_w
[_w p r ɔ ts̪ ɛ n̪ t̪ a ]_w
[_w r ɔ d̪ ɛ n̪ a r i ]_w
[_w f r a d̪ a ]_w
[_w v ɫ̪ a t̪ ɛ ɛ ]_w
[_w p r i r ɔ d̪ ]_w
[_w p a t̪ ɔ t̪ ɔ r ]_w
[_w p ɫ̪ a d̪ i t̪ ɛ ]_w
[_w d̪ ɛ j v i t̪ ]_w
[_w d̪ v a ɛ s̪ ɛ d̪ ]_w
[_w z̪ i l ɛ n̪ ]_w
[_w m ɔ r a ]_w
[_w s̪ l ɛ t̪ i ]_w
[_w d̪ u x ]_w
[_w ts̪ v ɛ z̪ d̪ a ]_w
[_w j u ʃ n̪ a t̪ a ]_w
[_w ɔ s̪ t̪ a ɫ̪ ]_w
[_w ɔ s̪ k a r ]_w
[_w ɛ z̪ ɛ r ɔ d̪ ɔ d̪ ]_w
[_w z̪ a m i t̪ ɛ ]_w
[_w k u v ɛ r n̪ a ]_w
[_w n̪ i v ɔ ]_w
[_w ʃ a ɫ̪ ]_w
[_w n̪ a r ɛ ɡ u ]_w
[_w i z̪ ɫ̪ a ]_w
[_w b r ɔ s̪ t̪ ɔ j ]_w
[_w ɔ t̪ p i ʒ a ɫ̪ ]_w
[_w i s̪ p ɔ r ɔ d̪ ]_w
[_w p r a ɡ ɔ d̪ ]_w
[_w f l ɛ k u v a ]_w
[_w d̪ i m ɛ ]_w
[_w b l i z̪ i n̪ a ]_w
[_w p ɔ r b a ]_w
[_w a v k u s̪ t̪ v ɔ ]_w
[_w k r i t̪ ɛ ]_w
[_w v a s̪ i ɫ̪ ]_w
[_w t̪ ɔ s̪ v ɔ l i ]_w
[_w i z̪ b ɛ k n̪ ɛ ]_w
[_w k u b ɔ t̪ ]_w
[_w f i ɫ̪ m s̪ k i ]_w
[_w ɔ z̪ ɔ b i r ]_w
[_w t̪ ɛ k a ]_w
[_w ɔ t̪ p i v a ]_w
[_w tʃ ɔ v ɛ tʃ k i ]_w
[_w m a d̪ r i t̪ ɛ ]_w
[_w ɫ̪ a t̪ i n̪ i ]_w
[_w p r ɛ n̪ ɔ ]_w
[_w v i r m a ]_w
[_w z̪ ɛ ɡ r ɛ d̪ a r ]_w
[_w v k u p n̪ a ]_w
[_w l ɛ t̪ n̪ a ʃ ]_w
[_w n̪ a r ɛ t̪ i ]_w
[_w ɡ a z̪ ]_w
[_w s̪ a v a ɟ a a t̪ ]_w
[_w b r ɛ t̪ ]_w
[_w p u ɡ u r ɛ ʒ d̪ ]_w
[_w z̪ a d̪ a tʃ i ]_w
[_w l i k a ]_w
[_w k ɔ s̪ t̪ i k n̪ a ]_w
[_w ɛ s̪ ɛ r ɔ d̪ ɔ ]_w
[_w ts̪ ɛ l i ]_w
[_w s̪ p r ɛ m i ɛ r ]_w
[_w p r ɔ d̪ a v a ]_w
[_w i m a ]_w
[_w k a l ɛ r i n̪ ]_w
[_w d̪ v i ʃ ɛ ɲ a ]_w
[_w ɡ ɔ s̪ p ɔ d̪ ]_w
[_w s̪ ɔ b i r a a d̪ ]_w
[_w n̪ a s̪ ]_w
[_w t̪ ɛ b a r ]_w
[_w ɔ b ɫ̪ a z̪ m a n̪ ]_w
[_w s̪ l ɛ t̪ n̪ a ]_w
[_w s̪ a d̪ ]_w
[_w p r i k a ]_w
[_w ɔ d̪ n̪ ɔ s̪ t̪ ]_w
[_w d̪ ɔ m a ɟ i n̪ ]_w
[_w p ɔ d̪ ]_w
[_w m i n̪ a t̪ a ]_w
[_w s̪ t̪ s̪ m ]_w
[_w m ɛ d̪ ɔ d̪ ]_w
[_w d̪ r ɛ t̪ a ]_w
[_w p a n̪ k i ]_w
[_w s̪ u d̪ i r i ]_w
[_w d̪ ɔ n̪ ɛ z̪ ɛ ]_w
[_w m ɔ j ɔ d̪ ]_w
[_w d̪ ɛ ʃ k i ]_w
[_w p r i n̪ ts̪ i p ]_w
[_w k ɔ ɫ̪ ɔ d̪ ]_w
[_w m ɛ n̪ a ]_w
[_w l i v ɛ r b u ɫ̪ ]_w
[_w ɡ a m ɛ ɲ a ]_w
[_w ɡ a ʃ ɛ ]_w
[_w z̪ r ɛ d̪ s̪ t̪ v ɔ ]_w
[_w n̪ a s̪ t̪ a ]_w
[_w ɡ a r ɫ̪ ]_w
[_w tʃ ɛ s̪ t̪ ɔ ]_w
[_w b u k a ]_w
[_w p ɔ s̪ ɛ d̪ ɛ ]_w
[_w s̪ ɛ s̪ ɔ n̪ a d̪ a ]_w
[_w u tʃ i t̪ ɛ ]_w
[_w p r u s̪ i j a ]_w
[_w k r tʃ k i t̪ ɛ ]_w
[_w s̪ t̪ u d̪ ɛ n̪ ]_w
[_w k l i ɛ n̪ t̪ i ]_w
[_w d̪ ɛ ɔ r i i ]_w
[_w m n̪ ɔ k u ]_w
[_w b u ɡ a ]_w
[_w tʃ u v a ]_w
[_w t̪ a l i ]_w
[_w u z̪ b ɛ a ɫ̪ ]_w
[_w r ɛ ɡ i ɔ n̪ ɔ t̪ ]_w
[_w k l ɛ d̪ a ]_w
[_w u s̪ p ɛ a l ɛ ]_w
[_w s̪ a ɫ̪ a ]_w
[_w b r a v u v a ]_w
[_w m r t̪ v i ]_w
[_w ɡ r ɛ d̪ i t̪ ɛ ]_w
[_w ɛ d̪ ɛ n̪ i ]_w
[_w s̪ r ɛ d̪ n̪ a ʃ ]_w
[_w p ɫ̪ a n̪ i d̪ ɛ ]_w
[_w r i p a ɟ a ]_w
[_w ɡ r a t̪ a ]_w
[_w z̪ ɫ̪ a t̪ ]_w
[_w v ɫ̪ a t̪ i n̪ a ]_w
[_w ɟ ɔ r ɟ i ]_w
[_w b ɔ p a r ]_w
[_w d̪ ɛ n̪ a ]_w
[_w ɫ̪ ɔ k a t̪ a ]_w
[_w p ɔ k a d̪ ɔ ]_w
[_w u s̪ p ɛ a ɫ̪ ]_w
[_w z̪ a ɡ a ]_w
[_w l ɛ z̪ n̪ ɔ ]_w
[_w b r i ]_w
[_w p ɔ ʒ i r i ]_w
[_w p ɔ l ɛ z̪ d̪ ]_w
[_w s̪ ɔ s̪ t̪ a v ]_w
[_w ɡ a l ɛ n̪ ]_w
[_w b ɫ̪ ɔ ʒ d̪ a ]_w
[_w i s̪ v ɔ r ɔ t̪ ]_w
[_w s̪ v ɛ d̪ l i n̪ a ]_w
[_w b ɔ v ɛ ɟ ɛ ]_w
[_w d̪ i m i t̪ r ɔ v ]_w
[_w b r i v a d̪ n̪ i ]_w
[_w n̪ a ɔ ɟ a ɫ̪ ]_w
[_w t̪ ɔ k a ʒ a ɫ̪ ]_w
[_w p ɔ ɫ̪ n̪ i ts̪ a ]_w
[_w ʃ ɛ n̪ i d̪ ɛ ]_w
[_w r a n̪ ɡ ɔ ]_w
[_w k r a ɫ̪ s̪ t̪ v ɔ ]_w
[_w s̪ t̪ ɛ b ɛ n̪ ]_w
[_w n̪ a u ɡ a t̪ a ]_w
[_w a n̪ d̪ i t̪ a ]_w
[_w m u s̪ ɛ j ]_w
[_w k ɔ ɫ̪ a ]_w
[_w u tʃ ɛ ɲ ɛ ]_w
[_w t̪ ɛ r m i n̪ ]_w
[_w v ɔ j z̪ ɡ a t̪ a ]_w
[_w s̪ a m i t̪ ɛ ]_w
[_w m u s̪ i ɡ a t̪ a ]_w
[_w z̪ b i s̪ ɔ ɡ ]_w
[_w ɡ ɛ m b r i tʃ ]_w
[_w t̪ ɛ d̪ ɔ ]_w
[_w ɫ̪ u ɟ ɛ ]_w
[_w p i t̪ ɔ d̪ ]_w
[_w a ɫ̪ b a n̪ i i ]_w
[_w m a s̪ a ]_w
[_w k ɔ m ɛ d̪ i j a ]_w
[_w n̪ ɔ v i ɔ d̪ ]_w
[_w m ɔ ʃ n̪ ɔ ]_w
[_w d̪ ɔ s̪ ɛ ɡ a ]_w
[_w n̪ a r ɔ d̪ ɔ d̪ ]_w
[_w s̪ v ɔ j a ]_w
[_w d̪ v a j ts̪ a t̪ a ]_w
[_w n̪ ɛ k ɔ v ]_w
[_w p i ɛ ɲ ɛ t̪ ɔ ]_w
[_w n̪ a p r z̪ ɔ ]_w
[_w z̪ a m ɛ n̪ ɛ t̪ ]_w
[_w tʃ ɛ z̪ d̪ ɔ ]_w
[_w d̪ ɛ a d̪ a r ]_w
[_w d̪ ɔ ɫ̪ ʒ i ]_w
[_w p ɔ tʃ ɛ s̪ t̪ i ]_w
[_w z̪ r ɛ t̪ n̪ i ts̪ i ]_w
[_w u b i v a ]_w
[_w b a ɫ̪ a t̪ ]_w
[_w v a r t̪ ɔ ]_w
[_w n̪ a m a l i ɔ t̪ ]_w
[_w k ɔ b i i ]_w
[_w p ɔ r a k i ]_w
[_w ts̪ r v ɛ n̪ i ]_w
[_w p ɔ ɡ a ʒ ]_w
[_w p r v ]_w
[_w p i t̪ a t̪ ]_w
[_w r a b ɔ d̪ n̪ ɔ ]_w
[_w s̪ ɫ̪ u ʒ a t̪ a ]_w
[_w n̪ a s̪ t̪ i ]_w
[_w ɡ r a t̪ i ]_w
[_w r u s̪ k i ]_w
[_w ʃ a x ]_w
[_w k r tʃ k a ]_w
[_w ɡ ɔ l ɛ m ɔ ]_w
[_w u s̪ ɫ̪ u ɡ i ]_w
[_w p r ɛ d̪ ]_w
[_w s̪ a t̪ a tʃ i ]_w
[_w t̪ a v i ]_w
[_w d̪ ɛ x n̪ i ɡ i ]_w
[_w s̪ ɛ t̪ a ]_w
[_w k a d̪ ɛ ʃ t̪ ɔ ]_w
[_w ɔ d̪ s̪ t̪ v ɔ ]_w
[_w n̪ ɛ m a m ]_w
[_w a p ɔ s̪ t̪ a n̪ i ]_w
[_w ɟ ɛ r ɡ a ]_w
[_w k a n̪ a l i s̪ a ]_w
[_w j a z̪ ]_w
[_w ɟ ɛ r k a t̪ a ]_w
[_w r ɛ ɡ i ɔ n̪ ]_w
[_w tʃ ɛ ɫ̪ s̪ i ]_w
[_w b ɔ l ɛ ]_w
[_w z̪ d̪ ɛ k n̪ a ɫ̪ ]_w
[_w d̪ u r ts̪ i t̪ ɛ ]_w
[_w ɛ d̪ n̪ ɔ ]_w
[_w s̪ t̪ r a n̪ i ɛ ]_w
[_w j u ʃ n̪ i ɔ t̪ ]_w
[_w s̪ ɛ ɫ̪ a ]_w
[_w r ɔ t̪ ɛ k a ]_w
[_w s̪ ɛ ɫ̪ a n̪ i ]_w
[_w p ɛ a ]_w
[_w p ɔ z̪ n̪ a t̪ a ]_w
[_w v r ɔ j d̪ ]_w
[_w m ɔ r ɛ t̪ p a ]_w
[_w u s̪ p ɛ x ɔ d̪ ]_w
[_w z̪ d̪ a r i ]_w
[_w p ɔ t̪ r ɛ d̪ a r ]_w
[_w s̪ a v r ʃ i l ɛ ]_w
[_w d̪ i p ɔ v i ]_w
[_w ɛ k i p a r ]_w
[_w m ɔ ʃ a t̪ a ]_w
[_w m a t̪ r i t̪ ]_w
[_w ɔ d̪ r ʃ a t̪ ]_w
[_w ɔ t̪ l i ɡ u v a ]_w
[_w p ɔ i m ɔ d̪ ]_w
[_w b d̪ i ts̪ i n̪ a ]_w
[_w l ɛ k ɛ n̪ t̪ a ]_w
[_w i s̪ v r ʒ i ɫ̪ ]_w
[_w t̪ r k i ]_w
[_w ɛ d̪ n̪ i ɡ ]_w
[_w p a s̪ i r a n̪ i ]_w
[_w d̪ ɛ ɫ̪ ɔ d̪ ɔ ]_w
[_w s̪ p ɔ r ]_w
[_w m a r k ]_w
[_w p r ɔ ts̪ ɛ n̪ d̪ ]_w
[_w k ɔ ʒ a ]_w
[_w z̪ d̪ ɛ b ɛ n̪ ]_w
[_w ɔ p i ʒ u v a ]_w
[_w ɔ t̪ i k r a ]_w
[_w p ɔ k l ɛ d̪ ]_w
[_w p ɔ ɡ a t̪ ɔ ]_w
[_w p ɔ r p a t̪ a ]_w
[_w z̪ d̪ a r i ɔ d̪ ]_w
[_w k r a j ]_w
[_w p a r tʃ ɛ ]_w
[_w z̪ d̪ a p k i ]_w
[_w z̪ d̪ r a ]_w
[_w ts̪ a r i k r a tʃ ]_w
[_w k ɔ l ɛ m a d̪ a ]_w
[_w m ɔ n̪ ɛ t̪ i ]_w
[_w k r tʃ k a t̪ a ]_w
[_w l i tʃ n̪ ɔ ]_w
[_w ɔ t̪ r ʃ i ]_w
[_w v ɔ ɛ d̪ ɔ ]_w
[_w d̪ v ɛ ]_w
[_w d̪ i p ɔ v i k ]_w
[_w r a s̪ v i ɛ n̪ a ]_w
[_w n̪ a s̪ i v ]_w
[_w b ɔ r i ]_w
[_w d̪ u p k a ]_w
[_w n̪ a u tʃ n̪ i ]_w
[_w p r ɛ m n̪ ɔ k u ]_w
[_w v r v ]_w
[_w z̪ d̪ a v ɔ t̪ ]_w
[_w f i v a ]_w
[_w z̪ n̪ i m ɛ n̪ ɔ ]_w
[_w n̪ ɛ j z̪ i n̪ ]_w
[_w ʃ ɛ n̪ i j a t̪ a ]_w
[_w u b a v i ]_w
[_w b r ɔ t̪ ɔ ɫ̪ u ]_w
[_w b r i v a t̪ i ]_w
[_w z̪ d̪ a r ]_w
[_w p ɔ b a r ]_w
[_w p ɔ r b i d̪ ɛ ]_w
[_w ɔ k r u s̪ i ]_w
[_w ts̪ r v ɛ n̪ a t̪ a ]_w
[_w ɡ a ʃ a a ]_w
[_w t̪ u r n̪ i r i ]_w
[_w r i tʃ a r t̪ ]_w
[_w ɔ b ɛ r t̪ ]_w
[_w s̪ ɔ b r u ɡ a ]_w
[_w p r ɔ d̪ ɛ n̪ i ]_w
[_w d̪ ɛ ts̪ a ]_w
[_w b r v i n̪ ]_w
[_w ʃ k ɔ d̪ s̪ k a ]_w
[_w r a ɡ ɔ t̪ ]_w
[_w n̪ a tʃ i n̪ ɔ t̪ ]_w
[_w u s̪ t̪ a v a ]_w
[_w ɔ s̪ v ɔ l i ]_w
[_w b a t̪ ]_w
[_w b ɔ n̪ u d̪ a t̪ ]_w
[_w s̪ r ɛ d̪ n̪ ɔ t̪ ɔ ]_w
[_w k r u ɛ v s̪ k i ]_w
[_w p r a t̪ s̪ t̪ v ɔ ]_w
[_w d̪ r ɛ t̪ a t̪ a ]_w
[_w d̪ r u k i ɔ d̪ ]_w
[_w d̪ v a j ts̪ a ]_w
[_w ʒ ɛ l i ]_w
[_w ɫ̪ ɔ ʃ ɔ ]_w
[_w tʃ u v s̪ t̪ v a ]_w
[_w v i ɫ̪ m ɔ t̪ ]_w
[_w v i t̪ a ]_w
[_w r i m s̪ k a t̪ a ]_w
[_w p ɔ s̪ t̪ ɔ j p i ]_w
[_w u t̪ v r t̪ i ]_w
[_w ʃ t̪ i p ]_w
[_w z̪ a m i ]_w
[_w ɡ ɔ n̪ ts̪ ɛ r d̪ i ]_w
[_w p ɫ̪ ɔ ɡ ɔ v ɔ r ]_w
[_w p ɫ̪ a z̪ d̪ i ]_w
[_w tʃ a z̪ ɔ v n̪ ɔ ]_w
[_w d̪ r ɡ ɔ v i ]_w
[_w r a k ɔ t̪ ]_w
[_w z̪ d̪ a n̪ ɔ ts̪ i ]_w
[_w p r i t̪ ɔ a ]_w
[_w p ɛ j a tʃ k a ]_w
[_w ɔ p ʃ t̪ i n̪ i ]_w
[_w v ɔ t̪ ɛ n̪ ]_w
[_w v ɛ ʃ t̪ i n̪ a ]_w
[_w ɔ p ɫ̪ a s̪ t̪ ]_w
[_w n̪ a ʒ ɔ ɫ̪ ]_w
[_w s̪ t̪ r u m i ts̪ a ]_w
[_w v r s̪ k i ]_w
[_w b a k t̪ ɛ r ]_w
[_w k r a d̪ ɡ i ]_w
[_w m r ɛ ʒ a v a ]_w
[_w d̪ a ɫ̪ ]_w
[_w ɔ z̪ d̪ a n̪ ɛ ]_w
[_w m r ɔ ]_w
[_w z̪ i r ɛ ɲ ɛ ]_w
[_w r a b ɔ d̪ ɛ l ɛ ]_w
[_w d̪ ɛ n̪ ɛ ʃ n̪ ɔ ]_w
[_w p r l i tʃ ɛ n̪ ]_w
[_w p a j ɡ ɔ n̪ u r ]_w
[_w i n̪ a k u ]_w
[_w z̪ d̪ r a n̪ i t̪ ɛ ]_w
[_w b r i s̪ n̪ a v a ]_w
[_w k a n̪ a ɫ̪ a ]_w
[_w k a r ɫ̪ ɔ ]_w
[_w s̪ m ɛ d̪ a a d̪ ]_w
[_w p r i tʃ ]_w
[_w p r a n̪ ɔ v ɔ ]_w
[_w d̪ ɛ j ts̪ i ]_w
[_w ɡ l ɛ d̪ a tʃ i ]_w
[_w u z̪ b ɛ s̪ i ]_w
[_w k r a j n̪ i ]_w
[_w ɔ z̪ n̪ a t̪ ]_w
[_w k ɔ k a ]_w
[_w ɔ t̪ k r i ɛ n̪ i ]_w
[_w ɡ ɔ l i n̪ a ]_w
[_w j u ʃ n̪ i ɔ d̪ ]_w
[_w s̪ ɔ v ɛ d̪ ɛ ]_w
[_w k ɔ t̪ i ʃ ɛ n̪ ]_w
[_w v ɫ̪ a t̪ a t̪ ]_w
[_w s̪ ɔ j u s̪ ɔ d̪ ]_w
[_w k a z̪ n̪ a ]_w
[_w p ɔ t̪ r a tʃ j ɛ ]_w
[_w s̪ p i r ]_w
[_w d̪ u ɡ a ]_w
[_w ɔ t̪ː u ɡ a ]_w
[_w ɛ v r ɔ p s̪ k a ]_w
[_w ɔ k ɔ ɫ̪ ɡ u ]_w
[_w ɔ s̪ t̪ a n̪ a ]_w
[_w s̪ a k ɔ n̪ i ]_w
[_w n̪ a r ɛ tʃ ɛ n̪ ɔ ]_w
[_w ɔ t̪ k a k ɔ ]_w
[_w f ɔ t̪ a ]_w
[_w n̪ ɛ k a ]_w
[_w f ɔ s̪ r a s̪ t̪ a ]_w
[_w n̪ a j m n̪ ɔ k u ]_w
[_w s̪ a m ɛ n̪ i ]_w
[_w ɛ r u s̪ a l i m ]_w
[_w ɔ d̪ ɛ ɲ ɛ ]_w
[_w n̪ ɔ v a tʃ ]_w
[_w d̪ r ɛ t̪ u v a ]_w
[_w v i ɡ i l i k s̪ ]_w
[_w ɡ i n̪ k ]_w
[_w s̪ m r t̪ː a ]_w
[_w s̪ k ɔ r ɔ ]_w
[_w k a ʒ u v a ]_w
[_w ɔ d̪ ɡ ɔ v a d̪ a ]_w
[_w d̪ r k ɔ v i ɔ t̪ ]_w
[_w m ɛ tʃ ]_w
[_w n̪ ɛ m a a d̪ ]_w
[_w s̪ a v r ʃ ɛ n̪ ]_w
[_w l ɛ k ɔ m ]_w
[_w ɛ v r a ]_w
[_w z̪ ɛ t̪ i ʃ t̪ a ]_w
[_w n̪ a p r a v i ɫ̪ ]_w
[_w s̪ l ɛ t̪ n̪ i ]_w
[_w p a j k ɔ n̪ u r ]_w
[_w t̪ a d̪ ɛ n̪ ]_w
[_w f i z̪ i tʃ k i ]_w
[_w s̪ t̪ r a n̪ a ]_w
[_w v ɫ̪ a s̪ t̪ ]_w
[_w l i ts̪ ɛ ]_w
[_w ʒ i d̪ ɛ l ɛ ]_w
[_w s̪ u d̪ i r i t̪ ɛ ]_w
[_w d̪ ɛ l i t̪ ɛ ]_w
[_w x r a m ɔ d̪ ]_w
[_w i s̪ u s̪ ]_w
[_w p ɛ ɫ̪ ]_w
[_w ɡ a n̪ a t̪ a ]_w
[_w ɛ d̪ i n̪ ts̪ i ]_w
[_w s̪ ɫ̪ a p i ]_w
[_w n̪ a p u ʃ t̪ i ]_w
[_w n̪ ɔ v a ]_w
[_w ɔ t̪ p i ɫ̪ ]_w
[_w m ɔ m ɛ n̪ d̪ i ]_w
[_w u b r a v ɔ ]_w
[_w ʒ i r u m ]_w
[_w b i ɫ̪ ]_w
[_w b a ɫ̪ k a n̪ ]_w
[_w v i z̪ i tʃ k i ]_w
[_w r ɔ d̪ ɛ n̪ a ]_w
[_w d̪ i d̪ u ɫ̪ a ]_w
[_w p i l ɛ ]_w
[_w v a ɡ ɔ v ]_w
[_w s̪ t̪ ɔ i ]_w
[_w k a p ɛ t̪ ]_w
[_w d̪ ɔ ɫ̪ ɡ ]_w
[_w p ɔ ɡ ɔ l ɛ m ɔ ]_w
[_w d̪ v i ʃ ɛ ɲ ɛ ]_w
[_w ɔ d̪ r ʃ a ɫ̪ ]_w
[_w n̪ ɛ k ɔ ɡ a ]_w
[_w r a s̪ l i tʃ ɛ n̪ ]_w
[_w f u n̪ d̪ i ]_w
[_w s̪ p i s̪ ɔ d̪ i ]_w
[_w ɔ t̪ r ɛ p ɛ n̪ ]_w
[_w k r ɛ d̪ a d̪ a ]_w
[_w n̪ ɔ z̪ ɛ ]_w
[_w d̪ ɔ k a ʃ ]_w
[_w ɫ̪ u j ]_w
[_w d̪ r k ɔ v s̪ k i ]_w
[_w ɡ l i ɛ n̪ t̪ i ]_w
[_w r ɛ k i ɔ n̪ ɔ d̪ ]_w
[_w s̪ k ɔ p j ɛ ]_w
[_w d̪ ɛ n̪ ]_w
[_w b ɛ s̪ n̪ a ]_w
[_w p ɔ s̪ t̪ ɔ j a n̪ ]_w
[_w ʒ i r i ]_w
[_w p r a k ɔ v ɔ r ]_w
[_w r ɛ l i k a ]_w
[_w z̪ d̪ a v ɛ n̪ ]_w
[_w ɡ ɔ n̪ d̪ a k t̪ ]_w
[_w ɔ s̪ v ɔ i t̪ ɛ ]_w
[_w s̪ m ɛ z̪ d̪ ɛ n̪ a ]_w
[_w p ɔ b ɛ d̪ i ɫ̪ ]_w
[_w n̪ a k r a t̪ a ]_w
[_w m i n̪ u d̪ i ]_w
[_w j u ʒ ɛ n̪ ]_w
[_w v r a t̪ ɔ s̪ t̪ i ]_w
[_w p a s̪ i r a ]_w
[_w t̪ u ʒ i ]_w
[_w n̪ ɛ s̪ r ɛ c a ]_w
[_w z̪ n̪ a tʃ a j n̪ i ]_w
[_w n̪ a j t̪ ɛ d̪ ]_w
[_w l i k ɔ t̪ ]_w
[_w ɡ ɫ̪ a s̪ n̪ ɔ m ]_w
[_w ɔ b j ɛ ]_w
[_w v ɔ d̪ a t̪ ɛ ]_w
[_w k ɔ r i s̪ t̪ a ]_w
[_w d̪ a v i ɫ̪ ]_w
[_w tʃ l ɛ n̪ k a ]_w
[_w t̪ u r ts̪ i ]_w
[_w ɡ ɔ d̪ i n̪ i ]_w
[_w d̪ a v a ]_w
[_w t̪ r a d̪ i ]_w
[_w ɡ n̪ i k a t̪ a ]_w
[_w z̪ n̪ i m a v a ]_w
[_w z̪ ɡ r a t̪ k i ]_w
[_w ɫ̪ u i z̪ ]_w
[_w m ɔ ʒ ɛ ɫ̪ ɔ ]_w
[_w s̪ a ɛ t̪ n̪ ɔ ]_w
[_w i z̪ u s̪ ]_w
[_w z̪ v u ɡ ]_w
[_w z̪ b ɔ r u v a ]_w
[_w v u d̪ b a ɫ̪ ɔ ]_w
[_w ɛ f a ]_w
[_w r ɔ t̪ n̪ i ɔ d̪ ]_w
[_w m a r a ]_w
[_w ʃ i v ɛ ɛ l ɛ ]_w
[_w b r v i ɔ d̪ ]_w
[_w d̪ ɔ b r a ]_w
[_w tʃ ɛ k a ]_w
[_w ɡ v a r t̪ ]_w
[_w d̪ ɔ m a ʃ n̪ i ]_w
[_w n̪ a t̪ a ]_w
[_w s̪ l ɛ t̪ n̪ ɔ ]_w
[_w s̪ a v r ʃ i ]_w
[_w ɔ k ɔ ]_w
[_w r a z̪ l i tʃ n̪ a ]_w
[_w s̪ a m ɔ k ɔ t̪ ]_w
[_w v ɛ s̪ t̪ a ]_w
[_w t̪ v a j ts̪ a ]_w
[_w s̪ ɔ v ɛ t̪ ɛ n̪ i ]_w
[_w ɔ d̪ ɫ̪ u tʃ i ]_w
[_w r ɛ tʃ i z̪ i ]_w
[_w p ɛ s̪ n̪ a d̪ i ]_w
[_w m ɛ d̪ ɔ ]_w
[_w s̪ ɛ ɫ̪ ɔ ]_w
[_w p t̪ i ts̪ a ]_w
[_w s̪ m ɛ s̪ t̪ ɛ n̪ a ]_w
[_w a n̪ a l i z̪ i ]_w
[_w z̪ ɛ v ɛ r ɛ n̪ ]_w
[_w u tʃ ɛ n̪ i ts̪ i ]_w
[_w ɔ p i t̪ ]_w
[_w d̪ a m ɛ ]_w
[_w k ɔ ɫ̪ ɡ u ]_w
[_w t̪ ɔ ɡ ɔ v ɔ t̪ ]_w
[_w z̪ a d̪ ]_w
[_w d̪ ɔ m ]_w
[_w s̪ ɫ̪ a t̪ n̪ i ts̪ i ]_w
[_w p r z̪ d̪ ɛ n̪ ]_w
[_w z̪ b ɔ r ]_w
[_w d̪ ɛ ɫ̪ ɔ t̪ ɔ ]_w
[_w d̪ ɔ ts̪ n̪ a ]_w
[_w p ɛ r i j a ]_w
[_w r ɛ v ɔ t̪ ]_w
[_w t̪ ɛ n̪ a r i ]_w
[_w k ɔ l ɛ m i n̪ ]_w
[_w ts̪ r d̪ ɛ ʒ i n̪ a ]_w
[_w n̪ a t̪ ɔ ɫ̪ u ]_w
[_w d̪ ɔ n̪ ɛ z̪ ]_w
[_w b r ɔ ts̪ ɛ n̪ t̪ ]_w
[_w k ɫ̪ a s̪ i tʃ ɛ n̪ ]_w
[_w s̪ t̪ a n̪ a ɫ̪ ɔ t̪ ]_w
[_w v ɛ r a ]_w
[_w d̪ u x ɔ d̪ ]_w
[_w ɡ ɔ ɫ̪ ɔ n̪ i j a ]_w
[_w d̪ i r ɛ k t̪ n̪ a ]_w
[_w ɛ t̪ n̪ a m ]_w
[_w ɔ k ɛ a n̪ ]_w
[_w ɛ ɡ i p ɛ t̪ ]_w
[_w b r ɛ m a ]_w
[_w m ɔ ʒ n̪ ɛ ]_w
[_w v n̪ a t̪ a m u ]_w
[_w i z̪ r a ɛ ɫ̪ a ]_w
[_w v u n̪ d̪ i ]_w
[_w p ɫ̪ a n̪ ɔ v i ]_w
[_w z̪ ɛ r i ɔ d̪ ɔ t̪ ]_w
[_w p ɔ v r ɛ t̪ a r ]_w
[_w z̪ r ɛ t̪ n̪ i ɡ ]_w
[_w p ɔ l i t̪ i k i ]_w
[_w tʃ l ɛ n̪ ɡ a ]_w
[_w p r z̪ ]_w
[_w i z̪ d̪ a ]_w
[_w l ɛ k u v a ]_w
[_w v ɛ n̪ ɔ ]_w
[_w f ɛ s̪ n̪ i t̪ ɛ ]_w
[_w n̪ a ʒ i ɔ t̪ ]_w
[_w p ɔ r i t̪ ɛ ]_w
[_w s̪ ɫ̪ a t̪ n̪ ɛ ]_w
[_w a z̪ n̪ ɔ ]_w
[_w s̪ p ɔ m ɛ n̪ t̪ i ]_w
[_w f ɛ s̪ n̪ i k ]_w
[_w i t̪ n̪ i n̪ i ]_w
[_w t̪ ɛ j v i t̪ ]_w
[_w d̪ ɛ k s̪ t̪ ɔ t̪ ɔ ]_w
[_w p ɫ̪ a z̪ d̪ ]_w
[_w b ɫ̪ a n̪ i n̪ a ]_w
[_w k l ɛ t̪ ]_w
[_w p r ɔ j n̪ i ]_w
[_w t̪ a j m s̪ ]_w
[_w ɔ t̪ i t̪ ɛ ]_w
[_w i ɔ t̪ ]_w
[_w m ɔ r ɡ a n̪ ]_w
[_w ɡ r a d̪ ɛ n̪ a ]_w
[_w ɔ n̪ ɔ j ]_w
[_w ts̪ r k v a d̪ a ]_w
[_w v ɛ r n̪ a ]_w
[_w k r a n̪ ɡ i ]_w
[_w p l i s̪ u ]_w
[_w ɔ d̪ ɡ r i ɛ n̪ a ]_w
[_w d̪ a j n̪ i ]_w
[_w v i ɫ̪ a ɛ t̪ ]_w
[_w s̪ a ɛ t̪ n̪ i ]_w
[_w m r d̪ v i ]_w
[_w u z̪ b ɛ ʒ ɛ n̪ ]_w
[_w m ɛ s̪ ɛ ts̪ ]_w
[_w u ɛ v a ]_w
[_w b ɔ s̪ ɛ d̪ u m ]_w
[_w ɡ ɔ n̪ t̪ r ɔ ɫ̪ a ]_w
[_w v ɔ d̪ i ]_w
[_w v ɔ r m i ]_w
[_w i s̪ ɫ̪ ɔ ʃ p i ]_w
[_w s̪ m ɛ t̪ k a ]_w
[_w ɡ v a j a n̪ a ]_w
[_w s̪ t̪ u d̪ i i ]_w
[_w k ɔ r a ]_w
[_w r a p ɔ d̪ ɛ n̪ a ]_w
[_w s̪ t̪ a n̪ i ɛ ]_w
[_w j u n̪ i ]_w
[_w ɔ z̪ d̪ a n̪ i ]_w
[_w ɡ a r ɫ̪ ɔ ]_w
[_w k i p a r ]_w
[_w z̪ i s̪ t̪ ɛ m i ]_w
[_w z̪ a m ɔ ɡ ɔ d̪ ]_w
[_w v i t̪ a t̪ ]_w
[_w p i d̪ ɡ a ]_w
[_w p ɛ l i ɔ t̪ ]_w
[_w t̪ a n̪ s̪ k a ]_w
[_w d̪ ɔ m ɔ v i ]_w
[_w v u n̪ k ts̪ i i ]_w
[_w ɡ a d̪ ɛ ʒ ]_w
[_w r a v a ]_w
[_w p a r ]_w
[_w ʒ i t̪ ɛ ɫ̪ ]_w
[_w ɡ ɔ l ɛ m i ]_w
[_w v ɛ r u v a ɫ̪ ]_w
[_w z̪ u d̪ i i t̪ ɛ ]_w
[_w p ɔ s̪ ɛ b n̪ ɔ ]_w
[_w t̪ r ɛ p a ɫ̪ ɔ ]_w
[_w r ɔ ɡ ]_w
[_w d̪ u r z̪ ɡ i ]_w
[_w m a j a m i ]_w
[_w r ɛ ɔ n̪ ɔ t̪ ]_w
[_w p ɔ r a k a d̪ a ]_w
[_w l i s̪ t̪ a p k i ]_w
[_w p ɔ r p a d̪ a ]_w
[_w f ɫ̪ a d̪ ɛ ɛ ]_w
[_w p ɔ s̪ t̪ ɔ d̪ i j ]_w
[_w p r a t̪ n̪ ɔ ]_w
[_w a z̪ b ɛ r t̪ ]_w
[_w n̪ a s̪ t̪ a n̪ ɔ ]_w
[_w ɔ b j ɛ k t̪ i ]_w
[_w ts̪ v ɛ s̪ t̪ i ]_w
[_w s̪ ɔ n̪ ts̪ ɛ b d̪ i ]_w
[_w d̪ r u k i ]_w
[_w p ɔ d̪ ɔ m ts̪ i ]_w
[_w n̪ ɔ f i ]_w
[_w d̪ r ɛ t̪ a d̪ a ]_w
[_w r ɔ t̪ i v i ]_w
[_w p ɔ b ]_w
[_w s̪ a k a ʃ ]_w
[_w p a d̪ i ʃ t̪ a ]_w
[_w s̪ p i s̪ a t̪ ɛ ɫ̪ ]_w
[_w m ɔ d̪ ɔ d̪ ]_w
[_w m ɔ r k a n̪ ]_w
[_w ɡ r u ɛ v s̪ k i ]_w
[_w m ɛ ɟ u d̪ ɔ a ]_w
[_w ɛ z̪ ɛ n̪ i ]_w
[_w i ɡ r a d̪ a t̪ ]_w
[_w a v r i ɡ a t̪ a ]_w
[_w ɡ ɔ d̪ l i tʃ n̪ ɔ ]_w
[_w b ɔ v r s̪ u v a ]_w
[_w n̪ ɛ k ɔ v i ]_w
[_w n̪ a ɔ c a ]_w
[_w b a s̪ a ]_w
[_w p ɔ d̪ ɔ tʃ n̪ a ɫ̪ ]_w
[_w t̪ r i ɛ z̪ ɛ t̪ i ]_w
[_w ɔ d̪ ɡ a ʃ ɛ ]_w
[_w u ʒ d̪ ɛ ]_w
[_w s̪ ɛ r i ɔ t̪ ]_w
[_w r ɛ k i ɔ n̪ ]_w
[_w r a z̪ v i k ɔ r ]_w
[_w ɔ b r a t̪ ɛ n̪ a ]_w
[_w u ɫ̪ ɔ ɡ i r a j ]_w
[_w v u n̪ k ts̪ i j a ]_w
[_w r i ɔ ]_w
[_w d̪ ɔ ɫ̪ ɡ ɔ ]_w
[_w k l ɛ d̪ ɡ a ]_w
[_w ɔ ʃ ɛ n̪ i ɫ̪ ]_w
[_w d̪ u r ts̪ i ]_w
[_w ɔ d̪ n̪ ɔ s̪ ɔ d̪ ]_w
[_w p ɔ b a r a ɫ̪ ]_w
[_w v i z̪ ɔ ɡ ]_w
[_w z̪ a ʒ d̪ i d̪ ]_w
[_w k u ɫ̪ t̪ u r n̪ i ]_w
[_w ɛ d̪ ɛ n̪ a ]_w
[_w l i z̪ d̪ ɔ r i ]_w
[_w ɡ u tʃ i ɲ a ]_w
[_w b ɔ d̪ a d̪ ɔ ts̪ i ]_w
[_w r u s̪ v ɛ ɫ̪ t̪ ]_w
[_w p ɛ ɫ̪ a ]_w
[_w r a s̪ l i tʃ n̪ i ]_w
[_w i m ɛ t̪ ɔ ]_w
[_w k ɫ̪ u tʃ i ɫ̪ ]_w
[_w t̪ ɔ ʃ l ɛ ]_w
[_w d̪ ɛ s̪ n̪ a d̪ ]_w
[_w i s̪ p i r ]_w
[_w r a p ɔ t̪ i t̪ ɛ ]_w
[_w ɡ r a n̪ k a ]_w
[_w ɔ k r u s̪ i j a ]_w
[_w i t̪ n̪ i k ]_w
[_w p r ɛ m i ɛ r ]_w
[_w z̪ ɛ m ɛ ]_w
[_w p a d̪ i t̪ ɛ ]_w
[_w k ɔ n̪ k r ɛ s̪ ]_w
[_w r ɛ ʃ i s̪ ɛ r ]_w
[_w s̪ v ɔ ɛ ]_w
[_w t̪ ɔ j ]_w
[_w p ɛ r l i n̪ ]_w
[_w ɔ d̪ ɡ ɔ v a r a ]_w
[_w ɔ t̪ r ɛ d̪ a d̪ a ]_w
[_w ɡ ɫ̪ u b ]_w
[_w ʃ ɛ ɫ̪ b a ]_w
[_w d̪ r ʃ a n̪ i ]_w
[_w l i tʃ n̪ ɔ s̪ t̪ ]_w
[_w k a z̪ ɔ v i ]_w
[_w n̪ a p ɔ r i ]_w
[_w a n̪ a ]_w
[_w b r i tʃ ]_w
[_w s̪ n̪ a tʃ a j n̪ a ]_w
[_w b r ɔ ɛ k t̪ ɔ d̪ ]_w
[_w m ɛ k s̪ i ɡ ɔ t̪ ]_w
[_w ɡ ɔ ɫ̪ ɔ n̪ i i ]_w
[_w x r i z̪ d̪ ɛ n̪ i ]_w
[_w z̪ d̪ ɛ b ɛ n̪ ɔ ]_w
[_w n̪ a r ɔ d̪ ]_w
[_w p i ʒ u v a ]_w
[_w r i z̪ i k ɔ d̪ ]_w
[_w l i z̪ d̪ a k n̪ a ]_w
[_w k a ʃ a a ]_w
[_w ɡ r ts̪ i ]_w
[_w ʃ i v ɛ ɛ ]_w
[_w p ɫ̪ a n̪ i n̪ a ]_w
[_w b a j k ɔ l ɛ m ]_w
[_w n̪ a r ɛ k u ]_w
[_w d̪ r ʒ a n̪ ]_w
[_w t̪ ɛ ɫ̪ ɔ d̪ ɔ ]_w
[_w i a k ɔ ]_w
[_w ɔ z̪ n̪ ɔ ]_w
[_w r ɛ f i z̪ i j a ]_w
[_w r a s̪ m ɛ n̪ i k ]_w
[_w ɛ d̪ ɛ n̪ ]_w
[_w t̪ m ɔ r ɔ ]_w
[_w p a r a j c i ]_w
[_w p ɫ̪ ɔ ɡ ]_w
[_w r ɛ ʒ i m ]_w
[_w t̪ i s̪ k ]_w
[_w ɔ d̪ r ʒ i ]_w
[_w i n̪ v a s̪ i ]_w
[_w k u c a t̪ a ]_w
[_w m i n̪ a d̪ a ]_w
[_w l i ɡ ]_w
[_w f a z̪ i ]_w
[_w ts̪ r ɡ v a ]_w
[_w ɔ b u k a r i ]_w
[_w v ɛ l i ɡ i ]_w
[_w p ɔ k ɔ v i ɔ t̪ ]_w
[_w i m ɛ ]_w
[_w ɛ v ɛ r ɛ n̪ ]_w
[_w r ɛ d̪ ɡ i ]_w
[_w b r a v a ]_w
[_w ɛ v r ɔ p s̪ k i ]_w
[_w z̪ a l i v ]_w
[_w n̪ ɛ ɡ ɔ ɛ ]_w
[_w v r a n̪ ts̪ i j a ]_w
[_w n̪ i s̪ a ]_w
[_w ɔ t̪ː ɔ k a ʃ a ]_w
[_w p r ɔ ts̪ ɛ s̪ ɔ d̪ ]_w
[_w m a ɫ̪ k u ]_w
[_w ɔ n̪ ɫ̪ a j n̪ ]_w
[_w tʃ a z̪ ɔ v i ]_w
[_w m u z̪ ɛ j ɔ d̪ ]_w
[_w r ɔ p ɛ r t̪ ]_w
[_w p r i m ɛ r ]_w
[_w n̪ a ɔ ɟ a l ɛ ]_w
[_w v t̪ ɔ r ]_w
[_w u m ɛ t̪ n̪ ɔ ]_w
[_w ɔ b v r z̪ ɡ a ]_w
[_w i s̪ ɫ̪ a ]_w
[_w p ɔ s̪ t̪ i ɡ n̪ a ]_w
[_w z̪ v ɔ j ]_w
[_w s̪ r a tʃ ɛ ɲ ɛ ]_w
[_w s̪ a t̪ ɔ v i ]_w
[_w ts̪ r v ɛ n̪ ɔ ]_w
[_w l i n̪ i ]_w
[_w t̪ ɔ tʃ n̪ ɔ ]_w
[_w p ɔ v r s̪ a n̪ a ]_w
[_w p a ɡ ]_w
[_w r ɛ v i z̪ i j a ]_w
[_w ɔ b v a ɟ a ]_w
[_w p r v a ]_w
[_w b a r ɛ m ]_w
[_w m ɔ ʒ ɛ b i ]_w
[_w v a ʒ i ɔ t̪ ]_w
[_w n̪ ɔ f i ɔ t̪ ]_w
[_w d̪ r u d̪ ɔ v i ]_w
[_w d̪ r ɛ b a ]_w
[_w i t̪ a l i ]_w
[_w k ɔ z̪ ɡ a r ]_w
[_w v ɔ j n̪ a ]_w
[_w p a ɫ̪ a d̪ ]_w
[_w x a tʃ i ]_w
[_w tʃ i i ]_w
[_w s̪ ɛ k a ]_w
[_w r a ɟ a ]_w
[_w p r a n̪ ]_w
[_w n̪ a m ɛ d̪ ɔ ]_w
[_w tʃ ɔ v ɛ ɡ ɔ v i ]_w
[_w ɡ l i m a ]_w
[_w ʃ i r i n̪ a ]_w
[_w f ɔ ɡ ɫ̪ a z̪ a r ]_w
[_w t̪ ɛ ɡ a ]_w
[_w t̪ u r s̪ k i ]_w
[_w z̪ ɛ r i i ]_w
[_w s̪ ɛ m a a d̪ ]_w
[_w r i m ]_w
[_w ɔ s̪ t̪ a l i ]_w
[_w d̪ ɛ n̪ ɛ s̪ ]_w
[_w ɔ r ɡ a n̪ i ]_w
[_w d̪ i m i t̪ a r ]_w
[_w m a ʃ k a ]_w
[_w b ɔ r a z̪ ]_w
[_w s̪ p i r a a t̪ ]_w
[_w m u z̪ i ɡ a ]_w
[_w m i n̪ u v a ]_w
[_w n̪ a b i ʃ a n̪ ]_w
[_w d̪ ɔ n̪ ɛ z̪ u v a ]_w
[_w j u v ɛ n̪ d̪ u s̪ ]_w
[_w k ɔ s̪ k i ]_w
[_w k r u s̪ i j a ]_w
[_w ɛ ɡ i p i ]_w
[_w n̪ i z̪ ]_w
[_w i s̪ t̪ ɔ ɡ ]_w
[_w r a ts̪ ɛ t̪ ɛ ]_w
[_w d̪ a l i ]_w
[_w b ɔ s̪ a t̪ i n̪ a ]_w
[_w ts̪ ɛ n̪ a t̪ a ]_w
[_w ts̪ ɛ ɫ̪ ɔ t̪ ɔ v i ]_w
[_w ɡ u c a t̪ a ]_w
[_w p ɔ l i t̪ i ɡ a ]_w
[_w j u l i ]_w
[_w ts̪ r v ɛ n̪ a ]_w
[_w k r u ɡ ɔ v i ]_w
[_w l ɛ r i n̪ ]_w
[_w ɛ t̪ ɛ n̪ ]_w
[_w ɔ v a a ]_w
[_w v a ʃ n̪ a ]_w
[_w t̪ r ɛ b a n̪ ]_w
[_w d̪ v i ʃ a t̪ ]_w
[_w d̪ ɔ t̪ a k a ]_w
[_w ɫ̪ a j p ts̪ i ɡ ]_w
[_w m r ɛ ʒ i m ]_w
[_w d̪ u r n̪ i ]_w
[_w b ɔ tʃ i n̪ a ɫ̪ a ]_w
[_w m a l i t̪ ɛ r ]_w
[_w n̪ a z̪ ɛ ɫ̪ b a ]_w
[_w ʒ i t̪ ɛ ]_w
[_w ɔ b i tʃ a i ]_w
[_w p ɔ s̪ l ɛ d̪ n̪ a ]_w
[_w ts̪ ɛ ɫ̪ ɔ s̪ ɛ n̪ ]_w
[_w b ɔ s̪ t̪ a v ɔ d̪ ]_w
[_w ɫ̪ ɔ ɡ i k a d̪ a ]_w
[_w v i s̪ i k ɔ d̪ ]_w
[_w ɡ ɔ r i z̪ d̪ ɔ ]_w
[_w ɛ k i b i ]_w
[_w r a s̪ p ɛ r ɛ ]_w
[_w t̪ r ʒ a n̪ ]_w
[_w r ɔ m a n̪ ɔ t̪ ]_w
[_w p r a s̪ i ɫ̪ ]_w
[_w ɔ d̪ n̪ a ]_w
[_w m ɛ k s̪ i ɡ ɔ ]_w
[_w j a z̪ i k ɔ t̪ ]_w
[_w k r ɔ p ɔ v i k ]_w
[_w d̪ ɛ ɫ̪ ɔ d̪ ɔ v i ]_w
[_w ɫ̪ ɔ ɡ a ]_w
[_w n̪ a z̪ d̪ a v a ]_w
[_w f ɫ̪ a t̪ ɛ ɛ ]_w
[_w k ɫ̪ a v a t̪ a ]_w
[_w m a z̪ a t̪ ]_w
[_w p ɔ b ɛ t̪ a d̪ ]_w
[_w b d̪ b ]_w
[_w n̪ a p a t̪ i ]_w
[_w z̪ a p ɛ d̪ a n̪ ]_w
[_w p ɛ d̪ r ɔ v ]_w
[_w v a n̪ ]_w
[_w dz̪ v ɛ z̪ d̪ ]_w
[_w k ɔ t̪ l i n̪ a ]_w
[_w p ɔ p ɫ̪ a d̪ a ]_w
[_w p ɔ s̪ t̪ i ]_w
[_w b i j a ]_w
[_w p ɔ r p i ]_w
[_w u a p s̪ ɛ n̪ ]_w
[_w s̪ l ɛ d̪ n̪ a ]_w
[_w r a s̪ l i tʃ n̪ a ]_w
[_w t̪ ɛ v ɛ d̪ ]_w
[_w p r a f a t̪ ]_w
[_w i d̪ a l i ]_w
[_w n̪ a j m a ɫ̪ ɡ u ]_w
[_w p u d̪ i n̪ ]_w
[_w n̪ a z̪ ]_w
[_w p a b a t̪ ɔ t̪ ]_w
[_w n̪ ɛ k ɔ ɫ̪ ]_w
[_w ts̪ r n̪ a ]_w
[_w p i z̪ a t̪ ɛ ɫ̪ ]_w
[_w r ɔ m a n̪ ]_w
[_w ɡ i s̪ ɛ l i l ɛ ]_w
[_w p r ɔ ɡ r a m i ]_w
[_w ɛ r b ]_w
[_w s̪ ɫ̪ ɔ v ]_w
[_w b r u s̪ i j a ]_w
[_w b ɔ j a v a d̪ a ]_w
[_w ɡ ɫ̪ u b ɔ v i ]_w
[_w p ɫ̪ a ʒ ɛ ]_w
[_w p ɔ tʃ n̪ a a ]_w
[_w r a v a t̪ a ]_w
[_w m ɛ n̪ u v a ]_w
[_w b a n̪ k a ]_w
[_w t̪ ɛ n̪ ɛ ʃ n̪ ɔ ]_w
[_w j a v ɛ n̪ ]_w
[_w r u s̪ k i ɔ d̪ ]_w
[_w b ɔ d̪ ɔ ts̪ n̪ a ]_w
[_w d̪ ɛ n̪ ɛ ʃ n̪ a ]_w
[_w b ɔ s̪ t̪ i k n̪ ɛ ]_w
[_w s̪ ɔ s̪ t̪ ɔ j p a ]_w
[_w ɡ r tʃ k a ]_w
[_w r ɛ ɡ ɔ t̪ i n̪ a ]_w
[_w t̪ u x ɔ d̪ ]_w
[_w v a r i ]_w
[_w p ɔ l ɛ s̪ t̪ ]_w
[_w n̪ ɛ k ɔ i ]_w
[_w v ɛ l i k a ]_w
[_w s̪ t̪ r u k a ]_w
[_w p ɔ z̪ n̪ a t̪ ]_w
[_w ɔ t̪ n̪ a ]_w
[_w n̪ ɛ k ɔ ]_w
[_w ɡ a p ɛ t̪ ]_w
[_w ɡ ɔ s̪ k i ]_w
[_w k a n̪ u ]_w
[_w k ɔ ɫ̪ ]_w
[_w ɡ i n̪ ɛ z̪ ɡ i ]_w
[_w s̪ p r ɔ d̪ a v a ]_w
[_w v t̪ ɔ r n̪ ɔ ]_w
[_w s̪ ɔ n̪ a ]_w
[_w s̪ ɛ m a ]_w
[_w ʃ a m p i ɔ n̪ i ]_w
[_w ɔ t̪ k r i ɫ̪ ]_w
[_w p r i p a ]_w
[_w m i s̪ l ɛ ɡ u ]_w
[_w ɡ ɛ t̪ r i n̪ ]_w
[_w ts̪ i d̪ i r a a t̪ ]_w
[_w k i n̪ ɛ s̪ k i ]_w
[_w ɡ r a i ʃ t̪ a ]_w
[_w d̪ ɔ l i n̪ a ]_w
[_w p r ɔ t̪ ɛ n̪ ]_w
[_w a t̪ i n̪ a ]_w
[_w ɡ ɔ m i s̪ i j a ]_w
[_w v r z̪ ɡ a t̪ a ]_w
[_w t̪ a t̪ u m ]_w
[_w p ɔ s̪ t̪ a n̪ a z̪ ]_w
[_w b r i l ɛ b ]_w
[_w n̪ a b r ɛ d̪ ]_w
[_w z̪ b ɔ r ɔ v i ]_w
[_w t̪ ɔ d̪ a k a ]_w
[_w n̪ ɔ z̪ i ]_w
[_w ts̪ r k v i ]_w
[_w k n̪ i k a k ɔ v ]_w
[_w t̪ v i ʃ a t̪ ]_w
[_w k a s̪ ɔ v n̪ ɔ ]_w
[_w s̪ u t̪ i r ]_w
[_w t̪ r u ɡ ɔ ]_w
[_w b i t̪ k a t̪ a ]_w
[_w r ɛ ʃ ɛ n̪ i ]_w
[_w v ɛ k ɔ v i ɔ t̪ ]_w
[_w d̪ r ɛ v a ]_w
[_w d̪ r ɛ n̪ ɛ r ]_w
[_w m ɔ s̪ ɔ k ɔ ]_w
[_w t̪ ɛ m ɛ l i d̪ ]_w
[_w d̪ ɛ ts̪ ɛ n̪ i i ]_w
[_w m ɛ d̪ a ]_w
[_w s̪ r ts̪ ɛ ]_w
[_w m ɔ ʒ ɛ ʃ ɛ ]_w
[_w ts̪ ɛ ɫ̪ ɔ z̪ d̪ ]_w
[_w d̪ u r i s̪ t̪ i ]_w
[_w s̪ ɛ l ɛ ]_w
[_w d̪ r u ɡ i ]_w
[_w v l ɛ z̪ ɛ ]_w
[_w l ɛ ʒ i ]_w
[_w f i z̪ ɔ k ]_w
[_w n̪ a p a t̪ i t̪ ɛ ]_w
[_w i z̪ d̪ a n̪ ɔ k ]_w
[_w p ɔ d̪ ɔ b a ]_w
[_w ɡ r a d̪ a d̪ ]_w
[_w i z̪ d̪ ɔ v ]_w
[_w p ɔ tʃ n̪ ɛ ]_w
[_w v ɔ r m a ]_w
[_w d̪ ɔ p l i n̪ a ]_w
[_w s̪ ɫ̪ u ʒ i ]_w
[_w d̪ ɛ ɡ a ]_w
[_w ɔ z̪ v ɔ ɫ̪ a ]_w
[_w m a j k ɫ̪ ]_w
[_w p ɔ r a s̪ ]_w
[_w k ɫ̪ a z̪ i ]_w
[_w p ɔ r p i d̪ ɛ ɫ̪ ]_w
[_w k u ɟ a t̪ a ]_w
[_w s̪ a n̪ t̪ a r ]_w
[_w p r z̪ d̪ ɛ n̪ i ]_w
[_w p r a v ɔ v ]_w
[_w d̪ i t̪ ɔ ]_w
[_w b d̪ i ts̪ a ]_w
[_w m a d̪ r i d̪ ɛ ]_w
[_w s̪ a ɛ t̪ n̪ i ɔ d̪ ]_w
[_w i n̪ t̪ ɛ r n̪ i ]_w
[_w n̪ a r ɛ tʃ ɛ n̪ a ]_w
[_w d̪ ɔ b a r ]_w
[_w r a n̪ ɡ ]_w
[_w a ɛ r ɔ t̪ ɔ ]_w
[_w m ɛ ʃ a v a d̪ a ]_w
[_w tʃ a m i j a ]_w
[_w ʃ ɔ u t̪ ɔ ]_w
[_w s̪ k ɔ l ɛ m a ]_w
[_w s̪ t̪ r a v j ɛ ]_w
[_w ɔ v ɔ s̪ m ɔ ʒ i ]_w
[_w k l ɛ t̪ k a ]_w
[_w z̪ ɛ s̪ ɔ n̪ a ]_w
[_w x a r d̪ i j a ]_w
[_w m ɛ z̪ d̪ ɛ n̪ i ]_w
[_w b ɔ v r s̪ a n̪ ]_w
[_w v k ɫ̪ u tʃ ɛ n̪ i ]_w
[_w ɔ s̪ n̪ ɔ v n̪ a ]_w
[_w p ɛ k i n̪ k ]_w
[_w m a ɫ̪ a ]_w
[_w t̪ i r ɛ k t̪ n̪ ɔ ]_w
[_w t̪ ɔ t̪ ɛ ɫ̪ a ]_w
[_w z̪ ɔ p i r a ]_w
[_w ʃ ɔ ɫ̪ t̪ a ]_w
[_w p r ɔ ɛ k t̪ i ]_w
[_w s̪ a b ɔ tʃ n̪ ɛ ]_w
[_w p a n̪ ɡ i ]_w
[_w z̪ a n̪ d̪ a t̪ ]_w
[_w ɛ t̪ i k a ]_w
[_w a f i ɔ n̪ i ]_w
[_w ɫ̪ ɔ ɡ a ts̪ i j a ]_w
[_w n̪ a m ɛ r a ]_w
[_w ɡ a n̪ u ]_w
[_w t̪ ɔ b r a n̪ ]_w
[_w tʃ a z̪ ]_w
[_w p ɔ ɡ ɔ l ɛ m ]_w
[_w u tʃ i l i ʒ d̪ a ]_w
[_w ʒ ɔ ɫ̪ t̪ a ]_w
[_w s̪ t̪ a n̪ a z̪ ]_w
[_w p a d̪ ɔ d̪ ]_w
[_w a v t̪ ɔ r i j a ]_w
[_w k a n̪ a ɫ̪ ]_w
[_w t̪ ɔ ɫ̪ k ɔ ]_w
[_w p ɛ r i ɔ d̪ ]_w
[_w n̪ a j d̪ ɔ b a ]_w
[_w b a z̪ i r a n̪ ]_w
[_w t̪ r ɛ t̪ i t̪ i ]_w
[_w s̪ ɔ n̪ ts̪ ɛ r t̪ i ]_w
[_w b r a s̪ n̪ i ]_w
[_w n̪ ɛ ɡ ɔ j ]_w
[_w b ɔ b ɛ t̪ a r ]_w
[_w r a p ɔ t̪ i ]_w
[_w z̪ ɔ j u s̪ ɔ d̪ ]_w
[_w j a s̪ i ts̪ i t̪ ɛ ]_w
[_w b ɔ r b a ]_w
[_w ɛ m i s̪ i j a ]_w
[_w p ɔ r i t̪ a ]_w
[_w n̪ a v ɔ d̪ ]_w
[_w u d̪ a r i ɔ t̪ ]_w
[_w s̪ ɔ z̪ ɛ m a ]_w
[_w d̪ i ɔ t̪ ]_w
[_w n̪ i ɡ a ]_w
[_w p ɔ d̪ ɛ k a ]_w
[_w ɔ s̪ n̪ ɔ v a ɲ ɛ ]_w
[_w p r ɔ j k a ]_w
[_w v i v a ]_w
[_w ʒ i v ɛ ɛ ɲ ɛ ]_w
[_w r a n̪ k ɔ ]_w
[_w ɔ d̪ ɡ r i ɛ n̪ ]_w
[_w d̪ a t̪ k ɔ ]_w
[_w p ɔ m ɛ n̪ t̪ ɔ v ]_w
[_w j a t̪ ɛ ɲ ɛ ]_w
[_w r ɔ k ]_w
[_w n̪ a t̪ ɛ v a m ]_w
[_w t̪ ɛ n̪ ɔ ]_w
[_w s̪ ɫ̪ a t̪ ]_w
[_w k n̪ i k a ɡ v a ]_w
[_w p i t̪ k a d̪ a ]_w
[_w s̪ n̪ a tʃ ɛ n̪ ]_w
[_w p ɔ v r s̪ a n̪ ɔ ]_w
[_w ɡ ɔ s̪ t̪ i ]_w
[_w ɔ k r ɔ m n̪ ɔ ]_w
[_w v i k i l i k s̪ ]_w
[_w v ɛ l ɛ ]_w
[_w k ɔ r ɛ n̪ i ]_w
[_w t̪ ɔ v ɛ d̪ s̪ k ɔ ]_w
[_w k u r s̪ ]_w
[_w b ɔ ɡ l ɛ t̪ ]_w
[_w j a j ts̪ ɛ ]_w
[_w k a n̪ t̪ i tʃ k i ]_w
[_w d̪ ɛ n̪ ɛ z̪ ]_w
[_w s̪ ɛ m j a t̪ a ]_w
[_w p a r a ɲ ɛ t̪ ɔ ]_w
[_w ɔ d̪ p ɔ r ]_w
[_w i t̪ ɛ i t̪ ɛ ]_w
[_w b r a k t̪ i k i ]_w
[_w v i d̪ i m ɛ n̪ i ]_w
[_w b ɔ t̪ ɔ ]_w
[_w s̪ t̪ r a v ]_w
[_w b a n̪ k i ]_w
[_w p ɛ d̪ ]_w
[_w n̪ ɔ v ]_w
[_w p ɔ tʃ n̪ a l ɛ ]_w
[_w p r i tʃ i n̪ a ]_w
[_w ɔ d̪ r ʃ u v a ]_w
[_w x a r t̪ i i ]_w
[_w p r ɔ v ɛ z̪ ɔ r ]_w
[_w z̪ a p a v a ]_w
[_w s̪ a v r ʒ i ɫ̪ ]_w
[_w d̪ ɔ ɫ̪ k i ]_w
[_w b r i s̪ t̪ ɔ ]_w
[_w r a n̪ a d̪ ]_w
[_w r a s̪ v i ɡ ɔ r ]_w
[_w s̪ ɛ d̪ i ʃ t̪ a ]_w
[_w ɔ z̪ d̪ a n̪ ɔ ts̪ i ]_w
[_w p ɔ s̪ t̪ a v ɛ n̪ ]_w
[_w t̪ ɔ ɫ̪ k a ]_w
[_w ɡ ɛ d̪ r i ]_w
[_w z̪ a m ɛ n̪ a ]_w
[_w l i k ɔ d̪ ]_w
[_w m a r i ɔ d̪ i ]_w
[_w k ɔ v ɔ r i ]_w
[_w p ɛ s̪ n̪ i ]_w
[_w ɔ s̪ t̪ a d̪ a ]_w
[_w t̪ a v a ]_w
[_w d̪ i s̪ n̪ i z̪ ɔ d̪ ]_w
[_w p r ɔ i s̪ v ɔ r ]_w
[_w ɫ̪ ɔ k i ]_w
[_w v i n̪ a n̪ s̪ i i ]_w
[_w a r m i j a t̪ a ]_w
[_w a k ɛ n̪ ts̪ i j a ]_w
[_w s̪ n̪ a tʃ ɛ ɲ ɛ ]_w
[_w p a v l ɛ ]_w
[_w a v k u s̪ ]_w
[_w ɫ̪ ɔ v ]_w
[_w r ɔ t̪ i t̪ ɛ ]_w
[_w ʃ a n̪ r ɔ v i ]_w
[_w ɛ v ɛ k t̪ i ]_w
[_w s̪ v ɔ ɛ t̪ ɔ ]_w
[_w p ɔ t̪ r ʒ a t̪ ]_w
[_w m ɛ d̪ r i ]_w
[_w z̪ r ɛ c a ]_w
[_w v r s̪ k a ]_w
[_w n̪ a z̪ ɛ l ɛ n̪ i ]_w
[_w s̪ v ɛ t̪ u v a ]_w
[_w u s̪ t̪ a v i ]_w
[_w ɡ l ɛ d̪ i ]_w
[_w k ɫ̪ a s̪ ɔ d̪ ]_w
[_w s̪ ɛ s̪ ɔ n̪ i ]_w
[_w p ɔ v ɛ ɟ ɛ ]_w
[_w k ɔ m i z̪ i j a ]_w
[_w s̪ n̪ a ɛ ɲ a ]_w
[_w s̪ i r ɛ ɲ ɛ ]_w
[_w z̪ l i k a ]_w
[_w u p ɔ t̪ ]_w
[_w r a ts̪ ɛ ]_w
[_w s̪ v ɛ d̪ s̪ k i ]_w
[_w ɔ t̪ r ɛ t̪ i ɔ t̪ ]_w
[_w t̪ ɔ p r a ]_w
[_w m ɫ̪ a t̪ ]_w
[_w n̪ ɔ s̪ i ]_w
[_w b ɔ ɡ a t̪ ɔ ]_w
[_w n̪ a u k a ]_w
[_w b ɔ s̪ ɛ t̪ u v a ]_w
[_w p ɔ r b i ]_w
[_w ɡ ɔ m i t̪ ɛ ]_w
[_w r ɛ ʃ i ɫ̪ ]_w
[_w ɔ s̪ n̪ ɔ v n̪ i ]_w
[_w ɛ t̪ n̪ ɔ s̪ n̪ ɔ ]_w
[_w m ɔ j a t̪ ]_w
[_w p ɛ t̪ r ɔ v i ]_w
[_w p ɔ l ɛ d̪ ɔ ]_w
[_w v ɫ̪ a t̪ a ]_w
[_w d̪ u ʒ a ]_w
[_w i z̪ b ɔ r ɔ t̪ ]_w
[_w m i r ɔ t̪ ]_w
[_w p r ɔ z̪ d̪ ɔ ɫ̪ ]_w
[_w p ɔ n̪ a t̪ a ]_w
[_w d̪ r ɛ n̪ d̪ ]_w
[_w u s̪ p ɛ x ]_w
[_w s̪ t̪ r ɔ v ɔ t̪ ]_w
[_w d̪ a t̪ ɛ ]_w
[_w n̪ ɔ s̪ a d̪ ]_w
[_w z̪ m ɛ t̪ a a t̪ ]_w
[_w i s̪ k l ɛ t̪ i ]_w
[_w s̪ ɛ p ɛ ]_w
[_w n̪ a z̪ d̪ a ]_w
[_w r ɛ t̪ ɔ t̪ ]_w
[_w p r ɛ d̪ ɛ n̪ ]_w
[_w f ɔ d̪ a ]_w
[_w d̪ ɛ k ]_w
[_w t̪ ɛ k s̪ a z̪ ]_w
[_w s̪ ɛ ɫ̪ a n̪ t̪ ]_w
[_w t̪ r a k a d̪ a ]_w
[_w tʃ ɛ t̪ i r i t̪ ɛ ]_w
[_w ɔ b i d̪ ɛ j c i ]_w
[_w p u k a ]_w
[_w s̪ p ɔ ɡ ɔ d̪ b a ]_w
[_w t̪ ɛ s̪ n̪ ɔ s̪ t̪ ]_w
[_w s̪ t̪ a n̪ ɔ t̪ ]_w
[_w n̪ ɔ z̪ i t̪ ɛ ]_w
[_w d̪ ɔ ʒ i v u v a ]_w
[_w m u s̪ ɛ j ɔ d̪ ]_w
[_w ɡ a r i ɛ r a ]_w
[_w a n̪ ɡ l i z̪ ɡ i ]_w
[_w k v a l i t̪ ɛ ]_w
[_w s̪ r ɛ c a ]_w
[_w z̪ r ɛ d̪ n̪ ɔ t̪ ɔ ]_w
[_w d̪ a j n̪ ɔ d̪ ]_w
[_w b r ɛ s̪ ɛ m ɛ ]_w
[_w k ɔ k ɔ ]_w
[_w k a m ɛ n̪ i ]_w
[_w p r ɛ k l ɛ t̪ ]_w
[_w d̪ ɔ ɫ̪ k ɔ ]_w
[_w ts̪ ɛ ɫ̪ ɔ z̪ ɛ n̪ ]_w
[_w ʃ a n̪ s̪ a ]_w
[_w v ɫ̪ a s̪ t̪ a ]_w
[_w f ɛ ʃ p i ]_w
[_w i s̪ r a z̪ u v a ]_w
[_w s̪ ɔ s̪ t̪ a p k a ]_w
[_w r a z̪ ɡ a z̪ i ]_w
[_w f ɔ ɛ t̪ ɔ ]_w
[_w d̪ ɔ b i v a a t̪ ]_w
[_w m ɔ ʃ ɛ b i ]_w
[_w ɔ t̪ i ʃ ɛ n̪ ]_w
[_w ɛ v ɛ k t̪ ]_w
[_w d̪ r ɛ d̪ ]_w
[_w s̪ a n̪ i m a ɲ ɛ ]_w
[_w d̪ u ɡ u ]_w
[_w m ɛ n̪ ɛ t̪ i ]_w
[_w z̪ a p a t̪ n̪ a ]_w
[_w ɔ z̪ d̪ a ]_w
[_w r i m s̪ k a ]_w
[_w r ɛ tʃ i ]_w
[_w i s̪ r a z̪ i ]_w
[_w b i t̪ ɔ ɫ̪ a ]_w
[_w k i z̪ ɛ l i l ɛ ]_w
[_w s̪ ɛ d̪ ɔ ]_w
[_w ɔ t̪ ɛ ɲ ɛ ]_w
[_w t̪ n̪ ɛ v n̪ ɔ ]_w
[_w d̪ r u ɡ i t̪ ɛ ]_w
[_w ʃ t̪ ɔ m ]_w
[_w v ɛ r s̪ i j a ]_w
[_w ɔ s̪ t̪ a r ]_w
[_w ɟ ɛ r k a d̪ a ]_w
[_w u s̪ p ɛ v a ]_w
[_w ɡ ɔ m ɛ n̪ d̪ ]_w
[_w s̪ ɛ m j i ʃ t̪ ɛ ]_w
[_w b r ɔ s̪ ɫ̪ a f a ]_w
[_w ɫ̪ u c ɛ ]_w
[_w v ɛ v r u a r i ]_w
[_w i m a ɫ̪ ɔ ]_w
[_w n̪ ɛ t̪ ɛ l i ]_w
[_w v t̪ ɔ r i ]_w
[_w v d̪ ɔ r i ɔ t̪ i ]_w
[_w b r i r ɔ t̪ ]_w
[_w p r i s̪ u d̪ n̪ i ]_w
[_w b r ɛ k u ]_w
[_w i m a ʒ ]_w
[_w m ɛ z̪ d̪ ɔ ]_w
[_w z̪ r p s̪ k i ]_w
[_w s̪ ɫ̪ ɔ ɛ f i ]_w
[_w z̪ a t̪ ɔ a ]_w
[_w d̪ a l ɛ ]_w
[_w s̪ a p a t̪ ]_w
[_w v a ɫ̪ u t̪ a ]_w
[_w ɔ b j a v i ]_w
[_w i s̪ t̪ ɔ v ]_w
[_w b ɔ n̪ u d̪ i ]_w
[_w s̪ f ɛ t̪ s̪ k i ]_w
[_w m ɔ j a t̪ a ]_w
[_w ɔ t̪ r ʒ a n̪ i ]_w
[_w v u d̪ b a ɫ̪ ]_w
[_w d̪ ɛ b ɛ n̪ i ]_w
[_w ʃ i r ɔ k a ]_w
[_w j a d̪ ɛ ɲ a ]_w
[_w t̪ ɔ s̪ ɛ k a ]_w
[_w p u k a r s̪ k a ]_w
[_w n̪ a z̪ ɛ k a ]_w
[_w k ɔ ʃ a ]_w
[_w n̪ a z̪ ɛ l ɛ n̪ a ]_w
[_w ɔ d̪ r ʃ a v a ]_w
[_w ɛ ɫ̪ b a t̪ a ]_w
[_w ɛ s̪ ɛ r a ]_w
[_w d̪ r u k ]_w
[_w s̪ i d̪ ɛ ]_w
[_w ts̪ ɛ n̪ i i ]_w
[_w b ɛ s̪ n̪ a t̪ a ]_w
[_w n̪ i ɡ ɔ k a ]_w
[_w r a s̪ v ɔ j ]_w
[_w ts̪ r k v i d̪ ɛ ]_w
[_w n̪ ɛ ɡ ɔ ]_w
[_w ɛ b i s̪ ɔ d̪ a ]_w
[_w k r v ]_w
[_w r u z̪ ɡ a d̪ a ]_w
[_w p ɛ r i ɔ s̪ n̪ i ]_w
[_w u m ɛ t̪ n̪ i k ]_w
[_w v i t̪ ɔ v i t̪ ɛ ]_w
[_w ts̪ r v ɛ n̪ a d̪ a ]_w
[_w s̪ ɛ d̪ a ]_w
[_w n̪ a ʃ a d̪ a ]_w
[_w s̪ ɔ n̪ ts̪ ɛ b d̪ ]_w
[_w m a ɫ̪ ɔ ]_w
[_w a r z̪ ɔ v ]_w
[_w r i z̪ i k a t̪ a ]_w
[_w p ɔ n̪ u d̪ a d̪ ]_w
[_w a ɫ̪ a t̪ a ]_w
[_w ʃ ɛ m a ]_w
[_w i s̪ t̪ a p k i ]_w
[_w b ɔ j a v i ]_w
[_w f ɔ t̪ ɛ n̪ a ]_w
[_w t̪ m ɔ r ]_w
[_w z̪ u t̪ ]_w
[_w n̪ a u ɡ i t̪ ɛ ]_w
[_w b ɛ t̪ː ɛ ]_w
[_w u m ɔ t̪ ]_w
[_w n̪ ɛ ɡ ɔ v ɔ r ]_w
[_w s̪ t̪ r a n̪ i ]_w
[_w ɔ d̪ n̪ ɔ ]_w
[_w p ɔ v ɔ d̪ ]_w
[_w s̪ a m i ɔ d̪ ]_w
[_w s̪ a b i ]_w
[_w p r ɛ m a ]_w
[_w t̪ ɔ p i v a a t̪ ]_w
[_w r ɛ ʃ i m ]_w
[_w d̪ r ɛ d̪ ɛ n̪ ]_w
[_w u z̪ ɫ̪ ɔ v i ]_w
[_w m ɫ̪ a d̪ i ]_w
[_w p a z̪ i r a ]_w
[_w ɔ d̪ ɡ a ʒ ɛ ]_w
[_w f i r ɛ n̪ ts̪ a ]_w
[_w a ɫ̪ b a n̪ s̪ k i ]_w
[_w p ɔ t̪ r a tʃ j a ]_w
[_w r u z̪ ɡ i ɔ d̪ ]_w
[_w n̪ i s̪ k ɔ ]_w
[_w u l i ts̪ i j a ]_w
[_w v k u b n̪ ɔ t̪ ɔ ]_w
[_w s̪ l ɛ t̪ n̪ i d̪ ɛ ]_w
[_w s̪ ts̪ ɛ n̪ i i ]_w
[_w s̪ v ɛ t̪ s̪ k ɔ ]_w
[_w s̪ a m a ]_w
[_w ʒ i v ɛ ɛ l ɛ ]_w
[_w ʃ u m a ]_w
[_w k n̪ i k a k ɔ ]_w
[_w v ɔ ɛ n̪ ɔ ]_w
[_w t̪ v i ʃ a d̪ ]_w
[_w s̪ v ɔ j ɔ t̪ ]_w
[_w p u k a r i j a ]_w
[_w m ɔ ʃ ɛ ʃ ɛ ]_w
[_w n̪ a j t̪ ɔ b r ɔ ]_w
[_w r a ts̪ ɛ d̪ ɛ ]_w
[_w u r ɛ d̪ n̪ a t̪ ]_w
[_w u a p s̪ ɛ n̪ i ]_w
[_w r a ɟ a ɲ ɛ t̪ ɔ ]_w
[_w s̪ r ɛ d̪ n̪ a ]_w
[_w v ɔ d̪ ɛ n̪ a ]_w
[_w s̪ p ɔ r d̪ ɔ v i ]_w
[_w p ɫ̪ a n̪ i ]_w
[_w p a r d̪ n̪ ɛ r ]_w
[_w m a j a n̪ a ]_w
[_w v a ʃ n̪ ɔ ]_w
[_w b r i r ɔ t̪ a ]_w
[_w s̪ ɛ ɫ̪ ɔ d̪ ɔ ]_w
[_w p ɔ z̪ d̪ i v a ɫ̪ ]_w
[_w s̪ a k a ʃ ɛ ]_w
[_w b l i z̪ ɡ i ]_w
[_w s̪ i m a d̪ a ]_w
[_w i s̪ ɫ̪ ɔ ʃ p a ]_w
[_w m r a s̪ ]_w
[_w ʃ t̪ ɛ d̪ a l ɛ n̪ ]_w
[_w f ɛ z̪ d̪ ]_w
[_w r a c a t̪ a ]_w
[_w p ɔ ɡ r a m i ]_w
[_w k a z̪ ]_w
[_w s̪ː s̪ r ]_w
[_w i k r a ɫ̪ ]_w
[_w m i ɫ̪ a n̪ ]_w
[_w z̪ ɛ ɡ a ]_w
[_w n̪ a s̪ a t̪ a tʃ a ]_w
[_w v ɛ s̪ n̪ i t̪ ɛ ]_w
[_w t̪ r u ɡ ]_w
[_w s̪ m ɛ d̪ a l i n̪ ]_w
[_w z̪ ɛ k ɔ i ]_w
[_w k ɛ j p ]_w
[_w s̪ t̪ a t̪ a ]_w
[_w v i r ɛ n̪ ts̪ a ]_w
[_w b ɔ tʃ n̪ a a ]_w
[_w s̪ t̪ u t̪ i i d̪ ɛ ]_w
[_w p ɔ ɛ m a ]_w
[_w ɔ s̪ t̪ a f ]_w
[_w ɛ d̪ n̪ i ɔ t̪ ]_w
[_w f r ʒ i ɫ̪ ]_w
[_w n̪ a z̪ d̪ a v i ]_w
[_w s̪ p i ɛ ɲ ɛ d̪ ɔ ]_w
[_w f ɔ n̪ d̪ ]_w
[_w j u ʒ n̪ a ]_w
[_w ɔ tʃ i d̪ ]_w
[_w p r ɔ d̪ ɛ n̪ ]_w
[_w p ɔ r a n̪ ɔ ]_w
[_w p r s̪ ]_w
[_w s̪ a l i v ɔ d̪ ]_w
[_w t̪ r ɔ ʃ ɔ ts̪ i ]_w
[_w p r a s̪ n̪ i ts̪ i ]_w
[_w ʒ b a n̪ i j a ]_w
[_w n̪ a d̪ ɔ ɫ̪ u ]_w
[_w ɛ k i p a t̪ a ]_w
[_w m ɔ m ɛ n̪ i ɡ ]_w
[_w r ɔ d̪ n̪ a ]_w
[_w s̪ n̪ i m ɛ n̪ ɔ ]_w
[_w b ɔ r a k i ]_w
[_w v i z̪ i j a ]_w
[_w l ɛ v a t̪ a ]_w
[_w l i k a t̪ a ]_w
[_w b ɔ p ɫ̪ a s̪ t̪ ]_w
[_w ɔ r u ʒ j ɛ ]_w
[_w b ɔ m ɔ ɡ n̪ a ]_w
[_w d̪ r u k a ]_w
[_w t̪ ɔ s̪ n̪ a ]_w
[_w n̪ ɛ k ɔ v ɔ r ]_w
[_w j a z̪ i k ɔ d̪ ]_w
[_w d̪ v ɔ r a ]_w
[_w k r tʃ k i ]_w
[_w a n̪ t̪ ɔ n̪ i ]_w
[_w s̪ a v i s̪ n̪ ɔ ]_w
[_w p ɔ ɡ r a j n̪ a ]_w
[_w z̪ ɛ d̪ i ʃ t̪ ɛ ]_w
[_w ɔ s̪ t̪ a n̪ i ɛ ɫ̪ ]_w
[_w n̪ i v n̪ a ]_w
[_w s̪ l ɛ d̪ n̪ i ts̪ i ]_w
[_w ɔ v i ɛ ]_w
[_w r u s̪ i j a ]_w
[_w d̪ r ʃ a v i ]_w
[_w tʃ i ɛ ]_w
[_w n̪ ɛ k ɔ f ɔ t̪ ɔ ]_w
[_w s̪ t̪ u d̪ i ɔ ]_w
[_w f a k t̪ ɔ t̪ ]_w
[_w ɔ s̪ t̪ a n̪ ɔ ts̪ i ]_w
[_w i s̪ t̪ i ]_w
[_w n̪ a m ɛ r n̪ ɔ ]_w
[_w f ɔ j z̪ ɡ i ]_w
[_w t̪ ɔ s̪ ɛ k a d̪ a ]_w
[_w s̪ ɛ b a k ]_w
[_w d̪ i t̪ u l i ]_w
[_w a z̪ b ɛ k t̪ i ]_w
[_w s̪ t̪ a n̪ a d̪ ]_w
[_w ʒ ɛ n̪ s̪ k a ]_w
[_w s̪ i ɫ̪ n̪ a ]_w
[_w v ɛ z̪ n̪ i ts̪ i ]_w
[_w ɔ s̪ v ɔ i ]_w
[_w z̪ a k ɫ̪ u tʃ ]_w
[_w u d̪ a r i ]_w
[_w z̪ ɔ n̪ i ]_w
[_w n̪ ɔ s̪ i t̪ ɛ ]_w
[_w m ɔ r a a d̪ ]_w
[_w d̪ ɔ j d̪ ɛ ]_w
[_w n̪ i v n̪ i t̪ ɛ ]_w
[_w i s̪ v ɔ d̪ ]_w
[_w ɛ d̪ a p a ]_w
[_w d̪ i s̪ a j n̪ ɔ ]_w
[_w d̪ v ɔ r ɔ t̪ ]_w
[_w m ɔ m ɛ n̪ ]_w
[_w t̪ u ʒ a ]_w
[_w t̪ ɔ tʃ k a ]_w
[_w j a t̪ r ɔ ]_w
[_w p ɔ s̪ ɛ p ɛ s̪ i ]_w
[_w a s̪ p ɛ k t̪ i ]_w
[_w b u ɡ v i ]_w
[_w r a s̪ t̪ ]_w
[_w i m ɛ n̪ t̪ i ]_w
[_w z̪ l ɛ t̪ n̪ i ɔ d̪ ]_w
[_w p r i l ɛ p ]_w
[_w a ɫ̪ b a n̪ i j a ]_w
[_w z̪ d̪ r ɔ v ]_w
[_w s̪ m r d̪ ]_w
[_w d̪ ɔ b i v a ]_w
[_w p ɔ ɡ a ʃ a n̪ ɔ ]_w
[_w p ɔ j a v i ɫ̪ ]_w
[_w m ɛ d̪ r i n̪ ]_w
[_w m a z̪ ɔ v i ]_w
[_w s̪ ɔ v ɛ d̪ i ]_w
[_w a s̪ p ɛ k n̪ ɛ ]_w
[_w p ɔ ɫ̪ k a ]_w
[_w r ɛ d̪ ]_w
[_w m ɛ m ɔ r i j a ]_w
[_w p i ɫ̪ ]_w
[_w u b ɔ d̪ ]_w
[_w j a v i ɫ̪ n̪ ɔ ]_w
[_w s̪ ɛ v ɛ r ɛ n̪ ]_w
[_w b i d̪ ɡ a ]_w
[_w v i s̪ ɔ ɡ i ]_w
[_w v t̪ ɔ r i j a ]_w
[_w p r ɛ t̪ ]_w
[_w s̪ i ɫ̪ n̪ i ]_w
[_w n̪ a j p r v ɔ ]_w
[_w i k r i t̪ ɛ ]_w
[_w v r a t̪ i ]_w
[_w l i ɡ a r ]_w
[_w ɔ v ɔ j ]_w
[_w u z̪ ɫ̪ ɔ v ]_w
[_w s̪ t̪ i ɫ̪ ɔ d̪ ]_w
[_w l ɛ v a d̪ a ]_w
[_w v ɫ̪ a t̪ i t̪ ɛ ]_w
[_w t̪ r u ɡ a ]_w
[_w p r i f a ]_w
[_w j u n̪ a j d̪ a t̪ ]_w
[_w t̪ i ɛ ]_w
[_w s̪ ɛ ɫ̪ a n̪ i n̪ a ]_w
[_w d̪ ɛ z̪ n̪ ɔ ]_w
[_w n̪ ɛ j z̪ i n̪ i ]_w
[_w c ɛ r k a ]_w
[_w b ɔ j a v i ɫ̪ ]_w
[_w l i n̪ i j a ]_w
[_w p r ɛ k ]_w
[_w r ɔ m a n̪ d̪ a ]_w
[_w p ɔ j a v a d̪ a ]_w
[_w k ɔ s̪ t̪ i v a ɫ̪ ]_w
[_w n̪ ɔ r m i ]_w
[_w d̪ ɔ ɫ̪ n̪ ɔ ]_w
[_w t̪ v r t̪ ɛ ɫ̪ ]_w
[_w k r ɔ b ɔ v i ]_w
[_w i s̪ t̪ a t̪ ]_w
[_w s̪ ɛ k a d̪ ɛ ]_w
[_w i n̪ a ɡ u ]_w
[_w n̪ ɛ t̪ ɔ s̪ t̪ i r ]_w
[_w p r i r ɔ t̪ ]_w
[_w ɡ ɔ l ɛ m ]_w
[_w t̪ ɔ p r i ]_w
[_w d̪ ɔ v ɔ ]_w
[_w i s̪ v ɛ t̪ u v a ]_w
[_w d̪ v r t̪ a d̪ ]_w
[_w k r u ɛ v ]_w
[_w p ɔ tʃ v a d̪ a ]_w
[_w n̪ i ɛ ]_w
[_w d̪ ɔ ʃ ɛ ]_w
[_w s̪ a k ɔ n̪ ɔ d̪ ]_w
[_w t̪ ɛ ʃ i n̪ a ]_w
[_w p ɔ v ɛ c ɛ ]_w
[_w x a n̪ ɔ v i ]_w
[_w r a s̪ f i ɛ ]_w
[_w p ɔ r a t̪ i ]_w
[_w l ɛ t̪ n̪ i ts̪ a ]_w
[_w s̪ a v r ʃ i ɫ̪ ]_w
[_w t̪ r ɛ v a ]_w
[_w b r ɔ j k a ]_w
[_w s̪ p ɔ r d̪ ]_w
[_w k ɛ n̪ i j a ]_w
[_w s̪ a k a ɫ̪ ]_w
[_w t̪ a t̪ k ɔ ]_w
[_w ɡ ɔ t̪ i n̪ ɔ ]_w
[_w m ɔ ʃ n̪ i ]_w
[_w b ɔ ɛ d̪ i n̪ i ]_w
[_w s̪ r p s̪ k i ]_w
[_w d̪ u n̪ a v ]_w
[_w b i r i n̪ a ]_w
[_w t̪ v r d̪ i ]_w
[_w m i n̪ i s̪ t̪ ɛ m ]_w
[_w s̪ i m p t̪ ɔ m i ]_w
[_w z̪ ɔ b i n̪ i ]_w
[_w z̪ a k a l ɛ n̪ ]_w
[_w d̪ a k v i ]_w
[_w j a p ɔ n̪ i j a ]_w
[_w n̪ a b a t̪ ]_w
[_w s̪ a p a d̪ ]_w
[_w d̪ a n̪ ɔ ]_w
[_w p r ɛ n̪ t̪ ]_w
[_w n̪ i k a k ɔ ]_w
[_w z̪ v ɛ d̪ s̪ k ɔ ]_w
[_w ʃ i v ɔ t̪ ]_w
[_w k ɔ d̪ ]_w
[_w tʃ ɛ d̪ a ]_w
[_w u tʃ ɛ n̪ ]_w
[_w x u a n̪ ]_w
[_w z̪ r ɛ d̪ b a ]_w
[_w k r ɛ ʒ n̪ ɔ ]_w
[_w p u ɡ a r s̪ k a ]_w
[_w p r ɛ t̪ v i d̪ ɛ ]_w
[_w k a l i j a ɛ ]_w
[_w n̪ a m a ɫ̪ a t̪ a ]_w
[_w z̪ i m s̪ k i ]_w
[_w d̪ ɛ a t̪ a r ɔ d̪ ]_w
[_w n̪ a u k i d̪ ɛ ]_w
[_w ɔ s̪ t̪ a ]_w
[_w z̪ ɔ z̪ d̪ a v ɛ n̪ ]_w
[_w t̪ r ɛ d̪ i ]_w
[_w ʃ i v ɔ d̪ ɔ ]_w
[_w z̪ r ɛ t̪ n̪ ɔ ]_w
[_w z̪ ɫ̪ u ʒ b i ]_w
[_w ɔ t̪ n̪ ɔ ]_w
[_w s̪ n̪ a k ]_w
[_w z̪ d̪ a l ɛ ]_w
[_w ɔ k t̪ ɔ m v r i ]_w
[_w p ɫ̪ ɔ tʃ a ]_w
[_w m a s̪ i ]_w
[_w l ɛ n̪ t̪ a r ]_w
[_w t̪ a n̪ s̪ k i ]_w
[_w u s̪ ɫ̪ ɔ v ɛ n̪ ]_w
[_w d̪ n̪ k ]_w
[_w z̪ a ɡ i n̪ a l ɛ ]_w
[_w s̪ r a ts̪ i i ]_w
[_w m i s̪ ɫ̪ a n̪ t̪ ]_w
[_w ɔ d̪ r ʒ a v ɛ n̪ ]_w
[_w r i tʃ a r i ]_w
[_w z̪ d̪ a n̪ i ɛ ɫ̪ ]_w
[_w m i z̪ l ɛ z̪ ɛ ]_w
[_w n̪ a d̪ ɔ ]_w
[_w ʃ i r ɔ ɡ a ]_w
[_w k n̪ i k i ]_w
[_w tʃ l ɛ n̪ s̪ t̪ v ɔ ]_w
[_w d̪ ɛ z̪ ɛ t̪ ]_w
[_w i z̪ d̪ a n̪ ɛ ]_w
[_w r ɔ d̪ ɛ n̪ t̪ a r ]_w
[_w k r z̪ n̪ ɔ ]_w
[_w p r i r ɔ d̪ n̪ a ]_w
[_w d̪ ɔ b i j a ]_w
[_w p ɔ p ]_w
[_w ɛ l i z̪ a ]_w
[_w ts̪ i d̪ ɔ v i ]_w
[_w s̪ p ɔ z̪ ɔ p n̪ i ]_w
[_w z̪ ɫ̪ u tʃ i ]_w
[_w s̪ t̪ ɔ ɡ ]_w
[_w m a s̪ ɔ v i ]_w
[_w p ɔ ʃ t̪ a t̪ ]_w
[_w d̪ a v a a d̪ ]_w
[_w ɡ ɔ r n̪ a ]_w
[_w i k r a tʃ ɔ t̪ ]_w
[_w ts̪ r t̪ ɛ ʒ i ]_w
[_w k u c a d̪ a ]_w
[_w u z̪ b ɛ v a ]_w
[_w m a ɫ̪ ]_w
[_w k l i ɛ n̪ d̪ i ]_w
[_w v ɔ t̪ a dʒ i ]_w
[_w s̪ n̪ a tʃ a j n̪ ɔ ]_w
[_w k ɔ n̪ ]_w
[_w ɡ u ɫ̪ a ]_w
[_w d̪ a n̪ i ɛ ]_w
[_w i n̪ t̪ ɛ r ɛ n̪ ]_w
[_w ɡ ɔ i ʒ d̪ ɔ ]_w
[_w v r a n̪ ts̪ ]_w
[_w s̪ n̪ a a d̪ ]_w
[_w j a z̪ n̪ ɔ ]_w
[_w m a t̪ ɛ r i i ]_w
[_w ʒ i v ɛ a t̪ ]_w
[_w p ɔ m i n̪ a ]_w
[_w n̪ a r ɔ t̪ n̪ a ]_w
[_w ɛ t̪ n̪ a ʃ ]_w
[_w r ɔ t̪ ɔ t̪ ]_w
[_w v r ʃ a d̪ ]_w
[_w t̪ ɛ n̪ ɔ t̪ ]_w
[_w n̪ a p ɔ l ɛ ]_w
[_w i s̪ t̪ a v i ɫ̪ ]_w
[_w n̪ i k a t̪ a ]_w
[_w v n̪ i m a n̪ i ]_w
[_w v a ɡ v i t̪ ɛ ]_w
[_w r ɛ ʒ a t̪ a ]_w
[_w ɔ d̪ v i v a ]_w
[_w k r a t̪ a ]_w
[_w d̪ ɔ b i ɛ n̪ ]_w
[_w v l i j a a t̪ ]_w
[_w n̪ a v ɛ d̪ ɛ ]_w
[_w s̪ t̪ ɔ j k i ]_w
[_w k ɫ̪ a v n̪ i t̪ ɛ ]_w
[_w p r i t̪ i ɡ a ]_w
[_w p ɔ s̪ ɛ t̪ u m ]_w
[_w z̪ r ɛ t̪ n̪ ɔ s̪ t̪ ]_w
[_w m ɔ ʃ n̪ ɛ ]_w
[_w ɔ d̪ n̪ ɔ s̪ ]_w
[_w ɡ r a n̪ k ]_w
[_w ɡ ɔ n̪ ]_w
[_w n̪ ɛ ɡ ɔ v ]_w
[_w d̪ a d̪ ɡ ɔ ]_w
[_w u tʃ ɛ z̪ n̪ i ts̪ i ]_w
[_w p ɔ k ɔ r ɛ j a ]_w
[_w m a ɫ̪ ɡ u ]_w
[_w ʃ k ɔ l i n̪ a ]_w
[_w ɔ v ɔ ʃ j ɛ ]_w
[_w x a m p u r k ]_w
[_w p ɔ k ɔ l ɛ m ɔ ]_w
[_w z̪ b ɔ r t̪ ɔ v i ]_w
[_w ʃ i v ɔ d̪ n̪ a ]_w
[_w p ɔ p ɛ t̪ a t̪ a ]_w
[_w tʃ a z̪ a ]_w
[_w s̪ t̪ i k ]_w
[_w ɛ t̪ n̪ i v ɛ ]_w
[_w p r i ]_w
[_w r u s̪ k a d̪ a ]_w
[_w s̪ a l i f ]_w
[_w s̪ i z̪ d̪ ɛ r ]_w
[_w i m ɔ t̪ ]_w
[_w p r ɛ f ɔ t̪ ]_w
[_w d̪ ɔ s̪ ɛ k ]_w
[_w v l ɛ k u v a ]_w
[_w s̪ ɛ v ɛ r n̪ a ]_w
[_w n̪ a ts̪ i j a ]_w
[_w p a s̪ a r ]_w
[_w s̪ r a ts̪ i n̪ ]_w
[_w ɔ ɡ ɔ l i ]_w
[_w n̪ a j m a ɫ̪ k u ]_w
[_w p ɛ z̪ n̪ i ]_w
[_w t̪ ɔ ɫ̪ ʒ i n̪ a ]_w
[_w k ɔ l ɛ m i ɔ t̪ ]_w
[_w m a j tʃ i n̪ ]_w
[_w v ɛ s̪ d̪ i tʃ k i ]_w
[_w d̪ v i ʒ ɛ ɲ a ]_w
[_w b ɔ t̪ r ɛ d̪ ɛ n̪ ]_w
[_w ɫ̪ ɔ ɡ a ts̪ i i ]_w
[_w ɡ ɔ s̪ a ]_w
[_w ɛ t̪ i n̪ ts̪ i ]_w
[_w k r a ɫ̪ ]_w
[_w p i d̪ a m ]_w
[_w u m r ɛ ]_w
[_w b ɛ ʒ ɛ ]_w
[_w i s̪ n̪ ɛ s̪ u v a ]_w
[_w n̪ a p i ʃ a n̪ i ]_w
[_w v a ʒ i t̪ ɛ ]_w
[_w ɡ r a d̪ i ]_w
[_w b r a v n̪ i ɔ t̪ ]_w
[_w t̪ ɔ ʃ ɫ̪ ɔ ]_w
[_w d̪ ɔ v ɛ ɫ̪ ɔ ]_w
[_w s̪ t̪ ɛ ɡ n̪ a ɫ̪ ]_w
[_w k a z̪ ɔ v i j a ]_w
[_w a k ts̪ ɛ n̪ t̪ a ]_w
[_w i s̪ t̪ ɔ tʃ n̪ a a ]_w
[_w p ɔ d̪ r a k i ]_w
[_w a z̪ b u k ]_w
[_w z̪ b ɔ r ɔ t̪ ]_w
[_w f u t̪ p a ɫ̪ ]_w
[_w m ɔ d̪ a ]_w
[_w r a s̪ p ɔ r ɛ t̪ ]_w
[_w i s̪ p ɔ r ɛ t̪ ]_w
[_w p a t̪ i ]_w
[_w i ɡ r a ]_w
[_w n̪ ɔ z̪ a t̪ i ]_w
[_w s̪ i m a t̪ a ]_w
[_w n̪ a v d̪ a ]_w
[_w ɔ d̪ n̪ ɔ s̪ i j a ]_w
[_w m ɛ t̪ i ]_w
[_w n̪ a r ɛ d̪ b a ]_w
[_w n̪ ɔ s̪ ɛ l ɛ ]_w
[_w ɔ t̪ k r i ɛ n̪ ]_w
[_w ɡ u p u v a ɲ ɛ ]_w
[_w i z̪ ɡ r a t̪ i ]_w
[_w s̪ a ɡ a d̪ ɛ ]_w
[_w s̪ v ɛ d̪ s̪ k ɔ ]_w
[_w v a ʒ n̪ ɔ z̪ d̪ ]_w
[_w tʃ l ɛ n̪ ]_w
[_w t̪ ɛ ɫ̪ u v a ]_w
[_w ɛ t̪ v a r d̪ a ]_w
[_w i t̪ ɛ j a d̪ a ]_w
[_w s̪ t̪ a r i ]_w
[_w ɔ f i ts̪ ɛ r i ]_w
[_w s̪ ɛ m a ɫ̪ ]_w
[_w ɔ b l i ts̪ i j a ]_w
[_w p ɔ s̪ v ɛ n̪ ]_w
[_w ɡ ɔ ɡ a ʒ ]_w
[_w a v ɛ l ɛ ]_w
[_w b a r ]_w
[_w d̪ ɛ ɛ ts̪ ]_w
[_w d̪ ɛ ɫ̪ a ]_w
[_w ɔ b ɫ̪ a s̪ t̪ ]_w
[_w z̪ ɛ k ɔ j a ]_w
[_w ɔ z̪ d̪ r ɔ ɡ a ]_w
[_w l ɛ t̪ ɔ ]_w
[_w b ɛ l i t̪ ɛ r ]_w
[_w r a s̪ t̪ a n̪ ɛ ]_w
[_w p r a z̪ n̪ i ]_w
[_w t̪ ɔ v ɛ t̪ i ɔ t̪ ]_w
[_w ɛ l ɛ n̪ ɔ v i ]_w
[_w n̪ a p r s̪ ɔ ]_w
[_w i s̪ t̪ ɔ ɡ a s̪ ]_w
[_w p ɔ ɡ ɔ v ɔ t̪ i ]_w
[_w l i ɡ ɔ v i ]_w
[_w r ɛ s̪ ɛ n̪ a ]_w
[_w t̪ ɔ ɡ ɔ v i t̪ ɛ ]_w
[_w p r ɔ ts̪ ɛ n̪ t̪ ]_w
[_w t̪ u r ts̪ i t̪ ɛ ]_w
[_w k a j ]_w
[_w n̪ a p r a v ɔ v ]_w
[_w k ɫ̪ a z̪ a ]_w
[_w b r i p a c a ]_w
[_w v i t̪ i ]_w
[_w p i d̪ ɛ ]_w
[_w f t̪ ɔ r n̪ ɔ ]_w
[_w t̪ r u ɡ i ɔ d̪ ]_w
[_w s̪ ɛ k u n̪ t̪ i ]_w
[_w d̪ ɔ ɫ̪ a r i ]_w
[_w p ɔ r i ]_w
[_w ɡ u ɫ̪ t̪ u r a ]_w
[_w i t̪ n̪ i t̪ ɛ ]_w
[_w n̪ a b i ʒ a n̪ a ]_w
[_w i z̪ d̪ ɔ k ]_w
[_w m ɛ d̪ a l i ]_w
[_w s̪ ɔ ʒ d̪ ɔ ]_w
[_w ʒ d̪ a p ]_w
[_w v a k t̪ ]_w
[_w m u z̪ ɛ j ]_w
[_w r a d̪ i n̪ a ]_w
[_w m ɔ d̪ ɛ ɫ̪ ]_w
[_w z̪ ɫ̪ a d̪ ɛ ɛ ɲ ɛ ]_w
[_w b r ɔ s̪ t̪ i ]_w
[_w z̪ ɛ l ɛ n̪ a ]_w
[_w p ɫ̪ a n̪ ]_w
[_w p i t̪ ɛ j c i ]_w
[_w n̪ a j d̪ ɛ t̪ ]_w
[_w ɡ ɫ̪ u p ɔ d̪ ]_w
[_w d̪ ɔ b i l ɛ ]_w
[_w t̪ a d̪ ɛ n̪ i ]_w
[_w p r ɔ tʃ i t̪ ɛ ]_w
[_w p a ɫ̪ ɡ a n̪ ɔ d̪ ]_w
[_w f a ɡ ɔ v ]_w
[_w p r ɛ s̪ ɛ m ɛ ]_w
[_w dz̪ i ɡ ɫ̪ u s̪ ]_w
[_w tʃ ɔ v ɛ k ]_w
[_w p i z̪ m ɔ ]_w
[_w r ɔ t̪ ɛ i n̪ i ]_w
[_w n̪ a ɔ ɟ a a d̪ ]_w
[_w p i ʃ u v a ɲ a ]_w
[_w t̪ ɔ t̪ ɛ k a ]_w
[_w b ɔ l ɛ t̪ ɔ d̪ ]_w
[_w d̪ ɛ m a t̪ a ]_w
[_w s̪ i ɫ̪ a ]_w
[_w d̪ r ʒ a ]_w
[_w ts̪ ɛ ɫ̪ ɔ ]_w
[_w ɔ d̪ ɡ ɔ ɫ̪ k u ]_w
[_w s̪ r ɛ d̪ n̪ i ]_w
[_w ʒ a m p i ɔ n̪ ]_w
[_w tʃ u v a n̪ ]_w
[_w n̪ ɛ k ɔ v i c ]_w
[_w a k ts̪ i j a ]_w
[_w d̪ i j a ]_w
[_w s̪ l ɛ d̪ a ]_w
[_w v t̪ ɔ r ɔ d̪ ]_w
[_w k r a l i ts̪ a ]_w
[_w k r u s̪ i t̪ ɛ ]_w
[_w b l ɛ m i ɔ d̪ ]_w
[_w d̪ ɛ ʃ ɔ k ]_w
[_w t̪ ɛ ɫ̪ u m n̪ ɔ ]_w
[_w i m ɔ t̪ ɔ ]_w
[_w p ɔ l i ɲ a ]_w
[_w k ɔ r i s̪ t̪ ɔ r ]_w
[_w n̪ ɛ ɡ ɔ ɫ̪ ɡ u ]_w
[_w ts̪ ɛ n̪ a t̪ a m u ]_w
[_w t̪ a m ɛ ]_w
[_w m ɫ̪ a t̪ a ]_w
[_w s̪ a v i s̪ i j a ]_w
[_w v ɛ j s̪ p u ɡ ]_w
[_w k n̪ i k i t̪ ɛ ]_w
[_w b r ɛ n̪ ɔ ]_w
[_w d̪ r ʃ a d̪ ]_w
[_w m ɛ r i k a ]_w
[_w n̪ ɛ ɔ d̪ a m n̪ a ]_w
[_w ʃ i v ɔ t̪ ɔ ]_w
[_w k ɔ z̪ a ]_w
[_w p ɫ̪ a c a ɲ ɛ ]_w
[_w t̪ r u ɡ i ]_w
[_w i ɡ r a tʃ ]_w
[_w p ɔ z̪ d̪ ɔ j a n̪ ]_w
[_w t̪ i t̪ u l i ]_w
[_w m i s̪ l ɛ s̪ ɛ ]_w
[_w p t̪ i ts̪ i i ]_w
[_w d̪ a t̪ a ]_w
[_w n̪ a z̪ d̪ a p k a ]_w
[_w n̪ a j t̪ ɛ t̪ ]_w
[_w ɡ r tʃ k i ]_w
[_w f ɔ n̪ ]_w
[_w v ɛ r z̪ i i ]_w
[_w ʃ i f ɔ ]_w
[_w n̪ a r ɛ tʃ ɛ n̪ ]_w
[_w ʃ p a n̪ s̪ k a ]_w
[_w p ɔ s̪ l ɛ ]_w
[_w p ɔ k ɔ v i ]_w
[_w n̪ a k r a d̪ ɡ ɔ ]_w
[_w ɡ a j ]_w
[_w r u z̪ ɡ a ]_w
[_w r i z̪ i ɡ ɔ d̪ ]_w
[_w ɛ v ɛ r n̪ ɔ ]_w
[_w n̪ a k r a t̪ p i ]_w
[_w b ɔ tʃ ɛ d̪ ɔ t̪ ]_w
[_w k r v t̪ a ]_w
[_w m a r d̪ ]_w
[_w r ɛ k ɫ̪ a m i ]_w
[_w ɔ v a ]_w
[_w s̪ ɔ j u s̪ ]_w
[_w z̪ v ɔ j a ]_w
[_w ɔ t̪ k ɔ ɫ̪ k u ]_w
[_w u ɫ̪ ɔ k a ɫ̪ n̪ a ]_w
[_w j a j ts̪ a t̪ a ]_w
[_w s̪ ɔ s̪ ɛ m a ɫ̪ ɔ ]_w
[_w v ɫ̪ a t̪ ɛ ɛ ɫ̪ ]_w
[_w s̪ t̪ a n̪ ɔ ɡ ]_w
[_w ʒ l ɛ s̪ t̪ i ]_w
[_w v ɛ d̪ n̪ a ]_w
[_w a v ɡ u z̪ d̪ v ɔ ]_w
[_w k r a n̪ ɡ a t̪ a ]_w
[_w j a z̪ i ts̪ i i ]_w
[_w f ɔ j s̪ k a ]_w
[_w k ɔ ɡ ɔ ]_w
[_w d̪ ɛ ɫ̪ tʃ ɛ v ]_w
[_w b ɛ l i ɔ d̪ ]_w
[_w k ɔ i ]_w
[_w s̪ a p a t̪ i t̪ ɛ ]_w
[_w t̪ ɛ b a t̪ a ]_w
[_w z̪ r ɛ c ɛ n̪ ]_w
[_w n̪ ɛ k ɔ ɫ̪ ɡ u ]_w
[_w f i d̪ ɔ ɡ ]_w
[_w p ɔ ɫ̪ ]_w
[_w ɔ s̪ t̪ a l ɛ ]_w
[_w t̪ ɛ ɫ̪ a ]_w
[_w d̪ ɛ p a r ]_w
[_w i r a k ]_w
[_w n̪ a b a t̪ a ]_w
[_w i z̪ ɫ̪ a m ]_w
[_w m a d̪ r i t̪ ]_w
[_w ɡ r a n̪ i ts̪ a ]_w
[_w m a r k ɔ v ts̪ i ]_w
[_w ɔ t̪ v ɔ r ]_w
[_w z̪ ɔ v ɛ d̪ ]_w
[_w j a s̪ i ɡ ɔ d̪ ]_w
[_w m a l ɛ s̪ i ]_w
[_w m r t̪ v i t̪ ɛ ]_w
[_w tʃ ɛ z̪ d̪ ]_w
[_w v r z̪ ɡ i ]_w
[_w t̪ i m ɛ n̪ a ]_w
[_w v k ɫ̪ u tʃ ]_w
[_w tʃ a r ɫ̪ z̪ ]_w
[_w u z̪ b ɛ a ɫ̪ a ]_w
[_w ɔ p i ʒ d̪ a ]_w
[_w ɛ d̪ n̪ i tʃ k i ]_w
[_w tʃ a z̪ ɔ t̪ ]_w
[_w ɡ u b a ]_w
[_w i z̪ n̪ ɛ s̪ u v a ]_w
[_w m ɔ t̪ ɛ r n̪ ɛ t̪ ]_w
[_w ts̪ ɛ ɫ̪ ɔ s̪ n̪ ɔ ]_w
[_w d̪ ɛ d̪ ɔ v i ʒ ]_w
[_w ɛ d̪ n̪ a d̪ a ]_w
[_w d̪ r u ɡ ɔ t̪ ]_w
[_w t̪ ɔ p i ɛ n̪ ]_w
[_w j a s̪ i k ]_w
[_w z̪ ɔ b i r a ɲ ɛ ]_w
[_w t̪ i p ɔ v i ]_w
[_w k r a d̪ ɛ n̪ i ]_w
[_w s̪ ɛ p a k ]_w
[_w s̪ ɔ v ɛ d̪ u v a ]_w
[_w d̪ r ɛ t̪ ɛ ʒ n̪ ɔ ]_w
[_w ɛ b i s̪ ɔ d̪ i ]_w
[_w r a p ɔ t̪ a d̪ ]_w
[_w b r s̪ t̪ ɛ n̪ ]_w
[_w i s̪ t̪ a n̪ ɔ k ]_w
[_w s̪ r p i j a ]_w
[_w r ɛ k a d̪ ɛ ]_w
[_w v t̪ ɔ r a ]_w
[_w ɔ b i t̪ ]_w
[_w f ɔ r m a ɫ̪ n̪ ɔ ]_w
[_w ɔ s̪ t̪ a r i ]_w
[_w s̪ u d̪ ɔ d̪ ]_w
[_w b r ɔ ts̪ ɛ s̪ i ]_w
[_w p r i z̪ u t̪ n̪ i ]_w
[_w b ɫ̪ ɔ t̪ ɔ ]_w
[_w p r ɔ t̪ ɔ t̪ ]_w
[_w k ɔ n̪ ts̪ ɛ b d̪ ]_w
[_w r ɔ t̪ n̪ a ]_w
[_w z̪ a v r ʒ ɛ n̪ ]_w
[_w t̪ ɔ ʒ d̪ ]_w
[_w ɡ ɔ j ʃ t̪ ɔ ]_w
[_w p i t̪ a m ]_w
[_w n̪ i v n̪ a d̪ r ɛ ]_w
[_w s̪ a p a t̪ n̪ i ]_w
[_w b ɔ v r ʒ i ]_w
[_w k ɔ l ɛ ɡ i ]_w
[_w p ɛ r i ɔ t̪ ɔ t̪ ]_w
[_w ɔ d̪ ɫ̪ u tʃ i ɫ̪ ɔ ]_w
[_w b ɔ tʃ n̪ u v a ]_w
[_w r i m s̪ k i d̪ ɛ ]_w
[_w k ɔ r n̪ i ɔ t̪ ]_w
[_w tʃ i j a ]_w
[_w s̪ a k a a t̪ ]_w
[_w k a r p i ]_w
[_w s̪ a v r ʒ i n̪ a ]_w
[_w b r ɔ d̪ ]_w
[_w d̪ ɔ ts̪ n̪ i d̪ ɛ ]_w
[_w p ɔ ɡ l ɛ d̪ ]_w
[_w s̪ a n̪ ]_w
[_w m ɛ s̪ t̪ ɛ n̪ i ]_w
[_w r ɛ l i ɡ i j a ]_w
[_w n̪ ɛ ʃ t̪ a tʃ k i ]_w
[_w ɔ s̪ t̪ a v a ɲ ɛ ]_w
[_w z̪ d̪ a n̪ i ts̪ i ]_w
[_w j ɔ r t̪ a n̪ ]_w
[_w m ɔ s̪ k v a ]_w
[_w ɔ b j a v i ɫ̪ a ]_w
[_w k u ɫ̪ a ]_w
[_w d̪ ɔ p i r a ]_w
[_w v ɔ d̪ ɛ l ɛ ]_w
[_w s̪ v ɔ i d̪ ɛ ]_w
[_w r ɔ t̪ ɔ d̪ ]_w
[_w n̪ ɛ m a a t̪ ]_w
[_w d̪ ɔ s̪ ɛ k a ]_w
[_w d̪ ɔ ɫ̪ ʒ ]_w
[_w f i ɫ̪ m ɔ d̪ ]_w
[_w k ɔ s̪ ɔ v ɔ ]_w
[_w v ɔ ɡ ɫ̪ a s̪ i ]_w
[_w u tʃ i l i ʃ t̪ ɛ ]_w
[_w f a k t̪ ɔ r ]_w
[_w p u tʃ ɛ d̪ ]_w
[_w ts̪ ɛ ɫ̪ ɔ s̪ t̪ ]_w
[_w r a j n̪ i ]_w
[_w v i ɡ a a d̪ ]_w
[_w m ɛ ɟ u ]_w
[_w t̪ ɔ tʃ n̪ a ɫ̪ a ]_w
[_w ɔ b v a c a ]_w
[_w t̪ u r z̪ ɡ i t̪ ɛ ]_w
[_w b ɔ m ɔ k n̪ a ]_w
[_w l i ɡ a ]_w
[_w ɔ x r i d̪ s̪ k i ]_w
[_w z̪ a m ɔ ]_w
[_w r a s̪ v i v a ]_w
[_w ɡ ɔ v ɔ r ]_w
[_w r a s̪ p ɔ r i ]_w
[_w ɔ d̪ i ɡ ]_w
[_w z̪ ɡ ɔ b j ɛ ]_w
[_w ɡ r a c a n̪ i ]_w
[_w n̪ ɛ ɡ a k ɔ v ]_w
[_w t̪ r ɡ ɔ v ts̪ i ]_w
[_w b ɔ d̪ r a tʃ j ɛ ]_w
[_w s̪ a ʃ t̪ i d̪ a ]_w
[_w ɡ r a ɫ̪ ɔ d̪ ]_w
[_w v l ɛ k l ɛ t̪ a ]_w
[_w s̪ ɔ n̪ ts̪ ɛ ]_w
[_w t̪ a l ɛ ]_w
[_w ɔ t̪ k a ʃ ɛ ]_w
[_w ɛ d̪ n̪ a m ]_w
[_w z̪ n̪ a k ]_w
[_w p r a v ɛ n̪ ]_w
[_w i s̪ r a s̪ ]_w
[_w d̪ r ʃ a a ]_w
[_w t̪ ɔ m a ɟ i n̪ ]_w
[_w u s̪ p ɛ ʃ n̪ ɔ ]_w
[_w b u ɡ a r i ]_w
[_w ʃ i r ɛ ɲ ɛ ]_w
[_w r a s̪ v i ɛ n̪ ɔ ]_w
[_w v a s̪ i j a ]_w
[_w ɔ z̪ d̪ a v a ]_w
[_w f i n̪ a ]_w
[_w t̪ ɔ b r a ]_w
[_w a ɛ r ɔ d̪ ]_w
[_w u s̪ ɫ̪ u k i t̪ ɛ ]_w
[_w ɡ ɔ z̪ m ɔ s̪ ]_w
[_w ɡ ɔ j a ]_w
[_w z̪ a t̪ ]_w
[_w p u ɡ u r ɛ ʃ t̪ ]_w
[_w ɔ ɡ r u ɡ ɔ d̪ ]_w
[_w d̪ ɔ k ɔ ɫ̪ n̪ i ]_w
[_w u n̪ i j a t̪ ]_w
[_w l i tʃ ɛ n̪ ]_w
[_w d̪ r ɔ j ts̪ a ]_w
[_w j u ʃ ɛ n̪ ]_w
[_w ɔ z̪ u d̪ ɛ n̪ ]_w
[_w p r i v a t̪ n̪ i ]_w
[_w p ɔ k a ʒ a ɫ̪ ]_w
[_w f a r i ]_w
[_w r ɛ t̪ ɔ v i ]_w
[_w l ɛ t̪ n̪ i ]_w
[_w ɔ ɡ ɔ ɫ̪ u ]_w
[_w m ɔ d̪ ɔ ]_w
[_w s̪ ɛ m j i t̪ ɛ ]_w
[_w a r s̪ ɛ n̪ a ɫ̪ ]_w
[_w d̪ i s̪ a j n̪ ɔ t̪ ]_w
[_w p ɔ z̪ ɛ t̪ u v a ]_w
[_w u d̪ a r ]_w
[_w t̪ ɔ d̪ ɔ ]_w
[_w k r a n̪ i ɛ ɫ̪ ]_w
[_w p ɔ s̪ t̪ ɔ ɛ ɫ̪ ]_w
[_w b ɫ̪ a ɟ a ɲ ɛ ]_w
[_w ɫ̪ ɔ ɡ i r a j ]_w
[_w k r ɛ d̪ a r ]_w
[_w d̪ r v ɔ ]_w
[_w u z̪ b ɛ a l ɛ ]_w
[_w i m a l ɛ ]_w
[_w n̪ a z̪ d̪ a t̪ a ]_w
[_w i m ɔ d̪ ɔ r ]_w
[_w ts̪ a r ]_w
[_w d̪ ɛ ɔ r i j a ]_w
[_w ʃ l ɛ s̪ t̪ a ]_w
[_w ts̪ r v ɛ n̪ ]_w
[_w n̪ a m ɛ n̪ ]_w
[_w k ɫ̪ a v a ]_w
[_w p ɔ ɫ̪ ɡ a ]_w
[_w i t̪ n̪ i n̪ a ]_w
[_w b r v i ɔ t̪ ]_w
[_w n̪ a t̪ ɔ t̪ ]_w
[_w ɔ p i tʃ n̪ ɔ ]_w
[_w d̪ ɔ f ɛ ɫ̪ ɔ ]_w
[_w s̪ a n̪ i ɛ ]_w
[_w m ɔ t̪ ɛ r n̪ ɛ d̪ ]_w
[_w s̪ p i r ɡ a ]_w
[_w v ɔ l j a ]_w
[_w ɛ d̪ i n̪ a ]_w
[_w r a z̪ v i d̪ ɔ k ]_w
[_w ʒ ɔ u ]_w
[_w v ɔ r m i r a ]_w
[_w v ɔ d̪ ɛ ɫ̪ ɔ t̪ ɔ ]_w
[_w ɔ n̪ a ]_w
[_w f i ɫ̪ m ]_w
[_w s̪ t̪ a v ɛ n̪ ɔ ]_w
[_w m ɔ ɛ d̪ ɔ ]_w
[_w t̪ ɛ n̪ a ]_w
[_w s̪ ɔ s̪ t̪ a v ɔ t̪ ]_w
[_w ɡ ɔ i ]_w
[_w m ɔ ʃ ɛ t̪ ɛ ]_w
[_w k ɫ̪ a v a d̪ a ]_w
[_w k ɫ̪ a z̪ i tʃ ɛ n̪ ]_w
[_w j a z̪ n̪ ɔ m ]_w
[_w s̪ t̪ a n̪ a ɫ̪ ]_w
[_w b r a v i ɫ̪ n̪ ɔ ]_w
[_w z̪ i l i t̪ ɛ ]_w
[_w p ɔ ɡ a ʃ ]_w
[_w j a v i ɫ̪ ]_w
[_w m i z̪ i j a ]_w
[_w ʃ a n̪ r ]_w
[_w s̪ t̪ a l ɛ ]_w
[_w r i m s̪ k i ]_w
[_w m ɔ ʒ a t̪ ]_w
[_w i s̪ p r a n̪ a ]_w
[_w i k r a ʃ ɛ ]_w
[_w f t̪ ɔ r ɔ ]_w
[_w f a s̪ i j a ]_w
[_w s̪ ɛ v ɛ r t̪ ɔ n̪ ]_w
[_w b r v p a d̪ ]_w
[_w ɡ u ɡ u ʃ k ɔ ]_w
[_w m a z̪ i ]_w
[_w ɡ ɔ t̪ ]_w
[_w m ɔ t̪ i v ]_w
[_w p ɔ k ɔ d̪ ]_w
[_w b ɔ v ɔ t̪ ]_w
[_w ɡ r v t̪ a ]_w
[_w ɔ d̪ v ɔ r ɛ n̪ i ]_w
[_w s̪ ɛ b ɛ s̪ i ]_w
[_w t̪ i t̪ ɔ ]_w
[_w b ɔ s̪ ɛ t̪ a ]_w
[_w k ɔ r n̪ a ]_w
[_w m ɫ̪ a d̪ a ]_w
[_w p r i tʃ i n̪ i ]_w
[_w d̪ ɛ n̪ ɛ s̪ k i ]_w
[_w z̪ d̪ r u j a ]_w
[_w n̪ a ʃ i t̪ ɛ ɫ̪ ]_w
[_w ɔ t̪ p r a n̪ ]_w
[_w v r a t̪ a ]_w
[_w d̪ ɔ tʃ n̪ a ]_w
[_w u m ɛ t̪ n̪ i ts̪ i ]_w
[_w b ɫ̪ a n̪ ɔ ]_w
[_w s̪ t̪ a n̪ a t̪ a ]_w
[_w t̪ ɔ k ɔ ɫ̪ ɡ u ]_w
[_w v a z̪ i ]_w
[_w n̪ a ʒ ɛ d̪ ɔ ]_w
[_w n̪ a m a ɫ̪ u v a ]_w
[_w n̪ a r ɔ d̪ i ]_w
[_w p ɔ j a v i ]_w
[_w a p r i ɫ̪ ]_w
[_w i n̪ t̪ ɛ r v j u ]_w
[_w i v a n̪ ]_w
[_w f ɫ̪ a t̪ a ]_w
[_w k ɔ ɛ ]_w
[_w p ɛ tʃ a t̪ ]_w
[_w z̪ d̪ i ɫ̪ ɔ v i ]_w
[_w r ɔ d̪ i ]_w
[_w s̪ i l i ]_w
[_w r ɔ m a n̪ i ]_w
[_w l ɛ k a ]_w
[_w b ɔ b ɛ d̪ a ]_w
[_w i t̪ ɛ j a t̪ a ]_w
[_w s̪ l ɛ d̪ n̪ i k ]_w
[_w n̪ ɔ r v ɛ ʃ k a ]_w
[_w i z̪ v ɛ t̪ s̪ k a ]_w
[_w m a ʒ i ]_w
[_w d̪ a a ]_w
[_w p ɔ i m ]_w
[_w k ɔ ʒ a t̪ a ]_w
[_w m ɔ t̪ ɛ l ɛ n̪ i ]_w
[_w n̪ ɛ ʒ d̪ a tʃ k i ]_w
[_w s̪ ɔ n̪ ]_w
[_w ɡ l ɛ d̪ ]_w
[_w p a k t̪ ɛ r ]_w
[_w z̪ b ɔ m ɛ n̪ i ɡ ]_w
[_w m i z̪ l i ]_w
[_w v ɛ r n̪ i ts̪ i ]_w
[_w ʃ ɛ l i ]_w
[_w d̪ ɛ d̪ ɛ d̪ ɔ ]_w
[_w a ɫ̪ b u m ɔ t̪ ]_w
[_w s̪ p ɔ s̪ ɔ b n̪ i ]_w
[_w z̪ l ɛ d̪ n̪ ɔ s̪ t̪ ]_w
[_w m i s̪ ɫ̪ a d̪ ]_w
[_w r ɛ ɡ ɔ ɫ̪ ]_w
[_w v a k v i t̪ ɛ ]_w
[_w p r i l i k a ]_w
[_w z̪ l i tʃ n̪ i ]_w
[_w u ɡ r a s̪ i ɫ̪ ]_w
[_w r ɛ a k ts̪ i j a ]_w
[_w v ɫ̪ a t̪ a t̪ a ]_w
[_w t̪ a a ]_w
[_w a k t̪ ɛ r k a ]_w
[_w d̪ n̪ ɔ d̪ ɔ ]_w
[_w s̪ t̪ a n̪ a ɫ̪ a ]_w
[_w i s̪ t̪ a ]_w
[_w t̪ v ɔ r ɛ n̪ ]_w
[_w s̪ f ɛ d̪ i ]_w
[_w p ɛ ɡ a ɫ̪ ts̪ i ]_w
[_w p ɔ ɫ̪ a ]_w
[_w d̪ ɔ v ɔ ɫ̪ n̪ ɔ ]_w
[_w m a n̪ a s̪ t̪ a ]_w
[_w ɔ b l ɛ m i ɔ d̪ ]_w
[_w d̪ u r n̪ ɛ j a ]_w
[_w s̪ a p ɔ tʃ n̪ ɛ ]_w
[_w p ɔ z̪ d̪ a t̪ u m ]_w
[_w p r a k ]_w
[_w v r ɛ m ɛ d̪ ɔ ]_w
[_w t̪ ɔ k m u ]_w
[_w v ɔ j n̪ a t̪ a ]_w
[_w ɔ t̪ k a k ɔ v ]_w
[_w ɔ b i ʃ t̪ a ]_w
[_w ɡ a k ɔ ]_w
[_w n̪ i k a k v a ]_w
[_w v r z̪ ]_w
[_w s̪ v ɔ i t̪ ɛ ]_w
[_w ɛ k i b ɛ t̪ ]_w
[_w a n̪ ɡ ]_w
[_w p r i ɡ a s̪ n̪ a ]_w
[_w t̪ r ɛ d̪ a v a ]_w
[_w f ɛ ʃ t̪ a tʃ k i ]_w
[_w s̪ a p i s̪ i ]_w
[_w s̪ ɛ m ɛ ]_w
[_w p ɔ k a ʃ a ɫ̪ ]_w
[_w z̪ a k ɔ n̪ s̪ k i ]_w
[_w k ɔ n̪ ts̪ ɛ r t̪ i ]_w
[_w m a j ]_w
[_w s̪ ɔ b r a n̪ a ]_w
[_w s̪ v ɔ i ]_w
[_w b ɔ t̪ r a tʃ j a ]_w
[_w k a k ɔ v ɔ r ]_w
[_w s̪ t̪ a r a ]_w
[_w ɔ d̪ ɡ r i v a ]_w
[_w ɔ b j ɛ k t̪ ɔ t̪ ]_w
[_w k n̪ i k a t̪ a ]_w
[_w d̪ ɛ s̪ n̪ ɔ ]_w
[_w v i k t̪ ɔ r ]_w
[_w r a s̪ l i tʃ n̪ ɔ ]_w
[_w p ɔ ɫ̪ n̪ a ]_w
[_w p r i r ɔ d̪ a ]_w
[_w p u p l i k a r ]_w
[_w k ɔ v ɔ d̪ ɔ ]_w
[_w u n̪ k a r i j a ]_w
[_w ɛ t̪ v a r i ]_w
[_w a ɛ r ɔ t̪ r ɔ m ]_w
[_w ɔ v ɔ z̪ m ɔ z̪ ]_w
[_w tʃ a s̪ a ]_w
[_w d̪ r a ɡ i ]_w
[_w d̪ v r t̪ ɛ ɲ ɛ ]_w
[_w z̪ a k a ʒ ɛ ]_w
[_w t̪ r ɛ d̪ i ɔ t̪ ]_w
[_w p r ɔ ts̪ ɛ s̪ ɔ t̪ ]_w
[_w ɔ d̪ r ʃ k a ]_w
[_w ɡ ɔ n̪ t̪ a k t̪ ]_w
[_w n̪ a m ɛ n̪ i ]_w
[_w n̪ a z̪ i v ]_w
[_w j ɔ r ɡ ]_w
[_w i n̪ f a z̪ i ]_w
[_w ʒ i v ɔ d̪ ]_w
[_w z̪ d̪ a n̪ a ɫ̪ ]_w
[_w p r a v a t̪ ]_w
[_w v a s̪ ]_w
[_w ʃ i d̪ ɛ l i ]_w
[_w d̪ ɔ n̪ ɛ s̪ ɛ ]_w
[_w z̪ ɔ n̪ ts̪ ɛ d̪ ɔ ]_w
[_w p ɔ t̪ a d̪ ]_w
[_w d̪ i ɔ d̪ ]_w
[_w p r ɔ m ɛ n̪ d̪ i ]_w
[_w j a n̪ u a r i ]_w
[_w ɔ tʃ i t̪ ɛ ]_w
[_w ɡ v i n̪ ɛ j a ]_w
[_w x r a m ɔ t̪ ]_w
[_w m a t̪ r i t̪ ɛ ]_w
[_w l i t̪ ɛ r ]_w
[_w ɛ v r ɛ i ]_w
[_w z̪ ɛ ɡ ɔ i ]_w
[_w d̪ ɔ p i ]_w
[_w m u s̪ i tʃ k i ]_w
[_w f ɛ r u v a ɫ̪ ]_w
[_w z̪ r a ts̪ i n̪ ]_w
[_w b ɔ tʃ n̪ a ɫ̪ ]_w
[_w s̪ a z̪ ɛ m a a t̪ ]_w
[_w z̪ n̪ a m ɛ n̪ ]_w
[_w p ɛ s̪ ]_w
[_w k r i s̪ a ]_w
[_w ts̪ i ts̪ a tʃ i ]_w
[_w n̪ a r ɔ t̪ ]_w
[_w v i d̪ i ]_w
[_w d̪ ɔ p i ɫ̪ a ]_w
[_w ts̪ ɛ l i n̪ ɔ ]_w
[_w ɔ s̪ n̪ a t̪ ɔ ]_w
[_w s̪ a ɡ ɔ n̪ i ]_w
[_w u ɫ̪ ɔ ɡ a ɫ̪ n̪ a ]_w
[_w t̪ ɔ s̪ v ɔ i ]_w
[_w ʒ i r ɔ ɡ a ]_w
[_w p ɔ tʃ i d̪ u v a ]_w
[_w ɛ k ɛ j s̪ k a ]_w
[_w s̪ a k ɔ n̪ i t̪ ɛ ]_w
[_w s̪ ɫ̪ ɔ p ɔ d̪ n̪ i ]_w
[_w ɡ a r i ]_w
[_w s̪ t̪ ɔ ]_w
[_w s̪ t̪ u t̪ ɛ n̪ ]_w
[_w k i tʃ ɛ v ]_w
[_w s̪ v ɛ t̪ i ]_w
[_w z̪ m i z̪ ɫ̪ a m ]_w
[_w ɡ i tʃ ɛ f ɔ ]_w
[_w ɡ a m ɛ n̪ i ]_w
[_w p u n̪ ɛ f a ]_w
[_w k r a d̪ b a ]_w
[_w s̪ ɫ̪ u tʃ a j ]_w
[_w n̪ i k ɔ ɫ̪ a ]_w
[_w p a r d̪ i j a ]_w
[_w n̪ a ʃ l ɛ ]_w
[_w v ɫ̪ a d̪ a ]_w
[_w p a r ɛ m ]_w
[_w x i z̪ a r ]_w
[_w i s̪ t̪ a b i ]_w
[_w d̪ ɔ b i ɛ n̪ ɔ ]_w
[_w s̪ ɛ s̪ t̪ r a n̪ a ]_w
[_w ɔ d̪ v ɔ r ɛ n̪ ]_w
[_w s̪ ɫ̪ u ʃ ɛ ɫ̪ ]_w
[_w ɡ a m b ]_w
[_w t̪ a r v i n̪ ]_w
[_w k ɔ r i z̪ n̪ i z̪ ]_w
[_w p r ɔ v ɛ s̪ ɔ r ]_w
[_w k u ɟ i ]_w
[_w k ɫ̪ a v n̪ i ɔ d̪ ]_w
[_w n̪ a j d̪ ɔ b a r ]_w
[_w z̪ a b i s̪ i ]_w
[_w ɔ b ɛ r a ts̪ i i ]_w
[_w ɔ s̪ t̪ a n̪ i ts̪ i ]_w
[_w p ɔ s̪ t̪ ɔ t̪ ɔ ]_w
[_w s̪ v ɛ t̪ s̪ k i ]_w
[_w s̪ ɛ ɫ̪ a n̪ i t̪ ɛ ]_w
[_w s̪ a b ɔ t̪ n̪ a ]_w
[_w k ɔ ʃ a d̪ a ]_w
[_w p ɛ d̪ a ]_w
[_w ɔ d̪ ɫ̪ u tʃ u v a ]_w
[_w v ɛ s̪ n̪ i ]_w
[_w s̪ ɛ m j a ]_w
[_w m a k i j a ]_w
[_w z̪ ɫ̪ a t̪ n̪ ɛ ]_w
[_w k r a ɫ̪ ɔ t̪ ]_w
[_w ɛ l ɛ n̪ i ]_w
[_w ʒ ɛ n̪ s̪ k i ]_w
[_w d̪ r ɔ p ]_w
[_w t̪ a k v i ]_w
[_w k a d̪ ɛ ]_w
[_w b r ɛ z̪ ɛ m ɛ ]_w
[_w ts̪ ɛ z̪ a r ]_w
[_w k ɔ n̪ ɛ z̪ ]_w
[_w ɡ ɫ̪ a v n̪ i ɔ d̪ ]_w
[_w s̪ n̪ a ɛ ɲ ɛ ]_w
[_w ɡ ɫ̪ a v n̪ ɔ ]_w
[_w ɛ t̪ n̪ a t̪ a ]_w
[_w d̪ ɔ ʃ ɔ ɫ̪ ]_w
[_w z̪ b a c a ]_w
[_w z̪ n̪ a tʃ a j n̪ a ]_w
[_w t̪ ɔ ɡ ɔ v i ]_w
[_w s̪ p ɔ ɡ ɔ v ɔ r ]_w
[_w ɡ a s̪ ]_w
[_w ʃ ɛ k s̪ p ɛ r ɛ ]_w
[_w a v t̪ ɔ r ɔ ]_w
[_w v r v ɔ t̪ ɔ ]_w
[_w ʃ i v ɛ a d̪ ]_w
[_w k ɔ i ʃ t̪ ɔ ]_w
[_w p tʃ ɛ n̪ k a ]_w
[_w s̪ ɔ b i r a ]_w
[_w n̪ a u tʃ n̪ i ts̪ i ]_w
[_w r ɛ d̪ ɔ v n̪ ɔ ]_w
[_w p r a c a ɲ ɛ ]_w
[_w s̪ ɛ m j i ]_w
[_w p i s̪ m ɔ t̪ ɔ d̪ ]_w
[_w d̪ a k v a ]_w
[_w a v r i k a t̪ a ]_w
[_w z̪ i r i j a ]_w
[_w ɔ d̪ b r a n̪ i ]_w
[_w s̪ i t̪ ɛ ]_w
[_w ts̪ r t̪ ɛ ʃ i ]_w
[_w p ɔ s̪ ɛ p ɛ ]_w
[_w ɔ n̪ a k a ]_w
[_w r ɔ t̪ i ]_w
[_w b ɛ s̪ n̪ a t̪ ]_w
[_w p r a k t̪ ɛ r ]_w
[_w r ɛ ʃ i j a ]_w
[_w n̪ a s̪ ɔ k a ]_w
[_w s̪ a p ɔ t̪ ɛ n̪ i ]_w
[_w tʃ a z̪ ɔ d̪ ]_w
[_w ɛ t̪ a p a ]_w
[_w p ɔ k ɔ t̪ p a ]_w
[_w t̪ r u ɡ a d̪ a ]_w
[_w d̪ a p ɫ̪ a ]_w
[_w ɔ b u k a ]_w
[_w v l i j a m ]_w
[_w z̪ a p a t̪ n̪ i ]_w
[_w v r a t̪ ɔ d̪ ]_w
[_w z̪ i t̪ ɛ ]_w
[_w p r ɛ d̪ ɛ n̪ i ]_w
[_w s̪ ɛ t̪ ɔ ]_w
[_w l ɛ d̪ ɔ ]_w
[_w z̪ ɫ̪ a p i ]_w
[_w r u s̪ k a t̪ a ]_w
[_w d̪ ɛ k ɛ m v r i ]_w
[_w ɔ t̪ v ɔ r ɔ d̪ ]_w
[_w ts̪ ɛ ɫ̪ t̪ a ]_w
[_w i m b ɛ r i ɔ t̪ ]_w
[_w d̪ ɔ v ɛ d̪ u v a ]_w
[_w d̪ ɛ r ɛ n̪ ɔ d̪ ]_w
[_w p r a n̪ i tʃ i ]_w
[_w p a t̪ ]_w
[_w z̪ ɛ r i ɔ t̪ ɔ t̪ ]_w
[_w i m a a t̪ ]_w
[_w b ɔ v t̪ ɔ r a ]_w
[_w s̪ t̪ a r i ɔ d̪ ]_w
[_w p r ɔ ts̪ ɛ s̪ i ]_w
[_w t̪ ɔ a ]_w
[_w k a m p a ɲ a ]_w
[_w s̪ i l i d̪ ɛ r ]_w
[_w b u tʃ ɛ d̪ ɔ ɡ ]_w
[_w k ɔ d̪ i n̪ i ts̪ a ]_w
[_w l ɛ n̪ d̪ a ɫ̪ ]_w
[_w ɡ ɫ̪ a z̪ i tʃ ɛ n̪ ]_w
[_w s̪ ɫ̪ u tʃ i ɫ̪ ɔ ]_w
[_w tʃ i t̪ a ɲ ɛ ]_w
[_w s̪ ɛ t̪ i ]_w
[_w p r i z̪ u d̪ n̪ i ]_w
[_w n̪ a b r k u ]_w
[_w n̪ ɛ ɡ ɔ v i ɔ d̪ ]_w
[_w p r a t̪ a m u ]_w
[_w s̪ i d̪ u a ts̪ i i ]_w
[_w s̪ ɔ v ɛ t̪ i ]_w
[_w p r ɔ d̪ ɛ k a ]_w
[_w v ɫ̪ a t̪ ɛ ɛ ɲ ɛ ]_w
[_w k ɔ j a ]_w
[_w ɔ d̪ ɫ̪ u ɡ a ]_w
[_w p a s̪ a ]_w
[_w ʃ ɛ n̪ i j a ]_w
[_w b i l ɛ ]_w
[_w ɔ s̪ t̪ a t̪ ɛ n̪ ]_w
[_w ɔ d̪ b ɔ ɫ̪ n̪ a ]_w
[_w m a j ɡ a ]_w
[_w r a p ɔ d̪ a ]_w
[_w tʃ i s̪ t̪ a ]_w
[_w p ɫ̪ ɔ d̪ ɔ v i ]_w
[_w j ɔ r k ]_w
[_w p ɛ d̪ a d̪ ]_w
[_w m ɔ ʒ n̪ i k ]_w
[_w k ɔ tʃ a n̪ i ]_w
[_w a z̪ b ɛ k t̪ a r ]_w
[_w p ɔ s̪ i ts̪ i ]_w
[_w z̪ d̪ a n̪ u v a ]_w
[_w ɛ s̪ ɛ r ɔ ]_w
[_w ɛ d̪ n̪ ɔ d̪ ɔ ]_w
[_w m ɔ ʃ n̪ ɔ s̪ t̪ a ]_w
[_w p ɔ s̪ t̪ a n̪ a ɫ̪ ]_w
[_w ɡ a k ɔ v ]_w
[_w tʃ l ɛ n̪ ɔ ]_w
[_w ɛ l ɛ m ɛ n̪ t̪ ]_w
[_w m ɔ s̪ t̪ ]_w
[_w p ɔ s̪ n̪ a v a ]_w
[_w p a ɫ̪ ɡ a n̪ ɔ t̪ ]_w
[_w s̪ p ɔ r t̪ ɔ v i ]_w
[_w v r a n̪ ts̪ i ]_w
[_w t̪ ɔ ɫ̪ ʒ n̪ ɔ s̪ t̪ ]_w
[_w i n̪ t̪ ɛ r n̪ ɛ t̪ ]_w
[_w u l i ts̪ a ]_w
[_w p i s̪ m ɔ d̪ ɔ ]_w
[_w ɔ b ɫ̪ a s̪ t̪ i ]_w
[_w s̪ ɫ̪ ɔ ɛ v i ]_w
[_w d̪ ɔ v ɛ t̪ ]_w
[_w ɛ d̪ n̪ i ɔ d̪ ]_w
[_w ɔ v i ts̪ ɛ r i ]_w
[_w ɛ f ɛ ]_w
[_w ɛ z̪ ɛ r v i ]_w
[_w p r ɔ j ]_w
[_w ɛ t̪ n̪ ɔ ]_w
[_w a k t̪ i ɡ a ]_w
[_w p ɔ s̪ i ts̪ i j a ]_w
[_w n̪ a j d̪ ɔ b r ɔ ]_w
[_w v ɛ l ɛ s̪ i j a ]_w
[_w z̪ a n̪ i ɛ ]_w
[_w b r ɛ s̪ ɛ m a ]_w
[_w s̪ ɔ p r u k ]_w
[_w s̪ t̪ i ɫ̪ ]_w
[_w n̪ ɛ m a l ɛ z̪ i ]_w
[_w ɫ̪ a n̪ s̪ i i ]_w
[_w b ɛ a ]_w
[_w tʃ i n̪ ]_w
[_w b r ɛ n̪ t̪ ]_w
[_w ɛ t̪ n̪ a k v ɔ ]_w
[_w ɔ s̪ n̪ ɔ v a tʃ ]_w
[_w s̪ l ɛ d̪ a n̪ ]_w
[_w n̪ a z̪ d̪ i t̪ ɛ ]_w
[_w ɡ a m p a ɲ i ]_w
[_w b ɛ l ɛ ʃ i ]_w
[_w i z̪ d̪ a d̪ a t̪ ]_w
[_w s̪ a n̪ i ]_w
[_w ɡ a ʒ a l ɛ ]_w
[_w d̪ ɔ b i ɫ̪ ]_w
[_w z̪ d̪ a n̪ a t̪ a ]_w
[_w l ɛ n̪ t̪ a r t̪ ]_w
[_w p ɔ z̪ d̪ a v ]_w
[_w t̪ u r s̪ k i ɔ t̪ ]_w
[_w j a s̪ i ɡ ]_w
[_w r a s̪ a ]_w
[_w ɔ s̪ n̪ ɔ v a t̪ a ]_w
[_w k a n̪ d̪ i tʃ k i ]_w
[_w p ɔ v i ]_w
[_w k r u n̪ a ]_w
[_w p ɔ m a ɫ̪ k u ]_w
[_w r ɛ ɡ a t̪ ɛ ʃ ]_w
[_w z̪ a v r ʒ i n̪ a ]_w
[_w p t̪ p ]_w
[_w r ɛ tʃ ɛ n̪ i ]_w
[_w v a ʒ i t̪ ɛ l i ]_w
[_w v n̪ i m a v a ]_w
[_w r a n̪ a t̪ i ɔ n̪ ]_w
[_w ts̪ r n̪ i ɔ d̪ ]_w
[_w a n̪ k l i z̪ ɡ u ]_w
[_w m i s̪ l ɛ ɲ a ]_w
[_w ɔ d̪ m ɔ r ɔ ]_w
[_w v ɛ r a r i ]_w
[_w n̪ a j a v i ]_w
[_w t̪ ɛ v ɔ j k i ]_w
[_w k i d̪ a r a ]_w
[_w b u n̪ ɛ v a ]_w
[_w k r a d̪ i ]_w
[_w f i ɛ d̪ n̪ a ]_w
[_w s̪ ɔ s̪ t̪ a n̪ i ]_w
[_w v ɫ̪ a d̪ a t̪ a ]_w
[_w ʃ v ɛ t̪ s̪ k i ]_w
[_w s̪ a l i v ]_w
[_w a v s̪ t̪ r i ]_w
[_w d̪ ɛ r m i n̪ ɔ t̪ ]_w
[_w k ɔ l ɛ m a t̪ a ]_w
[_w i s̪ t̪ a v ɔ d̪ ]_w
[_w s̪ r ɛ t̪ n̪ a ]_w
[_w b r ɔ m ɛ n̪ ]_w
[_w b ɔ r p a t̪ a ]_w
[_w t̪ a b ɫ̪ a ]_w
[_w v l ɛ v a t̪ a ]_w
[_w i k r a ʒ ɛ ]_w
[_w ɡ a v ɛ ]_w
[_w k ɫ̪ a z̪ ]_w
[_w v ɔ d̪ ɛ n̪ i ]_w
[_w i z̪ b ɔ r ɔ v i ]_w
[_w ɡ a t̪ a ]_w
[_w z̪ d̪ a r i ɔ v ɔ ]_w
[_w p a k t̪ ɛ r i i ]_w
[_w ɛ d̪ n̪ ɔ s̪ i t̪ ɛ ]_w
[_w f i ɫ̪ m ɔ v i ]_w
[_w d̪ v a ]_w
[_w k a l ɛ n̪ d̪ i ]_w
[_w p ɔ l i ]_w
[_w r i m s̪ k i ɔ t̪ ]_w
[_w p ɫ̪ a c a ]_w
[_w d̪ ɛ l ɛ n̪ i ]_w
[_w s̪ a p a t̪ n̪ a d̪ ]_w
[_w p i t̪ ɛ ]_w
[_w t̪ u p k a ]_w
[_w i s̪ l ɛ ɲ a ]_w
[_w p ɔ j a ]_w
[_w p ɔ ɡ r a j ɔ d̪ ]_w
[_w m ɔ ʒ n̪ ɔ s̪ t̪ ]_w
[_w p ɔ d̪ ɛ l i ]_w
[_w v d̪ ɔ r ]_w
[_w k ɔ r ɛ n̪ ]_w
[_w t̪ r ɛ n̪ t̪ ɔ t̪ ]_w
[_w p a r a ɲ a ]_w
[_w z̪ a t̪ ɔ v i ]_w
[_w m ɔ m ɛ n̪ i ]_w
[_w f a ɡ v i ]_w
[_w i l i j a ]_w
[_w ɡ ɔ t̪ i n̪ i ]_w
[_w d̪ r ɛ t̪ i t̪ ɛ ]_w
[_w k ɫ̪ a s̪ a ɲ ɛ ]_w
[_w d̪ ɔ ɫ̪ n̪ i t̪ ɛ ]_w
[_w s̪ u t̪ ]_w
[_w tʃ a m i j a t̪ a ]_w
[_w ɡ ɔ ɫ̪ ɡ u ]_w
[_w ɔ t̪ v i v a ]_w
[_w ɔ s̪ t̪ a n̪ a z̪ ]_w
[_w b r ɛ d̪ ]_w
[_w i n̪ ɡ i ]_w
[_w p r ɛ t̪ ɛ n̪ a ]_w
[_w p r i k ɫ̪ u z̪ ]_w
[_w ɛ d̪ n̪ ɔ s̪ n̪ ɔ ]_w
[_w d̪ a d̪ u s̪ ]_w
[_w ɡ r i ʃ i ]_w
[_w ɔ s̪ t̪ a n̪ i ɛ ]_w
[_w n̪ a j d̪ ɔ b r i ]_w
[_w b a z̪ i l i t̪ ɛ ]_w
[_w ɔ b l ɛ m i ɔ t̪ ]_w
[_w z̪ n̪ a tʃ ɛ r ]_w
[_w r a z̪ l i k a ]_w
[_w b u ɡ a r i t̪ ɛ ]_w
[_w r a n̪ k i t̪ ɛ ]_w
[_w n̪ i k a ]_w
[_w s̪ a v r ʒ i ]_w
[_w ɔ b i tʃ n̪ ɔ s̪ t̪ ]_w
[_w d̪ ɔ ɡ ɔ v i ]_w
