[_w dʒ aː ɡ a ɡː e ]_w
[_w ɡ eː ɭ i d̪ a ]_w
[_w s a n tʃ e ]_w
[_w k aː ʋ j a ]_w
[_w i d̪ː a lː i ]_w
[_w ʋ aː p a s ]_w
[_w iː t̪ a ]_w
[_w kʰ a ʈː a ]_w
[_w dʒ i k u r u ]_w
[_w n i nː e j a ]_w
[_w h iː ɡ aː ɡ i ]_w
[_w k aː j i ]_w
[_w i ʋ a r a nː a ]_w
[_w j u d̪ d̪ʱ a ]_w
[_w r e kː e ]_w
[_w k a ɳ ɖ e ɡ e ]_w
[_w eː ɖ u ]_w
[_w n a mː uː r a ]_w
[_w tʃ aː n a l ]_w
[_w a ʋ a n i ɡ e ]_w
[_w b a ɭ a s i j a ]_w
[_w tʃ aː t̪ i j a ]_w
[_w i l i tʃ ]_w
[_w bʱ uː m i ɡ e ]_w
[_w a d̪ e lː aː ]_w
[_w a ʋ a n a d̪ a ]_w
[_w j aː r i ɡ e ]_w
[_w b r a ʃ a s t̪ i ]_w
[_w r a n k a ɭ a ]_w
[_w aː dʒ a r a ɳ e ]_w
[_w t̪ oː ɖ a ]_w
[_w h o t̪ː i ɡ e ]_w
[_w d̪ a n ɡ i ]_w
[_w k aː r u ]_w
[_w i r l i ]_w
[_w n i kʰ i l ]_w
[_w ʃ aː ʃ ʋ a d̪ a ]_w
[_w m e lː a n e ]_w
[_w p a ʈː i ]_w
[_w m a r a ɡ a d̪ a ]_w
[_w l aː pʰ a ]_w
[_w h a l a ʋ a r i ]_w
[_w n oː ʋ u ]_w
[_w m aː l e ]_w
[_w n a ɡ u ]_w
[_w s a kː a r u ]_w
[_w b a d̪ e ]_w
[_w b a ɭː aː r i ]_w
[_w t̪ i n d̪ a ]_w
[_w e t̪ː a r a ]_w
[_w m u n dʒ e ]_w
[_w aː dʒ aː d̪ ]_w
[_w u t̪ː a m a ]_w
[_w s a d̪ʱ j a ]_w
[_w a jː oː ]_w
[_w ʋ aː r ʂ i ɡ e ]_w
[_w ɡ aː j i l e ]_w
[_w i r oː ]_w
[_w e n d̪ i n a ʋ eː ]_w
[_w aː j d̪ a ]_w
[_w e n i s i d̪ a ]_w
[_w m e tʃː i n a ]_w
[_w o n t̪ i ʂ ʈ u ]_w
[_w m oː ɖ a d̪ a ]_w
[_w ɡ a ʈː i ]_w
[_w ɡ a ɳ eː ʃ a ]_w
[_w ʋ i ʃ i ʂ ʈ a ]_w
[_w t̪ iː r aː ]_w
[_w s ʋ a l p a ]_w
[_w a l d̪ aː ]_w
[_w m iː ɖ a r ]_w
[_w t̪ aː r e ]_w
[_w e lː e ʈ e ]_w
[_w t̪ i n aː ]_w
[_w t̪ e l u ɡ u ]_w
[_w p a n d̪ r a ]_w
[_w h a n t̪ a ]_w
[_w aː r i s i ]_w
[_w ʋ aː s a ]_w
[_w n a ɖ e s a l u ]_w
[_w dʒ a n a r u ]_w
[_w m a ʈː a d̪ a ]_w
[_w b a ʈː a ]_w
[_w m aː n j a ]_w
[_w s a n d̪ iː p ]_w
[_w i d̪ː aː n e ]_w
[_w tʃ i d̪ː aː r e ]_w
[_w s a kː a r e ]_w
[_w ɡ aː l i ɡ e ]_w
[_w h e mː e j a ]_w
[_w s aː l a t̪ a ]_w
[_w s i kː i lː a ]_w
[_w n a ɖ e ]_w
[_w h eː ɭ i d̪ː a ]_w
[_w n a nː a nː u ]_w
[_w ʈ i ʋ i ]_w
[_w b i ʈː i d̪ u ]_w
[_w u ɭ i d̪ u ]_w
[_w s u t̪ː a ]_w
[_w i r u t̪ː a t̪ e ]_w
[_w a ʋ a r i n t̪ a ]_w
[_w h aː ʈ u ʋ a ]_w
[_w ɡ uː ɡ u ]_w
[_w s a t̪ː a ]_w
[_w eː ɭ a n eː ]_w
[_w ʋ i r oː d̪ʱ a ]_w
[_w k a ɖ e ɡ e ]_w
[_w h oː ɡ i t̪ e ]_w
[_w k a ɳː u ]_w
[_w r a tʃ a n i ]_w
[_w ɡ o n e ]_w
[_w k iː ɭ u ]_w
[_w n i n t̪ a ]_w
[_w b a l a kː e ]_w
[_w k oː ɳ e ɡ e ]_w
[_w p a r t̪ aː ]_w
[_w oː d̪ i d̪ː e ]_w
[_w m j aː l e ]_w
[_w i r u t̪ː a d̪ a ]_w
[_w aː ɖ a ɭ i d̪ a ]_w
[_w s a m u d̪ r a ]_w
[_w m iː r i ]_w
[_w ʋ aː t̪ a ]_w
[_w k aː d̪ u ]_w
[_w k aː l i n a ]_w
[_w b u r u ʂ a ]_w
[_w h e ɳː u ]_w
[_w i d̪ eː n i d̪ e ]_w
[_w n i d̪ r e ]_w
[_w ʈ oː p i ]_w
[_w a n u m aː n a ]_w
[_w s i ɖ i ]_w
[_w a j d̪ u ]_w
[_w k uː t̪ u ]_w
[_w eː n e lː a ]_w
[_w s aː ʋ i r a ]_w
[_w n e n a p i t̪ e ]_w
[_w e lː e lː uː ]_w
[_w i ʋ a ɭ i k e ]_w
[_w dʒ i d̪ r aː ]_w
[_w oː t̪ i d̪ː u ]_w
[_w ɡ a l i j a l u ]_w
[_w b i t̪ː u ]_w
[_w n i lː u ʋ a ]_w
[_w n a n ]_w
[_w o bː a ɭ u ]_w
[_w t̪ a l u p i t̪ a ]_w
[_w r a n ɡ oː l i ]_w
[_w ɡ a ɳ ʈ a ]_w
[_w k aː r j a ]_w
[_w ɡ e l a s a ]_w
[_w m u k t̪ a ]_w
[_w l a bʱ j a ]_w
[_w t̪ eː ʃ a ]_w
[_w n a ʋ i l u ]_w
[_w h a s i ]_w
[_w eː n a nː u ]_w
[_w p i ʈ u ]_w
[_w h a l a s i n a ]_w
[_w m a r j aː j a ]_w
[_w ʃ a k t̪ i j a ]_w
[_w t̪ i n ɡ a ɭ a ]_w
[_w e n d̪ uː ]_w
[_w o n t̪ʰ a r aː ]_w
[_w a n d̪ a ]_w
[_w e n d̪ʱ aː ]_w
[_w h oː d̪ r e ]_w
[_w m a d̪ ʋ e ]_w
[_w k a t̪ e ɡ e t̪ a ]_w
[_w b e l e ]_w
[_w ʋ i dʒ i d̪ a ]_w
[_w a n d̪ r a ]_w
[_w t̪ i n a ]_w
[_w h eː ɭ a l i ]_w
[_w m a k a ɭ a ]_w
[_w k a ɳ a p a ]_w
[_w h u ʈː u ]_w
[_w j aː ʋ u d̪ e ]_w
[_w b a n d̪ a ]_w
[_w t̪ i n eː ʃ ]_w
[_w h i ʈ i j oː ]_w
[_w n a ɡ a ]_w
[_w iː k i r u ʋ a ]_w
[_w a ʂ ʈ o n t̪ u ]_w
[_w oː ɖ a ]_w
[_w h eː ɡ i t̪ e ]_w
[_w i ʋ e lː aː ]_w
[_w h a r a ɡ a ɭ a ]_w
[_w ʋ i t̪ eː ʃ iː ]_w
[_w ʋ i ʋ a r a ]_w
[_w tʃ aː s t̪ i ]_w
[_w s u r eː ʃ a ]_w
[_w r a ɡ t̪ a ]_w
[_w a d̪ a nː eː ]_w
[_w d̪ uː ɡ a ]_w
[_w t̪ iː r a d̪ a ]_w
[_w s iː ɖ u ]_w
[_w i n d̪ʱ aː ]_w
[_w ʋ a r ʂ a kː e ]_w
[_w t̪ e ɡ e j a ]_w
[_w m u ɡ d̪ʱ a ]_w
[_w s a n j u ɡ t̪ a ]_w
[_w e t̪ u r u ]_w
[_w n iː ɖ u ʋ a ]_w
[_w a ʋ a ɭ eː ]_w
[_w p aː r a d̪ oː ]_w
[_w oː l e ]_w
[_w a ʋ a r a d̪ a ]_w
[_w k u d̪ u r e ]_w
[_w n oː ʋ a nː u ]_w
[_w k a n k a ɖ i ]_w
[_w a n t̪ a r a ɡ i ]_w
[_w n i l u ʋ u ]_w
[_w b u ɡ ]_w
[_w a d̪ i j aː t̪ a ]_w
[_w d̪ʱ a r aː ]_w
[_w m a ɡː a ɭ uː ]_w
[_w l i b i ]_w
[_w e ʂ ʈ o n t̪ u ]_w
[_w s a r k a d̪ a ]_w
[_w b r a b a n tʃ a ]_w
[_w a ʃ ʋ a d̪ʱ ]_w
[_w j aː ʋ u d̪ o ]_w
[_w t̪ oː ɖ a ɡː e ]_w
[_w h o kː u ]_w
[_w a n i s i d̪ u ]_w
[_w h iː k o n t̪ u ]_w
[_w aː t̪ a m ]_w
[_w o l a ʋ i n a ]_w
[_w n e n a b i n a ]_w
[_w n aː n e ]_w
[_w n i l d̪ aː ɳ a ]_w
[_w m i n tʃ u ]_w
[_w o n d̪ uː ]_w
[_w e n d̪ a r uː ]_w
[_w h a r i j u ʋ a ]_w
[_w l eː kʰ a n a ]_w
[_w b aː ɭ u ]_w
[_w a ʋ u ɡ a ɭ u ]_w
[_w ʈ r e s ]_w
[_w ʈ aː ʈ ]_w
[_w dʒ aː t̪ i ]_w
[_w ɖ i ɡ e ɖ ]_w
[_w h a ɳ a ]_w
[_w a ɖ i ]_w
[_w n e l a kː e ]_w
[_w oː d̪ u ʋ u d̪ u ]_w
[_w m a ɡ a ɭ a ]_w
[_w i bː a r a ]_w
[_w m uː k i n a ]_w
[_w m aː r a n eː ]_w
[_w h aː ɡ eː ]_w
[_w ʋ a r t̪ a ʋ j a ]_w
[_w e l e ]_w
[_w m aː ɖ oː ɡ e ]_w
[_w k u r u d̪ u ]_w
[_w e lː a r u ]_w
[_w ɖ i ɡ e ]_w
[_w eː n uː ]_w
[_w i ʋ a n u ]_w
[_w m a n e j a ]_w
[_w s i ɡ u t̪ː e ]_w
[_w i d̪ː aː r e ]_w
[_w h oː ɡ i d̪ː u ]_w
[_w m a n tʃ u ]_w
[_w b aː t̪ ]_w
[_w aː t̪ a n a ]_w
[_w a ʃ oː k ]_w
[_w tʃ a l a ]_w
[_w d̪ a l e ɡ e ]_w
[_w ɡ o ɖ u ]_w
[_w n e n a p i d̪ e ]_w
[_w dʒ aː r dʒ ]_w
[_w h a n i ]_w
[_w k a l i k e ]_w
[_w h i ɳ ɖ u ]_w
[_w h a r i ]_w
[_w b a d̪ r a d̪ a ]_w
[_w a n ɡ i j a ]_w
[_w m o d̪ l u ]_w
[_w ɡ a ɳ ɖ a r uː ]_w
[_w p a d̪ i ]_w
[_w p a n d̪ i lː a ]_w
[_w k o t̪ː aː ]_w
[_w i t̪ː a lː i ]_w
[_w l eː s u ]_w
[_w h o r a ]_w
[_w s a n s aː r a ]_w
[_w ɡ o ɖ u ʋ a ]_w
[_w t̪ a ɳ ʈ a t̪ː u ]_w
[_w s ʋ aː m iː ]_w
[_w h aː ɡ e n t̪ u ]_w
[_w l a n tʃ a ]_w
[_w t̪ a ɳ ɖ a r uː ]_w
[_w b a ɖ u ʋ e ]_w
[_w h a tʃː i ]_w
[_w tʃ aː ɳ a ]_w
[_w t̪ oː ʈ a kː e ]_w
[_w n a ɖ e d̪ i d̪ e ]_w
[_w a ʋ a ɭ i ɡ a ]_w
[_w s a t̪ j a t̪ e ]_w
[_w bʱ aː ɡ a d̪ a ]_w
[_w a ʋ a n a ]_w
[_w s a m eː t̪ a ]_w
[_w h i r i j a ]_w
[_w k aː r ɖ ]_w
[_w n a ɡː a r u ]_w
[_w t̪ u m b a j i ]_w
[_w h eː ɭ a ]_w
[_w b r a t̪ i m e ]_w
[_w r aː ɡ a ]_w
[_w n a ɖ e d̪ u ]_w
[_w b i s i l a ]_w
[_w o n tʃ uː r u ]_w
[_w j a ʃ a sː u ]_w
[_w k uː d̪ u ]_w
[_w h u ʈː u ʋ a ]_w
[_w t̪ i kː u ]_w
[_w dʒ a n a kː e ]_w
[_w a d̪ k e ]_w
[_w a r t̪ʰ a ]_w
[_w h u ʈː i ]_w
[_w p a tʃ e ɖ ]_w
[_w m u k i s i ]_w
[_w r aː kʰ u ]_w
[_w m a ʈː i k e ]_w
[_w d̪ i ɭ i s i t̪ a ]_w
[_w aː k i r u ]_w
[_w s a n ɡ iː t̪ a ]_w
[_w k e ɭ a k i n a ]_w
[_w n a ɳ ɖ u ]_w
[_w m uː ɡ i n a ]_w
[_w ʃ aː n t̪ i ]_w
[_w tʃ i lː a r e ]_w
[_w u t̪ː eː ʃ a ]_w
[_w s u m aː r u ʋ a ]_w
[_w ʋ i ɭ aː s a ]_w
[_w ɡ aː m a ]_w
[_w k aː j a n a ]_w
[_w b r a t̪ʰ aː n a ]_w
[_w j aː r i ɡ e ʈ ]_w
[_w a p a r aː d̪ʱ a ]_w
[_w p a d̪ j a n t̪ a ]_w
[_w i d̪ iː ɡ a ]_w
[_w s aː l a ]_w
[_w b r a bʱ u ]_w
[_w b a ʈː e ]_w
[_w e l e j a ]_w
[_w bʱ a t̪ː a t̪ a ]_w
[_w b oː s ʈ ]_w
[_w s u t̪ː a l uː ]_w
[_w t̪ uː ɡ a ]_w
[_w o l e ]_w
[_w h e tʃː u ]_w
[_w n e r a ɭ u ʋ a ]_w
[_w h o ɭ e ]_w
[_w kʰ aː r a ]_w
[_w i ʋ a t̪ː i n a ]_w
[_w aː ɡ i n a ]_w
[_w n aː ʋ e lː a ]_w
[_w t̪ a m a ɡ uː ]_w
[_w h aː ɭ u ]_w
[_w b aː l i n a ]_w
[_w n i mː a d̪ u ]_w
[_w h u lː i n a ]_w
[_w b a d̪ r i k aː ]_w
[_w b a nː i ]_w
[_w r a lː i ]_w
[_w k a t̪ː u ]_w
[_w ʋ i ʋ eː k a ]_w
[_w b aː r k ]_w
[_w i ʋ a r a ]_w
[_w u d̪ː a t̪ e ]_w
[_w m a t̪ː o mː e ]_w
[_w ɡʱ u ʂ i ]_w
[_w e m p a r ]_w
[_w i n d̪ i n a ]_w
[_w ɡ o ɭː a l u ]_w
[_w l e kː a ]_w
[_w i nː eː n u ]_w
[_w n e tʃː i n a ]_w
[_w n a nː a ]_w
[_w r a m eː ʃ a ]_w
[_w a lː aː ]_w
[_w k o n e ]_w
[_w t̪ u ʈ i ]_w
[_w ɡ aː n uː n u ]_w
[_w ɡʱ a r iː t̪ i k e ]_w
[_w a ʋ a n a d̪ e ]_w
[_w i nː uː ]_w
[_w h oː ɡ l i ]_w
[_w b aː ɡ i l a ]_w
[_w i ʈ a k a ɭ u ]_w
[_w k aː j a ]_w
[_w b a sː u ]_w
[_w i lː a ʋ e ]_w
[_w h aː ɖ a l u ]_w
[_w ɡ a nː a ɖ i ]_w
[_w m aː ɖ a l i ]_w
[_w dʒ i ʈː aː ɳ i ]_w
[_w bʱ a l e ]_w
[_w n uː r a kː e ]_w
[_w m uː l a ɡ a ]_w
[_w m u nː u ɖ i ]_w
[_w h a l a ʋ u ]_w
[_w a n d̪ i ɡ uː ]_w
[_w h o r a ɖ a l u ]_w
[_w k a ɭ u ]_w
[_w o n d̪ a ]_w
[_w h eː ɭ i ɡ e ]_w
[_w j oː tʃ a n e ]_w
[_w j u ʋ a ]_w
[_w k e nː e ]_w
[_w i d̪ e lː a ]_w
[_w a r a ɭ i d̪ a ]_w
[_w ʋ aː r ʂ i k a ]_w
[_w ɡ o ʈː a ]_w
[_w t̪ a n a ]_w
[_w k aː d̪ r a ]_w
[_w m uː k u ]_w
[_w i nː a ʂ ʈ u ]_w
[_w p r a ʋ eː ʃ a ]_w
[_w e tʃː a r i ɡ e ]_w
[_w s a m p a r ]_w
[_w i n d̪ i ]_w
[_w m aː d̪ r e ]_w
[_w d̪ʱ a ʈː a n e ]_w
[_w k uː ɖ i d̪ a ]_w
[_w ɡ aː r ]_w
[_w h aː s a n e ]_w
[_w i r a t̪ u ]_w
[_w n aː n a t̪ a ]_w
[_w s a d̪ j a t̪ a ]_w
[_w n i m i ʂ a ]_w
[_w d̪ i nː a l u ]_w
[_w t̪ a l e j a ]_w
[_w t̪ a n e ]_w
[_w b u ɖ a ]_w
[_w s eː r i d̪ a ]_w
[_w b r a dʒ aː ]_w
[_w oː d̪ i ]_w
[_w ʈ i s e m p a r ]_w
[_w o ɭː e ]_w
[_w a d̪ e ʂ ʈ u ]_w
[_w oː d̪ u ʋ a ]_w
[_w ɡ aː ɳ i ]_w
[_w t̪ eː l i ]_w
[_w a kː a ]_w
[_w h a t̪ j e ]_w
[_w h aː ɖ i ]_w
[_w k a ɳ a k a ]_w
[_w a m e r i ɡ a n ]_w
[_w b a ɭ a s u ʋ a ]_w
[_w s a n kʰ a ]_w
[_w ʋ i ʃ eː ʂ a ]_w
[_w ɡ a l a ]_w
[_w t̪ʰ r iː ʈ i ]_w
[_w a ʂ ʈ u ]_w
[_w k a r e d̪ e ]_w
[_w p e nː u ]_w
[_w ɡ u ɖ i j u ʋ a ]_w
[_w n a n d̪ a d̪ a ]_w
[_w m a kː a ɭ u ]_w
[_w h aː ɡ e j a ]_w
[_w i nː o bː a ]_w
[_w b aː j a ]_w
[_w b a d̪ r i ɡ e ]_w
[_w a ʋ a ɡ aː ʃ ]_w
[_w aː d̪ r e ]_w
[_w p e ɭ e j a ]_w
[_w bʱ eː ʈ i ]_w
[_w p a sː i n a ]_w
[_w e d̪ u r u ]_w
[_w u ʈː u ]_w
[_w n i tʃ a kː uː ]_w
[_w b a ɭ a ]_w
[_w m i ʈʰ aː j i ]_w
[_w n aː ʈ u ]_w
[_w i ʋ e lː a ]_w
[_w n i mː a nː u ]_w
[_w k j aː n s a ]_w
[_w iː ʃ ʋ a r a nː u ]_w
[_w o l a ʋ u ]_w
[_w e ʂ ʈ ]_w
[_w b r eː m a d̪ a ]_w
[_w h uː ʋ i n a ]_w
[_w m a r u ]_w
[_w m a n a s u ]_w
[_w m e ɳ a s i n a ]_w
[_w s ʋ a tʃ tʃʰ a ]_w
[_w h a n k eː ]_w
[_w i d̪ː a ]_w
[_w k aː l eː dʒ u ]_w
[_w a kː a n d̪ e ]_w
[_w s a m a k e ]_w
[_w a lː uː ]_w
[_w uː ʈ a d̪ a ]_w
[_w m uː ɖ i ]_w
[_w p i d̪ː i d̪ː u ]_w
[_w p a d̪ u ɡ a ]_w
[_w ɡ o t̪ː u ]_w
[_w n i d̪ː e ]_w
[_w i ʈː u ]_w
[_w d̪ i n eː ʃ ]_w
[_w s i ɡ a d̪ e ]_w
[_w b r a ɡ r i j e ]_w
[_w s u m n e ]_w
[_w ʃ aː l e ɡ e ]_w
[_w t̪ a pː a ]_w
[_w t̪ a k o ɳ ɖ u ]_w
[_w m u n d̪ aː t̪ a ]_w
[_w o bː a r u ]_w
[_w h a kː u ]_w
[_w ɡ u ɳ i d̪ a ]_w
[_w o bː a ɭ eː ]_w
[_w h i ɖ i ]_w
[_w n j uː s ]_w
[_w m u ɭː u ]_w
[_w k a ɳ ɖ i d̪ a ]_w
[_w a n d̪ a r uː ]_w
[_w tʃ a n d̪ r u ]_w
[_w ɡ aː r a ]_w
[_w n j aː n oː ]_w
[_w h a ɭː i j a ]_w
[_w k aː ɳ e ]_w
[_w d̪ oː s e ]_w
[_w i r t̪ aː r e ]_w
[_w a d̪ a r a lː i ]_w
[_w ɡ r a m eː ʃ a ]_w
[_w s a m aː dʒ a ]_w
[_w aː ʋ aː k a ]_w
[_w h i n d̪ iː ]_w
[_w s i kː u ]_w
[_w dʒ a bː aː ɭ e ]_w
[_w t̪ e r e ]_w
[_w iː ɡ i n a ]_w
[_w m a n a ]_w
[_w a dʒː i j a ]_w
[_w ɡ e ʈː u ]_w
[_w h a ɭː i ]_w
[_w h e ɳ ɖ a d̪ i ]_w
[_w s i kː i t̪ u ]_w
[_w e t̪ː a ]_w
[_w u p aː j a ]_w
[_w p e ɭ e ]_w
[_w n a d̪ i ]_w
[_w aː k e lː a ]_w
[_w e lː a r a ]_w
[_w o m p a t̪ː u ]_w
[_w ɡʱ a ʈː a ]_w
[_w m a r a ]_w
[_w h o t̪ː a ]_w
[_w h i r i j a r a ]_w
[_w b eː k i d̪ e ]_w
[_w k aː l u ]_w
[_w b r a j oː ɡ a ]_w
[_w m aː r ɡ a ]_w
[_w n i n a ɡ e ]_w
[_w n iː n ]_w
[_w s iː r e ]_w
[_w i d̪ e lː aː ]_w
[_w s a m bʱ r a m a ]_w
[_w a m e r i k e ɖ ]_w
[_w s a n d̪ a r a ]_w
[_w h u tʃː u ]_w
[_w m u d̪ u ɡ a ]_w
[_w b a r e d̪ a ]_w
[_w a t̪ʰ a ʋ aː ]_w
[_w bʱ a ʋ i ʂ j a ]_w
[_w s i m e ɳ ɖ ]_w
[_w ʋ a r ʂ a ]_w
[_w ʋ i ʋ i d̪ʱ a ]_w
[_w b a j a k e ]_w
[_w n a kː u ]_w
[_w b i ɖ a d̪ a ]_w
[_w l oː ɡ a ]_w
[_w a r i ʋ i k e ]_w
[_w k e ɭ e d̪ a n a ]_w
[_w o t̪ː i ]_w
[_w b a d̪ u k u ʋ a ]_w
[_w a ʋ a ɭ a ]_w
[_w i t̪ a nː eː ]_w
[_w eː n o ]_w
[_w k a ɖː i ]_w
[_w t̪ aː ɭ i ]_w
[_w a s a h j a ]_w
[_w i lː eː ]_w
[_w i ʋ a ɭ i ]_w
[_w k uː ʈ aː ]_w
[_w ɡ a l i j u ʋ a ]_w
[_w m aː ʈ a l u ]_w
[_w h eː ɭ i d̪ a ]_w
[_w b aː l u ]_w
[_w a t̪ a nː u ]_w
[_w p r a s aː d̪ a ]_w
[_w a n t̪ a l eː ]_w
[_w i ʋ a r i ]_w
[_w n aː ɡ eː ʃ ]_w
[_w r a dʒ aː ]_w
[_w ɡ aː l eː dʒ u ]_w
[_w t̪ a ʋ a ]_w
[_w a n d̪ i t̪ u ]_w
[_w t̪ a bː i ]_w
[_w k uː k a l ]_w
[_w k aː ɖ u ʋ a ]_w
[_w t̪ uː r a t̪ a ]_w
[_w b i ɡ ]_w
[_w t̪ aː ʋ eː ]_w
[_w m a k a ɭ e ]_w
[_w k a l i d̪ e ]_w
[_w bʱ aː ʂ e j a ]_w
[_w ɡ aː l i n a ]_w
[_w m a ʈː a kː e ]_w
[_w a nː i s i d̪ a ]_w
[_w n a ʈ u ʋ a ]_w
[_w m a t̪ː a ]_w
[_w aː k i d̪ː u ]_w
[_w i lː i ʋ e ]_w
[_w ɡʱ a ɳ ʈ e ɡ e ]_w
[_w m a k a ɭ u ]_w
[_w a n d̪ aː n e ]_w
[_w k e l u ʋ u ]_w
[_w d̪ aː ɖ i ]_w
[_w b a kː aː ]_w
[_w s a r a d̪ i ]_w
[_w e p r i l ]_w
[_w tʃ a ɖ a ]_w
[_w r aː dʒ u ]_w
[_w k a l i ɡ e ]_w
[_w s a t̪ː i ɡ e ]_w
[_w h oː d̪ a ʋ u ]_w
[_w t̪ a m a ɡ e ]_w
[_w t̪ iː ʋ r a ]_w
[_w a ʃ u d̪ oː ʃ ]_w
[_w h a dʒ aː r e ]_w
[_w t̪ a l u p i ]_w
[_w p e ʈː a d̪ a ]_w
[_w e n u ]_w
[_w t̪ eː ʋ a r a nː u ]_w
[_w b i ʈː i t̪ u ]_w
[_w j aː ʋ aː ɡ a ]_w
[_w s i kː aː ɡ a ]_w
[_w ɡ a ɳ ɖ u ]_w
[_w d̪ a n ɡ a ɖ i ]_w
[_w b e ʈː a ]_w
[_w s a n d̪ oː ʂ a ]_w
[_w n a m a ɡ eː ]_w
[_w tʃ a ɡ a ɭ a ]_w
[_w b a d̪ r e ]_w
[_w s aː k a ʂ ʈ a ]_w
[_w s a n k a ɭ u ]_w
[_w m a h i ɭ aː ]_w
[_w k oː ɭ u ]_w
[_w ɖ r aː pʰ i ɡ ]_w
[_w b aː d̪ r a ]_w
[_w k a ɳː a ]_w
[_w t̪ aː j i k e ]_w
[_w b e n k i ]_w
[_w n aː ɭ e j a ]_w
[_w ɡ iː r t̪ i ]_w
[_w h u lː u ]_w
[_w p eː k i lː a ]_w
[_w o bː i k e ]_w
[_w b a j a s u ʋ a ]_w
[_w t̪ a m b u ]_w
[_w a ɳː aː ]_w
[_w p a t̪ i ]_w
[_w oː ʈ i ]_w
[_w d̪ a r a ]_w
[_w dʒ a n a ʋ u ]_w
[_w ɡ i ʋ i ɡ e ]_w
[_w aː t̪ a n ɡ a t̪ i ]_w
[_w a p uː r ʋ a ]_w
[_w m o d̪ a l a ]_w
[_w t̪ a l u b a l u ]_w
[_w d̪ a l u ]_w
[_w b uː r ɳ a ]_w
[_w aː p t̪ a ]_w
[_w n aː j a k a ]_w
[_w a nː u ]_w
[_w b a tʃ e ɖ ]_w
[_w ʋ i n j aː s a ]_w
[_w p aː j i ]_w
[_w oː d̪ a l u ]_w
[_w m eː ʂ ʈ r u ]_w
[_w i d̪ a nː a ]_w
[_w s t̪ʰ a ɭ a kː e ]_w
[_w ɡ eː ɭ u ]_w
[_w a ʋ a r a ]_w
[_w b a lː a ]_w
[_w tʃ i lː e ]_w
[_w m i t̪ r a ]_w
[_w o ʈː aː ɡ i ]_w
[_w ʈ eː b a l ]_w
[_w b a r a ɖ u ]_w
[_w tʃ a n a kː e ]_w
[_w ʋ aː ɳ i dʒ j a ]_w
[_w s j aː m b a l a ]_w
[_w h e k a ɖ e ]_w
[_w n i nː i n d̪ a ]_w
[_w i l aː kʰ e ]_w
[_w b eː ʈ e ]_w
[_w ɡ uː t̪ e ]_w
[_w i n t̪ʰ aː ]_w
[_w r u p aː j i ɡ e ]_w
[_w n aː ɭ e ]_w
[_w m aː ɖ u d̪ː a ]_w
[_w aː t̪ a ]_w
[_w i d̪ eː n u ]_w
[_w e lː i n d̪ a r u ]_w
[_w i ɳ ʈ i j a lː i ]_w
[_w ɡ a l aː ]_w
[_w b e l e ɡ e ]_w
[_w n iː ʈ a l u ]_w
[_w k ʂ eː d̪ r a ]_w
[_w k e r e ]_w
[_w bʱ aː ʂ a ɳ a ]_w
[_w s aː l a d̪ u ]_w
[_w m a k a n a s a ]_w
[_w tʃ aː r i ɡ e ]_w
[_w k a d̪ e ]_w
[_w h oː k i d̪ː e ]_w
[_w b r a j aː ɳ a ]_w
[_w u ɭ i d̪ a ]_w
[_w s iː m i t̪ a ]_w
[_w a d̪ a nː a d̪ u ]_w
[_w aː ʋ a t̪ː u ]_w
[_w b i ɭ i j a d̪ a ]_w
[_w k aː r i ]_w
[_w aː d̪ a m ]_w
[_w b i l aː s ]_w
[_w ɡ a t̪ː e ]_w
[_w m u d̪ u ɡ i ɡ e ]_w
[_w k u ɳ ɖ u ]_w
[_w k a r e ɳ ʈ u ]_w
[_w h aː ʋ a ɭ i ]_w
[_w p a ɖ a ]_w
[_w m aː ɖ i d̪ː a ]_w
[_w p a d̪ u ɡ i ]_w
[_w t̪ u d̪ i ɡ e ]_w
[_w k a ɳ ]_w
[_w p i ɖ a l u ]_w
[_w tʃ i lː e j a ]_w
[_w u t̪ j a m a ]_w
[_w n aː n o bː a ]_w
[_w m aː r aː ɖ a ]_w
[_w iː tʃ e ɡ e ]_w
[_w n aː j i ]_w
[_w i nː u ]_w
[_w i bː a t̪ː u ]_w
[_w d̪ a lː i ]_w
[_w h oː ʈ e l ]_w
[_w h aː j ]_w
[_w a n t̪ e ɡ e ]_w
[_w s a m uː h a ]_w
[_w k a ɳː aː r e ]_w
[_w r a ʃ iː d̪ ]_w
[_w b a d̪ i ]_w
[_w s a h a n e ]_w
[_w s u ɭː u ]_w
[_w k a r e j u ʋ a ]_w
[_w h oː ɡ u ʋ a ]_w
[_w n iː l i ]_w
[_w tʃ aː r a ]_w
[_w o t̪ː u ]_w
[_w t̪ a r u ]_w
[_w aː j d̪ u ]_w
[_w i d̪ː u ʋ u ]_w
[_w u r i ]_w
[_w k aː r a ]_w
[_w h oː ɡ a l u ]_w
[_w ɡ a ʈː u ʋ a ]_w
[_w h i ɖ i d̪ u ]_w
[_w a n tʃ e ]_w
[_w m iː s e ]_w
[_w k i m iː ]_w
[_w p a kː e j eː ]_w
[_w iː ɡ i r u ]_w
[_w k a r i ]_w
[_w h e mː e ]_w
[_w ʋ i ʋ a r u ]_w
[_w m uː ɖ i d̪ a ]_w
[_w r uː m i ɡ e ]_w
[_w ʈ i ɡ r i ]_w
[_w m aː ɖ i ɡ e ]_w
[_w ɖ oː p i ]_w
[_w e m b u ]_w
[_w a ɭ u ]_w
[_w aː ʃ a j a ]_w
[_w s uː p a r ]_w
[_w a n d̪ʱ aː ]_w
[_w ʋ eː r ]_w
[_w k aː d̪ a ]_w
[_w b a r j aː d̪ e ]_w
[_w n j aː n o ]_w
[_w a lː e ]_w
[_w a ʋː a ]_w
[_w eː ʈ u ]_w
[_w t̪ aː n u ]_w
[_w ʃ i ʋ u ]_w
[_w k a ɭ e ]_w
[_w t̪ a n d̪ u ]_w
[_w m o ʈː e ]_w
[_w ɡ i r u ]_w
[_w e ʂ ʈ o n d̪ u ]_w
[_w ʋ a l a ]_w
[_w ɡ o n d̪ u ]_w
[_w t̪ o ʈː a ]_w
[_w m a n e ]_w
[_w k a s a d̪ a ]_w
[_w tʃ aː r i ]_w
[_w ɡ a ɳ i ʋ e j a ]_w
[_w n e n a p i n a ]_w
[_w ɡ a ʋ a n i ]_w
[_w tʃ a ʈ e ]_w
[_w j aː r a d̪ a ]_w
[_w o ʈː i ɡ e ]_w
[_w e m b a r ]_w
[_w r a s t̪ e ]_w
[_w t̪ uː r a d̪ a ]_w
[_w b a r t̪ aː ]_w
[_w a ʋ ʂ a d̪ʱ i ]_w
[_w aː s e ]_w
[_w bʱ aː k a ]_w
[_w o mː e l e ]_w
[_w oː d̪ u k a ]_w
[_w m u n ɡ aː r u ]_w
[_w a ʋ a r a nː u ]_w
[_w k a ɖ i k e ]_w
[_w ɡ o ʈː a r uː ]_w
[_w aː d̪ aː j a ]_w
[_w b uː r d̪ i ]_w
[_w m a d̪ a ]_w
[_w a lː i n d̪ a ]_w
[_w uː r i k e ]_w
[_w j aː r eː ]_w
[_w s u ɖː u ]_w
[_w bʱ a ʈː a r u ]_w
[_w m oː ɖ a ]_w
[_w e d̪ u r i n a ]_w
[_w b aː s ]_w
[_w h uː n ]_w
[_w b j aː n ɡ ]_w
[_w u ɳ ʈ u ]_w
[_w o ɳ a ]_w
[_w s i l u ]_w
[_w t̪ a j aː r i k e ]_w
[_w k u ʈ i j u ʋ a ]_w
[_w n iː n eː ]_w
[_w h o d̪ː a ]_w
[_w b r a ]_w
[_w m a n ɡ a l ]_w
[_w i r u ʋ a ]_w
[_w k aː t̪ r a t̪ a ]_w
[_w s t̪ʰ i t̪ i ɡ e ]_w
[_w i nː i d̪ a r a ]_w
[_w s i k a t̪ e ]_w
[_w ʋ eː ʂ a ]_w
[_w h o s aː ]_w
[_w dʒ aː n e ]_w
[_w t̪ aː ɭ m e ]_w
[_w t̪ a kː a n a ]_w
[_w aː r oː p a ]_w
[_w s aː r u ]_w
[_w b j u r oː ]_w
[_w b a h u d̪ u ]_w
[_w k e ɭ a ɡ i n a ]_w
[_w b a t̪ r i k aː ]_w
[_w p a t̪ r i k aː ]_w
[_w d̪ i ɡ e ]_w
[_w t̪ a l u ]_w
[_w p a t̪ː i ]_w
[_w n i nː a lː i ]_w
[_w n a ʋ a ]_w
[_w i d̪ː a n d̪ e ]_w
[_w k a ɳ ʈ aː ɡ a ]_w
[_w ɡ aː l a ]_w
[_w d̪ aː n u ]_w
[_w i ʂ ʈ e lː a ]_w
[_w l a h a r i d̪ u ]_w
[_w j aː r a d̪ u ]_w
[_w s i h i ]_w
[_w n a ʈ e j i d̪ u ]_w
[_w ʋ a r k ]_w
[_w b a ɖ i t̪ u ]_w
[_w b aː ʋ i j a ]_w
[_w ɡ aː m ]_w
[_w uː r a lː i ]_w
[_w n i n ]_w
[_w i d̪ː a t̪ː u ]_w
[_w n i lː i ]_w
[_w m u kʰ j a ]_w
[_w p r a s a ]_w
[_w b aː ɭ a ]_w
[_w b e nː u ]_w
[_w b e kː u ]_w
[_w t̪ eː ʋ i ]_w
[_w h a t̪ r a ]_w
[_w m aː n s a r ]_w
[_w tʃ i ʈː e ]_w
[_w e n d̪ eː ]_w
[_w n a kː a r u ]_w
[_w n e l a ]_w
[_w h a d̪ː aː r u ]_w
[_w k eː ɭ i d̪ː e ]_w
[_w m a n e ɡ e ]_w
[_w o n t̪ e ]_w
[_w ʃ e ɖː a r ]_w
[_w k eː ɭ i d̪ː u ]_w
[_w uː r i n d̪ a ]_w
[_w h e kː i ]_w
[_w p u ʈ a ]_w
[_w ʋ aː d̪ a ]_w
[_w ʃ i ʋ a ɳː a ]_w
[_w s aː d̪ʱ j a ]_w
[_w a d̪ eː n u ]_w
[_w m eː l uː ]_w
[_w s u r i j u ʋ a ]_w
[_w i lː i d̪ e ]_w
[_w n aː n a ]_w
[_w k o n e ɡ uː ]_w
[_w n a kː a ]_w
[_w n i mː a ]_w
[_w n a m b i ]_w
[_w d̪ o r e d̪ u ]_w
[_w m aː ɖ oː ɳ a ]_w
[_w m u n dʒ e j eː ]_w
[_w k a l j aː ɳ a ]_w
[_w h aː ʈ i n a ]_w
[_w b r a t̪ iː ]_w
[_w k o ɳ ʈ u ]_w
[_w b iː s i ]_w
[_w b a r a d̪ a ]_w
[_w b e n k i n a ]_w
[_w a d̪ a nː uː ]_w
[_w a lː a t̪ e ]_w
[_w r e ʈː i ]_w
[_w s i ɡ a t̪ e ]_w
[_w d̪ e n ɡ i ]_w
[_w a n i s i ɡ e ]_w
[_w h e ɳː a nː u ]_w
[_w h a r a k a ɖ e ]_w
[_w n i nː a nː a ]_w
[_w m aː t̪ i n a ʋ uː ]_w
[_w h a m b a n t̪ʰ a ]_w
[_w aː d̪ j a d̪ e ]_w
[_w aː s a ɡ t̪ i ]_w
[_w m a h a t̪ a ]_w
[_w h iː ɡ e lː a ]_w
[_w a n ɡ a ɭ a ]_w
[_w b aː l a ]_w
[_w a ʋ a ɡ a ]_w
[_w i d̪ r u ]_w
[_w i ʈː a ]_w
[_w ʋ j a k t̪ i ]_w
[_w eː k oː ]_w
[_w a n t̪ e ]_w
[_w i lː a ʋ eː ]_w
[_w i bː a n t̪ i ]_w
[_w k uː t̪ a l u ]_w
[_w aː k u t̪ː e ]_w
[_w k u ɖ i j a ]_w
[_w b a kː a kː e ]_w
[_w s uː r i ]_w
[_w b i dʒː aː ]_w
[_w n aː n i lː i ]_w
[_w p i ʈː aː k a ]_w
[_w tʃ i nː a d̪ eː ]_w
[_w n oː ʋ i n a ]_w
[_w s eː t̪ u ʋ e ]_w
[_w n iː n e ]_w
[_w i ʂ ʈ eː ]_w
[_w a ʋ a r u ʂ a ]_w
[_w k o n d̪ u ]_w
[_w s a t̪ː u ]_w
[_w e n t̪ a ]_w
[_w m u ɡ t̪ a ]_w
[_w h o r a ʈ e ]_w
[_w e s e d̪ u ]_w
[_w aː r ɖ a r ]_w
[_w a l ʋ aː ]_w
[_w k a r m a ]_w
[_w m aː ɖ i d̪ː e ]_w
[_w h a t̪ː u ]_w
[_w eː n a ]_w
[_w b eː s a r a ]_w
[_w m a r e d̪ a ]_w
[_w h o t̪ː u ]_w
[_w bʱ aː ʋ a n e ]_w
[_w h a bː a ]_w
[_w s aː ɡ i ]_w
[_w ʃ a b d̪ a ]_w
[_w n a ɖ e j a ]_w
[_w m a ʈʰ a ]_w
[_w n a m ]_w
[_w k o ɖ e ]_w
[_w m a ɡ a ɭ u ]_w
[_w s i kː i t̪ a ]_w
[_w a dʒː a ]_w
[_w n i nː a d̪ u ]_w
[_w n oː ɖ a ]_w
[_w h aː ɡ i lː a ]_w
[_w t̪ aː s u ]_w
[_w h e s a r i t̪ u ]_w
[_w s a ɖ a ɡ a ɭ u ]_w
[_w s aː r ]_w
[_w h e tʃː aː ɡ i ]_w
[_w ɖ iː ɡ e ]_w
[_w m a n u ʂ j a ]_w
[_w i t̪ː a ɭ u ]_w
[_w t̪ a n d̪ e ]_w
[_w b a ʈː u ]_w
[_w n aː ʋ u ]_w
[_w i pː a t̪ː u ]_w
[_w p aː l u ]_w
[_w s a k a l a ]_w
[_w m a n a ʋ u ]_w
[_w ʋ i t̪ eː ʃ i ]_w
[_w a d̪ o n t̪ u ]_w
[_w ɡ o t̪ː aː ]_w
[_w p eː dʒ ]_w
[_w r aː dʒ j a ]_w
[_w aː ʃ r a j a ]_w
[_w h o ɳ e ]_w
[_w k a n a s a ]_w
[_w ɡ aː ʋ u ]_w
[_w k o t̪ː i lː a ]_w
[_w a n ʃ a ]_w
[_w a n t̪ʰ aː ]_w
[_w m aː r tʃ ]_w
[_w a nː oː d̪ u ]_w
[_w m o r e ]_w
[_w i d̪ː a ɭ u ]_w
[_w o n d̪ e r a ɖ u ]_w
[_w dʒ a n d̪ i d̪ː e ]_w
[_w a r a ɳ e ]_w
[_w k a ɳ i d̪ a ]_w
[_w aː ɡ aː ʃ ]_w
[_w s a ɳː a ɡ e ]_w
[_w s eː r i t̪ a ]_w
[_w aː ɡ i d̪ː a ]_w
[_w a ʋ a ɭ a nː u ]_w
[_w a ʋ a m aː n a ]_w
[_w i n ɡ l i ʂ ]_w
[_w t̪ i ɭ i j a ]_w
[_w aː ɡ a l u ]_w
[_w s a l a d̪ a ]_w
[_w n j aː j a ]_w
[_w aː ɡ a d̪ a ]_w
[_w ɡ l i ɡ ]_w
[_w s a t̪ iː ʃ ]_w
[_w k u l aː p i ]_w
[_w n a ɖ u ʋ i n a ]_w
[_w n iː r i n a ]_w
[_w i t̪ a r e ]_w
[_w n a mː a lː i ]_w
[_w a ʂ ʈ eː ]_w
[_w h a ɖ a ]_w
[_w k r aː m a t̪ a ]_w
[_w aː dʒ aː t̪ ]_w
[_w p a n d̪ i r a ]_w
[_w a lː i n a ]_w
[_w n a nː a n d̪ e ]_w
[_w n i t̪ j a ʋ uː ]_w
[_w aː ɖ a ]_w
[_w dʒ n aː n a ]_w
[_w b i d̪ː i d̪ː u ]_w
[_w uː ɖ a d̪ a n a ]_w
[_w k a ʋ a n a lː i ]_w
[_w i nː o n d̪ u ]_w
[_w s a n ʃ a j a ]_w
[_w k a l e j a ]_w
[_w h oː ɡ i d̪ː e ]_w
[_w k o ɖ a l u ]_w
[_w d̪ oː r i s i ]_w
[_w b r iː d̪ i ]_w
[_w h o r a ɖ u ]_w
[_w k eː ɭ a t̪ eː ]_w
[_w i ʋ a d̪ː i n a ]_w
[_w a n d̪ uː ]_w
[_w n i n d̪ u ]_w
[_w n e mː a d̪ i ]_w
[_w m aː t̪ aː ɖ i ]_w
[_w n iː r a lː i ]_w
[_w k aː ɳ a t̪ a ]_w
[_w k o ʈː a r u ]_w
[_w aː ɡ t̪ aː ]_w
[_w k eː ɭ i t̪ː u ]_w
[_w e n d̪ oː ]_w
[_w n iː ʋ u ]_w
[_w p a ɭ a s i j a ]_w
[_w h a l a s e ]_w
[_w aː r oː ɡ j a ]_w
[_w eː n e lː aː ]_w
[_w e lː a ]_w
[_w b a d̪ u ɡ u ʋ a ]_w
[_w b a d̪ a ʋ i ]_w
[_w b a ɖ u ʋ a ]_w
[_w t̪ e r e d̪ u ]_w
[_w n i nː e ]_w
[_w a m ʋ a ]_w
[_w s a r a ]_w
[_w i l aː kʰ e j a ]_w
[_w pʰ a j a ]_w
[_w ɡ uː ɖ a l e ]_w
[_w h oː d̪ a ]_w
[_w d̪ aː n uː ]_w
[_w b aː ɖ i ɡ e ]_w
[_w ʋ i ʂ a j a ]_w
[_w m a h eː ʃ ]_w
[_w n e nː e ]_w
[_w ɡʱ a ɖ a n e j a ]_w
[_w ɡ eː ɭ u ʋ a ]_w
[_w i lː a ]_w
[_w ʃ a r iː pʰ ]_w
[_w s ʋ aː r t̪ʰ a ]_w
[_w b l aː s ʈ i k ]_w
[_w k o ɖ u ʋ a ]_w
[_w t̪ i ɭ i ]_w
[_w t̪ o ʈː u ]_w
[_w t̪ u p aː r i j a ]_w
[_w b a r a h a ]_w
[_w h aː d̪ u ]_w
[_w m a k a n eː ]_w
[_w ɡ i r a ɳ a ]_w
[_w h aː l ]_w
[_w h a ʋ j a ]_w
[_w b e ʈː a d̪ a ]_w
[_w n aː ɖ a ]_w
[_w d̪ a m b u ]_w
[_w ɖ aː ɖ aː ]_w
[_w i ʋ u ]_w
[_w d̪ i n aː ]_w
[_w h i n d̪ e ]_w
[_w a t̪ a nː a ]_w
[_w i t̪ a r a ]_w
[_w a lː a lː a ]_w
[_w m a n k a ]_w
[_w eː n oː ]_w
[_w ʋ i d̪ʱ aː n a ]_w
[_w d̪ iː r a ]_w
[_w e ʈ a kː e ]_w
[_w k aː ʋ eː r i ]_w
[_w k a pː u ]_w
[_w a ʋ a r u ]_w
[_w m a h a d̪ a ]_w
[_w r aː tʃ eː ʃ ]_w
[_w aː t̪ a r a ]_w
[_w t̪ a mː a ]_w
[_w a ʂ ʈ eː n uː ]_w
[_w r eː ɖ i j oː ]_w
[_w e n t̪ʰ aː ]_w
[_w ɡ aː ɖ u ʋ a ]_w
[_w h e s a r u ]_w
[_w e r a ɖ a r u ]_w
[_w j aː ʋ u d̪ eː ]_w
[_w k o ɖ u ɡ e ]_w
[_w n i n a ]_w
[_w p r a j oː ɡ a ]_w
[_w k aː r b e ɖ ]_w
[_w iː t̪ a n a d̪ a ]_w
[_w kʰ a ɖː a ]_w
[_w dʒ e n d̪ a ]_w
[_w a ʃ ʋ a t̪ʰ ]_w
[_w s aː h a ]_w
[_w n oː ɖ a d̪ a ]_w
[_w t̪ aː j i ]_w
[_w aː ɡ aː ɡː e ]_w
[_w r uː m ]_w
[_w k o ɖ a d̪ e ]_w
[_w h eː ɭ a l u ]_w
[_w b eː k a ]_w
[_w tʃ i ɖ i e n ]_w
[_w h u ʈː i d̪ː u ]_w
[_w b a d̪ a ɡ a ]_w
[_w k aː ʋ j a d̪ a ]_w
[_w iː ɡ e ]_w
[_w p a d̪ a ]_w
[_w a d̪ a kː eː ]_w
[_w aː pʰ iː s u ]_w
[_w h oː ɖ e l ]_w
[_w d̪ i r u ʋ a ]_w
[_w i r a d̪ a ]_w
[_w t̪ o ɭ e d̪ u ]_w
[_w m a n tʃ i n a ]_w
[_w ɖ i ɡ r i ]_w
[_w i ʋ a n i k a ]_w
[_w i r i ]_w
[_w a n d̪ eː ɭ i ]_w
[_w h u ɭ a ]_w
[_w kʰ a ɳ ɖ i d̪ u ]_w
[_w k e t̪ː a ]_w
[_w k a ɖ i ]_w
[_w aː j i d̪ u ]_w
[_w k aː ɭ i ]_w
[_w j a nː u ]_w
[_w t̪ eː dʒ a s ʋ i ]_w
[_w aː d̪ a r u ]_w
[_w dʒ a n t̪ i m a ]_w
[_w h o r a ɖ a ]_w
[_w ʋ eː d̪ a ]_w
[_w bʱ a k t̪ a ]_w
[_w n i m ]_w
[_w p a r t̪ iː n i ]_w
[_w b a n d̪ i d̪ː a ]_w
[_w a ʋ a n a nː a ]_w
[_w b r a s aː d̪ a ]_w
[_w s a m b a t̪ː u ]_w
[_w k a ʋ i ]_w
[_w k aː ɭ u ]_w
[_w aː n a n d̪ a ]_w
[_w n aː j a ɡ a ]_w
[_w d̪ a m a ʈ e ]_w
[_w m aː d̪ aː ɖ i ]_w
[_w t̪ a ʃ a k a t̪ ]_w
[_w b a r a m a ]_w
[_w m aː s ʈ a r ]_w
[_w m a d̪ u ʋ e ]_w
[_w i d̪ a nː u ]_w
[_w k u ɭ i d̪ u ]_w
[_w ʋ a r a ]_w
[_w s aː ɡ a ʂ ʈ a ]_w
[_w b a r oː d̪ u ]_w
[_w m aː ɖ a d̪ a ]_w
[_w a ɖ a k i ]_w
[_w ɡ a ɳ a p a ]_w
[_w k i ʈ a ɡ i ]_w
[_w k e l a ʋ eː ]_w
[_w n a ɖ e d̪ a ]_w
[_w i r a l e ]_w
[_w p u ɳ j a ]_w
[_w ɡ aː ʋ j a d̪ a ]_w
[_w n e p a ]_w
[_w tʃ i t̪ː aː r a ]_w
[_w n u n ɡ i ]_w
[_w eː n a nː oː ]_w
[_w m eː l i n a ]_w
[_w a ʋ r a ]_w
[_w ɡ a ɳː a ]_w
[_w h o r a ʈ u ]_w
[_w t̪ a pː a nː u ]_w
[_w a t̪ː e ]_w
[_w a d̪ j aː ʋ a ]_w
[_w t̪ i nː u ʋ a ]_w
[_w b a dʒ e ʈ ]_w
[_w m a n d̪ i d̪ː u ]_w
[_w k l aː s i k e ]_w
[_w d̪ a nː a d̪ u ]_w
[_w h e s a r i ]_w
[_w h u ɖ u ɡ i ]_w
[_w k u r u t̪ u ]_w
[_w m a n a ʋ a ]_w
[_w tʃ a j a ]_w
[_w k a r ɳ a ]_w
[_w b r a j oː k a ]_w
[_w h o r a kː e ]_w
[_w n a ɡ e ]_w
[_w t̪ aː r i j a ]_w
[_w h o s a ]_w
[_w b e ɭ a ɡ u ]_w
[_w t̪ u bː a ]_w
[_w k a ʈː i ]_w
[_w k a ɭ i s i t̪ a ]_w
[_w bʱ aː r a ]_w
[_w n i n d̪ a ]_w
[_w ʋ i ʋ aː h a n a ]_w
[_w h a t̪ː i r a ]_w
[_w ʋ a r a t̪ u ]_w
[_w i ɳ u ɡ i ]_w
[_w r a k ʂ a d̪ a ]_w
[_w aː r a m bʱ a ]_w
[_w k a ʈː a ɖ a ]_w
[_w k aː ɳ t̪ aː ]_w
[_w ʋ a s t̪ u d̪ a ]_w
[_w n i r aː s e ]_w
[_w b i ʈː u ]_w
[_w a d̪ u ]_w
[_w e ɳ ɖ u ]_w
[_w ɡ a n i k e ]_w
[_w a d̪ a kː uː ]_w
[_w b a l j a ]_w
[_w m aː r i ]_w
[_w p r a d̪ʱ aː n a ]_w
[_w s p e ʂ a l ]_w
[_w n a m b i ɡ e ]_w
[_w h a ɳ e ]_w
[_w ɡ a mː i ]_w
[_w i d̪ː e ]_w
[_w k a d̪ʱ a n a ]_w
[_w k oː ɖ e ]_w
[_w b l aː n ]_w
[_w n eː r a ]_w
[_w k a ɳ ɖ e j a ]_w
[_w i nː uː r u ]_w
[_w dʒ e n t̪ a r e ]_w
[_w b r a ɭ a ]_w
[_w n aː l k u ]_w
[_w i n ɡ l iː ʂ ]_w
[_w n aː n ]_w
[_w b r a s aː d̪ ]_w
[_w h i n d̪ uː ]_w
[_w k o ɖː a ]_w
[_w i d̪ː a ʋ u ]_w
[_w t̪ a m a ʈ e ]_w
[_w h u r u p u ]_w
[_w iː t̪ a n a ]_w
[_w p a d̪ a d̪ a ]_w
[_w s a n ɡ oː dʒ a ]_w
[_w k a r t̪ a n e ]_w
[_w ɡ u r i ]_w
[_w m u kʰ a ]_w
[_w b eː ɡ eː ]_w
[_w b l iː s ]_w
[_w bʱ i nː a ]_w
[_w s iː ɖ ]_w
[_w k aː dʒ i n a ]_w
[_w m a d̪ u ʋ e j a ]_w
[_w n i n ɡ e ]_w
[_w h i n d̪ a ]_w
[_w a ɭ a l u ]_w
[_w k a dʒ eː r i ]_w
[_w s i b i a j ]_w
[_w i d̪ a r a ɡ e ]_w
[_w k i r i ɡ i r i ]_w
[_w ɡ e ɭ e j a ]_w
[_w j aː ʋ u d̪ uː ]_w
[_w m uː l a k a ]_w
[_w d̪ i n d̪ u ]_w
[_w a dʒː i ]_w
[_w b eː dʒ aː r u ]_w
[_w m oː s a ]_w
[_w b e ɭ e ]_w
[_w i d̪ e ]_w
[_w dʒ aː n a k i ]_w
[_w k a ɭ i k e ]_w
[_w p aː r ɡ ]_w
[_w s a n d̪ a ]_w
[_w d̪ aː r e ]_w
[_w k u m b i d̪ a ]_w
[_w m uː k i ɡ e ]_w
[_w bʱ aː ʂ aː ]_w
[_w i d̪ a r a ]_w
[_w b aː ʈʰ a ]_w
[_w k oː m u ]_w
[_w a j t̪ u ]_w
[_w h a ɳː i n a ]_w
[_w a l e ɡ a ɭ u ]_w
[_w a ʋ e lː a ]_w
[_w n u ɖ i ]_w
[_w k a ɭ i s i d̪ a ]_w
[_w m a ɡ u ʋ a ]_w
[_w b u ɖ i ]_w
[_w s o s e ]_w
[_w tʃ a n a ]_w
[_w m a n dʒ a ]_w
[_w b uː r aː ]_w
[_w k a t̪ʰ e ]_w
[_w a ʋ a r a lː a ]_w
[_w k eː ɖ ]_w
[_w m aː ʈ u ʋ a ]_w
[_w ʈ aː ɖ ]_w
[_w bʱ aː ʂ e ]_w
[_w a n t̪ a ɭ u ]_w
[_w p a s ]_w
[_w n a nː a d̪ eː ]_w
[_w a j ʋ a t̪ː u ]_w
[_w b o l iː s ]_w
[_w n i dʒ a kː uː ]_w
[_w aː ɡ i ʋ e ]_w
[_w aː tʃ e ]_w
[_w s a ɳː a ]_w
[_w n a ɖ e d̪ a r e ]_w
[_w k u ʈː a d̪ a ]_w
[_w p a ʋ i d̪ e ]_w
[_w bʱ aː ʋ i s i ]_w
[_w iː ɡ a l eː ]_w
[_w t̪ u ɳ ɖ u ]_w
[_w s aː ʋ u ]_w
[_w a kː i ]_w
[_w a lː i d̪ː a ]_w
[_w t̪ a m p u ]_w
[_w n aː n iː ɡ a ]_w
[_w ɡ o ɖ e ]_w
[_w r aː tʃ u ]_w
[_w ʃ e ʈː a r ]_w
[_w s a t̪ a ]_w
[_w s a n s t̪ʰ e j a ]_w
[_w aː ɡ e lː a ]_w
[_w ʈ iː tʃ a r ]_w
[_w m eː r e ɡ e ]_w
[_w n a ɡ u ʋ a ]_w
[_w o n d̪ʱ a r aː ]_w
[_w oː d̪ i d̪ː u ]_w
[_w n a n a ɡ a ]_w
[_w a d̪ʱ a ʋ aː ]_w
[_w h a ɭ eː ]_w
[_w a n k a ]_w
[_w e n i s i t̪ u ]_w
[_w tʃ i n t̪ a ]_w
[_w s uː ɡ t̪ a ]_w
[_w e n a ɡ e ]_w
[_w d̪ a r ʃ a n a ]_w
[_w oː ɖ u ]_w
[_w a n s u t̪ː e ]_w
[_w ʋ eː t̪ i ɡ e ]_w
[_w n e l a d̪ a ]_w
[_w a n t̪ eː ɭ i ]_w
[_w k o n e ɡ e ]_w
[_w eː ɭ e ɳ ɖ u ]_w
[_w a bʱ i m aː n a ]_w
[_w m aː m uː l u ]_w
[_w k o ɖ a l i ]_w
[_w t̪ oː ɖ a kː e ]_w
[_w b r o ]_w
[_w h a n d̪ a d̪ a ]_w
[_w h o r a ɖ e ]_w
[_w n a n a ɡ a r a ]_w
[_w h oː d̪ e ʋ u ]_w
[_w m a r a d̪ a ]_w
[_w n aː k eː ʃ ]_w
[_w h a lː u ]_w
[_w bʱ a r a t̪ eː ]_w
[_w t̪ a l aː ]_w
[_w ʃ u d̪ d̪ʱ a ]_w
[_w i r u ɭ u ]_w
[_w k aː ʈ u ]_w
[_w a ʋ u k a ɭ a ]_w
[_w p r a t̪ʰ a m a ]_w
[_w uː h uː n ]_w
[_w b r iː t̪ i ɡ e ]_w
[_w n a n t̪ a n eː ]_w
[_w s eː ʋ e ]_w
[_w m u n t̪ e ]_w
[_w aː k u ]_w
[_w n e n a b i ɡ e ]_w
[_w m aː t̪ a nː u ]_w
[_w k o ʈː a r uː ]_w
[_w bʱ eː s ]_w
[_w s a h i d̪ a ]_w
[_w t̪ oː ɖ a t̪ eː ]_w
[_w m a t̪ː o n d̪ u ]_w
[_w h o s a t̪ u ]_w
[_w i ʋ a ɭ i k a ]_w
[_w p uː r ʋ a ]_w
[_w n iː t̪ i ]_w
[_w d̪ uː r a ]_w
[_w e ɭ e j u ʋ a ]_w
[_w d̪ o n t̪ u ]_w
[_w m a ɭ e ]_w
[_w d̪ e r i ɡ a n ]_w
[_w ɡ i ʋ i ]_w
[_w k u ɖ i ]_w
[_w s ʈ aː r ]_w
[_w r a ʂ ʈ u ]_w
[_w ʃ r eː ʂ ʈʰ a ]_w
[_w m eː l o n d̪ u ]_w
[_w b a ɡ e ɡ e ]_w
[_w s a m a r a ]_w
[_w t̪ a pː a d̪ a ]_w
[_w a n t̪ j a ]_w
[_w bʱ uː m i ]_w
[_w s k uː l i ]_w
[_w b a r d̪ aː ]_w
[_w ʃ ʋ aː n a ]_w
[_w t̪ iː r a t̪ a ]_w
[_w m u n d̪ e ]_w
[_w s ʋ aː ɡ a r a ]_w
[_w b e m b a ]_w
[_w aː k i r u ʋ a ]_w
[_w s a h aː j a ]_w
[_w b u ʈː a ]_w
[_w r a ʋ i ]_w
[_w u ɳ ɖ u ]_w
[_w h eː ɭ oː d̪ u ]_w
[_w d̪ʱ aː r e ]_w
[_w t̪ eː ʋ a ]_w
[_w m a r e j a ]_w
[_w m u ɡ i t̪ u ]_w
[_w b aː r e ]_w
[_w n iː ɖ i d̪ e ]_w
[_w u b aː j a ]_w
[_w k r i k e ]_w
[_w h a s u ]_w
[_w dʒ a m iː n u ]_w
[_w h aː ɡ aː ɡ i ]_w
[_w b a ɭː i ]_w
[_w b aː t̪ r e ]_w
[_w i ɖ iː ]_w
[_w t̪ oː r i ]_w
[_w ɡ oː m u ]_w
[_w k aː ɖ u ]_w
[_w tʃ iː ʋ i ]_w
[_w aː ɡ i d̪ e ]_w
[_w k u bː i ]_w
[_w ʋ j a ɡ t̪ i j a ]_w
[_w t̪ aː n eː ]_w
[_w ɡ u ɳ a ]_w
[_w k a d̪ʱ e ]_w
[_w i ʋ a r i ɡ e ]_w
[_w k a ɳ ɖ e ]_w
[_w k aː ɳ i ]_w
[_w ɡ a ɳ ɖ e ɡ e ]_w
[_w i d̪ i h aː s a ]_w
[_w s a m b a l a ]_w
[_w i lː o n d̪ u ]_w
[_w a n d̪ j a ]_w
[_w e n t̪ eː ]_w
[_w tʃ a nː aː ɡ e ]_w
[_w t̪ u ɭ a s i ]_w
[_w a ʋ a ]_w
[_w k a ɳː iː r u ]_w
[_w ʃ e ʈː i ]_w
[_w p i d̪ː u ]_w
[_w r aː m a ]_w
[_w k uː ɖ u ]_w
[_w n i d̪ː e k e ]_w
[_w pʰ oː ɖ oː ]_w
[_w t̪ a n d̪ r a ]_w
[_w b eː dʒ ]_w
[_w i t̪ u ]_w
[_w h oː d̪ a r e ]_w
[_w i t̪ː aː n e ]_w
[_w a d̪ʱ a ʋ a ]_w
[_w t̪ a r a ]_w
[_w ʋ i ʃ ʋ aː s a ]_w
[_w a lː a d̪ e ]_w
[_w m aː ɖ u ʋ a ]_w
[_w n i m i ʂ a t̪ ]_w
[_w d̪ u m b a ]_w
[_w n i nː a d̪ a ]_w
[_w aː d̪ aː k a ]_w
[_w k uː ɡ i ]_w
[_w o n d̪ u ]_w
[_w n i t̪ː e ɡ e ]_w
[_w s u n d̪ a kː e ]_w
[_w m o d̪ a l i ɡ e ]_w
[_w ɡ a r e t̪ a ]_w
[_w m a n eː l i ]_w
[_w h eː ɭ t̪ aː ]_w
[_w e ɡ a r e ɳ ɖ ]_w
[_w ʋ a r k a ]_w
[_w k aː ɖ a ]_w
[_w i ɭ i t̪ a ]_w
[_w h o s a d̪ u ]_w
[_w k aː j u t̪ː a ]_w
[_w m iː r i d̪ a ]_w
[_w ʋ i r u d̪ d̪ʱ a ]_w
[_w m uː l e ]_w
[_w i nː e r a ɖ uː ]_w
[_w m a ɭ i ]_w
[_w e d̪ e j a ]_w
[_w d̪ u ʈ i d̪ a ]_w
[_w o ɭː e j a ]_w
[_w ɖ i dʒ i ɖ a l u ]_w
[_w k a ʈː aː j a ]_w
[_w aː d̪ u ]_w
[_w a n d̪ a ɭ u ]_w
[_w bʱ aː r a t̪ u ]_w
[_w b o ɡ a ɭ e d̪ a ]_w
[_w k a n a ]_w
[_w ɡ o t̪ː i lː a ]_w
[_w t̪ i ɭ i j a d̪ u ]_w
[_w n a m p i k e ]_w
[_w h a r a ɖ e ʋ u ]_w
[_w s a d̪ j a ]_w
[_w e ɭ e j a l u ]_w
[_w ɡ a ʂ aː j a ]_w
[_w a n t̪ u ]_w
[_w t̪ u p aː r i ]_w
[_w s i kː i d̪ u ]_w
[_w h eː k i d̪ e ]_w
[_w n aː ɭ i n a ]_w
[_w tʃ iː r i ɡ e ]_w
[_w m aː d̪ r a d̪ a ]_w
[_w a d̪ a r i ]_w
[_w b a r e j u ʋ a ]_w
[_w m a r u t̪ i n a ]_w
[_w i t̪ː u ]_w
[_w n e l e ]_w
[_w iː ɡ o mː e ]_w
[_w a n t̪ a ]_w
[_w i lː a t̪ e ]_w
[_w eː n i d̪ e ]_w
[_w n a n a ɡ eː ]_w
[_w a s a l u ]_w
[_w n aː n aː ]_w
[_w b i d̪ː u ]_w
[_w h eː ɭ u ʋ a ]_w
[_w b i s i ]_w
[_w p e ɭ a ɡ i n a ]_w
[_w n iː r ]_w
[_w d̪ u ɭ a s i ]_w
[_w m uː r a n eː ]_w
[_w b a ʃ tʃ i m a ]_w
[_w m u n tʃ e j eː ]_w
[_w h aː r d̪ i k a ]_w
[_w s aː d̪ʱ ]_w
[_w k a ɳ ʈ a ]_w
[_w aː t̪ a ʂ ʈ u ]_w
[_w n a m a ɡ e ]_w
[_w m aː ɖ i d̪ a ]_w
[_w d̪ aː j i k e ]_w
[_w b a d̪ d̪ʱ a t̪ i ]_w
[_w b r a ɭ a j a ]_w
[_w s a r i d̪ u ]_w
[_w tʃ iː p u ]_w
[_w h e tʃː i n a ]_w
[_w s u d̪ʱ aː ]_w
[_w k a ɖ e ]_w
[_w b a r a d̪ e ]_w
[_w a ʂ ʈ e ]_w
[_w a d̪ b u d̪ a ]_w
[_w b i ɖ r e ]_w
[_w b l aː ɡ u ]_w
[_w ʋ eː k a ]_w
[_w n oː ʈ i lː a ]_w
[_w k u ʈ i t̪ a ]_w
[_w m aː ɖ i d̪ e ]_w
[_w u d̪ː a ]_w
[_w k eː r a ɭ a ]_w
[_w b a ʈː e j a ]_w
[_w r aː dʒ a ]_w
[_w s u t̪ː i ]_w
[_w tʃ eː d̪ a n a k a ]_w
[_w i ɳ ʈ a r u ]_w
[_w j oː dʒ a n e ]_w
[_w t̪ aː t̪ a ]_w
[_w h o ɖ e d̪ u ]_w
[_w a lː o n d̪ u ]_w
[_w k e ɳ ɖ a ]_w
[_w p u ɖ a ]_w
[_w oː d̪ u ɡ a r a ]_w
[_w h u l i ]_w
[_w pʰ a r a ʋ a t̪ː u ]_w
[_w a s a h a dʒ a ]_w
[_w b a ɭ e ]_w
[_w i ʋ a nː u ]_w
[_w a n eː k a r u ]_w
[_w k aː n uː n u ]_w
[_w tʃ i d̪ r a r u ]_w
[_w s n aː n a t̪ a ]_w
[_w h o ʈː e ɡ e ]_w
[_w ɡ a ɳ ɖ a ]_w
[_w i n t̪ʰ a h a ]_w
[_w ʋ a r ɡ ]_w
[_w p aː r a ]_w
[_w p u ʈː i ]_w
[_w e lː e lː oː ]_w
[_w b e ɭ a ɡ i n a ]_w
[_w ɡ a r a t̪ u ]_w
[_w b r i ʈ i ʂ ]_w
[_w s a n tʃ aː r a ]_w
[_w p aː r i ]_w
[_w m u m p a ]_w
[_w n a nː a lː i ]_w
[_w s i ɡ u ʋ a ]_w
[_w b u d̪ d̪ʱ i ]_w
[_w aː ɖ oː ]_w
[_w n i s a r a ]_w
[_w p a d̪ u ɡ u ]_w
[_w k aː j i l e ]_w
[_w p e s ʈ ]_w
[_w i t̪ r uː ]_w
[_w t̪ a n d̪ r e ]_w
[_w b eː s a r ]_w
[_w p a kː i ]_w
[_w a ʈ u k e ]_w
[_w h aː k a n d̪ u ]_w
[_w h o r a ɖ a n e ]_w
[_w k o n e j a ]_w
[_w k a r e ɳ ɖ u ]_w
[_w u ɖ u p i ]_w
[_w l oː ɖ a ]_w
[_w n aː n a d̪ a ]_w
[_w t̪ a ɡ o ɳ ʈ u ]_w
[_w s a m p a l a ]_w
[_w k a r e ]_w
[_w ʋ aː p aː s u ]_w
[_w m aː t̪ a r uː ]_w
[_w s aː t̪ʰ j a m a ]_w
[_w ɡ u r u ʋ i n a ]_w
[_w t̪ a ʈː i ]_w
[_w b aː p u ]_w
[_w a ɳː a ]_w
[_w aː d̪ a n a ]_w
[_w b a r a ɖ i ]_w
[_w l i n ɡ ]_w
[_w i d̪ː eː ]_w
[_w b a h u ]_w
[_w s a n t̪ iː p ]_w
[_w t̪ a n ɡ i ]_w
[_w s t̪ r iː ]_w
[_w e nː u d̪ː aː ]_w
[_w n aː n uː ]_w
[_w i ʋ u ɡ a ɭ a ]_w
[_w b aː m p ]_w
[_w h a n i ɡ a ɭ a ]_w
[_w aː ɡ u ]_w
[_w s aː ʋ i n a ]_w
[_w a ʋ a ɭ i ɡ e ]_w
[_w d̪ u m b aː ]_w
[_w h u ɖ u ɡ a r u ]_w
[_w aː ɡ a l eː ]_w
[_w a ʋ a ɭ uː ]_w
[_w i nː o n t̪ u ]_w
[_w e n d̪ a ]_w
[_w t̪ a r a h a ]_w
[_w a d̪ e ʂ ʈ oː ]_w
[_w a pː a ɖ a ]_w
[_w l oː ɡ a kː e ]_w
[_w m aː d̪ u ]_w
[_w bʱ aː ʋ a ]_w
[_w d̪ u s u ]_w
[_w b l aː ɡ i n a ]_w
[_w b e ɭː i ]_w
[_w k i r iː ʃ ]_w
[_w h aː ɡ u ʋ a ]_w
[_w h aː ɖ u ]_w
[_w b e lː a ]_w
[_w ʃ a ʃ i ]_w
[_w s a r a ɭ i ]_w
[_w i t̪ e ]_w
[_w aː n d̪ʱ r a t̪ a ]_w
[_w dʒ i d̪ r a ]_w
[_w n a k u t̪ː a ]_w
[_w bʱ a ɖː a r a ]_w
[_w m a n a s i ɡ e ]_w
[_w a n d̪ u ]_w
[_w ɡ a n a ]_w
[_w k u ʈː a ]_w
[_w p a p l i ɡ ]_w
[_w s a ʋ i ]_w
[_w r u tʃ i ]_w
[_w a mː aː ]_w
[_w s a n dʒ aː r a ]_w
[_w t̪ a m i ɭ u ]_w
[_w m aː j e ]_w
[_w ʋ a nː u ]_w
[_w h i n t̪ e ]_w
[_w t̪ a l e ]_w
[_w s a ɡ a l a ]_w
[_w m a n ɡ a ʈ i ]_w
[_w s eː r u ʋ a ]_w
[_w s a n s t̪ʰ e ]_w
[_w d̪ a m b uː r i ]_w
[_w m u t̪ː u ]_w
[_w m uː l a ]_w
[_w i ʋ a t̪ː u ]_w
[_w n iː n uː ]_w
[_w j aː ʋ aː ɡ a t̪ a ]_w
[_w k a ɳ r iː ]_w
[_w t̪ a pː u ]_w
[_w t̪ a pː i ]_w
[_w ɡ oː ɭ u ]_w
[_w n iː r a nː u ]_w
[_w i ʋ a n i ]_w
[_w h aː k a lː a ]_w
[_w s u m aː r ]_w
[_w h aː t̪ i ]_w
[_w r aː ʃ i ]_w
[_w ʋ i ʂ a j a d̪ a ]_w
[_w aː t̪ a r ʃ a n a ]_w
[_w e lː i ɡ e ]_w
[_w k a tʃ eː r i ]_w
[_w o n d̪ o n d̪ u ]_w
[_w e nː a ]_w
[_w p eː ɡ i lː a ]_w
[_w b eː ʈ i ɡ e ]_w
[_w b a l a ]_w
[_w a mː a n i k uː ]_w
[_w m a s t̪ a ]_w
[_w m aː ɖ i ]_w
[_w k eː l i ]_w
[_w r a m eː ɳ a ]_w
[_w b a r i ]_w
[_w a n tʃ e j eː ]_w
[_w aː n k l a ]_w
[_w dʒ i t̪ r a ]_w
[_w ɡ eː ʋ a l a ]_w
[_w p i ʈː a r e ]_w
[_w ɡ uː k a l ]_w
[_w t̪ i n t̪ a kː e ]_w
[_w b e ʋ a r u ]_w
[_w k o ɳ ɖ a ]_w
[_w eː n a nː uː ]_w
[_w s a n tʃ i k e ]_w
[_w b a ɡ e j a l u ]_w
[_w n a ɖ e s u ʋ a ]_w
[_w m o d̪ a l eː ]_w
[_w b a kː e j eː ]_w
[_w s a ʋ i d̪ e j aː ]_w
[_w k a r m a d̪ a ]_w
[_w b eː s i ɡ e ]_w
[_w p r eː k i n ɡ ]_w
[_w m u k i j i d̪ u ]_w
[_w h a r i t̪ u ]_w
[_w ɡ a ɭ u ]_w
[_w aː h ʋ aː n a ]_w
[_w ʈ e s ʈ ]_w
[_w ɡ a s a t̪ a t̪ a ]_w
[_w s a r ʋ a dʒ n a ]_w
[_w bʱ aː ʂ a ɳ a kː e ]_w
[_w t̪ i d̪ː i ]_w
[_w s t̪ʰ i d̪ i ɡ e ]_w
[_w b i ʈ a t̪ e ]_w
[_w o t̪ː a ɖ a ]_w
[_w p eː r e j eː ]_w
[_w m u n dʒ e j a ]_w
[_w p a h u t̪ u ]_w
[_w b a r u ʋ u d̪ u ]_w
[_w b e ɭ e j a l u ]_w
[_w m aː d̪ a r a h a ]_w
[_w ɡ e d̪ː a ]_w
[_w e r a ɖ u ]_w
[_w a n j aː j a ]_w
[_w j aː r uː ]_w
[_w pʰ i nː a ]_w
[_w e t̪ː u ]_w
[_w s a r a ɭ u ]_w
[_w b r a s aː r a ]_w
[_w a n d̪ aː ɡ a ]_w
[_w h o r a ɖ a r e ]_w
[_w n aː n u ]_w
[_w aː j d̪ ]_w
[_w ʋ eː t̪ a d̪ a ]_w
[_w e m p u d̪ u ]_w
[_w bʱ aː ɡ a ]_w
[_w h o ʈː e ]_w
[_w ʋ eː d̪ i k e ]_w
[_w k a ʋ i d̪ e ]_w
[_w k u ɖ ]_w
[_w k u ɳ a ]_w
[_w i lː uː ]_w
[_w m a t̪ː u ]_w
[_w l a h a r i d̪ a ]_w
[_w r aː ɡ a t̪ a ]_w
[_w m a kː a ɭ eː ]_w
[_w ʋ aː h ]_w
[_w k a d̪ʱ aː ]_w
[_w p a ɖ aː ɡ i ]_w
[_w m u d̪ a ]_w
[_w h a r a ɖ u ʋ a ]_w
[_w a d̪ a nː u ]_w
[_w m aː h i d̪ i ]_w
[_w k eː ɭ i t̪ e ]_w
[_w j aː r a ]_w
[_w p a ʃ tʃ i m a ]_w
[_w p a t̪ u ɡ a ]_w
[_w i t̪ a kː e ]_w
[_w s aː r i ]_w
[_w aː j i ]_w
[_w h oː k a l u ]_w
[_w i dʒ n aː n a lː a ]_w
[_w aː n d̪ʱ r a d̪ a ]_w
[_w p aː r a d̪ i ]_w
[_w ɡ r a m eː ɳ a ]_w
[_w s u m n eː ]_w
[_w n a mː i n t̪ a ]_w
[_w b e ɖ r oː l ]_w
[_w ɡ aː ʈ u ʋ a ]_w
[_w h o ɭ e ʋ a ]_w
[_w k a ɭ e d̪ i ʋ e ]_w
[_w n i nː a d̪ eː ]_w
[_w n a d̪ i j a ]_w
[_w eː n eː n u ]_w
[_w ɡʱ a n a ]_w
[_w s i pː a n i ]_w
[_w ɡ u ɳ ɖ i ]_w
[_w aː j aː ]_w
[_w a d̪ bʱ u d̪ a ]_w
[_w k oː ʈ e ]_w
[_w ɡ a l i t̪ a ]_w
[_w s i kː i t̪ e ]_w
[_w n oː ʈ a ]_w
[_w k a ɭ a ]_w
[_w s a h i t̪ a ]_w
[_w h a pː a kː e ]_w
[_w tʃ a n d̪ r a ]_w
[_w p aː ɭ u ]_w
[_w o mː o mː e ]_w
[_w h aː k uː ]_w
[_w p uː tʃ e ]_w
[_w t̪ a ʈ e ]_w
[_w k a s t̪ uː r i ]_w
[_w h eː ɭ u ]_w
[_w aː ɡ u t̪ː e ]_w
[_w eː n i d̪ u ]_w
[_w ɡ aː ɖ i n a ]_w
[_w a r a ɭ u ʋ a ]_w
[_w m u s l i n ]_w
[_w n a n a k a ]_w
[_w a k a d̪ a ]_w
[_w n uː r aː r u ]_w
[_w aː t̪ i ]_w
[_w n aː n o n d̪ u ]_w
[_w m aː n a ʋ a ]_w
[_w dʒ aː ɳ a ]_w
[_w m aː t̪ a r u ]_w
[_w bʱ a ʈː a r a ]_w
[_w a m uː l j a ]_w
[_w ɡ a dʒ eː r i ]_w
[_w b eː k i d̪ː u ]_w
[_w aː k e j e ]_w
[_w m a r a ɭ u ]_w
[_w kʰ a ɖ a n e j a ]_w
[_w dʒ aː r i ]_w
[_w s a r ]_w
[_w h o ɖ e j u ʋ a ]_w
[_w ɡʱ a m a ]_w
[_w m aː m uː l i ]_w
[_w t̪ i ɭ i s i ]_w
[_w k a ɳ ʈ a t̪ː u ]_w
[_w aː ɡ u ʋ a ]_w
[_w aː ʋ aː k a r ]_w
[_w s a n kʰ j e ]_w
[_w m aː n a ]_w
[_w a r eː ]_w
[_w a ʂ ʈ e lː aː ]_w
[_w h e ɳ ɖ t̪ i ]_w
[_w k a ɭ i ɡ e ]_w
[_w aː dʒ e ]_w
[_w o ɭ a ɡ a ]_w
[_w e m b u d̪ a r a ]_w
[_w ʋ i d̪ʱ i ]_w
[_w t̪ a ʃ a k a ɭ u ]_w
[_w n iː ʋ e lː a ]_w
[_w a d̪ b u d̪ a r a ]_w
[_w b a ɖ a ]_w
[_w k u r i t̪ u ]_w
[_w a j ʈ i j aː ]_w
[_w ʋ a r u ]_w
[_w h iː k i d̪ e ]_w
[_w j aː r oː ]_w
[_w p r a s t̪ e ]_w
[_w k a l i d̪ a ]_w
[_w s u mː a n eː ]_w
[_w ʃ a ɡ t̪ i ]_w
[_w n o b e l ]_w
[_w r aː dʒ ]_w
[_w n e ʈ ]_w
[_w b e ɭ e t̪ u ]_w
[_w m a ʈʰ a d̪ a ]_w
[_w b iː s u ʋ a ]_w
[_w b aː p aː ]_w
[_w p eː k i d̪ː u ]_w
[_w i nː o mː e ]_w
[_w k uː t̪ e ]_w
[_w ʋ i r oː d̪ʱ i ]_w
[_w p r a m aː ɳ a ]_w
[_w b aː l i k e ]_w
[_w k a n t̪ a r e ]_w
[_w t̪ i n aː n k a ]_w
[_w s aː k i ]_w
[_w i lː e ]_w
[_w j aː r i k uː ]_w
[_w m eː l o n t̪ u ]_w
[_w i r u ʋ i ]_w
[_w p a n d̪ a ]_w
[_w aː t̪ a n u ]_w
[_w p a n d̪ i ]_w
[_w a r t̪ʰ aː d̪ ]_w
[_w s aː l i k e ]_w
[_w h eː ɭ a d̪ eː ]_w
[_w dʒ i n d̪ a ]_w
[_w b eː l i ]_w
[_w s i n e m aː ]_w
[_w b e ɭ a kː e ]_w
[_w e n d̪ʱ a ]_w
[_w m aː ɖ i t̪ a ]_w
[_w p l aː ɡ ]_w
[_w n a n a k a ɭ u ]_w
[_w e tʃː a r a ]_w
[_w s iː t̪ aː ]_w
[_w s eː r i t̪ː a ]_w
[_w n iː r u ]_w
[_w s ʋ aː r t̪ʰ a ɡ a ]_w
[_w m a kː a ɭ a ]_w
[_w ɡ a tʃ eː r i ]_w
[_w kʰ aː l i ]_w
[_w b a h u ʃ a ]_w
[_w oː d̪ i n a ]_w
[_w b a d̪ r a ]_w
[_w l oː h i j aː ]_w
[_w b a ɭ a ɡ a ]_w
[_w s a r i j a r u ]_w
[_w a n d̪ eː ʃ a d̪ a ]_w
[_w m a dʒ a ]_w
[_w j aː ʋ u d̪ u ]_w
[_w d̪ a r a l eː ]_w
[_w aː d̪ a ]_w
[_w e lː o ]_w
[_w ɡ aː t̪ e ]_w
[_w tʃ i lː aː ]_w
[_w h aː k e ]_w
[_w kʰ aː n ]_w
[_w j aː r o ]_w
[_w aː k u t̪ː aː ]_w
[_w k ʂ a ɳ a kː e ]_w
[_w b a r a l eː ]_w
[_w i ɳ ʈ i j a n ]_w
[_w k a l aː ɖ e ]_w
[_w d̪ iː p a ]_w
[_w p eː k e n d̪ u ]_w
[_w k oː p a ]_w
[_w h a ʈʰ a ]_w
[_w k ʂ a m e ]_w
[_w b a ʈ e j a l u ]_w
[_w k eː ɭ a d̪ e ]_w
[_w n a ʈ e d̪ i d̪ e ]_w
[_w tʃ i ʈː aː ɳ i ]_w
[_w t̪ a ʃ a ɡ a ɭ a ]_w
[_w i r u ]_w
[_w ʈ i bː a ɳ i ]_w
[_w u p a j oː ɡ a ]_w
[_w k i r u ʋ u d̪ u ]_w
[_w k uː ɖ a ]_w
[_w b aː j i ]_w
[_w ɡ o pː a ]_w
[_w n aː ɭ e j a l u ]_w
[_w eː n aː j d̪ u ]_w
[_w d̪ a r a h a ]_w
[_w m o nː e ]_w
[_w b i tʃː i ]_w
[_w b r a t̪ʰ a m a ]_w
[_w d̪ a l u p i ]_w
[_w n oː ɖ oː ]_w
[_w k o ʈː u ]_w
[_w b i s i l u k i ]_w
[_w kʰ a ʈː a d̪ a ]_w
[_w e mː e ]_w
[_w h i nː e l e ]_w
[_w uː ɖ a d̪ a ]_w
[_w aː m eː l e ]_w
[_w s a n ɡ iː ʃ ]_w
[_w k o ɖ u k e ]_w
[_w aː ɖ i d̪ a ]_w
[_w b a ɳː a ]_w
[_w n a kː e ]_w
[_w k a ʈː i t̪ a ]_w
[_w b a ɭ i j uː ]_w
[_w ɡ aː l u ]_w
[_w l aː s ]_w
[_w h oː ɡ u ]_w
[_w p aː ʋ i j a ]_w
[_w m u tʃː i ]_w
[_w ʋ i ʂ a j a t̪ a ]_w
[_w t̪ a ʈː e ]_w
[_w a nː i s i t̪ a ]_w
[_w i lː i r u ʋ a ]_w
[_w p aː ɡ i l u ]_w
[_w k ʂ a ɳ e ]_w
[_w n iː ʋ ]_w
[_w i ʈː i ɡ e ]_w
[_w ʃ aː l aː ]_w
[_w k eː ɭ i t̪ː e ]_w
[_w ʈ i k e ]_w
[_w ɡ aː m e ɳ ɖ ]_w
[_w n i t̪ r e ]_w
[_w m u ɡ i s i ]_w
[_w m a n d̪ r u ]_w
[_w b r eː k ]_w
[_w h eː ɭ a t̪ eː ]_w
[_w n aː ʃ a ]_w
[_w tʃ a h aː ]_w
[_w a p t̪ u l ]_w
[_w aː d̪ a n i kʰ e ]_w
[_w b a d̪ a l u ]_w
[_w ɡ e l a ʋ e ɖ e ]_w
[_w a bʱ j aː s a ]_w
[_w a ʃ oː ɡ ]_w
[_w r oː ɡ a ]_w
[_w n a ɖ e s i ]_w
[_w i d̪ː a r uː ]_w
[_w o n t̪ a ]_w
[_w ʋ j a ɡ t̪ i ]_w
[_w ɡ a s t̪ uː r i ]_w
[_w d̪ʱ a r m a ]_w
[_w oː ɖ i ]_w
[_w d̪ a n e ]_w
[_w k o ɳ ɖ i ]_w
[_w a ʋ a r e lː a ]_w
[_w tʃ eː n u ]_w
[_w s aː m aː n u ]_w
[_w h eː ɭ i d̪ e ]_w
[_w b a r a d̪ i ]_w
[_w ɡ o ɭ a dʒ e ]_w
[_w m e ɳ a s u ]_w
[_w a r i ʋ a ]_w
[_w aː ɡ o mː e ]_w
[_w tʃ aː n a k i ]_w
[_w aː t̪ a r e ]_w
[_w a m e r i ɡ e ]_w
[_w r a ʋ a s e ]_w
[_w m aː ɖ u t̪ː a ]_w
[_w a n t̪ aː n e ]_w
[_w k u ɭ i d̪ i lː a ]_w
[_w t̪ aː n a ]_w
[_w m aː ɖ i lː a ]_w
[_w bʱ a l a ]_w
[_w k aː n t̪ʰ i ]_w
[_w dʒ eː t̪ a n a ]_w
[_w dʒ i nː a ]_w
[_w b eː r eː ]_w
[_w a ʂ ʈ aː ɡ i ]_w
[_w p a n t̪ a d̪ a ]_w
[_w e t̪ː a r a d̪ i ]_w
[_w h a r i ɳ i ]_w
[_w i n t̪ i t̪ː u ]_w
[_w p a l j a ]_w
[_w kʰ a ɳ ʈ i d̪ a ]_w
[_w k a l p a ]_w
[_w k a ɳː i n a ]_w
[_w t̪ oː s e ]_w
[_w ɖ aː ɖ ]_w
[_w s u s t̪ aː k i ]_w
[_w ɡ a r i ]_w
[_w a nː o ]_w
[_w h o ʈː e k e ]_w
[_w dʒ oː ɭ a d̪ a ]_w
[_w m a r i ]_w
[_w p aː p a ]_w
[_w aː k e ]_w
[_w ɡ u m b u ]_w
[_w h o r a ɡ i n a ]_w
[_w a n ʃ a j a ]_w
[_w b u r aː ɳ a ]_w
[_w e lː i n d̪ a ]_w
[_w k a l i t̪ e ]_w
[_w n i n a ɡ a r a ]_w
[_w aː d̪ʱ aː r a ]_w
[_w k a ʋ a n u ]_w
[_w b a r iː ]_w
[_w j a lː i ]_w
[_w b a kː a d̪ a ]_w
[_w t̪ u pː a ]_w
[_w h j aː ɡ e ]_w
[_w l a n ɡ eː ]_w
[_w dʒ aː k a kː e ]_w
[_w h o r a d̪ u ]_w
[_w u p aː j a lː i ]_w
[_w h a m p i ]_w
[_w r a k ʂ a ]_w
[_w aː d̪ a ʂ ʈ u ]_w
[_w m a k aː ]_w
[_w t̪ a n i ]_w
[_w h a r i d̪ a ]_w
[_w k a ɳ eː ʃ a ]_w
[_w h eː ɭ a t̪ e ]_w
[_w t̪ a ɳ ʈ a r u ]_w
[_w n a n d̪ a ʋ u ]_w
[_w r aː ʂ ʈ r a ]_w
[_w eː n a pː aː ]_w
[_w s a t̪ a d̪ a ]_w
[_w j aː ɡ ]_w
[_w kʰ a m a ]_w
[_w aː k o mː e ]_w
[_w b r a t̪ i bʱ e ]_w
[_w s aː m r aː ʈ ]_w
[_w h oː d̪ a ɭ u ]_w
[_w b a n d̪ u ]_w
[_w a ʋ a r eː ]_w
[_w k a t̪ː a l u ]_w
[_w dʒ o t̪ e ɡ e ]_w
[_w p uː r ɳ a ]_w
[_w s aː ɡ a r ]_w
[_w h e d̪ a r i ɡ uː ]_w
[_w n i n d̪ a n eː ]_w
[_w e lː i n d̪ a kː e ]_w
[_w p a d̪ u k i ɡ e ]_w
[_w m a d̪ iː j a ]_w
[_w a n d̪ aː ]_w
[_w aː t̪ a n ɡ i j a ]_w
[_w n oː ɖ a l u ]_w
[_w h o d̪ː a lː i ]_w
[_w m u ɡ i d̪ u ]_w
[_w k r aː n t̪ i ]_w
[_w dʒ aː n a ɡ i ]_w
[_w ʋ i dʒ n aː n a ]_w
[_w b a r a t̪ a ]_w
[_w a n d̪ eː ʃ a ]_w
[_w b a n d̪ i d̪ e ]_w
[_w u ɭ i d̪ i lː a ]_w
[_w dʒ i n d̪ e ]_w
[_w b aː d̪ ]_w
[_w dʒ i ɡ u r u d̪ u ]_w
[_w p eː s i k e ]_w
[_w n iː n u ]_w
[_w b a r a ]_w
[_w t̪ i n a ɡ a t̪ ]_w
[_w ɡʱ a ɳ ʈ i t̪ aː ]_w
[_w k u ɖ i j u ʋ a ]_w
[_w s u ʋ a ]_w
[_w m a ɡ a n eː ]_w
[_w j oː ɡ a ]_w
[_w h i n s e ]_w
[_w r aː ʋ ]_w
[_w i t̪ a kː uː ]_w
[_w d̪ a n t̪ e ]_w
[_w h oː j i t̪ u ]_w
[_w p r a dʒ aː ]_w
[_w ʋ i d̪ j u d̪ ]_w
[_w n a ʋ e m b a r ]_w
[_w m u t̪ u ɡ a ]_w
[_w ʋ i d̪ eː ʃ i ]_w
[_w a ʋ a r i k e ]_w
[_w d̪ i n d̪ a ]_w
[_w k aː ʋ u ]_w
[_w h aː ɖ i n a ]_w
[_w a n i s i ]_w
[_w d̪ o ɭ e d̪ u ]_w
[_w l oː k a kː e ]_w
[_w a ɖ i j a lː i ]_w
[_w m u t̪ː aː t̪ a ]_w
[_w p eː ʈ i ɡ e ]_w
[_w m a dʒː i ɡ e ]_w
[_w k a ʋ i d̪ aː j a ]_w
[_w ʋ i ʃ ʋ a ]_w
[_w a ʋ a ɭ i k e ]_w
[_w p r a ʃ n e ]_w
[_w m a d̪ʱ u r a ]_w
[_w h aː ɡ e j e ]_w
[_w bʱ aː ɡ j a ]_w
[_w b a kː e ]_w
[_w oː d̪ i d̪ e ]_w
[_w n a nː i n d̪ a ]_w
[_w a r a ɭ u ]_w
[_w k a d̪ e j a ]_w
[_w k oː ɳ e ]_w
[_w m oː ʈ i ]_w
[_w h aː s i ɡ e ]_w
[_w t̪ o n d̪ u ]_w
[_w oː d̪ u t̪ː aː ]_w
[_w p a n d̪ e j eː ]_w
[_w i t̪ o n t̪ a l a ]_w
[_w d̪ eː h a ]_w
[_w i n d̪ a ]_w
[_w b u t̪ː i ]_w
[_w m a l a ɡ u ʋ a ]_w
[_w n aː ʋ uː ]_w
[_w b a n d̪ e ]_w
[_w a n a k e ]_w
[_w ʈ r aː pʰ i ɡ ]_w
[_w h eː ɭ a d̪ e ]_w
[_w k a ɳ i t̪ a ]_w
[_w j aː ʋ aː ɡ a r ]_w
[_w p e ɭ a ɡ u ]_w
[_w d̪ʱ aː r m i k a ]_w
[_w d̪ u ɭ a s i j a ]_w
[_w uː ɖ a kː e ]_w
[_w b o ɡ a ɭ e ]_w
[_w k o ɭ a tʃ e ]_w
[_w b i dʒ e p i ]_w
[_w n i m a k e ]_w
[_w h i n t̪ uː ]_w
[_w ʃ aː l e j a ]_w
[_w b r a k r i j e ]_w
[_w n a ɡː e ]_w
[_w t̪ o ʈː a d̪ u ]_w
[_w k r aː m a ]_w
[_w n a k u ]_w
[_w bʱ a r a d̪ eː ]_w
[_w m a h aː ]_w
[_w n i n d̪ i d̪ː u ]_w
[_w a n d̪ eː ʃ a ɡː e ]_w
[_w s a n d̪ eː ]_w
[_w h i n t̪ i d̪ː e ]_w
[_w d̪ a n i ɡ a ɭ u ]_w
[_w n i r t̪ i ʂ ʈ a ]_w
[_w a n d̪ i ]_w
[_w s o b a k u ]_w
[_w m uː r u ]_w
[_w tʃ a m a tʃ a ]_w
[_w aː r t̪ʰ i ɡ a ]_w
[_w a ʋ u ]_w
[_w h iː r oː ]_w
[_w k a ʈ e j a ]_w
[_w r a dʒ e ]_w
[_w m u n d̪ a r a ]_w
[_w k e l a ʋ u ]_w
[_w p a d̪ u ɡ i n a ]_w
[_w n a m a k eː ]_w
[_w h a nː o n t̪ u ]_w
[_w a ʋ a t̪ʰ i ]_w
[_w m uː r uː ]_w
[_w k a ɳ ɖ u ]_w
[_w i ʂ ʈ a ]_w
[_w ɡ uː ɡ a l ]_w
[_w tʃ a pː aː ɭ e ]_w
[_w a ʋ a n i ɡ uː ]_w
[_w k u ɳ ɖ i ]_w
[_w k o r a d̪ u ]_w
[_w s u kʰ a ]_w
[_w bʱ a ʋ j a ɡ t̪ i ]_w
[_w m a ɡ aː ]_w
[_w eː n i lː a ]_w
[_w d̪ u ɳ ɖ u ]_w
[_w m a k a ]_w
[_w h e dʒː e ]_w
[_w b aː j i ɡ e ]_w
[_w a t̪ i d̪ʱ i ]_w
[_w aː t̪ u ]_w
[_w p r a d̪ iː ]_w
[_w p a lː a ]_w
[_w p i l ]_w
[_w k r a h a ]_w
[_w t̪ i r u ʋ a ]_w
[_w n aː ɖ i n a ]_w
[_w a l ʋ eː ]_w
[_w m a ɳː u ]_w
[_w bʱ uː p a ʈ a ]_w
[_w n a lː i ]_w
[_w h aː ɖ i t̪ a ]_w
[_w d̪ a bː aː ɡ i ]_w
[_w k a ɳ ɖ a t̪ː u ]_w
[_w ɡ a ɳː i n a ]_w
[_w n a m a n a s u ]_w
[_w e lː a r uː ]_w
[_w tʃ i n d̪ a ]_w
[_w iː ɡ i r u ʋ a ]_w
[_w h i ɖ i t̪ u ]_w
[_w o n d̪ʱ a r a ]_w
[_w m a d̪ʱ j a d̪ e ]_w
[_w m aː d̪ a nː u ]_w
[_w h uː k a ɭ u ]_w
[_w b a d̪ u ɡ u ]_w
[_w n a nː aː ɡ e ]_w
[_w u ɖ u ɡ u ʋ a ]_w
[_w m a s aː l e ]_w
[_w n i n d̪ i d̪ e ]_w
[_w b e ʈː i ɡ e ]_w
[_w a kː a n a ]_w
[_w ʋ aː s i ]_w
[_w i d̪ u ]_w
[_w e tʃː a r i ]_w
[_w oː d̪ i d̪ a ]_w
[_w e lː i d̪ e ]_w
[_w k o t̪ː e ]_w
[_w h aː ɖ i d̪ a ]_w
[_w s t̪ʰ a ɭ iː j a ]_w
[_w e n d̪ a r u ]_w
[_w h eː ɭ i d̪ː u ]_w
[_w ɡ i ɖ a ɡ a ]_w
[_w aː ɳ ɖ i ]_w
[_w m u nː a ]_w
[_w m a n tʃ a ]_w
[_w b i ʈ u ʋ a ]_w
[_w d̪ uː r a d̪ a ]_w
[_w t̪ aː r i ]_w
[_w s o ɡ a s u ]_w
[_w i d̪ r uː ]_w
[_w u ɭ i t̪ u ]_w
[_w p e kː i n a ]_w
[_w h iː ɡ i d̪ e ]_w
[_w k u t̪ u r e ]_w
[_w e n t̪ a ɭ u ]_w
[_w i lː i ]_w
[_w n i m a ɡ e ]_w
[_w tʃ iː ʋ a n t̪ a ]_w
[_w k uː ɖ a l eː ]_w
[_w s a d̪ʱ j a kː e ]_w
[_w aː ɡ i d̪ː u ]_w
[_w n i nː a t̪ eː ]_w
[_w aː ɖ u ʋ a ]_w
[_w h a l oː ]_w
[_w s t̪ʰ aː n a ]_w
[_w r a tʃ a n e ]_w
[_w m uː r t̪ i ]_w
[_w e lː aː ]_w
[_w b a d̪ u ɡ i n a ]_w
[_w t̪ i n aː l uː ]_w
[_w b l aː ɡ ]_w
[_w n a mː a mː a ]_w
[_w m aː r aː j a ]_w
[_w tʃ a k a ɭ u ]_w
[_w s a r i ]_w
[_w m a n a ʋ i ]_w
[_w aː j k e ]_w
[_w t̪ a bː a t̪ e ]_w
[_w h aː r i ]_w
[_w b aː ɡ i l u ]_w
[_w b eː ʈ a ]_w
[_w s a m aː tʃ a ]_w
[_w a d̪ a r a ]_w
[_w h aː ɖ a l i ]_w
[_w s a h aː ]_w
[_w pʰ oː n ]_w
[_w dʒ aː l a ɡ a ]_w
[_w m a n d̪ i t̪ u ]_w
[_w bʱ uː m i j a ]_w
[_w n i s a r a d̪ a ]_w
[_w r aː dʒ eː ʃ ]_w
[_w b i ʈː a ]_w
[_w t̪ a nː a ]_w
[_w p a n d̪ i d̪ː u ]_w
[_w a d̪ a r e ]_w
[_w ɡ u l aː b i ]_w
[_w r uː m u ]_w
[_w b a t̪ a ɡ a ɭ u ]_w
[_w b a r t̪ iː n i ]_w
[_w dʒ iː ʋ a n d̪ a ]_w
[_w e ɖ a kː e ]_w
[_w h u ɖ u ɡ a n a ]_w
[_w bʱ a t̪ː a d̪ eː ]_w
[_w p r a d̪ i m e ]_w
[_w d̪ a pː aː k i ]_w
[_w b a r a lː a ]_w
[_w b a ʈ a ʋ a r a ]_w
[_w s uː tʃ a n e ]_w
[_w m a r e d̪ e ]_w
[_w dʒ oː ɭ a t̪ a ]_w
[_w b l aː ɡ i ]_w
[_w k u ɖ u m b a ]_w
[_w m a n a t̪ a ]_w
[_w m uː ɡ i k e ]_w
[_w r aː m a d̪ a ]_w
[_w k iː r t̪ i ]_w
[_w t̪ eː ʃ a kː e ]_w
[_w aː ɡ a l i t̪ a ]_w
[_w d̪ i ɭ i j a t̪ u ]_w
[_w j aː r i k e ]_w
[_w i d̪ː u ]_w
[_w h a r i d̪ u ]_w
[_w h u s i ]_w
[_w s a l a ]_w
[_w k a ʋ i j a ]_w
[_w t̪ʰ a r a ]_w
[_w s i bː a n i ]_w
[_w h eː k i t̪ e ]_w
[_w tʃ i nː a ]_w
[_w t̪ a ʋ a ɡ a ]_w
[_w a kː aː ]_w
[_w s a n d̪ a l a ]_w
[_w b i lː u ]_w
[_w b a r oː ]_w
[_w i n d̪ a h a ]_w
[_w i r u ʋ u t̪ u ]_w
[_w n a mː a d̪ eː ]_w
[_w a j t̪ a n eː ]_w
[_w s a m iː p a ]_w
[_w b a ʈ e d̪ e ]_w
[_w ɡ a ʋ a n i k e ]_w
[_w k a n t̪ uː ]_w
[_w ɡ i ɖ a ]_w
[_w t̪ u ɳ ʈ u ]_w
[_w s ʋ a n d̪ a ]_w
[_w i lː a d̪ e ]_w
[_w a j ɖ i ]_w
[_w b a r a l u ]_w
[_w o mː e l eː ]_w
[_w a n d̪ i lː a ]_w
[_w b a n d̪ aː r e ]_w
[_w h oː k i d̪ e ]_w
[_w t̪ a ɳː a ɡ e ]_w
[_w dʒ i r a l i lː a ]_w
[_w i pː a r a ]_w
[_w h o n d̪ i d̪ e ]_w
[_w a r e ]_w
[_w ʋ i ʋ aː t̪ a ]_w
[_w h aː s ʈ e l ]_w
[_w h o ɖ e d̪ a ]_w
[_w b a r j aː j a ]_w
[_w m u t̪ː a ]_w
[_w p a n d̪ e ɡ e ]_w
[_w b r a d̪ʱ a m a ]_w
[_w p a n d̪ e ]_w
[_w u nː a d̪ a ]_w
[_w s aː d̪ʱ a n e ]_w
[_w k a ɳ ɖ a d̪ a ]_w
[_w m e lː a ɡ e ]_w
[_w ɡ a r a ]_w
[_w k a ʈː e ]_w
[_w tʃ aː r a ɳ a ]_w
[_w ɡ aː n t̪ʰ i j a ]_w
[_w ɡ uː l i ]_w
[_w a pː a ]_w
[_w k a ʋ a n a nː u ]_w
[_w k e l a ]_w
[_w k a l e ]_w
[_w i ʋ a n a ]_w
[_w l j aː ɳ a ]_w
[_w m aː ʈ i d̪ː u ]_w
[_w n iː ʋ eː ]_w
[_w t̪ e h a l i j a ]_w
[_w r a ʋ a t̪ː u ]_w
[_w ɡ aː ʋ eː r i ]_w
[_w aː ɡ aː k a ]_w
[_w a ʋ a n i ]_w
[_w ɡ u r u ɡ a ɭ a ]_w
[_w k a d̪ː a l a ]_w
[_w a n t̪ r u ]_w
[_w a d̪ː i d̪ː a ]_w
[_w s oː l u ]_w
[_w h eː ɭ i d̪ː e ]_w
[_w p aː l j a d̪ a ]_w
[_w n a m a n a t̪ a ]_w
[_w m oː h a n ]_w
[_w a ɡ aː ɖ e m i ]_w
[_w b r eː k i n k ]_w
[_w o ɭ a kː e ]_w
[_w m aː ɖ a l u ]_w
[_w k a ɳ ɖ aː ɡ a ]_w
[_w p i ʈː aː ɡ a ]_w
[_w d̪ oː ɳ i ]_w
[_w h a r iː ʃ ]_w
[_w dʒ e n d̪ a r uː ]_w
[_w b e ɭ a ɡː e ]_w
[_w b a ɖ e d̪ u ]_w
[_w a r e r e ]_w
[_w a ʈ i ɡ e ]_w
[_w b a n t̪ a r a ]_w
[_w ɡ u ɖ i s a l u ]_w
[_w aː ɡ i t̪ a ]_w
[_w ɡ o ɖː a r e ]_w
[_w r a ɡ a ɖ e ]_w
[_w o n t̪ uː ]_w
[_w m u n d̪ o n d̪ u ]_w
[_w b r aː ɳ a ]_w
[_w h a n i ɡ a ɭ u ]_w
[_w p i ɡ ]_w
[_w n i n d̪ aː ɡ a ]_w
[_w m a t̪ iː j a ]_w
[_w k aː ɭ i ɡ e ]_w
[_w r uː m i n a ]_w
[_w a j ʈ i ]_w
[_w ʋ aː r a d̪ a ]_w
[_w iː k iː ɡ a ]_w
[_w m eː l e ]_w
[_w n aː r u ]_w
[_w ʈ aː ɖ aː ]_w
[_w d̪ eː ʋ i ]_w
[_w a ɳː a n a ]_w
[_w iː r u ɭː i ]_w
[_w ʃ aː n d̪ i ]_w
[_w k eː ɭ i t̪ a ]_w
[_w l j aː ɳ ɖ ]_w
[_w b i ʈː a ɭ u ]_w
[_w i nː i lː a ]_w
[_w a m e r i k e ]_w
[_w ʈ iː ʋ i ]_w
[_w ɡ i r i ɡ i r i ]_w
[_w s a n d̪ a ʋ u ]_w
[_w t̪ a k o ɳ ʈ i ]_w
[_w i t̪ o n t̪ a lː a ]_w
[_w ɡ r a h a ]_w
[_w a bʱ i n a j a ]_w
[_w i r u t̪ː a ʋ e ]_w
[_w h a s i ʋ u ]_w
[_w h iː ɡ o n d̪ u ]_w
[_w k aː l eː dʒ ]_w
[_w t̪ a n t̪ e ]_w
[_w u ɭ i t̪ a ]_w
[_w h o r a ɖ u ʋ e ]_w
[_w l a ʋ ]_w
[_w k i r u ʋ a ]_w
[_w e lː a t̪ a r e ]_w
[_w ʋ a r e lː a ]_w
[_w k a ɳ ʈ e ]_w
[_w ʃ a k t̪ i ]_w
[_w iː ɡ a n t̪ u ]_w
[_w ɡ a l e j a ]_w
[_w m a n a s i k e ]_w
[_w a ʋ a t̪ː u ]_w
[_w dʒ a ɖ a ]_w
[_w s iː m i d̪ a ]_w
[_w b e r e d̪ u ]_w
[_w p u ɖ a ɡ a ɭ u ]_w
[_w ʋ aː p a s u ]_w
[_w ʋ aː k ]_w
[_w p i lː u ]_w
[_w m a r a ɳ i ]_w
[_w b a ɖ e j u ʋ a ]_w
[_w ɡ a ɳː aː r e ]_w
[_w b a d̪ u ɡ i ɡ e ]_w
[_w m aː ʈ a t̪ e ]_w
[_w i n d̪ a n t̪ u ]_w
[_w p a r oː ɳ a ]_w
[_w aː ɖ i ]_w
[_w t̪ u m p i ]_w
[_w a ʋ a r i n d̪ a ]_w
[_w a nː i s i t̪ u ]_w
[_w ɡ a l j aː ɳ ʈ ]_w
[_w i l ʋ aː ]_w
[_w t̪ u n t̪ u r u ]_w
[_w s u ʈː u ]_w
[_w n i s a r k a ]_w
[_w m uː r a n e ]_w
[_w p a dʒ e ʈ ]_w
[_w s i k a t̪ a ]_w
[_w k a ʋ i ɡ a ɭ a ]_w
[_w dʒ aː r i ɡ e ]_w
[_w i n t̪ a ]_w
[_w p l aː ɡ u ]_w
[_w i d̪ e j a ]_w
[_w k o ʈː a r e ]_w
[_w h o r a ɡː e ]_w
[_w b r a b a n t̪ʰ a ]_w
[_w a ʋ a ɭ i ]_w
[_w m a t̪ː o bː a ]_w
[_w n uː r e ɳ ʈ ]_w
[_w dʒ i ʈː e ]_w
[_w l oː ɡ eː ʃ ]_w
[_w ɡ a l i d̪ u ]_w
[_w h uː ʋ u ]_w
[_w m a ɭ e ɡ e ]_w
[_w dʒ e ɡ ]_w
[_w r a n d̪ e ]_w
[_w n a ʈ e d̪ eː ]_w
[_w k aː d̪ e ]_w
[_w h oː j d̪ u ]_w
[_w t̪ i n a ɡ e ]_w
[_w b r a d̪ʱ aː n a ]_w
[_w i n t̪ u ]_w
[_w b a r j aː t̪ e ]_w
[_w h o r a ɡ a ɭ e ]_w
[_w m a n tʃ a d̪ a ]_w
[_w j aː r u ]_w
[_w k a ɳ o ]_w
[_w ɡʱ a ʈː a d̪ a ]_w
[_w s iː s a n ]_w
[_w aː k a lː a ]_w
[_w m aː n s a ]_w
[_w dʒ iː ʋ a n a ]_w
[_w o ɭː eː d̪ u ]_w
[_w h aː ɡ a n d̪ a ]_w
[_w ɡ o ɳ ɖ a ]_w
[_w i r a t̪ː e ]_w
[_w a n d̪ i d̪ː a ]_w
[_w b a t̪ n i ]_w
[_w m a r j aː t̪ e ]_w
[_w k e ɭ a d̪ i j a ]_w
[_w k a ʂ aː j a ]_w
[_w m i kː a ]_w
[_w m a r e j a l u ]_w
[_w t̪ u m b i n a ]_w
[_w ɡ a l i ɡ e ]_w
[_w aː ʃ tʃ a r j a ]_w
[_w a n u ʋ aː t̪ a ]_w
[_w m u kʰ a d̪ a ]_w
[_w h o r a k i n a ]_w
[_w b r a ʃ n e ɡ e ]_w
[_w d̪ i ɭ i t̪ u ]_w
[_w b u k ]_w
[_w k eː s a r ]_w
[_w h aː ʈ a nː u ]_w
[_w a n d̪ i d̪ː u ]_w
[_w iː ɡ a n d̪ uː ]_w
[_w u d̪ aː ]_w
[_w s eː r a l u ]_w
[_w l a n k eː t̪ a ]_w
[_w p a n t̪ i ]_w
[_w a k aː ɖ e m i ]_w
[_w i n d̪ uː ]_w
[_w ʃ a ɡ t̪ i j a ]_w
[_w n i j a m a ]_w
[_w ɡ a ɳ ɖ i d̪ a ]_w
[_w oː d̪ i ɡ e ]_w
[_w i d̪ uː ]_w
[_w t̪ u t̪ː u ]_w
[_w j aː ʋ a ]_w
[_w ʋ aː r ʂ i ɡ a ]_w
[_w t̪ i ʋ aː k a ]_w
[_w ɡ o n d̪ a nː u ]_w
[_w b a ɭ a ɡ e ]_w
[_w ɡ e ɭ a k i ɡ e ]_w
[_w p eː r u ]_w
[_w k r aː s ]_w
[_w h o r a ʈ a l a ]_w
[_w e nː u ʋ a ]_w
[_w aː k a t̪ a ]_w
[_w t̪ a l i ɡ e ]_w
[_w m oː h a ]_w
[_w ɡ a ʈ e ]_w
[_w r a ʋ a r a d̪ a ]_w
[_w k o ɭː u ʋ a ]_w
[_w e nː u t̪ː a ]_w
[_w u d̪ a j ]_w
[_w m a t̪ː e ]_w
[_w s i kː i ]_w
[_w d̪ e ɡ e ]_w
[_w t̪ i ɭ i s i d̪ u ]_w
[_w eː ɭ u ]_w
[_w k a r u ]_w
[_w b a r i m a ɭ a ]_w
[_w m u n t̪ a r u ]_w
[_w h e ɳː i ɡ e ]_w
[_w n oː ɖ oː ɡ e ]_w
[_w k a d̪ʱ e j a ]_w
[_w n i m a k uː ]_w
[_w t̪ i n d̪ u ]_w
[_w b j u r oː d̪ a ]_w
[_w p a n d̪ a r e ]_w
[_w m a n t̪ i d̪ː u ]_w
[_w i ʋ u k a ɭ a ]_w
[_w aː ɡ e ɡ e ]_w
[_w ʈ a r n ]_w
[_w ɡ uː ʈ aː ]_w
[_w t̪ i ɭ i j a t̪ e ]_w
[_w iː k i n a ]_w
[_w s a d̪ a d̪ a ]_w
[_w n a mː a n e ]_w
[_w p a r i tʃ a j a ]_w
[_w s aː l i ɡ e ]_w
[_w ɡ e t̪ː a ]_w
[_w m u n d̪ i n a ]_w
[_w k e r e j a l u ]_w
[_w a mː a n i ɡ e ]_w
[_w t̪ e ɡ e ]_w
[_w r aː tʃ ]_w
[_w b i ɖ i s i ]_w
[_w tʃ eː t̪ a n aː ]_w
[_w i dʒ n aː n a ]_w
[_w s i kː i d̪ː u ]_w
[_w d̪ a ʋ a ]_w
[_w tʃ a t̪ e ɡ a ɭ u ]_w
[_w o m b a t̪ː u ]_w
[_w s aː j b r ]_w
[_w b e n ɡ i ]_w
[_w h oː t̪ a ʋ u ]_w
[_w kʰ a ɖ a n eː ]_w
[_w i lː i t̪ e ]_w
[_w aː t̪ a r uː ]_w
[_w h aː ɡ e n d̪ u ]_w
[_w b eː ɭ e ]_w
[_w s n eː h a ]_w
[_w pʰ u l ]_w
[_w dʒ aː r tʃ ]_w
[_w tʃ i kː a ]_w
[_w k u ɖ i d̪ a ]_w
[_w ɡ a ɖ e j u ʋ a ]_w
[_w a pː aː ]_w
[_w o ɭː e j a d̪ u ]_w
[_w s a ɖ a ɡ a ɭ a ]_w
[_w n a mː i n d̪ a ]_w
[_w b a r u ʋ a ]_w
[_w i d̪ j aː d̪ i ]_w
[_w t̪ u ɭ u ]_w
[_w ʋ i ʃ ʋ a d̪ a ]_w
[_w oː d̪ u ʋ u t̪ u ]_w
[_w p a h a ɭ a ]_w
[_w m aː d̪ r a ]_w
[_w e lː a ʋ uː ]_w
[_w p aː l i n a ]_w
[_w a d̪ʱ i ɡ a ]_w
[_w tʃ e ɡ ]_w
[_w ɡ uː t̪ a r e ]_w
[_w i r u d̪ː a d̪ e ]_w
[_w aː h aː r a ]_w
[_w p a r a l i lː a ]_w
[_w i ʋ a ɭ i ɡ e ]_w
[_w b a r e d̪ e ]_w
[_w h eː ɭ i ]_w
[_w r a s t̪ e j a ]_w
[_w r a s a ]_w
[_w b i ɖ u ʋ a ]_w
[_w o ɭ a k a ɖ e ]_w
[_w aː k u ʋ a ]_w
[_w r iː t̪ i j a ]_w
[_w iː ɡ a ʋ i d̪ aː ]_w
[_w h iː k o n d̪ a ]_w
[_w e ʂ ʈ eː ]_w
[_w ʃ aː l e ]_w
[_w dʒ i nː a d̪ eː ]_w
[_w ʋ aː p a sː u ]_w
[_w ɡ u ʈː u ]_w
[_w ɡ a ɭ e d̪ u ]_w
[_w s i pː e ]_w
[_w k a ɳ ʈ u ]_w
[_w h aː r u ʋ a ]_w
[_w a j ʋ a d̪ː u ]_w
[_w b a n t̪ u ]_w
[_w h aː j aː ɡ i ]_w
[_w p uː r aː ]_w
[_w s a r ʋ a ]_w
[_w d̪ a ʈ e d̪ a r e ]_w
[_w t̪ ʋ eː ʂ a ]_w
[_w b iː d̪ i ]_w
[_w b i ʈː i d̪ː u ]_w
[_w i l i dʒ ]_w
[_w h o ɡ e ]_w
[_w u d̪ j oː ɡ a ]_w
[_w b a r e d̪ u ]_w
[_w b r eː ɡ i n ɡ ]_w
[_w kʰ u ʂ i ]_w
[_w ʋ iː ʈ i j oː ]_w
[_w o ɭ a ɡ e ]_w
[_w aː k aː ɡː e ]_w
[_w d̪ aː s u ]_w
[_w b i l ]_w
[_w b a k e j a ]_w
[_w p l aː k u ]_w
[_w b a r i tʃ a j a ]_w
[_w h aː k e n t̪ u ]_w
[_w b a r a l i d̪ u ]_w
[_w i r oː d̪ u ]_w
[_w tʃ a nː aː ɡ i ]_w
[_w ʈ a pː i n ɡ ]_w
[_w k aː ɳ i ɡ e ]_w
[_w h i n d̪ u ]_w
[_w p eː ɡ a n e ]_w
[_w b u ʈː i ]_w
[_w i pː a n t̪ i d̪ː a ]_w
[_w t̪ u ɖ i t̪ u ]_w
[_w a n d̪ aː dʒ u ]_w
[_w t̪ i ɭ i t̪ u ]_w
[_w b eː k i t̪ e ]_w
[_w b aː r a ]_w
[_w a d̪ eː ]_w
[_w n u kː i ]_w
[_w i t̪ e lː aː ]_w
[_w k uː ɖ i ]_w
[_w p a r a ]_w
[_w m a ɡ u ʋ i ɡ e ]_w
[_w e n d̪ a h a ]_w
[_w m a t̪ u ʋ e ]_w
[_w k a ʈː u ʋ a ]_w
[_w m u tʃː i d̪ a ]_w
[_w t̪ u ʈː u ]_w
[_w k eː r a ɭ a j a ]_w
[_w ɡ a lː i n a ]_w
[_w t̪ oː ʈ a ɡː e ]_w
[_w eː n a n d̪ a ]_w
[_w k aː j u ʋ a ]_w
[_w k a l aː ]_w
[_w h aː ɡ a n d̪ uː ]_w
[_w ɡʱ a ɳ ɖ u ]_w
[_w b a ʈː i ]_w
[_w tʃ a n d̪ i d̪ː a ]_w
[_w o n d̪ e ɖ e ]_w
[_w k eː b a l ]_w
[_w a bː i ]_w
[_w s a m a j a ]_w
[_w s a m a s j e ]_w
[_w ʋ j a k a ]_w
[_w n a ɡ u ʋ i n a ]_w
[_w n i n d̪ e ]_w
[_w a ʋ a n a lː i ]_w
[_w iː ɡ a ]_w
[_w k o n tʃ a ]_w
[_w a lː i ]_w
[_w b a j a ɡ e ]_w
[_w p a d̪ a ʋ i ]_w
[_w p i dʒː aː ]_w
[_w ɡ eː n d̪ r a ]_w
[_w h aː s j a ]_w
[_w b aː r i ]_w
[_w a ʋ a r a lː i ]_w
[_w k ʂ a m i s i ]_w
[_w aː t̪ r uː ]_w
[_w e ɭ e j a r a ]_w
[_w k e d̪ː a ]_w
[_w d̪ a n a ]_w
[_w n i r d̪ʱ aː r a ]_w
[_w a r i ʋ u ]_w
[_w b a s ]_w
[_w e ɡ a r e ]_w
[_w m o t̪ a l eː ]_w
[_w aː t̪ r a d̪ a ]_w
[_w j aː r e n d̪ u ]_w
[_w ʋ i ʋ eː k ]_w
[_w s i n k ]_w
[_w m eː l u ]_w
[_w ɡ a ɳ r iː ]_w
[_w n oː ʈ oː ]_w
[_w r a dʒ a n i ]_w
[_w bʱ aː ʋ a d̪ a ]_w
[_w i ɖ i ]_w
[_w e lː e lː i ]_w
[_w aː ɖ a t̪ eː ]_w
[_w m u k i t̪ u ]_w
[_w o n d̪ a r e ]_w
[_w d̪ a bː aː k i ]_w
[_w a r a ɭ i ]_w
[_w i lː i j eː ]_w
[_w aː ɡ i d̪ a ]_w
[_w h aː k i t̪ e ]_w
[_w aː k aː ɡ i ]_w
[_w e ɳː e ]_w
[_w a n u m a d̪ i ]_w
[_w o ʈː aː r e ]_w
[_w ɡ a ʈʰ i ɳ a ]_w
[_w k iː r d̪ i ]_w
[_w a t̪ e ʂ ʈ oː ]_w
[_w i t̪ t̪ ]_w
[_w k a n d̪ a d̪ a ]_w
[_w bʱ aː r a d̪ a ]_w
[_w r iː d̪ i ]_w
[_w n i n t̪ u ]_w
[_w dʒ o d̪ e ɡ eː ]_w
[_w m aː r u ]_w
[_w b i ɖ u ɡ a l u ]_w
[_w i lː aː ]_w
[_w b i ʈː aː ɡ a ]_w
[_w b eː k e ]_w
[_w a ʋ r u ]_w
[_w k r e ʈ i ɖ ]_w
[_w kʰ a r tʃ u ]_w
[_w ʃ a k t̪ i ɡ e ]_w
[_w i d̪ː a r e ]_w
[_w n a kː a ɭ u ]_w
[_w m a r a ɳ e ]_w
[_w k eː ɭ i ]_w
[_w b r a d̪ eː ]_w
[_w b u ɳ j a ]_w
[_w m a n d̪ i m a ]_w
[_w d̪ʱ j aː n a ]_w
[_w n i nː a nː u ]_w
[_w p aː ɖ a l eː ]_w
[_w a n i s i t̪ u ]_w
[_w h a ɭ e ]_w
[_w aː s a ɡ i ]_w
[_w t̪ i ɭ i j i d̪ u ]_w
[_w h oː ɡ i ]_w
[_w k eː ɭ u ]_w
[_w i ɳ ɖ i ]_w
[_w ʋ aː r a t̪ a ]_w
[_w tʃ iː l a ]_w
[_w n a n a k a ɭ a ]_w
[_w a d̪ j a kː e ]_w
[_w a n t̪ r a ]_w
[_w ʋ i ʂ ɳ u ]_w
[_w o n d̪ eː ]_w
[_w aː s e ɡ e ]_w
[_w i ɳ ɖ i j a n ]_w
[_w t̪ a pː a d̪ e ]_w
[_w a n s a t̪ː e ]_w
[_w ɡ a ɳ ɖ a n a ]_w
[_w p e ɭ a k i n a ]_w
[_w ʋ i ʂ a ]_w
[_w n a ɖ e t̪ a ]_w
[_w p a ʈː a ]_w
[_w u t̪ː a ]_w
[_w m u k i t̪ a ]_w
[_w i ʂ ʈ a kː uː ]_w
[_w ɡ a ʈː aː j a ]_w
[_w p l iː s ]_w
[_w dʒ i t̪ r a r u ]_w
[_w tʃ aː l a k a ]_w
[_w ʃ r iː ɡ a r a ]_w
[_w a nː u ʋ u d̪ u ]_w
[_w ɡ u l aː p i ]_w
[_w d̪ e ɡ e j a ]_w
[_w oː d̪ u t̪ː a ]_w
[_w a ʋ a n u ]_w
[_w aː ɖ i d̪ r u ]_w
[_w s u ʋ a r ɳ a ]_w
[_w tʃ e nː a ]_w
[_w uː ɖ a t̪ a ]_w
[_w t̪ iː r a ]_w
[_w i ɭ i d̪ a ]_w
[_w dʒ i d̪ r a ɡː e ]_w
[_w s t̪ʰ a ɭ a ]_w
[_w i r u ʋ u d̪ u ]_w
[_w h aː d̪ i ]_w
[_w tʃ a ɡ a t̪ a ]_w
[_w ɡ a r e ɳ ɖ u ]_w
[_w ɡ uː ɖ a ]_w
[_w m o d̪ a l u ]_w
[_w n iː ʋ uː ]_w
[_w dʒ a n a ]_w
[_w ɡ a ɖ a l a ]_w
[_w t̪ʰ a r m a ]_w
[_w a ɡ r a m a ]_w
[_w t̪ uː r a ]_w
[_w e ɭ e t̪ u ]_w
[_w h a s i r u ]_w
[_w i ʋ a ɭ a nː u ]_w
[_w s a d̪ʱ j a j a n ]_w
[_w b a n d̪ a r uː ]_w
[_w u tʃ i t̪ a ]_w
[_w h aː s a ]_w
[_w m a h i ɭ e ]_w
[_w i d̪ː aː ɡ a ]_w
[_w h aː ʋ a ɭ i ɡ e ]_w
[_w o ɭ a ]_w
[_w p r a j oː k a ]_w
[_w b u r u ʂ a d̪ a ]_w
[_w p aː j a lː i ]_w
[_w ɡ a ɳː iː r u ]_w
[_w p a r u ʋ u d̪ u ]_w
[_w ʋ i ʋ a r i ]_w
[_w ʋ eː d̪ a t̪ a ]_w
[_w a n u m a t̪ i ]_w
[_w m aː ʈ i d̪ r u ]_w
[_w o bː a r i ɡ e ]_w
[_w i ʋ e ]_w
[_w d̪ eː ʋ a r u ]_w
[_w i lː i n a ]_w
[_w b aː r i ɡ e ]_w
[_w p oː r ɖ ]_w
[_w aː ɖ a l u ]_w
[_w m iː ɖ i n k ]_w
[_w k o lː i j a ]_w
[_w d̪ a n d̪ e ɡ e ]_w
[_w n iː ɖ i ]_w
[_w dʒ a n t̪ r a ]_w
[_w b eː ɡ a n e ]_w
[_w b a t̪ r e ]_w
[_w e ʂ ʈ u ]_w
[_w a t̪ a nː a d̪ eː ]_w
[_w k u r u ʋ i n a ]_w
[_w m a t̪ː uː ]_w
[_w b a d̪ a ]_w
[_w ɡ aː ɖ u ]_w
[_w a d̪ iː ]_w
[_w n a ʈ u ]_w
[_w p a n t̪ i n a ]_w
[_w n i n d̪ i k uː ]_w
[_w a pː a ɳ e ]_w
[_w s a m eː d̪ a ]_w
[_w ʈ i dʒ i ʈ a l u ]_w
[_w h i n t̪ i k e ]_w
[_w k a ɳ e ]_w
[_w n a ɖ e d̪ e ]_w
[_w e lː i j uː ]_w
[_w i r u d̪ː e ]_w
[_w ɡ a ʋ i t̪ e j a ]_w
[_w h o r a t̪ u ]_w
[_w ɡ u ʈ u m b a ]_w
[_w m i d̪ r a ]_w
[_w s a m ʋ aː t̪ a ]_w
[_w i ʋ a d̪ː u ]_w
[_w k o t̪ː u ]_w
[_w ʈ i ʋ i j a ]_w
[_w k aː j a k a ]_w
[_w m aː t̪ a r a ]_w
[_w k o t̪ː eː ]_w
[_w a bː a ]_w
[_w t̪ aː dʒ aː ]_w
[_w e r a ʈ uː ]_w
[_w b a t̪ a t̪ a ]_w
[_w t̪ aː j i j a ]_w
[_w n a ɖ u ]_w
[_w d̪ a pː i ]_w
[_w b e t̪ː a l e ]_w
[_w s k uː l ]_w
[_w t̪ eː ʋ a r a d̪ a ]_w
[_w iː k a l uː ]_w
[_w t̪ a r a r u ]_w
[_w m a n a sː u ]_w
[_w b u ɖ a k a ]_w
[_w h e s a r i d̪ u ]_w
[_w ʋ i ʃ aː l a ]_w
[_w s a n kʰ j a ]_w
[_w a ʋ ʂ a t̪ʰ i ]_w
[_w i t̪ a r a l u ]_w
[_w t̪ a n i ɡ uː ]_w
[_w dʒ a n d̪ a n eː ]_w
[_w k i r a ɳ a ]_w
[_w eː p r i l ]_w
[_w h i n t̪ i n a ]_w
[_w n a ʈ e s u ʋ a ]_w
[_w i n d̪ u ]_w
[_w o ɭ a k e ]_w
[_w m u d̪ u ɡ a r u ]_w
[_w b r iː t̪ i ]_w
[_w m a n i ɡ a ɭ a ]_w
[_w b uː dʒ e ]_w
[_w t̪ a pː aː k i ]_w
[_w k e ɭ e j a r u ]_w
[_w p a n d̪ i m a ]_w
[_w m a d̪ː a ]_w
[_w k i r i j a ]_w
[_w a lː a d̪ eː ]_w
[_w p i ʈ u ʋ u d̪ u ]_w
[_w t̪ oː ɖ a d̪ a ]_w
[_w ʋ a l a s i n a ]_w
[_w m a n d̪ r e ]_w
[_w t̪ u m p a j i ]_w
[_w h e s a r a ]_w
[_w b a n d̪ e j a ]_w
[_w s a r i n t̪ a ]_w
[_w p eː k aː t̪ a ]_w
[_w s aː ɡ u ]_w
[_w k ʂ a ɳ a ]_w
[_w m aː ɖ i t̪ː e ]_w
[_w aː t̪ m iː j a ]_w
[_w a t̪ː i d̪ː a ]_w
[_w dʒ a ɡ a ɭ a ]_w
[_w a n u k uː l a ]_w
[_w b r a t̪ i ]_w
[_w s a t̪ j a t̪ a ]_w
[_w a ʋ a nː u ]_w
[_w m aː ɖ i s i ]_w
[_w s a n ɡ a ɭ u ]_w
[_w b a ʈ u ʋ i n a ]_w
[_w s a d̪ aː ]_w
[_w h aː ɡ aː k a d̪ a ]_w
[_w e m p a n t̪ʰ a ]_w
[_w iː d̪ a ]_w
[_w t̪ aː r i j uː ]_w
[_w m a t̪ʰ j a t̪ e ]_w
[_w s a m bʱ r a m e ]_w
[_w b a ɖ e j a ]_w
[_w ɡ u ɳ ʈ i ]_w
[_w i l i ]_w
[_w h e ɳː i k e ]_w
[_w k a tʃː i ]_w
[_w ɡ a ɖ ]_w
[_w b a r i j a ]_w
[_w h eː ɡ oː ]_w
[_w n i n t̪ aː ɡ a ]_w
[_w k r e ʈ i ʈ ]_w
[_w a j d̪ a n eː ]_w
[_w ɡ a ɭ e t̪ u ]_w
[_w b i ɭ i j a ]_w
[_w iː t̪ a n i ]_w
[_w ʋ i ʋ eː ɡ ]_w
[_w m a n ɡ iː t̪ a ]_w
[_w n i n t̪ i ]_w
[_w k u r i d̪ u ]_w
[_w aː ʋ aː ɡ a r ]_w
[_w ʋ j a k t̪ i ɡ e ]_w
[_w k a l i j a ]_w
[_w b a ʋ i t̪ e j aː ]_w
[_w t̪ e r e ɖ u ]_w
[_w a d̪ eː ɡ oː ]_w
[_w dʒ a b aː d̪ i ]_w
[_w m aː dʒ i ]_w
[_w k a ɖ a l a ]_w
[_w pʰ a ɡ t̪ i ɡ e ]_w
[_w k l aː s ]_w
[_w a ʋ a r a d̪ e ]_w
[_w k u m p u ]_w
[_w n i r d̪ i ʂ ʈ u ]_w
[_w h oː j i ]_w
[_w aː ɡ u t̪ː aː ]_w
[_w uː ɖ a ]_w
[_w t̪ aː n uː ]_w
[_w dʒ a h aː ]_w
[_w t̪ a ʈː a ]_w
[_w m aː ʈ a t̪ a ]_w
[_w s e r e ]_w
[_w p a ɖ a d̪ a ]_w
[_w k a ʈʰ i ɳ a ]_w
[_w e n t̪ oː ]_w
[_w t̪ a pː a t̪ eː ]_w
[_w n i mː i n d̪ a ]_w
[_w b aː ʈ a l u ]_w
[_w ɡ aː ɭ a tʃ i ]_w
[_w s n eː h i d̪ a ]_w
[_w i r u ʋ e ]_w
[_w k iː t̪ e ]_w
[_w h a ɳː u ]_w
[_w h o r a ɡ i ]_w
[_w h o t̪ː i k e ]_w
[_w d̪ a r e ]_w
[_w b a kː i ]_w
[_w n a nː i n t̪ a ]_w
[_w b a tʃ e ʈ ]_w
[_w h oː k u ʋ a ]_w
[_w s a m i t̪ i ]_w
[_w h oː d̪ a n d̪ e ]_w
[_w p a sː u ]_w
[_w p a n t̪ r i ]_w
[_w m a r e j i r i ]_w
[_w h a r a ɡ i n a ]_w
[_w h a n d̪ a h a ]_w
[_w s ʋ a r uː ]_w
[_w d̪ i ɭ i j a d̪ u ]_w
[_w ɡ a ɳ ʈ u ]_w
[_w p r iː t̪ i k e ]_w
[_w p a l i ]_w
[_w m a r a ɡ e ]_w
[_w r eː ʈ i j oː ]_w
[_w ʈ aː l a r ]_w
[_w s i d̪ d̪ʱ a ]_w
[_w s a m aː n a ]_w
[_w s u ʃ r u d̪ a ]_w
[_w i r u d̪ː a d̪ a ]_w
[_w s eː d̪ u ʋ e ɡ e ]_w
[_w i d̪ː iː n i ]_w
[_w h i ɖ i j oː ]_w
[_w tʃ aː t̪ r e ]_w
[_w k a r e j i r i ]_w
[_w a lː a ]_w
[_w a ʂ ʈ o n d̪ u ]_w
[_w a pː a n a ]_w
[_w i n d̪ i d̪ː a ]_w
[_w k a ʋ a n i ]_w
[_w aː ɖ a ɭ i t̪ a ]_w
[_w d̪ o n d̪ u ]_w
[_w a lː i k e ]_w
[_w a d̪ j a n t̪ r e ]_w
[_w n oː ɖ r i ]_w
[_w s iː ʈ ]_w
[_w aː t̪ a n i ]_w
[_w o mː e ]_w
[_w b i ʈ i s i ]_w
[_w ɡ a ʋ i ]_w
[_w aː ɡ a t̪ e ]_w
[_w n e ʈː u ]_w
[_w b a sː i k e ]_w
[_w m o t̪ː a ]_w
[_w ɡ aː j i ]_w
[_w b a ʈ i d̪ u ]_w
[_w p aː ɖ i k o ]_w
[_w u d̪ j a m a ]_w
[_w k a mː i ]_w
[_w b r a ʋ aː s a ]_w
[_w d̪ a r u ]_w
[_w aː j t̪ u ]_w
[_w s a ʋ aː l u ]_w
[_w t̪ aː ɖ i ]_w
[_w tʃ uː r u ]_w
[_w eː n i t̪ e ]_w
[_w d̪ e r e d̪ u ]_w
[_w a n d̪ a t̪ː u ]_w
[_w b r a ʃ n e ]_w
[_w p e ʈ r oː l ]_w
[_w i d̪ a kː e ]_w
[_w k a r e d̪ a ]_w
[_w k aː l a kː e ]_w
[_w h u ɖ u ɡ o r e ]_w
[_w t̪ʰ a r m a d̪ a ]_w
[_w p a r u ʋ e ]_w
[_w m e ʈː i l u ]_w
[_w b a ʋ i t̪ e ]_w
[_w e m b u d̪ uː ]_w
[_w s ʋ a j a n a ]_w
[_w s aː h a s a ]_w
[_w dʒ a nː aː ɡ e ]_w
[_w n a nː a d̪ u ]_w
[_w t̪ j aː ɡ a ]_w
[_w k uː ɡ u ]_w
[_w m a n i k e ]_w
[_w m aː ɖ oː ]_w
[_w b e ɭ e j a ]_w
[_w s aː pʰ ʈ ]_w
[_w h e n ɡ a s u ]_w
[_w b a d̪ u k i ɡ e ]_w
[_w t̪ a pː aː ɡ i ]_w
[_w p a ɭ e ]_w
[_w k o ʈː e ]_w
[_w p a n d̪ a n t̪ u ]_w
[_w b a n d̪ e lː aː ]_w
[_w m uː r d̪ i ]_w
[_w d̪ʱ uː ɭ u ]_w
[_w r i n d̪ a n e ]_w
[_w iː k o mː e ]_w
[_w a r t̪ʰ a ʋ eː ]_w
[_w ʋ i t̪ j e ]_w
[_w m i d̪ r a d̪ a ]_w
[_w m eː ɖ a n ]_w
[_w a t̪ a r a ]_w
[_w t̪ i n eː ]_w
[_w b a j a l u ]_w
[_w dʒ i lː a r e ]_w
[_w t̪ uː r u ]_w
[_w dʒ i ɖ i e n ]_w
[_w k u ʈ i j a l u ]_w
[_w s u s t̪ u ]_w
[_w p a r eː ]_w
[_w m aː ʋ i n a ]_w
[_w s i n ɡ ]_w
[_w a ʋ a n uː ]_w
[_w tʃ a n d̪ r e ]_w
[_w n aː dʒ i ]_w
[_w p aː j a ]_w
[_w k aː t̪ a ]_w
[_w e n t̪ uː ]_w
[_w i ʋ a r a d̪ a ]_w
[_w k uː t̪ i t̪ː a ]_w
[_w o ɭː eː ]_w
[_w ɡ e l u ʋ u ]_w
[_w m u nː u ʈ i ]_w
[_w b a r a h a d̪ a ]_w
[_w a n ɡ a ]_w
[_w p i ɖ i s i ]_w
[_w b r eː m a ]_w
[_w b r aː ɳ i ]_w
[_w d̪ a n a ɡ eː ]_w
[_w k u r u ʈ u ]_w
[_w e n d̪ e lː aː ]_w
[_w k a ɭ e d̪ u ]_w
[_w dʒ iː ʋ a ]_w
[_w e n a k e ]_w
[_w k a ʋ a n a d̪ e ]_w
[_w ɡ uː ɖ i d̪ a ]_w
[_w m u ɡ i d̪ a ]_w
[_w s a h i ]_w
[_w t̪ o r e d̪ u ]_w
[_w h a d̪ j e ]_w
[_w k u ɭ i d̪ a ]_w
[_w h oː ɡ i lː a ]_w
[_w a lː i j a ]_w
[_w dʒ a j a n ]_w
[_w t̪ i n a d̪ a ]_w
[_w bʱ aː r iː ]_w
[_w o n t̪ e r e ]_w
[_w tʃ i d̪ r aː ]_w
[_w r o ʈː i ]_w
[_w k a n d̪ a r e ]_w
[_w n uː r u ]_w
[_w k o bː a ]_w
[_w b eː k a n e ]_w
[_w p i ɖ a d̪ a ]_w
[_w dʒ a k a d̪ j a ]_w
[_w dʒ iː p u ]_w
[_w ɡ e ɭ a k e ]_w
[_w s a n dʒ e ]_w
[_w n a n a k a r a ]_w
[_w b a r e j i r i ]_w
[_w d̪ a l i n a ]_w
[_w i d̪ a nː a nː u ]_w
[_w m u n d̪ e j eː ]_w
[_w t̪ i r u ɡ i ]_w
[_w b a d̪ u k a r a ]_w
[_w p aː r a d̪ i m e ]_w
[_w n e r a ɭ u ]_w
[_w h o t̪ː a lː i ]_w
[_w tʃ i r a l e ]_w
[_w h o r a k e ]_w
[_w aː d̪ a r uː ]_w
[_w ɡ u ɖː a d̪ a ]_w
[_w h u ɖ u ɡ u ʋ a ]_w
[_w m a ɡ u ]_w
[_w h aː ɡ i ]_w
[_w n a ɖ e d̪ eː ]_w
[_w s o b a ɡ u ]_w
[_w h eː ɭ i d̪ r e ]_w
[_w b aː ɖʱ a ]_w
[_w k aː m a ]_w
[_w o t̪ː a ʈ a ]_w
[_w h u r u b u ]_w
[_w b i ɖ a t̪ e ]_w
[_w s t̪ʰ i t̪ i ]_w
[_w u t̪ː a d̪ e ]_w
[_w m a n d̪ i k e ]_w
[_w dʒ e n d̪ a ɭ u ]_w
[_w h e n k a s u ]_w
[_w a n ɡ i t̪ a ]_w
[_w e nː u t̪ː aː ]_w
[_w dʒ a n a r i k e ]_w
[_w s eː r i d̪ː a ]_w
[_w h e s a r eː ]_w
[_w t̪ a pː i lː a ]_w
[_w k o t̪ː a ]_w
[_w b r a ɡ aː r a ]_w
[_w k u ʈ i d̪ a ]_w
[_w t̪ a n a d̪ e ]_w
[_w tʃ a n t̪ i n a ]_w
[_w p i tʃː i ]_w
[_w aː t̪ a n a k e ]_w
[_w t̪ u m b i d̪ a ]_w
[_w k a ɖ ]_w
[_w b a r a d̪ u ]_w
[_w aː t̪ m a ]_w
[_w k u ɭ i d̪ i t̪ e ]_w
[_w p i s i l a ]_w
[_w k a l a ]_w
[_w r aː ɡ a d̪ e ]_w
[_w a tʃː u ]_w
[_w t̪ a m aː ʂ e ]_w
[_w p r a ɡ aː r i ]_w
[_w m a r a d̪ eː ]_w
[_w m a t̪ u ʋ e ɡ e ]_w
[_w ɡ e ɭ e j a r u ]_w
[_w h aː ʋ a ɭ i ɡ uː ]_w
[_w n i dʒ a ]_w
[_w ʃ r iː n i d̪ʱ i ]_w
[_w h a t̪ː a n eː ]_w
[_w m eː l e j eː ]_w
[_w d̪ oː r i ]_w
[_w h iː k o n d̪ u ]_w
[_w ɡ aː tʃ i n a ]_w
[_w aː ɡ a l i ]_w
[_w ʋ i d̪ j e ]_w
[_w l i n k ]_w
[_w ɡ u r u d̪ u ]_w
[_w ʋ i d̪ʱ a ]_w
[_w ɡ a n d̪ uː ]_w
[_w tʃ aː n e l ]_w
[_w n a k e ]_w
[_w i r a p eː k u ]_w
[_w b u ʈ a ]_w
[_w b a t̪ a l i n a ]_w
[_w e r a ɖ uː ]_w
[_w p a j a ɡ e ]_w
[_w b uː r ʋ a ]_w
[_w dʒ a k a t̪ j a ]_w
[_w oː d̪ u ɡ a ]_w
[_w ʋ a r e ]_w
[_w s a r ɡ aː r i ]_w
[_w k oː ɖ e j a ]_w
[_w a n d̪ l u ]_w
[_w t̪ i n a kː e ]_w
[_w s a r i j u ʋ a ]_w
[_w d̪ eː ʋ a r a ]_w
[_w i d̪ː aː k a ]_w
[_w a j t̪ aː r u ]_w
[_w b e ɭ e d̪ u ]_w
[_w o t̪ː aː j a ]_w
[_w m u tʃː i t̪ a ]_w
[_w iː t̪ a n i kʰ e ]_w
[_w d̪ u m b u ]_w
[_w h aː k aː ɡ i ]_w
[_w b a n d̪ i d̪ː u ]_w
[_w dʒ i lː e ]_w
[_w s uː r j a n a ]_w
[_w m aː h i t̪ j a ]_w
[_w s a n kʰ a t̪ a ]_w
[_w p r a d̪ i ]_w
[_w s aː r t̪ʰ a ]_w
[_w t̪ a m a ɖ e ]_w
[_w n a ɖ e s i t̪ a ]_w
[_w a t̪ʰ i ɡ aː r i ]_w
[_w i t̪ a nː u ]_w
[_w o ɳ a k i ]_w
[_w h u ɖ u ɡ a ]_w
[_w d̪ a n d̪ e j eː ]_w
[_w k i ɖ a k a ɭ a ]_w
[_w bʱ aː ɡ a t̪ eː ]_w
[_w p r a b a n d̪ʱ a ]_w
[_w p e ɭ a ɡː e ]_w
[_w dʒ a ɡ a t̪ː u ]_w
[_w ɡ u ʈː a ]_w
[_w p a r i s i ]_w
[_w aː j t̪ ]_w
[_w ʋ i t̪ aː j a ]_w
[_w ɖ aː ʈ aː ]_w
[_w s ʋ aː r t̪ʰ a k a ]_w
[_w oː d̪ i t̪ː u ]_w
[_w s i kː a r e ]_w
[_w s n aː n a ]_w
[_w p a r e ]_w
[_w p i s i l u k i ]_w
[_w i d̪ a r a lː i ]_w
[_w u t̪ː a r a ]_w
[_w b a d̪ i j a ]_w
[_w ɡ aː ɭ u ]_w
[_w a n a n d̪ a ]_w
[_w aː ʈ a kː e ]_w
[_w h aː ɡ aː k i ]_w
[_w p a lː a ʋ i ]_w
[_w p r a s aː r a ]_w
[_w bʱ a k t̪ i j a ]_w
[_w kʰ a ɳ ɖ u ]_w
[_w eː n e n d̪ u ]_w
[_w p a d̪ i j a ]_w
[_w k uː ɡ a l ]_w
[_w e d̪ː a r a ]_w
[_w a t̪ a r a lː i ]_w
[_w e d̪ e ]_w
[_w d̪ a ɖ a ]_w
[_w j aː ʋ u t̪ uː ]_w
[_w h a kː i ]_w
[_w s i ʈː u ]_w
[_w o ʈː u ]_w
[_w s a m aː n a ʋ a ]_w
[_w a ʋ a kː e ]_w
[_w a l e ]_w
[_w n iː ʈ i d̪ a ]_w
[_w b a t̪ u k i k e ]_w
