[_w t oː k e ]_w
[_w s e k e ]_w
[_w b u p u s a ]_w
[_w o h o ŋ a k e ]_w
[_w ɽ iː t e m i ]_w
[_w ʔ i p a n i ]_w
[_w s a m a ʔ u ]_w
[_w ʔ a ɽ u ]_w
[_w b iː dz a ]_w
[_w t̪ ai ʔ a ]_w
[_w s ou b i ɽ e t a ]_w
[_w ʔ aː m i ]_w
[_w k o k o ɽ a ]_w
[_w ɽ uː m e ]_w
[_w k oː t̪ a ɽ a ]_w
[_w n i p ei ]_w
[_w a b i ʔ a t a ]_w
[_w n aː t a ɽ e ]_w
[_w eː h e ]_w
[_w dz au b a m a ]_w
[_w t eː n a h o ]_w
[_w e ɽ ai o ]_w
[_w kx au t o ]_w
[_w ɡ oː t̪ ae k e ]_w
[_w t eː n a k e ]_w
[_w p e s ai t a ʔ u ]_w
[_w k o t̪ ae ]_w
[_w ʔ u s u h o ]_w
[_w u ɽ a ]_w
[_w oː ɽ a ɡ oi ]_w
[_w dz u m a h o ]_w
[_w n oː k e ]_w
[_w p aː ʔ i ]_w
[_w n e n ai ]_w
[_w b a s a s a ]_w
[_w ɽ uː m e h o ]_w
[_w m oː t e ]_w
[_w b a t̪ a ]_w
[_w iː h a ʔ a h o ]_w
[_w iː h ai ]_w
[_w n o k oi ]_w
[_w k o s i dz o ]_w
[_w ʔ aː ɽ a ɽ a ɡ e ]_w
[_w eː t a ɽ e ]_w
[_w n a b a k e ]_w
[_w ʔ eː t e ]_w
[_w t eː k o ]_w
[_w h iː ɽ e ]_w
[_w h iː ɽ e n i ]_w
[_w ɡ o s e ]_w
[_w m oː ʔ a k e ]_w
[_w n a ɡ u t a ʔ u ]_w
[_w t̪ a k a ]_w
[_w ʔ u p a n i ]_w
[_w t eː h o ]_w
[_w u h u t o t a ]_w
[_w k a h o ]_w
[_w p u k ]_w
[_w m uː n a ɽ e ]_w
[_w ɽ oi b e t e ]_w
[_w n o h o ]_w
[_w b iː ɽ o ɽ ai ]_w
[_w t o p a ]_w
[_w n i ɡ e h oi ]_w
[_w e t o ʔ a ]_w
[_w n eː h o ]_w
[_w m eu b u n o m a ]_w
[_w ʔ i dz o k e ]_w
[_w p a m ui t e t a ]_w
[_w s e b e n i ]_w
[_w o b e ɽ a ]_w
[_w kx o ɽ u ]_w
[_w i s a k i ]_w
[_w n a n ai ]_w
[_w ɽ o b e t e ]_w
[_w dz uː b a ʔ i ]_w
[_w t aː t a ɡ oi ]_w
[_w t̪ i h u ]_w
[_w p a p a ]_w
[_w oː ɽ ai n i ]_w
[_w n o b o h o ]_w
[_w n a k a ]_w
[_w i h ai k e ]_w
[_w a m e n a ]_w
[_w p i t o ɽ ai ]_w
[_w p iː ɽ e t a ]_w
[_w eː h a h ai ]_w
[_w b a ɽ a ɽ i ]_w
[_w ʔ e s a m a h o ]_w
[_w m eː t a ]_w
[_w h a s a ʔ u ]_w
[_w ʔ aː b i h e ]_w
[_w kx a t a ]_w
[_w ŋ aː h o ]_w
[_w m ai ɡ e ]_w
[_w b ai s e n o m a ]_w
[_w ɽ uː m e n i ]_w
[_w b o s a ]_w
[_w s o k e dz a ]_w
[_w n oː k a t a t a ]_w
[_w n a h o ]_w
[_w t uː m o t a m i ]_w
[_w dz e kx e ɽ e h o ]_w
[_w t a t a ]_w
[_w k i ɽ i dz a ɡ e ]_w
[_w p a m ui t e ]_w
[_w b a ɽ a ]_w
[_w e t eː t e ]_w
[_w m e ɽ a ]_w
[_w dz u b u h o t a ]_w
[_w s a m a ʔ a ]_w
[_w m eː a m a h o ]_w
[_w eː h o ]_w
[_w p ei t o ɽ ai h e ]_w
[_w s iː ɽ o ɽ i ]_w
[_w ɽ u p a ]_w
[_w oː ɽ ai ɡ e ]_w
[_w b a kx a ]_w
[_w n oː k ao ]_w
[_w eː t o ʔ a ]_w
[_w n a k ai ]_w
[_w p a s i m ]_w
[_w p o b o t o m i ]_w
[_w oː n i ʔ i ]_w
[_w ʔ oː ɽ o ɽ ai ]_w
[_w h iː ɽ e t a ]_w
[_w t eː t e ʔ i ]_w
[_w b e s u p e ]_w
[_w n u k u ɽ o ]_w
[_w t o m a ]_w
[_w n o k o m e k e ]_w
[_w s a h a s a ]_w
[_w a n a ]_w
[_w ʔ aː m a ]_w
[_w n o k o m ae h o ]_w
[_w oː ɽ a ɽ a ]_w
[_w k o t̪ ai ]_w
[_w n o m e ʔ a h o ]_w
[_w ʔ eː s u b i ]_w
[_w h iː ɽ o t a ]_w
[_w t eː t e ]_w
[_w a ŋ i t a ]_w
[_w s a h a ]_w
[_w p iː dz aː m a ]_w
[_w a t a p i t i ]_w
[_w k e b ai t e ]_w
[_w kx a kx o ɽ o ]_w
[_w ʔ u b a ]_w
[_w h iː b a ]_w
[_w n i ɡ e h o h o ]_w
[_w oː ɽ a ʔ i ]_w
[_w oː t a h e ]_w
[_w kx oː ɽ u ]_w
[_w t a t au m a k e ]_w
[_w t̪ i m u n a ]_w
[_w b i dz a ]_w
[_w ʔ a ɽ a ʔ a m u ]_w
[_w s u ɽ e ]_w
[_w s i t o n a ]_w
[_w p o t o m i ]_w
[_w dz a n i ʔ i ]_w
[_w dz a k a p a t a ]_w
[_w m e m e ]_w
[_w ʔ u b i t a ]_w
[_w n o b o m ae ]_w
[_w b iː t a ]_w
[_w a b u m a ]_w
[_w p au ɽ o h o ]_w
[_w ʔ aː ʔ i ]_w
[_w n oː k o t a ]_w
[_w a ɽ i ]_w
[_w dz aː ɽ o ʔ i ]_w
[_w dz a b ai ]_w
[_w t̪ e n i ]_w
[_w t̪ a p a ɽ i s eo ]_w
[_w ʔ i dz ai ]_w
[_w dz ae t a ]_w
[_w p iː dz a ɽ e ]_w
[_w p i ɽ i p i ]_w
[_w o m a t a ]_w
[_w dz o m a ]_w
[_w ʔ o s u ]_w
[_w p e ɽ e t̪ a b i ]_w
[_w ʔ eː m a ʔ i ]_w
[_w b e s u ]_w
[_w iː h a m i ]_w
[_w s au n a p a ]_w
[_w n oː k a ɽ e ]_w
[_w m eu s u ]_w
[_w s e b e ]_w
[_w h a b a h o ]_w
[_w t o t o t o ]_w
[_w h e p o ɽ o ]_w
[_w t a p i t e t a ]_w
[_w t oː n o m a ]_w
[_w ɽ aː b a ]_w
[_w dz oː t o ɽ ai ]_w
[_w b iː ɽ i ]_w
[_w ai m a ɽ e ]_w
[_w s ui m a ɽ a ]_w
[_w a t̪ iu b ou p o ]_w
[_w n e p e ]_w
[_w b oː b o ]_w
[_w p iː ɽ i t a ]_w
[_w ʔ i dz a ]_w
[_w m oː ʔ o ɽ ai ]_w
[_w t̪ iː b u ]_w
[_w eː t a k oi ]_w
[_w b e n a ]_w
[_w i ŋ o n a ]_w
[_w ʔ aː ɽ a h o ]_w
[_w n o k a ]_w
[_w s o h o ]_w
[_w t uː m a ]_w
[_w u h u t o ]_w
[_w u h u t a ]_w
[_w ʔ oː m a ]_w
[_w a b i n a ]_w
[_w h a b e s o ɽ ai ]_w
[_w ʔ a s a ]_w
[_w ɡ o ɡ o s o ]_w
[_w ɽ iː t e t a ]_w
[_w dz o t a n i ]_w
[_w u h u p o ɽ ai ]_w
[_w i s a ɡ i m a ]_w
[_w b u kx i ]_w
[_w n e n a n i t a ]_w
[_w n iː m ae ]_w
[_w m oː t a ɽ e ]_w
[_w e ɽ a k e ]_w
[_w o b e ɽ a n i ]_w
[_w m ai h o t a ]_w
[_w eː t e m i ]_w
[_w ʔ aː t a ]_w
[_w oː ɽ a ɽ ei ʔ a ]_w
[_w o p e ɽ o p a ]_w
[_w dz oː m o ɽ ai ]_w
[_w i b o k e ]_w
[_w t̪ u b e n t̪ i ]_w
[_w s oː ɽ o t a ]_w
[_w ʔ aː t o ]_w
[_w s ou b i ɽ e ]_w
[_w dz a s i dz a ]_w
[_w dz a k a t a ]_w
[_w ɡ e p a ]_w
[_w dz o b a dz o m o ]_w
[_w oː t a h o ]_w
[_w k i t u ]_w
[_w eː t e t a ]_w
[_w s a p i ]_w
[_w t i ɽ i ]_w
[_w b iː dz a ɽ e ]_w
[_w s a p u ɽ u ]_w
[_w ʔ u p ai ]_w
[_w t eː ʔ a k e ]_w
[_w dz a n i ]_w
[_w ʔ aː t e ʔ i ]_w
[_w h a b e h o ]_w
[_w s a ɽ a h o ]_w
[_w ʔ aː n o m a ]_w
[_w a m a t a ]_w
[_w ai m a ʔ u ]_w
[_w ʔ a h eu b a ]_w
[_w a ɽ i t̪ a n i ]_w
[_w s a s a k e ]_w
[_w u h u p a ]_w
[_w n a b a m e k e ]_w
[_w k a ɽ u ɽ ui ʔ i ]_w
[_w n o m e m a ]_w
[_w k ui m a ʔ u ]_w
[_w s a ɽ i dz a k oi ]_w
[_w kx ou kx au ]_w
[_w m oi t e ]_w
[_w ʔ u ɽ a t e ʔ i ]_w
[_w ɽ a s a h o ]_w
[_w s e b ei t e t a ]_w
[_w i p o k e ]_w
[_w p o t o ʔ a ]_w
[_w ʔ o ɽ i dz e ]_w
[_w ʔ e s a k e ]_w
[_w e t o ]_w
[_w m u t u h o ]_w
[_w n a ɡ u ]_w
[_w ʔ aː s u m i ]_w
[_w ɡ o ɽ i t̪ i ]_w
[_w oː ɽ a ]_w
[_w n e s e t u t a ]_w
[_w s u h e ʔ a t a ]_w
[_w n a k a m a n e ]_w
[_w n a ɡ ai ]_w
[_w n o m e h o ]_w
[_w t oː ɽ o ]_w
[_w t e m u h o ]_w
[_w n a k i h o ]_w
[_w ʔ i ɽ i ]_w
[_w b a m ui t a ʔ u ]_w
[_w t a t au m a t a ]_w
[_w h a s u h o ]_w
[_w kx a ŋ i ]_w
[_w dz aː ɡ e ]_w
[_w m oː h i ʔ a ]_w
[_w ʔ e ɽ e h o ]_w
[_w p u ʔ o ]_w
[_w oː s i ]_w
[_w b ai h o ]_w
[_w ʔ e s ai ]_w
[_w h a p e s e ]_w
[_w ʔ a h i ʔ i ]_w
[_w dz u b e m a ]_w
[_w n o m e t a ]_w
[_w ʔ au s u t a ]_w
[_w t a t a ŋ a h o ]_w
[_w k i k i ]_w
[_w m i n ai t e m i ]_w
[_w ʔ i dz a h o ]_w
[_w h iː ɽ o ɽ ai ]_w
[_w m i n a m i ]_w
[_w p e ɽ e a ]_w
[_w a p u a t a ]_w
[_w p a n e ]_w
[_w t uː m a m i ]_w
[_w b a t̪ a ɡ e ]_w
[_w b o a ]_w
[_w s a s a n i h e ]_w
[_w dz uː b a k oi ]_w
[_w i s ai t a ʔ u ]_w
[_w m e eo ɽ ai ]_w
[_w m uː n a m i ]_w
[_w ɡ i ɽ i s i ]_w
[_w s u p u ]_w
[_w p i ɽ i p oi ]_w
[_w i b i t a ]_w
[_w t e ei ]_w
[_w ʔ u s u p a ]_w
[_w m eː ʔ o m i ]_w
[_w eː t o ɽ o t a ]_w
[_w oː n o m ai ]_w
[_w s e p ei t e ]_w
[_w dz uː b a ʔ a ]_w
[_w ʔ oː ɽ o ]_w
[_w m i n a ɽ ai ]_w
[_w t u b i dz a ]_w
[_w s a m a ʔ i ]_w
[_w s a ɽ a p a ɽ a ]_w
[_w s a ɡ a b a h o ]_w
[_w oː ɽ ai ]_w
[_w m oi t o ɽ a ]_w
[_w n a k a m ae ]_w
[_w p ai m a n e k e ]_w
[_w ʔ e b e ]_w
[_w a t̪ i ]_w
[_w oː n o m a ]_w
[_w b iː dz a ɡ oi ]_w
[_w b i s a ]_w
[_w p a ɽ e ]_w
[_w dz u ɽ u ]_w
[_w t uː s u m i ]_w
[_w ɡ a s u ]_w
[_w ʔ au s o ]_w
[_w t e k a ]_w
[_w h oː n i ]_w
[_w a s i a ]_w
[_w m ai h o ]_w
[_w oː n i t a ]_w
[_w n oː k a ʔ u ]_w
[_w p e s a ]_w
[_w ʔ a b u ]_w
[_w h i dz o h i ]_w
[_w b i ɽ a n i ]_w
[_w oː ɽ a m i ]_w
[_w o h o ŋ ai ]_w
[_w s oː t a ]_w
[_w n aː t aː m a ]_w
[_w h iː b a ɽ e ]_w
[_w n o b o h o k e ]_w
[_w ɡ a h o s a t a ]_w
[_w n o k o t a ]_w
[_w p aː b a ]_w
[_w k e ɡ e ]_w
[_w n oː k a k oi ]_w
[_w b aː n a ]_w
[_w p o b i t a ]_w
[_w dz a ʔ u ]_w
[_w n i b e ]_w
[_w h e s a t a ]_w
[_w n i ʔ i ]_w
[_w ɽ e b i h o ]_w
[_w m a ɽ i a ]_w
[_w n ei m a n ei ]_w
[_w t u b u k e ]_w
[_w s u h e t a ]_w
[_w ʔ a p u ]_w
[_w dz o b i dz a ]_w
[_w p aː n a ]_w
[_w ɽ oi b e t e ʔ i ]_w
[_w dz u t ai ]_w
[_w b a ɽ a b a k e ]_w
[_w ɡ a n a ]_w
[_w ʔ e k o ɽ o ʔ a ]_w
[_w eː t o ɽ ai h e ]_w
[_w p o m a t̪ i ]_w
[_w ŋ au ɽ a ]_w
[_w i k a p e t e ]_w
[_w e b e k e ]_w
[_w t e m u m a ]_w
[_w b o kx i ]_w
[_w s a m a n e ]_w
[_w n o ɡ o h o ]_w
[_w n ai b ]_w
[_w ʔ u b a ʔ i ]_w
[_w h o h oi ]_w
[_w a n a t a ]_w
[_w s u ɽ e n a ]_w
[_w b ai p u ɽ o ɽ ai ]_w
[_w n a k i n o m a ]_w
[_w m a ɽ e k o ]_w
[_w oː n i m ae ]_w
[_w s ei k e ]_w
[_w oː t a ]_w
[_w dz u t a ]_w
[_w n e t a ]_w
[_w p oi ʔ a ]_w
[_w m oː t o m i ]_w
[_w i m a ]_w
[_w ɡ au b i ɽ e ]_w
[_w a p e n e ]_w
[_w b ei t e ]_w
[_w h iː b a ʔ u ]_w
[_w ʔ a h eu b a t a ]_w
[_w b a n ai t e ]_w
[_w s a m a ]_w
[_w b ei t a ʔ u ]_w
[_w eː t o ɽ ai ]_w
[_w s uː t o ɽ ai ]_w
[_w b o s e b e ]_w
[_w n aː m ae h o ]_w
[_w ʔ o ɽ i dz a ʔ u ]_w
[_w o n i ʔ i ]_w
[_w k u s u ]_w
[_w h o t e ]_w
[_w ʔ o ɽ o ]_w
[_w ʔ a ɽ a ʔ a ɽ a ]_w
[_w n aː t a ʔ u ]_w
[_w iː b a dz a ]_w
[_w ɽ o b u ɽ u ]_w
[_w ʔ ai t a ʔ u ]_w
[_w s o ŋ e n a k e ]_w
[_w p a ao ɽ ai m i ]_w
[_w i ɡ a b i ɽ e ]_w
[_w dz u m a t a ]_w
[_w a t̪ i o kx i a ]_w
[_w dz u p u ]_w
[_w b o a s i ]_w
[_w s uː t o ʔ i ]_w
[_w t uː m a ʔ a ]_w
[_w a p i h o ]_w
[_w b ai m a n o m a ]_w
[_w p oː h i ʔ a h o ]_w
[_w k o k o k e ]_w
[_w n a p a m e m a ]_w
[_w m u m u ɽ e ]_w
[_w m au p a ]_w
[_w a m a ɡ e ]_w
[_w s oː ɽ o m i ]_w
[_w ʔ a ŋ a n i t a ]_w
[_w m oː ɽ o ]_w
[_w p aː t e m i ]_w
[_w s a h au b a h o ]_w
[_w ʔ eː m ai n o ]_w
[_w m oː t o m i dz a ]_w
[_w s u m a s a ]_w
[_w i p i ]_w
[_w t̪ a ɽ o k e ]_w
[_w dz o n a h o ]_w
[_w k a ɽ a ]_w
[_w n oː k a ʔ i ]_w
[_w dz ei m a ʔ u h o ]_w
[_w s t ɽ o ŋ ]_w
[_w m a k e ]_w
[_w eː b a ]_w
[_w i s a ɡ i ]_w
[_w n iː h o n i ʔ i ]_w
[_w b u b u ]_w
[_w ɡ a ɽ a ]_w
[_w i dz a ]_w
[_w ʔ eː m a ]_w
[_w s a b i dz a ]_w
[_w n a dz a n o m a ]_w
[_w t a k u ɽ a ]_w
[_w b au ɽ a t a ]_w
[_w k a n a h oi ]_w
[_w e ɽ a n a t a ]_w
[_w n i n i p u ]_w
[_w dz a ɽ i m a ]_w
[_w b e ɽ e t̪ a p i ]_w
[_w ɡ i t u ]_w
[_w ʔ u m a ]_w
[_w a k i m a ]_w
[_w oː n i h e ]_w
[_w n a n a m e ]_w
[_w k a ɽ i ]_w
[_w dz u t a h o ]_w
[_w p o m a ]_w
[_w kx a b au ]_w
[_w dz a b a ʔ i ]_w
[_w ɡ i ɽ i dz a ]_w
[_w p ai ɡ o t̪ a ]_w
[_w t̪ i t̪ o ]_w
[_w k a p a ɽ a ]_w
[_w b ai n a t a ]_w
[_w s i k i ɽ e ]_w
[_w k oː t̪ ae ]_w
[_w ʔ i dz a n i ]_w
[_w dz oː m a m i ]_w
[_w t o t o h o k e ]_w
[_w t̪ u t̪ u ɽ a t e ]_w
[_w b a t̪ ai ]_w
[_w t o oi ]_w
[_w s uː t a ]_w
[_w t̪ ai ʔ a n i ]_w
[_w ʔ eː m o ɽ ai h o ]_w
[_w s a ʔ o p a ]_w
[_w b aː m a ]_w
[_w m eː ʔ a k e ]_w
[_w b oː p i ]_w
[_w h e m e ]_w
[_w ʔ oː t a ʔ u ]_w
[_w u s a ʔ i ]_w
[_w m eː n i ]_w
[_w ʔ u b a h o ]_w
[_w t u m e n a ]_w
[_w ʔ aː m a ɡ e ]_w
[_w b i t̪ e ]_w
[_w s ou p i ɽ e ]_w
[_w b a ɽ a k e ]_w
[_w eː t e ʔ i ]_w
[_w n a s e ]_w
[_w s a s a k i m a ]_w
[_w ɽ a ɽ a ]_w
[_w t eː m a ]_w
[_w oː ɽ i t i ]_w
[_w b i t̪ i n a ]_w
[_w p au ɽ o k e ]_w
[_w t i ɽ o ]_w
[_w ʔ a h eu p a ]_w
[_w s a t u k eo ]_w
[_w ɡ a m a ʔ u h o ]_w
[_w b aː b i ]_w
[_w p a ɽ a ]_w
[_w h iː ɽ e h e ]_w
[_w oː ɽ i ]_w
[_w ɽ e ɽ e p a ]_w
[_w b i s a m u ]_w
[_w b eː dz ae ]_w
[_w b ai m a n e ]_w
[_w ʔ aː ɽ a ɽ e ]_w
[_w uː p a m i ]_w
[_w b e b a ]_w
[_w n o ɡ a n o m a ]_w
[_w n ai s ]_w
[_w t o ɽ a ɽ e ]_w
[_w p a m u ]_w
[_w t a p i dz ai ]_w
[_w a b i ɡ e ]_w
[_w s i k i t a ]_w
[_w b a ɽ e ]_w
[_w iː s u t a s u ]_w
[_w dz aː s a ]_w
[_w s a ɽ a h ai ]_w
[_w a ŋ e ɽ o k e ]_w
[_w s o ŋ e n a ]_w
[_w ɽ o m e t a ]_w
[_w n o k o h o ]_w
[_w b e s ai t a ʔ u ]_w
[_w n o b o ]_w
[_w k e b a t a p a ]_w
[_w a ɽ u ]_w
[_w ʔ e s a t a ɽ e ]_w
[_w a p u h o ]_w
[_w b aː t e ʔ i ]_w
[_w m oː ʔ i ]_w
[_w dz ei m o ɽ ai ]_w
[_w b o t o n a ]_w
[_w m i n a ɽ a k e ]_w
[_w k oː t o ʔ i ]_w
[_w t aː t e ]_w
[_w dz a dz a ]_w
[_w b o t o m a t a ]_w
[_w t uː m o ʔ i ]_w
[_w s ai b a ]_w
[_w m a t u p a t a ]_w
[_w s i n a p i dz a ]_w
[_w a p e ]_w
[_w b o b i n i s a ]_w
[_w a t a h o ]_w
[_w b ai s a ]_w
[_w s aː ɽ u ]_w
[_w b i t̪ e h o ]_w
[_w ɽ iː t e ʔ a ]_w
[_w ɽ iː t e ʔ i ]_w
[_w oː ʔ a t a ]_w
[_w iː h a ɽ e ]_w
[_w p e p a t a ]_w
[_w ʔ e t e ʔ i ]_w
[_w h e m e n o m a ]_w
[_w s u p e ]_w
[_w k a ɽ ai ]_w
[_w p o dz a ]_w
[_w ai m a m i ]_w
[_w m uː n o ʔ i ]_w
[_w p iː b a ]_w
[_w s i s i m ai ]_w
[_w oː ɽ e ]_w
[_w u a n i ]_w
[_w k a ʔ a ]_w
[_w n a k a k e ]_w
[_w p u b u h o ]_w
[_w ʔ aː ɽ a ɡ oi ]_w
[_w ŋ aː n a ]_w
[_w b ei t aː m a ]_w
[_w dz e s u k e ]_w
[_w t o ɽ a n a t e ]_w
[_w dz u m a ]_w
[_w kx oː b ai ]_w
[_w ɡ uː m e h o ]_w
[_w b aː h u b i ]_w
[_w p i t̪ a ]_w
[_w p a b a t a ]_w
[_w ʔ a h u ɽ a ]_w
[_w ʔ aː m a k e ]_w
[_w b o b o t o ʔ a ]_w
[_w ɽ e p i h o ]_w
[_w e s e ɽ i s a ]_w
[_w dz a k e ]_w
[_w t aː t e t ai ]_w
[_w b e s a ]_w
[_w ʔ i dz a n a t a ]_w
[_w s aː t ai ]_w
[_w t a m a ]_w
[_w s ui m a ɽ e ]_w
[_w oː ɽ a m a ]_w
[_w t o m i dz a k oi ]_w
[_w eː t o m a ]_w
[_w m ae ei ʔ i ]_w
[_w b au ɽ a ]_w
[_w p a m e n o m a ]_w
[_w eː t o ɽ ai t a ]_w
[_w dz o b a ]_w
[_w ʔ aː t e t ai ]_w
[_w s i s i m a n a ]_w
[_w h e ɽ o h e ]_w
[_w i ŋ o n ai t a ]_w
[_w ʔ u m ai ]_w
[_w h e ɽ o t e m o ]_w
[_w o ɽ i p a ]_w
[_w i dz e ]_w
[_w t o t a ]_w
[_w s u ɽ ai t e t a ]_w
[_w h iː b i ]_w
[_w ʔ u p a t a ʔ u ]_w
[_w oː ɽ aː m a ]_w
[_w p ai ɽ a b ]_w
[_w ʔ eː t e ʔ a ]_w
[_w dz a k o p e t e ]_w
[_w p e ɽ e b o ]_w
[_w o b e ɽ o p a ]_w
[_w t u p u h o ]_w
[_w b e s u t a ]_w
[_w t e m u k e ]_w
[_w s au ʔ a t a ]_w
[_w p i ɽ a t o h o ]_w
[_w ʔ o s u n o m a ]_w
[_w oː ɽ a ɽ a k e ]_w
[_w i p i ʔ a h o ]_w
[_w ʔ aː ʔ a ɡ e ]_w
[_w iː k a ]_w
[_w iː h a ɽ e t a ]_w
[_w t̪ i ɽ o ]_w
[_w n oː k o m i ]_w
[_w kx a t a k oi ]_w
[_w dz e b e t̪ eo h o ]_w
[_w p ai m a n ei ]_w
[_w k o ɽ i dz a ]_w
[_w n aː t a ʔ u k o ]_w
[_w h eː n ai ]_w
[_w ʔ o b a ɡ e p a ]_w
[_w t uː m a ʔ i ]_w
[_w p a k e p a ]_w
[_w kx a t ai ]_w
[_w n iː ʔ i ]_w
[_w s o h o ɽ o ɽ ai ]_w
[_w p a ɡ o n o m a ]_w
[_w dz a m u ]_w
[_w s u ŋ a ]_w
[_w n i k e h o t a ]_w
[_w b ei t a ʔ u k o ]_w
[_w a n a s i n ]_w
[_w b i ɽ ]_w
[_w n a b a ]_w
[_w t̪ u h o ]_w
[_w n o b o m e h o ]_w
[_w n o m ae ]_w
[_w dz o ŋ i ]_w
[_w t̪ o k a ]_w
[_w n a k a n a ]_w
[_w n i k e h o ]_w
[_w b i ɽ i p a ]_w
[_w b i s a n a ]_w
[_w ʔ a ŋ ai ]_w
[_w s iː m o ]_w
[_w e ɽ ai ]_w
[_w oː t a n i h o ]_w
[_w a s a t a ]_w
[_w h o ɽ e s a ]_w
[_w n i ɡ e h o ]_w
[_w e h e ʔ u ]_w
[_w a b i h o ]_w
[_w p ai m a n e ]_w
[_w s i n a ]_w
[_w oː ɽ a ʔ u k o ]_w
[_w m u ɽ i ]_w
[_w m a s u ]_w
[_w h ui t e m i ]_w
[_w ʔ i dz a m a ]_w
[_w b aː t ai n o ]_w
[_w ʔ a ɽ a ʔ a t a ]_w
[_w n i k e m e k e ]_w
[_w b a s e s a ]_w
[_w ʔ i p ai ]_w
[_w m eː h o ]_w
[_w p aː m i ]_w
[_w oː t o ɽ ai ]_w
[_w n e n a n i ʔ i ]_w
[_w h a ai ]_w
[_w k aː m a ]_w
[_w t o m a n i ]_w
[_w iː m a ]_w
[_w t u k u m a ʔ u ]_w
[_w m ai m a n e t a ]_w
[_w eː s u h i ʔ a ]_w
[_w dz a n a ]_w
[_w p a n ai t e ]_w
[_w t̪ a ŋ a ]_w
[_w ʔ aː t e ]_w
[_w ʔ i dz a k e ]_w
[_w ʔ u s u t a s u ]_w
[_w a s i h o ]_w
[_w p o p i t e t a ]_w
[_w t a s u ]_w
[_w ʔ i dz ai t a ʔ u ]_w
[_w t o t o h o ]_w
[_w b a k e ]_w
[_w b a ɽ i m a ]_w
[_w t u ɡ u t a ]_w
[_w n o k o m ae ]_w
[_w ʔ a h u ɽ a n i ]_w
[_w dz a k o p a ]_w
[_w ʔ aː t ai ]_w
[_w p a k i ]_w
[_w dz oː t a ]_w
[_w b a p a ]_w
[_w t o m i ]_w
[_w b u p u ]_w
[_w a p ei ]_w
[_w dz oː t a ʔ u ]_w
[_w p aː m u ]_w
[_w i b i ]_w
[_w ʔ aː t ai n o ]_w
[_w e ɽ i a h o ]_w
[_w m a ɽ i b a ]_w
[_w oː ɽ ai h o ]_w
[_w ɡ o k o s o k o ]_w
[_w h a m b a ɡ ]_w
[_w dz aː ɽ o ʔ a ]_w
[_w o h o ŋ a h o ]_w
[_w k o ɽ i t̪ i ]_w
[_w m i m i m a ]_w
[_w h e ɽ o t e h o ]_w
[_w k a t ]_w
[_w kx a p au ]_w
[_w b ai a ]_w
[_w t u m u t a ]_w
[_w m eː k e ]_w
[_w i k a n o m ai ]_w
[_w oː m i ]_w
[_w b o p i ]_w
[_w eː t e m a k e ]_w
[_w ɡ a n a h o ]_w
[_w aː ɽ o h o ]_w
[_w eː t a k e ]_w
[_w n aː s u m i ]_w
[_w i s i ɽ ae ]_w
[_w kx a p a n a ]_w
[_w s iː b a ʔ ui ]_w
[_w k i m u t̪ a ɡ e ]_w
[_w ɡ a h o ]_w
[_w t u k u t o ]_w
[_w k o k o ]_w
[_w m oe b a ]_w
[_w n o p o h oi ]_w
[_w b e p a t a ]_w
[_w m oː s o b i ]_w
[_w n o k o k e ]_w
[_w p i t o t o ]_w
[_w ʔ a ŋ a ]_w
[_w h iː ɽ e t ai ]_w
[_w ai m ai n o ]_w
[_w t uː m a ɽ a ŋ a ]_w
[_w p iː ɽ i ]_w
[_w b uː t̪ a ]_w
[_w s a ɽ a ɽ a ]_w
[_w dz oː ɽ o m i ]_w
[_w t u p u ]_w
[_w ʔ o ɽ i ŋ i ]_w
[_w n a p a ]_w
[_w h a b a ]_w
[_w s i s i m a t a ]_w
[_w k a ʔ a n a ]_w
[_w s eː p e ]_w
[_w s u ɽ u h o ]_w
[_w a ɡ i m a ]_w
[_w s u h e ]_w
[_w i k a t a m a ]_w
[_w b u ɽ i m a ɡ oi ]_w
[_w ɡ o ɽ i dz e m i ]_w
[_w s ou b i dz a ]_w
[_w t eː n a ]_w
[_w t a s u h o ]_w
[_w n eː n i ]_w
[_w n aː t a k oi ]_w
[_w h i s i ]_w
[_w s oː ɽ o ]_w
[_w o h o ŋ a ]_w
[_w b aː m i ]_w
[_w b aː t a ]_w
[_w ʔ u ɽ u m a h o ]_w
[_w b i ɽ a h o ]_w
[_w a ŋ o ]_w
[_w m e s i a ]_w
[_w kx a b a ]_w
[_w b a t̪ i k e ]_w
[_w p i ɽ ai t e ]_w
[_w b a ɽ ai ]_w
[_w k i ɽ a k e ]_w
[_w b a k o ]_w
[_w h oː p i ɽ e ]_w
[_w ʔ oː b a k oi ]_w
[_w ʔ a ŋ a n i ʔ i ]_w
[_w b aː ʔ a ]_w
[_w s i s i m a ]_w
[_w t o m u ]_w
[_w b ei t e ʔ i ]_w
[_w s aː t a ɡ oi ]_w
[_w ɡ eː m a ʔ a ]_w
[_w ʔ oː t o ]_w
[_w m oː ɽ a k e ]_w
[_w n o h oi o ]_w
[_w p i ɽ a t̪ oi ]_w
[_w t u b u ]_w
[_w m a t u b a t a ]_w
[_w s a ɽ i dz o ɽ ai ]_w
[_w oi o n i ]_w
[_w dz aː k e ]_w
[_w m i n a ɽ a k u ]_w
[_w a b e m e h o ]_w
[_w t o ŋ o ]_w
[_w a n a h o k e ]_w
[_w n a b a h oi ]_w
[_w h e ɽ o t ei ]_w
[_w n e n a h o ]_w
[_w m i dz a ɡ a ]_w
[_w dz ae t a ɽ e ]_w
[_w e ɽ i a ]_w
[_w b o m a ]_w
[_w p aː t e t a ]_w
[_w s a m a n ei ]_w
[_w t o p e ]_w
[_w p e s t oi ]_w
[_w p o a s i ]_w
[_w h u t i ŋ i ]_w
[_w ʔ o ɽ i dz e t a ]_w
[_w ai m o ɽ ai ]_w
[_w ʔ a k ai ]_w
[_w kx a m e t a ]_w
[_w t eː t e t a ]_w
[_w t u p u t a ]_w
[_w dz a ɽ e ]_w
[_w ɡ o ɽ i dz a ]_w
[_w oi o n i t a ]_w
[_w p o t o n a ]_w
[_w ɽ a s a k i ]_w
[_w ɡ o ɽ i m o ɽ ai ]_w
[_w dz u b u k e ]_w
[_w h o h o ]_w
[_w b oː dz a ]_w
[_w eː t a ɽ o t a ]_w
[_w n oi o ]_w
[_w h iː b aː m a ]_w
[_w m oː ɽ a ɽ a ]_w
[_w m oː h i ʔ i ]_w
[_w iː h a ʔ u ]_w
[_w s i k ]_w
[_w kx oː p a ]_w
[_w ʔ o h a ɽ e t a ]_w
[_w b o m ai ]_w
[_w ʔ a ŋ a m a ]_w
[_w m o ɽ i m a k oi ]_w
[_w eː t aː m a ]_w
[_w n i n i b u ]_w
[_w n aː t e ʔ a ]_w
[_w t e t e ]_w
[_w a p e n e k e ]_w
[_w ʔ eː m a k oi ]_w
[_w kx a t a ɡ e ]_w
[_w s i ŋ s i ŋ ]_w
[_w ʔ u ɽ a t a ]_w
[_w n o t a ]_w
[_w h a b e s e ]_w
[_w n a k a ɡ e ]_w
[_w oː ɽ a ɽ e ]_w
[_w n o k o ʔ e k e ]_w
[_w ʔ u b a n i ]_w
[_w ʔ aː ɽ i t i ]_w
[_w dz a dz a h o ]_w
[_w ʔ u b a ʔ u ]_w
[_w t̪ o k i ]_w
[_w oː ɽ a ɽ ei ʔ i ]_w
[_w p a ɽ ei ]_w
[_w ŋ i ŋ i ]_w
[_w p a k e ]_w
[_w p a ɡ e ]_w
[_w ʔ ai b i ]_w
[_w n a k a b a t e ]_w
[_w s u b u ]_w
[_w b e s t oi ]_w
[_w n oː n o m a ]_w
[_w ʔ aː t a t a ]_w
[_w n a p a m a ]_w
[_w ɡ ai ɡ ai ]_w
[_w p e n a ]_w
[_w ʔ oː t a ʔ u h o ]_w
[_w ʔ e ɽ e ]_w
[_w h iː ɽ e m i a ]_w
[_w ʔ a b i t o t a ]_w
[_w u s a ʔ e h o ]_w
[_w s a ʔ u ɽ e ]_w
[_w ʔ u p a t a ]_w
[_w t eː n a t a ]_w
[_w b i kx i ]_w
[_w dz uː b a m i ]_w
[_w n a b a h o ]_w
[_w ʔ i dz ai t e m i ]_w
[_w eː t a ɽ a ]_w
[_w t o ɽ o ]_w
[_w s a m a ɽ i a ]_w
[_w s t a p ]_w
[_w ɡ oː m a m i ]_w
[_w ʔ oː m a ʔ u ]_w
[_w t̪ a ɽ u m i h o ]_w
[_w iː s u ]_w
[_w b o dz a h o ]_w
[_w t a t au m a h o ]_w
[_w n e s e t u ]_w
[_w t e k e ]_w
[_w e ɽ a m a ]_w
[_w u n au n a t a ]_w
[_w t̪ o t̪ a ]_w
[_w s o h o ɽ o ]_w
[_w b eː dz ae m a ]_w
[_w m a n i ]_w
[_w ɡ a m e ]_w
[_w p a s a ɽ i ]_w
[_w h a p a ]_w
[_w a p e ɡ e ]_w
[_w s i n ai ]_w
[_w k o ɽ o s e ]_w
[_w h o t e n o k e ]_w
[_w n a p au t ]_w
[_w t̪ o m ai ]_w
[_w m i n a n i h e ]_w
[_w p ui t a ɽ e ]_w
[_w s i ɽ i a ]_w
[_w n aː h o ]_w
[_w ʔ aː ɽ i ]_w
[_w m oi t o ɽ ai ]_w
[_w n o k e ]_w
[_w t aː t e ʔ i ]_w
[_w ʔ u s u t a ]_w
[_w e ɽ a h o ]_w
[_w dz a n i h e ]_w
[_w ʔ eː b a ʔ u ]_w
[_w ʔ a h u ɽ a k e ]_w
[_w k i t̪ i k o t̪ i ]_w
[_w i s ai t o ɽ ai ]_w
[_w m oi t a ɽ ei ʔ i ]_w
[_w dz a p u ]_w
[_w k a ʔ a n i h o ]_w
[_w s ai s a ]_w
[_w m oː ʔ a ]_w
[_w p ai ɽ u ɽ u ]_w
[_w e k a n i ]_w
[_w n a n a h oi ]_w
[_w dz aː ɽ o t a ]_w
[_w dz oː m a k oi ]_w
[_w h eː t a ]_w
[_w ɽ i s t u ]_w
[_w n a m e ]_w
[_w t̪ u m a ]_w
[_w h a s u ]_w
[_w dz a ɡ e ]_w
[_w k ai b a ɽ a b a ]_w
[_w b aː m u ]_w
[_w s o ɽ o m o ]_w
[_w dz a s a h o ]_w
[_w a b ei ]_w
[_w dz a m u t o m i ]_w
[_w p e t̪ a n i ]_w
[_w h iː b ai n o ]_w
[_w u h u p a t u ]_w
[_w dz e ɽ i k e ]_w
[_w s a ʔ o b a ]_w
[_w s e p e ]_w
[_w t̪ u t a ]_w
[_w b u b a ]_w
[_w m e k e ]_w
[_w p aː t a ɽ e ]_w
[_w n iː h o h o ]_w
[_w t a n i t a ]_w
[_w oː ʔ i ]_w
[_w p a n a h o ]_w
[_w n i k e m ae ]_w
[_w iː b a dz ai ]_w
[_w kx a ɽ a ]_w
[_w t a b i t̪ a ]_w
[_w s o h o ɽ o t a ]_w
[_w i b au ]_w
[_w dz eu b o ɽ ai ]_w
[_w ɽ iː t i a ]_w
[_w t̪ uː t a ]_w
[_w m ai kx a t ai ]_w
[_w o k o m ae ]_w
[_w s i k i n a ]_w
[_w ʔ i dz ai t a k oi ]_w
[_w ɡ o k o ]_w
[_w dz oː m a ʔ u ]_w
[_w m u k e ]_w
[_w aː ɽ o ]_w
[_w b e s a p e ]_w
[_w s uː t o t a ʔ i ]_w
[_w ʔ eː h i m i ]_w
[_w n i p e ]_w
[_w p o b i t e t a ]_w
[_w ɽ i t̪ a k u ]_w
[_w t oː m a ]_w
[_w k ai t o m a n i ]_w
[_w a t̪ i k a ɽ a ]_w
[_w n a k a h o b a ]_w
[_w eː t e m a ɡ e ]_w
[_w m a n a ]_w
[_w a ɡ o b a k e ]_w
[_w o k e ]_w
[_w s a ɽ i dz e ʔ i ]_w
[_w b e ɽ e b o ɽ a ]_w
[_w h ou b eu ]_w
[_w n o k o m a ]_w
[_w k ai s a h o ]_w
[_w i s i ɽ ae h o ]_w
[_w ʔ a ŋ a h o ]_w
[_w ɽ i t̪ a n i a ]_w
[_w p a t i s i k e ]_w
[_w e ɽ a n a ]_w
[_w n oː k aː m a m i ]_w
[_w o m a m i ]_w
[_w p ei t e m i ]_w
[_w dz o n ai ]_w
[_w k a ʔ a t a ]_w
[_w a ɽ a ʔ a t a ]_w
[_w b a s e s a ɡ e ]_w
[_w p a t a ]_w
[_w o b ao b a ]_w
[_w o b a ]_w
[_w t eː ʔ a ɡ e ]_w
[_w t aː m a ]_w
[_w a t̪ i a m a k e ]_w
[_w ʔ eː t a ɽ ei m i ]_w
[_w ʔ u ɽ a h i ʔ a ]_w
[_w k i s i m ai ]_w
[_w b a t̪ a n ae ]_w
[_w u s a ʔ e ɡ e ]_w
[_w m i n a ]_w
[_w ɡ a ɽ u p a t a ]_w
[_w ŋ a t i ]_w
[_w k i ɽ a ]_w
[_w b e s t o ]_w
[_w eː ʔ u ]_w
[_w m oi t e m i ]_w
[_w t̪ i dz a ]_w
[_w t̪ e n i n o m a ]_w
[_w eː s u m i ]_w
[_w kx o kx o ɽ a ]_w
[_w p ei t a ʔ u ]_w
[_w b i s a ʔ a p u ]_w
[_w t̪ a ɽ u m i ]_w
[_w t oː t a ]_w
[_w dz o p i ]_w
[_w n a n a h o ]_w
[_w kx a t a h o ]_w
[_w dz e s ui ]_w
[_w b i s i ]_w
[_w ɽ o ʔ o ɽ o m eo ]_w
[_w n i ɡ e ]_w
[_w n a ɡ a b a m a ]_w
[_w t̪ a ɽ i m a ]_w
[_w n a k i t a ]_w
[_w o b e ɽ a t e ]_w
[_w n a k a h o s a ]_w
[_w n e s e t a ]_w
[_w eː b a n i ʔ i ]_w
[_w b iː ɽ i n a ]_w
[_w m e ei ]_w
[_w n oː t a ]_w
[_w eː t o ɽ oi ]_w
[_w t o t o t o h o ]_w
[_w n a ɽ u ɡ e ]_w
[_w dz ae t e m i ]_w
[_w s a ɡ a n a ]_w
[_w eː t o m i ]_w
[_w i p i p i a ]_w
[_w b a m e n o m ai ]_w
[_w kx oː b a t a ]_w
[_w p aː t a ]_w
[_w ɡ o ɽ o t a ]_w
[_w a b e n e ]_w
[_w dz ei m a ɽ e k o ]_w
[_w dz o b a dz a ]_w
[_w h iː b a k oi ]_w
[_w m u t ui ]_w
[_w h a s a ]_w
[_w kx e t̪ e dz a ]_w
[_w m i n a n i t a ]_w
[_w b a m e ]_w
[_w s u s u p u ]_w
[_w k oː t o t a ]_w
[_w s i k u m a ʔ u ]_w
[_w ɽ e b o ]_w
[_w b e ɽ e b a ]_w
[_w b o s a b o s a ]_w
[_w oː ɽ a k oi ]_w
[_w m oi t e ʔ a h a ]_w
[_w ʔ e t h ]_w
[_w b aː ʔ i ]_w
[_w t aː t a ɽ e ]_w
[_w h oː ɽ e ]_w
[_w b o b i t a ]_w
[_w o t a ]_w
[_w t o m a ʔ i ]_w
[_w ʔ ai t e m i ]_w
[_w m eː ɽ a ʔ u ]_w
[_w aː ɽ i ]_w
[_w ɽ o m a h o ]_w
[_w n iː m e ]_w
[_w dz oː t o ɽ ai h o ]_w
[_w n oi s ]_w
[_w p i s a m u e ]_w
[_w s u ɽ i s a ]_w
[_w ɡ eː m a ]_w
[_w e t ae t a ]_w
[_w m u ɡ a ɽ i ]_w
[_w s aː t a ]_w
[_w oː n i ]_w
[_w t̪ u m a n e ]_w
[_w n o ɡ e ]_w
[_w t eː n ai ]_w
[_w oi o n i ʔ i ]_w
[_w s a ɽ i dz o ]_w
[_w b ai n a n o m a ]_w
[_w kx a m o b a ]_w
[_w m eː ʔ oː t a ]_w
[_w s e p o ɽ o ]_w
[_w ɽ oi b e t a ɽ a ]_w
[_w p o t̪ i ]_w
[_w ɽ i k a t̪ o ]_w
[_w a ŋ e ɽ o ]_w
[_w s u m a ]_w
[_w o n i t a ]_w
[_w dz o k a ]_w
[_w m oi t aː m a ]_w
[_w ʔ aː h o ]_w
[_w dz u b u ]_w
[_w m e ɡ e n i ]_w
[_w m oi t e ʔ i ]_w
[_w ɡ o s i dz o ]_w
[_w n o k o ʔ a h o ]_w
[_w ŋ i p i ɽ i b a ]_w
[_w dz uː n o m i ]_w
[_w ɡ ɽ a s ]_w
[_w a p i ʔ a h e ]_w
[_w s uː s a ]_w
[_w p e ŋ a t a ]_w
[_w n a n a m e h o ]_w
[_w a t a b a ]_w
[_w dz oː m a ʔ u h o ]_w
[_w a k o a k o ]_w
[_w kx a m e t oi ]_w
[_w m oː h i m a ]_w
[_w h iː s i ]_w
[_w ɡ u h u ]_w
[_w t o ɽ o m i ]_w
[_w h a h a ɽ i ]_w
[_w ai m a k oi ]_w
[_w b o k e ]_w
[_w t aː t a k oi ]_w
[_w p ai ɽ a n o m ai ]_w
[_w e b e s a t a ]_w
[_w p a t̪ a ]_w
[_w t a ŋ a h o ]_w
[_w m o s e ]_w
[_w b i ɽ ai t e m i ]_w
[_w dz a h e ]_w
[_w m u s a ʔ i ɡ e ]_w
[_w oː h o ]_w
[_w oː ɽ ai h o t a ]_w
[_w eː m a n e ]_w
[_w ʔ u p a h o ]_w
[_w dz a k a ]_w
[_w s i n a b i dz a ]_w
[_w n a b ai ]_w
[_w ɡ i n i ]_w
[_w s i ɡ i ]_w
[_w s e k a n a ]_w
[_w ɡ u ɽ u t e t e ]_w
[_w t̪ u t̪ ui t e ʔ i ]_w
[_w t a t a ŋ a m a ]_w
[_w m ai m a n e ]_w
[_w iː h a ʔ i ]_w
[_w t o t o h oi ]_w
[_w t̪ i n i ]_w
[_w e p e k e ]_w
[_w b a ɽ i s eo ]_w
[_w ɡ aː m a ]_w
[_w ʔ i dz a ʔ u ]_w
[_w iː h a k oi ]_w
[_w n a k a p a k e ]_w
[_w t aː t aː m a ]_w
[_w b a s a t a ]_w
[_w ʔ o h a b a n a ]_w
[_w b ai ɡ e ]_w
[_w b aː t a h o ]_w
[_w n aː t a ]_w
[_w s oː p a ɽ ai ]_w
[_w p a k e n o m ai ]_w
[_w t uː m o m i ]_w
[_w n aː n e k e ]_w
[_w t a ɽ a ]_w
[_w eː t a ʔ u ]_w
[_w b e ɽ e b o t̪ i ]_w
[_w kx a t a n i t a ]_w
[_w t u b i dz a t a ]_w
[_w ʔ a h o ]_w
[_w ʔ o ɽ i dz a h o ]_w
[_w n a k u n a ]_w
[_w ɡ a p e h o ]_w
[_w t eː t e m a k e ]_w
[_w dz a p i ɽ a k e ]_w
[_w m uː n a ʔ u ]_w
[_w h a m b a k ]_w
[_w n oː m ae k e ]_w
[_w t uː m aː m a ]_w
[_w a ŋ e ɽ o m a ]_w
[_w ɡ eː m a ʔ u ]_w
[_w n a ɽ u ]_w
[_w n a ʔ e k e ]_w
[_w b eː t o ɽ ai h o ]_w
[_w s aː s a ɽ i dz o ]_w
[_w u h u t o m i ]_w
[_w t̪ a m u ]_w
[_w p a t̪ o ɽ o a ]_w
[_w n oː n i ]_w
[_w ɽ o m e ]_w
[_w b o t o ]_w
[_w p o p o t o m i ]_w
[_w ɡ i ɽ o dz o m a ]_w
[_w s o m eo n e ]_w
[_w dz a m u t a ]_w
[_w n a k a b a n ao ]_w
[_w i k a s a t a ]_w
[_w n o k u t ]_w
[_w h iː b i t a ]_w
[_w ɡ o h a ]_w
[_w b a ɽ o ]_w
[_w s a ɽ i dz a t a ]_w
[_w t eː h o t a ]_w
[_w ʔ oː ɽ o m i ]_w
[_w dz o ŋ o dz o ŋ o ]_w
[_w h iː dz o ]_w
[_w h o b i h o b i ]_w
[_w a p i ʔ a t a ]_w
[_w a n ai o ]_w
[_w o h o ŋ a ɡ e ]_w
[_w k ui m a ʔ i ]_w
[_w m i dz a n o m ai ]_w
[_w s aː m a ]_w
[_w eː s u ʔ i ]_w
[_w t̪ o ɡ a ]_w
[_w uː b a m i ]_w
[_w k aː b a ]_w
[_w a n a h o ]_w
[_w a ŋ e ɽ o h e ]_w
[_w dz o p i dz a t a ]_w
[_w ʔ i dz ai t a ɽ e ]_w
[_w ʔ u p i ]_w
[_w a ɡ o b a ɡ e ]_w
[_w i s a k i n i ]_w
[_w dz a b a ʔ u ]_w
[_w ʔ oː ɽ o t a ]_w
[_w dz u p e ]_w
[_w dz a k o b a k e ]_w
[_w m oː ɽ a ɽ e ]_w
[_w t eː n a h o k e ]_w
[_w ɽ e b i ]_w
[_w ʔ eː ɽ e m i ]_w
[_w i dz oi dz o k e ]_w
[_w k a m a n a ]_w
[_w m m h m ]_w
[_w ai m aː m a ]_w
[_w a p i ]_w
[_w t a p a ɽ a ]_w
[_w i k a ]_w
[_w n a ɡ i t a ]_w
[_w oː ʔ ai ]_w
[_w k ai b o m a t̪ i ]_w
[_w ʔ u p a dz a k e ]_w
[_w a p e h o ]_w
[_w p o s a p o ]_w
[_w s o k a t e ]_w
[_w eː b a t a ]_w
[_w s a s a ]_w
[_w n i m e ]_w
[_w a s i ]_w
[_w eː t o ]_w
[_w o oi ʔ i ]_w
[_w n a n ei ]_w
[_w ʔ u ʔ ui m a ʔ i ]_w
[_w k u ɽ e ]_w
[_w p o b i n o k e ]_w
[_w a b e k e ]_w
[_w s a ɽ i dz a ]_w
[_w dz a s a ]_w
[_w n i k e k e ]_w
[_w p ou ʔ a t a ]_w
[_w eː h a h a ]_w
[_w t̪ o k a t a ]_w
[_w n oː k a ]_w
[_w b ao ɽ ai ]_w
[_w b eː t o ɽ ai ]_w
[_w ʔ i dz a n i ʔ i ]_w
[_w ɡ o ɽ i dz e t a ]_w
[_w t a t au m ai ]_w
[_w i s ai t e ʔ i ]_w
[_w e t ei ]_w
[_w m ai o ]_w
[_w dz oː t a t i ]_w
[_w m a n ]_w
[_w b o t̪ o m u ]_w
[_w m ai kx a m e t o ]_w
[_w dz a p a m e n a ]_w
[_w p a p i h o ]_w
[_w eː t o ɽ a n a ]_w
[_w k ui m a ʔ a ]_w
[_w ɡ oi n a ]_w
[_w a k i ɽ i b a ]_w
[_w t o ɽ ou m o ɽ ai ]_w
[_w n e s e ]_w
[_w eː t o ɽ a t a ]_w
[_w k o t̪ a ɽ a ]_w
[_w s u b e s u p e ]_w
[_w h e s a t ai n o ]_w
[_w kx a t a n o m ai ]_w
[_w e t e h o ]_w
[_w ɡ a ʔ a n i ʔ i ]_w
[_w h e m e n o m ai ]_w
[_w ʔ e ʔ e ŋ a ]_w
[_w i ɡ a ɡ e ]_w
[_w b o dz a ]_w
[_w a n ai ]_w
[_w b a b a m e k e ]_w
[_w dz aː ɽ o ɽ ai ]_w
[_w p au ɽ ai ]_w
[_w ʔ e s a h o ]_w
[_w kx a t a m u ]_w
[_w ʔ u s u p a t a ]_w
[_w s a m a t a ]_w
[_w ʔ aː ʔ a ]_w
[_w n oː ɽ a k oi ]_w
[_w p ai ɡ e ]_w
[_w ɡ i t̪ i k o t̪ i ]_w
[_w s i k i ]_w
[_w o k o t a ]_w
[_w ʔ i dz a t a ]_w
[_w ɡ au b i ɽ e m i ]_w
[_w m o s e h o ]_w
[_w h e ɽ o ]_w
[_w s ou b i ɽ o ɽ ai ]_w
[_w ʔ u p i b a ]_w
[_w u h u p a m i ]_w
[_w p oi k e ]_w
[_w m i m i ]_w
[_w t i m o t̪ eo ]_w
[_w ʔ a ɽ a ]_w
[_w a p i ɽ a ]_w
[_w b ai n a n i ]_w
[_w n a dz a n o k e ]_w
[_w s oː m a m i ]_w
[_w ʔ aː t a t i ]_w
[_w m oː t o t a ]_w
[_w p i ɽ a m a ]_w
[_w t a ɡ u ɽ a ]_w
[_w h iː m a ]_w
[_w dz a s a ɽ oi ]_w
[_w s e b e h o ]_w
[_w i s e ɽ e ]_w
[_w h iu b a ʔ u ]_w
[_w b e t ]_w
[_w h a p a h o ]_w
[_w s o b a dz o b a ]_w
[_w ɡ oː t̪ a ]_w
[_w iː dz o ]_w
[_w dz eː b i ɽ e t a ]_w
[_w k a m a ]_w
[_w ɡ ai b o ɽ i ]_w
[_w h o b i ]_w
[_w h ai ɽ i ]_w
[_w p iː ɽ e m i ]_w
[_w s e p e n i ]_w
[_w u h u t a ɽ e ]_w
[_w ʔ e s a ]_w
[_w t a p a ]_w
[_w ɡ o s e t a ]_w
[_w ʔ o h a t e t a ]_w
[_w h o t ei t e ]_w
[_w b ai k o ]_w
[_w s uː t o m i ]_w
[_w s uː t a ʔ u h e ]_w
[_w dz o ŋ o ]_w
[_w p eː dz ae t a ]_w
[_w ʔ eː ɽ o ɽ ai ]_w
[_w s uː n a ]_w
[_w aː b e ]_w
[_w m ai kx a t a m a ]_w
[_w a k i a k i ]_w
[_w m oi t a k e ]_w
[_w p ei t e ]_w
[_w n o p o m ae ]_w
[_w ʔ i dz ai t e ʔ i ]_w
[_w dz u k u ɽ u ]_w
[_w ɡ o t o ɽ o t a ]_w
[_w ʔ u s u k e ]_w
[_w ʔ i dz a n o m a ]_w
[_w eː t ai n o ]_w
[_w a b i ɽ ai ]_w
[_w s u ɽ u p o ]_w
[_w dz a dz ai ]_w
[_w b a h a ]_w
[_w dz oː m a ʔ u h e ]_w
[_w n a n a m e t oi ]_w
[_w ʔ aː ɽ a ]_w
[_w a b i m a ]_w
[_w s e ŋ i ]_w
[_w ʔ u p a ]_w
[_w h a p a n a ]_w
[_w t ɽ u ]_w
[_w ʔ u b a dz o b a ]_w
[_w n a s a ]_w
[_w n aː m ae ]_w
[_w t o t o ]_w
[_w s u b a h o ]_w
[_w k aː n a ]_w
[_w s a k a ]_w
[_w s i ɽ i h a m i ]_w
[_w dz o k e ]_w
[_w b a n ai t a ]_w
[_w m oi t aː m a h o ]_w
[_w eː b a n i ]_w
[_w t oː ɡ e ]_w
[_w uː b u p u ]_w
[_w oː t a n i t a ]_w
[_w p o p o t o ]_w
[_w m u t u t a ]_w
[_w o k o ]_w
[_w b o dz a ʔ a t a ]_w
[_w dz a m o ʔ a ]_w
[_w k o h a ]_w
[_w iː ɡ a ]_w
[_w p a m e ]_w
[_w ʔ e s a m a n e ]_w
[_w oː ɽ ai dz a ɽ a ]_w
[_w t e t e t a ]_w
[_w b a b a p a m ae ]_w
[_w p o b o t o k e ]_w
[_w a b i ɽ a ]_w
[_w m ai kx a t a h o ]_w
[_w i dz iː ]_w
[_w kx a m e t o ]_w
[_w p ei t e ʔ a ]_w
[_w k oː t o m i ]_w
[_w s eː p e k e ]_w
[_w b a t i ]_w
[_w ɡ a b i ɽ e ]_w
[_w ʔ e p e ]_w
[_w ʔ o ɽ i dz a ɽ e ]_w
[_w ɡ a k a h oi ]_w
[_w kx oː b a ]_w
[_w ʔ o ɽ o ʔ i ]_w
[_w k i ɽ i s t u ]_w
[_w k oi ɽ i ]_w
[_w dz uː n o m a ]_w
[_w p a n ai t e ʔ i ]_w
[_w k o ɽ i dz e t a ]_w
[_w b i dz a k oi ]_w
[_w m oː ʔ o m i ]_w
[_w s o ɽ a ŋ a ]_w
[_w dz o ɽ i ]_w
[_w s oː p a ʔ u ]_w
[_w u n a t e ]_w
[_w i b i n a ]_w
[_w i dz oi dz o ]_w
[_w s a ɡ a p a ]_w
[_w k i n a ʔ a ]_w
[_w ʔ a p u m a ]_w
[_w ɽ u m u p a ɡ e ]_w
[_w n iː ʔ a k e ]_w
[_w oː t a n i ]_w
[_w t o ɽ a k oi ]_w
[_w n o m e ]_w
[_w p e ʔ i h i m i ]_w
[_w t o ɽ ou m a ]_w
[_w t̪ e s ]_w
[_w s a k a p a ]_w
[_w s u ɽ u b e ]_w
[_w s a k a p a t a ]_w
[_w ʔ e t̪ a ]_w
[_w oː ɽ a ʔ u ]_w
[_w e s e ɽ i h o ]_w
[_w m i n a ɡ e ]_w
[_w b iː ɽ e ʔ i ]_w
[_w dz a h o ]_w
[_w s u m u ]_w
[_w u ɽ ai ]_w
[_w t o b o t a ɽ e ]_w
[_w ʔ u s u ]_w
[_w b i dz a ʔ u b a ]_w
[_w ɡ eː m a k oi ]_w
[_w n i ɡ e m ae h o ]_w
[_w t̪ i ɽ i ]_w
[_w t iː t e ]_w
[_w t o ɽ ou m a ʔ i ]_w
[_w n e s e k e ]_w
[_w t̪ o k a h o s a ]_w
[_w n i k e m ae h o ]_w
[_w dz uː b e ]_w
[_w dz oː dz oi ]_w
[_w s u b e ]_w
[_w n a n ai o ]_w
[_w ʔ oː b a ʔ u ]_w
[_w e k ai ]_w
[_w ɡ u ɽ i m a ɡ au ]_w
[_w ɡ ai b a t a ]_w
[_w m i m i h o t a ]_w
[_w k a t a ]_w
[_w s a s a ɽ oi ]_w
[_w ʔ e ɽ e ʔ a ]_w
[_w t̪ i ŋ a ʔ a ]_w
[_w t a p i dz a ]_w
[_w ɽ e p a ʔ e p a ]_w
[_w dz aː ɽ o m i ]_w
[_w p oː k e p a ]_w
[_w dz o a n a ]_w
[_w ɡ o t̪ ai ]_w
[_w ɽ o b e n a ]_w
[_w h eː n a h o ɡ e ]_w
[_w t̪ ai k e ]_w
[_w b i n i s ]_w
[_w n a n a m e t o ]_w
[_w h e ɽ e ]_w
[_w e p e s o ]_w
[_w i k ai ]_w
[_w b u t u b u t a ]_w
[_w i s o ]_w
[_w h a p a t a ]_w
[_w ʔ e k o ɽ o ʔ i ]_w
[_w ʔ eː ɽ e t a ]_w
[_w t̪ i t̪ oi ]_w
[_w b i kx e t ]_w
[_w ɽ aː p a ]_w
[_w s a s e m a ]_w
[_w a s i t a ]_w
[_w o ɽ o ɽ ai ]_w
[_w ʔ a h i t o t a ]_w
[_w p aː m u h e ]_w
[_w m ai k e ]_w
[_w m oi t o ɽ a ɽ e ]_w
[_w s o ɽ o m eo ]_w
[_w o b e ɽ ai ]_w
[_w p aː t a k e ]_w
[_w s a p i dz ai ]_w
[_w p o ɽ o ]_w
[_w k o k a ]_w
[_w p o s a ]_w
[_w s a m u e ]_w
[_w t oː b a k oi ]_w
[_w t o m a ʔ o m a ]_w
[_w t e t e n a ]_w
[_w t aː t a ʔ u k o ]_w
[_w n a n e m a ]_w
[_w a k i a m a k e ]_w
[_w ʔ aː t e ʔ a h o ]_w
[_w b aː t a t a ]_w
[_w u t u ]_w
[_w s au n a b a ]_w
[_w t aː m a h o ]_w
[_w h a b a ɡ e ]_w
[_w ʔ aː ʔ a k e ]_w
[_w dz oː m a ʔ i ]_w
[_w m eː n i h e ]_w
[_w kx a p a n ao t a ]_w
[_w iː h o ɽ ai ]_w
[_w b a n ai ]_w
[_w s uː n o m a ]_w
[_w n iː m ae h o ]_w
[_w b o k a ɽ i ]_w
[_w k ui b i ɽ e ]_w
[_w s oː b a ɽ ai ]_w
[_w ʔ i dz a n i t a ]_w
[_w t uː m ai n o ]_w
[_w k ai p o t a ]_w
[_w m ai kx a t a ɡ e ]_w
[_w i dz eː ]_w
[_w s o ɽ o ]_w
[_w s o ɽ i dz e ʔ a ]_w
[_w ɡ o ɽ i h o ]_w
[_w n o ɡ o t a ]_w
[_w p a h a p a k e ]_w
[_w dz oː m a t a ]_w
[_w m aː ʔ a ]_w
[_w eː t e ]_w
[_w t e ʔ a ]_w
[_w ɡ iː m a ʔ a ]_w
[_w i ɽ i ]_w
[_w ʔ aː n a t e ]_w
[_w ʔ e k o ɽ o b u ]_w
[_w t aː ŋ a ]_w
[_w i ŋ i ɽ i s t ui ]_w
[_w ʔ e t e ʔ e t a ]_w
[_w b au ɽ a h o ]_w
[_w p aː t a ʔ u ]_w
[_w ʔ a n e s a ]_w
[_w s o m o ɽ o k e ]_w
[_w m oː ɽ a ɽ o ɽ i ]_w
[_w t a b a ɡ e ]_w
[_w kx a ɽ i o t̪ a ]_w
[_w m oi t a k oi ]_w
[_w dz o h a n ei ]_w
[_w a k o b a ]_w
[_w m uː n ai n o ]_w
[_w m uː n o m a ]_w
[_w eː b a m a n ei ]_w
[_w b u ɽ i b a ]_w
[_w oː m a ]_w
[_w o h o ]_w
[_w ʔ u ɽ a h i ʔ i ]_w
[_w e b e ]_w
[_w t o k o ɽ a ]_w
[_w dz u dz u ]_w
[_w n o k o m a m a ]_w
[_w m a b o ]_w
[_w t a ŋ a t a ]_w
[_w kx a ɽ u b ai ]_w
[_w s a ɽ i m a ]_w
[_w ʔ e p a ʔ i ]_w
[_w s a ʔ u b a h o ]_w
[_w b a m e h o t a ]_w
[_w s o k a t ]_w
[_w k o n e ɽ i o ]_w
[_w ŋ o ɽ u ]_w
[_w ui t̪ i ]_w
[_w m i n a n o m a ]_w
[_w m a ɽ e ]_w
[_w ɽ uː m e k e ]_w
[_w a b a ]_w
[_w b i t̪ a ]_w
[_w dz a s a ɽ o k e ]_w
[_w k aː m e ]_w
[_w s u ɽ ai t e ʔ i ]_w
[_w s oː b a ɡ oi ]_w
[_w dz u b i n a ɡ e ]_w
[_w dz u n a ]_w
[_w ʔ ai m i ]_w
[_w ɡ e b ai t e ]_w
[_w k i t̪ i ɡ o t̪ i ]_w
[_w t aː ŋ a m a ]_w
[_w t̪ u e ɽ e b e ]_w
[_w eː t a ɡ oi ]_w
[_w t̪ o b a ]_w
[_w h iː ɽ e m i ]_w
[_w t a ŋ a ]_w
[_w ʔ e t a ]_w
[_w ʔ i dz a k oi ]_w
[_w p i t̪ a ɡ o ]_w
[_w p o s a n a ]_w
[_w n a h u s a ]_w
[_w k e b a n o ]_w
[_w t e t e h o ]_w
[_w m o t a m o t a ]_w
[_w oː ʔ a k e ]_w
[_w a t i m a m i ]_w
[_w b ai s a n o m a ]_w
[_w k a n a ]_w
[_w dz a b a h o ]_w
[_w b o s e p e k e ]_w
[_w b au ɽ o h o ]_w
[_w s o ɡ e dz a ]_w
[_w dz u b u h o ]_w
[_w h iː ɽ e ʔ i ]_w
[_w k a t̪ i ʔ a h o ]_w
[_w p e ŋ a ]_w
[_w ʔ eː t a ʔ u ]_w
[_w eː t o ɽ ai h o ]_w
[_w k iː m a ]_w
[_w a n a k e ]_w
[_w u s a ʔ e ]_w
[_w o k o h o ɡ e ]_w
[_w m a ʔ oe ]_w
[_w dz a s o ]_w
[_w ŋ i b i ɽ e ]_w
[_w ʔ a k a n o ]_w
[_w ɡ eː b a ]_w
[_w p iː t u ]_w
[_w b i s i n i s i ]_w
[_w ŋ iː ŋ i ]_w
[_w dz ei m a ʔ i ]_w
[_w s iː m oi ]_w
[_w oː ɽ a n o m a ]_w
[_w s aː t a h o ]_w
[_w dz e ɽ e m i ]_w
[_w s a s a m a t a ]_w
[_w b a ɡ i ]_w
[_w m i n a ɽ a ]_w
[_w eː t o ɽ o m i ]_w
[_w ʔ oː ɽ o ʔ a ]_w
[_w ʔ i p ai o ]_w
[_w b a m e k e ]_w
[_w a n a ʔ a ɡ e ]_w
[_w ɽ i t̪ a n i ]_w
[_w s o b a ]_w
[_w kx a t a t a ŋ a ]_w
[_w m u h i m a ]_w
[_w p aː m u t a ɡ oi ]_w
[_w n aː t a k e ]_w
[_w k a t̪ i ʔ a h i ]_w
[_w n oː k o ɽ ai ]_w
[_w h e s a t e ʔ i ]_w
[_w s a m u ]_w
[_w ɡ oː k a ]_w
[_w m eː ɽ a n i ]_w
[_w m o ɽ i m a ]_w
[_w ʔ aː ɽ a k oi ]_w
[_w ɽ o b e dz a ]_w
[_w n e s e n o m a ]_w
[_w m ai kx a t a ɽ e ]_w
[_w ɽ u b e ŋ a ]_w
[_w h eː b a ]_w
[_w dz a m u t o ]_w
[_w b i ɽ a n o m ai ]_w
[_w p aː t e ]_w
[_w p a ao ɽ ai ]_w
[_w p a ɽ u t o ʔ i ]_w
[_w k e b a ]_w
[_w t aː t a ʔ u ]_w
[_w t oː b a ʔ u ]_w
[_w i ɡ oi k o ]_w
[_w e ɽ i ŋ a ]_w
[_w kx a kx o b e ]_w
[_w b ei t a ɽ o t a ]_w
[_w ʔ eː m a ɽ e ]_w
[_w ɡ o p u n a ]_w
[_w p aː b aː m a ]_w
[_w n o ʔ e k e ]_w
[_w m ai n a h o ]_w
[_w s oː m a ʔ i ]_w
[_w b eː t o ɽ oi ]_w
[_w k o ɽ o ]_w
[_w m o t a ]_w
[_w ɡ i n i p u ]_w
[_w ʔ o h a ɽ e t e ]_w
[_w ŋ i p i ɽ e ]_w
[_w ʔ u n i ]_w
[_w ɡ e k e ]_w
[_w p a s e s a ]_w
[_w n eː m i ]_w
[_w b o dz ai ]_w
[_w b a k a ɽ ai ]_w
[_w dz uː s a ]_w
[_w kx a p a n o m a ]_w
[_w b o b o ]_w
[_w ɡ e ɽ a s e n a ]_w
[_w a k o b o ]_w
[_w ɡ a p i ɽ a n a ]_w
[_w p ai n a n i ]_w
[_w ɡ eː p a ɡ e ]_w
[_w i p i ɡ e ]_w
[_w p a s e s a h o ]_w
[_w ai m a ɡ oi ]_w
[_w t̪ a ɽ i ]_w
[_w t̪ a p a ɽ a ]_w
[_w n a p a t a ]_w
[_w o m a n i ]_w
[_w p o t o m a t a ]_w
[_w ʔ i p a ]_w
[_w n o h o m a ]_w
[_w s o h o ɽ o ɽ o ]_w
[_w ɡ e b ai ]_w
[_w a ɽ a p i ɽ ai ]_w
[_w ʔ e s a m a n ]_w
[_w p i kx e t ]_w
[_w ʔ a m u ]_w
[_w o m a m a ]_w
[_w p oː h i m a ]_w
[_w b a s a ]_w
[_w t̪ uː h o ]_w
[_w dz oː b i dz a k oi ]_w
[_w b a t i s i ɡ e ]_w
[_w ʔ u s u p ai t a ]_w
[_w t a ɡ o m a ]_w
[_w b a ao ɽ ai m i ]_w
[_w u t a ]_w
[_w n i b e m ae ]_w
[_w p a t i h o ]_w
[_w n iː h o ]_w
[_w t̪ i ŋ a ]_w
[_w ɡ o ɽ i dz a k oi ]_w
[_w m uː n a ]_w
[_w t̪ a ŋ a n o m a ]_w
[_w iː h a ]_w
[_w dz ae t ae t a ]_w
[_w t oː n o m ai ]_w
[_w n oː k aː m a ]_w
[_w h e ɽ o h o ]_w
[_w b i ɽ a ]_w
[_w b eː dz ae h o ]_w
[_w oː b o b oː ]_w
[_w s i ɽ a ]_w
[_w n i k e ]_w
[_w e k a m a ]_w
[_w ʔ o ɽ i dz a ɡ oi ]_w
[_w ʔ o ʔ o k e ]_w
[_w h iː ɽ o ɽ i p a ]_w
[_w b iː ɽ i t a ]_w
[_w b i ɽ i s a ]_w
[_w n o k o m e t a ]_w
[_w dz o h a n e k e ]_w
[_w n e s e n i ]_w
[_w b a ɽ ao ]_w
[_w k ai p o m a t a ]_w
[_w dz oː h o ]_w
[_w i k a s a ]_w
[_w t e b u ɽ e ]_w
[_w n a m e h o ]_w
[_w i a ʔ a ]_w
[_w m oː m i ]_w
[_w s e k a n a k e ]_w
[_w iː h a ʔ a ]_w
[_w t a ɽ u m i h o ]_w
[_w p ei t e t a ]_w
[_w kx u p e ]_w
[_w ɡ e b a ɡ e ]_w
[_w ɡ ai o ]_w
[_w p i s i ]_w
[_w k a ɽ u b ai ]_w
[_w b e ɽ a h o ]_w
[_w i b i m a ]_w
[_w ai m a t a ]_w
[_w p a n ai t a ]_w
[_w a t a p a ɽ a ]_w
[_w b ai t a ]_w
[_w k u p i n a h o ]_w
[_w ɡ ai ɽ ai ]_w
[_w dz a dz a dz a t a ]_w
[_w n i ɡ e m e k e ]_w
[_w s a ʔ o ]_w
[_w e ɽ a n i ]_w
[_w m u s a ʔ e k e ]_w
[_w n a b a m a ]_w
[_w i s e ɽ e k e ]_w
[_w iː h a ɽ ei ʔ i ]_w
[_w a p o ɽ o ]_w
[_w dz a p a m i ]_w
[_w b e p e k e ]_w
[_w ɡ i m u t̪ a k e ]_w
[_w oː ɽ ai k e ]_w
[_w b i h ai n ]_w
[_w n oː h o ]_w
[_w ʔ u b a n a ]_w
[_w t eː t e ʔ a k e ]_w
[_w oː ɽ a ʔ u h o ]_w
[_w k iː m a ʔ a ]_w
[_w dz u b e ]_w
[_w p o a ]_w
[_w t̪ i ɽ e ]_w
[_w s iː ɽ o ɽ ai ]_w
[_w dz eu b a ʔ u ]_w
[_w t aː t e m i ]_w
[_w s a ɽ a ]_w
[_w n o ɡ oi ]_w
[_w n oː k a m i t̪ i ]_w
[_w n oː n a ]_w
[_w s a m a h o ]_w
[_w iː b a ]_w
[_w ʔ a ai m i ]_w
[_w k u p i n a ]_w
[_w s e s e ɽ i ]_w
[_w ʔ o m a ]_w
[_w h a b a ɽ a ]_w
[_w ʔ ai t e ]_w
[_w n a p a h o ]_w
[_w ʔ e p a ]_w
[_w k e p a ]_w
[_w s oː b a ɽ a m u ]_w
[_w p o s a h o ]_w
[_w b a h e ]_w
[_w e s ei m a ]_w
[_w s u ɽ ai t e m i ]_w
[_w p a ɽ u n a ]_w
[_w h e s a t e m i ]_w
[_w h eː n a ]_w
[_w s o ŋ e n ai ]_w
[_w eː t a ɽ o ɽ i ]_w
[_w s u n a ]_w
[_w b o dz a k e ]_w
[_w s eː b e ]_w
[_w ʔ eː h i ʔ a h e ]_w
[_w e t̪ ei m a m i ]_w
[_w t aː t e ʔ a ]_w
[_w k a m o ]_w
[_w dz ei m a ʔ u ]_w
[_w k o t e ]_w
[_w k o ɽ i h o ]_w
[_w iː ŋ a ]_w
[_w a p i h o t a ]_w
[_w p eː dz ae t a ɽ e ]_w
[_w dz eː b i ɽ e m i ]_w
[_w h o p i s a t a ]_w
[_w o k a m a ]_w
[_w h o t ou ]_w
[_w a p e n e h o ]_w
[_w p i ɽ a k e ]_w
[_w n aː s u m a ]_w
[_w dz o h a n e ]_w
[_w p a k o n o m a ]_w
[_w ʔ aː b i ]_w
[_w b a n ai t a ɽ e ]_w
[_w a b i ʔ a h o ]_w
[_w ʔ a ɡ au m a m i ]_w
[_w b i t o ɽ ai ]_w
[_w n i k e m e ]_w
[_w n a b a m u ]_w
[_w ɡ ai b o k e ]_w
[_w dz a p a k e ]_w
[_w b a k u ]_w
[_w h au b a h o ]_w
[_w t̪ o k a h o ]_w
[_w m oː t o ]_w
[_w s a p o ]_w
[_w kx e t e dz a ]_w
[_w p aː b a ɽ a ]_w
[_w p o b o t a ɽ e ]_w
[_w n a p a m ae ]_w
[_w ʔ au s o m a ]_w
[_w a n a ʔ a ]_w
[_w a t̪ i n o m a ]_w
[_w n e s ei ]_w
[_w b aː h u p i ]_w
[_w kx a ɽ a h o ]_w
[_w b a ɽ ei ]_w
[_w p o k a ɽ i m a ]_w
[_w m u s a ʔ e ]_w
[_w s o m o ɽ o ɡ o ]_w
[_w a b i h o k e ]_w
[_w s u m a s ai ]_w
[_w eː b o b o t a ]_w
[_w k oː m aː m a ]_w
[_w k aː m a ʔ i ]_w
[_w ɽ u b e ]_w
[_w s a m a n e k e ]_w
[_w p a b a ]_w
[_w a k o a ɡ o ]_w
[_w n a ɡ a b a t a ]_w
[_w a t ai ]_w
[_w e b e s a ]_w
[_w s aː t a k oi ]_w
[_w n e s e m i ]_w
[_w h o b i s a ]_w
[_w k u t u k e ]_w
[_w b o ɡ a ɽ i m ]_w
[_w s a ʔ o b a ɡ oi ]_w
[_w dz a b a ]_w
[_w k aː m a ʔ u ]_w
[_w ʔ i dz a n a ]_w
[_w b a ao ɽ ai ]_w
[_w ʔ i p a n i ʔ i ]_w
[_w m i n a t a ]_w
[_w n o k o ʔ ai ]_w
[_w k a p e t e ʔ i ]_w
[_w n iː h o m a ]_w
[_w n a n e m a n e ]_w
[_w h iː h i m i ]_w
[_w eː s u b i ]_w
[_w s t ɽ e t i m ]_w
[_w k a ɽ i ɽ e a ]_w
[_w e k a ]_w
[_w o ɽ i b a ]_w
[_w ɡ a ʔ a n i ]_w
[_w a k i a k i k e ]_w
[_w n a b a m e h o ]_w
[_w eː p a t a ]_w
[_w k oː k a ]_w
[_w o ɡ a m a ]_w
[_w n u ɡ u ]_w
[_w m a ɽ i a h o ]_w
[_w b ei t a k oi ʔ i ]_w
[_w m a ɽ a ]_w
[_w t e m ui ]_w
[_w ʔ u s u n a ]_w
[_w i k oi k o h o ]_w
[_w s i ɽ e ]_w
[_w p a t̪ a k e t̪ i ]_w
[_w m uː n o ɽ ai ]_w
[_w n oː s a ]_w
[_w b a k e b a ]_w
[_w a k ui ɽ a ]_w
[_w s o ŋ e n a h o ]_w
[_w ʔ o ʔ o t o k e ]_w
[_w ɡ i b o ɽ o ]_w
[_w t eː t o m i ]_w
[_w b e p e b e b e ]_w
[_w m oi t a ʔ u ]_w
[_w ɡ o s i ]_w
[_w b i s a t a ]_w
[_w k a b a t a m u ]_w
[_w b a b o ]_w
[_w k ɽ a s ]_w
[_w ʔ au n a h o k e ]_w
[_w s iː ɽ e m i ]_w
[_w i k a n o k ai ]_w
[_w m ai n a k e ]_w
[_w n oː k a m i ]_w
[_w s oː m a ]_w
[_w n a ɡ a b a ]_w
[_w m o s e k e ]_w
[_w t̪ u t̪ ui t e t a ]_w
[_w ʔ e s a n i t a ]_w
[_w kx a t a n o m a ]_w
[_w n a k a h o ]_w
[_w ʔ u ui ]_w
[_w h a p e ]_w
[_w n oː ɽ a k e ]_w
[_w ʔ u b a ɽ a ]_w
[_w h a s a m a h o ]_w
[_w a t i m o t̪ eo ]_w
[_w b oː h i m a ]_w
[_w ʔ e b a ]_w
[_w n a k a m i t̪ i ]_w
[_w kx a ɽ i a ]_w
[_w m i n a ɽ a m u ]_w
[_w m oː t aː m a h o ]_w
[_w ʔ u s u n a h o ]_w
[_w t u k u t o t a ]_w
[_w a p i n i s a ]_w
[_w u n au n a ]_w
[_w ʔ u s u b u ]_w
[_w b ai ɡ o ]_w
[_w t a t au m a ]_w
[_w ʔ a p i t i ]_w
[_w eː h a h ai t e ]_w
[_w t o ɽ a t a ]_w
[_w dz oː b i dz a ʔ u ]_w
[_w t u e ɽ e b e ]_w
[_w k o s i ]_w
[_w dz aː b a ɽ a p a ]_w
[_w s o t o m i ]_w
[_w m eː ɽ a h o ]_w
[_w ɡ o ɽ i dz e ]_w
[_w ɽ i k e ]_w
[_w n o ʔ a h o ]_w
[_w e s e ɽ i p o ]_w
[_w m uː n e ]_w
[_w ɡ a m a p ]_w
[_w p aː b a ʔ u ]_w
[_w p aː t a h o ]_w
[_w ʔ a h eu p a t a ]_w
[_w b a t̪ o ɽ o a ]_w
[_w ɡ ai b a m i ]_w
[_w o b a t a ]_w
[_w ao k e ]_w
[_w t e m u ]_w
[_w h e s a t a ʔ u ]_w
[_w m i kx ae ɽ e ]_w
[_w p i s a ]_w
[_w b a b a ɽ a ]_w
[_w m oː ɽ a ɽ ei ʔ i ]_w
[_w b a ɽ ao h o ]_w
[_w ɡ aː m e ]_w
[_w ui m a n e h o ]_w
[_w n o p oi ]_w
[_w ɽ o b u b a ]_w
[_w eː t a ɽ ei ʔ a ]_w
[_w ʔ a m u n a ]_w
[_w ʔ u ʔ ui m a t a ]_w
[_w dz u p e m a ]_w
[_w n a ɡ a ɡ e ]_w
[_w ʔ e s o m e ]_w
[_w p o s a t a ]_w
[_w o k a m a ʔ a ]_w
[_w p i ɽ u b a t e ]_w
[_w h o t e ʔ a h o ]_w
[_w n e s e n a h o ]_w
[_w ʔ aː t a ɽ e ]_w
[_w a t̪ e ɽ eo ]_w
[_w b u ʔ o ]_w
[_w ʔ u ɽ a t e ]_w
[_w s oː p a ɽ e ]_w
[_w m uː n aː m a ]_w
[_w ʔ eː t e ʔ i ]_w
[_w h o t e ʔ a ]_w
[_w k i ɽ i dz a ]_w
[_w t eː t e ʔ a ]_w
[_w m eː ɽ a ɡ e ]_w
[_w m oi t e t a ]_w
[_w k a m a n e ]_w
[_w k a n a p e h o ]_w
[_w k u h u ]_w
[_w s au n a b a h o ]_w
[_w h a b e s e ʔ i ]_w
[_w ɽ e p a ]_w
[_w h iː ɽ eo ]_w
[_w ʔ u b i k e ]_w
[_w m oː t o t a ʔ u ]_w
[_w m iː s i ]_w
[_w b a ɽ u b a t a ]_w
[_w t oː ɽ o ʔ i ]_w
[_w m uː n o m i ]_w
[_w b a m ui t e ]_w
[_w t o ɽ o t a ]_w
[_w ɡ a ɽ u ]_w
[_w n iː h o k e ]_w
[_w dz e s u ]_w
[_w h a b a n ao t a ]_w
[_w m oː h i m i ]_w
[_w b a s e s a h o ]_w
[_w i s ai t e m i ]_w
[_w p i ɽ i p a ]_w
[_w k ai s a ɽ e t a ]_w
[_w k a h o b a ]_w
[_w s a m ai ]_w
[_w n aː s u ʔ a ]_w
[_w iː b a dz a h o ]_w
[_w dz a h ei t a ʔ u ]_w
[_w eː t o ɽ a h o ]_w
[_w t a t a ŋ ai ]_w
[_w t̪ o k a k e ]_w
[_w m ai m a n ei ]_w
[_w m oː t a ]_w
[_w dz ai ɽ a ]_w
[_w o h o ŋ a m a ]_w
[_w b i ɽ i t̪ a ɡ e ]_w
[_w eː b a h o ]_w
[_w k u m e ]_w
[_w b a ao ɽ ai h e ]_w
[_w s uː t a ɽ e ]_w
[_w t̪ iː h u ]_w
[_w s u p a h o ]_w
[_w a t a ]_w
[_w ɽ u m e ]_w
[_w h a s a h o t a ]_w
[_w dz ei m ai n o ]_w
[_w h a p a ɽ a ]_w
[_w p au n o m a ]_w
[_w s e s e s e ɽ o ]_w
[_w ɡ o t̪ a ]_w
[_w eː t a b u ɡ o ]_w
[_w n iː h o t a ]_w
[_w n o k a n a ]_w
[_w b e ɽ e p e ]_w
[_w dz ai ɽ a m a n i ]_w
[_w t o ɽ o ʔ a ]_w
[_w dz oː t o ʔ i ]_w
[_w eː t a ɽ ei ʔ i ]_w
[_w ɽ u m u p a m i ]_w
[_w dz eu b a ]_w
[_w p aː n ai t e ]_w
[_w eː b a m a ]_w
[_w p a t i ]_w
[_w p u ɽ i p a ]_w
[_w e t̪ e t̪ e ]_w
[_w m oi t e m a k e ]_w
[_w dz oː b e ]_w
[_w a k i a k i h o ]_w
[_w p e kx u ɽ e ]_w
[_w n i k e ɡ e ]_w
[_w i k oi k o ]_w
[_w i ɽ i t a ]_w
[_w k a ɽ u p a ɽ u ]_w
[_w n aː t e t a ]_w
[_w s o s o m a ]_w
[_w ʔ a ɽ u k e ]_w
[_w n o h oi ]_w
[_w m u s a ʔ i k e ]_w
[_w eː p a n i ]_w
[_w o b e ɽ o b a ]_w
[_w s o h o ɽ o ʔ i ]_w
[_w ʔ o ʔ o b e t e ]_w
[_w b a b a ]_w
[_w k ai t o m a ]_w
[_w h oː h o ]_w
[_w ɽ ao t̪ i kx e a ]_w
[_w oː ɽ a ɽ o ɽ i ]_w
[_w k e p a n o k e ]_w
[_w m a t̪ eo ]_w
[_w t e m u k e n a ]_w
[_w b e t̪ a n i ]_w
[_w e b a ɽ a ]_w
[_w o n e s i m o ]_w
[_w m a k a ]_w
[_w b e p a ]_w
[_w n ai p ]_w
[_w dz a dz a n o m a ]_w
[_w ɽ o ʔ o b a ]_w
[_w k i s i ɡ i s i ]_w
[_w p o p i ]_w
[_w ɽ u k ]_w
[_w ɡ o t̪ a h o ]_w
[_w p i ɽ ai t e m i ]_w
[_w ɽ u m u t u s a ]_w
[_w n a ɡ a ]_w
[_w ʔ o h a ɽ e ]_w
[_w p eː t o ɽ ai ]_w
[_w ʔ a k i ]_w
[_w a dz a p ei ]_w
[_w t̪ i t̪ i ]_w
[_w ɽ iː t e ]_w
[_w eː t o ɽ ai ʔ i ]_w
[_w b u b u t a ]_w
[_w a b e ]_w
[_w e t ae t a h o ]_w
[_w ɽ iː t o ɽ ai dz o ]_w
[_w a b i a b i ]_w
[_w t̪ au s e n i ]_w
[_w o p a m i ]_w
[_w ʔ ai s i ]_w
[_w ʔ a ŋ a n i ]_w
[_w t uː m e ]_w
[_w k o ɽ o t a ]_w
[_w b e ŋ a t a ]_w
[_w i ɡ ai ʔ i ]_w
[_w ɡ ai p o n o m a ]_w
[_w ʔ e s a h o k e ]_w
[_w ɡ u h u h o ]_w
[_w dz a s a k e ]_w
[_w a dz a h a h o ]_w
[_w dz o ŋ o b e t a ]_w
[_w p iː dz a ɡ oi ]_w
[_w kx a ɽ ai ]_w
[_w uː b a ]_w
[_w p i ɽ ai t o ɽ ai ]_w
[_w n a b e t e ʔ i ]_w
[_w h u p a t a ]_w
[_w n o m a ɡ e ]_w
[_w m u t u ]_w
[_w t o k o n o m a ]_w
[_w ɡ aː n a ]_w
[_w n aː t aː m a h o ]_w
[_w b e t̪ a n i a ]_w
[_w s u t a ]_w
[_w t̪ o ɽ o b i ɽ a ]_w
[_w n e b e ]_w
[_w ɽ e ɽ e ]_w
[_w i p i t a ɡ oi ]_w
[_w a k i a ɡ i ]_w
[_w s o k a t e ʔ i ]_w
[_w ʔ aː s u ʔ a ]_w
[_w a b o ɽ o ]_w
[_w s ai n a ]_w
[_w p ei t a k oi ]_w
[_w h e b ]_w
[_w oː ɽ a ʔ u t a ]_w
[_w b aː b a ɽ e ]_w
[_w p e ɽ e p a ]_w
[_w s e b o ɽ o ]_w
[_w t i ɡ i m a ]_w
[_w k ai b a t a ]_w
[_w s a ɽ ai ]_w
[_w n o k o ʔ a k e ]_w
[_w t̪ aː ɽ o ]_w
[_w ʔ aː t a k e ]_w
[_w k e p a ɡ e ]_w
[_w u p ou b o ]_w
[_w m eː n o m a ]_w
[_w k aː b i ]_w
[_w s a ʔ o ɽ o m o ]_w
[_w dz a b i ɽ a n a ]_w
[_w t o t o h o t a ]_w
[_w ɡ a b i ]_w
[_w b o b i t e ʔ i ]_w
[_w b e s a t a ɽ e ]_w
[_w a k i a m a n i ]_w
[_w ʔ o h a t e t e ]_w
[_w oː m a k oi ]_w
[_w k a b a ]_w
[_w a p u m a ]_w
[_w n o k o m e h o ]_w
[_w dz ei m a ]_w
[_w ɽ o ɽ o k o ]_w
[_w kx a t a t ai ]_w
[_w h e s a t e ]_w
[_w b iː ɽ e m i ]_w
[_w a p i n a ]_w
[_w t eː t a ]_w
[_w a ŋ i n a ]_w
[_w b o b i t a k oi ]_w
[_w ʔ eː m a t a ]_w
[_w m i dz a ]_w
[_w t u m e ]_w
[_w p a b a t e m i ]_w
[_w dz oː p a ]_w
[_w t u k u ]_w
[_w ʔ u s u ɡ e ]_w
[_w h iː ɽ e ʔ a ]_w
[_w s uː t o t a ]_w
[_w n oː ɡ e ]_w
[_w s a s a ɽ i ]_w
[_w dz a ɡ a b a ]_w
[_w ui m a n e ]_w
[_w kx a t a ɽ e ]_w
[_w s i p i s i ]_w
[_w iː h a t a ]_w
[_w k a ɽ e ]_w
[_w ɡ u p i n a ]_w
[_w s i s i m ]_w
[_w n a ɡ a h oi ]_w
[_w o n o m a ]_w
[_w ɡ u h u t a ɽ e ]_w
[_w b a m ui t e t a ]_w
[_w ɡ a m a n e ]_w
[_w t u p i dz a ]_w
[_w m e k i m ]_w
[_w t a t a ŋ a t a ]_w
[_w p ai p u ɽ o m i ]_w
[_w h a b a ɽ a ɡ e ]_w
[_w t o ɽ o ʔ i ]_w
[_w s u s u b a ]_w
[_w ʔ e ɽ a ʔ e ɽ a ]_w
[_w o b a h o ]_w
[_w b a b a m ae ]_w
[_w m i m i h o ]_w
[_w ɡ a h o s a h o ]_w
[_w s au b a p o ]_w
[_w ɡ u t u ɡ e ]_w
[_w h a b a h o t a ]_w
[_w kx a t a t a ŋ ai ]_w
[_w ɡ oː b i ɽ e ]_w
[_w ʔ u ɽ a t a ʔ u ]_w
[_w n o ɡ o m e t a ]_w
[_w ɽ u ɡ a ɽ u ]_w
[_w k a ɡ a t i ]_w
[_w p au ɽ o ɡ e ]_w
[_w i b o ]_w
[_w t a t au m a ɡ e ]_w
[_w n o m a ]_w
[_w a n a s a ]_w
[_w m ai n a t a ]_w
[_w ʔ o ɽ i dz o ]_w
[_w b a t̪ a ɡ e t̪ i ]_w
[_w ɡ i ɽ o k o t a ]_w
[_w a t i m o t̪ eo oi ]_w
[_w k i s i ]_w
[_w n oː k aː m a ʔ u ]_w
[_w n oː m ae ]_w
[_w dz eu p a ʔ u ]_w
[_w b e ɽ a k e ]_w
[_w n aː t e ]_w
[_w a t i m a ]_w
[_w dz uː m a ]_w
[_w n a b au t ]_w
[_w n a ɡ a p a h o ]_w
[_w ʔ u b a t e ]_w
[_w n i k e h i ]_w
[_w i k o p e t e ]_w
[_w t̪ u t̪ ui t e m i ]_w
[_w ɽ u b e ŋ a t a ]_w
[_w ʔ eː t e m a k e ]_w
[_w h iu m a ɽ e ]_w
[_w k e t a ]_w
[_w h o b i h o ]_w
[_w p iː ɽ e ]_w
[_w ai m a ʔ i ]_w
[_w b eː kx o ]_w
[_w n aː t e m i ]_w
[_w h a ʔ a ]_w
[_w s a ʔ o ɽ o ]_w
[_w t u k u b a ʔ u ]_w
[_w s a s ai ]_w
[_w p a n a b e h o ]_w
[_w m u s a ʔ i ]_w
[_w kx a b a n o m a ]_w
[_w n a k a n o k e ]_w
[_w k oː t o ]_w
[_w ʔ eː m e ]_w
[_w ɡ u ɽ i m o ]_w
[_w ɡ u b a ʔ u ]_w
[_w b iː dz a k oi ]_w
[_w a p i ɽ a k e ]_w
[_w dz ei m a k e ]_w
[_w dz u n a h o ]_w
[_w ai k i t̪ a ]_w
[_w n o k o h o t a ]_w
[_w b e b e ]_w
[_w kx a ɽ u p a ]_w
[_w k o ɽ i m a ]_w
[_w s a ɽ i ]_w
[_w p iː dz a k oi ]_w
[_w k a t̪ i ʔ a h e ]_w
[_w b a n a ɡ e ]_w
[_w h aː h o ]_w
[_w p ai k o ]_w
[_w b i ɽ a t oi ]_w
[_w o p a ]_w
[_w t̪ o b o ]_w
[_w ɡ o k oi ]_w
[_w n a n a k e ]_w
[_w i s a n a ]_w
[_w s a m a n ]_w
[_w o m a ]_w
[_w n i k e m e t a ]_w
[_w s u ɽ a ]_w
[_w h a b a t a ]_w
[_w ɡ e b ai t e m i ]_w
[_w p i n i ʔ i ]_w
[_w t e m u t a ]_w
[_w ɽ o m a ]_w
[_w e ɽ a ɡ e ]_w
[_w a b i ʔ a k e ]_w
[_w ɡ a t̪ i ŋ a ]_w
[_w ʔ aː ɽ a ʔ u ]_w
[_w p iː ɽ e t ai ]_w
[_w eː t a ɽ i t a ]_w
[_w p a p a t a ]_w
[_w ʔ o ɽ i dz a t a ]_w
[_w k iː m a ɽ e ]_w
[_w b u ʔ i ]_w
[_w iː h a ɽ e t e ]_w
[_w n i ɡ e m ae ]_w
[_w kx a ɽ a n i ]_w
[_w b e kx u ɽ e ]_w
[_w oː ɽ ai n o ]_w
[_w t eː k e ]_w
[_w ʔ u b a dz a ]_w
[_w p iː t a ]_w
[_w dz e b i dz e b i ]_w
[_w b o s a t a ]_w
[_w n i b e h o ]_w
[_w o t̪ o ]_w
[_w iː b a dz a t a ]_w
[_w a k o p o h o ]_w
[_w s o ɽ i ]_w
[_w k a t̪ i ŋ a ]_w
[_w t o m u h o ]_w
[_w dz a m u t a k oi ]_w
[_w ʔ e s a ʔ u ]_w
[_w b aː m u h e ]_w
[_w n iː m e t a ]_w
[_w ʔ i p a t a ]_w
[_w h i ɽ a ]_w
[_w n o a ]_w
[_w p o t o n i ]_w
[_w m oi t a ɽ e ]_w
[_w t̪ u b a t a b ai ]_w
[_w ɡ a ɽ u b ai ]_w
[_w k e m u ]_w
[_w t̪ u t̪ ui t e ]_w
[_w ɡ ai s a h o ]_w
[_w m ai n a ]_w
[_w n o ɡ o h oi ]_w
[_w n iː m e h o ]_w
[_w e ɽ a n i t a ]_w
[_w k o ɽ a ɡ o ɽ a ]_w
[_w ai m a ʔ a ]_w
[_w t u p i dz a ɡ oi ]_w
[_w ɡ o t a ]_w
[_w t u k u b a ]_w
[_w dz a k o b a m a ]_w
[_w n u k u n u ]_w
[_w n a m e t o ]_w
[_w h ui t e m a ]_w
[_w b e b a ɡ e ]_w
[_w k a h o s a ]_w
[_w ɡ a ɽ a h o ]_w
[_w ʔ i ɽ i k i ]_w
[_w dz oː t o ]_w
[_w a k o b o h o ]_w
[_w t̪ u m a k e ]_w
[_w p aː ʔ a ]_w
[_w s iː ɽ e ]_w
[_w m oː t a k oi ]_w
[_w i n a p i dz a ]_w
[_w h o p i ]_w
[_w s a p u ŋ e ]_w
[_w eː t ai n oi ʔ i ]_w
[_w k a h o s a k e ]_w
[_w ʔ a s i ɽ a s i ]_w
[_w u s a ʔ e s ai ]_w
[_w ʔ e s a n a ]_w
[_w s oː ɽ o ɽ ai ]_w
[_w h i dz o b a ]_w
[_w t u e ɽ e b a ]_w
[_w p e ɽ a m a ]_w
[_w ʔ eː ɽ e ʔ i ]_w
[_w n oː ɽ ai ]_w
[_w a ɽ e s a t̪ e ]_w
[_w t a t au m a m i ]_w
[_w h a b a n o m ai ]_w
[_w k e b a h o t a ]_w
[_w s e s e ɽ i h o ]_w
[_w b o n a ]_w
[_w n ei n ei ]_w
[_w dz a p ai o ]_w
[_w ʔ aː t aː m a ]_w
[_w a ɡ i ɽ i s i ]_w
[_w n o k o ɡ e ]_w
[_w ɽ i ɡ e ]_w
[_w dz u s t o ]_w
[_w t uː m a t a ]_w
[_w eː t a ɽ i a ]_w
[_w p a ɽ u t a ]_w
[_w k o ɽ ]_w
[_w p o t o h o ]_w
[_w o h o k e ]_w
[_w ai m a n e ]_w
[_w s e t e p a n o ]_w
[_w n e n a n i ]_w
[_w ʔ o k oi m a ʔ i ]_w
[_w k i n i s ]_w
[_w h i p a ]_w
[_w oː t a t i ]_w
[_w ʔ oː t o ʔ i ]_w
[_w kx a t a t a ]_w
[_w i s ai t e ]_w
[_w ɡ eː m a ʔ i ]_w
[_w m oː ʔ a ɡ e ]_w
[_w o p e ɽ o b a ]_w
[_w s o k a t a ]_w
[_w s o ɽ a m u ]_w
[_w b a h a b a ]_w
[_w p a t̪ a k e ]_w
[_w ʔ a ɡ ai ]_w
[_w b o b i k e ]_w
[_w n a p ai ]_w
[_w s u p a t u ]_w
[_w b ou b o ]_w
[_w t aː t e t a ]_w
[_w dz o t a n i h o ]_w
[_w ɽ e b o t̪ i ]_w
[_w dz a ɽ a ]_w
[_w a ɽ i k e ]_w
[_w ɽ u m u p a k e ]_w
[_w h a t̪ a t̪ i ]_w
[_w m a ʔ a ]_w
[_w n oː ɽ a ɡ e ]_w
[_w ʔ o b e ɽ a ]_w
[_w s ai p a ]_w
[_w b o p i t e ʔ a ]_w
[_w u h u p a t a ]_w
[_w m ai kx a m e t oi ]_w
[_w dz u b e t e ]_w
[_w s ou b i ɽ e ʔ i ]_w
[_w s o m o ɽ oi ]_w
[_w ɽ o p e ]_w
[_w a b i ɽ a n a ]_w
[_w n a n e ]_w
[_w s a ɽ a k u ]_w
[_w b a t a m a ]_w
[_w n a p a k e ]_w
[_w b a b a ɽ i ]_w
[_w k o t o ɽ ai ]_w
[_w aː t a m ui ]_w
[_w b e ɽ a t a ]_w
[_w m a ɽ a ŋ a ]_w
[_w b i dz a ʔ u ]_w
[_w m eː ʔ o t a ]_w
[_w p a b o ]_w
[_w dz au ɽ i ]_w
[_w h o b i s a n a ]_w
[_w a ɽ a t̪ a ]_w
[_w eː t o ɽ ai ʔ a ]_w
[_w s o h o ɽ o ʔ a ]_w
[_w kx a m e t o h o ]_w
[_w o m a n i h e ]_w
[_w m u k i ]_w
[_w n aː t e ʔ i ]_w
[_w oː h o k e ]_w
[_w n i k e h oi ]_w
[_w h iː ɽ o ɽ i ]_w
[_w n a h o k e ]_w
[_w ʔ eː n a ]_w
[_w ŋ i b i ɽ a m a ]_w
[_w p eː dz ae h o ]_w
[_w t a p a t a ]_w
[_w u ɽ a n o m a ]_w
[_w n e n a k e ]_w
[_w ɽ u k a ]_w
[_w i p a ]_w
[_w ʔ a ŋ a n o m a ]_w
[_w ɡ eː m a m i ]_w
[_w n a k a t a ]_w
[_w oː s a s a n a ]_w
[_w b ei t a ɽ o ɽ i ]_w
[_w ʔ a ŋ a n e ]_w
[_w s a m a k i ]_w
[_w a p ui ]_w
[_w b e ŋ a ]_w
[_w t̪ a ɡ a ]_w
[_w m uː n a ʔ i ]_w
[_w s eː b e k e ]_w
[_w kx a ɽ u b a ]_w
[_w p ai ɡ o t̪ a k e ]_w
[_w b a ɡ a ɽ a h ai ]_w
[_w n o m e k e ]_w
[_w p e t ]_w
[_w a p i a p i ]_w
[_w n o k o ]_w
[_w n a ɡ a n a ]_w
[_w s e s e ɽ i k e ]_w
[_w ɡ u ɽ e ]_w
[_w s iː ɽ e ʔ i ]_w
[_w b ei t a ɽ e ]_w
[_w k ai b a ʔ a ]_w
[_w s i k u m a m i ]_w
[_w ɡ e p ai t e m i ]_w
[_w h e s a t a ɽ a ]_w
[_w t oː n e ]_w
[_w ʔ a t e ]_w
[_w p e s u ]_w
[_w dz o ɽ o b i ɽ e ]_w
[_w p u ɽ i ]_w
[_w o ɽ o ɽ i b a ]_w
[_w k ai ɽ i h o ]_w
[_w ʔ e ɽ a ]_w
[_w t oː ɽ o ɽ ai ]_w
[_w t̪ a ɡ e ]_w
[_w a b e m a ]_w
[_w a t i m a ʔ u ]_w
[_w ɡ a h o s ai ]_w
[_w ɽ e ɽ e s e b a ]_w
[_w ɽ a ɽ a k u ]_w
[_w t̪ u p a t e m i ]_w
[_w e s e ɽ i ]_w
[_w u s a ʔ i k e ]_w
[_w s a b u ]_w
[_w k e b a k e n a ]_w
[_w s oː m a ʔ a ]_w
[_w ai m a ɽ ei ʔ a ]_w
[_w b i t̪ a k u ]_w
[_w ʔ o ɽ e dz a ]_w
[_w oː ʔ a ɡ e ]_w
[_w ʔ e s a h o ɡ e ]_w
[_w p a m ui t a ʔ u ]_w
[_w b aː m u t a ]_w
[_w dz oː b i ɽ e ʔ i ]_w
[_w ʔ a ŋ a h a s i ]_w
[_w e k a t a ]_w
[_w dz uː h o ]_w
[_w m oː t a ʔ u ]_w
[_w i t a ɽ i t a ]_w
[_w dz o h a n e h o ]_w
[_w ɡ i s i ]_w
[_w s a m a ɽ i b ai ]_w
[_w t̪ o b a n i ]_w
[_w eː h a h a ɽ i ]_w
[_w e ɽ a t a ]_w
[_w o b e t e ]_w
[_w b o b i n o m a ]_w
[_w t a p a ɽ a k u ]_w
[_w b a n a h o t a ]_w
[_w b a k s ai t ]_w
[_w k a ɽ u ]_w
[_w ʔ a ɽ a m u ]_w
[_w t̪ a ŋ a h o ]_w
[_w e ɽ a ʔ ai ]_w
[_w t o b a ]_w
[_w b a m ui ʔ i ]_w
[_w ɡ ai s a ]_w
[_w s oː b a ɡ e ]_w
[_w b ɽ e t ]_w
[_w p a m u h o ]_w
[_w ɡ i ɽ a ]_w
[_w t̪ o k a t ]_w
[_w n a k a ɽ a t a ]_w
[_w b o p o ]_w
[_w k i n a ]_w
[_w eː s u h i ʔ i ]_w
[_w ɡ u m e ]_w
[_w p oː b i ʔ i ]_w
[_w dz a dz a dz a ]_w
[_w e ɽ a n o m a ]_w
[_w s uː t o ʔ a ]_w
[_w b iː t u ]_w
[_w h eː n o m a ]_w
[_w t a t au m a ʔ i ]_w
[_w h iː m i ]_w
[_w s a ʔ o h i p i ]_w
[_w n p ɽ ]_w
[_w b o t o m i ]_w
[_w o b a m a n ]_w
[_w b ei t e t a ]_w
[_w h a p a n a k e ]_w
[_w ɡ ɽ u ŋ u t i m ]_w
[_w s u b a t e ]_w
[_w b o n ei ]_w
[_w n o k o m e ]_w
[_w s u s u ]_w
[_w dz a s a ɽ o ]_w
[_w m o s ei ]_w
[_w ʔ u ɽ a t e m i ]_w
[_w ʔ eː h i b i ]_w
[_w ʔ i b a n i ]_w
[_w ʔ e s a ɡ e ]_w
[_w t eː t a ʔ u ]_w
[_w n oː k a ʔ a t a ]_w
[_w t̪ o ɽ o m o ]_w
[_w ɡ a ɽ u k e ]_w
[_w a ɡ o a k o ]_w
[_w b ai n a ]_w
[_w b o b o t a ɽ e ]_w
[_w eː t o ɽ a ɽ e ]_w
[_w ʔ e k o ɽ o s e ]_w
[_w h u t i ŋ i m a ]_w
[_w p ai n a n o m a ]_w
[_w t i m ]_w
[_w ɡ ai p o t a ]_w
[_w dz o ɽ o b u ɽ u ]_w
[_w dz a b a m e m a ]_w
[_w b ou m a ]_w
[_w dz o s e p e h o ]_w
[_w m eu p u t a ]_w
[_w t̪ i dz a t a ]_w
[_w b au ɽ o ]_w
[_w p a m u h e ]_w
[_w s u s u b i ]_w
[_w t o k o ]_w
[_w p i ɽ i t̪ a n i ]_w
[_w p a n ai t e m i ]_w
[_w dz e s e a h o ]_w
[_w s a ɽ i dz e t a ]_w
[_w h a b a n a ]_w
[_w a ɡ o b o h oi ]_w
[_w ɡ iː m a ʔ i ]_w
[_w ʔ aː t a h o ]_w
[_w t uː h o ɽ o ]_w
[_w ʔ o n o ]_w
[_w k o t e m o ]_w
[_w n i k e h o k e ]_w
[_w s a s a t e t a ]_w
[_w dz uː b o ɽ ai ]_w
[_w ʔ i dz a n o m ai ]_w
[_w s a p a ɽ a ]_w
[_w ʔ a ɡ i ]_w
[_w b u k ]_w
[_w ʔ eː h i ʔ a ]_w
[_w h u h u ]_w
[_w m u k a ɽ u ]_w
[_w ʔ i dz a n i h e ]_w
[_w b e ɽ e p e n i ]_w
[_w ɡ ai p a ɽ a ]_w
[_w b aː m u t a k oi ]_w
[_w a p i ɽ a n i ]_w
[_w ʔ u p a dz a ]_w
[_w s ei ʔ a ɡ e ]_w
[_w uː b u b uː ]_w
[_w n a b e h o ]_w
[_w h i h i dz a ]_w
[_w s a ɽ i h o ]_w
[_w b i t o t o ʔ a ]_w
[_w b a n ai t o ɽ ai ]_w
[_w k i ɽ o k o ]_w
[_w ʔ e ɡ o ɽ o s e ]_w
[_w k oː t o ɽ ai ]_w
[_w ɡ o t e m o ]_w
[_w n o h o h o ]_w
[_w ɡ i a p e ]_w
[_w n iː m e k e ]_w
[_w dz oː ɽ o ]_w
[_w a ɡ o b a m a ]_w
[_w t u m e t a ]_w
[_w n aː n e ]_w
[_w m ai n a n i ]_w
[_w t o b o t o k e ]_w
[_w a ɽ e s a ]_w
[_w oː t a t a ]_w
[_w dz uː b a ]_w
[_w k a ɽ u p a ]_w
[_w oː ɽ ai ʔ a ]_w
[_w s a ɽ a ɡ e ]_w
[_w t a s u t a ]_w
[_w ɡ u n u ]_w
[_w ʔ i dz ai t a ]_w
[_w ʔ u ɽ a k e ]_w
[_w s oː p a ɽ a ]_w
[_w dz oː m a k e ]_w
[_w dz u k u ɽ o ]_w
[_w p e ɽ e b a m i ]_w
[_w h e h e n a ɡ e ]_w
[_w s a n i ]_w
[_w b o ɽ o ]_w
[_w s a p i n a ]_w
[_w p a t i k a ɽ a ]_w
[_w ʔ a k a n o m a ]_w
[_w t a n i ]_w
[_w b aː b e ]_w
[_w t̪ u t̪ ui t e m a ]_w
[_w kx i n a ]_w
[_w h a h a ]_w
[_w n o m ae h o ]_w
[_w m oː ɽ a ]_w
[_w b o s a ʔ o ɽ o ]_w
[_w n e n a ]_w
[_w dz oː dz o ]_w
[_w m i t a ]_w
[_w ɡ i n a ]_w
[_w p uː b u p uː ]_w
[_w s a t u k eo h o ]_w
[_w dz o ŋ i ɡ e ]_w
[_w s eː n o ]_w
[_w ŋ au s a ]_w
[_w ʔ a ŋ a h a s a ]_w
[_w i k o n a ]_w
[_w e ɽ a n a t e ]_w
[_w ʔ u s u b i ]_w
[_w n e s e h o ]_w
[_w b o ɽ o h o ]_w
[_w ʔ eː m a ʔ a ]_w
[_w b a p o t a ]_w
[_w a ɡ o a ɡ o ]_w
[_w s a ʔ o ɽ o ʔ i ]_w
[_w i k ai ʔ i ]_w
[_w m oː t o ʔ i ]_w
[_w m a n i h e ]_w
[_w h u s i ]_w
[_w k a ɽ u p a ɽ a ]_w
[_w a b i ]_w
[_w a b u a t a ]_w
[_w p o b i t e m i ]_w
[_w h a p a h oi ]_w
[_w ʔ aː t a t a ŋ a ]_w
[_w ʔ i dz ai t e ]_w
[_w dz u p e t e ]_w
[_w p ou p a ]_w
[_w u ŋ a b ai ]_w
[_w t oː b a k e ]_w
[_w i s i ]_w
[_w s a m t i ŋ ]_w
[_w ʔ aː ɽ ai ]_w
[_w b iː ɽ e ʔ a ]_w
[_w b a s a ɽ oi ]_w
[_w p au ɽ a h o ]_w
[_w n ei m a n e k e ]_w
[_w m o ɽ i ]_w
[_w p a m e h o ]_w
[_w a k o b a k e ]_w
[_w s a s a m a ]_w
[_w n e n a n a t a ]_w
[_w s o m e ]_w
[_w ɡ a t̪ i ʔ a ]_w
[_w b o b i t e m i ]_w
[_w b o m a t a ]_w
[_w m eː ɽ a ]_w
[_w kx oː b a ɡ oi ]_w
[_w k e ɽ e t e ]_w
[_w n i p e m ae ]_w
[_w p o b i t e ʔ a ]_w
[_w b ei t a k oi ]_w
[_w p ui k e ]_w
[_w ʔ i dz ai t e t a ]_w
[_w ʔ u s u b a t a ]_w
[_w s o ɽ i dz a ʔ u ]_w
[_w s a m a n e h o ]_w
[_w s ou p i dz a t a ]_w
[_w ʔ eː ɽ e ]_w
[_w s a s a ɽ i dz a ]_w
[_w ʔ aː t a ʔ u ]_w
[_w n a h o n i ]_w
[_w m a k a n o m a ]_w
[_w ɡ u ɽ i m a ]_w
[_w s a ɽ i dz e ]_w
[_w t i m o t̪ eo oi ]_w
[_w ʔ au p ui t a ɡ oi ]_w
[_w t e k a t a ]_w
[_w n e n a n a m a ]_w
[_w p o t o k e ]_w
[_w a t̪ e n i ]_w
[_w i s a k i t a ]_w
[_w k o t o ɽ o ]_w
[_w s o k o ʔ a h o ]_w
[_w t uː m a k oi ]_w
[_w a s u a s u ]_w
[_w n o m e ʔ a h a ]_w
[_w ʔ o h a t e ]_w
[_w s ou b a ]_w
[_w ɡ ai p o ]_w
[_w s u ɽ u ɽ u ]_w
[_w ɽ e ɽ e ŋ i ]_w
[_w s u ŋ a t a ]_w
[_w p u kx i ]_w
[_w a t i m a ʔ a ]_w
[_w b o s e p e ]_w
[_w b oː h i ʔ i ]_w
[_w a kx ai a h o ]_w
[_w ɡ i k i ]_w
[_w a dz a b ei ]_w
[_w ʔ u b a n a t a ]_w
[_w ʔ e s e p e h o ]_w
[_w dz oː m a ]_w
[_w n iː m a ]_w
[_w ʔ eː t o ɽ a t a ]_w
[_w m i n a n i ]_w
[_w k i m u t̪ a k e ]_w
[_w p e b e ɽ a ]_w
[_w eː t o t a ]_w
[_w s au b a p o t a ]_w
[_w n a n a t a ]_w
[_w eː t a ʔ u h o ]_w
[_w ʔ oː b a ɽ e ]_w
[_w t oː ɽ o ʔ a ]_w
[_w b aː t e m i ]_w
[_w h a b a m i ]_w
[_w a ɡ o b o ]_w
[_w n a n a m ae ]_w
[_w b i ɽ e ]_w
[_w a b a ʔ a t a ]_w
[_w n a ɽ u k e ]_w
[_w h a b e s e t a ]_w
[_w n oː m a ]_w
[_w k o ɽ i dz a t a ]_w
[_w ʔ u s u p i ]_w
[_w ʔ e b a ʔ i ]_w
[_w dz a s a ɽ o h o ]_w
[_w b a m u ]_w
[_w n o ai ]_w
[_w p iː s i ]_w
[_w ɽ u m u b a ]_w
[_w dz a m u t e ]_w
[_w ʔ e ɽ e ʔ a ɽ e ]_w
[_w s ui m a ɽ a ŋ a ]_w
[_w p a ɽ a s a k e ]_w
[_w p a n ai t e t a ]_w
[_w m o k o s u ]_w
[_w dz o b i dz o ]_w
[_w b a s i n ]_w
[_w ʔ a k i ʔ a k e ]_w
[_w dz a m o n o k e ]_w
[_w s a ʔ u ]_w
[_w s ou b i ɽ e m i ]_w
[_w n a n a ]_w
[_w t e ʔ a h o ]_w
[_w a t a n i t a ]_w
[_w a k a ]_w
[_w n a n a t e ]_w
[_w ʔ aː ɽ a ʔ u h e ]_w
[_w ʔ o b a k oi ]_w
[_w ʔ u p a ɽ a ]_w
[_w m ai kx a t a k e ]_w
[_w b a ao ɽ ai ʔ i ]_w
[_w dz a ɽ e t̪ e ]_w
[_w dz aː b a ɽ e ]_w
[_w a p i ʔ a ]_w
[_w b a p a ɽ a ]_w
[_w ʔ u ʔ ui m a m i ]_w
[_w a ɡ o ]_w
[_w t oː ɽ o m i ]_w
[_w ɡ au b i dz a ]_w
[_w n oː k ai n o ]_w
[_w b o p i h o b i ]_w
[_w eː b ai ]_w
[_w e s e ɽ i k e ]_w
[_w s oː b a k e ]_w
[_w dz aː dz a ]_w
[_w t̪ u p a ]_w
[_w k o ɽ i dz o ]_w
[_w dz a k a n a ]_w
[_w ɡ a ʔ a ]_w
[_w n a k u k e ]_w
[_w dz u b u t u ɽ u ]_w
[_w ʔ e s a m a k i ]_w
[_w s uː ŋ a ]_w
[_w m ai m a n o m a ]_w
[_w a k i a k i t a ]_w
[_w ʔ eː t e m a ]_w
[_w p iː ɽ o t a ]_w
[_w k a ʔ a n i ]_w
[_w t u m u ]_w
[_w dz e b e t a ]_w
[_w e s e ɽ i k o ]_w
[_w h ui t o ɽ ai ]_w
[_w a ɽ a ʔ a ɽ a ]_w
[_w s ei ʔ a k e ]_w
[_w t eː t e m i ]_w
[_w ʔ a p i t i h o ]_w
[_w ʔ e s a m a ]_w
[_w k ai t o m a t a ]_w
[_w s a ʔ o b a ʔ u ]_w
[_w p aː h u m a ]_w
[_w ɡ oː t o ]_w
[_w ʔ u s u n ai ]_w
[_w s o s o ɽ i ]_w
[_w s u t a s u t a ]_w
[_w k aː b e ]_w
[_w t u k u m a m i ]_w
[_w n o h o t a ]_w
[_w i ŋ o n ai t e ]_w
[_w k o t̪ a h o ]_w
[_w t e m e t̪ e ɽ o ]_w
[_w p iː dz a ]_w
[_w o ʔ ai ]_w
[_w p aː t ai n o ]_w
[_w n o m e t e ]_w
[_w h a p e h o ]_w
[_w ʔ u b a dz a t a ]_w
[_w s a ɽ i dz ai n o ]_w
[_w s o ɡ a t a ]_w
[_w dz u p u h o ]_w
[_w ʔ aː t e m i ]_w
[_w t a t au m o ɽ ai ]_w
[_w dz e s e a ]_w
[_w k a k a t a ]_w
[_w kx e b i dz e b i ]_w
[_w m oi t e ʔ a ]_w
[_w dz ei m a m i ]_w
[_w b e b a t a ]_w
[_w s oː m a t a ]_w
[_w n i ɡ e h o k e ]_w
[_w m a ɽ i p ai ]_w
[_w k oː t a ɽ e ]_w
[_w b i p i a ]_w
[_w dz o b i ]_w
[_w n a n a m a ]_w
[_w iː h ai k e ]_w
[_w n o b o h o t a ]_w
[_w b ai n a k e ]_w
[_w t̪ a k e t̪ i ]_w
[_w dz a ɡ a t a ]_w
[_w b au ɽ oi ]_w
[_w h e ɽ o t i a ]_w
[_w ʔ aː ɽ a ɽ a ]_w
[_w ʔ oː ɽ o ʔ i ]_w
[_w dz e b i ]_w
[_w t o ɽ o n a t a ]_w
[_w i k a ʔ i ]_w
[_w ʔ i b ai ]_w
[_w a b u ]_w
[_w k a b i ɽ a h o ]_w
[_w k u ɽ i m o ɽ i ]_w
[_w o p e ɽ a t a ]_w
[_w m au s ]_w
[_w b a m e n a t a ]_w
[_w s a ɡ i t a ]_w
[_w m a ɽ a s i ɽ a ]_w
[_w i s a k i a m a ]_w
[_w p i ɽ e ʔ a ɽ e ]_w
[_w a p e h o k e ]_w
[_w ɡ ai n e n e ]_w
[_w b i ɽ ai ]_w
[_w p a m ui ʔ i ]_w
[_w k o dz a ]_w
[_w ɽ oi ɽ oi ]_w
[_w n a ɽ u h o ]_w
[_w h o b i h o k e ]_w
[_w a ɡ i ɽ i k i a ]_w
[_w kx a t ai o ]_w
[_w h ui t e t a ]_w
[_w a k i a m a ]_w
[_w oː ɽ ai m i ]_w
[_w ʔ u ɽ a t e t a ]_w
[_w s e ŋ i n o m a ]_w
[_w oː ɽ a b u k o ]_w
[_w p i t̪ e h o ]_w
[_w dz a ɡ a ]_w
[_w ʔ u ɽ a p a k e ]_w
[_w p ei t o ɽ ai ]_w
[_w oː ʔ a h o ]_w
[_w o k i dz o b a ]_w
[_w b e p e ]_w
[_w n aː n e h o ]_w
[_w dz a k i ]_w
[_w eː h a h a h o ]_w
[_w a b u h o ]_w
[_w b o t o n i ]_w
[_w ʔ u p i b a k e ]_w
[_w a b i ɽ a h o ]_w
[_w dz ae t a ɡ oi ]_w
[_w i ɡ a n o m a ]_w
[_w h o m e t a ]_w
[_w kx a p a n ao ]_w
[_w dz o t a t a h o ]_w
[_w eː t a ʔ u ɡ o ]_w
[_w b u ɽ i p a ]_w
[_w ʔ i p a h i b a ]_w
[_w m oː ɽ ai h o ]_w
[_w i s ai t o t a ]_w
[_w ɽ a ɽ a k e ]_w
[_w h oː b i ɽ e ]_w
[_w m o h i m o h i ]_w
[_w n i k o ɽ ao h o ]_w
[_w ɡ i a p e h o ]_w
[_w o k i dz o p a ]_w
[_w ʔ au b a s a ]_w
[_w i p i ʔ a t a ]_w
[_w m oi t a ɽ ei ʔ a ]_w
[_w ɡ i ɽ e ]_w
[_w h a p a t a m a ]_w
[_w ʔ o b e t e ]_w
[_w dz ao dz ao ]_w
[_w dz o ɽ e ]_w
[_w u h u t o ʔ i ]_w
[_w p aː m u t a ]_w
[_w ɡ o k o t a ŋ a ]_w
[_w b a ɡ a ]_w
[_w oː ɽ a p u k o ]_w
[_w k u b i n a ]_w
[_w o b e ɽ a ɡ e ]_w
[_w p au ɽ a t a ]_w
[_w h a p a n a p ei ]_w
[_w p o b o t o ]_w
[_w s i s i m a h o ]_w
[_w t̪ a ŋ a n i ]_w
[_w dz uː b a ʔ u ]_w
[_w dz ao dz ao m a ]_w
[_w s i k o ]_w
[_w b o b i dz a t a ]_w
[_w ʔ u ʔ ui m ai n o ]_w
[_w p a ɽ a t a ]_w
[_w ɽ o ɽ o ]_w
[_w t o m i dz a n i ]_w
[_w ʔ o ɽ i dz e m i ]_w
[_w t aː t o ɽ ai ]_w
[_w a dz a n a ]_w
[_w t̪ u b a t a ]_w
[_w t u k u t o ʔ a ]_w
[_w m i dz a ɡ oi ]_w
[_w ʔ a h u ɽ a ɡ e ]_w
[_w p ai b u ɽ o m i ]_w
[_w dz a k o b ai ]_w
[_w ʔ aː ɽ i h e ]_w
[_w s a ɽ i dz e m i ]_w
[_w b aː t a ɽ e ]_w
[_w p ɽ u k i m ]_w
[_w t̪ i ɽ o b a ]_w
[_w ɡ i t̪ i ɡ o t̪ i ]_w
[_w t o ɽ o n ai t e ]_w
[_w m eː a m a ]_w
[_w n iː h o n i t a ]_w
[_w ʔ e ɽ e n a ]_w
[_w i p i m a ]_w
[_w ɡ o n e ɽ i o ]_w
[_w s i k u m a ]_w
[_w t eː n a ʔ ai ]_w
[_w m a ŋ i ]_w
[_w kx a kx au m a ]_w
[_w oi ʔ i ]_w
[_w ɽ oi b e t a ɽ e ]_w
[_w eː p a m a ]_w
[_w dz a p a ]_w
[_w n a p a h a ]_w
[_w s ou p i dz a ɡ oi ]_w
[_w p au ɽ oi ]_w
[_w s u p a ]_w
[_w p a ɽ ai ]_w
[_w m u h i m u h i ]_w
[_w s t ɽ e t ]_w
[_w ʔ u p a dz o b a ]_w
[_w t a b i ]_w
[_w n o b o h oi ]_w
[_w m eu p u n o m a ]_w
[_w ɡ ai k ai ]_w
[_w s a ɽ u ]_w
[_w b aː t a k oi ʔ i ]_w
[_w p uː t̪ a ]_w
[_w b i ɽ a k e ]_w
[_w ʔ i ɽ i k i a ]_w
[_w ɡ u s u ]_w
[_w e ɽ i s a b e ]_w
[_w t o t o ʔ a ]_w
[_w b a s i m ]_w
[_w i ŋ i ɽ i s i ]_w
[_w a t i m aː m a ]_w
[_w ʔ a k au m a t a ]_w
[_w u h u p a ʔ u ]_w
[_w t u m a kx a t a ]_w
[_w t̪ a ɽ i t a ]_w
[_w t uː m o t a ]_w
[_w n o k a n o m a ]_w
[_w b a k a ɽ a b ]_w
[_w m a ɡ e ]_w
[_w t̪ a k e ]_w
[_w s e s e n o m a ]_w
[_w a t a n o m a ]_w
[_w m a n u b a ]_w
[_w s uː t a ʔ u ]_w
[_w s o k o ʔ u ]_w
[_w s iː h u ]_w
[_w ʔ au p a s a ]_w
[_w h u h u ɽ u ]_w
[_w i ɡ a ʔ i ]_w
[_w t u k u t o m i ]_w
[_w n oː ɽ a ɡ oi ]_w
[_w t uː m o ɽ ai ]_w
[_w n i k e m e m a ]_w
[_w dz uː b a t a ]_w
[_w dz e s u h o ]_w
[_w p e s a h o k e ]_w
[_w s o ɽ a ŋ a h o ]_w
[_w k i a p e ]_w
[_w ʔ ai t a ]_w
[_w p au ɽ a k e ]_w
[_w u m i ]_w
[_w s a b i ]_w
[_w o b a m a ]_w
[_w b aː b a k oi ]_w
[_w s iː m o h o ]_w
[_w a b i n a k e ]_w
[_w b o n e dz a ]_w
[_w oː ɽ ai dz o ]_w
[_w b e ɽ a ɡ e ]_w
[_w m oː ɽ a ɡ oi ]_w
[_w p o b i h o ]_w
[_w n a ɡ a t i ]_w
[_w ʔ u ɽ a ]_w
[_w b iː ɽ e t a ]_w
[_w b i ɽ ai t e ]_w
[_w s iː ɽ u ]_w
[_w a k o p a ]_w
[_w s k i n ]_w
[_w n oː m ae h o ]_w
[_w s a ɽ a k e ]_w
[_w b au ɽ a n i ]_w
[_w n a k a h oi ]_w
[_w s i m eo ]_w
[_w s u ɽ e n a k e ]_w
[_w dz a b a m ae ]_w
[_w dz a ɡ o b a ɡ oi ]_w
[_w p o b i k e ]_w
[_w kx a ɽ a n a ]_w
[_w s i n a n i t a ]_w
[_w k ai ɽ a ]_w
[_w b o b i t e t a ]_w
[_w p i ɽ a ]_w
[_w n o p o h o ]_w
[_w k e ɽ a s e n i ]_w
[_w ʔ o h a t a ]_w
[_w a ɡ i a m a ]_w
[_w dz o b i dz a ɽ a ]_w
[_w t i ɽ e ɽ e ]_w
[_w t aː t a k e ]_w
[_w b o s a h o ]_w
[_w ɡ a p a ]_w
[_w n a t̪ a n i ]_w
[_w h a s a ʔ a ɡ e ]_w
[_w b o s a n a ]_w
[_w m u s a ʔ e h o ]_w
[_w o ɽ i b a ɽ o ]_w
[_w s uː t o ]_w
[_w dz aː b a ɽ a ]_w
[_w ʔ o h a p a ɽ a ]_w
[_w ɡ i ɽ i s t u ]_w
[_w i p au ]_w
[_w dz a b a n a ]_w
[_w p a s e n i h o ]_w
[_w o b a k oi ]_w
[_w b a ɡ e ]_w
[_w n o h o k e ]_w
[_w p i t̪ a k o ]_w
[_w t̪ au s e n i h o ]_w
[_w eː p a ]_w
[_w oː n o m a t a ]_w
[_w ʔ a k i ʔ a t a ]_w
[_w e b e s o ]_w
[_w b u ɽ i m a ]_w
[_w a p u ]_w
[_w b iː ɽ e ]_w
[_w ʔ o h a b a t a ]_w
[_w n i ɡ e h o t a ]_w
[_w b au ɽ ai ]_w
[_w t u k u t o ʔ i ]_w
[_w s a b o s o ]_w
[_w h o ɽ e ]_w
[_w p u b u s a ]_w
[_w dz oː ɡ e ]_w
[_w n aː t ai n o ]_w
[_w ɡ a p i ɽ ai t e ]_w
[_w b a ɽ u n a ]_w
[_w p i dz a k oi ]_w
[_w k e s i n a ]_w
[_w h e b o ɽ o ]_w
[_w e ɽ i s a ]_w
[_w b aː b a k e ]_w
[_w u t ai ]_w
[_w o ʔ a h o ]_w
[_w n u k u ɽ o t a ]_w
[_w a t i m a ʔ i ]_w
[_w p oː h i m i ]_w
[_w ʔ u ʔ ui m a ɽ e ]_w
[_w b iː dz a ʔ u ]_w
[_w a m e n o m a ]_w
[_w i k a t a ]_w
[_w n a ɡ a t a ]_w
[_w ʔ i p a h o ]_w
[_w a ɽ a ʔ a m u ]_w
[_w b oː b i ʔ i ]_w
[_w n oː k a ʔ a n i ]_w
[_w m a ɽ i ]_w
[_w a k i ɽ i dz a ]_w
[_w ai m o t a ]_w
[_w ʔ eː t o ɽ ai ʔ i ]_w
[_w n o k a n o k e ]_w
[_w p u b u ]_w
[_w h oe p o ]_w
[_w dz a m o ʔ a t a ]_w
[_w ɡ ou m a ]_w
[_w ɡ e s i n a p i ]_w
[_w b aː t e ]_w
[_w b iː dz aː m a ]_w
[_w t eː m u ]_w
[_w i b i k e ]_w
[_w ʔ eː m a ɽ e k o ]_w
[_w t o t a ʔ u ]_w
[_w dz a n a t e ]_w
[_w ʔ u s u b a h o ]_w
[_w h iː b a ɽ a k e ]_w
[_w dz eː b i ɽ e ]_w
[_w b aː n ai t e ʔ i ]_w
[_w s e h e ʔ u ]_w
[_w a k i ɽ i p o ]_w
[_w m eu p ui ]_w
[_w ɡ ai t o m a ʔ i ]_w
[_w b a ɽ i ]_w
[_w m eu b u ]_w
[_w a p e n ei ]_w
[_w ʔ oː b a ɽ a ]_w
[_w t̪ u b a t e t a ]_w
[_w ʔ a s i ɽ e ɽ e ]_w
[_w p a n a k a ɡ e ]_w
[_w i s a k a ]_w
[_w s a s a t e ʔ i ]_w
[_w ɡ uː m e ]_w
[_w o n o ŋ a h o ]_w
[_w p i s a n a ]_w
[_w i p i p i ]_w
[_w k i a p e h o ]_w
[_w m a k a n o ]_w
[_w s au b a b o ]_w
[_w t uː s u b i ]_w
[_w i s a k i m a ]_w
[_w ɡ eː ɽ a k e ]_w
[_w b i ɽ i b o k e ]_w
[_w s a ʔ o s a n a ]_w
[_w ʔ e ɽ e t a ]_w
[_w ʔ o ɽ i dz a k e ]_w
[_w s a b a ɽ a n i ]_w
[_w a b i k e ]_w
[_w n a ɡ u t a ]_w
[_w ɽ u p e ŋ a ]_w
[_w ʔ eː s u p i ]_w
[_w p ai n a n i t a ]_w
[_w ʔ eː m o ɽ ai ]_w
[_w b o m u ]_w
[_w s o ɽ a ]_w
[_w i ɽ i n a ]_w
[_w n e n a n a h o ]_w
[_w s a s e ]_w
[_w t̪ i t̪ o k e ]_w
[_w s a ɽ i m a ɡ au ]_w
[_w s o ɡ o ʔ e k e ]_w
[_w ɡ i ɽ o ɡ o t a ]_w
[_w ʔ ai p i ]_w
[_w t̪ o ɽ o p i ɽ e ]_w
[_w n a ɡ a h o s a ]_w
[_w s u m a n o m ai ]_w
[_w ʔ oː ɽ i ]_w
[_w b u t u b u ]_w
[_w t a p i t̪ a ]_w
[_w b oː h i m i ]_w
[_w i b o h o ɡ e ]_w
[_w o ɽ o ]_w
[_w t e t e n i ]_w
[_w h a s a ʔ a s a ]_w
[_w b a k a ]_w
[_w b o t oi ]_w
[_w n uː b u ]_w
[_w dz oː b a ]_w
[_w ʔ u ɽ a ɡ e ]_w
[_w p a k s ai t ]_w
[_w b o t̪ i ]_w
[_w e k e b u s a ]_w
[_w s uː t a ɡ oi ]_w
[_w t i t i ]_w
[_w ʔ a h i ]_w
[_w ɡ i s i m ai ]_w
[_w m a ɽ i ai ]_w
[_w b i ɽ a t e m i ]_w
[_w dz u p u k e ]_w
[_w ɽ oi b e t a ]_w
[_w ɡ aː m a ʔ i ]_w
[_w ʔ o dz o ɽ i ]_w
[_w e k a n a ]_w
[_w ɽ a s a ]_w
[_w h a b a ɽ i s eo ]_w
[_w a t a p a ]_w
[_w dz e s e ai ]_w
[_w b o t o ʔ i ]_w
[_w ɡ oi n a n o m a ]_w
[_w k e k e m a ]_w
[_w m a n i h o ]_w
[_w a t a b a t e ]_w
[_w ɡ i a b e ]_w
[_w ɡ o p e ]_w
[_w o p a t a p ai ]_w
[_w eː t o ɽ a ]_w
[_w b eː t o ɽ ai m i ]_w
[_w n a k a p a ]_w
[_w ʔ o b a ]_w
[_w m oi n a ]_w
[_w b u b u s a ]_w
[_w dz o s e b e k e ]_w
[_w k ai p o ɽ i ]_w
[_w s u ɽ ai t e ]_w
[_w k oi n a n o m a ]_w
[_w s a ɡ a ]_w
[_w ɽ i s t e ɽ a ]_w
[_w ʔ o p a k e ]_w
[_w n a n a m e m a ]_w
[_w m i n a ɽ a h o ]_w
[_w h au p a h o ]_w
[_w a b i n a h o ]_w
[_w h eː ʔ a t a ]_w
[_w t eː t o ɽ oi ]_w
[_w m i dz a k oi ]_w
[_w eː t a ɽ ei m i ]_w
[_w n a k a b a h o ]_w
[_w p e k u ]_w
[_w k aː ɡ a ]_w
[_w n a ɡ a n o k a ]_w
[_w h au t a ]_w
[_w a t a p a k e ]_w
[_w e t e b a n o ]_w
[_w s o ŋ e n a ɡ e ]_w
[_w ʔ au p ui t ai n o ]_w
[_w ɡ a t a ]_w
[_w s u m u s u m u ]_w
[_w n i k e m e h o ]_w
[_w n ei m a n e h o ]_w
[_w ɡ aː t a ]_w
[_w s e s e s e s ei ]_w
[_w ɡ ai p o ɽ i ]_w
[_w ʔ u s e ɽ i ]_w
[_w dz o t a t a ]_w
[_w o p e t e ]_w
[_w ʔ o ɽ i dz a ]_w
[_w p a s e ɽ e ]_w
[_w e t e p a n oi ]_w
[_w b a n e ]_w
[_w ɽ oi b e t e m i ]_w
[_w ɡ a ɽ i m a ]_w
[_w kx oː ɽ u t a ]_w
[_w o n o ŋ ai ]_w
[_w p aː t a t i ]_w
[_w ʔ e s a m a n i ]_w
[_w b iː ɽ o t a ]_w
[_w k i ɽ o ɡ o ]_w
[_w n i k ei ]_w
[_w m a t u b a ]_w
[_w ʔ eː m o t a ]_w
[_w o m a h o ]_w
[_w b o t u t u ]_w
[_w a ŋ e ɽ o h o ]_w
[_w b a m u h e ]_w
[_w ɽ iː t a ʔ u ]_w
[_w b a p a m ae ]_w
[_w m a t̪ a ]_w
[_w ɡ o s i k o s i ]_w
[_w ʔ a ŋ a t a ]_w
[_w dz ui dz ui ]_w
[_w h o ɽ e s a t̪ e ]_w
[_w n a n a m ei ʔ i ]_w
[_w o k o h o t a ]_w
[_w n o ɡ o m e m a ]_w
[_w kx a ɽ a n o m a ]_w
[_w k i s i k i s i ]_w
[_w ʔ eː m a m i ]_w
[_w b o dz a t a ]_w
[_w s u b a t a ]_w
[_w m ai n a n i h e ]_w
[_w o p e ɽ a ɡ e ]_w
[_w b o b o t a ]_w
[_w p eː dz ae ]_w
[_w eː s u ʔ a ]_w
[_w t a t au m a ʔ u ]_w
[_w p ai b u ]_w
[_w n a k a b a ]_w
[_w n o ɡ o m e k e ]_w
[_w k a h o s a t a ]_w
[_w ɽ iː t o ɽ ai ]_w
[_w p o t u t u ]_w
[_w b aː t e t ai ]_w
[_w dz oː b i dz a ]_w
[_w n iː h o h o ŋ a ]_w
[_w p o b i ɽ e ʔ a ]_w
[_w a t a p i dz a ]_w
[_w ʔ au p ui t e t a ]_w
[_w m ai kx a t a ]_w
[_w b a k a ɽ a ]_w
[_w k ai b o ɽ i ]_w
[_w n o k a n o k a ]_w
[_w a t̪ i k e ]_w
[_w h e b o ɽ o h o ]_w
[_w t eː n ai t e t a ]_w
[_w ʔ eː t e m i ]_w
[_w ʔ a ŋ a k e ]_w
[_w b a ɽ u ]_w
[_w p o s e ]_w
[_w a s a t e t a ]_w
[_w s u b a ɽ a ]_w
[_w aː t a m u ]_w
[_w n o b o m e k e ]_w
[_w o ʔ ai o n i ]_w
[_w a ɽ e a ɽ e ]_w
[_w t iː b e t e ]_w
[_w a b e n i ]_w
[_w a n a ɡ e ]_w
[_w n o ɡ o h o k e ]_w
[_w t uː m a k e ]_w
[_w h iː b a ɽ a ]_w
[_w a ŋ e ɽ o ɡ e ]_w
[_w dz au b a k e ]_w
[_w n oː ʔ a k e ]_w
[_w t uː t a ]_w
[_w kx a m e t o k e ]_w
[_w p iː ɽ i n a ]_w
[_w oː ɽ a n o m ai ]_w
[_w b ai dz a s ui ʔ i ]_w
[_w oː t a t a ŋ ai ]_w
[_w a n a n i t a ]_w
[_w s i ɽ i b o k e ]_w
[_w p ou t a ]_w
[_w ɡ e m a ]_w
[_w dz a m u t o t a ]_w
[_w s i h i dz a h o ]_w
[_w t uː h o ɽ o ʔ o ]_w
[_w p a ɽ u ]_w
[_w m i dz a n i ]_w
[_w s oː b a ʔ u ]_w
[_w ɡ a k a t a ]_w
[_w b u ɽ i s i ɽ ae ]_w
[_w t o ɽ o n a h o ]_w
[_w t u ɡ u p a ʔ u ]_w
[_w dz uː p a ʔ a ]_w
[_w ʔ eː h i p i ]_w
[_w t o ɽ a ]_w
[_w s a k a n a ]_w
[_w dz oː b i ɽ e t a ]_w
[_w s a ɽ a ɽ i ]_w
[_w a dz a n a t e ]_w
[_w h iː b a ʔ ui ]_w
[_w ʔ aː t e t a ]_w
[_w ʔ a t e ʔ a ]_w
[_w a ɡ o b a ]_w
[_w a b o ɽ o h o ]_w
[_w t e k a ɡ e ]_w
[_w ɡ o k o s u ]_w
[_w a ɽ i n o m a ]_w
[_w ɡ e s i n a ]_w
[_w t eː t a ɽ ei m i ]_w
[_w b a s e s a k e ]_w
[_w ʔ e s e p a ]_w
[_w n o m e h o k e ]_w
[_w m i m i k e ]_w
[_w oː t a n i h e ]_w
[_w ai k i t̪ a h o ]_w
[_w h e m e h o ]_w
[_w ʔ eː t a ɽ e ]_w
[_w h e ɽ o t e ]_w
[_w b ai ɡ o t̪ a ]_w
[_w a b o ]_w
[_w ʔ a ɽ u t a ]_w
[_w ʔ e ɽ e n a k e ]_w
[_w p ai k e ]_w
[_w b aː h u m i ]_w
[_w s o m o ɽ o k o ]_w
[_w t̪ o k a n a h o ]_w
[_w h ui t o ɽ ai ɡ e ]_w
[_w p o m u ]_w
[_w t eː t o ɽ ai ]_w
[_w t uː s u ʔ i ]_w
[_w a b a b a ]_w
[_w m oi t a k oi t a ]_w
[_w ʔ o m a ʔ i ]_w
[_w ʔ eː m a ɡ oi ]_w
[_w t au b a ]_w
[_w ɡ o t̪ a k e ]_w
[_w s a ʔ o b a ɽ e ]_w
[_w n a p e ]_w
[_w s u s u p i ]_w
[_w s a m a k e ]_w
[_w s i ɡ ]_w
[_w b u ɡ ]_w
[_w a ɡ o p e t a ]_w
[_w u ŋ a p ai ]_w
[_w ʔ o ɽ i ]_w
[_w o b a k e ]_w
[_w n oː k e t a ɽ a ]_w
[_w b i t̪ a k e ]_w
[_w k a t̪ i ʔ a ]_w
[_w k i ɽ i ɡ i a ]_w
[_w m oː t aː m a ]_w
[_w ʔ a h eu p a n a ]_w
[_w t̪ eu t̪ i ]_w
[_w b i t̪ a ɡ e ]_w
[_w u n i ]_w
[_w p a t̪ ai ]_w
[_w oː ʔ a ]_w
[_w h e p o ɽ ai ]_w
[_w t u b i dz a k e ]_w
[_w ɡ eː t a ]_w
[_w iː h ai ɡ e ]_w
[_w p o m a t a ]_w
[_w oː ɽ ai ʔ a k o ]_w
[_w h iː b a ɡ oi ]_w
[_w s iː dz a ]_w
[_w t e t a ]_w
[_w m oi ɽ a t a ]_w
[_w iː h o ɽ ai h o ]_w
[_w iː h ai h o ]_w
[_w ai m a n e h o ]_w
[_w b au ɽ o k e ]_w
[_w ʔ u p i k e ]_w
[_w ʔ u ɽ a b a ]_w
[_w ɡ eː h o ]_w
[_w b oː b i ]_w
[_w e t e ]_w
[_w s uː n o m i ]_w
[_w ʔ au p ui t o ɽ ai ]_w
[_w ɡ a ɽ u b a ]_w
[_w t uː m a ʔ u ]_w
[_w ʔ oː b a ɽ ai ]_w
[_w b a n a ]_w
[_w ɡ e s i n a s i ]_w
[_w b ɽ u k ]_w
[_w ʔ a ɽ a ʔ i ]_w
[_w o p e ɽ a ]_w
[_w a t a n o m ai ]_w
[_w dz oː t a t a ŋ a ]_w
[_w b ai m a n e h o ]_w
[_w s u ɡ u ɽ o t a ]_w
[_w kx u b e ]_w
[_w s a ʔ o ɽ o m i ]_w
[_w ʔ i b ai o ]_w
[_w k oi n a h o ]_w
[_w a p e m e h o ]_w
[_w b o b i t a ʔ u ]_w
[_w dz e s u m a n a ]_w
[_w iː h a ɡ oi ]_w
[_w a p a p a ]_w
[_w b i ɽ ai t e t a ]_w
[_w k ɽ u ŋ u t i m ]_w
[_w oː ɽ ai t a ]_w
[_w s i n a m a ]_w
[_w t i n au ]_w
[_w oː ɽ ai h e ]_w
[_w s au n a b a m ae ]_w
[_w s a ɽ i dz e ʔ a ]_w
[_w b ei t a ʔ u h e ]_w
[_w ʔ aː t a k oi ]_w
[_w m i m i ʔ a b a ]_w
[_w n o t a ʔ u ]_w
[_w k i n i s i ]_w
[_w ʔ oː b a k e ]_w
[_w ʔ o b e ɽ a h o ]_w
[_w b a ɽ u b a ]_w
[_w p ai n a ]_w
[_w m uː n a t a ]_w
[_w i ŋ o n a h o ]_w
[_w dz e s u h o k e ]_w
[_w k i n i ]_w
[_w ɡ o s o ɽ i ]_w
[_w dz a p i ɽ i ]_w
[_w s u p a ɽ a ]_w
[_w m i n ai t e t a ]_w
[_w ʔ au p ui t e ʔ i ]_w
[_w s iː ɽ e ʔ a ]_w
[_w ʔ o ɽ i dz e ʔ a ]_w
[_w s au p a p o ]_w
[_w dz o ŋ i k e ]_w
[_w ʔ u ʔ ui m a ]_w
[_w k i m u b a ]_w
[_w ai m a ]_w
[_w ɡ u ɽ e b e t a ]_w
[_w t eː ʔ ai ]_w
[_w ɽ e p i ]_w
[_w s u ɽ u p u s a ]_w
[_w p e t̪ a n i a ]_w
[_w ɽ a ɽ a ɡ e ]_w
[_w b iː ɽ i k e ]_w
[_w t eː h o k e ]_w
[_w b oː k e b a ɡ e ]_w
[_w ɽ iː t o ɽ ai m i ]_w
[_w ɡ u p a ʔ u ]_w
[_w dz a m oi t e m i ]_w
[_w m u t u m u ]_w
[_w ai ɡ i t̪ a h o ]_w
[_w ɽ iː t aː m a ]_w
[_w m a t u b a t u ]_w
[_w s iː ɽ a ]_w
[_w dz a s a h a ]_w
[_w dz a kx a ɽ a n i ]_w
[_w m a k a n a ]_w
[_w m ai kx a t a n i ]_w
[_w ʔ eː t e t a ]_w
[_w k oː t̪ ae k e ]_w
[_w k oː n o ]_w
[_w b ai s e ]_w
[_w s a s a n a ]_w
[_w ʔ u ɽ a t a k e ]_w
[_w m uː h i b i ]_w
[_w a ɽ a b i ɽ ai ]_w
[_w t a b i dz a ]_w
[_w s ui m a ]_w
[_w s au p a p o t a ]_w
[_w ɡ a ʔ a t a ]_w
[_w s a k a p a h o ]_w
[_w s i ɽ a s i ]_w
[_w k e b a n oi ]_w
[_w dz ae t e t a ]_w
[_w t̪ a ŋ a h a s i ]_w
[_w n a ɡ a m a ʔ a ]_w
[_w b ai n a n i t a ]_w
[_w t uː s u t a ]_w
[_w dz uː b e t e ]_w
[_w ɡ a k a m ae ]_w
[_w p a ɽ i s eo ]_w
[_w dz a dz a n a ]_w
[_w a b e n e h o ]_w
[_w i k a k e ]_w
[_w p e b a t a ]_w
[_w t e k a k e ]_w
[_w n o k oi o ]_w
[_w p o b i n o m a ]_w
[_w ɡ o t e ]_w
[_w ʔ e b u ]_w
[_w m eː ʔ oː t a ʔ u ]_w
[_w p e p a ɽ a ]_w
[_w n o k o h oi ]_w
[_w s aː t a k e ]_w
[_w k i n i b e ]_w
[_w s e p e n i ʔ i ]_w
[_w ɡ au p i dz a t a ]_w
[_w p o b i a m a ]_w
[_w t a ɽ u m i ]_w
[_w t a p i dz a t a ]_w
[_w a p o t a ʔ u ]_w
[_w b a t̪ o ɽ o m i ]_w
[_w a t a p i ]_w
[_w p au ɽ a ]_w
[_w u s a ɽ i dz e ]_w
[_w ʔ o n o t o m i ]_w
[_w k a ɽ u k a ɽ i ]_w
[_w k e k e ]_w
[_w p o s a p o s a ]_w
[_w a m a m a n a ]_w
[_w uː ɽ o ]_w
[_w b a p a m e h o ]_w
[_w p oi ʔ a k e ]_w
[_w dz oː t o ɽ o t a ]_w
[_w t aː t a ɽ a ]_w
[_w a dz a ]_w
[_w p eː t̪ a ]_w
[_w s a p u ]_w
[_w ʔ au s o m a ʔ i ]_w
[_w p a b a m ae ]_w
[_w m oː ɽ a ʔ u t a ]_w
[_w ɡ o ɽ a ]_w
[_w dz o ɡ e ]_w
[_w ʔ u h i ɽ a ]_w
[_w b aː t a ʔ u ]_w
[_w ʔ e ɽ e b e ]_w
[_w h e ɽ o t e k e ]_w
[_w h eː n a t a ]_w
[_w s i k i s i ]_w
[_w b i ɽ a p i ɽ ai ]_w
[_w ʔ a b u t a ]_w
[_w m i n a ɽ a t a ]_w
[_w dz a s a ɽ a k e ]_w
[_w ʔ a s i ɽ a ]_w
[_w ʔ u p i ɡ e ]_w
[_w a ŋ e ɽ oi ]_w
[_w ɽ e p o ɽ ai ]_w
[_w dz aː ɽ o ]_w
[_w ʔ o h a b a ]_w
[_w t̪ o b a m i ]_w
[_w o n i ]_w
[_w ɡ o k o ɽ a ]_w
[_w m oi t o ɽ a ʔ u ]_w
[_w ɽ u m u t a ʔ u ]_w
[_w i p o ]_w
[_w b o b i n i ʔ i ]_w
[_w a k o b a h o ]_w
[_w iː b a dz a ɡ e ]_w
[_w p e s u p e ]_w
[_w s a ʔ o ɽ o ʔ a ]_w
[_w s a ɡ i ]_w
[_w dz o n a h o t a ]_w
[_w p e b e ]_w
[_w n a h oi ]_w
[_w s oː ɽ o ʔ i ]_w
[_w ʔ i b a t a ]_w
[_w b ai b u ɽ o m i ]_w
[_w p o dz a ɽ a s i ]_w
[_w p e b a ]_w
[_w n oː ɽ a k oi ʔ i ]_w
[_w n a n a h o k e ]_w
[_w o m a m a n e ]_w
[_w h e h e n a k e ]_w
[_w n oː k a ɽ a t a ]_w
[_w b i ɽ i p o ]_w
[_w ʔ aː ɽ i t a ]_w
[_w ɽ e b o ɽ a ]_w
[_w p o p i t e ʔ i ]_w
[_w b e p a ɽ a ]_w
[_w m eː n o m a k e ]_w
[_w kx a ɽ a t a ]_w
[_w s au ɽ o ]_w
[_w ʔ u ʔ ui m a ʔ a ]_w
[_w ʔ u b a dz o m o ]_w
[_w b ai ɽ a n o m a ]_w
[_w ai m a ʔ u h o ]_w
[_w t̪ u m a n a ]_w
[_w o k a m a n e ]_w
[_w ʔ eː p a ʔ u ]_w
[_w ɡ u p ai ]_w
[_w b ai n a n i h o ]_w
[_w s a ɽ i dz a ɽ e ]_w
[_w p o s o ɽ a m u ]_w
[_w k i m u p a ]_w
[_w ɡ i n i p e ]_w
[_w dz e p e t̪ eo h o ]_w
[_w k e b a ɽ e ]_w
[_w t̪ o b a m a ]_w
[_w n o k o ʔ u ]_w
[_w b o b i h o ]_w
[_w s e k a n a p ei ]_w
[_w p ou b a ]_w
[_w dz a p a h oi ]_w
[_w n e n a m a ]_w
[_w b a n ai t e m i ]_w
[_w t eː t a ɽ ei ʔ i ]_w
[_w k a ɽ a p a ɽ a ]_w
[_w m a n u p a ]_w
[_w ɡ a h o s a ]_w
[_w dz a ɡ i dz a k oi ]_w
[_w o b e t e t a ]_w
[_w ɽ u m u t a k oi ]_w
[_w h u p a m i ]_w
[_w a ɽ a b a ]_w
[_w m eː ɽ a h o k e ]_w
[_w ʔ a ŋ a ʔ a ]_w
[_w p ei t e ʔ i ]_w
[_w ɡ a ɡ a t a ]_w
[_w ai p o ]_w
[_w p ai dz a s ui ʔ i ]_w
[_w oː b o p oː ]_w
[_w ɡ oː t̪ a ɽ a ]_w
[_w dz o s e p e n i ]_w
[_w ɡ oː n o ]_w
[_w p i ɽ i s t ui ]_w
[_w t e t ei ]_w
[_w h iː ɽ e h o ]_w
[_w ʔ o ʔ o ɡ e ]_w
[_w h a p a k e ]_w
[_w ɡ a k a m e ɽ e ]_w
[_w k i ɽ o k o t a ]_w
[_w k i a m a ]_w
[_w e ɽ a ʔ a ɽ a ]_w
[_w ɽ i t a ]_w
[_w b e k u ]_w
[_w b a ɽ i ɡ e ]_w
[_w s a ɡ a b a t a ]_w
[_w h iu b a ]_w
[_w eː t a ʔ u k o ]_w
[_w i n a b i dz a ]_w
[_w m a ɽ a s i ]_w
[_w a s a t e ʔ i ]_w
[_w a ɽ a b ]_w
[_w ʔ e s e b a ]_w
[_w dz ae t a ʔ u ]_w
[_w b a ɽ e a m a ]_w
[_w t̪ aː m a ]_w
[_w p aː t e ʔ a ]_w
[_w p a n a k e ]_w
[_w a s a t e ]_w
[_w t̪ i dz a m a ]_w
[_w p aː b a ɽ e ]_w
[_w m ai m a n e h o ]_w
[_w s u ɽ u h o t a ]_w
[_w s a k i ]_w
[_w k o k oi ]_w
[_w u ŋ a p a ]_w
[_w dz o s e b a ]_w
[_w b ai ɽ a b ]_w
[_w b o p i k e ]_w
[_w p i h ai n ]_w
[_w dz a ɡ o b e t e ]_w
[_w h a b a n o k e ]_w
[_w ʔ e s a n i ]_w
[_w dz a ɡ a n a ]_w
[_w h u t̪ i ŋ i ]_w
[_w p aː ʔ a k e ]_w
[_w n o p o m e h o ]_w
[_w ʔ e ɽ e b a ]_w
[_w b ai m a n ei ]_w
[_w s u b e s u t a ]_w
[_w i p a ɽ o ]_w
[_w e ɽ a ʔ a ɽ ai ]_w
[_w b i ɽ i s i ]_w
[_w dz oː m a ɡ oi ]_w
[_w k u p a m i ]_w
[_w s a p i n i ʔ i ]_w
[_w n a k ui ]_w
[_w k e b ai ]_w
[_w k a k a m a n e ]_w
[_w oː h o ɡ e ]_w
[_w i p i n a ]_w
[_w p e ɽ i kx i ]_w
[_w dz o ɽ o b i m o ]_w
[_w n oː a k a ]_w
[_w h au b a h o ɡ e ]_w
[_w b e ɽ e p a ]_w
[_w dz a k a ʔ a ]_w
[_w ɡ i n i p e k e ]_w
[_w n aː s u ʔ i ]_w
[_w t u p u m a ]_w
[_w p ui t a k oi ]_w
[_w ʔ e b a ʔ u ]_w
[_w t̪ o b o ʔ o k o ]_w
[_w p u ɽ i m o ɽ ai ]_w
[_w ʔ aː t aː m a h o ]_w
[_w a ɡ a ]_w
[_w t̪ u m a n o m a ]_w
[_w i p i n a h o ]_w
[_w b a ɽ i s eo h o ]_w
[_w s o k a ]_w
[_w eː t ai n o h e ]_w
[_w n a b a t a ]_w
[_w p aː h u m i ]_w
[_w ʔ u ʔ ui m a ʔ u ]_w
[_w k e s i n a s i ]_w
[_w ɽ i s t ui ]_w
[_w p a p a ɽ i h o ]_w
[_w b ai t a ɽ e ]_w
[_w k a m a ʔ u ]_w
[_w o b a m i ]_w
[_w i s i ɽ a ]_w
[_w b u n i ]_w
[_w t ɽ o m oi m ]_w
[_w h ui t o ɽ ai ʔ a ]_w
[_w u b ou b o s a ]_w
[_w a n a k a ]_w
[_w b u ɽ i ]_w
[_w ʔ aː ɽ a t a ]_w
[_w b u p aː m a ]_w
[_w s a ɽ i m ]_w
[_w k ai p a m i ]_w
[_w a t a h e ]_w
[_w ʔ i b a ]_w
[_w ʔ e k o ɽ o ]_w
[_w s eː p e ɡ e ]_w
[_w ɽ u m e ɽ u m e ]_w
[_w h i dz o p a dz a ]_w
[_w oː ɽ a k oi ʔ i ]_w
[_w ʔ eː t a ɽ o t a ]_w
[_w m a ɽ a ŋ a h o ]_w
[_w b u ɽ e ]_w
[_w b a s e n i ]_w
[_w p e s a n i ]_w
[_w p oː b i ]_w
[_w ʔ oː b a ]_w
[_w dz u t e a ]_w
[_w dz aː b a ]_w
[_w dz u ui ]_w
[_w s e b e s a h o ]_w
[_w dz u p e t e m i ]_w
[_w ɡ ai p a m i ]_w
[_w dz ai ɽ a m a ]_w
[_w k a p i ɽ a ]_w
[_w s a ʔ o ɽ o b i ]_w
[_w t u p ui ]_w
[_w b a t i t a ]_w
[_w ai m a ɽ a ]_w
[_w ɡ i a m a ]_w
[_w m o h i ]_w
[_w t̪ a ŋ a n i t a ]_w
[_w n a h o t a ]_w
[_w o h o ŋ a n i ]_w
[_w eː h a h a k e ]_w
[_w u s a ʔ e k e ]_w
[_w eː t a ]_w
[_w b au b o t a ]_w
[_w dz o s e p e k e ]_w
[_w b e ɽ e b e ]_w
[_w p ai m a n o m a ]_w
[_w k ui b i dz a ]_w
[_w b e p e p e k e ]_w
[_w dz o s e b e ]_w
[_w k o s e ]_w
[_w h ui t o ɽ ai h o ]_w
[_w t eː t a ɡ oi ]_w
[_w k a ɡ a ]_w
[_w m eː ɽ a k e ]_w
[_w dz oː n a ]_w
[_w s a s a ɽ e ]_w
[_w p o m ai ]_w
[_w k iː m a ʔ i ]_w
[_w s u m a s a m a ]_w
[_w dz oː t a t a ]_w
[_w p aː m u t a ʔ u ]_w
[_w p aː b i ]_w
[_w n a ɡ a h o ]_w
[_w b e kx a ]_w
[_w t o ʔ e n a ]_w
[_w ʔ i dz a n a t e ]_w
[_w e s e ɽ o ]_w
[_w ʔ a s a ʔ a p u ]_w
[_w s i m o n a ]_w
[_w s a s a ɽ i dz o ]_w
[_w dz ao dz ao k e ]_w
[_w p ai p ai ]_w
[_w o h o ŋ ai o ]_w
[_w n o b o m e ]_w
[_w p aː b e ]_w
[_w ɽ o ʔ o b a m i ]_w
[_w ɽ o ɽ o k e ]_w
[_w b e ɽ e ]_w
[_w a t a b ai ]_w
[_w dz a n a t a ]_w
[_w e ɽ a ]_w
[_w n iː m e m a ]_w
[_w k e b a k e ]_w
[_w a k o b ai ]_w
[_w dz a ɽ e k e ]_w
[_w n aː s u b i b a ]_w
[_w m a t u p a ]_w
[_w p a ɡ i ]_w
[_w s e s e n i ]_w
[_w t̪ u m a ɡ e ]_w
[_w t e t e k e ]_w
[_w b o s a t a ɽ e ]_w
[_w b ai dz a s ui ʔ a ]_w
[_w ɽ o ʔ o b e t e ]_w
[_w eː t a ʔ ui ]_w
[_w t o t a ʔ i k e ]_w
[_w s a s a ɽ e t a ]_w
[_w m oː t o m a m a ]_w
[_w m u k e n a ]_w
[_w ʔ o n o t a ]_w
[_w p a k u ]_w
