[_w l a ŋ ]_w
[_w m e l eː ŋ ɡ i ]_w
[_w a m a k e dz e ŋ ]_w
[_w e n a ɡ a ]_w
[_w k eː n a n a ]_w
[_w o ŋ o t aː r o ]_w
[_w m e n t eː m a ]_w
[_w k i l i w a i t ]_w
[_w k uː dz a ]_w
[_w iː k a w aː ]_w
[_w k e r e ]_w
[_w a ɡ i m i ŋ ]_w
[_w b a ɡ a ]_w
[_w s a n a ]_w
[_w o r o r o ]_w
[_w aː r u ŋ ]_w
[_w a o a o w aː ]_w
[_w s iː ŋ a ]_w
[_w n o n oː m a ]_w
[_w l o ɡ o ŋ ]_w
[_w o ŋ o m b u ŋ ]_w
[_w k o w o ɡ a ]_w
[_w dz e dz e t aː ]_w
[_w s aː r o ]_w
[_w ɡ a dz o ŋ ]_w
[_w e s uː ŋ ]_w
[_w dz e i m s ]_w
[_w s a ɡ i ŋ ]_w
[_w k i k i ]_w
[_w l i w a ]_w
[_w i w aː n o ŋ ]_w
[_w e dz a d o ]_w
[_w t uː ŋ ]_w
[_w k u r u ]_w
[_w a m b u t i ]_w
[_w dz i l p a ]_w
[_w i w aː ]_w
[_w i s a ɡ a ]_w
[_w b o r a ]_w
[_w iː k i ]_w
[_w k oː s e n ]_w
[_w d o r i ts a ŋ ]_w
[_w m o ŋ ]_w
[_w u r o t o ]_w
[_w m o m a ]_w
[_w l a dz a r u s ]_w
[_w m i r i n o ŋ ]_w
[_w u ŋ a n o ŋ ]_w
[_w s e i ŋ ]_w
[_w t o t o w u ]_w
[_w o r o ]_w
[_w f r iː ]_w
[_w dz e dz e ŋ ]_w
[_w n o n o ŋ ]_w
[_w m a l o n ]_w
[_w a n dz a l e ]_w
[_w a l a t eː ŋ ]_w
[_w b aː ɡ e ŋ ]_w
[_w a n i ]_w
[_w a ŋ ɡ i a ]_w
[_w dz o a r ]_w
[_w k i a ŋ ]_w
[_w t oː ɡ o j a ]_w
[_w u p aː t o ]_w
[_w k i a ŋ ɡ o w a ]_w
[_w u n a ]_w
[_w t i w o dz u ŋ ]_w
[_w i dz o w e ]_w
[_w m e r a ɡ a ]_w
[_w k a n a ɡ i a ]_w
[_w o m e n o ŋ ]_w
[_w a n i ŋ ]_w
[_w n e w o ŋ a ]_w
[_w m a l t a ]_w
[_w m o r i r o ]_w
[_w kp o u l u ]_w
[_w ɡ a m b a ]_w
[_w n o n o w aː ]_w
[_w m a ŋ n a n aː ]_w
[_w a ŋ o ]_w
[_w s iː ŋ aː ]_w
[_w d i w o ]_w
[_w b a o ]_w
[_w k a n o ŋ ]_w
[_w ɡ e m e r o ]_w
[_w l eː ɡ e ŋ ]_w
[_w p o ŋ a ]_w
[_w t e ɡ o w e ]_w
[_w a u t a ]_w
[_w kp i l i kp a l u ]_w
[_w a m b e ]_w
[_w ɡ o t o dz e ŋ ]_w
[_w u m a ]_w
[_w o ŋ oː n a ]_w
[_w m o n i ŋ i ]_w
[_w kp a ɡb a ŋ ]_w
[_w n a n dz u t i ]_w
[_w ɡ o ŋ a ]_w
[_w i n dz a ŋ a ]_w
[_w uː k e r e ɡ i a ]_w
[_w o ŋ o ŋ ɡ i a ]_w
[_w e s u k a n o ŋ ]_w
[_w k a w u t i ]_w
[_w h o r o ŋ ]_w
[_w m e s a o ŋ ]_w
[_w a o w e ]_w
[_w e w a e w a ŋ ]_w
[_w aː b r a h a m ]_w
[_w d uː ŋ a n o ŋ ]_w
[_w k o r i ]_w
[_w n e ɡ i ]_w
[_w k i l i ŋ ]_w
[_w s o l a ŋ a w o ]_w
[_w h aː m o n o ]_w
[_w dz e w e t i ]_w
[_w dz e w o ŋ a ]_w
[_w a n a k a ]_w
[_w a s u ɡ i dz a ]_w
[_w m o m b o ŋ ɡ a ]_w
[_w b o ŋ ɡ i ŋ ]_w
[_w o ŋ o m b a ]_w
[_w dz aː ɡ a ]_w
[_w n a m b a ŋ ]_w
[_w f i l i b a i ]_w
[_w ɡ o m b a ŋ ]_w
[_w kp aː t o ]_w
[_w o m e ]_w
[_w e w u j a ]_w
[_w dz a m o ]_w
[_w kp a m b i a w o ]_w
[_w k a l e s i a ]_w
[_w u t u k i a ]_w
[_w m o n t o ŋ a ]_w
[_w p aː ɡ e ŋ ɡ a ]_w
[_w m e r i a w o ]_w
[_w k uː r o ]_w
[_w a i k o n a n a ]_w
[_w t a m a ]_w
[_w k o ɡ aː ŋ a ]_w
[_w dz e n ]_w
[_w k o r a w aː ]_w
[_w e s u ŋ a ]_w
[_w b a m b aː ]_w
[_w a n o ]_w
[_w m i r i a ]_w
[_w a s a ŋ ɡ i t o ]_w
[_w kp aː ɡ o ]_w
[_w k eː n a ]_w
[_w n o n oː n o ŋ ]_w
[_w m o ts a o ]_w
[_w ɡ o d u n o ]_w
[_w dz iː s a s ]_w
[_w dz e t aː ]_w
[_w k o k aː ]_w
[_w n o r o w o ]_w
[_w ɡ a w a n a n aː ]_w
[_w a u a ]_w
[_w k o ŋ ɡ o ]_w
[_w k a r e n a ]_w
[_w j a m b u ]_w
[_w w a ŋ ]_w
[_w d e ɡ o n a ]_w
[_w a s u ɡ i w aː ]_w
[_w s u r eː ŋ ]_w
[_w aː r u ɡ i a ]_w
[_w n oː dz o ŋ ]_w
[_w w a l a ]_w
[_w n o r o n a ]_w
[_w n a k u ]_w
[_w dz i a ]_w
[_w a b o ]_w
[_w o r o ŋ ]_w
[_w a ŋ ɡ o l e ŋ ]_w
[_w k o ɡ i ]_w
[_w i s aː n o ŋ ]_w
[_w o ŋ o ŋ ɡ i ]_w
[_w t uː j aː ]_w
[_w iː n o ŋ ]_w
[_w n o n dz u t i ]_w
[_w k o l oː dz u ]_w
[_w kp e dz u ]_w
[_w d oː dz a ]_w
[_w a r e ŋ k o ŋ ]_w
[_w m a ŋ aː n o ŋ ]_w
[_w ɡ uː n o ŋ ]_w
[_w m u b u j a ]_w
[_w w a p a ]_w
[_w n oː a ]_w
[_w ɡ o u ɡ i ]_w
[_w b i ŋ a w o ]_w
[_w m o s o m a ]_w
[_w dz e r o t a ]_w
[_w o m a j a ]_w
[_w m a ŋ ]_w
[_w o ŋ oː n o ŋ ]_w
[_w k o m u r o ]_w
[_w k i ŋ n o ŋ ]_w
[_w k o m b aː ]_w
[_w j u r o b ]_w
[_w s o m b a ]_w
[_w n a ɡ u n o ŋ ]_w
[_w ɡ o ŋ ɡb a r a ]_w
[_w i ŋ iː b u ]_w
[_w n o n o m a e ŋ ]_w
[_w k o i ]_w
[_w e s uː r o ]_w
[_w ɡ o u r o ]_w
[_w w i d i ]_w
[_w m aː b u ]_w
[_w u r o r oː ɡ i ]_w
[_w a m i ŋ ]_w
[_w n e dz o ŋ ]_w
[_w m o k o l oː ŋ ]_w
[_w iː k a n o ŋ ]_w
[_w a s a s a ɡ a ]_w
[_w d a n d o ]_w
[_w dz uː d a s ]_w
[_w s oː ŋ a ]_w
[_w kp i s i ŋ ]_w
[_w dz e w a k eː ŋ ]_w
[_w m u ts u ]_w
[_w d oː r o ]_w
[_w o l o m oː r o ]_w
[_w k iː m a ]_w
[_w l aː r i r o ]_w
[_w l a i o n ]_w
[_w k o s i n i ŋ ]_w
[_w kp o n dz o ŋ ]_w
[_w u ŋ u a m b aː ]_w
[_w u ŋ a j a ]_w
[_w k uː s u n o ŋ ]_w
[_w k o i ŋ ]_w
[_w b a l o m b a ]_w
[_w k o m a ŋ a ]_w
[_w r oː m ]_w
[_w kp a n aː dz o ŋ ]_w
[_w m o dz a ŋ i ]_w
[_w k o t o ts a ŋ ]_w
[_w a m b u ]_w
[_w i ŋ i r o ]_w
[_w h aː m o ]_w
[_w n a ŋ k i s e ŋ ]_w
[_w e dz e ]_w
[_w s u r u ]_w
[_w m u n a ]_w
[_w b u ɡ ]_w
[_w k o t a ]_w
[_w b o m b aː ]_w
[_w n o n a d i ]_w
[_w i ŋ iː k i ]_w
[_w dz e w o n a ɡ a ]_w
[_w s o t o m ]_w
[_w r e n d u ŋ ]_w
[_w k o u dz i ]_w
[_w n e w u ]_w
[_w t i l oː r o ]_w
[_w w a r o ɡ i ]_w
[_w dz uː d a ]_w
[_w ɡ o u k i t o ]_w
[_w dz u ɡ a ]_w
[_w ɡ e m e r o t i ]_w
[_w k i ŋ ]_w
[_w p o t i ]_w
[_w b o u m a ]_w
[_w i w aː dz o ŋ ]_w
[_w k e m b aː ]_w
[_w s m l ]_w
[_w m a ŋ ɡ a ]_w
[_w a i s oː w u ]_w
[_w k o u r o ]_w
[_w e dz a w aː ]_w
[_w oː w e t i ]_w
[_w u r i ]_w
[_w k o t i ɡ a ]_w
[_w e dz a n d o ]_w
[_w k o u ]_w
[_w b o ɡ o r o ŋ ]_w
[_w w a l i ŋ k o ]_w
[_w a r e ŋ a ]_w
[_w uː d a ]_w
[_w n a ŋ k i ]_w
[_w m o p aː ]_w
[_w o w e ŋ ]_w
[_w m e n a k a ]_w
[_w a w a ɡ a ]_w
[_w d o ŋ ɡb a n o ŋ ]_w
[_w k e r i a ]_w
[_w s iː m o l a ŋ ]_w
[_w k a n d r i ]_w
[_w e dz e m b a w o ]_w
[_w i s k a r i o t ]_w
[_w h o ŋ ]_w
[_w s e l e w o ]_w
[_w d r o a s ]_w
[_w p o r a n a ]_w
[_w u r uː ɡ u ŋ ]_w
[_w m a r i a n o ŋ ]_w
[_w s e i w e ]_w
[_w w a s i ŋ ]_w
[_w n o n o n i ]_w
[_w kp aː n a ]_w
[_w kp a m a ]_w
[_w d e r e ]_w
[_w t uː ŋ a n o ŋ ]_w
[_w n e m u ŋ ]_w
[_w r iː r o ]_w
[_w e w aː ]_w
[_w k e w o ]_w
[_w uː d aː ]_w
[_w w o i n a ]_w
[_w dz e ŋ ɡ e dz o ŋ ]_w
[_w h a m o ]_w
[_w o s o ŋ a w o ]_w
[_w m a ŋ a ]_w
[_w kp e a ŋ ɡ o j a ]_w
[_w dz e ɡ i a ]_w
[_w m o m o n o w aː ]_w
[_w t o j a ]_w
[_w o r a s i ŋ ]_w
[_w w o s o b i r i ]_w
[_w kp aː j a ]_w
[_w o ŋ o n i ŋ ]_w
[_w k o w o r o ]_w
[_w kp i ŋ ɡb a o ŋ ]_w
[_w f i l i p n o ŋ ]_w
[_w n o m o r o w aː ]_w
[_w k o m u w e ]_w
[_w k e ŋ k i ]_w
[_w k o d aː ŋ ]_w
[_w ɡ o m b aː ]_w
[_w t a t aː ]_w
[_w k o w o k o ]_w
[_w e ɡ i ]_w
[_w k a ŋ ]_w
[_w n e n i ŋ ]_w
[_w iː m a ]_w
[_w t a o ŋ ]_w
[_w ɡb o s o n o ]_w
[_w n aː m a n ]_w
[_w s a i n a i ]_w
[_w kp a t o ]_w
[_w t u r u r o ]_w
[_w s i m e ŋ ]_w
[_w k a m aː w u ]_w
[_w a m a m aː ŋ ]_w
[_w aː n d a n o ŋ ]_w
[_w kp i l i ]_w
[_w dz e n a ]_w
[_w s e i s e i ]_w
[_w m o ŋ n o ŋ ]_w
[_w m o m o ]_w
[_w b o ŋ k i ]_w
[_w ɡ a s a n o ŋ ]_w
[_w n e ɡ o ŋ a ]_w
[_w m u n i ŋ i ]_w
[_w kp i s i ]_w
[_w t o s a ɡ a ]_w
[_w m u ɡ i ]_w
[_w k o r e ]_w
[_w l a l i ɡ o ŋ ]_w
[_w l i l i ɡ i ]_w
[_w h o ŋ aː ]_w
[_w k o n dz a ]_w
[_w m o m a ɡ e dz u ]_w
[_w dz aː f e t ]_w
[_w o t aː r o ]_w
[_w dz oː s u a ]_w
[_w n a m b aː ]_w
[_w b a b i a n o ŋ ]_w
[_w l u a e n o ŋ a ]_w
[_w ɡ a w o n o ŋ a ]_w
[_w uː t a ]_w
[_w ɡ oː r o ]_w
[_w kp aː j a w o ]_w
[_w s o m a t a ]_w
[_w ɡ e l e ]_w
[_w a n dz a ŋ ]_w
[_w kp e n a ]_w
[_w j a ɡ o w u ]_w
[_w l o j a w o ]_w
[_w ɡ a l e n a n a ]_w
[_w k o r i a ]_w
[_w m u ŋ ɡ a ]_w
[_w s a r a ŋ ]_w
[_w b o r a ŋ ]_w
[_w uː ɡ aː ]_w
[_w e dz a u r u ɡ a ]_w
[_w s o ɡ o n a ]_w
[_w kp a o n o ŋ ]_w
[_w k a ts o b a ]_w
[_w p a ɡ a ]_w
[_w ɡ o r o j a ]_w
[_w m e w o ŋ a ]_w
[_w p o w o w o ]_w
[_w ɡ o t o m a ]_w
[_w s u n e ]_w
[_w n a n d u ŋ ]_w
[_w kp a m b i ]_w
[_w h o r o n o ]_w
[_w k o s o ŋ a w o ]_w
[_w i j a ŋ k i ]_w
[_w j a ɡ o dz e ŋ ]_w
[_w t o t oː ŋ ɡ o ŋ ]_w
[_w dz o m p aː ]_w
[_w a ŋ ɡ u n u ]_w
[_w t o ŋ ɡ o ŋ ]_w
[_w s oː m o ŋ ɡ o ŋ ]_w
[_w m e r i ]_w
[_w ɡ e ŋ ɡ a ]_w
[_w m o t o ɡ i ]_w
[_w dz e w a ]_w
[_w w a r a p a s ]_w
[_w m e r i aː ]_w
[_w w e l e m a l e ]_w
[_w l o b i o ŋ ]_w
[_w dz e dz e w aː ]_w
[_w k o l oː ŋ ]_w
[_w p a b i a ]_w
[_w d a w i n o ŋ ]_w
[_w m u t u j a ]_w
[_w ɡ o w o j a ]_w
[_w k e n d o ]_w
[_w m o dz o n o ]_w
[_w a ŋ k i a ]_w
[_w w a ŋ a ]_w
[_w iː m o l a ŋ ]_w
[_w i j a ŋ ɡ i aː ]_w
[_w w a r o k i a ]_w
[_w u ŋ a ]_w
[_w d oː n d oː ŋ ]_w
[_w oː t a ]_w
[_w kp i s i k i ]_w
[_w m u s u ]_w
[_w r eː ŋ ]_w
[_w kp a kp a dz u t o ]_w
[_w n e w o k i a ]_w
[_w e w aː t i ]_w
[_w r a ɡ i a n o ŋ ]_w
[_w a m a ŋ ]_w
[_w kp i l i aː ]_w
[_w k a dz o ŋ ]_w
[_w oː r o t i ]_w
[_w ɡ o m a ɡ e dz u ]_w
[_w s a l f a ]_w
[_w a l a ]_w
[_w a n u t u n a ]_w
[_w n u n uː ɡ u n a ]_w
[_w t i m o t i ]_w
[_w ɡ i d i ]_w
[_w i ŋ i ɡ i ]_w
[_w n e n e j a ɡ a ]_w
[_w t a n i ŋ aː ŋ ]_w
[_w s e w e n a ɡ a ]_w
[_w e w a ]_w
[_w t o r o t i ]_w
[_w o i l ]_w
[_w s e i ɡ i ]_w
[_w kp e kp e ]_w
[_w k o w e ]_w
[_w m o m b aː ]_w
[_w m e l eː m b u ]_w
[_w p i l i ]_w
[_w k o ɡ aː ]_w
[_w m u r o t i ]_w
[_w f iː t w aː ]_w
[_w t o s i a ]_w
[_w s e m b e ]_w
[_w kp e r e w aː ]_w
[_w dz e ŋ ɡ e dz u ]_w
[_w a p u ]_w
[_w i l a w o i l a ]_w
[_w s e i n i ŋ ]_w
[_w k o l oː r i r o ]_w
[_w n o m a e ŋ ]_w
[_w m o m o n o ]_w
[_w k a i j a k a ]_w
[_w b o l i w aː t i ]_w
[_w k e n dz i ]_w
[_w m u t u j aː ]_w
[_w t i m n a ]_w
[_w r a b aː ]_w
[_w b o w o ]_w
[_w l o k o ]_w
[_w l u a e w aː ]_w
[_w a n a n a ɡ e ŋ ]_w
[_w kp a ɡ o ŋ ]_w
[_w iː ɡ i k iː ŋ ]_w
[_w n o m aː ŋ a ]_w
[_w m e r a n a ]_w
[_w s a j a w o ]_w
[_w k o m o w e ]_w
[_w l e t o ]_w
[_w n aː m a t e ]_w
[_w k o d i ]_w
[_w u m a ŋ a ]_w
[_w iː ɡ a t eː ŋ ]_w
[_w kp a t a ɡ a ]_w
[_w dz aː ɡ oː ]_w
[_w k o s i r o ]_w
[_w k o t o ]_w
[_w m i s i n ]_w
[_w iː dz o ŋ ]_w
[_w ɡ oː l i w e ]_w
[_w l i w a i w aː ]_w
[_w t a w a n a j a ]_w
[_w k i l o ɡ r a m ]_w
[_w k uː dz o ŋ ]_w
[_w b u s u w aː ]_w
[_w m i s a ɡ ]_w
[_w a n u t u n o ]_w
[_w l i t a ]_w
[_w oː ɡ i a ]_w
[_w k o l oː n i ŋ ]_w
[_w k iː n o ŋ ]_w
[_w i s i ]_w
[_w t i ŋ ɡ o w aː ]_w
[_w dz e dz a t o ]_w
[_w t a r u ]_w
[_w r e n d u ]_w
[_w dz e i ]_w
[_w o p o ]_w
[_w k e u m a ]_w
[_w m o t o r o k i ]_w
[_w dz e dz a n d o ]_w
[_w k uː ŋ a ]_w
[_w a ŋ o t eː ŋ ]_w
[_w s e l e n o ŋ ]_w
[_w d o s aː ŋ a ]_w
[_w k eː ɡ i a ]_w
[_w b a d u j a ]_w
[_w t u r u ŋ ]_w
[_w s e i w u ]_w
[_w s oː ŋ ɡ e dz e ŋ ]_w
[_w n oː m a ]_w
[_w a ɡ a t a m b aː ]_w
[_w k o b u ɡ i a ]_w
[_w i j o ŋ o n o ŋ ]_w
[_w m o n e n a ]_w
[_w m o ɡ i ]_w
[_w s i m i ŋ ]_w
[_w t e ɡ o ŋ ]_w
[_w n o m b u j a ]_w
[_w s a i m o n ]_w
[_w t e ɡ o n a ]_w
[_w n o n o n o w aː ]_w
[_w a m a m aː r o ]_w
[_w n o m a ]_w
[_w k e dz i ]_w
[_w e r o ]_w
[_w k a l e t ]_w
[_w k o u ts u ]_w
[_w ɡ o t iː w aː ]_w
[_w j o ŋ oː dz o ŋ ]_w
[_w s a r e j a ɡ a ]_w
[_w t a i ]_w
[_w i j o r oː n o ŋ ]_w
[_w k o r ]_w
[_w m i r i aː ]_w
[_w iː dz e ŋ ]_w
[_w r a dz u t o ]_w
[_w j a k o ŋ ]_w
[_w iː dz u t i ]_w
[_w t u t uː ŋ ]_w
[_w w eː ŋ k o ]_w
[_w a s a r i ŋ ]_w
[_w w a s i ]_w
[_w a s a s a ɡ aː ]_w
[_w ɡ e r i a k a ]_w
[_w a n u t u ]_w
[_w ɡ e m a ]_w
[_w b a t o ɡ o ŋ ]_w
[_w w aː ɡ e ŋ ]_w
[_w ɡ a w a l i ŋ ]_w
[_w t o d o w e ]_w
[_w ɡb a dz u t o ]_w
[_w k o m b u j a ]_w
[_w o l o ɡ a ]_w
[_w k e m e r o t i ]_w
[_w d u r u r o d i ]_w
[_w k e m a ]_w
[_w l o p i o ŋ ]_w
[_w b iː t o ]_w
[_w a ŋ ɡ o n o ]_w
[_w t e r e j a ]_w
[_w t o ŋ ɡ i a ]_w
[_w n u a m b aː ŋ a ]_w
[_w o m e j a ]_w
[_w a f r i k a ]_w
[_w ɡ a r i o t ]_w
[_w a m a k e b u ]_w
[_w b a i l o t ]_w
[_w n eː n o ]_w
[_w k a w o ]_w
[_w ɡ o t iː dz o ŋ ]_w
[_w w aː m a ŋ a ]_w
[_w ts e ɡ i ]_w
[_w ɡ e u b u j a ]_w
[_w j a m a ɡ e dz u ]_w
[_w u ŋ u a m a ]_w
[_w k aː ŋ ]_w
[_w dz oː n a ]_w
[_w d a m b aː ]_w
[_w k a s u ]_w
[_w i w o i n o ŋ ]_w
[_w uː ɡ i ]_w
[_w s o p a ]_w
[_w uː n a n o ŋ ]_w
[_w kp aː m uː ŋ ]_w
[_w ɡ a l e ŋ ]_w
[_w w a t o ]_w
[_w b oː l w o ]_w
[_w k a m aː ŋ ]_w
[_w w a s a n o ]_w
[_w i dz o w a o ]_w
[_w w e l e ŋ ]_w
[_w ts e dz u ]_w
[_w j o r oː ]_w
[_w dz uː n o ŋ ]_w
[_w iː dz a ŋ i ]_w
[_w k a o ŋ ]_w
[_w dz i n o ŋ ]_w
[_w k o t o r i ŋ ]_w
[_w s e l e ]_w
[_w i w o i w o ]_w
[_w m o p e t i ]_w
[_w k o t o dz e ŋ i ]_w
[_w kp o s o m a ]_w
[_w k uː w e ]_w
[_w dz i k o ]_w
[_w m u r o t o ]_w
[_w m o b u j a ]_w
[_w k e n dz a m i n ]_w
[_w k a l u ɡ o ŋ ]_w
[_w dz u l u ]_w
[_w o l o m a ]_w
[_w dz u j a ]_w
[_w m i n t a ŋ a ]_w
[_w k o t a ɡ o ŋ ]_w
[_w dz e dz u ]_w
[_w k i ŋ a ]_w
[_w a ŋ ɡ i aː ]_w
[_w e s u ]_w
[_w ɡ uː r o t i ]_w
[_w k o m a k e dz u ]_w
[_w n u n u ŋ a ]_w
[_w k o ɡ aː m b a ]_w
[_w ɡ a w o ]_w
[_w a m a m aː ɡ i ]_w
[_w ɡ a m a ŋ ]_w
[_w l aː r i n i ŋ ]_w
[_w t a w a k aː ]_w
[_w s a r e ]_w
[_w k e m b u r u ŋ ]_w
[_w k e m e ŋ ]_w
[_w n a m o w aː ]_w
[_w b r o w i n s ]_w
[_w oː w e ]_w
[_w t a ɡ a n o ŋ ]_w
[_w k o s i ŋ ]_w
[_w s iː m o l o ŋ a ]_w
[_w i j o ŋ o w o ]_w
[_w m u b e ]_w
[_w ts i n i ŋ ]_w
[_w k a dz o b a ]_w
[_w b a ŋ ɡ a r aː ]_w
[_w s u n d u j a ]_w
[_w t e r a n o ŋ ]_w
[_w n u n u a n o ]_w
[_w s o p a j a ]_w
[_w n e w e ]_w
[_w n o r o m a ]_w
[_w m o a p ]_w
[_w a m a m b aː ]_w
[_w ɡ u b u ]_w
[_w e l i k o k i a ]_w
[_w ɡ uː n a ]_w
[_w a l a t a j a ]_w
[_w t o r o ]_w
[_w a r d e m i s ]_w
[_w s e l ]_w
[_w m o p o m b aː ]_w
[_w m aː r o ]_w
[_w kp e l eː m a ]_w
[_w dz e ɡ i t i ]_w
[_w t aː ŋ a ]_w
[_w i ts o r o ]_w
[_w m a n dz a ŋ ]_w
[_w a m b a d o ]_w
[_w m o n e ŋ ]_w
[_w t a n i ]_w
[_w k o n dz i ]_w
[_w e m b i a ]_w
[_w s iː ŋ n a ]_w
[_w t o r o t a ]_w
[_w h a m o kp e kp e ]_w
[_w k o t aː ŋ ]_w
[_w u n a ɡ a ]_w
[_w dz e r o t ]_w
[_w s u l u r o ]_w
[_w k a dz i a ]_w
[_w k i l i n a ]_w
[_w m o b u ]_w
[_w w aː m a ]_w
[_w t o j aː n o ŋ ]_w
[_w e ɡ i t a ]_w
[_w b e t l e h e m ]_w
[_w s i ɡ i ]_w
[_w d a ŋ ɡ i ]_w
[_w d o ŋ ɡ o ]_w
[_w dz aː n o ŋ ]_w
[_w s oː ŋ k e dz a ]_w
[_w h i p r uː ]_w
[_w u b a o ]_w
[_w dz aː w o ]_w
[_w k o w o j a ]_w
[_w uː k i ]_w
[_w oː m u l u ]_w
[_w e dz u ]_w
[_w h i n a ]_w
[_w m a ŋ a t i ]_w
[_w m a ŋ a n o ŋ ]_w
[_w a b u j a w o ]_w
[_w ɡ o u p aː ]_w
[_w dz e ŋ ]_w
[_w m o ŋ ɡ a m a ]_w
[_w a r e ŋ ]_w
[_w s i l w a ]_w
[_w k e m b o dz o ŋ ]_w
[_w n u n u a m a ]_w
[_w l aː r i w u ]_w
[_w w e l e ŋ a ]_w
[_w a ŋ a ]_w
[_w l oː r i ]_w
[_w m a t j uː ]_w
[_w n i w o ]_w
[_w k o u l n o ŋ ]_w
[_w w a ŋ s iː ]_w
[_w w a m a ]_w
[_w f i ɡ ]_w
[_w l e a w aː ]_w
[_w k o r o ]_w
[_w ɡ o w o r o r o ]_w
[_w t a r s u s ]_w
[_w ɡ a o ŋ ɡ i ]_w
[_w s iː ŋ k i a ]_w
[_w j a m b u j a ]_w
[_w uː k a l e ŋ ]_w
[_w n e w o ŋ ]_w
[_w n e n e ]_w
[_w s a j a n o ŋ ]_w
[_w kp e w o m b aː ]_w
[_w u s u ɡ i w e ]_w
[_w k e n d o ŋ ]_w
[_w kp i s i r o ]_w
[_w k uː j a n o ŋ ]_w
[_w l o l oː ŋ ]_w
[_w m e r a n o ŋ ]_w
[_w dz a w i ŋ a ]_w
[_w dz a r i ŋ ]_w
[_w d u t uː w u ]_w
[_w o ŋ o n o t i ]_w
[_w k o l oː w aː ]_w
[_w o r o r o ŋ ]_w
[_w k e m a kp e kp e ]_w
[_w o r o r o ŋ k i ]_w
[_w k a r a ]_w
[_w k a w o ŋ ɡ a ]_w
[_w k eː ɡ a ]_w
[_w r o k a ]_w
[_w ɡ uː dz a ]_w
[_w a b u n o ŋ ]_w
[_w k o b oː ŋ ]_w
[_w a m a n a s ]_w
[_w a o ŋ ɡ e dz o ŋ ]_w
[_w k o t iː w aː ]_w
[_w k o n i a m ]_w
[_w s o r aː j aː ]_w
[_w iː k a ]_w
[_w kp a k i t o ]_w
[_w k o w i a ]_w
[_w b e ŋ a ]_w
[_w ɡ a n a n a ]_w
[_w u s u ɡ i r o ]_w
[_w m o n o ŋ ]_w
[_w i r o ŋ a ]_w
[_w k e u b u ]_w
[_w ɡ o s i w aː ]_w
[_w a n a ]_w
[_w k e i n o ŋ ]_w
[_w s o ŋ kp a m a ]_w
[_w dz o b a ɡ a ]_w
[_w b e r e ]_w
[_w n eː n a ]_w
[_w l eː l eː ]_w
[_w u ŋ a j a w o ]_w
[_w kp a n o ŋ ]_w
[_w a b u w aː ]_w
[_w dz e w o ŋ ]_w
[_w k o s i k o ɡ i ]_w
[_w b u ŋ a ]_w
[_w k o n a ɡ a ]_w
[_w i n d i ŋ ]_w
[_w l a l i ɡ o r o ]_w
[_w b o i ]_w
[_w w a ŋ k o ]_w
[_w m e w a k eː ŋ ]_w
[_w ɡb i s i r o ]_w
[_w a m a n a ]_w
[_w b o t i ]_w
[_w a s a r a ]_w
[_w iː dz i p t ]_w
[_w s a kp i l i aː ]_w
[_w n iː n o ŋ ]_w
[_w a n u t u w aː ]_w
[_w aː t a m ]_w
[_w t a o ŋ k a ]_w
[_w h i p ]_w
[_w s eː m b aː ]_w
[_w t o s a ]_w
[_w u m a ɡ e dz i a ]_w
[_w dz e w aː ]_w
[_w n o r o ]_w
[_w kp a d a ]_w
[_w h a ɡ o k i a ]_w
[_w kp e n dz aː r o ]_w
[_w k a m u ]_w
[_w a m b a ŋ ]_w
[_w l o p o j a ]_w
[_w k a w o n o ŋ ]_w
[_w a l a n dz a ŋ ]_w
[_w n o n o t i w aː ]_w
[_w a m o r ]_w
[_w m u t u ]_w
[_w a s a r i n i ŋ ]_w
[_w m a ŋ n a n a ]_w
[_w dz o n ]_w
[_w n eː n aː ]_w
[_w t i ŋ t u a ŋ ]_w
[_w r a p a k a ]_w
[_w o m e j a w o ]_w
[_w k o n o ŋ ]_w
[_w kp aː n aː ]_w
[_w d o w o j aː ]_w
[_w dz e w u j a ]_w
[_w k eː m e j a ]_w
[_w o r o m a ]_w
[_w uː n a n o ]_w
[_w u s u m a ŋ a ]_w
[_w s o k o n a ]_w
[_w t e ɡ o w aː ]_w
[_w kp e ɡ i t o ]_w
[_w l i w a i ]_w
[_w a l aː l a ]_w
[_w b a s o w a ]_w
[_w ɡ aː ŋ ]_w
[_w kp i l i k i ]_w
[_w m e m e l o l o ]_w
[_w e r o t i ]_w
[_w iː m a s iː ŋ ]_w
[_w k a n a n o ŋ ]_w
[_w n a n o ŋ ]_w
[_w m a l d a ]_w
[_w dz i o dz ]_w
[_w k a i a f a s ]_w
[_w k a ŋ ɡ i s e ŋ ]_w
[_w ts e w o ŋ a ]_w
[_w k o t i ŋ ]_w
[_w s o r o ]_w
[_w t o t o w u j a ]_w
[_w uː m e l eː n i ]_w
[_w ɡ i m b aː ]_w
[_w k a w e ]_w
[_w n e m u ŋ aː ]_w
[_w k o m u ]_w
[_w j a m b u t i ]_w
[_w a t a ]_w
[_w a o dz a ]_w
[_w k uː j a ]_w
[_w iː k i ɡ iː ŋ ]_w
[_w kp i l i ŋ ]_w
[_w uː kp e kp e ]_w
[_w ɡb a k oː m a ]_w
[_w p a ɡ i a ]_w
[_w m o t o ŋ ]_w
[_w ɡ e u n i ŋ i ]_w
[_w ɡb a s u aː ŋ ]_w
[_w dz aː k a ]_w
[_w ɡ o n dz e ŋ ]_w
[_w r a p a ]_w
[_w a n u t u ɡ ]_w
[_w n e w a ]_w
[_w s oː n o ŋ ]_w
[_w oː t a n o ŋ ]_w
[_w k a t ]_w
[_w a n dz e ŋ i ]_w
[_w h a w i l a ]_w
[_w k o u n i ŋ i ]_w
[_w k a s a ]_w
[_w i n aː ŋ ]_w
[_w a l i w aː ]_w
[_w r iː t a m a ]_w
[_w b o l i ɡ aː ]_w
[_w s e l e k a ]_w
[_w m o n o w o ]_w
[_w d oː ŋ ɡ o ŋ ]_w
[_w b u dz u ]_w
[_w a l i a ]_w
[_w m e s a o w e ]_w
[_w dz e i ɡ o p ]_w
[_w kp aː ɡ a ]_w
[_w l i p i a ]_w
[_w m o b aː t i ]_w
[_w m o ŋ ɡ e p u ]_w
[_w h o ŋ ɡ i ]_w
[_w t e r e ]_w
[_w d i m b i n o ŋ ]_w
[_w k a ts u ]_w
[_w a p r a m n o ŋ ]_w
[_w oː s i r i r o ]_w
[_w ɡ u a ŋ k i aː ]_w
[_w k a m e l ]_w
[_w w e ŋ k e dz e ŋ ]_w
[_w ɡ o m b u j a ]_w
[_w m o r o ŋ a ]_w
[_w a i ŋ n o ŋ ]_w
[_w n o n a ]_w
[_w l u a e n o ŋ ]_w
[_w uː s iː ŋ ɡ i aː ]_w
[_w dz u r a j a ]_w
[_w dz i ŋ dz a u ŋ ]_w
[_w e w a o ]_w
[_w t iː k i ]_w
[_w dz e ŋ k e dz i ]_w
[_w m a l o j a w o ]_w
[_w d e n ]_w
[_w s t iː w e n ]_w
[_w l o l o ]_w
[_w i j a ŋ ɡ i ]_w
[_w s a ɡ a ]_w
[_w p o ŋ ɡ i a ]_w
[_w s o ɡ o n o ŋ ]_w
[_w ɡ o w o w o ŋ ]_w
[_w j a ɡ o w aː ]_w
[_w e r i ]_w
[_w k i ɡ o ]_w
[_w a ŋ k o w a ]_w
[_w b o l i w e ]_w
[_w p oː l ]_w
[_w s i w e ]_w
[_w a l a t a n o ]_w
[_w s i r d i s ]_w
[_w j a m p u j a ]_w
[_w k uː ŋ n o ŋ ]_w
[_w l aː r i dz u ]_w
[_w r a p aː t i ]_w
[_w aː s o n o ŋ ]_w
[_w ɡ o l oː r i ]_w
[_w u n u ŋ a ]_w
[_w m o b a ]_w
[_w d o s i a n o ŋ ]_w
[_w ɡ a b a ]_w
[_w m u b aː d i ]_w
[_w a o ŋ ]_w
[_w kp e a ŋ k o r o ]_w
[_w k o m u ɡ i ]_w
[_w t a t a ]_w
[_w m o m b o ]_w
[_w b o ŋ ɡ a ]_w
[_w ɡ o w i ]_w
[_w m o dz a ]_w
[_w k o dz a ]_w
[_w k a w a ]_w
[_w b oː l n o ŋ ]_w
[_w kp e ŋ ɡ e b u ]_w
[_w s o j a n o ŋ ]_w
[_w kp e t aː l i ŋ ]_w
[_w a s u ɡ i ɡ i ]_w
[_w k e r i a w o ]_w
[_w a l i w aː t i ]_w
[_w a m b u j a ]_w
[_w u k i ]_w
[_w t o ɡ o ɡ i ]_w
[_w l aː r i ŋ ]_w
[_w n u ŋ ]_w
[_w a m i ɡ i ɡ iː ŋ ]_w
[_w m o m o ɡ i t o ]_w
[_w j o ŋ oː n o ]_w
[_w t i r i ŋ ɡ i ]_w
[_w ɡ e n dz u t i ]_w
[_w u ŋ u ŋ ]_w
[_w k i l e a t ]_w
[_w m o m o j a ]_w
[_w l a m a ]_w
[_w e s u ŋ n o ŋ ]_w
[_w t a ɡ a ]_w
[_w dz o k a ŋ a ]_w
[_w n o n o n a ]_w
[_w o ŋ o n o t o ]_w
[_w s o r aː j a ]_w
[_w d iː ɡ i ]_w
[_w m i t i a ]_w
[_w t i l oː ŋ ]_w
[_w uː m o t oː ŋ ɡ o ]_w
[_w m u b aː t i ]_w
[_w k aː r o ]_w
[_w m o ŋ ɡ a ]_w
[_w o l i ɡ aː ]_w
[_w b iː w i a ]_w
[_w dz u kp u m a ]_w
[_w r a m a ]_w
[_w b o ŋ n a ]_w
[_w b o r o ]_w
[_w kp o s o m b u ŋ ]_w
[_w i s a ɡ ]_w
[_w m a l o n o ŋ ]_w
[_w s uː ŋ ɡ o ŋ ]_w
[_w k eː ŋ k aː ]_w
[_w a n o t i ]_w
[_w p r o m i s ]_w
[_w d e r e j a ɡ a ]_w
[_w n o ŋ ɡ i a ]_w
[_w a i ŋ ɡ i a ]_w
[_w a o a o ]_w
[_w kp a r o ]_w
[_w s aː b u ]_w
[_w a k r i b a ]_w
[_w m e n i ŋ ]_w
[_w u t e ɡ u t e ]_w
[_w k e m a ŋ a ]_w
[_w k i dz o w e ]_w
[_w dz aː dz aː ]_w
[_w m o r o w aː ]_w
[_w j o ŋ ]_w
[_w m i r i w aː ]_w
[_w ɡ a l e ŋ a ]_w
[_w k a w o ŋ a t i ]_w
[_w ts e w e n a n a ]_w
[_w n a m a ]_w
[_w r a r i ]_w
[_w k oː m u j a w o ]_w
[_w o ŋ o n a ɡ a ]_w
[_w m a m r e ]_w
[_w i dz o r o ]_w
[_w e l i f a dz ]_w
[_w s p e i n ]_w
[_w a s a r i w e ŋ ]_w
[_w dz o b a j a ]_w
[_w t o m a ]_w
[_w h aː m ]_w
[_w o ŋ o w o ]_w
[_w ɡ a r i ŋ ]_w
[_w k o ɡ a n o ŋ ]_w
[_w b a b i a j a ]_w
[_w k a w a l i ]_w
[_w f i l i a w o ]_w
[_w k i t i ]_w
[_w k o d o r o ŋ ]_w
[_w i dz o w u ]_w
[_w k a n a ɡ a t i ]_w
[_w m e r a ]_w
[_w a d e n s ]_w
[_w k a b a ]_w
[_w s iː t a ]_w
[_w a n a k e ŋ ]_w
[_w n e k o ŋ ]_w
[_w i n dz a r e r e ]_w
[_w a n dz u ]_w
[_w t e s ]_w
[_w u dz u ŋ ɡ o ŋ ]_w
[_w m aː m a ]_w
[_w j o ŋ o n o ŋ ]_w
[_w i s i ɡ ]_w
[_w a ŋ aː dz o ŋ ]_w
[_w k i t o ]_w
[_w ɡb a o ŋ ]_w
[_w iː r i ]_w
[_w o ŋ o t aː ŋ ]_w
[_w ɡ o i ŋ n o ŋ ]_w
[_w i j a ŋ o ]_w
[_w o ŋ o m b u t i ]_w
[_w k a n i a ]_w
[_w d o ŋ ɡ i ŋ ]_w
[_w r a b a s ]_w
[_w m u n t a j a ]_w
[_w kp o t o ɡ i ]_w
[_w s o n t a ]_w
[_w t o r o kp e ŋ ]_w
[_w k e m a ɡ e dz i ]_w
[_w l i l i ɡ i a ]_w
[_w h o r o r o ]_w
[_w m o t oː ŋ ]_w
[_w uː l u a e ]_w
[_w t o w e ]_w
[_w b oː l ]_w
[_w w a l a ɡ a ]_w
[_w b aː t i ]_w
[_w b aː l i ]_w
[_w w o i n o ŋ ]_w
[_w k e n i ]_w
[_w e f e s u s ]_w
[_w s i t i m ]_w
[_w d a o ŋ a n o ŋ ]_w
[_w b o r o k i ]_w
[_w k e m e b u j a ]_w
[_w dz e ɡ i t a ]_w
[_w kp a n i a ]_w
[_w t e ɡ o j a ]_w
[_w m e t o ɡ o w aː ]_w
[_w k oː r a ]_w
[_w n a m o n o ŋ a ]_w
[_w ɡ u w e ]_w
[_w b a l aː m ]_w
[_w i s m a e l ]_w
[_w a r u ŋ a ]_w
[_w kp i s i ɡ i ]_w
[_w a l a n dz a ]_w
[_w k o n i ŋ ]_w
[_w s iː ŋ n a n o ]_w
[_w a s u ɡ i dz i ]_w
[_w a w aː n o ŋ ]_w
[_w n o n oː n o ]_w
[_w k o l oː r o ]_w
[_w l i w a i t ]_w
[_w a w a w a l i ]_w
[_w k a l a ŋ ]_w
[_w b eː t a ]_w
[_w aː s o ]_w
[_w b i w iː ŋ ]_w
[_w b a b i a ]_w
[_w dz aː ɡ a n o ŋ ]_w
[_w uː m e l eː m a ]_w
[_w w e l e ɡ a ]_w
[_w f i l i s i ]_w
[_w o l o ŋ ]_w
[_w u t a m a ]_w
[_w kp e w a ɡ eː ŋ ]_w
[_w r uː d n o ŋ ]_w
[_w b a r a ŋ a ]_w
[_w n u a m b e t o ]_w
[_w aː n t a n o ŋ ]_w
[_w dz e ŋ k oː t o ]_w
[_w k e u b e ]_w
[_w dz i w o w o ŋ ]_w
[_w f i l ]_w
[_w s e i r o ]_w
[_w ɡ a l e t ]_w
[_w k o m u ɡ i t o ]_w
[_w s o m b i n o ŋ ]_w
[_w o s o ]_w
[_w a s a r i dz a ŋ ]_w
[_w d a n i a ]_w
[_w w a s i r o ]_w
[_w b o ŋ n a n a ]_w
[_w d u s iː ]_w
[_w k a l i l i ]_w
[_w b e l a ]_w
[_w ɡ o m o r i ]_w
[_w d a ɡ a ]_w
[_w k a l u ]_w
[_w b u ŋ a j a ]_w
[_w n e ɡ o ŋ ]_w
[_w ɡ e s o ]_w
[_w o r o j a ]_w
[_w k i l i w a ]_w
[_w k e d e ]_w
[_w t a o n o t i ]_w
[_w ɡ o s i n i ŋ ]_w
[_w iː b o ŋ a ]_w
[_w ɡ o l oː w e ]_w
[_w h aː ɡ a r a ]_w
[_w r a p e ]_w
[_w k e l e ]_w
[_w d u r u ŋ ]_w
[_w s a t a n a ]_w
[_w k o i p u ]_w
[_w o n e s i m u s ]_w
[_w k iː s a ŋ ]_w
[_w s i k i ]_w
[_w m i n d a ŋ a ]_w
[_w b o ŋ ]_w
[_w dz a w o j a ]_w
[_w k o l oː w a ]_w
[_w ɡ a m u ]_w
[_w k a s i ŋ ]_w
[_w ɡ o ŋ ]_w
[_w w a ŋ n a n a ]_w
[_w t oː ɡ i a ]_w
[_w m u ŋ ɡ e dz e ŋ ]_w
[_w h oː s ]_w
[_w b o ŋ a ]_w
[_w t o r o ɡ a ]_w
[_w j o ŋ o n a ɡ a ]_w
[_w n e w o ɡ i a ]_w
[_w t o n d oː ŋ ]_w
[_w ts u j a n o ŋ ]_w
[_w t i ŋ ɡ o ]_w
[_w n o m e s a o ŋ ]_w
[_w b o k o r o ]_w
[_w a m a ŋ a ]_w
[_w n o m b aː ]_w
[_w m e ŋ ɡ e dz o ŋ ]_w
[_w k o ŋ ]_w
[_w k a k i d i ]_w
[_w d o l o k aː ]_w
[_w uː w aː ]_w
[_w t a m u j a w o ]_w
[_w a n u t u w o ]_w
[_w h o n o ŋ ]_w
[_w a r e ŋ aː ]_w
[_w k o u r o t i ]_w
[_w k o ŋ ɡ i a ]_w
[_w e r o t a ]_w
[_w aː n t a n o ]_w
[_w s o m b u t i ]_w
[_w s iː f a s ]_w
[_w s aː l i ŋ ]_w
[_w k a w u ]_w
[_w d o j a ]_w
[_w k o w e w aː ]_w
[_w t o j aː ]_w
[_w u dz a ]_w
[_w w o m p aː t i ]_w
[_w n e dz i ]_w
[_w n o n dz a ]_w
[_w m u m a ŋ a ]_w
[_w a dz u n o ŋ ]_w
[_w k o t o k i t o ]_w
[_w h o r o n o ŋ ]_w
[_w t aː m a ]_w
[_w n a m b u ]_w
[_w uː ɡ i a ]_w
[_w u r o ]_w
[_w kp e dz a ]_w
[_w m i r i w e ]_w
[_w k a n i a n o ŋ ]_w
[_w t a w i n o ŋ ]_w
[_w uː k i a n o ŋ ]_w
[_w m o r o ]_w
[_w t iː w aː ]_w
[_w r o ŋ n o ŋ ]_w
[_w k e i n a n a ]_w
[_w l u a e ]_w
[_w dz e n e ŋ ɡ i a ]_w
[_w b e n d o ŋ ]_w
[_w n e n e k i t i ]_w
[_w kp e n d eː m a ]_w
[_w dz o ts o r i ]_w
[_w s i l o a m ]_w
[_w e s u ŋ ɡ a ]_w
[_w k oː m u ]_w
[_w b aː t a n o ŋ ]_w
[_w kp a m b i w aː ]_w
[_w kp e l e ]_w
[_w b a k a ]_w
[_w d o ŋ ɡ o ŋ ]_w
[_w s i l i a ]_w
[_w l o m b a ŋ a ]_w
[_w dz o n o ]_w
[_w m e r i a n o ŋ ]_w
[_w s o ŋ ɡb a m a ]_w
[_w w a b a j a ]_w
[_w l a l a ŋ ]_w
[_w r a ts a ]_w
[_w p u s u n aː ]_w
[_w m e l eː ŋ k i ]_w
[_w k oː r o ]_w
[_w dz e ŋ n e m b a ]_w
[_w p i l o n ɡ ]_w
[_w w a n dz a ŋ a ]_w
[_w s o ŋ ɡ o ŋ a ]_w
[_w k uː ŋ ɡ e dz i ]_w
[_w e dz e m b a ]_w
[_w l o b o j a ]_w
[_w p u ŋ a ɡ i a ]_w
[_w aː r o n ]_w
[_w k o u b e t i ]_w
[_w a s u ɡ i ŋ ]_w
[_w b o ŋ n a n aː ]_w
[_w u ŋ uː ɡ u dz a ]_w
[_w m o b a ɡ o ŋ ]_w
[_w s i s i ɡ i aː ]_w
[_w w eː m b aː ]_w
[_w u b e ]_w
[_w m o t oː ŋ ɡ o ]_w
[_w w o s o ɡ i a ]_w
[_w n e k i a ]_w
[_w s i l i ]_w
[_w e m b a n o ŋ a ]_w
[_w s a p a t ]_w
[_w dz e dz e w i l i ]_w
[_w k o t o k o j a ]_w
[_w a r e ŋ n o ŋ ]_w
[_w ɡ a m b a ŋ ]_w
[_w p o l i dz i ]_w
[_w m e r a n aː ]_w
[_w k oː ŋ ]_w
[_w dz i ɡ o j a ]_w
[_w t a ŋ ɡ i t i ]_w
[_w w aː b a ]_w
[_w m i n t iː ŋ ]_w
[_w a b a ]_w
[_w k eː ŋ ɡ aː ]_w
[_w dz e t a ]_w
[_w ɡ e r i a w aː ]_w
[_w a dz o r oː ŋ ]_w
[_w i l a i l aː ]_w
[_w n e m a ŋ a t i ]_w
[_w dz a ŋ ɡ i a ]_w
[_w t r o a s ]_w
[_w w eː ŋ a ]_w
[_w j iː s t ]_w
[_w i ts o r i ]_w
[_w oː w e d i ]_w
[_w d o ɡ o ŋ ]_w
[_w k e r a n aː ]_w
[_w t a o ŋ ɡ i a ]_w
[_w k a w o ŋ ɡ i ]_w
[_w a w aː ]_w
[_w e f r a t a ]_w
[_w a ŋ ɡ i t o ]_w
[_w m o b aː ]_w
[_w l u l uː m a ]_w
[_w ɡ a ɡ i ]_w
[_w m a ŋ k a ]_w
[_w s o j a ]_w
[_w dz e m a ŋ a ]_w
[_w n e r o ]_w
[_w ɡ i l e a d ]_w
[_w kp e t a n o ŋ a ]_w
[_w iː b e ]_w
[_w d o t o w i ŋ ]_w
[_w k o r a ]_w
[_w a k w i l a ]_w
[_w m i l j o n ]_w
[_w s i r i a ]_w
[_w a i s ]_w
[_w t a n d o j a ]_w
[_w a s a r i r i a ]_w
[_w kp e w e ]_w
[_w t a d a n a ]_w
[_w kp e n d eː ɡ o ]_w
[_w k e m e r o ]_w
[_w n iː m a ]_w
[_w n e w o ]_w
[_w w a ɡ e ]_w
[_w m e b e s eː ŋ ]_w
[_w l a l i ɡ o k i ]_w
[_w m e t oː r o ]_w
[_w a m a n aː ]_w
[_w s iː m o l o ŋ ]_w
[_w n a m a ɡ e dz u ]_w
[_w a b r a m ]_w
[_w n a m b o ŋ a ]_w
[_w k i l i ɡ o dz u ]_w
[_w k e u ɡ i ]_w
[_w k u ŋ k u ŋ ]_w
[_w uː s oː s oː j a ]_w
[_w m o l aː r o ]_w
[_w t e r e n o ŋ ]_w
[_w o r o n s o ŋ ]_w
[_w aː p r a h a m ]_w
[_w l o j aː ]_w
[_w m a ŋ n a ]_w
[_w i m o w a m o ]_w
[_w m o ŋ ɡ o ŋ ]_w
[_w b aː ŋ a w o ]_w
[_w h aː ɡ a r a i a ]_w
[_w a ŋ ɡ o r o ]_w
[_w m i r i a n o ŋ ]_w
[_w f l a u a ]_w
[_w o ŋ o a ŋ ɡ i aː ]_w
[_w k uː r o t i ]_w
[_w dz u m a ]_w
[_w k uː j aː ]_w
[_w m a r t a ]_w
[_w s e n dz o ŋ ]_w
[_w k o t o dz o ŋ ]_w
[_w m u ŋ ]_w
[_w h e i ]_w
[_w k o n o ]_w
[_w u ɡ i ]_w
[_w k a p u a r e ]_w
[_w n o m b u b o ]_w
[_w m e a ɡ o r o ]_w
[_w n a ŋ k o j a ]_w
[_w k o p oː r o ]_w
[_w p o r i ŋ ]_w
[_w m u k i t i ]_w
[_w k e m b e ]_w
[_w d u r ɡ e j ]_w
[_w m a r i a ]_w
[_w f i l i p a i ]_w
[_w a o ŋ ɡ i a ]_w
[_w d o t o ŋ ]_w
[_w u s u k i w e ]_w
[_w a m a ɡ e p u ]_w
[_w iː b o m b aː ]_w
[_w m e n d eː n o ]_w
[_w uː ɡ u dz a ]_w
[_w t i w i l aː ŋ ]_w
[_w m o n e ŋ n o ŋ ]_w
[_w ɡ o m u w u ]_w
[_w t a w a n a ]_w
[_w l a b a m b aː ]_w
[_w t o s i a n o ŋ ]_w
[_w b uː ɡ i a ]_w
[_w oː ŋ s aː ]_w
[_w dz i n i ŋ ]_w
[_w j o ŋ o n o ]_w
[_w h a i ɡ i a ]_w
[_w k oː m u j aː ]_w
[_w w a n ]_w
[_w m o n a ɡ a ]_w
[_w m u dz u t i ]_w
[_w k o l oː dz a ŋ ]_w
[_w s oː ŋ ]_w
[_w dz a i o n ]_w
[_w kp e m b o ŋ a ]_w
[_w m o r o ŋ ]_w
[_w n e s e n a ]_w
[_w ɡ o m u r o t i ]_w
[_w ɡ u l e l e ]_w
[_w s i ŋ k o ŋ ]_w
[_w m o dz o n d o ŋ ]_w
[_w kp a m o ]_w
[_w k o n d e ]_w
[_w a n dz a ]_w
[_w n a ŋ k o k i ]_w
[_w a n o d i ]_w
[_w m i ɡ i ɡ iː ŋ ]_w
[_w k e ŋ ɡ i a ]_w
[_w d a l u ŋ k o ŋ ]_w
[_w m u b e n a ɡ a ]_w
[_w u ŋ u ɡ i ]_w
[_w a s a r i dz u ]_w
[_w a i w e s e n a ]_w
[_w n o m o r o ŋ ]_w
[_w m e ŋ ɡ e p u ]_w
[_w dz i ɡ o ]_w
[_w d o n a n a ]_w
[_w ɡ o m u ŋ ]_w
[_w t i ŋ ɡ o ŋ ]_w
[_w n iː b u j a ]_w
[_w a n a n a k a ]_w
[_w b i l h a ]_w
[_w p o ŋ ɡ a n dz u ]_w
[_w e m b a w o ]_w
[_w m e dz u t o ]_w
[_w w a ŋ ɡ a ]_w
[_w s iː ŋ a n o ŋ ]_w
[_w m e m e ]_w
[_w w a ŋ n a ]_w
[_w a i ŋ a w o ]_w
[_w k a l e ŋ a ]_w
[_w w aː b u t i ]_w
[_w r a r a ]_w
[_w uː b o n dz o ŋ ]_w
[_w o ŋ o m b e ]_w
[_w k i dz o r o t i ]_w
[_w a dz u ]_w
[_w u ŋ uː k u ŋ ]_w
[_w k o u m a p o u ]_w
[_w o r o w o ]_w
[_w t o m b e t o ]_w
[_w e n o s ]_w
[_w w o s o j a ]_w
[_w kp a k a n o ŋ ]_w
[_w p i l h a ]_w
[_w m u ŋ ɡ e ŋ ]_w
[_w m u dz a ŋ ]_w
[_w t i n d i ŋ a ]_w
[_w d o r o kp e ŋ ]_w
[_w b o s i m a ]_w
[_w s o b a j a ]_w
[_w kp o dz o dz a ]_w
[_w m a m b o ŋ a ]_w
[_w m u ŋ ɡ e dz u ]_w
[_w a m a n a n o ŋ ]_w
[_w u b u t i ]_w
[_w w a s i n a ]_w
[_w m e s a o ɡ i ]_w
[_w oː ɡ i t i ]_w
[_w n o r o m b e ]_w
[_w k a n a ]_w
[_w o t a m a ]_w
[_w ɡb a r u ]_w
[_w ɡ o m u n dz u a ]_w
[_w h a m o r ]_w
[_w s i t i w aː ]_w
[_w e dz a ]_w
[_w k o t a kp e kp e ]_w
[_w k o m a n o ŋ ]_w
[_w n o m o r o w o ]_w
[_w s iː ŋ ]_w
[_w n o n o ]_w
[_w k a b u a r e ]_w
[_w t a k i s ]_w
[_w s a k i ŋ ]_w
[_w dz e n a ŋ ]_w
[_w n a n dz a w aː ]_w
[_w e dz a ɡ a ]_w
[_w n a m o n a ɡ a ]_w
[_w kp i l i a ]_w
[_w a m a ]_w
[_w b a l o ŋ a ]_w
[_w m o b u b o ]_w
[_w ɡ o ŋ k o ]_w
[_w t a ŋ ɡ i ŋ ]_w
[_w aː ŋ a ]_w
[_w m a n dz a ]_w
[_w a j o ]_w
[_w ɡ o m a ŋ ]_w
[_w a m b o n i ŋ ]_w
[_w t o ŋ ɡ o ɡ i ]_w
[_w k o u r i ]_w
[_w s a j aː ]_w
[_w ɡ o r e b o r e ]_w
[_w p o r a t i ŋ ]_w
[_w k o p o s o l ]_w
[_w ɡ o d a ]_w
[_w m o r o w o ]_w
[_w ɡ a i j a k a ]_w
[_w k w iː n ]_w
[_w r a ɡ i ]_w
[_w k o ɡ i a ]_w
[_w n aː n a ɡ a ]_w
[_w k a ts o ŋ ]_w
[_w k e m b aː d i ]_w
[_w dz oː s e f ]_w
[_w uː k aː ]_w
[_w k a r o ŋ ]_w
[_w t u s iː t a ]_w
[_w d o r o ]_w
[_w k o r e b o r e ]_w
[_w i ŋ i dz o w e ]_w
[_w iː iː t a ]_w
[_w k aː ŋ a ]_w
[_w s u b u b u ɡ a ]_w
[_w k a e ŋ ]_w
[_w b a r a p e ]_w
[_w m o p o dz o ŋ ]_w
[_w uː t uː d uː ]_w
[_w k a l e ŋ ]_w
[_w k a l e ŋ a ɡ a ]_w
[_w s i l i aː ]_w
[_w u n dz u m a ]_w
[_w m a ŋ ɡ i t o ]_w
[_w k a w m a n ]_w
[_w b o l i w aː ]_w
[_w t a w a k a ]_w
[_w t a t a n o ŋ ]_w
[_w a n d i o k i a ]_w
[_w d o r o j a ]_w
[_w e s u ŋ ]_w
[_w t o r o k o ]_w
[_w kp a m o k a ]_w
[_w m a l o ]_w
[_w a r e ŋ n a n a ]_w
[_w p e t a n o ŋ ]_w
[_w dz e dz e ŋ i ]_w
[_w o ŋ a p o ŋ a ]_w
[_w r a r o t i ]_w
[_w a l a n a ]_w
[_w k o t o m ]_w
[_w m o r ]_w
[_w m e ŋ ɡ e dz u ]_w
[_w kp aː n o ŋ ]_w
[_w n o n dz u ]_w
[_w m e a ɡ o w u ]_w
[_w h e p r o n ]_w
[_w t o ɡ o ŋ ]_w
[_w b e t u ]_w
[_w u ŋ a u ŋ a ]_w
[_w i j a ŋ ɡ i o ]_w
[_w o t aː w u ]_w
[_w m i r i ɡ i ]_w
[_w b a t a n ]_w
[_w a w aː w aː ]_w
[_w k o r i n d ]_w
[_w b o r a t a ]_w
[_w k e ɡ e ŋ aː ]_w
[_w m o t o w u ]_w
[_w a m b a t o ]_w
[_w a s a r i ts a ]_w
[_w a s i a ]_w
[_w k e u b u t i ]_w
[_w dz a ɡ a ŋ a ]_w
[_w iː b u ]_w
[_w o ŋ oː ŋ k i ]_w
[_w n o r o n o ŋ ]_w
[_w ɡb a o m b aː ]_w
[_w o ŋ o n o ]_w
[_w n oː n o ŋ ]_w
[_w s o ɡ o n dz o ŋ ]_w
[_w b e ŋ n a ]_w
[_w ɡ a l e ŋ aː ]_w
[_w m o ŋ k o ŋ ]_w
[_w kp a m o ɡ a ]_w
[_w u s u m a ]_w
[_w oː n o ]_w
[_w o ŋ o m a ŋ a ]_w
[_w kp a m o n a k a ]_w
[_w n o k o ]_w
[_w m e t a n o ŋ ]_w
[_w s o s o m a ]_w
[_w m o k i ]_w
[_w a s a s a k aː ]_w
[_w k a m u n a ]_w
[_w l eː ɡ e ŋ ɡ i a ]_w
[_w p oː l n o ŋ ]_w
[_w kp a kp a dz u ]_w
[_w o ŋ o ]_w
[_w d uː j aː ]_w
[_w n e s e l e n a ]_w
[_w j o ŋ o w o ]_w
[_w ts e dz a d o ]_w
[_w k o m a m b aː ]_w
[_w ŋ aː ɡ i s o ]_w
[_w i ŋ i dz o w aː ]_w
[_w dz a p u ]_w
[_w r iː ŋ ]_w
[_w k o w i ]_w
[_w r uː b e n ]_w
[_w m a ŋ aː ]_w
[_w m aː ɡ ]_w
[_w w a ŋ k o ŋ ]_w
[_w j a ɡ o ŋ ]_w
[_w n oː t ]_w
[_w m a n a ]_w
[_w m aː ɡ i ]_w
[_w k o ɡ o b a ]_w
[_w e f r a t a k a ]_w
[_w p i m oː r o ]_w
[_w m o n a ]_w
[_w uː n a n a ]_w
[_w t u m u ŋ ]_w
[_w i j a ŋ aː ]_w
[_w s oː m o ŋ ɡ a ]_w
[_w s i l i ɡ o w e ]_w
[_w dz aː j a ]_w
[_w o ŋ o n dz o ŋ ]_w
[_w dz a s p a ]_w
[_w e n a ]_w
[_w d o m b e n o ŋ ]_w
[_w m o t oː ŋ k o ]_w
[_w h a l e l u j a ]_w
[_w k a n a n a ]_w
[_w a o r i ]_w
[_w m e w aː ]_w
[_w s o l o ɡ a ]_w
[_w ɡ a l d i a ]_w
[_w a i s oː dz e ŋ ]_w
[_w r a dz u ]_w
[_w ɡ o ɡ i ]_w
[_w n e m u ŋ a ]_w
[_w b a t a n o ŋ a ]_w
[_w o r o n o t i ]_w
[_w e dz i ]_w
[_w kp e n a k a ]_w
[_w aː b e l w aː ]_w
[_w m o r o n s o ŋ ]_w
[_w e u k a n o ŋ ]_w
[_w k a dz e ŋ i ]_w
[_w k o r i a ŋ a ]_w
[_w w a ŋ ɡ o ŋ ]_w
[_w kp aː ɡ a r ]_w
[_w i dz o w aː ]_w
[_w k o ɡ o r o ]_w
[_w k o m b a ŋ ]_w
[_w s a b o ]_w
[_w kp e w a k eː ŋ ]_w
[_w r uː t ]_w
[_w h o ŋ a ]_w
[_w s uː ŋ k o ŋ a ]_w
[_w s i p a ]_w
[_w e u j a n o ŋ ]_w
[_w u ŋ u a n o ]_w
[_w e r o t o ]_w
[_w a n a ɡ a ]_w
[_w d a n i ŋ ]_w
[_w o t o k i ]_w
[_w m e l aː t a ]_w
[_w m e n d eː m a ]_w
[_w w aː ɡ i ]_w
[_w k o l a t i ŋ ]_w
[_w dz a ŋ ɡ o ŋ ]_w
[_w m e r a k a ]_w
[_w ɡb a m b i ]_w
[_w t u t a n o ŋ ]_w
[_w l e i ŋ k o ŋ ]_w
[_w p o i ]_w
[_w i j a ŋ ɡ i a ]_w
[_w w o s o p i r i ]_w
[_w kp a m a k e p u ]_w
[_w m e l eː n o ]_w
[_w k e n o ]_w
[_w b o m b o ŋ a ]_w
[_w o s i ŋ ]_w
[_w i r i m u ŋ ]_w
[_w a s s i r i ŋ ]_w
[_w u n dz u a ]_w
[_w k o ɡ a ]_w
[_w m a ŋ ɡ aː ]_w
[_w w o m b aː ]_w
[_w b u s u ]_w
[_w ɡb a t o ]_w
[_w e w a e w a ŋ a ]_w
[_w t e n ]_w
[_w p i u ɡ e l ]_w
[_w n o n o t a ]_w
[_w t o k o w u ]_w
[_w h a ɡ o ɡ i ]_w
[_w k uː dz e ŋ ]_w
[_w dz oː n a w aː ]_w
[_w m e ɡ i ]_w
[_w e n d u ]_w
[_w j o r o n o ŋ ]_w
[_w u r o t i ]_w
[_w u b u j a ]_w
[_w k e m b aː t i ]_w
[_w n a m b e t o ]_w
[_w k a r oː n o ŋ ]_w
[_w r a r o ]_w
[_w aː ŋ k o ŋ ]_w
[_w k e s o ɡ i a ]_w
[_w d a t a w o ]_w
[_w d eː m a ]_w
[_w t a ŋ ɡ i t a ]_w
[_w s oː l ]_w
[_w dz o p a j a ]_w
[_w ɡ o n i ŋ ]_w
[_w i s aː m a ]_w
[_w p aː ŋ a ]_w
[_w n e ɡ i t i ]_w
[_w k a w o n aː ]_w
[_w t u ŋ n o ŋ ]_w
[_w k a n a n aː ]_w
[_w dz uː t a n o ŋ ]_w
[_w n a o m i w aː ]_w
[_w ɡ o m o r i r o ]_w
[_w ɡ o r a n o ŋ a ]_w
[_w r a dz a ]_w
[_w j a m a k a o ]_w
[_w o ŋ oː ]_w
[_w n e w u j a ]_w
[_w dz o l o ŋ ɡ i ]_w
[_w o p o n o ŋ ]_w
[_w u r u ŋ ]_w
[_w t u t a n o ]_w
[_w p e ŋ ]_w
[_w j o ŋ oː ]_w
[_w k o d i ɡ aː ]_w
[_w k e n dz u d i ]_w
[_w k e u n i ŋ ]_w
[_w k e t a ]_w
[_w k i l i n i ŋ ]_w
[_w a i m a ]_w
[_w m a r o ŋ ]_w
[_w n u a m b e t i ]_w
[_w oː ŋ oː ŋ ]_w
[_w s u n d u n a ]_w
[_w k uː s u ŋ ]_w
[_w m e l eː n i ŋ ]_w
[_w dz a m o w aː ]_w
[_w l a m b e ]_w
[_w k e dz a ]_w
[_w k o m u w u t i ]_w
[_w b uː d a ]_w
[_w ɡ o r o ]_w
[_w kp a r i ]_w
[_w d o s a ]_w
[_w kp i l i a w o ]_w
[_w o r oː ]_w
[_w k o r a n a ]_w
[_w d a o n o ŋ ]_w
[_w ɡ uː j a ]_w
[_w o t aː ŋ ]_w
[_w h o ŋ a ɡ a ]_w
[_w u t i d iː ŋ ]_w
[_w n i ts o ɡ i d o ]_w
[_w iː r o ]_w
[_w m a ŋ k i t i ]_w
[_w d i l i kp a l u ]_w
[_w k a l e ŋ ɡ a ]_w
[_w k a ŋ k i t o ]_w
[_w p a t u j a ]_w
[_w ɡ a dz i ]_w
[_w w a ŋ aː ]_w
[_w uː k i a ]_w
[_w iː k a e ŋ ]_w
[_w i s a ]_w
[_w a m a m aː w u ]_w
[_w kp a p u ŋ a ]_w
[_w iː m a ɡ o ]_w
[_w f a r i s ]_w
[_w m o ŋ k a ]_w
[_w kp a p u ŋ a k a ]_w
[_w i n dz a r i ŋ ]_w
[_w e s u n a ]_w
[_w n u n u ɡ i ]_w
[_w k o r i ŋ ]_w
[_w k i a ŋ ɡ o n o ]_w
[_w w a i n ]_w
[_w n o n o t i ]_w
[_w n e ŋ a ]_w
[_w a m b e t i ]_w
[_w n o n i ŋ ]_w
[_w k o s e r e ]_w
[_w s a t u s iː ]_w
[_w a l a k i a ]_w
[_w s o n d a ]_w
[_w d a e ŋ ɡ e dz i ]_w
[_w ɡ uː ŋ a ]_w
[_w kp e ɡ i ]_w
[_w m e dz i ]_w
[_w n aː h o r ]_w
[_w s oː ŋ ɡ e dz a ]_w
[_w a ŋ a l i ŋ ]_w
[_w iː s oː w aː ]_w
[_w a l a w o i l a ]_w
[_w o t o ŋ ]_w
[_w m u b o ŋ a t i ]_w
[_w w eː ŋ ɡ o ]_w
[_w p o r a ]_w
[_w dz e dz a n o ŋ ]_w
[_w u t u ɡ o r o ]_w
[_w s aː n o ]_w
[_w m o r i a ŋ ]_w
[_w k a n i a n a ]_w
[_w o ŋ oː n o ]_w
[_w n o ŋ ]_w
[_w i w o i ɡ a r ]_w
[_w a t e n s ]_w
[_w j a n o ŋ ]_w
[_w w a t o n o ŋ ]_w
[_w k o b aː w aː ]_w
[_w t o w e j a ]_w
[_w k aː ŋ a n o ŋ a ]_w
[_w i s i ɡ i ]_w
[_w iː ɡ aː ŋ ]_w
[_w j a ŋ o ]_w
[_w e l i ɡ o ɡ i a ]_w
[_w e s u ŋ a n o ŋ ]_w
[_w e s u ŋ n a ]_w
[_w k oː m u j a ]_w
[_w n o n oː ]_w
[_w w aː r o ]_w
[_w kp a n i a j a ]_w
[_w b a l o n o ŋ ]_w
[_w ɡ i r o b o ]_w
[_w k a n t r i a ]_w
[_w aː s o ŋ a ]_w
[_w k o m b u b o ]_w
[_w k aː ŋ aː ]_w
[_w m e r i a w aː ]_w
[_w a m a n o ŋ a ]_w
[_w r a ts o ŋ ]_w
[_w o n d ]_w
[_w ɡb i s i ŋ ɡ i aː ]_w
[_w eː d e n ]_w
[_w d i r i w aː ]_w
[_w dz a ɡ e j a ]_w
[_w ɡ o n d e n o ŋ ]_w
[_w s o s oː t a ]_w
[_w t e k o k i a ]_w
[_w t a o m b aː t i ]_w
[_w m o b o ŋ a t i ]_w
[_w w iː t ]_w
[_w n a n a ]_w
[_w h o ŋ a w o ]_w
[_w a r e ŋ ɡ o ]_w
[_w t a i n a t a n ]_w
[_w k o m u ɡ i a ]_w
[_w m a r a ŋ ]_w
[_w o ŋ o n dz u ]_w
[_w e r o d o ]_w
[_w k a ŋ ɡ e dz o ŋ ]_w
[_w j o r o n s o ŋ ]_w
[_w t uː ŋ n o ŋ ]_w
[_w a ŋ k o n o t i ]_w
[_w a e ŋ ]_w
[_w t o j a n o ŋ ]_w
[_w ɡ e m b aː ]_w
[_w k e ɡ e m b a ]_w
[_w p i s o p ]_w
[_w kp e w u ]_w
[_w d u r u r o ]_w
[_w m a ŋ aː dz o ŋ ]_w
[_w iː ɡ a e ŋ ]_w
[_w aː s o n o ]_w
[_w b o ŋ n aː ]_w
[_w k o n dz e ŋ ]_w
[_w k aː w o j a ]_w
[_w a n a r a ]_w
[_w ɡ o u b aː t o ]_w
[_w d u t uː ŋ ]_w
[_w kp a w e ]_w
[_w dz e r o t n o ŋ ]_w
[_w kp e w o l o ŋ ]_w
[_w n a o m i n o ŋ ]_w
[_w k o t o w i dz a ]_w
[_w k oː l i ŋ ]_w
[_w e u j a n o ŋ a ]_w
[_w b u s u w o ]_w
[_w n a m b u j a ]_w
[_w t a k o ŋ ]_w
[_w t i m b i n o ŋ ]_w
[_w dz aː n a n o ŋ ]_w
[_w k uː n o ŋ ]_w
[_w u b a ]_w
[_w a k i m i ŋ ]_w
[_w o ŋ oː dz o ŋ ]_w
[_w u ŋ u a ɡ i ŋ ]_w
[_w e u ɡ a n o ŋ ]_w
[_w e l i ɡ o w aː ]_w
[_w a p u n o ŋ ]_w
[_w t o ŋ k i a ]_w
[_w k e n a ]_w
[_w k i ɡ i ]_w
[_w k o m u r o t i ]_w
[_w b i m oː r o ]_w
[_w iː n a ]_w
[_w b a l o n ]_w
[_w n o n oː dz o ŋ a ]_w
[_w i n d i ɡ e ŋ ]_w
[_w a k a i a f a s ]_w
[_w r e i h a p ]_w
[_w f aː r a o ]_w
[_w oː ŋ ɡ i ]_w
[_w k o u ɡ i ]_w
[_w d a e ŋ ]_w
[_w u r o r oː ŋ ]_w
[_w s i ŋ ɡ i a ]_w
[_w h a r a m e i ɡ ]_w
[_w h e r o d a ]_w
[_w n i n iː m a ]_w
[_w m u p u ]_w
[_w r a r a n o ŋ ]_w
[_w k a r i o t ]_w
[_w r a b u ]_w
[_w ɡ o n o t a ]_w
[_w uː n a n aː ]_w
[_w t o s aː ŋ a ]_w
[_w a o w u ]_w
[_w u m a ɡ e dz i ]_w
[_w i r i ŋ ]_w
[_w ts e w a ɡ o r o ]_w
[_w ɡ oː l i dz e ŋ ]_w
[_w p a s e m a t ]_w
[_w p e t e l ]_w
[_w kp e w a ɡ a ]_w
[_w t a ɡ o t a ]_w
[_w w a e ɡ i a ]_w
[_w a r o j a w o ]_w
[_w uː ɡ i a n o ŋ ]_w
[_w n e n a n a ]_w
[_w t e r e n a ]_w
[_w k o n dz u t i ]_w
[_w dz o m o ]_w
[_w w eː ŋ ɡ o ɡ i ]_w
[_w l a l i ɡ o dz a ]_w
[_w dz e r o t o ]_w
[_w b eː r s e b a ]_w
[_w k a m u ɡ i t i ]_w
[_w a r t e m i s ]_w
[_w b i l i ]_w
[_w m e w u ]_w
[_w u b o ŋ a ]_w
[_w k o t o ɡ o ŋ ]_w
[_w ɡ i t i ]_w
[_w dz e ɡ i t o ]_w
[_w w o s o m a ]_w
[_w t e ɡ o r o ]_w
[_w k u l u l uː m a ]_w
[_w k o t iː dz e ŋ ]_w
[_w e dz a n o ŋ ]_w
[_w ɡ oː s u ]_w
[_w b o b o r a ]_w
[_w t o t o w i dz a ]_w
[_w s i l i ɡ o dz a ]_w
[_w t a m b aː ]_w
[_w d o m b aː t o ]_w
[_w k o u dz u ]_w
[_w d e m a n ]_w
[_w a s a r i ts u ]_w
[_w m a ŋ ɡ i t i ]_w
[_w a o w a ]_w
[_w w o s o n a ]_w
[_w n e ŋ ]_w
[_w k u n o ]_w
[_w kp a m o n o ŋ ]_w
[_w u r u r o ]_w
[_w m u l u ]_w
[_w t e r e ŋ ]_w
[_w s o t o m b aː ]_w
[_w k o p i p iː ŋ ]_w
[_w k o k a n o ŋ ]_w
[_w k o m aː m b a ]_w
[_w s e l a ]_w
[_w o ŋ oː n o t i ]_w
[_w a s a ]_w
[_w s e l i a ]_w
[_w t oː ŋ a ]_w
[_w t o ŋ h a m o ]_w
[_w d eː ŋ ɡ i ]_w
[_w b o n t i u s ]_w
[_w w a t o w aː ]_w
[_w m o p e ]_w
[_w k o n a ]_w
[_w uː k a l e ŋ a ]_w
[_w i s a n i ]_w
[_w m o t o w i ɡ i ]_w
[_w aː s o j a ]_w
[_w k a w aː ]_w
[_w ɡ o l oː dz u ]_w
[_w k o ŋ u r u ]_w
[_w w aː b aː ]_w
[_w m o r i a ]_w
[_w k oː s u ]_w
[_w kp i s i w e ]_w
[_w a o n i ŋ i ]_w
[_w r o m o ŋ a ]_w
[_w aː s o ŋ a w o ]_w
[_w a r e ŋ k o ]_w
[_w s i l i kp a l u ]_w
[_w s a d u s iː ]_w
[_w a p o s o l ]_w
[_w t a i a ]_w
[_w a s u ɡ i a ]_w
[_w a n dz a w aː ]_w
[_w i dz o n a ]_w
[_w d u ŋ a n o ŋ ]_w
[_w m e s a o w u ]_w
[_w s i w e n o ŋ ]_w
[_w dz a r e r e ]_w
[_w o r o j aː ]_w
[_w j a k o r o ]_w
[_w r uː d ]_w
[_w o ŋ o n ts u ]_w
[_w uː ɡ a n o ŋ ]_w
[_w k o s i w u ]_w
[_w dz i w o w o ]_w
[_w m i n t iː r o ]_w
[_w b e r e t ]_w
[_w u ŋ a u ŋ a n a ]_w
[_w ɡ oː m u ]_w
[_w kp e r o ]_w
[_w m o b e n a k a ]_w
[_w j a ɡ a ]_w
[_w s aː l i r o ]_w
[_w k o t iː n i ŋ ]_w
[_w s u n d u ɡ i a ]_w
[_w m u b a ]_w
[_w k e m b o n o ]_w
[_w p a k a t i ]_w
[_w b o l o s ]_w
[_w kp i n dz i t a ]_w
[_w kp i ɡb i ɡ o ŋ ]_w
[_w h a b ]_w
[_w d a n o ]_w
[_w s a m a ]_w
[_w a m a n o ŋ ]_w
[_w m a m b aː t i ]_w
[_w m e ŋ k e dz a ]_w
[_w l a l i ɡ o dz u ]_w
[_w ɡ o n d oː ŋ ]_w
[_w d o p o r a t a ]_w
[_w w a s i ɡ i a ]_w
[_w r o m b aː ]_w
[_w ɡ o n i ŋ i ]_w
[_w t o ŋ ɡ i ]_w
[_w e n t u ŋ ]_w
[_w w a e n a ]_w
[_w s o ɡ i a ]_w
[_w n e ɡ i a ]_w
[_w dz o l o m a ]_w
[_w a ŋ ɡ o m u ]_w
[_w l oː r i ŋ ]_w
[_w ɡ a m aː w u ]_w
[_w a r e n a ]_w
[_w k a m aː r o ]_w
[_w t a ŋ k i a ]_w
[_w e l a i dz a ]_w
[_w kp aː w aː ]_w
[_w i ŋ iː r o ]_w
[_w k a ɡ i d i ]_w
[_w n a n dz a ŋ a ]_w
[_w m a ŋ n aː ]_w
[_w ɡ o t o m a ŋ a ]_w
[_w n oː ŋ ɡ i ]_w
[_w a l i ŋ k o ŋ ]_w
[_w i s a m b e t i ]_w
[_w k o u b aː ]_w
[_w k i s a m b e ]_w
[_w a o w e n o ŋ ]_w
[_w d u d uː w u ]_w
[_w t o r i r o ]_w
[_w b e ŋ ]_w
[_w a m b o n o ]_w
[_w o l o k aː ]_w
[_w m e r a ɡ a r a ]_w
[_w ɡ o l a t i ŋ ]_w
[_w r o ŋ ]_w
[_w o r o m b e ]_w
[_w w o s o ɡ a ]_w
[_w t o ɡ o ]_w
[_w dz i ɡ o n i ]_w
[_w j o r oː dz o ŋ ]_w
[_w dz e u b a b o ]_w
[_w k u r u n o ŋ ]_w
[_w s a t a m u ]_w
[_w m a m a ɡ a o ]_w
[_w o ŋ o m b o ]_w
[_w u ŋ uː ɡ u ŋ ]_w
[_w w a e k i a ]_w
[_w o r o n o ŋ ]_w
[_w s iː ŋ ɡ i a k a ]_w
[_w s i l e m a ]_w
[_w kp eː s aː ŋ ]_w
[_w uː b o n dz o n o ]_w
[_w o ŋ oː m a ]_w
[_w k e n i ŋ ]_w
[_w k a w o ŋ a ]_w
[_w d i l oː ŋ ]_w
[_w l i l i ɡ o ɡ i ]_w
[_w k a ɡ i t o ]_w
[_w m o t o ɡ i t o ]_w
[_w dz e b u l u n ]_w
[_w a m a ŋ a t i ]_w
[_w k a r e j a ]_w
[_w k o t iː r o ]_w
[_w o l o k o ŋ ]_w
[_w k uː ɡ uː ]_w
[_w r i ɡ i a ]_w
[_w oː s i r i ]_w
[_w k e r i a n o ŋ ]_w
[_w i ŋ i dz o r o ]_w
[_w b u s u n aː ]_w
[_w b o ŋ n a n o ŋ ]_w
[_w iː b aː ]_w
[_w a m i ɡ i ]_w
[_w j o ŋ oː n o ŋ ]_w
[_w k e m b e ŋ a ]_w
[_w iː k a j a ]_w
[_w ɡ a ɡ a r ]_w
[_w l a p a m b aː ]_w
[_w k o m a ]_w
[_w s aː m a ]_w
[_w d i k i ɡ u s ]_w
[_w k a w aː d i ]_w
[_w e dz a u r u n a ]_w
[_w n e m a ŋ a ]_w
[_w n i n i dz o r o ]_w
[_w kp a n i ]_w
[_w d a ɡ ]_w
[_w m aː ɡ e t ]_w
[_w kp a i t a ]_w
[_w dz e r o d o ]_w
[_w i ŋ iː m a ]_w
[_w k e ŋ ɡ a ]_w
[_w w a ts iː ŋ ]_w
[_w j a ɡ o dz a ]_w
[_w k a m a ŋ a ]_w
[_w p a l aː m ]_w
[_w m a l e k u ]_w
[_w a m a w aː ]_w
[_w oː s i r i a ]_w
[_w h a ŋ ɡb a ŋ ]_w
[_w p o l i w e ]_w
[_w k i dz o w aː ]_w
[_w o ŋ o m a ]_w
[_w o ŋ o a ŋ ɡ i a ]_w
[_w dz o dz o ]_w
[_w s i r i ]_w
[_w m o dz u t o ]_w
[_w k e ŋ ɡ i t i ]_w
[_w e m b a j a ]_w
[_w k o m b e ŋ a ]_w
[_w t a r e m u ŋ a ]_w
[_w k u ŋ k i ]_w
[_w t a o m b aː t o ]_w
[_w s a t a n a e l ]_w
[_w m o n o w aː ]_w
[_w k o t o ɡ o ]_w
[_w a i s oː ŋ ]_w
[_w s i l e m o n ]_w
[_w kp e w u b o ]_w
[_w n oː n o ]_w
[_w p e t l e h e m ]_w
[_w m a m p o ]_w
[_w dz i w o w o ŋ a ]_w
[_w kp i s i ɡ i aː ]_w
[_w d a t a ]_w
[_w o ŋ a b o ŋ a ]_w
[_w a ŋ ɡ o ]_w
[_w h e b r o n ]_w
[_w dz a ŋ ɡ o ŋ a ]_w
[_w u s u ɡ i a ]_w
[_w h a r a n dz a ]_w
[_w uː b o n dz o ŋ i ]_w
[_w n o m o r a ]_w
[_w j a ɡ o dz o ]_w
[_w m u dz o ŋ ]_w
[_w o d aː ɡ i ]_w
[_w o b o t o r i ]_w
[_w k oː p i n o ŋ ]_w
[_w ɡ o s i w u ]_w
[_w l aː r i dz a ]_w
[_w oː dz a ]_w
[_w k o l o l oː r o ]_w
[_w m e w aː t i ]_w
[_w e ts i a ]_w
[_w k a r o ]_w
[_w b o r o ŋ ]_w
[_w d u t a n o ŋ ]_w
[_w s a t iː ŋ ]_w
[_w dz oː s e f w o ]_w
[_w k o ŋ ɡ o ŋ ]_w
[_w a b u j a ]_w
[_w m e r a w aː ]_w
[_w k o m a ɡ e dz i ]_w
[_w w a p a ɡ a ]_w
[_w b o ŋ ɡ i a w o ]_w
[_w dz a k e ]_w
[_w r a r a j a ]_w
[_w w o r a ŋ ]_w
[_w i s aː n o ]_w
[_w b iː w i ]_w
[_w n e w o n a k a ]_w
[_w m e a k o r o ]_w
[_w kp i s i ɡ i a ]_w
[_w m e w e ]_w
[_w u s u ŋ a n o ŋ ]_w
[_w o t o ŋ ɡ i ]_w
[_w b aː ŋ a n o ŋ ]_w
[_w s o ɡ o n a m a ]_w
[_w w aː dz a ]_w
[_w w aː b o ŋ a ]_w
[_w e s u j a ]_w
[_w ɡ o l oː ŋ ]_w
[_w i s k a r i ]_w
[_w uː ɡ a r a ]_w
[_w k o m a ŋ a d i ]_w
[_w n e w o n a n a ]_w
[_w m e d a ɡ a ]_w
[_w b u ŋ a j aː ]_w
[_w m o b o ŋ a ]_w
[_w m a ŋ ɡ a r aː ]_w
[_w a f aː ŋ a ]_w
[_w k r a i s t ]_w
[_w k i t i a n o ŋ ]_w
[_w k u dz u b a dz u ]_w
[_w o l o ŋ ɡ i ]_w
[_w m o dz e n d o ]_w
[_w b o r i a ]_w
[_w a ŋ aː ]_w
[_w k e u r o ]_w
[_w w a ŋ ɡ i ]_w
[_w ɡ a ts o ŋ ]_w
[_w b o ŋ a t i ]_w
[_w t u ŋ ]_w
[_w n o ŋ k a ]_w
[_w k a w o ŋ ɡ i a ]_w
[_w l a l i ɡ o ɡ i ]_w
[_w m a r a s i ŋ ]_w
[_w s oː n o ]_w
[_w a n a r aː ]_w
[_w w a l eː m a ]_w
[_w a l a n o ŋ ]_w
[_w m u b aː ]_w
[_w s a m o ]_w
[_w dz a b u ]_w
[_w m e t u s ]_w
[_w i j o ŋ oː ]_w
[_w w a ŋ ɡ i a ]_w
[_w a m b aː ]_w
[_w n a ŋ ɡ i s e ŋ ]_w
[_w b o r o ŋ a ]_w
[_w m o dz i ]_w
[_w a dz u n o ]_w
[_w k o ŋ a ]_w
[_w s oː l n o ŋ ]_w
[_w k o s i k i a ]_w
[_w o s o ɡ a ]_w
[_w o b o t o r o ]_w
[_w f e s t u s ]_w
[_w m u b u j a k a ]_w
[_w t iː ɡ i a ]_w
[_w e r a ]_w
[_w ɡ u s u ]_w
[_w b a t o ]_w
[_w ɡb a p u ]_w
[_w k e n o t o ]_w
[_w k a w o ŋ ]_w
[_w d o w e n a ŋ ]_w
[_w iː m a ŋ a ]_w
[_w k e m b u j a ]_w
[_w s o m a ]_w
[_w r e i dz e l ]_w
[_w e r o t n o ŋ ]_w
[_w dz e ɡ e ŋ aː ]_w
[_w r o ŋ a ]_w
[_w uː m e l eː n dz u ]_w
[_w m e l eː m b e ]_w
[_w e m b a ]_w
[_w n o n dz a ŋ a ]_w
[_w ɡ o ɡ o ]_w
[_w dz e dz a d o ]_w
[_w e t o m ]_w
[_w p u ŋ a ]_w
[_w a d a ]_w
[_w k u m a ]_w
[_w s o t o m p aː ]_w
[_w f i l e m o n ]_w
[_w kp a o n o ]_w
[_w m o dz e ŋ ]_w
[_w k o d o r i r o ]_w
[_w k a m b a d o ]_w
[_w ɡ o m u ɡ i a ]_w
[_w w aː ɡ i a w o ]_w
[_w dz o l o ŋ a ]_w
[_w m o r o t o ]_w
[_w a l a u r u ɡ i ]_w
[_w t u ŋ ɡ u ŋ ]_w
[_w m e w u j a ]_w
[_w iː b a ]_w
[_w ɡ o r a n a ]_w
[_w ts e ŋ ]_w
[_w b u ŋ a k a ]_w
[_w n i dz o ɡ i a ]_w
[_w n u r o ]_w
[_w o r o n a ]_w
[_w u ŋ u a k i r o ]_w
[_w n o n o n a n a ]_w
[_w k o l oː dz e ŋ i ]_w
[_w k e n dz u t i ]_w
[_w m o dz o ŋ i ]_w
[_w m e ɡ i t i ]_w
[_w i w o i ɡ i a ]_w
[_w m o t o ɡ o ŋ ]_w
[_w a i s a ɡ a ]_w
[_w m o ɡ i a ]_w
[_w m u ɡ i t i ]_w
[_w k o m o r i ŋ ]_w
[_w uː k u ŋ ]_w
[_w s aː p u ]_w
[_w b o l i ŋ ]_w
[_w dz e i ɡ o b ]_w
[_w u ŋ u r o ]_w
[_w k o t o dz u ]_w
[_w s i t i ]_w
[_w a p r a m b aː ]_w
[_w k a r e ]_w
[_w s a j a ]_w
[_w o s o k a ]_w
[_w b i ŋ ]_w
[_w kp e t e ɡ o j a ]_w
[_w dz a r i r i a ]_w
[_w k a dz a ]_w
[_w t e r e ɡ e r e ]_w
[_w ɡ o t o ts a ŋ i ]_w
[_w s e i ŋ k e ŋ ]_w
[_w m o b e t i ]_w
[_w e m u ɡ e ŋ ]_w
[_w kp a r u ]_w
[_w dz e i k o b ]_w
[_w kp aː d o ]_w
[_w k o m u w u ]_w
[_w dz a ŋ ]_w
[_w t oː ŋ ]_w
[_w h a r a m ]_w
[_w d i m n a ]_w
[_w p r o w i n o ŋ ]_w
[_w s o n ɡ ]_w
[_w ɡ o m a ŋ a ]_w
[_w k a p a r a ŋ ]_w
[_w kp e w u j a ]_w
[_w dz a ɡ a ɡ a ]_w
[_w dz a n dz a r e t ]_w
[_w ɡ o l oː dz a ]_w
[_w k a i u s ]_w
[_w a s u k i n a ]_w
[_w dz u m p u t o ]_w
[_w k i l i k i ]_w
[_w a p u j a ]_w
[_w s a i m o n o ŋ ]_w
[_w ɡ i l i ŋ ]_w
[_w o s i w u ]_w
[_w p a k i a ]_w
[_w k e ŋ ɡ i ]_w
[_w e n a k a ]_w
[_w ɡ a m u j a ]_w
[_w uː r o ]_w
[_w s o r o j a ]_w
[_w k o l oː dz i ]_w
[_w i w o ]_w
[_w n u n u r o ]_w
[_w p a l o n ]_w
[_w k u r u n a ]_w
[_w a r o j a n o ŋ ]_w
[_w a l a u r u t a ]_w
[_w ɡ o m u r i ]_w
[_w m o dz a ŋ ]_w
[_w dz a k a ŋ a ]_w
[_w i l aː r o ]_w
[_w t oː ɡ i a n o ŋ ]_w
[_w dz e s i ]_w
[_w ɡ oː n o ]_w
[_w w i dz i ]_w
[_w b o r a n o ŋ ]_w
[_w k o u l ]_w
[_w n o n ts a ]_w
[_w m e r i a ɡ a ]_w
[_w k e m e b a p o ]_w
[_w b e r e d ]_w
[_w h aː ɡ a r ]_w
[_w o s o ŋ ]_w
[_w j a k a ]_w
[_w k i ŋ ɡ i aː ]_w
[_w s e l e k ]_w
[_w l o kp a n o ŋ ]_w
[_w b o ŋ ɡ a n dz u ]_w
[_w t i s t r a ]_w
[_w s e ɡ e m b e ŋ ]_w
[_w i s r a e l ]_w
[_w e i s i a ]_w
[_w o ŋ o n o ŋ ]_w
[_w t a p i a ]_w
[_w oː l i ]_w
[_w k o n t e ]_w
[_w d i ŋ ɡ o ]_w
[_w o ŋ o n i ]_w
[_w ɡ o t a ]_w
[_w s u l aː b a ŋ ]_w
[_w a m b o m a ]_w
[_w i s i a ]_w
[_w s i r i n i ]_w
[_w i dz o r o t i ]_w
[_w m o p u t i ]_w
[_w m u dz e ŋ ]_w
[_w m o m p o ]_w
[_w n e w o m b o ]_w
[_w uː k uː k uː ]_w
[_w k e ŋ ɡ a j a ]_w
[_w p o r o r o ]_w
[_w m o p a o ]_w
[_w w a l i ]_w
[_w t aː ŋ a n o ŋ ]_w
[_w dz aː j a n o ŋ ]_w
[_w s oː r o t a ]_w
[_w k o r i n t ]_w
[_w o ŋ a n o ŋ ]_w
[_w dz e r o t i ]_w
[_w k uː s u ŋ ɡ i a ]_w
[_w e l eː ŋ ]_w
[_w kp e l a n dz a ŋ ]_w
[_w e dz i a ]_w
[_w s eː d ]_w
[_w t a o ŋ a n o ŋ ]_w
[_w dz i ɡ i a ]_w
[_w i n dz a r e t ]_w
[_w t a ŋ k i o ]_w
[_w s t a t i ]_w
[_w a ŋ k i s e ŋ ]_w
[_w dz e r i ]_w
[_w k a n a k a ]_w
[_w b u s u ɡ i ŋ ]_w
[_w m o dz u ]_w
[_w m a l o j a ]_w
[_w d i ŋ ɡ o ŋ ]_w
[_w ɡ o l oː w a o ]_w
[_w k a m b a t o ]_w
[_w p u ŋ a n o ŋ ]_w
[_w u m u ŋ ]_w
[_w k e s o j a ]_w
[_w k o p o s o ]_w
[_w p o n t a ŋ a ]_w
[_w a ts o r oː ŋ ]_w
[_w w e l e ŋ ɡ i a ]_w
[_w t a w a ]_w
[_w j o r oː n o ]_w
[_w ɡ a w aː ]_w
[_w k a ŋ k e dz u ]_w
[_w uː ɡ e r e j a ]_w
[_w w aː b e ]_w
[_w m o dz o ]_w
[_w s o ŋ k o j a ]_w
[_w d a d a n o ŋ ]_w
[_w m e l eː m a ]_w
[_w dz aː ɡ a l e t ]_w
[_w dz oː n a n o ŋ ]_w
[_w u b o ŋ a n o ŋ ]_w
[_w l o k o ŋ ]_w
[_w t o r o b e r e ]_w
[_w k a l e ŋ aː ]_w
[_w kp e ŋ ɡ e p a ]_w
[_w l e d o ]_w
[_w kp i s i dz e ŋ ]_w
[_w ts i n dz a ŋ ]_w
[_w b u ŋ a n o ŋ ]_w
[_w s a d a n o ŋ ]_w
[_w ɡ i l e k aː ]_w
[_w t eː n i ]_w
[_w n i dz o r o ]_w
[_w t i r i w e ŋ ]_w
[_w s o ɡ o n dz i ]_w
[_w n a n i ]_w
[_w ɡ oː ŋ ]_w
[_w kp a ɡ i a ]_w
[_w r e i h a b ]_w
[_w d i ŋ t u a ŋ ]_w
[_w a l i r o ]_w
[_w k a n i a ɡ a ]_w
[_w m o u k i ]_w
[_w n e s e l e n o ]_w
[_w dz i k o w u ]_w
[_w w a r o ɡ a r a ]_w
[_w oː w a ]_w
[_w iː s oː n o ]_w
[_w k o ɡ o p a ]_w
[_w e dz e m b a k a ]_w
[_w ɡ uː s u ŋ ]_w
[_w t a d aː ]_w
[_w m a ŋ n a n a ŋ ]_w
[_w ɡ o m p e ŋ ]_w
[_w u b a ɡ a ]_w
[_w m o n e ŋ ɡ o ŋ ]_w
[_w k a ɡ a ]_w
[_w iː ɡ a w aː ]_w
[_w d i s ]_w
[_w k i l e ŋ aː ]_w
[_w a o w u j a ]_w
[_w k o b i p iː ŋ ]_w
[_w h i r a ]_w
[_w dz u t i ]_w
[_w a o dz a o ]_w
[_w ɡ o w e n a n a ]_w
[_w k o s i a n o ŋ ]_w
[_w j e i dz o dz e ŋ ]_w
[_w kp a o m b aː ]_w
[_w a m a ɡ e dz i ]_w
[_w t oː n d oː ŋ ]_w
[_w ɡ o ŋ ɡ i ]_w
[_w n o n o d o ]_w
[_w e s uː n i ŋ ]_w
[_w w a p a j a ]_w
[_w aː s o ŋ ]_w
[_w w a m b aː ]_w
[_w t e r e w e ŋ a ]_w
[_w b o r a ŋ a ]_w
[_w ɡ uː ŋ a n o ŋ a ]_w
[_w iː ɡ a n o ŋ ]_w
[_w m e ŋ ɡ e ŋ ]_w
[_w k o m o m o ]_w
[_w ɡ aː ŋ aː ]_w
[_w a k o m i ŋ ]_w
[_w f l m ]_w
[_w o t aː ɡ i ]_w
[_w k o dz o ]_w
[_w n a ɡ u ]_w
[_w s e l e k i a ]_w
[_w n a ŋ ɡ i a ɡ a ]_w
[_w s u s u ɡ i ŋ ]_w
[_w n o r o n i ŋ ]_w
[_w t uː m b aː ]_w
[_w dz u k a ]_w
[_w w a k e ]_w
[_w k a w o n a ]_w
[_w i l aː ŋ ]_w
[_w k o u k i ]_w
[_w ɡ iː s a ŋ ]_w
[_w t u ŋ a ]_w
[_w dz uː t a s ]_w
[_w k o w e n a ɡ a ]_w
[_w w aː p o ŋ a ]_w
[_w b uː k i a n o ŋ ]_w
[_w b o r o r o ŋ a ]_w
[_w j o ŋ oː n a ]_w
[_w dz aː ɡ a l e ŋ ]_w
[_w m a l e k u j a ]_w
[_w b eː d e l ]_w
[_w ɡ o ŋ k o ŋ ]_w
[_w i r i ŋ k i a ]_w
[_w k i l eː ŋ ]_w
[_w ɡ e l e k a ]_w
[_w n aː ŋ a w o ]_w
[_w a m a m aː w e ]_w
[_w s i r t i s ]_w
[_w ɡ oː dz o ŋ ]_w
[_w m i ɡ i ]_w
[_w k o t o k i ]_w
[_w r e n t u ŋ ]_w
[_w s o ŋ k o k i ]_w
[_w a o ts a o ]_w
[_w iː dz u ]_w
[_w d u ŋ n o ŋ ]_w
[_w u t i t iː ŋ ]_w
[_w dz e ŋ ɡ oː t o ]_w
[_w a o r o ]_w
[_w e dz a t o ]_w
[_w m e l eː m p a ]_w
[_w t o k o ]_w
[_w u t u ɡ a ]_w
[_w a i s a ɡ ]_w
[_w s a ɡ i a ]_w
[_w kp aː n a n a ]_w
[_w i l i a w o ]_w
[_w a ŋ ɡ o n o ŋ ]_w
[_w e s u ɡ a ]_w
[_w n o n o n a n aː ]_w
[_w m e r o d i ]_w
[_w m a ŋ n a n o ŋ ]_w
[_w m e ŋ ɡ e dz a ]_w
[_w n o n o n o m a ]_w
[_w m e r i a ]_w
[_w n e m u ŋ m a ŋ ]_w
[_w s oː l i ŋ ]_w
[_w i ŋ i k i ]_w
[_w uː ɡ e r e ]_w
[_w e dz i a ɡ a ]_w
[_w l u ɡ u ŋ ]_w
[_w h a ɡ o ŋ ]_w
[_w a m a ɡ e dz u ]_w
[_w dz a i r u s ]_w
[_w a n a ɡ a t i ]_w
[_w ɡ a i a ]_w
[_w s iː s a ɡ i a ]_w
[_w n a n o ]_w
[_w ɡ o dz o m a ]_w
[_w t a w a ɡ a ]_w
[_w iː k aː ŋ a ]_w
[_w u m u ŋ a ]_w
[_w u b u ]_w
[_w ɡ e m e b aː ]_w
[_w k e m a ɡ e b u ]_w
[_w dz e ŋ ɡ e dz a ]_w
[_w dz u dz uː ]_w
[_w t a n i t a n i ]_w
[_w s a n o ]_w
[_w n a d a n o ŋ ]_w
[_w d a r u ]_w
[_w b a l o m b aː ]_w
[_w s o l o l oː ]_w
[_w s a kp i l i ]_w
[_w k o m o k i t o ]_w
[_w s a r t i s ]_w
[_w uː dz o p a k o ŋ ]_w
[_w i j a ŋ a ]_w
[_w k a u n s o l ]_w
[_w a dz o r oː ɡ i ]_w
[_w l i l i ]_w
[_w w a e j a ]_w
[_w m e r o ]_w
[_w k a r oː ŋ ]_w
[_w n e m u n a ]_w
[_w r e b e k a ]_w
[_w iː k aː ŋ ]_w
[_w k a b a r a ŋ ]_w
[_w uː dz o b a j a ]_w
[_w b a r n a p a s ]_w
[_w k o i ŋ n o ŋ ]_w
[_w d i n d i ŋ a ]_w
[_w ɡ a l e n o t o ]_w
[_w k a m aː w aː ]_w
[_w b a p i a j a ]_w
[_w m a ŋ ɡ a r o ]_w
[_w d o l o ɡ a ]_w
[_w kp a k i ]_w
[_w oː n a ]_w
[_w s u n t u ]_w
[_w a n dz u t i ]_w
[_w d o ŋ k o ŋ ]_w
[_w a ŋ k i t o ]_w
[_w k e r a ŋ ]_w
[_w ɡ e m e ŋ ]_w
[_w s eː t ]_w
[_w ɡ e u n i ŋ ]_w
[_w t o t o ŋ ]_w
[_w k o t iː dz o ŋ ]_w
[_w m e t aː m a ]_w
[_w s u n t u j a ]_w
[_w k o n o k a ]_w
[_w s o k o n o t a ]_w
[_w a s u k i a ]_w
[_w o t o ɡ i t i ]_w
[_w s iː ŋ ɡ a s a ]_w
[_w e l eː ŋ ɡ i ]_w
[_w w e l e n a n a ]_w
[_w s o t o m a s ]_w
[_w i n t i ŋ ]_w
[_w l e i ŋ ]_w
[_w e s u h i n a ]_w
[_w k o w o j aː ]_w
[_w k i l o k o ŋ ]_w
[_w dz u n o ŋ ]_w
[_w d o m b e ŋ ]_w
[_w l i l i ɡ o ŋ ]_w
[_w h i n a j a ]_w
[_w n o n o n dz i ]_w
[_w ɡ a n a ɡ a ]_w
[_w l o n a ]_w
[_w oː l i n o ŋ ]_w
[_w k o t o ɡ i ]_w
[_w s i r i a n o ŋ ]_w
[_w iː ɡ a w o ]_w
[_w a n a n a ]_w
[_w e f r o n o ŋ ]_w
[_w t oː ŋ a k a ]_w
[_w kp a ɡb a ts u ]_w
[_w k i s aː ŋ ]_w
[_w a f r i ɡ a ]_w
[_w e n a k a t i ]_w
[_w w a b a ɡ a ]_w
[_w s a r e kp aː ]_w
[_w kp a w o r o ]_w
[_w m e s a o r o ]_w
[_w b o ŋ k i t o ]_w
[_w dz uː t a w aː ]_w
[_w s u a ŋ ]_w
[_w kp e m b o dz o ŋ ]_w
[_w iː b o ŋ a n o ŋ ]_w
[_w o ŋ o n dz e ŋ ]_w
[_w kp i n t iː ŋ ]_w
[_w d oː ɡ i a ]_w
[_w k a w a l i ŋ ]_w
[_w l a p a n ]_w
[_w r a dz u t i ]_w
[_w kp e ŋ ɡ e r a r ]_w
[_w ɡb a d o ]_w
[_w m o dz u t i ]_w
[_w m u ɡ i a ]_w
[_w m o r i ]_w
[_w u n dz u r a j a ]_w
[_w t o ŋ ɡ o r o ]_w
[_w uː w o i j a ]_w
[_w t o r o r o ]_w
[_w dz o dz o b a ]_w
[_w t o t o w i ŋ ]_w
[_w r e p e ɡ a ]_w
[_w k o m u ɡ i t i ]_w
[_w dz e l o d ]_w
[_w t e n o ŋ ]_w
[_w ɡ i l i r o ]_w
[_w m u n i ŋ ]_w
[_w dz e u b a p a ]_w
[_w p o ɡ i s ]_w
[_w iː ɡ a j a ]_w
[_w m e m e w aː t i ]_w
[_w k a n i aː ]_w
[_w k e m a ɡ e dz a ]_w
[_w a ŋ ɡ o n o k a ]_w
[_w a m a m aː dz u ]_w
[_w u t e k o r o ]_w
[_w h a p ]_w
[_w k o m u w a k a ]_w
[_w p a l o n o ŋ ]_w
[_w k o w i a n o ŋ ]_w
[_w m u ŋ ɡ i ]_w
[_w ɡ o l oː dz a o ]_w
[_w k e s o ]_w
[_w t o ŋ kp a n o ŋ ]_w
[_w k o n d eː n o ]_w
[_w n o n o n dz a ]_w
[_w t o l o ɡ a ]_w
[_w k o t iː w u ]_w
[_w b uː t a n o ŋ ]_w
[_w t o t oː ŋ ]_w
[_w ts a w i ŋ ]_w
[_w k o ɡ o dz i ]_w
[_w n o m a ɡ e dz u ]_w
[_w r a p a ɡ a ]_w
[_w n o n oː ŋ ɡ i ]_w
[_w m u dz i ]_w
[_w o ŋ o m b a ŋ ]_w
[_w iː m o l o ŋ ]_w
[_w dz e k i t o ]_w
[_w u m a ɡ e dz a ]_w
[_w ɡ a n i a n o ŋ ]_w
[_w s aː r a i ]_w
[_w ɡ a m aː ɡ i ]_w
[_w u n a ɡ a t i ]_w
[_w k i w a ɡ i a ]_w
[_w ɡ e m e p aː ]_w
[_w a s a r i ɡ i a ]_w
[_w ɡ a n a ɡ e s o ]_w
[_w s aː r a n o ŋ ]_w
[_w kp eː s aː r o ]_w
[_w ɡ e u b u t i ]_w
[_w ɡ o n dz u ]_w
[_w kp a s u aː ŋ ]_w
[_w k u a m a ]_w
[_w r uː ŋ a n o ŋ ]_w
[_w d i t o u ]_w
[_w m o r o ɡ o ŋ ]_w
[_w k o d iː dz o ŋ ]_w
[_w t a ŋ ɡ i o ]_w
[_w m u ŋ ɡ e b u ]_w
[_w i n d i k e ŋ ]_w
[_w dz e w u t o ]_w
[_w k e i n o ŋ a ]_w
[_w a ŋ ɡ o ŋ ]_w
[_w i ŋ i dz o ŋ ]_w
[_w b i l o ɡ o ŋ ]_w
[_w j o r o w o ]_w
[_w t o l o ɡ aː ]_w
[_w n a ŋ ɡ i t o ]_w
[_w ɡb i s i ɡ i a ]_w
[_w kp aː j a n o ŋ ]_w
[_w s aː r a ]_w
[_w t i ɡ i a ]_w
[_w k e m e r i ]_w
[_w p o ɡ o w a ]_w
[_w dz e dz i ]_w
[_w t i s ]_w
[_w w i t i ]_w
[_w ɡ o n d eː m a ]_w
[_w e m b i a n o ŋ ]_w
[_w ɡ eː n a ]_w
[_w n o n a ɡ a ]_w
[_w b o a ts w aː ]_w
[_w s o ŋ kp a n o ]_w
[_w h oː r ]_w
[_w w a n o ŋ a ]_w
[_w ɡ o n dz o m a ]_w
[_w w o i w aː ]_w
[_w a m a m aː dz a ]_w
[_w w e ŋ k e l a o ]_w
[_w i l i a n o ŋ ]_w
[_w k eː ŋ k a ]_w
[_w p a t a n o ]_w
[_w s o d o m a ]_w
[_w ɡ e r e n o ŋ a ]_w
[_w w e l e n o ŋ ]_w
[_w h i t ]_w
[_w d o r i r o ]_w
[_w m e w e t i ]_w
[_w k o t o w e j a ]_w
[_w s e ŋ ɡ e dz e ŋ ]_w
[_w aː r u w u j a ]_w
[_w k o t o dz u t i ]_w
[_w i n t i r i ŋ a ]_w
[_w m o m a ŋ a t i ]_w
[_w b u s u ɡ i a ]_w
[_w d o ɡ o ]_w
[_w a ɡ o m i ŋ ]_w
[_w m i s a ɡ a ]_w
[_w m o ɡ i t i ]_w
[_w m o b o dz o ŋ ]_w
[_w m a dz a k a ɡ a ]_w
[_w a n dz a r i ŋ ]_w
[_w dz e r i k o ]_w
[_w t e r b e ]_w
[_w k a m a ]_w
[_w a m i n a t ]_w
[_w p i b iː ŋ ]_w
[_w dz e l o t ]_w
[_w ɡ o m o r a ]_w
[_w b e ŋ s a k o ŋ ]_w
[_w oː ɡ i t a ]_w
[_w a ŋ k o ŋ ]_w
[_w j a ɡ o r o ]_w
[_w b a ɡ i a ]_w
[_w a s u ɡ i r o ]_w
[_w p o r o ŋ ]_w
[_w s oː w aː ]_w
[_w k o m o m a ]_w
[_w kp e a ŋ ɡ o ŋ ]_w
[_w r a ɡ i t i ]_w
[_w a l a u r u n a ]_w
[_w t o k o ŋ ]_w
[_w m o b o m b aː ]_w
[_w o t o ŋ ɡ i t i ]_w
[_w s oː ɡ i ]_w
[_w b u s u n a ]_w
[_w iː s oː ]_w
[_w w eː ŋ ɡ o ŋ ]_w
[_w a f aː ŋ k o ŋ ]_w
[_w i dz o k i ]_w
[_w n a ŋ ɡ i a ]_w
[_w ɡ e i n ]_w
[_w h e r o t n o ŋ ]_w
[_w m o ts i ]_w
[_w m e ŋ ɡ e dz a o ]_w
[_w r i dz o r o ]_w
[_w n e m u ŋ k i ]_w
[_w w o m b aː d i ]_w
[_w kp a k i a ]_w
[_w a r e ŋ ɡ o r o ]_w
[_w kp i l i ɡ o ŋ ]_w
[_w kp e m b u r u ŋ ]_w
[_w ɡ o ɡ aː ]_w
[_w oː ɡ i a n o ŋ ]_w
[_w m e r o t a ]_w
[_w w aː ɡ i a ]_w
[_w ɡ a m aː ŋ ]_w
[_w s o m b a ŋ ]_w
[_w w o i j a n o ŋ ]_w
[_w p o ŋ n a n a ]_w
[_w n o n a k a ]_w
[_w k o m b e ŋ ]_w
[_w h o ŋ ɡ i a ]_w
[_w u t e kp u d e ]_w
[_w ɡ i l o ɡ ]_w
[_w ɡb i l i ŋ ]_w
[_w k oː l i dz e ŋ ]_w
[_w dz e dz u t o ]_w
[_w ɡ o r ]_w
[_w m i s i ŋ ]_w
[_w m u b o ŋ a ]_w
[_w k o m u n a ]_w
[_w k o t o w i ŋ ]_w
[_w r o ŋ a w o ]_w
[_w k o l oː dz o ŋ ]_w
[_w s o ŋ ɡb a r a ]_w
[_w a s u ɡ i aː ]_w
[_w t o r i ŋ ]_w
[_w i j o r oː ]_w
[_w ɡ o ɡ a e ŋ ]_w
[_w k a w a o ]_w
[_w k a w e d i ]_w
[_w ɡ e m b a ]_w
[_w ɡ o w e ]_w
[_w p a d i ]_w
[_w k e m b e l ]_w
[_w o ŋ oː m b e ]_w
[_w p a b i a n o ŋ ]_w
[_w oː b i l i ]_w
[_w uː s iː ŋ ɡ i a ]_w
[_w m e r o t i ]_w
[_w p u s u ɡ o k i ]_w
[_w uː l a ŋ ]_w
[_w s i s i ɡ i ]_w
[_w kp e l a l a n a ]_w
[_w a n dz e ŋ ]_w
[_w e m b a o ]_w
[_w ɡ o m u n dz u ŋ ]_w
[_w s i s a r i w e ]_w
[_w m e l e ɡ a ]_w
[_w s e ŋ a ]_w
[_w b o i n o ŋ ]_w
[_w a m b o n i ŋ i ]_w
[_w r a n a ]_w
[_w b r o w i n o ŋ ]_w
[_w dz e dz e ]_w
[_w d i w i l aː ŋ ]_w
[_w uː n o ŋ ]_w
[_w u t e k u t e ]_w
[_w ɡ a w a l i ]_w
[_w w e ŋ ɡ e dz e ŋ ]_w
[_w k a w aː d o ]_w
[_w eː n o ɡ ]_w
[_w b i l o n ɡ ]_w
[_w m e l eː m b a ]_w
[_w ts e w o n a ɡ a ]_w
[_w u m u ɡ a m u ]_w
[_w l aː l i ɡ o ]_w
[_w u ŋ a ɡ a ]_w
[_w j a ɡ o dz a ŋ ]_w
[_w ɡ o ɡ i a ]_w
[_w s a ŋ e ]_w
[_w s a d iː ŋ ]_w
[_w oː ŋ k i ]_w
[_w dz e ŋ ɡ e dz i ]_w
[_w uː ɡ a ]_w
[_w i r o ŋ ɡ e b u ]_w
[_w oː dz e ŋ ]_w
[_w s e l e n a n a ]_w
[_w e m b a n a ]_w
[_w m a t ]_w
[_w a r e ŋ ɡ o ŋ ]_w
[_w p u s u j a ]_w
[_w t a o ŋ a ]_w
[_w n e n e n o ŋ ]_w
[_w n o m a ɡ e dz i ]_w
[_w s o m a d a ]_w
[_w dz a w i ŋ ]_w
[_w m e w a ɡ o ŋ ]_w
[_w s e l e w aː ]_w
[_w ɡ o m a n o ŋ ]_w
[_w b o w o w o ŋ ]_w
[_w d u ŋ k u ŋ ]_w
[_w b u l m a ɡ a o ]_w
[_w kp a t o n o ]_w
[_w m e m e w aː ]_w
[_w m i r i n i ŋ ]_w
[_w dz o ɡ o l oː w a ]_w
[_w s o k a ]_w
[_w k a i a ]_w
[_w u r u ɡ i a ]_w
[_w i n dz a ŋ i ]_w
[_w h aː m o n o ŋ ]_w
[_w w a ŋ k o r o ]_w
[_w l o j a ]_w
[_w h oː s w aː ]_w
[_w kp a m o ɡ i ]_w
[_w s u n d u ]_w
[_w kp a m a ɡ a ]_w
[_w b aː d i ]_w
[_w n a m o ]_w
[_w p aː s p oː t ]_w
[_w n e n e j a ]_w
[_w m a ŋ ɡ i a ]_w
[_w a m b o j a ]_w
[_w w a ŋ k a r a ]_w
[_w k o t i ]_w
[_w ɡ o u b e ]_w
[_w e l eː n o ]_w
[_w s iː s a k i a ]_w
[_w t e r e ŋ k o ŋ ]_w
[_w ɡ oː n o ŋ ]_w
[_w k o r aː j a ]_w
[_w ɡ a m a ]_w
[_w ts e w u j a ]_w
[_w e l eː m b a ]_w
[_w dz e dz e ɡ i t o ]_w
[_w uː l u a e w aː ]_w
[_w ɡb o s o n o ŋ ]_w
[_w k a m aː w e ]_w
[_w e dz a ɡ i a ]_w
[_w kp i kp i ɡ o ŋ ]_w
[_w s a ɡ a r a ]_w
[_w dz e r i ɡ o ]_w
[_w m a r e ]_w
[_w m e t o ɡ o b a ]_w
[_w b o r a n a ]_w
[_w k o u b aː t o ]_w
[_w k e m b a j a ]_w
[_w k o l oː w u ]_w
[_w m o b e ]_w
[_w k o u b e ]_w
[_w w a s i ɡ i ]_w
[_w ɡ o r i s o r o ]_w
[_w u n dz u ŋ ]_w
[_w ɡ u r u ]_w
[_w l e a n o ŋ ]_w
[_w n i ts o r i ŋ ]_w
[_w a s a r i w a ]_w
[_w m o n d o ŋ ]_w
[_w t oː r o ]_w
[_w ɡ u dz u b a dz u ]_w
[_w kp a n o ]_w
[_w n e n e w aː ]_w
[_w k o l ]_w
[_w t a b e ]_w
[_w k uː w aː ]_w
[_w a ŋ ɡ o ɡ a e ŋ ]_w
[_w ɡ e r e ]_w
[_w p e ŋ ɡ i a ɡ a ]_w
[_w t a ŋ k i t o ]_w
[_w t i ŋ ɡ o ŋ a ]_w
[_w m e s a ŋ ɡ i a ]_w
[_w o l i ɡ i ]_w
[_w k o t o r o t i ]_w
[_w dz o t a m a ]_w
[_w p aː ŋ a n o ŋ ]_w
[_w k oː l i w u ]_w
[_w l aː r i dz e ŋ ]_w
[_w p o t i a ]_w
[_w s u s u k o ɡ i ]_w
[_w b uː n a n a ]_w
[_w n aː ŋ ]_w
[_w m i s a ]_w
[_w a b o l o s ]_w
[_w s e w a ŋ a ]_w
[_w k e dz a dz u dz u ]_w
[_w k o m o r a ]_w
[_w uː ɡ a l e ŋ ]_w
[_w uː w o i ]_w
[_w a s a r i dz a ]_w
[_w k i dz o r o ]_w
[_w iː m a k o ]_w
[_w a ŋ k u n u ]_w
[_w s eː m ]_w
[_w m o n d o ]_w
[_w t a w i ]_w
[_w k i l i r o ]_w
[_w m u b aː t o ]_w
[_w h a i k i a ]_w
[_w h a ŋ kp a ŋ ]_w
[_w d e ɡ o ŋ a ]_w
[_w m e a k o w aː ]_w
[_w i dz o r o t o ]_w
[_w d a i d u s ]_w
[_w e s u j aː ]_w
[_w a r o n a ]_w
[_w s o k i a ]_w
[_w ɡ o r i ŋ ]_w
[_w m o b u t o ]_w
[_w i r i dz o ŋ ]_w
[_w s e l a ŋ a ]_w
[_w i s a n o ŋ ]_w
[_w k eː m e j a w o ]_w
[_w n a k u n o ŋ ]_w
[_w dz oː n a n o ]_w
[_w b aː ɡ o ŋ ]_w
[_w i ŋ i s aː n o ŋ ]_w
[_w s u n t u n a ]_w
[_w s a m o ŋ a ]_w
[_w e dz a n a ]_w
[_w kp aː ŋ n o ŋ ]_w
[_w s iː ŋ ɡ i aː ]_w
[_w kp a m b i aː ]_w
[_w kp a t a ]_w
[_w d oː ŋ n o ŋ ]_w
[_w a ŋ ɡ o dz a ]_w
[_w uː ɡ e r e ɡ a ]_w
[_w h i b r uː ]_w
[_w ɡ o b aː ]_w
[_w i ŋ i dz o dz o ]_w
[_w s o l a ŋ ]_w
[_w s u n d u k i a ]_w
[_w ɡ o m u ]_w
[_w kp a d a n ]_w
[_w n e n e ɡ a ]_w
[_w dz aː ɡ a r ]_w
[_w m o dz o n d o ]_w
[_w dz e n a k a ]_w
[_w kp aː ɡ i aː ]_w
[_w k i a ŋ ɡ o ŋ ]_w
[_w f iː t ]_w
[_w dz e t a ɡ a ]_w
[_w k o n dz i ŋ ]_w
[_w a i n dz o l o ŋ ]_w
[_w n i s aː n o ŋ ]_w
[_w w a b a ]_w
[_w u t u ɡ o ŋ ]_w
[_w t a n i ŋ ]_w
[_w n a n dz o ŋ ]_w
[_w kp a b u j a ]_w
[_w b a i b e l ]_w
[_w k oː b i n o ŋ ]_w
[_w k o r a n o ŋ ]_w
[_w m o d o ]_w
[_w n u a m a ]_w
[_w a s a s a k a ]_w
[_w a r a m e i ɡ ]_w
[_w d a k i s ]_w
[_w k e u r i ]_w
[_w m o dz a o ]_w
[_w o ŋ o m b u t o ]_w
[_w d e k o r o ]_w
[_w dz e w e ]_w
[_w iː k i t i ]_w
[_w i w o i ɡ a ]_w
[_w o ŋ o m b u j a ]_w
[_w n a ŋ k o ŋ ]_w
[_w a ŋ k i ]_w
[_w n oː a w aː ]_w
[_w a r o ]_w
[_w t a e ŋ k a ]_w
[_w m e r a p o r a ]_w
[_w m o n o ]_w
[_w k i w o ]_w
[_w dz e r a ]_w
[_w kp a kp a ŋ ]_w
[_w o p o j a ]_w
[_w ɡ o ɡ ]_w
[_w dz e dz e t a ]_w
[_w k r i s t e n ]_w
[_w k aː ŋ a n o ŋ ]_w
[_w m e s a o dz e ŋ ]_w
[_w t a ɡ i s ]_w
[_w j e i ]_w
[_w b o r o n o ]_w
[_w kp e n i ŋ ]_w
[_w s o ɡ o n a n aː ]_w
[_w dz e ŋ k e dz o ŋ ]_w
[_w o r o r aː ŋ ]_w
[_w s u p u b u ŋ ]_w
[_w k o m u ŋ ]_w
[_w k a l e n o ŋ ]_w
[_w a o w aː ]_w
[_w m e d aː m a ]_w
[_w t o r i dz a ]_w
[_w w a b a ɡ a t i ]_w
[_w b i l o n ]_w
[_w p u ŋ a j a ]_w
[_w u t u ŋ ]_w
[_w k e dz i a ]_w
[_w k i t o ŋ ]_w
[_w m o n i ŋ ]_w
[_w s i l w a n o ŋ ]_w
[_w m i n d i ŋ a ]_w
[_w u r u a m a ]_w
[_w o n t i n o ]_w
[_w l a l a n dz a ŋ ]_w
[_w e m u ]_w
[_w a n d r uː ]_w
[_w m o p a ]_w
[_w ts e m a ŋ a ]_w
[_w m o ts a t o ]_w
[_w kp e ŋ k e dz a ŋ ]_w
[_w k a e n d o ŋ a ]_w
[_w l o u r u t a ]_w
[_w i w o i w aː ]_w
[_w k i t i ɡ ]_w
[_w b a b i l o k ]_w
[_w b a l o ŋ ɡ a ]_w
[_w m i l j o ŋ a ]_w
[_w n a ŋ ɡ o ŋ ]_w
[_w kp aː ɡ a r a ]_w
[_w iː r o t o ]_w
[_w r o m b a n o ŋ ]_w
[_w b o ŋ a n o ŋ ]_w
[_w d a w a ]_w
[_w ɡ e u r o ]_w
[_w n i n i dz o ɡ i ]_w
[_w k o m b aː t i ]_w
[_w m a m b aː ]_w
[_w a p a ]_w
[_w t o m b aː ]_w
[_w a m b e m b o ]_w
[_w uː dz o p a ɡ o ŋ ]_w
[_w a i t o ŋ ]_w
[_w m e m e t a m a ]_w
[_w s o ɡ a ]_w
[_w ɡ uː j aː ]_w
[_w ɡ uː j a n o ŋ ]_w
[_w s a n o ŋ a ]_w
[_w p iː w i ]_w
[_w e dz i a w o ]_w
[_w w a n dz a ŋ ]_w
[_w k o m o r o t a ]_w
[_w dz e u l a l a ŋ ]_w
[_w p a ŋ ɡ a ]_w
[_w s i l i s t i n ]_w
[_w a o ŋ k i ]_w
[_w b o r o dz a ŋ ]_w
[_w d e r e j a ]_w
[_w n iː r o ]_w
[_w w a m b aː t i ]_w
[_w a i w e s e j a ]_w
[_w s i m e o n ]_w
[_w m a l e ɡ u k a ]_w
[_w a k r i p a ]_w
[_w k o t o ŋ ]_w
[_w m u n a ɡ a ]_w
[_w m e t o ɡ o ŋ ]_w
[_w i ŋ i dz o w u ]_w
[_w u s u ɡ i ŋ ]_w
[_w e ɡ i d i ]_w
[_w m i r i ]_w
[_w ɡ a n d r i ]_w
[_w u m u ɡ a n o ŋ ]_w
[_w k o ɡ o s iː ŋ ]_w
[_w k a n a i a s ]_w
[_w p a ɡ a t i ]_w
[_w b a s t o ]_w
[_w ɡ eː ŋ k aː ]_w
[_w n oː a n o ŋ ]_w
[_w k e ŋ k i aː ]_w
[_w e ŋ ɡ e dz u ]_w
[_w j a k o w aː ]_w
[_w m o dz o ɡ i ]_w
[_w n a n d u ŋ a ]_w
[_w t i w o ]_w
[_w k oː l i n i ŋ ]_w
[_w a ŋ ɡ o n a ]_w
[_w w i l i s i a ]_w
[_w m e n d e ]_w
[_w m o b u t i ]_w
[_w d o r o r o ]_w
[_w ɡ e m e k i ]_w
[_w kp aː ɡ i a ]_w
[_w m o ŋ ɡ o k i ]_w
[_w s i l i s t r a ]_w
[_w ɡ iː m a ]_w
[_w l e t o m ]_w
[_w t o ŋ ɡ i t o ]_w
[_w s a r a ]_w
[_w k i ŋ ɡ i ]_w
[_w r a dz i n ]_w
[_w ɡ a n a ɡ e ŋ ]_w
[_w k a w a l i a ]_w
[_w k o t iː ŋ ]_w
[_w k o b o s o l ]_w
[_w n a m b a n a ]_w
[_w n o n o n i ŋ ]_w
[_w dz e n d o ]_w
[_w kp e t a m a ]_w
[_w e s i a ]_w
[_w p a l o m b a ŋ ]_w
[_w r a dz e ŋ ]_w
[_w dz a ŋ k o n o ŋ ]_w
[_w n aː ŋ a ]_w
[_w a ɡ a i a ]_w
[_w r a r a w aː ]_w
[_w b o ŋ n o ŋ ]_w
[_w t e k o w u ]_w
[_w a l a w o i t a ]_w
[_w k e m e b aː ]_w
[_w s e l i a n o ŋ ]_w
[_w dz e dz e k i ]_w
[_w ɡ i ɡ o ]_w
[_w s e w e n a k a ]_w
[_w j u r o p ]_w
[_w a m a ɡ e ŋ ]_w
[_w m o ŋ k o j a ]_w
[_w m o ts a ŋ ]_w
[_w i s a m a ]_w
[_w s a i l a s ]_w
[_w b a l o ŋ ]_w
[_w k a s a n o ]_w
[_w oː b o p oː ŋ ]_w
[_w k o p aː w aː ]_w
[_w m e r o t o ]_w
[_w d o m b aː t i ]_w
[_w dz e dz a ŋ ]_w
[_w ɡ o l o s ]_w
[_w d o l o ɡ aː ]_w
[_w k oː n o ]_w
[_w a l a n dz i ŋ ]_w
[_w ɡ o ɡ o dz e ŋ ]_w
[_w ɡ oː m u j aː ]_w
[_w b a k i a ]_w
[_w e s u ŋ n a n a ]_w
[_w a w o r o r o ]_w
[_w a i s a k n o ŋ ]_w
[_w r e b e ɡ a ]_w
[_w w aː ɡ e ŋ ɡ a ]_w
[_w t u d u ɡ o ŋ ]_w
[_w uː k e r e ]_w
[_w o r oː ŋ k i ]_w
[_w w a l a t a ]_w
[_w dz e dz o ŋ ]_w
[_w t a i d u s ]_w
[_w l oː t n o ŋ ]_w
[_w b u s u n a n a ]_w
[_w b o r o k o ]_w
[_w a m a k e dz i ]_w
[_w l a l a n a ]_w
[_w t a o ŋ ɡ i ]_w
[_w dz o b a ]_w
[_w p o i j a n o ŋ ]_w
[_w b a d i ]_w
[_w k i l i ŋ k o ŋ ]_w
[_w t a i n a i ]_w
[_w dz aː n a ]_w
[_w d o k o ŋ ]_w
[_w t u t ]_w
[_w n a n a n o ŋ ]_w
[_w a r u ŋ a n o ŋ ]_w
[_w t i r i ŋ ]_w
[_w k a m u ɡ i ]_w
[_w a ŋ ɡ i ]_w
[_w m o p u b o ]_w
[_w o r o ŋ k i ]_w
[_w kp e r e w e ŋ a ]_w
[_w t a n o ]_w
[_w k o r a dz i n ]_w
[_w k o t o ɡ o ɡ i ]_w
[_w a n u t u j a ]_w
[_w w aː r o t i ]_w
[_w t o t o w e j a ]_w
[_w dz o dz o r i ]_w
[_w k o s i w aː ]_w
[_w k a dz a ŋ ]_w
[_w k o l oː n a ]_w
[_w k oː m u n o ŋ ]_w
[_w dz a ŋ k o k i ]_w
[_w m e n a ]_w
[_w n a m b e ]_w
[_w t e ɡ o n a n a ]_w
[_w ɡb i ŋ ɡb a o ŋ a ]_w
[_w w o t a ]_w
[_w s i ɡ i a ]_w
[_w d o m b aː ]_w
[_w k o ɡ o dz i dz i ]_w
[_w s e l e n o ]_w
[_w s i t i n o ŋ ]_w
[_w t i t o u ]_w
[_w u t e ɡ o j a ]_w
[_w m o m o k i ]_w
[_w w a p a k a t i ]_w
[_w w a l i ŋ ]_w
[_w dz e ŋ ɡ e ɡ i ]_w
[_w kp e w u j a t o ]_w
[_w m o dz o k i a ]_w
[_w l o u r u n a ]_w
[_w m e m a m b aː ]_w
[_w a l i aː ]_w
[_w k r iː t ]_w
[_w w e ŋ ɡ e r a r ]_w
[_w b a t u j a ]_w
[_w oː b i l i s i ]_w
[_w o d aː w u ]_w
[_w a n dz o ŋ ]_w
[_w ɡ a w m a n ]_w
[_w ɡ o s o ŋ ]_w
[_w s a r d i s ]_w
[_w l eː j a ]_w
[_w d o w e t a ]_w
[_w k u ŋ ɡ u ŋ ]_w
[_w m e ŋ ɡ e b u ]_w
[_w t e ɡ o w u ]_w
[_w ts o r d a n o ŋ ]_w
[_w kp a n a ]_w
[_w s i r i ŋ ]_w
[_w k oː dz o ŋ ]_w
[_w o r o m b aː ]_w
[_w dz e u l a l a ]_w
[_w b u ŋ a w aː ]_w
[_w k e t e t a ]_w
[_w k i l e ɡ aː ]_w
[_w kp e w a ]_w
[_w ɡ o u dz i ]_w
[_w l a dz a r e r e ]_w
[_w t a w a n a n aː ]_w
[_w ɡ oː m u n o ŋ ]_w
[_w dz i k o j a ]_w
[_w k o n dz e ŋ i ]_w
[_w h o ŋ aː dz o ŋ ]_w
[_w ɡ a l u k o ŋ ]_w
[_w a l a t a w o ]_w
[_w s o r o ɡ a ]_w
[_w t a e ŋ ]_w
[_w n e w o ŋ a w o ]_w
[_w a s u k a n o ŋ ]_w
[_w b iː t o n o ]_w
[_w kp a k o ŋ ]_w
[_w p u dz u ]_w
[_w e f r a i m ]_w
[_w ɡ o m b e ŋ ]_w
[_w i ts o ɡ i ]_w
[_w k e m e p u j a ]_w
[_w ts o dz o r i ŋ ]_w
[_w i ŋ i dz o dz e ŋ ]_w
[_w s a p o ]_w
[_w t uː ŋ a n o ŋ a ]_w
[_w u r u ŋ a n o ŋ ]_w
[_w u ŋ u a k i ŋ ]_w
[_w k uː ŋ k e dz e ŋ ]_w
[_w p i s o b ]_w
[_w i j a ŋ ɡ i t o ]_w
[_w dz e w o n a ]_w
[_w l o e m b a o ]_w
[_w e m b a n o ŋ ]_w
[_w n a ŋ ɡ i ]_w
[_w t i l i ɡ a ]_w
[_w p u s u k a ]_w
[_w o n d i u s ]_w
[_w r a n i ŋ ]_w
[_w k e u b aː ]_w
[_w t a ɡ o ŋ ]_w
[_w r uː t n o ŋ ]_w
[_w u ŋ a u ŋ a j a ]_w
[_w s u b u b u ]_w
[_w b o r o ŋ a w o ]_w
[_w k o w i n s ]_w
[_w t i s t r i k ]_w
[_w ɡ e m e p a ]_w
[_w l o m b aː ]_w
[_w dz a w o ]_w
[_w s o m a r iː ŋ ]_w
[_w t i ɡ i k u s ]_w
[_w k o n o t a ]_w
[_w k i t i ɡ a ]_w
[_w w a s a n o ŋ ]_w
[_w k u r o ]_w
[_w a m a k a ]_w
[_w m e dz a ]_w
[_w k a i j a ɡ a ]_w
[_w k e m e b a ]_w
[_w ɡ a w o ŋ a w o ]_w
[_w k o u n a ]_w
[_w dz i n dz a u ŋ ]_w
[_w ɡ o l oː n i ŋ ]_w
[_w uː dz o p a ]_w
[_w eː w a ]_w
[_w n u n u k i ]_w
[_w k o t o r o j a ]_w
[_w e l eː m a ]_w
[_w k o u n i ŋ ]_w
[_w m o k o l oː r o ]_w
[_w o r o m b a ]_w
[_w kp e n dz e ŋ ]_w
[_w ɡ a s a w aː ]_w
[_w l oː t ]_w
[_w n a n dz u ]_w
[_w aː t a m b o ŋ a ]_w
[_w k a m b a ɡ a ]_w
[_w b i m oː ŋ ]_w
[_w s e l e ɡ a w o ]_w
[_w kp a n i a n o ŋ ]_w
[_w i w o i k a ]_w
[_w a o ŋ ɡ a ]_w
[_w uː k a r a ]_w
[_w ɡ o n d oː r o ]_w
[_w s i ɡ a r ]_w
[_w i j a ŋ k i ŋ ]_w
[_w ɡ e m b u ]_w
[_w k e r e w aː ]_w
[_w s e l e ɡ i aː ]_w
[_w s oː s oː j a ]_w
[_w t e t e ]_w
[_w s o r o n a ]_w
[_w k i n o ŋ ]_w
[_w dz e dz u t i ]_w
[_w a o n a ]_w
[_w t e k o w e ]_w
[_w e s u ŋ m u m u ]_w
[_w a l i ŋ ]_w
[_w o l i k i ]_w
[_w b a o n o ŋ ]_w
[_w b a o r a ]_w
[_w k e m b o ŋ a ]_w
[_w b a l o n a ]_w
[_w ɡ a e ŋ ]_w
[_w r e n t u ]_w
[_w m e ŋ ɡ o ŋ ]_w
[_w m a ŋ k a r a ]_w
[_w w o r a ŋ a ]_w
[_w m u ŋ ɡ i a ]_w
[_w m a r a ŋ a ]_w
[_w d i s t r i k ]_w
[_w ɡ o i p u ]_w
[_w n a ŋ k o ɡ a ]_w
[_w s i a ]_w
[_w aː b e l n o ŋ ]_w
[_w n o t aː ŋ ]_w
[_w ɡ a w aː t o ]_w
[_w d i s t r i ɡ ]_w
[_w t o r o ŋ a w o ]_w
[_w n o n o n o ]_w
[_w s iː ŋ ɡ i a ]_w
[_w m o dz a t o ]_w
[_w t iː ŋ ]_w
[_w uː m o t oː ŋ ]_w
[_w n a m o n a ]_w
[_w ɡ e n o ŋ ]_w
[_w o ŋ o n a ]_w
[_w ɡ o r o ɡ o ]_w
[_w d e m b e l ]_w
[_w b e n d o ]_w
[_w u b aː t i ]_w
[_w o t o ɡ o ŋ ]_w
[_w l uː ɡ ]_w
[_w s i l i ɡ a ]_w
[_w k o r i ɡ i ]_w
[_w e s u ɡ a n o ŋ ]_w
[_w b o ŋ ɡ i ]_w
[_w k a o ŋ a n o ŋ ]_w
[_w b o l i t i k a ]_w
[_w dz uː d a n o ŋ ]_w
[_w l o m b a ]_w
[_w dz e w o ŋ a t i ]_w
[_w t i l i ɡ o ŋ ]_w
[_w m o t o w e ]_w
[_w l a l i k o ŋ ]_w
[_w uː ɡ uː ɡ uː ]_w
[_w kp a m o n o w aː ]_w
[_w dz u ɡ i a ]_w
[_w n o m a k e p u ]_w
[_w p a ɡ i a n o ŋ ]_w
[_w a m b u t o ]_w
[_w k e u b u d i ]_w
[_w dz e dz e ɡ i a ]_w
[_w dz o l o ŋ ]_w
[_w k a r e ŋ a ]_w
[_w s aː r a w aː ]_w
[_w p o ŋ n a ]_w
[_w n i dz o ɡ i ]_w
[_w s i t i aː ]_w
[_w u t u k o ŋ ]_w
[_w t o ŋ a ]_w
[_w w o i j a ]_w
[_w d o j aː ]_w
[_w m e ŋ k e dz e ŋ ]_w
[_w u ŋ a n a n o ŋ ]_w
[_w s e l e ɡ a ]_w
[_w k i r o b o ]_w
[_w k oː t a ]_w
[_w n a ŋ k o ]_w
[_w s aː ɡ i ]_w
[_w t eː ŋ ɡ i ]_w
[_w d e ɡ o w aː ]_w
[_w k uː n a ]_w
[_w s o m b e ]_w
[_w aː t a m n o ŋ ]_w
[_w s a i t o ŋ ɡ i ]_w
[_w i r o ŋ ɡ i a ]_w
[_w ɡ a r e ŋ n o ŋ ]_w
[_w a m a m b o ŋ a ]_w
[_w o s o ɡ i a ]_w
[_w ɡb a m a k a ]_w
[_w b o a dz ]_w
[_w k o t u n o ŋ ]_w
[_w m e ɡ o l oː n a ]_w
[_w kp a m e ŋ a ]_w
[_w i ŋ i dz o ɡ i a ]_w
[_w l a m b e t i ]_w
[_w u m a ɡ e b u ]_w
[_w d a k o t a ]_w
[_w e ts a u r u t a ]_w
[_w t e m a n ]_w
[_w t e r e ɡ i a ]_w
[_w dz e n o ŋ ]_w
[_w p o i n o ŋ ]_w
[_w m e d oː r o ]_w
[_w k e m e r i a ]_w
[_w dz iː s a s w o ]_w
[_w n o m b aː t o ]_w
[_w t a n t o ]_w
[_w b a b i l o n ɡ ]_w
[_w aː n d a n o ]_w
[_w d uː ŋ ]_w
[_w k o n i ]_w
[_w t oː ŋ n o ŋ ]_w
[_w f i l e m a ]_w
[_w b o r a n a k a ]_w
[_w k a w u j a d o ]_w
[_w k o p u ɡ i a ]_w
[_w i n dz a u ŋ ]_w
[_w dz a k a ]_w
[_w b e t e l ]_w
[_w k i ɡ i l aː ŋ ]_w
[_w w a n a n a ]_w
[_w w a ŋ k o b a ]_w
[_w e l i m e l e ɡ ]_w
[_w l u l uː ŋ ɡ i ]_w
[_w t a w a t a w o ]_w
[_w oː p i l i ]_w
[_w p e n dz a ]_w
[_w dz e w a ɡ o r o ]_w
[_w kp a kp a ts u ]_w
[_w ɡ a n i a ɡ a ]_w
[_w p a m b aː ]_w
[_w d e ɡ o n a n a ]_w
[_w m e s a ŋ ɡ o ŋ ]_w
[_w m e ŋ ]_w
[_w d o s i a ]_w
[_w k a dz o p a ŋ ]_w
[_w ɡ o t o dz o ŋ ]_w
[_w e s u ɡ i a ]_w
[_w s a m o ŋ ]_w
[_w s i a w aː ]_w
[_w k e r i a w aː ]_w
[_w kp a t a k a ]_w
[_w k i s o ]_w
[_w a i s oː ɡ i ]_w
[_w dz i ŋ ɡ e dz i ]_w
[_w a m b aː t o ]_w
[_w m o p o ŋ a ]_w
[_w kp a ɡb a dz u ]_w
[_w d i l oː r o ]_w
[_w o b o j a ]_w
[_w kp a o ŋ ]_w
[_w k o ɡ o ŋ ]_w
[_w dz e dz e n d o ŋ ]_w
[_w ɡ o t o r o j a ]_w
[_w e n a ɡ a t i ]_w
[_w s e w a ŋ ]_w
[_w l e d o m ]_w
[_w uː s oː s oː ]_w
[_w j o r oː n o ŋ ]_w
[_w m u ŋ ɡ e dz o ŋ ]_w
[_w k oː n o ŋ ]_w
[_w a n u t u n o ŋ ]_w
[_w k a ɡ a r i ]_w
[_w ɡ a n a i a s ]_w
[_w d o ŋ ɡ i a ]_w
[_w ɡ a l i l i ]_w
[_w l aː l i k o ]_w
[_w o r o n i ŋ i ]_w
[_w s i l i n i ŋ ]_w
[_w kp a d a n o ŋ ]_w
[_w dz o p ]_w
[_w a m b u b o ]_w
[_w dz oː n a n o t i ]_w
[_w s oː r o t i ]_w
[_w uː k e r e ŋ ]_w
[_w ɡ oː l i r o ]_w
[_w k uː ŋ k e dz a ]_w
[_w dz e w u ]_w
[_w uː ɡ u ŋ ]_w
[_w k o n o ŋ ɡ i ]_w
[_w a b o s o ]_w
[_w m u ŋ ɡ e dz i ]_w
[_w l o m b a p o ]_w
[_w kp a b a ]_w
[_w k o d iː r o ]_w
[_w n e n e ɡ i ]_w
[_w ɡ i ŋ n o ŋ ]_w
[_w e l i ɡ o ɡ i ]_w
[_w ɡ o w e n o ŋ ]_w
[_w b a p i l o n ]_w
[_w a p u j a k a ]_w
[_w k a r oː ŋ a ]_w
[_w kp o r o r o ŋ ]_w
[_w b i p iː ŋ ]_w
[_w ɡ a n t r i ]_w
[_w w o m b o t a ]_w
[_w ɡ a m a ŋ a ]_w
[_w s i s i a ]_w
[_w a s a n o ŋ ]_w
[_w o ŋ o a ŋ ɡ i o ]_w
[_w a ŋ k o r o ]_w
[_w m o p u ]_w
[_w ɡ uː ŋ ]_w
[_w m o n e ŋ ɡ i a ]_w
[_w k o ɡ a w aː ]_w
[_w dz e n d eː ɡ o ]_w
[_w kp aː j a n o ŋ a ]_w
[_w kp a b u ŋ a ]_w
[_w l a l a ]_w
[_w d a m a ]_w
[_w dz e ɡ a n i aː ]_w
[_w m a r i p oː ŋ ]_w
[_w dz a u ŋ ]_w
[_w s a k i a ]_w
[_w w aː m a ŋ a t i ]_w
[_w dz o dz o r i ŋ ]_w
[_w m o r o n o ]_w
[_w m u ŋ k e p u ]_w
[_w kp i l i r o ]_w
[_w dz e n o ŋ a ]_w
[_w m o dz o j a ]_w
[_w o b o n o ŋ a ]_w
[_w p i l o ɡ ]_w
[_w b o l i r o ]_w
[_w w a t o j a ]_w
[_w a ŋ ɡ i s e ŋ ]_w
[_w k o ts a ]_w
[_w ɡ r iː k ]_w
[_w n o m o r o ]_w
[_w k e k e ŋ aː ]_w
[_w e m b i r i ]_w
[_w dz o p a ]_w
[_w i r iː m a ]_w
[_w i dz o r i ]_w
[_w dz i ŋ ɡ a r o ŋ ]_w
[_w ts e dz a t o ]_w
[_w n aː m a ]_w
[_w l o e m b a ]_w
[_w s i l i a w o ]_w
[_w m o m a k e dz u ]_w
[_w n o d aː ŋ ]_w
[_w dz e k i a ]_w
[_w n e ɡ i t o ]_w
[_w l aː r i n i ]_w
[_w ɡ uː k uː ]_w
[_w k e l e n o ŋ ]_w
[_w n o n a n o ŋ ]_w
[_w s a kp i l i ŋ ]_w
[_w s e l e kp e kp e ]_w
[_w ɡb a d aː ]_w
[_w k o n dz o m a ]_w
[_w i s k a r i ŋ ]_w
[_w n u n u ŋ ]_w
[_w kp a dz u ]_w
[_w m o m o k i aː ]_w
[_w u ŋ u w e ]_w
[_w k o k a e ŋ ]_w
[_w ɡ aː ŋ i a ]_w
[_w ɡ o i ŋ ]_w
[_w ɡ i n a ]_w
[_w w o m b o ŋ a ]_w
[_w u n dz u r a m a ]_w
[_w ɡ e n a ]_w
[_w dz e ɡ i aː ]_w
[_w l eː ɡ e ŋ k i ]_w
[_w p a d a n o ŋ ]_w
[_w ɡ uː dz o ŋ ]_w
[_w s o s o ŋ ɡ o ]_w
[_w s o k o n a n a ]_w
[_w a n u d u ]_w
[_w d o m a ŋ a ]_w
[_w ts e dz e t a ]_w
[_w i dz o ɡ i a w o ]_w
[_w m u ŋ k e ŋ a ]_w
[_w s e ɡ e m ]_w
[_w n u n a ]_w
[_w m e w o ŋ ]_w
[_w m u ŋ ɡ e ŋ a ]_w
[_w t a w a j a ]_w
[_w oː ɡ i ]_w
[_w k o d o w a ]_w
[_w b e n dz a m i n ]_w
[_w a b u ɡ a ]_w
[_w ɡb a i t a ]_w
[_w t eː m a ]_w
[_w k i dz o dz e ŋ ]_w
[_w s a p a d ]_w
[_w n a m b u t i ]_w
[_w d a n i ]_w
[_w b a i p e l ]_w
[_w ɡ o n dz i ]_w
[_w l o l oː r o ]_w
[_w e ts a n a ]_w
[_w ɡ e l e n a n a ]_w
[_w w a ŋ n a n o ]_w
[_w ts a m o n o ŋ ]_w
[_w ɡb a t a n o ŋ ]_w
[_w ɡ o w o j aː ]_w
[_w m a m a k e dz u ]_w
[_w s o r a ]_w
[_w a ɡ r i b a ]_w
[_w n e n e n a ]_w
[_w s e m b e ŋ ]_w
[_w u b a b a ]_w
[_w t o ŋ k i ]_w
[_w r o m b u t i ]_w
[_w s e l i aː ]_w
[_w k e r e k e r e ]_w
[_w n e w a ɡ a ]_w
[_w r o m o ŋ ]_w
[_w a b i m e l e ɡ ]_w
[_w dz e i m s n o ŋ ]_w
[_w e ɡ i t i ]_w
[_w k o ŋ ɡb a n o ]_w
[_w dz e w u b o ]_w
[_w e u ɡ e ŋ ]_w
[_w o l o ŋ ɡ o j a ]_w
[_w ɡ o n a n a ]_w
[_w t a n d o ]_w
[_w n a t a b ]_w
[_w k i w a ]_w
[_w a s u k i aː ]_w
[_w k o u r u t a ]_w
[_w r a ɡ i a ]_w
[_w k o b aː ]_w
[_w u ŋ a u ŋ a j aː ]_w
[_w i n t i ŋ a ]_w
[_w d a u s e ŋ a ]_w
[_w t u r u r o t i ]_w
[_w b o l i dz i ]_w
[_w o ŋ oː r o ]_w
[_w k o ŋ ɡb a r a ]_w
[_w d a d a n a ]_w
[_w p iː w i a ]_w
[_w ɡ o ŋ u r u ]_w
[_w dz o r t a n o ŋ ]_w
[_w n o r o ŋ ]_w
[_w t uː ŋ ɡ i ]_w
[_w kp aː ɡ o t o ]_w
[_w m u r i ]_w
[_w e n d u ŋ ]_w
[_w r a p aː ]_w
[_w t uː ŋ k i a ]_w
[_w s aː ŋ a ]_w
[_w i ŋ iː b e ]_w
[_w b o ɡ o r o w o ]_w
[_w k o l oː dz o ŋ a ]_w
[_w k a e n d o ]_w
[_w o f i s ]_w
[_w a f aː ŋ ɡ o ŋ ]_w
[_w ɡ a dz a ]_w
[_w o r oː n o ŋ ]_w
[_w k o d o dz a ŋ ]_w
[_w a ŋ ɡ i t a ]_w
[_w ɡ aː r o ]_w
[_w u dz u ŋ k o ŋ ]_w
[_w n o n o n a ɡ a ]_w
[_w b a p i a ]_w
[_w b aː ŋ a ]_w
[_w b uː ɡ i a n o ŋ ]_w
[_w s o m a ŋ a ]_w
[_w b aː d a n o ŋ ]_w
[_w i w o i ]_w
[_w h o r o ŋ a ]_w
[_w a l i a n o ŋ ]_w
[_w p e n d o n o ŋ ]_w
[_w a p u ɡ a ]_w
[_w a l a ɡ a ]_w
[_w b r o m i s ]_w
[_w ɡ oː l i ŋ ]_w
[_w a ŋ ɡ i o ]_w
[_w ɡ o b oː r o ]_w
[_w m e n t eː n o ]_w
[_w s o m a d a n o ]_w
[_w n a n t u ŋ a ]_w
[_w w o m b o ]_w
[_w k o s i ɡ o ɡ i ]_w
[_w k a s a w aː ]_w
[_w k a k i t i ]_w
[_w k o w o k a ]_w
[_w f i k ]_w
[_w t o ɡ i ]_w
[_w s iː ŋ k i aː ]_w
[_w b u dz u j a ]_w
[_w r o m b a ŋ a ]_w
[_w l i b i a ]_w
[_w ɡ iː n o ŋ ]_w
[_w l o m b o ]_w
[_w k a m u k i t i ]_w
[_w u ŋ u a ɡ i r o ]_w
[_w k i d i ]_w
[_w s o ɡ o n o ]_w
[_w u dz i ]_w
[_w n o n o n dz u ]_w
[_w iː ŋ ɡ a s a ]_w
