[_w uː n a n o ]_w
[_w b o ŋ ]_w
[_w k a m aː w u ]_w
[_w m a m a k e m a ]_w
[_w o ŋ o n i ŋ i ]_w
[_w f iː t ]_w
[_w kp aː w aː ]_w
[_w t o ɡ o ŋ ]_w
[_w m a n a ]_w
[_w w eː ŋ ɡ o ]_w
[_w i n aː ŋ ]_w
[_w s oː r o t i ]_w
[_w t e ɡ o w aː ]_w
[_w o ŋ o m b a ɡ a ]_w
[_w k i l i ɡ i ]_w
[_w t u m u ŋ ]_w
[_w e s u j aː ]_w
[_w k e i n o ŋ ]_w
[_w m u ŋ ɡ e dz a ]_w
[_w o l o ŋ ]_w
[_w r eː ŋ ]_w
[_w m o b u t i ]_w
[_w i w o i j a ]_w
[_w h o ŋ a ]_w
[_w a ŋ ɡ i a ]_w
[_w b a b i a ]_w
[_w oː ŋ oː ŋ ]_w
[_w dz e ɡ a r a ]_w
[_w m o m a ]_w
[_w e s u ŋ n a ]_w
[_w a o r o ]_w
[_w d i ŋ ɡ o ŋ ]_w
[_w aː m b aː ]_w
[_w k o w o w o ŋ ]_w
[_w kp i ŋ kp a o ŋ ]_w
[_w e dz i a n o ŋ ]_w
[_w dz u dz uː ]_w
[_w a b u ɡ a ]_w
[_w a n a ]_w
[_w i s aː n o ŋ ]_w
[_w a o ɡ i ]_w
[_w n e n e ɡ i t o ]_w
[_w s e l e k i aː ]_w
[_w a r e ŋ ]_w
[_w s oː ŋ ɡ e dz o ŋ ]_w
[_w s t iː w e n ]_w
[_w s o ŋ ɡ i ]_w
[_w w a ŋ k i ]_w
[_w l o m b aː t i ]_w
[_w p e t a n o ]_w
[_w s e i s e i ]_w
[_w ɡb a t a k a ]_w
[_w a ŋ ɡ i aː ]_w
[_w ɡ o ŋ ]_w
[_w dz o e l ]_w
[_w b o p o l a ŋ aː ]_w
[_w k o n dz e ŋ ]_w
[_w a ŋ ɡ o dz a ŋ ]_w
[_w d uː ŋ ]_w
[_w kp a o m b u ŋ ]_w
[_w s o ŋ ɡ o ŋ ]_w
[_w uː s iː ŋ n a ]_w
[_w k a w a ]_w
[_w t e r e ɡ a ]_w
[_w i s a ŋ ɡ i o ]_w
[_w e dz a w aː ]_w
[_w m o p u d o ]_w
[_w p o r i a ]_w
[_w e m b a ]_w
[_w e dz a n d o j a ]_w
[_w k u r o ]_w
[_w n e r o ]_w
[_w n o n o n a t i ]_w
[_w s i w e n o ŋ ]_w
[_w w eː ŋ a ]_w
[_w r e n d u ŋ ]_w
[_w h a w i l a ]_w
[_w p iː t o n o ]_w
[_w k e m b aː ]_w
[_w i j o ŋ oː dz o ŋ ]_w
[_w m e t o k o ɡ i ]_w
[_w r a r i ]_w
[_w n e dz o ŋ ]_w
[_w a m b o ŋ ɡ i ]_w
[_w ɡ uː n a ]_w
[_w k o i ]_w
[_w k e dz a ]_w
[_w k e ŋ ɡ a j a ]_w
[_w j o r oː ]_w
[_w t uː ŋ a n o ŋ ]_w
[_w o ŋ o t aː r o ]_w
[_w uː d a n o ŋ a ]_w
[_w m o dz o ŋ ]_w
[_w kp a dz a ]_w
[_w a k o m i ŋ ]_w
[_w k e u b u j a ]_w
[_w k oː l i n o ŋ ]_w
[_w u n a ]_w
[_w w aː b u j a ]_w
[_w o ŋ o n o t o ]_w
[_w m a l e ɡ u ]_w
[_w dz e w e n a ɡ a ]_w
[_w i r o ŋ a w o ]_w
[_w m u m a m b aː ]_w
[_w s e l e n a n a ]_w
[_w m o dz o j a ]_w
[_w l oː t n o ŋ ]_w
[_w k a k i t o ]_w
[_w kp a n a n o ŋ ]_w
[_w s o m a r iː ŋ ]_w
[_w dz e r o ]_w
[_w k a w aː ]_w
[_w t o n a n aː ]_w
[_w m o ɡ o l oː ɡ i ]_w
[_w t o ŋ ɡ i ]_w
[_w d o k o ]_w
[_w r uː b e n o ŋ a ]_w
[_w w a ŋ ɡ i a ]_w
[_w w a t o n o ]_w
[_w ɡ o u ɡ i ]_w
[_w ɡ o i ŋ n o ŋ ]_w
[_w dz e w a ɡ o ŋ ]_w
[_w o i l ]_w
[_w ɡ i ŋ a ]_w
[_w a f r i ɡ a ]_w
[_w kp a ɡ a r i ŋ ]_w
[_w n a m b a ]_w
[_w d o s i a n o ŋ ]_w
[_w n a k u ]_w
[_w uː s iː ŋ a ]_w
[_w dz i l p a ]_w
[_w kp e m b u j a ]_w
[_w s e i w aː ]_w
[_w l aː r i r o ]_w
[_w e r o t o ]_w
[_w kp i kp i ɡ o ŋ ]_w
[_w k o t i ŋ ]_w
[_w s a r e j a ɡ a ]_w
[_w l i l i ]_w
[_w w a ŋ k o ŋ ]_w
[_w ɡ a l e ŋ ]_w
[_w kp aː j a ]_w
[_w dz e n a k a t i ]_w
[_w s o m o ŋ ɡ e ŋ ]_w
[_w h a i ɡ i a ]_w
[_w dz aː n o ŋ ]_w
[_w p u s u ɡ i dz a ]_w
[_w l i t a ]_w
[_w k a m aː ɡ i ]_w
[_w w a l a ɡ a ]_w
[_w n a m b a ŋ ]_w
[_w ɡ o m u w a k a ]_w
[_w p o i ]_w
[_w k o m a ŋ ]_w
[_w k i t i ]_w
[_w k e t e t a ]_w
[_w s a i m o n o ŋ ]_w
[_w a m o r ]_w
[_w o l o m oː r o ]_w
[_w h e r o t a ]_w
[_w h a ɡ o ɡ i ]_w
[_w n o m b u b o ]_w
[_w e s u n o ŋ ]_w
[_w dz aː j a ]_w
[_w k o ɡ o p a ]_w
[_w s i l i aː ]_w
[_w s i w e w aː ]_w
[_w dz a r i ŋ ]_w
[_w ɡ o n i ŋ ]_w
[_w ɡ o t o ɡ o j a ]_w
[_w m o ts o j a ]_w
[_w k o ɡ ]_w
[_w l a l i ɡ o ŋ ]_w
[_w n a ts a r e t ]_w
[_w t o s a ]_w
[_w e n d u ŋ ]_w
[_w i w o i n a ]_w
[_w aː n t a n o ŋ ]_w
[_w e w e ]_w
[_w k e u ɡ i ]_w
[_w n a ŋ k i s e ŋ ]_w
[_w d e r e ɡ a ]_w
[_w b e t u ]_w
[_w u n a ɡ a ]_w
[_w n iː b u j a k a ]_w
[_w k a m aː w aː ]_w
[_w l u l uː ŋ ]_w
[_w kp e dz i ]_w
[_w t i s t r i ɡ ]_w
[_w k a n i a ]_w
[_w ɡ o b i p iː ŋ ]_w
[_w n e m u ŋ a ]_w
[_w e l eː ŋ ɡ i ]_w
[_w h o ŋ a ɡ a ]_w
[_w w a ŋ ɡ o r o ]_w
[_w n a n o ŋ ]_w
[_w t a n i ŋ ]_w
[_w w a ŋ n a ]_w
[_w dz oː s e f w o ]_w
[_w k o l oː ɡ i ]_w
[_w dz o ɡ o l e ]_w
[_w t a k ]_w
[_w m e ŋ k e dz u ]_w
[_w o f i s ]_w
[_w l uː ɡ ]_w
[_w m o m a ɡ e dz u ]_w
[_w a n dz o ŋ ]_w
[_w a n dz a ]_w
[_w n o m a ɡ e dz u ]_w
[_w n a ŋ k i ]_w
[_w m i r i ]_w
[_w r o m o ŋ ɡ a ]_w
[_w m o r i a ŋ a ]_w
[_w n a ŋ ɡ o ŋ ]_w
[_w e i s i a ]_w
[_w l a m a ]_w
[_w w i t i ]_w
[_w n a m a ]_w
[_w eː t e n ]_w
[_w a m a ɡ e dz i ]_w
[_w s i l i a ]_w
[_w kp a r o ]_w
[_w a ŋ ɡ o t e t e ]_w
[_w a b u ]_w
[_w e m b i a n o ŋ ]_w
[_w s a j a ]_w
[_w t a ŋ ɡ i ]_w
[_w kp i l i ]_w
[_w a s u ɡ i n a ]_w
[_w h o ŋ a n o ŋ ]_w
[_w a s a n o ŋ ]_w
[_w u r i ]_w
[_w uː r o ]_w
[_w a n d i o ɡ i a ]_w
[_w w e l e n o ŋ ]_w
[_w kp a n i ]_w
[_w k a m aː ŋ ]_w
[_w h oː s ]_w
[_w oː n o ]_w
[_w b o l o ɡ o ŋ ]_w
[_w t e ɡ o ŋ ]_w
[_w k o m a ŋ a ]_w
[_w e w a e w a ŋ ]_w
[_w n iː n i w e ]_w
[_w n uː ɡ u ŋ ]_w
[_w k o r i r o ]_w
[_w iː b u ]_w
[_w dz a ŋ ɡ o ŋ ]_w
[_w u r eː ŋ ]_w
[_w k u n o ŋ ]_w
[_w j o ŋ o w o ]_w
[_w n o m b aː ]_w
[_w n o r oː ]_w
[_w n o n o ]_w
[_w a b u n o ŋ ]_w
[_w k a ts u j a ]_w
[_w oː ɡ i t i ]_w
[_w k o dz a ]_w
[_w dz aː ɡ i a ]_w
[_w k e r i a w aː ]_w
[_w k o r i n d ]_w
[_w k e ɡ e ŋ aː ]_w
[_w k e m a ]_w
[_w j a ŋ ɡ i aː ]_w
[_w k i t a ]_w
[_w d a n i ]_w
[_w s e l e k o ŋ ]_w
[_w d a w a ɡ aː ]_w
[_w kp o k o t aː ]_w
[_w k aː r o ]_w
[_w s o ŋ ɡb a m a ]_w
[_w k o l oː ŋ ]_w
[_w n o n o w o ]_w
[_w dz e n e ŋ a ]_w
[_w dz e ŋ ɡ e b u ]_w
[_w m i s a ]_w
[_w t iː ɡ i ]_w
[_w dz o l o m oː r o ]_w
[_w ɡb i s i dz e ŋ ]_w
[_w d o m b i ŋ ]_w
[_w ɡ a r e n a ]_w
[_w s o n ɡ ]_w
[_w h i s t ]_w
[_w ɡ o m a ŋ a ]_w
[_w dz e dz a ]_w
[_w k o m a ]_w
[_w n o r o n o ŋ ]_w
[_w m a l e ]_w
[_w dz e r i ]_w
[_w l a ŋ ]_w
[_w kp oː t o ɡ o j a ]_w
[_w k o l oː dz a ]_w
[_w k e m e r i ]_w
[_w w o i n a ]_w
[_w m e a ɡ o ɡ i ]_w
[_w w o i w aː ]_w
[_w dz oː s u a ]_w
[_w m u ŋ ]_w
[_w m a t j uː ]_w
[_w m e w e ]_w
[_w e u ɡ a n o ŋ ]_w
[_w ɡ a l e ŋ a ]_w
[_w u b a ]_w
[_w d i w o ]_w
[_w k a n a ɡ a ]_w
[_w a o dz a ]_w
[_w dz e r o t o ]_w
[_w ɡ o u r o ]_w
[_w k iː n o ŋ ]_w
[_w s oː ɡ i ]_w
[_w a s a s a ɡ a r ]_w
[_w a w e l o ]_w
[_w k e dz i ]_w
[_w m e w e t i ]_w
[_w dz e dz e n t o ]_w
[_w kp a n o ]_w
[_w ɡ e n o ]_w
[_w kp a m o j a ]_w
[_w j iː s t ]_w
[_w s t a d i ]_w
[_w w o s o j a ]_w
[_w m e r a ]_w
[_w ɡ o w i ]_w
[_w i s i ɡ i a ]_w
[_w b a b i a n o ŋ ]_w
[_w u ŋ u a ŋ ɡ i o ]_w
[_w k o t u e ɡ o ŋ ]_w
[_w l a m b e ]_w
[_w k o m o r i r o ]_w
[_w aː b e l n o ŋ ]_w
[_w a n u t u j aː ]_w
[_w n o r o m a ]_w
[_w k o n d oː ŋ ]_w
[_w i ŋ i dz o w e ]_w
[_w e dz e m b a w o ]_w
[_w m o r ]_w
[_w s o r aː j a ]_w
[_w ɡ oː m u n o ŋ ]_w
[_w t uː ŋ aː ]_w
[_w s iː ŋ ɡ i a ]_w
[_w k o t iː w u ]_w
[_w i l aː ŋ ]_w
[_w a m b aː ŋ a ]_w
[_w kp i s i w e ]_w
[_w u m a ŋ a ]_w
[_w dz e ŋ k oː t o ]_w
[_w oː r o ]_w
[_w n a m o ]_w
[_w a l a n dz i ]_w
[_w n a ŋ ɡ o n o ]_w
[_w ɡ o t o ]_w
[_w k aː ŋ a ]_w
[_w k r iː ɡ ]_w
[_w w o s o m a t aː ]_w
[_w k e ŋ k i a k a ]_w
[_w j u r o b ]_w
[_w i w aː dz o ŋ ]_w
[_w n a n dz a ŋ a ]_w
[_w s a n a ]_w
[_w m e t oː r o ]_w
[_w t a n ]_w
[_w i m o w a m o ]_w
[_w b o l a n o ŋ ]_w
[_w uː n a n aː ]_w
[_w a o w a ]_w
[_w k o d o ɡ i ]_w
[_w dz e ɡ a ]_w
[_w k e l e ]_w
[_w w a m a ]_w
[_w k e n d o n o ŋ ]_w
[_w j a m a ɡ e ŋ ]_w
[_w n e w o ŋ a ]_w
[_w s e l i aː ]_w
[_w dz i ŋ ɡ a r o ]_w
[_w k i t o ]_w
[_w kp a n o ŋ a ]_w
[_w k o n o d o ]_w
[_w k o dz o n o ŋ ]_w
[_w a s u ɡ i r o ]_w
[_w ɡ o u n i ŋ ]_w
[_w t aː ŋ a n o ŋ ]_w
[_w kp a b u ŋ a j a ]_w
[_w s i t i ]_w
[_w k o ŋ ɡ i a ]_w
[_w dz u m a ]_w
[_w s e i w e ]_w
[_w b u ŋ a n o ŋ ]_w
[_w ɡ a m aː w a ]_w
[_w t o s a j a w o ]_w
[_w n o ŋ ]_w
[_w w a s a ]_w
[_w s e w a ŋ ]_w
[_w k o m aː m b a ]_w
[_w t i n d i ŋ a ]_w
[_w kp a o n o ŋ ]_w
[_w m o ɡ i t o ]_w
[_w s aː n o ŋ ]_w
[_w b o r a n a ]_w
[_w iː m a ŋ a ]_w
[_w k e l e n o t o ]_w
[_w m u b e ]_w
[_w k o m u ɡ i ]_w
[_w l o l oː ]_w
[_w m a r i a w o ]_w
[_w u ŋ a k a ]_w
[_w w o s o b i r i ]_w
[_w m a dz a ɡ a ŋ a ]_w
[_w n oː a w aː ]_w
[_w k a m b a ]_w
[_w t e ɡ o m a ŋ a ]_w
[_w t i w o ]_w
[_w b o w o w o ŋ ]_w
[_w a m b o ŋ a ]_w
[_w k i ts o w aː ]_w
[_w m o m o ]_w
[_w e u j a n o ŋ a ]_w
[_w dz o m o ]_w
[_w k i l i ɡ o ]_w
[_w n u a m a ]_w
[_w o t aː n i ŋ ]_w
[_w m e l eː m b a ]_w
[_w k oː r a ]_w
[_w s u l u ŋ ]_w
[_w e l i ɡ o ŋ ]_w
[_w n u n a ]_w
[_w iː dz a ŋ i ]_w
[_w b o ŋ n o ŋ ]_w
[_w dz e w o ŋ a ]_w
[_w kp eː s aː r o ]_w
[_w m a r d a n o ŋ ]_w
[_w k o w e w aː ]_w
[_w k a o ŋ ɡ e b a ]_w
[_w n aː m a ]_w
[_w w a s i n a ]_w
[_w n e n e n a ]_w
[_w a s a ]_w
[_w p a l o m b aː ]_w
[_w n e w u ]_w
[_w k o m u r o t i ]_w
[_w k a l e ŋ ]_w
[_w kp a kp a ts u t o ]_w
[_w a l i a ]_w
[_w k o d o ɡ o ŋ ]_w
[_w ɡ e m e b a ]_w
[_w k i s aː ŋ ]_w
[_w i w o ]_w
[_w iː s oː n o ŋ ]_w
[_w aː ŋ ɡ o l e ŋ ]_w
[_w m o b u j a ]_w
[_w j o r oː dz o ŋ ]_w
[_w i s i a ]_w
[_w k i dz o w aː ]_w
[_w a l a k i a ]_w
[_w k o k ]_w
[_w i s a ]_w
[_w n e n e ]_w
[_w m u dz o ŋ ]_w
[_w i ŋ iː b u ]_w
[_w k o u b e ]_w
[_w m e r i aː ]_w
[_w k o w o j a ]_w
[_w m o k o t aː ŋ ]_w
[_w o l o k a ]_w
[_w h o ŋ k i a ]_w
[_w kp e ŋ ɡ e dz i ]_w
[_w k o r aː j a ]_w
[_w m a m b aː ]_w
[_w k o r a w aː ]_w
[_w o ŋ o n dz u t i ]_w
[_w m u dz u ]_w
[_w b aː ŋ a w o ]_w
[_w h o ŋ ɡ i t i ]_w
[_w b a l o ŋ ]_w
[_w k o s i r o ]_w
[_w w o i ]_w
[_w k e m e r o ]_w
[_w o r o ŋ ]_w
[_w b u ɡ ]_w
[_w m a ŋ n a n a ]_w
[_w k o d o dz e ŋ ]_w
[_w d a b e ]_w
[_w l o l oː ŋ ]_w
[_w s i m i ŋ ]_w
[_w iː b a ]_w
[_w ɡ i t i ]_w
[_w k e r e ɡ e r e ]_w
[_w r e i dz e l ]_w
[_w k o m o r a ]_w
[_w dz u r a j a ]_w
[_w dz aː ɡ a ]_w
[_w dz e k i t a ]_w
[_w m o ŋ ɡ e dz a ]_w
[_w k a n a k a ]_w
[_w kp a ɡ i t i ]_w
[_w k o r o w aː ]_w
[_w i s aː n o ]_w
[_w m a r i a ]_w
[_w b o n dz o ŋ ]_w
[_w ɡ o s i n i ŋ ]_w
[_w a n o t o ]_w
[_w p a o n o ŋ ]_w
[_w a ŋ ɡ i t o ]_w
[_w b r i s i l a ]_w
[_w i j a ŋ aː ]_w
[_w h o r o ɡ o ŋ ]_w
[_w h a m o kp e kp e ]_w
[_w m a k p e l a ]_w
[_w ɡ uː j a ]_w
[_w k o b aː w aː ]_w
[_w ɡ i r o ]_w
[_w k e r i a ]_w
[_w p a m f i l i p ]_w
[_w t a o ŋ ]_w
[_w k o ŋ a ]_w
[_w k o t o m b aː ]_w
[_w a s u ɡ i ŋ ]_w
[_w l i s t r i ɡ ]_w
[_w n o m b u t o ]_w
[_w d e ɡ o r o w aː ]_w
[_w i s i ]_w
[_w m e w aː ]_w
[_w r a b a ]_w
[_w s eː m b aː ]_w
[_w k o n t e ]_w
[_w s u n d u ]_w
[_w k a dz u ]_w
[_w iː dz e ŋ ]_w
[_w k i l i ŋ ]_w
[_w o r o ŋ ɡ e dz i ]_w
[_w ɡ uː s u ŋ a ]_w
[_w ɡ o m a ]_w
[_w a r a m b aː ]_w
[_w b a l o ŋ a ]_w
[_w l a l i k o ŋ ]_w
[_w o r o n o ŋ ]_w
[_w e dz a t o ]_w
[_w a s a r i w a ]_w
[_w kp e ŋ ]_w
[_w ɡ i l e ɡ aː ]_w
[_w a ŋ ɡ o ŋ ]_w
[_w m e ŋ k e dz a ]_w
[_w d i w o dz u ŋ ]_w
[_w t i t o u ]_w
[_w w e l e ŋ ɡ a ]_w
[_w k i b e j a ]_w
[_w dz u j a ]_w
[_w m e m e d a ]_w
[_w dz e t a n i a ]_w
[_w k a l e ŋ ɡ i a ]_w
[_w e ŋ ɡ e p a ]_w
[_w i w o i w aː ]_w
[_w e l eː m b u ]_w
[_w kp a t o ]_w
[_w o ŋ o m b u j a ]_w
[_w dz e n e ŋ k i a ]_w
[_w n a n i ŋ ]_w
[_w j a ɡ o dz a ]_w
[_w k a w aː dz o ŋ ]_w
[_w o n t ]_w
[_w ɡ e m b u ]_w
[_w uː k a r a i a ]_w
[_w m e l e k a ]_w
[_w k uː dz e ŋ ]_w
[_w s a j a w o ]_w
[_w dz a w o j a ]_w
[_w dz a n dz a ]_w
[_w i j a ŋ ɡ i o ]_w
[_w r a r a j a ]_w
[_w t i ŋ t u a ŋ ]_w
[_w b o ŋ n a n aː ]_w
[_w k eː ɡ a ]_w
[_w a m a ]_w
[_w n i dz o k i ]_w
[_w m e l eː m b e ]_w
[_w k o r o ]_w
[_w e u ɡ e ŋ ]_w
[_w k oː m u j aː ]_w
[_w t a n i ]_w
[_w a l a u r u n a ]_w
[_w t e s ]_w
[_w w a l i ]_w
[_w s a m o ŋ a ]_w
[_w kp o u l u ]_w
[_w e s u ɡ i dz i ]_w
[_w m i r i n i ŋ ]_w
[_w m o b u ]_w
[_w kp a kp a ŋ ]_w
[_w p a l o n ]_w
[_w n o n o n o ]_w
[_w a ŋ aː ]_w
[_w o s o ŋ ]_w
[_w n e k i a ]_w
[_w a m b u ]_w
[_w u ŋ u ɡ i ]_w
[_w n a m a ɡ e dz i ]_w
[_w m o r o t o ]_w
[_w dz e dz a ŋ ]_w
[_w dz e ɡ i aː ]_w
[_w kp e k i ]_w
[_w w o s o ɡ i a ]_w
[_w k o w i n s ]_w
[_w k e r e ɡ i a ]_w
[_w iː r o t o ]_w
[_w n a n dz a ]_w
[_w b a s t o ]_w
[_w dz e t a n i ]_w
[_w k a w o n a ɡ a ]_w
[_w m u p o ŋ a ]_w
[_w d a e ŋ ]_w
[_w ɡ o l oː dz a o ]_w
[_w o ŋ o ŋ ɡ i ]_w
[_w w a ŋ k i s e ŋ ]_w
[_w k i l o ɡ o ŋ ]_w
[_w s o ŋ ɡb a n o ŋ ]_w
[_w j o ŋ oː ]_w
[_w ts e w u b o ]_w
[_w t o j a n o ŋ ]_w
[_w dz e dz u t i ]_w
[_w a w e l e ɡ ]_w
[_w s iː ŋ a n o ŋ ]_w
[_w ɡ a m u j a ]_w
[_w iː k a e ŋ ]_w
[_w m o p u j a ]_w
[_w m i dz i m i dz i ]_w
[_w m e l eː ŋ ]_w
[_w ɡ o m e s a o ŋ ]_w
[_w k a w u ]_w
[_w k e m a ɡ e dz i ]_w
[_w p o ŋ a n o ŋ ]_w
[_w k u ŋ k u ŋ ]_w
[_w k o t o ɡ o ŋ ]_w
[_w m i s i n ]_w
[_w u n u ŋ ]_w
[_w h o r o r aː ŋ ]_w
[_w j a k o ŋ ]_w
[_w b i s o b ]_w
[_w m e k i ]_w
[_w m a n a n a ŋ ]_w
[_w p u ŋ a ɡ a ]_w
[_w d o r o ɡ o ŋ ]_w
[_w i j o ŋ oː ]_w
[_w k i ŋ ]_w
[_w m o t o ]_w
[_w a ŋ k o ŋ ]_w
[_w p a l o ŋ ]_w
[_w s e l e ]_w
[_w d e m b o ]_w
[_w kp aː m uː ŋ ]_w
[_w a ŋ o ]_w
[_w n a n i ]_w
[_w a n u t u n a ]_w
[_w a m b e t i ]_w
[_w m e l e u r o ]_w
[_w s o l a ŋ a w o ]_w
[_w uː ɡ i a ]_w
[_w oː ɡ i ]_w
[_w m a l e ɡ u ɡ a ]_w
[_w a r e ŋ ɡ i aː ]_w
[_w h e r o t o ]_w
[_w p a b i a j a ]_w
[_w dz e w u t o ]_w
[_w k e n t o ]_w
[_w e n o s ]_w
[_w a o w u j a ]_w
[_w kp e k i t i ]_w
[_w a n u t u j a ]_w
[_w k i p e j a ]_w
[_w f iː t w aː ]_w
[_w k a dz o b a ]_w
[_w ɡ o n t oː ŋ ]_w
[_w s i m e o n ]_w
[_w l aː r i dz a ]_w
[_w s i d i m ]_w
[_w o r o ]_w
[_w n e ŋ k o ]_w
[_w t e m a n ]_w
[_w n o ŋ ɡ a ]_w
[_w ɡ a w o n aː ]_w
[_w o t aː ŋ ]_w
[_w u ŋ u r o ]_w
[_w u ŋ u a ɡ i r o ]_w
[_w s e l e k ]_w
[_w w o t a ]_w
[_w b u s u n aː ]_w
[_w k o t o ɡ o w a ]_w
[_w m e r a p o r a ]_w
[_w i ŋ i dz o r o ]_w
[_w k o n i ŋ ]_w
[_w h a l e l u j a ]_w
[_w w aː r o t i ]_w
[_w oː ɡ i t a ]_w
[_w t e r e n o ŋ ]_w
[_w uː ɡ e r e ]_w
[_w d o p o r a ŋ ]_w
[_w k o w o ɡ o ]_w
[_w p o r o n o ŋ ]_w
[_w h o ŋ ɡ i a ]_w
[_w k a r e j a ]_w
[_w n i n i dz o r i ]_w
[_w k e m e ŋ ]_w
[_w w o r a ŋ ]_w
[_w k e m a ɡ e ɡ i ]_w
[_w t o ŋ ɡ i a ]_w
[_w b o t i ]_w
[_w dz e n a ɡ a ]_w
[_w aː t a m n o ŋ ]_w
[_w n aː ŋ a ]_w
[_w uː w aː ]_w
[_w a n dz u ]_w
[_w k i l o ɡ ]_w
[_w a s a r i w e ŋ ]_w
[_w m e r a n o ŋ ]_w
[_w b aː ŋ a ]_w
[_w o s i ŋ ]_w
[_w r a r o ]_w
[_w m aː b u ]_w
[_w o ŋ o ]_w
[_w m e ŋ ]_w
[_w k a s a n o ]_w
[_w m o n o ]_w
[_w h i b r uː ]_w
[_w e ɡ i ]_w
[_w p u s u ɡ i r o ]_w
[_w l a l a ŋ ]_w
[_w o r o ŋ ɡ i a ]_w
[_w dz o dz o r i ɡ i ]_w
[_w ɡ e m e m e ]_w
[_w n o m aː ŋ a ]_w
[_w n a m b e ]_w
[_w d o m b aː ]_w
[_w dz e n a ]_w
[_w w eː ŋ ɡ o w aː ]_w
[_w k uː s u ŋ k i a ]_w
[_w m e t o k o j a ]_w
[_w m a m b o ŋ a ]_w
[_w m aː m a ]_w
[_w k o u n i ŋ ]_w
[_w k a w o n aː ]_w
[_w kp a ɡ oː m a ]_w
[_w b o k o r o ]_w
[_w t o n a ]_w
[_w r e i ts e l ]_w
[_w kp a r u ]_w
[_w m o b a o ]_w
[_w k o r a n a ]_w
[_w o t o ŋ a ]_w
[_w s oː s oː j a ]_w
[_w j a m b u ]_w
[_w a n o t i ]_w
[_w f o n i s i a ]_w
[_w k uː w aː ]_w
[_w k e u m a ]_w
[_w m a ŋ ɡ a r o ]_w
[_w w a ŋ ɡ a ]_w
[_w w a r o ɡ i ]_w
[_w s oː l ]_w
[_w a m a ɡ a o ]_w
[_w k a ɡ i ]_w
[_w b o l i dz i ]_w
[_w n aː s o n ]_w
[_w k a m b a ŋ ]_w
[_w u ŋ u a k i ŋ ]_w
[_w h a p ]_w
[_w m a ŋ n a ]_w
[_w a n a n o ŋ ]_w
[_w u ŋ a j a ]_w
[_w m aː ɡ i ]_w
[_w n oː t ]_w
[_w dz e w o n a ]_w
[_w b o r a ]_w
[_w n iː m a ]_w
[_w i l i a n o ŋ ]_w
[_w dz i ŋ k e ŋ ]_w
[_w u t e ɡ o dz a ]_w
[_w a o a o ]_w
[_w s aː r a i ]_w
[_w ɡ o w o r o ]_w
[_w t i s ]_w
[_w s i r i a ]_w
[_w k o n dz i l i ŋ ]_w
[_w t a t a n a ]_w
[_w ɡ e t e t a ]_w
[_w ts e w e ]_w
[_w s i r i r o ]_w
[_w k uː s u ŋ ]_w
[_w l o l o ]_w
[_w a o w u ]_w
[_w t oː dz a ]_w
[_w m a ŋ aː dz o ŋ ]_w
[_w uː ɡ uː ɡ uː ]_w
[_w k o s e r e ]_w
[_w s a ŋ e ]_w
[_w k e ŋ ɡ i t i a ]_w
[_w s u n d u j a ]_w
[_w dz u m b u t i ]_w
[_w a m a ɡ e dz a ]_w
[_w ɡ o n dz i ]_w
[_w kp e l eː m a ]_w
[_w k iː m a ]_w
[_w o ŋ o m p e t i ]_w
[_w i r o ŋ ɡ i a ]_w
[_w a ŋ aː dz o ŋ ]_w
[_w h aː ɡ a r a i a ]_w
[_w t u r u ŋ ]_w
[_w i l aː r o ]_w
[_w a ŋ k o l e d o ]_w
[_w a o n i ŋ ]_w
[_w n aː ŋ ]_w
[_w r a b a s ]_w
[_w ɡ i l i w a ]_w
[_w t i l oː ŋ ]_w
[_w i n d i ŋ a ]_w
[_w ɡ aː ŋ a ]_w
[_w u r o r oː ŋ ]_w
[_w l a l i k o ts u ]_w
[_w w aː ɡ e ŋ ɡ i a ]_w
[_w k o m o ɡ i ]_w
[_w t e r e ŋ ]_w
[_w dz e s i ]_w
[_w d i d o u ]_w
[_w t i l oː r o ]_w
[_w k o t o dz e ŋ ]_w
[_w k a w aː t o ]_w
[_w b o m b aː ]_w
[_w kp e ɡ i t i ]_w
[_w o ŋ o n i ]_w
[_w h a m o r ]_w
[_w w e l e m a ]_w
[_w m i r i ɡ i ]_w
[_w m a ŋ n a n o ŋ ]_w
[_w k a n i a n a ]_w
[_w w eː m b aː ]_w
[_w s e ŋ a ]_w
[_w ɡb a k o ŋ ]_w
[_w s iː s a ɡ i a ]_w
[_w k o m u k i ]_w
[_w k o u k i ]_w
[_w l o m b a ]_w
[_w ɡ a w o n o ŋ ]_w
[_w ɡ e r i a ]_w
[_w s o r o n a ]_w
[_w k oː l i w e ]_w
[_w ɡ o ɡ i ]_w
[_w k o r i ŋ ]_w
[_w m o r o n o ŋ ]_w
[_w k e m e b a p o ]_w
[_w dz e ŋ k e dz i a ]_w
[_w dz e l o t ]_w
[_w dz uː t a w aː ]_w
[_w k o m u n a ɡ a ]_w
[_w a ŋ a ]_w
[_w w o m b aː ]_w
[_w m a ŋ ]_w
[_w k i s o ]_w
[_w m o b e ]_w
[_w u n u ŋ a ]_w
[_w k a o ŋ ]_w
[_w k i dz o r o t i ]_w
[_w kp a n a n a ]_w
[_w u m u ɡ a n o ŋ ]_w
[_w m o m b aː ]_w
[_w s a r e ]_w
[_w k a dz a ]_w
[_w s e i ɡ i ]_w
[_w uː n a n o ŋ ]_w
[_w j o r o n o ]_w
[_w m i s a ɡ ]_w
[_w ɡ a n i a j a ]_w
[_w a n u t u n o ]_w
[_w d aː ŋ a ]_w
[_w k o ɡ a e ŋ ]_w
[_w m o n i ŋ ]_w
[_w m o r o ]_w
[_w n o n o n a ɡ a ]_w
[_w k o n d e n o ŋ ]_w
[_w n eː n a ]_w
[_w a dz u n o ŋ ]_w
[_w a l a n a ]_w
[_w n a t a n o ŋ ]_w
[_w i dz o w a o ]_w
[_w kp a n i a ɡ i a ]_w
[_w h i p r uː ]_w
[_w t o ɡ o r o ]_w
[_w w eː ŋ ɡ o ŋ ]_w
[_w p u ɡ ]_w
[_w k a l e ŋ a ]_w
[_w b a t o ]_w
[_w dz i ɡ o ]_w
[_w p o ŋ n aː ]_w
[_w oː w e ]_w
[_w m o n a ɡ a d i ]_w
[_w a p o ]_w
[_w m u r o t o ]_w
[_w kp eː s aː ŋ ]_w
[_w b a o n o ŋ ]_w
[_w k uː r o t i ]_w
[_w a l aː l a ]_w
[_w w o i n o ŋ ]_w
[_w k a n a ɡ e ŋ ]_w
[_w m e w u ]_w
[_w t a w a k a ]_w
[_w kp o t o ]_w
[_w m a ŋ aː ]_w
[_w s o m a ]_w
[_w k e n o t o ]_w
[_w t uː j aː ]_w
[_w i s m a e l ]_w
[_w s e l e ɡ a ]_w
[_w n u a n o ]_w
[_w s i r t i s ]_w
[_w m o n a ]_w
[_w w a i n ]_w
[_w m e l eː n i ŋ ]_w
[_w uː ɡ a r a ]_w
[_w m a ŋ ɡ a ]_w
[_w s u s u j a ]_w
[_w ɡ a m u n a ɡ a ]_w
[_w k u b u ]_w
[_w n oː n o ŋ ]_w
[_w dz e w e n a n a ]_w
[_w w a ŋ aː ]_w
[_w s e l i a n o ŋ ]_w
[_w a m b o m b aː ]_w
[_w o ŋ o n i ŋ ]_w
[_w t e r e ]_w
[_w l oː r i ]_w
[_w a w aː n o ŋ ]_w
[_w m e b e s eː ŋ ]_w
[_w a s a r i dz u ]_w
[_w m a ts a k a ŋ a ]_w
[_w r a p aː t i ]_w
[_w m o m o k i aː ]_w
[_w l oː t ]_w
[_w m e s a o n i ŋ ]_w
[_w ɡ oː r a ]_w
[_w dz o b ]_w
[_w k oː r o ]_w
[_w k o b o s o ]_w
[_w kp i l i a ]_w
[_w k o n a ]_w
[_w k e r a r ]_w
[_w o m e j a ]_w
[_w k i n a ]_w
[_w j o r oː dz o ŋ a ]_w
[_w dz e r a ]_w
[_w u r u ɡ a ]_w
[_w kp e ŋ k a ]_w
[_w i ŋ i dz o n a ]_w
[_w kp e ɡ i ]_w
[_w m o ɡ o l oː n a ]_w
[_w ɡ a i j a k a ]_w
[_w r iː r o ]_w
[_w b o r aː m a ]_w
[_w s aː r o ]_w
[_w dz e i m s w aː ]_w
[_w k u s u ]_w
[_w j o ŋ oː dz o ŋ ]_w
[_w l o n a n a i ŋ ]_w
[_w n oː a ]_w
[_w s u b u b u ŋ ]_w
[_w n eː n o ]_w
[_w dz e w o ŋ a w o ]_w
[_w m e t aː m a ]_w
[_w k oː m u ]_w
[_w t e n o ŋ ]_w
[_w k a n i a n o ŋ ]_w
[_w t e ɡ o w a ]_w
[_w kp a o n o t a ]_w
[_w ɡ a r e ]_w
[_w kp e ŋ ɡ a ]_w
[_w aː t a m b aː ]_w
[_w b o l o k a ]_w
[_w k u r u ]_w
[_w ɡ e n t o ŋ ]_w
[_w k a k a ]_w
[_w m o a b ]_w
[_w k a l ]_w
[_w aː b e l w aː ]_w
[_w k e u p u t i ]_w
[_w a i ŋ a ]_w
[_w kp a n d a ]_w
[_w s oː w aː ]_w
[_w n o n oː n o ŋ ]_w
[_w b o ŋ n a ]_w
[_w iː ɡ a w aː ]_w
[_w s e i s e i j a ]_w
[_w k o n d eː m a ]_w
[_w k o m b o ŋ a ]_w
[_w a l i w aː ]_w
[_w a l a d a j a ]_w
[_w b o ŋ a n o ŋ ]_w
[_w e s u ŋ ɡ i a ]_w
[_w a m a ŋ a ]_w
[_w a n u t u ]_w
[_w i r i dz o r o ]_w
[_w a i ŋ ]_w
[_w a r e ŋ ɡ i a ]_w
[_w k o m a m b aː ]_w
[_w dz a w i ŋ ]_w
[_w n o n o d a ]_w
[_w w a n dz a ŋ ]_w
[_w s uː ŋ k o ŋ ]_w
[_w dz e ŋ ]_w
[_w w aː b e ]_w
[_w a s u ɡ i a ]_w
[_w e s uː n i ŋ ]_w
[_w oː s i r i ]_w
[_w dz o t a m a ]_w
[_w s i a n o ŋ ]_w
[_w k oː n o ŋ ]_w
[_w dz e w o n a n a ]_w
[_w p o r aː m a ]_w
[_w k e ŋ ɡ i a ]_w
[_w s i a ]_w
[_w w aː dz a ]_w
[_w s u r eː ŋ ]_w
[_w k uː s u n o ŋ ]_w
[_w a i ŋ n o ŋ ]_w
[_w n oː m a ]_w
[_w k o n a n a ]_w
[_w s o p a j a ]_w
[_w dz o m b aː t i ]_w
[_w h e b r o n ]_w
[_w dz e b u l u n ]_w
[_w s oː ŋ a ]_w
[_w t o p o r a n a ]_w
[_w uː ɡ i a n o ŋ ]_w
[_w k o m u w a ]_w
[_w o n d i u s ]_w
[_w ɡ a m a ]_w
[_w a i s oː ɡ i ]_w
[_w o ŋ o m b u t i ]_w
[_w l aː r i dz e ŋ ]_w
[_w ts e w o ŋ a t i ]_w
[_w e s u ŋ a ]_w
[_w o ŋ oː n o ŋ ]_w
[_w b o ŋ a ]_w
[_w ɡb a t a n o ŋ ]_w
[_w r a r o t i ]_w
[_w m o b aː ]_w
[_w b a ɡ i a ]_w
[_w j a ɡ o r o ]_w
[_w b a t m o s ]_w
[_w m u ŋ ɡ e ŋ ]_w
[_w kp aː ɡ a ]_w
[_w r a k i t o ]_w
[_w n o m a k e dz u ]_w
[_w dz a ɡ a ]_w
[_w s a r e kp aː ]_w
[_w dz aː n a ]_w
[_w dz u n dz u ŋ ]_w
[_w n e m u ŋ aː ]_w
[_w kp i l i aː ]_w
[_w l o p o j a ]_w
[_w t eː n i ]_w
[_w ts e dz u t i ]_w
[_w k a l u ]_w
[_w d o m a ŋ ɡ a ]_w
[_w kp a m b i a ]_w
[_w ɡ o m o w e ]_w
[_w ɡb a d a n o ŋ ]_w
[_w d a n t o ]_w
[_w s i w e ]_w
[_w s o ɡ i a ]_w
[_w t a o ŋ k a m a ]_w
[_w m o d o w i ŋ ]_w
[_w n e ŋ ]_w
[_w u ɡ i ]_w
[_w m o m o j a ]_w
[_w k o t iː dz o ŋ ]_w
[_w o ŋ o m b u ]_w
[_w aː t a m ]_w
[_w ɡ a dz a ŋ a ]_w
[_w k o n dz u ]_w
[_w k a l e ŋ aː ]_w
[_w s i s i a ]_w
[_w a ŋ k u ŋ ]_w
[_w h a m o ]_w
[_w s e i ŋ ɡ e ŋ ]_w
[_w b i l h a ]_w
[_w m o ŋ n o ŋ ]_w
[_w m o ɡ o l oː r o ]_w
[_w ɡ o t o ŋ a ]_w
[_w k a w o ]_w
[_w dz a k e j a ]_w
[_w m e m e l o l o ]_w
[_w kp i s i ]_w
[_w k o m a ŋ a d i ]_w
[_w ɡb o n dz o n o ]_w
[_w b a l o m p a ]_w
[_w ts e k i a ]_w
[_w s u l u r o ]_w
[_w h e r o t i ]_w
[_w uː l u a e n o ŋ ]_w
[_w m o dz o k i ]_w
[_w n aː m a n ]_w
[_w t o s a ɡ i a ]_w
[_w s oː m o ŋ ɡ a ]_w
[_w t e r b e ]_w
[_w k o b u k i a ]_w
[_w s i t i aː ]_w
[_w i ŋ i s aː m a ]_w
[_w t a o n o t a ]_w
[_w k o m u ɡ i d i ]_w
[_w a o ŋ a ]_w
[_w dz o p a ŋ ]_w
[_w i r i ŋ ]_w
[_w l i w a ]_w
[_w k o m b e ]_w
[_w k o m o w e ]_w
[_w a o dz a o ]_w
[_w m e r o ]_w
[_w a i w e s e n a ]_w
[_w k i l e ŋ ]_w
[_w k o m b e t i ]_w
[_w a l a ]_w
[_w oː ɡ i a ]_w
[_w t e k o r o r o ]_w
[_w h o ŋ aː ]_w
[_w m o dz a ŋ ]_w
[_w dz i ŋ k e ŋ a ]_w
[_w o ŋ oː dz o ŋ a ]_w
[_w a b o s o l ]_w
[_w a s i a ]_w
[_w l o b i o ŋ ]_w
[_w u ŋ a ]_w
[_w b o i ]_w
[_w k o u ]_w
[_w dz e w o n a k a ]_w
[_w k o u dz i ]_w
[_w w a e j a ]_w
[_w t o r o kp e r o ]_w
[_w kp a ɡ o ŋ ]_w
[_w a m b e ]_w
[_w b o ŋ ɡ i ]_w
[_w ɡ iː j a ]_w
[_w u s u m a ŋ a ]_w
[_w m e s a o n a ]_w
[_w l e a ]_w
[_w s o s oː t a ]_w
[_w s a i p r u s ]_w
[_w b o ŋ ɡ a ]_w
[_w kp e l eː m b u ]_w
[_w t uː ŋ ]_w
[_w m a r t a n ]_w
[_w u b o ŋ a ]_w
[_w u b a o ]_w
[_w l o p i o ŋ ]_w
[_w kp aː n o ŋ ]_w
[_w m o dz i ]_w
[_w e w u j a d o ]_w
[_w n e m a ŋ a ]_w
[_w ɡ eː ŋ ɡ aː ]_w
[_w j o ŋ ]_w
[_w uː k i aː ]_w
[_w o ŋ oː r o ]_w
[_w ɡb a n i a n a ]_w
[_w a i m a ]_w
[_w e l a i dz a ]_w
[_w ɡ a l t i a ]_w
[_w ɡ o w o j aː ]_w
[_w i ŋ i dz o ŋ ]_w
[_w i w o i ɡ a ]_w
[_w h i n a ]_w
[_w iː b u j a ]_w
[_w ŋ aː ɡ i s o ]_w
[_w m u b u j a ]_w
[_w w e l e ɡ i a ]_w
[_w d o n d u ]_w
[_w a m a n a ]_w
[_w e dz e m b a ]_w
[_w h aː m o ]_w
[_w o r a s i ŋ ]_w
[_w u dz u ŋ ɡ o ŋ ]_w
[_w k e ŋ k i a ]_w
[_w n a n a ]_w
[_w ts u ɡ u r o ]_w
[_w k a s a ]_w
[_w l a m b e n o ŋ ]_w
[_w b e t s a i t a ]_w
[_w t a w a ɡ a ]_w
[_w dz e dz e ŋ ]_w
[_w s o m b u j a ]_w
[_w k o i p u ]_w
[_w k o t a ]_w
[_w m e r i ]_w
[_w k o n o ɡ a ]_w
[_w kp a n a ]_w
[_w s a kp i l i ]_w
[_w ɡ a n a ɡ a ]_w
[_w k uː j aː ]_w
[_w s o m a d aː ]_w
[_w m o p o ŋ a ]_w
[_w s e n dz o ŋ ]_w
[_w d o ɡ o w a ]_w
[_w e n t u ]_w
[_w kp oː t o ɡ o r i ]_w
[_w e s u ŋ ]_w
[_w p a k a ]_w
[_w k aː s o ]_w
[_w a n u t u ɡ a ]_w
[_w iː r o d i ]_w
[_w dz oː n a w aː ]_w
[_w k o i ŋ ]_w
[_w m e r i a ]_w
[_w ɡ o r e p o r e ]_w
[_w ɡ e dz i ]_w
[_w t e ɡ o r o ]_w
[_w m e n d e ]_w
[_w m e l aː t a ]_w
[_w b a s o w a ]_w
[_w kp a n i a ]_w
[_w t o j aː n o ŋ ]_w
[_w ɡ eː ŋ ɡ o ]_w
[_w m i s i ŋ ]_w
[_w a n a n aː ]_w
[_w p o r i ŋ ]_w
[_w p oː l w o ]_w
[_w iː k i ]_w
[_w m e t o ɡ o ŋ ]_w
[_w kp a m o ɡ i ]_w
[_w ɡ iː n o ŋ ]_w
[_w p aː ŋ a ]_w
[_w k a o ŋ ɡ e b u ]_w
[_w m e dz u t o ]_w
[_w e r o ]_w
[_w a s u ɡ a n o ŋ ]_w
[_w a r o ]_w
[_w a s a ŋ ɡ o ŋ ]_w
[_w oː m a ŋ a t i ]_w
[_w t o r o kp e ŋ ]_w
[_w b o k o w u ]_w
[_w k o n o ]_w
[_w iː n o ŋ ]_w
[_w n o n o t i ]_w
[_w oː ŋ k i ]_w
[_w o n e s i m u s ]_w
[_w k r a i s t w o ]_w
[_w n e ŋ a ]_w
[_w k i l i r o ]_w
[_w b e t e l ]_w
[_w dz aː dz aː ]_w
[_w m i s a k w aː ]_w
[_w b o n d i n o ŋ ]_w
[_w aː p r a h a m ]_w
[_w k o ŋ ɡ i ]_w
[_w m o t oː ŋ ]_w
[_w t a w a j a ]_w
[_w r a ts e ŋ ]_w
[_w b o ɡ i s ]_w
[_w t o m a s o ]_w
[_w a r o j a ]_w
[_w m a ŋ ɡ a r aː ]_w
[_w w a l a ]_w
[_w k oː ŋ a ]_w
[_w a j o ]_w
[_w k a w a l i a ]_w
[_w s aː b u j a w o ]_w
[_w a o ŋ ɡ e ŋ ]_w
[_w m a r a s i ŋ ]_w
[_w o ŋ o a ŋ k i ]_w
[_w a w aː ]_w
[_w w aː ɡ i ]_w
[_w l o k o ŋ ]_w
[_w dz e w u b o ]_w
[_w l u a e n o ŋ ]_w
[_w n aː n a k a ]_w
[_w ts a ŋ k o r o ]_w
[_w ɡ o r ]_w
[_w k e s o ]_w
[_w s o m a t a ]_w
[_w m e ŋ ɡ e dz i ]_w
[_w dz u ɡ i a ]_w
[_w m e a ɡ o k i ]_w
[_w k o ɡ i ]_w
[_w k o ŋ ]_w
[_w dz i w o w o ŋ ]_w
[_w i t a l i ]_w
[_w b o ŋ ɡ i a ɡ a ]_w
[_w s o m a s o ]_w
[_w kp a t a ]_w
[_w ts u dz uː ]_w
[_w m o dz o n o ŋ ]_w
[_w p o ŋ a ]_w
[_w m o ɡ i ]_w
[_w m e n t e ]_w
[_w l aː r i ts a ]_w
[_w ɡ o k a n o ŋ ]_w
[_w m e r o t n o ŋ ]_w
[_w kp e a ŋ ɡ o ŋ ]_w
[_w t u t ]_w
[_w n e n e j a ɡ a ]_w
[_w t a u s e ŋ a ]_w
[_w s a r e j a ]_w
[_w s e l ]_w
[_w n a o m i ]_w
[_w t eː n d eː ŋ ]_w
[_w kp o ɡ o t aː ŋ ]_w
[_w k o m b aː ]_w
[_w n i n iː m a ]_w
[_w dz e dz e t a n i ]_w
[_w k o n dz a ]_w
[_w ɡ o t u n o ]_w
[_w a ŋ k i a ]_w
[_w kp aː n a ]_w
[_w b o r a t a ]_w
[_w r a dz e ŋ ]_w
[_w r uː b e n ]_w
[_w k u m a ]_w
[_w e n a ɡ a ]_w
[_w l a l i ɡ o r o ]_w
[_w ɡ o r i r o ]_w
[_w ts e n ]_w
[_w ɡ eː n a ]_w
[_w ɡ o b aː w aː ]_w
[_w a m i ŋ ]_w
[_w n u n u r o ]_w
[_w ɡ o w o w o ŋ ]_w
[_w t a t a n o ŋ ]_w
[_w m a m a ɡ e dz u ]_w
[_w k o u b e t i ]_w
[_w w o i j a ]_w
[_w f i l ]_w
[_w a s u ɡ i w aː ]_w
[_w a o w o ŋ a ]_w
[_w b u ŋ a n a ]_w
[_w e ŋ ɡ e p u ]_w
[_w b o l i w aː ]_w
[_w s o n d a ]_w
[_w k e r e ]_w
[_w o ŋ o m b a ]_w
[_w k uː ɡ i ]_w
[_w t a m a ]_w
[_w dz aː ɡ a r ]_w
[_w i n dz a r i ŋ ]_w
[_w m u ŋ k e ŋ ]_w
[_w ɡ oː l i r o ]_w
[_w k o u l n o ŋ ]_w
[_w k uː ŋ ɡ e dz o ŋ ]_w
[_w dz e w e n ]_w
[_w k oː s u ]_w
[_w uː s oː s oː j a ]_w
[_w l a o t i s i a ]_w
[_w ɡ a i n ]_w
[_w l o m b a ŋ a ]_w
[_w i dz o ŋ ]_w
[_w a o w o m b aː ]_w
[_w k i l e ŋ aː ]_w
[_w m u n a ɡ a ]_w
[_w r a ts u t o ]_w
[_w s o p a ]_w
[_w p a t m o s ]_w
[_w k a n a ɡ a t i ]_w
[_w ɡ o t o w i ŋ ]_w
[_w h i t ]_w
[_w dz e u l a l a ŋ ]_w
[_w k o r e b o r e ]_w
[_w a m a ɡ e ɡ i ]_w
[_w a k w i l a ]_w
[_w dz o l o ŋ ɡ i ŋ ]_w
[_w s iː ŋ n a ]_w
[_w k a n o ŋ ]_w
[_w k o n o t a ]_w
[_w a r e n a ]_w
[_w s e ŋ ɡ e dz e ŋ ]_w
[_w m e l eː m a ]_w
[_w s e i r o ]_w
[_w m o n o ŋ ]_w
[_w m aː ɡ ]_w
[_w m o ŋ k a ]_w
[_w m e t o ɡ o j a ]_w
[_w m e l eː n dz u ]_w
[_w f i k ]_w
[_w k a w m a n ]_w
[_w dz aː j a n o ŋ ]_w
[_w oː m u l u ]_w
[_w k o w i n o ŋ ]_w
[_w kp i ŋ ɡb i l i a ]_w
[_w dz e i m s n o ŋ ]_w
[_w w a s i r o ]_w
[_w ɡ i l o k r a m ]_w
[_w ɡ o l oː dz u ]_w
[_w s aː n o ]_w
[_w o r oː n o ŋ ]_w
[_w d o w e t a ]_w
[_w b u s u ɡ a ]_w
[_w b uː n a n o ]_w
[_w m o n dz o n o ]_w
[_w e m u ɡ e ŋ ]_w
[_w m o n e ŋ a n a ]_w
[_w p u ŋ a w aː ]_w
[_w dz o b a ]_w
[_w ɡ eː ŋ ɡ o ŋ ]_w
[_w l a l i ɡ o w a ]_w
[_w w aː ɡ i a ]_w
[_w e dz i w aː ]_w
[_w a s u ɡ i dz i ]_w
[_w oː dz e ŋ ]_w
[_w n a dz a r e r e ]_w
[_w k o b o s o j a ]_w
[_w k a m a ]_w
[_w u r o r oː ɡ i ]_w
[_w ɡ e dz i a w o ]_w
[_w kp aː ɡ i a w o ]_w
[_w dz e ɡ i ]_w
[_w s o k o m a ŋ a ]_w
[_w n aː n a ɡ a t i ]_w
[_w k a n a n o ]_w
[_w m o t o ɡ o r o ]_w
[_w t a w i ]_w
[_w a n o d i ]_w
[_w t u ŋ a ]_w
[_w k e r e j a ]_w
[_w l a l i ɡ o n a ]_w
[_w b a ɡ a t i ]_w
[_w l aː r i dz u ]_w
[_w k e m a ɡ e b u ]_w
[_w k o u r o ]_w
[_w w a m b aː ]_w
[_w a s a r i n i ŋ ]_w
[_w ɡ o t u e ɡ o ŋ ]_w
[_w iː k a w aː ]_w
[_w k o m u r o ]_w
[_w o ŋ oː n a ]_w
[_w m o m b o ]_w
[_w ɡ a n a k a ]_w
[_w l u a e ]_w
[_w d o r o ŋ ]_w
[_w k o m b a ]_w
[_w ɡ a t o ɡ o ŋ ]_w
[_w s oː n o ŋ ]_w
[_w d o ŋ ɡ o ŋ ]_w
[_w h o r o r oː ɡ i ]_w
[_w a i s a k i a ]_w
[_w n e m u ŋ ]_w
[_w n a n dz u ]_w
[_w u b aː t i ]_w
[_w s e l a ]_w
[_w aː s o ]_w
[_w s u a ŋ ]_w
[_w ɡ o w e n o ŋ ]_w
[_w k e m e b u j a ]_w
[_w s e i r ]_w
[_w n iː n o ŋ ]_w
[_w k o ɡ a n o ŋ ]_w
[_w b o r o ŋ ]_w
[_w t u ŋ n o ŋ ]_w
[_w k a m b a k a ]_w
[_w uː k a ]_w
[_w k a b u a r e ]_w
[_w o ŋ o n dz e ŋ ]_w
[_w kp e t a m a ]_w
[_w kp i s i ŋ ]_w
[_w k o t a ɡ o ŋ ]_w
[_w h o ŋ ɡ i ]_w
[_w t a n i ŋ aː ŋ ]_w
[_w m u r o ]_w
[_w iː r o t i ]_w
[_w s o j a ]_w
[_w t i w i l aː ŋ ]_w
[_w a i ŋ a w o ]_w
[_w u dz i ]_w
[_w kp a n i a n o ŋ ]_w
[_w t o k o ]_w
[_w uː s oː s oː ]_w
[_w s o ɡ o n a n a ]_w
[_w m i r i aː ]_w
[_w l e a w aː ]_w
[_w t o r o j a ]_w
[_w e n a k a ]_w
[_w n o n oː ]_w
[_w m e s a ŋ ɡ o ŋ ]_w
[_w m i r i a n o ŋ ]_w
[_w e s u j a ]_w
[_w s e l e s e l e ]_w
[_w dz aː ɡ oː ]_w
[_w t o m b i n o ŋ ]_w
[_w p a s o w a ]_w
[_w t o s aː ŋ a ]_w
[_w o r o m b u t i ]_w
[_w dz e w a k eː ŋ ]_w
[_w k o m u n a ]_w
[_w ɡb o dz o dz a ]_w
[_w k eː ŋ ɡ o w aː ]_w
[_w k a ŋ ]_w
[_w n e s e l a ]_w
[_w ɡb i s i r o ]_w
[_w b i ŋ a w o ]_w
[_w m o t o j a ]_w
[_w k a w u t i ]_w
[_w kp aː j a w o ]_w
[_w m aː p u ]_w
[_w k e w o ]_w
[_w n iː r o ]_w
[_w l eː j a ]_w
[_w kp a m b i ]_w
[_w s i l e m o n ]_w
[_w s a kp i l i aː ]_w
[_w kp e ŋ ɡ e dz u ]_w
[_w a o w aː ]_w
[_w k e n a ]_w
[_w k uː ɡ u w e ]_w
[_w m aː ɡ e t ]_w
[_w j u r o p ]_w
[_w kp i n d iː ŋ ]_w
[_w k oː l i ɡ i ]_w
[_w h oː s w aː ]_w
[_w u m a ]_w
[_w uː ɡ u ŋ ]_w
[_w a s a r a ŋ ]_w
[_w s a n o ]_w
[_w w e l e ŋ ]_w
[_w s o k o n dz a ]_w
[_w b i w iː ŋ ]_w
[_w d uː r o ]_w
[_w i ts o ɡ i a ]_w
[_w m e ŋ ɡ o ]_w
[_w w e l e k ]_w
[_w n o n o t o ]_w
[_w d a w a j a ]_w
[_w n oː a n o ŋ ]_w
[_w t a i ]_w
[_w k u b u ɡ a ]_w
[_w k oː m u n o ŋ ]_w
[_w ɡb a n aː dz o ŋ ]_w
[_w dz e dz e w i l i ]_w
[_w k aː m aː ]_w
[_w m e t a m a ]_w
[_w o ŋ o a ŋ k i aː ]_w
[_w a s a r i w u ]_w
[_w t e ɡ o dz a ŋ i ]_w
[_w s iː ŋ aː ]_w
[_w ɡ o m u ɡ i t i ]_w
[_w a m b a n a k a ]_w
[_w o ŋ o n o ŋ ]_w
[_w m o b o dz o ŋ i ]_w
[_w a m b a ]_w
[_w a f aː ŋ a ]_w
[_w t iː k i a ]_w
[_w t e ɡ o w u ]_w
[_w a ŋ ɡ i o ]_w
[_w m o u m a b o u ]_w
[_w e dz a n a ]_w
[_w m u k i t o ]_w
[_w k e u r i ]_w
[_w k a r o ]_w
[_w k o w o r o j a ]_w
[_w ɡb a m o k i a ]_w
[_w oː dz a ]_w
[_w k o s i ŋ ]_w
[_w b eː d a ]_w
[_w w aː ɡ e ŋ ]_w
[_w m e s a o w u ]_w
[_w iː b o m b o ]_w
[_w a s a ɡb a l e ŋ ]_w
[_w dz e m b i a ]_w
[_w p a s t o ]_w
[_w b uː t a ]_w
[_w l o m b o l a ŋ ]_w
[_w m a r o ŋ a ]_w
[_w w eː ŋ ]_w
[_w s u n t u ]_w
[_w b i m oː ŋ ]_w
[_w ɡ o l oː ŋ ]_w
[_w w e l e ɡ ]_w
[_w w a p a k a ]_w
[_w r a r a n o ŋ ]_w
[_w dz a i o n ]_w
[_w l o m b o t a ]_w
[_w p i l h a ]_w
[_w a k r i p a ]_w
[_w m e ŋ ɡ e dz a ]_w
[_w n a n dz i ]_w
[_w m a m a k a ]_w
[_w n iː b u j a ]_w
[_w dz e ɡ i t i ]_w
[_w k o m u ɡ i t i ]_w
[_w m e s a o k i ]_w
[_w s a b o ]_w
[_w s uː l a ŋ a ]_w
[_w a r t e m i s ]_w
[_w k aː ŋ i a ]_w
[_w s a l f a ]_w
[_w aː r u ɡ i ]_w
[_w n o n o n a n a ]_w
[_w s e w a ŋ a ]_w
[_w o p o ]_w
[_w n e ɡ i a n o ŋ ]_w
[_w ɡ oː ŋ ]_w
[_w n o n a n a ]_w
[_w k a w a l i ]_w
[_w u t u ɡ o r o ]_w
[_w p o t i ]_w
[_w k a dz o ŋ ]_w
[_w m i s a k i ŋ ]_w
[_w e l i f a ts ]_w
[_w k uː dz o ŋ ]_w
[_w t o t o ŋ ]_w
[_w n u ŋ ]_w
[_w ɡ a r e ŋ a ]_w
[_w a r u ŋ a ]_w
[_w dz e dz e d a ɡ a ]_w
[_w k a r a ]_w
[_w s e l e ɡ i aː ]_w
[_w m o ŋ ]_w
[_w b u dz u j a ]_w
[_w dz iː s a s ]_w
[_w m u r o t i ]_w
[_w a s a s a k aː ]_w
[_w s o r a i ŋ ]_w
[_w k a l e s i a ]_w
[_w e m b a n o ŋ ]_w
[_w p a r a b e ]_w
[_w s i l a m a ]_w
[_w b e ŋ s a ɡ o ŋ ]_w
[_w u s u k i n a ]_w
[_w dz i k o w aː ]_w
[_w l o e m b a ]_w
[_w w a s i ŋ ]_w
[_w kp e n dz e ŋ ]_w
[_w b aː l ]_w
[_w k o u n i ŋ i ]_w
[_w b o k o r i ɡ a ]_w
[_w a n o n o t i ]_w
[_w r uː d ]_w
[_w k o u dz u ]_w
[_w b a r i s iː ]_w
[_w m i l e t u s ]_w
[_w k o t o dz u t i ]_w
[_w ɡ u m a ]_w
[_w f i l i p a i ]_w
[_w j a ŋ ɡ i s e ŋ ]_w
[_w l e d o ŋ k i a ]_w
[_w iː k a t eː ŋ ]_w
[_w dz e r ]_w
[_w u r u ŋ ]_w
[_w a ŋ a l i ŋ ]_w
[_w ɡ a s a ]_w
[_w d o ɡ o r o ]_w
[_w dz uː d a s ]_w
[_w u n dz u ]_w
[_w n oː n o ]_w
[_w i dz o r o ]_w
[_w o ŋ oː ŋ ɡ i ]_w
[_w s e i w u ]_w
[_w t i w o dz u ŋ ]_w
[_w h a ŋ ɡb a ŋ ]_w
[_w ɡ o ɡ ]_w
[_w k o t iː ɡ i a ]_w
[_w k o l o s i ]_w
[_w k a r e ]_w
[_w e dz e ]_w
[_w m e r i a w o ]_w
[_w o d o ŋ a ]_w
[_w b o m b o ]_w
[_w m e s a o ɡ i ]_w
[_w o ŋ o m b u b o ]_w
[_w o s o ŋ ɡ i ]_w
[_w ɡ uː r o t i ]_w
[_w e r i ]_w
[_w ɡ o t a kp e kp e ]_w
[_w k o u r o t i ]_w
[_w w aː b a ]_w
[_w h o r o ɡ i a ]_w
[_w k o m u w e ]_w
[_w a n o ]_w
[_w dz e l o d ]_w
[_w n o n o w aː ]_w
[_w ɡ e m e b u j a ]_w
[_w kp e t e ɡ o w aː ]_w
[_w t a n t o j a ]_w
[_w h aː m ]_w
[_w k o l o l oː ŋ ]_w
[_w t o t o w i ɡ i ]_w
[_w m e l aː ]_w
[_w h e i ]_w
[_w r uː b e n o ŋ ]_w
[_w j a ŋ ɡ i ŋ ]_w
[_w k i a ŋ ]_w
[_w b i u ɡ e l ]_w
[_w b o ɡ o w a ]_w
[_w m o r o w aː ]_w
[_w p o l o ɡ aː ]_w
[_w u m a ɡ e ŋ a ]_w
[_w a s u ɡ i dz a ]_w
[_w i w o i n o ŋ ]_w
[_w ɡ o m a m b aː ]_w
[_w kp e t aː l i ŋ ]_w
[_w d o t oː ŋ ɡ o ŋ ]_w
[_w m i l e d u s ]_w
[_w m u s u ]_w
[_w t e n ]_w
[_w k a ts i a ]_w
[_w d e s ]_w
[_w k oː dz o ŋ ]_w
[_w b u ŋ a ɡ a ]_w
[_w n a ŋ ]_w
[_w a s a s a ɡ a ]_w
[_w i r iː m a ]_w
[_w dz i ŋ ɡ a r aː ]_w
[_w m o ɡ o l e ]_w
[_w s o l a ŋ ]_w
[_w dz u ɡ u r o ]_w
[_w n o n o ŋ ]_w
[_w kp a w e ]_w
[_w b i l o k ]_w
[_w l a m b e w aː ]_w
[_w ts e dz u ]_w
[_w m o p aː t i ]_w
[_w b uː ɡ i a ]_w
[_w r eː m o ŋ a ]_w
[_w u ŋ a j aː ]_w
[_w m o u ɡ i ]_w
[_w e n d u ]_w
[_w k i dz o w e ]_w
[_w kp aː ɡ o t i ]_w
[_w ɡ o l oː dz a ]_w
[_w b a ŋ k a ]_w
[_w ɡ e m b a ]_w
[_w t uː m b aː ]_w
[_w m e r o t a ]_w
[_w w aː r o ]_w
[_w a n i ]_w
[_w d e i w i d ]_w
[_w kp a t aː ]_w
[_w s eː m ]_w
[_w k aː ŋ ]_w
[_w m o n a ɡ a ]_w
[_w iː dz o ŋ ]_w
[_w s aː ɡ i ]_w
[_w o ŋ o m b a p o ]_w
[_w dz e w aː ]_w
[_w s o ɡ o n dz i ]_w
[_w a i ŋ ɡ i a ]_w
[_w n e w a k eː ŋ ]_w
[_w k e m e ɡ i t a ]_w
[_w s a k i a ]_w
[_w h o ŋ a w o ]_w
[_w k o s i a ]_w
[_w m e dz u t i ]_w
[_w w o i w o ]_w
[_w k o p aː w aː ]_w
[_w n u n uː ɡ u n a ]_w
[_w l o m b aː ]_w
[_w m e b a ]_w
[_w iː r o ]_w
[_w s o m b i ŋ ]_w
[_w k o k i ]_w
[_w p o r o ŋ ]_w
[_w m o ŋ ɡ a ]_w
[_w w o s o p i r i ]_w
[_w l a n s a ŋ ]_w
[_w s i t i n a n ]_w
[_w k a n d r i a ]_w
[_w s o l o l oː ŋ ]_w
[_w dz e ɡ ]_w
[_w o t o ɡ i aː ]_w
[_w u ŋ u a n o ]_w
[_w l aː r i dz o ŋ ]_w
[_w s e l e w aː ]_w
[_w dz e w u j a ]_w
[_w n e m u ŋ ɡ i a ]_w
[_w a s a r a ]_w
[_w iː dz u ]_w
[_w dz e ɡ i t a ]_w
[_w r i dz o r o ]_w
[_w e w aː t i ]_w
[_w ɡ a o ŋ ]_w
[_w k oː m u j a ]_w
[_w a l a u r u t a ]_w
[_w m e r i a ɡ a ]_w
[_w m o b a ɡ o ŋ ]_w
[_w n a o m i n o ŋ ]_w
[_w t a o ŋ a ]_w
[_w ɡb o s o m a t a ]_w
[_w j iː s t j a ]_w
[_w kp o r o r o ]_w
[_w dz aː n a n a ]_w
[_w p a d a n o ŋ ]_w
[_w dz u t i ]_w
[_w s o m b i n o ŋ ]_w
[_w n o n oː dz o ŋ ]_w
[_w o l o m a ]_w
[_w r o ɡ a ]_w
[_w k a r i ŋ ]_w
[_w o w e ŋ ]_w
[_w m o l aː r o ]_w
[_w t a k a n o ŋ ]_w
[_w k e n d o t o ŋ ]_w
[_w n o n dz a ]_w
[_w t oː ŋ a ]_w
[_w a b r a m ]_w
[_w s a t a n o ŋ ]_w
[_w a ŋ ɡ o w o j a ]_w
[_w k uː s u n a n a ]_w
[_w k a w a o ]_w
[_w dz u kp u m a ]_w
[_w s i s a u ]_w
[_w u t e kp u t e ]_w
[_w t o m b e t i ]_w
[_w w a ŋ a ]_w
[_w d i s t r i ɡ ]_w
[_w b o d i ]_w
[_w b o l i t i k a ]_w
[_w i l a ]_w
[_w m i n t a ŋ a ]_w
[_w a ɡ a i a ]_w
[_w k e n d o ŋ a ]_w
[_w m o dz u ]_w
[_w a l a t eː ŋ ]_w
[_w t a t a ]_w
[_w w a t o j a ]_w
[_w r o ŋ n o ŋ ]_w
[_w u t e ɡ u t e ]_w
[_w k eː ŋ ɡ aː ]_w
[_w s aː dz e ŋ ]_w
[_w k o dz o ]_w
[_w kp i l i a n o ŋ ]_w
[_w k o n dz e ŋ i ]_w
[_w e s u h i n a ]_w
[_w n aː h o r ]_w
[_w i j o r oː n o ŋ ]_w
[_w m e r a b o r a ]_w
[_w k o l oː dz e ŋ ]_w
[_w w a r o ɡ i a ]_w
[_w e dz u ]_w
[_w l e i ŋ ]_w
[_w s o l o ɡ o j a ]_w
[_w m a l e ɡ u j a ]_w
[_w s o ɡ o n dz o ŋ ]_w
[_w d a o ŋ ɡ e ŋ ]_w
[_w kp e ɡ i t o ]_w
[_w ɡ o t iː r o ]_w
[_w s iː ŋ k i a ]_w
[_w k a ŋ ɡ e dz o ŋ ]_w
[_w ɡb a kp a dz u ]_w
[_w d a m b aː ŋ a ]_w
[_w b u dz u ]_w
[_w m o r i a n o ŋ ]_w
[_w j a k o dz e ŋ ]_w
[_w n i w o ]_w
[_w s e ɡ e m n o ŋ ]_w
[_w a ŋ ɡ i ]_w
[_w iː b e ]_w
[_w s i r i ŋ ]_w
[_w l o j a ]_w
[_w p r o w i n s ]_w
[_w kp aː j aː ]_w
[_w a m i n ]_w
[_w i j o r o w o ]_w
[_w n o n a k a ]_w
[_w ɡ a n a n a ]_w
[_w k o m b o ]_w
[_w kp e w a ]_w
[_w a i s oː dz e ŋ ]_w
[_w k a r e n a ]_w
[_w t iː k i ]_w
[_w a i s oː ŋ ]_w
[_w b o ŋ k i t i ]_w
[_w b u ŋ a j a ]_w
[_w ɡ o m b o ]_w
[_w i w aː ]_w
[_w a r e n o ŋ ]_w
[_w t a r e m u ŋ ]_w
[_w b e ŋ n a n aː ]_w
[_w m e l eː ŋ ɡ i ]_w
[_w w i dz i ]_w
[_w ɡ a m u ]_w
[_w m o k i a ]_w
[_w j a k a ]_w
[_w s i ŋ ɡ i a w o ]_w
[_w m o p a ]_w
[_w e u k a n o ŋ ]_w
[_w r a dz u ]_w
[_w s iː ŋ ]_w
[_w ɡ i ŋ ]_w
[_w m e a ɡ o w aː ]_w
[_w k o n a n aː ]_w
[_w u m a ŋ ]_w
[_w ɡ i l e k aː ]_w
[_w m e dz i ]_w
[_w l o b o j a ]_w
[_w w a r a b e ]_w
[_w m aː r o ]_w
[_w a n dz o ŋ i ]_w
[_w m e ŋ ɡ e dz u ]_w
[_w kp e w a k eː ŋ ]_w
[_w o t o ŋ ]_w
[_w s oː r o ]_w
[_w t a o n o ]_w
[_w m e w a ɡ o ɡ i ]_w
[_w m o n d o ]_w
[_w dz uː n o ŋ ]_w
[_w k uː j a n o ŋ ]_w
[_w a m b u j a ɡ a ]_w
[_w o r o r o ]_w
[_w k e n i ŋ ]_w
[_w a r e ŋ n a n a ]_w
[_w i r i dz o dz e ŋ ]_w
[_w ɡ e n d o ŋ ]_w
[_w i w aː n o ŋ ]_w
[_w k o s i w u ]_w
[_w s oː ŋ ɡ e dz a ]_w
[_w kp a m a ]_w
[_w h a r a n ]_w
[_w dz o l o ŋ ]_w
[_w ɡ e n d o ]_w
[_w m a ŋ a ]_w
[_w s o ɡ o n a ]_w
[_w t o r o ŋ ]_w
[_w ɡ o n a ]_w
[_w b u s u ]_w
[_w i ŋ iː r o ]_w
[_w a r e ŋ a ]_w
[_w k o r i k i ]_w
[_w a n a r a ]_w
[_w d i w i l aː ŋ ]_w
[_w s a ɡ a ]_w
[_w p a ɡ a ]_w
[_w oː w a ]_w
[_w k i ŋ n o ŋ ]_w
[_w t e k o ŋ ]_w
[_w t oː r o ]_w
[_w n e ŋ ɡ i ]_w
[_w s e ɡ e m b aː ]_w
[_w u dz u ŋ ɡ o ŋ a ]_w
[_w k e l e k i aː ]_w
[_w t o s a ɡ a ]_w
[_w k uː s ]_w
[_w ɡ o i p u ]_w
[_w m o k o l oː ŋ ]_w
[_w dz e dz e w aː t i ]_w
[_w k o r i ɡ i ]_w
[_w e l eː ŋ ]_w
[_w t aː ŋ a ]_w
[_w o ŋ oː ]_w
[_w dz e dz a ŋ i ]_w
[_w k o w o k o ]_w
[_w s o m a t aː ]_w
[_w kp a t oː ŋ ]_w
[_w l a m e k n o ŋ ]_w
[_w k o n t eː m a ]_w
[_w m o m a k e dz i ]_w
[_w m e r o d a ]_w
[_w ts e w a ]_w
[_w b r o m i s ]_w
[_w k e m e r o t i ]_w
[_w ɡ e r e ]_w
[_w t i m ]_w
[_w o r o m b aː ]_w
[_w b o n dz o m a ]_w
[_w k aː ŋ aː ]_w
[_w a m a m aː ɡ i ]_w
[_w t a e ŋ ]_w
[_w m e ɡ i t i ]_w
[_w k uː j a ]_w
[_w k e u k i ]_w
[_w k a t ]_w
[_w r oː m ]_w
[_w dz i o dz ]_w
[_w t o r o r o ]_w
[_w r a n i ŋ ]_w
[_w k o u b aː d o ]_w
[_w s oː s oː ]_w
[_w o m e n o ŋ ]_w
[_w d a o n o t i ]_w
[_w n i s aː n o ]_w
[_w s a r a ŋ ]_w
[_w k a ts e ŋ ]_w
[_w kp a i t a ]_w
[_w kp aː ɡ o t o ɡ i ]_w
[_w n a n dz u t i ]_w
[_w e s uː r o ]_w
[_w k o t o k o ŋ ]_w
[_w s e l e n o ŋ ]_w
[_w m o b o m b o ]_w
[_w oː t a ]_w
[_w dz e m a ŋ a ]_w
[_w iː b o ŋ a ]_w
[_w s i l i ɡ i aː ]_w
[_w w a s i k i ]_w
[_w k o b i p iː ŋ ]_w
[_w m a ŋ aː n o ŋ ]_w
[_w a o r i ]_w
[_w a r e ŋ ɡ o r o ]_w
[_w ɡ o l ]_w
[_w iː ɡ i ɡ iː ŋ ]_w
[_w m a ŋ ɡ i aː ]_w
[_w p e t u ]_w
[_w k e n dz a ]_w
[_w aː b r a h a m ]_w
[_w m o p a o ]_w
[_w s i s a r i a ]_w
[_w e ŋ ɡ e dz e ŋ ]_w
[_w a r o ɡ i ]_w
[_w n a n dz a ŋ i ]_w
[_w dz o ɡ a ŋ a ]_w
[_w ɡ o l oː w aː ]_w
[_w n e w o ŋ a t i ]_w
[_w w a l eː m a ]_w
[_w w aː m a ]_w
[_w ɡ a m aː ŋ ]_w
[_w ɡ e l e ]_w
[_w s o l a ŋ a ]_w
[_w n i dz o ɡ i ]_w
[_w o r o m b a b o ]_w
[_w m e w o m b aː ]_w
[_w j a m a k e dz i ]_w
[_w ɡ o t o dz o ŋ ]_w
[_w k o n dz a ŋ ]_w
[_w l uː k ]_w
[_w w a n ]_w
[_w o ŋ oː ŋ ]_w
[_w p e r e a ]_w
[_w p o ŋ ]_w
[_w m e d aː m a ]_w
[_w k a m u ]_w
[_w ɡ o m o r o ŋ ]_w
[_w dz aː n a n o ŋ ]_w
[_w m e m e ]_w
[_w a o k i ]_w
[_w aː d a m ]_w
[_w kp i n dz i ]_w
[_w n a n d u ŋ ]_w
[_w m i n d iː ŋ ]_w
[_w a ŋ ɡ o ɡ i ]_w
[_w i s a i s aː ŋ ]_w
[_w dz e w a b o ]_w
[_w k o dz o n o ]_w
[_w kp o t o ɡ i t i ]_w
[_w s eː t ]_w
[_w o s o ŋ ɡ o ]_w
[_w ɡ e i n a n ]_w
[_w dz e dz o ŋ ]_w
[_w t e r e n a ]_w
[_w k o t o dz e ŋ i ]_w
[_w m e l eː n i ]_w
[_w u ŋ a u ŋ a j aː ]_w
[_w k o ɡ a ]_w
[_w w eː ŋ k o ]_w
[_w dz o m b aː ]_w
[_w n a ɡ u ]_w
[_w iː ɡ aː ŋ aː ]_w
[_w t a u r u t a ]_w
[_w u ŋ u k i ]_w
[_w n o n dz i ]_w
[_w t o ɡ o j a ]_w
[_w a m a m aː ŋ ]_w
[_w k o k o s iː ŋ ]_w
[_w a ɡ i m i ŋ ]_w
[_w k o l oː w a ]_w
[_w d e r e ŋ ]_w
[_w k uː ŋ ]_w
[_w n a m o w aː ]_w
[_w a b r a m n o ŋ ]_w
[_w m e d o k o w u ]_w
[_w a m b o ]_w
[_w a m i ɡ i ɡ iː ŋ ]_w
[_w m e t aː m a r ]_w
[_w ɡ a ts e ŋ ]_w
[_w t a i t u s ]_w
[_w k eː ŋ k a ]_w
[_w a b u j a ]_w
[_w e ŋ a r o j a ]_w
[_w m o r i r o ]_w
[_w u r u a m a ]_w
[_w k i ts o dz o ]_w
[_w e dz a n o ŋ ]_w
[_w k e m b a ]_w
[_w n u n u ŋ ]_w
[_w l i l i ɡ a ]_w
[_w k o n i ]_w
[_w p o ŋ n a ]_w
[_w a r e ŋ ɡ o ]_w
[_w k u ŋ ɡ u ŋ ]_w
[_w dz e n o ŋ ]_w
[_w a l a n dz a ]_w
[_w k o u r u n a ]_w
[_w m a ŋ ɡ aː ]_w
[_w a n o t a ]_w
[_w m a r d a ]_w
[_w m o dz a o ]_w
[_w p iː t o ]_w
[_w p a t i ]_w
[_w m e ɡ i t o ]_w
[_w k a w o n o ŋ ]_w
[_w s o l o ɡ aː ]_w
[_w ɡ o w o ɡ o j a ]_w
[_w d oː ŋ a k a ]_w
[_w k o d iː dz o ŋ ]_w
[_w dz e ɡ i t o ]_w
[_w s i t i n a n a ]_w
[_w n o r o ]_w
[_w b i p iː ŋ ]_w
[_w ɡ uː w aː ]_w
[_w t a w a n a j a ]_w
[_w ɡ o n o ɡ a ]_w
[_w k oː l i dz e ŋ ]_w
[_w k a m e l ]_w
[_w i n t i ŋ ]_w
[_w dz e w u d i ]_w
[_w uː d a n o ]_w
[_w t a k o ŋ ]_w
[_w k o t o r o j a ]_w
[_w j a m a k e dz a ]_w
[_w ɡ oː s e n ]_w
[_w k o r i a ŋ ]_w
[_w o ŋ o m b u ŋ ]_w
[_w k i w a ɡ i a ]_w
[_w f aː r a o ]_w
[_w b o r i a ŋ ]_w
[_w n o r o ŋ ]_w
[_w b u k n o ŋ ]_w
[_w i s a m a ]_w
[_w dz e u p a p a ]_w
[_w w e ŋ ɡ e dz a ]_w
[_w a m b o ŋ ɡ i a ]_w
[_w n o n dz u t i ]_w
[_w n o n o n dz u ]_w
[_w uː t uː d uː ]_w
[_w a ts o r oː ɡ i ]_w
[_w t a p e ]_w
[_w m a l t a ]_w
[_w k o m u ɡ i a ]_w
[_w dz a n dz a w aː ]_w
[_w u n a k a t i ]_w
[_w m o n e ŋ ]_w
[_w m o n e ŋ k i ]_w
[_w i w o i k i a ]_w
[_w k o ɡ o dz e ŋ ]_w
[_w o r o r aː ŋ ]_w
[_w a s a ŋ ɡ o w a ]_w
[_w k e t e ]_w
[_w o ŋ o n o ŋ k a ]_w
[_w kp a m o ]_w
[_w d o j a ]_w
[_w m o ɡ i a n o ŋ ]_w
[_w k a l i l i k i ]_w
[_w u t e ɡ o w u ]_w
[_w n o r o m b aː ]_w
[_w k oː l i w u ]_w
[_w k a l a ŋ ]_w
[_w ɡ a w o ŋ aː ]_w
[_w dz e dz i ]_w
[_w m o m a ɡ e b u ]_w
[_w t u t uː w u ]_w
[_w m e r a n a ]_w
[_w k o k aː ]_w
[_w iː k i ɡ iː ŋ ]_w
[_w s o m a ŋ a ]_w
[_w f a r i s ]_w
[_w ɡ e m b aː ]_w
[_w k uː s u ŋ aː ]_w
[_w k o t o w i ŋ ]_w
[_w d u r u ŋ ]_w
[_w kp o dz o dz a ]_w
[_w n o r o m b a ]_w
[_w s o r o j a ]_w
[_w kp a ɡ i ]_w
[_w a l a k aː ]_w
[_w o ŋ o n o t a ]_w
[_w j e i ]_w
[_w a dz o r oː ɡ i ]_w
[_w t a m b aː ]_w
[_w s aː r a n o ŋ ]_w
[_w a m a n o ŋ ]_w
[_w k e m e b a ]_w
[_w w a ŋ ɡ o ŋ ]_w
[_w d o n d oː r o ]_w
[_w k a r oː ŋ ]_w
[_w kp aː ɡ a r ]_w
[_w u r o ]_w
[_w d o r o t o ]_w
[_w n e n e w aː ]_w
[_w i n d i r i ŋ a ]_w
[_w m u n a k a ]_w
[_w k o b aː ]_w
[_w ɡ o t i ]_w
[_w t o j aː ]_w
[_w dz a r i r i a ]_w
[_w k o m u r o t o ]_w
[_w o m a j a ]_w
[_w k o l oː w aː ]_w
[_w s aː ŋ a ]_w
[_w kp a p u ŋ a j a ]_w
[_w dz e u p a b o ]_w
[_w s i l i kp a l u ]_w
[_w b a k i a ]_w
[_w ɡ a w o n a ]_w
[_w p a l o ŋ a ]_w
[_w ɡ oː m u j a ]_w
[_w dz u m u ŋ ]_w
[_w s u r u ]_w
[_w n u n u ɡ i ]_w
[_w s e l e w o ]_w
[_w u ŋ a ɡ a ]_w
[_w k e m e m e ]_w
[_w oː w e d i ]_w
[_w k a m aː w e ]_w
[_w s a ɡ a s i ŋ ]_w
[_w iː k a w o ŋ a ]_w
[_w s u m a ŋ a ]_w
[_w k a r o ŋ ]_w
[_w o ŋ oː m b e ]_w
[_w u t i t iː ŋ ]_w
[_w l o j aː ]_w
[_w d o t o w a ]_w
[_w k a w o ŋ k i ]_w
[_w s o k o n dz o ŋ ]_w
[_w k o w e ]_w
[_w s a k a ]_w
[_w d e r b e ]_w
[_w w aː k e ŋ ]_w
[_w dz e ŋ k e dz i ]_w
[_w a n o n o ŋ ]_w
[_w a s a r i ɡ i ]_w
[_w t o w e ]_w
[_w m o ɡ o l oː ŋ ]_w
[_w a ŋ k i t o ]_w
[_w uː kp e kp e ]_w
[_w n o m a e ŋ ]_w
[_w iː ɡ i ]_w
[_w ɡ o m b e ]_w
[_w dz e i k o b ]_w
[_w e b a f r a s ]_w
[_w p o ŋ n a n a ]_w
[_w k e ɡ e m b a ]_w
[_w u ŋ uː ɡ u dz a ]_w
[_w t u t u ɡ ]_w
[_w iː r i ]_w
[_w b o l i w aː t i ]_w
[_w uː w o i j a ]_w
[_w o ŋ o n dz o ŋ ]_w
[_w e dz a d o ]_w
[_w k a j a ]_w
[_w w o s o n a ]_w
[_w dz e t a ɡ a j a ]_w
[_w oː l i ]_w
[_w k a dz i ]_w
[_w k o r o ɡ a ]_w
[_w uː ɡ a l e ŋ ]_w
[_w b o i j a ]_w
[_w s a m a ]_w
[_w oː s i r i r o ]_w
[_w t o ɡ o r i n d ]_w
[_w ɡ a w a ]_w
[_w ɡ e m a ŋ a ]_w
[_w e t o m ]_w
[_w e ŋ a r o n a ]_w
[_w o ŋ a n o ŋ ]_w
[_w b e r e t ]_w
[_w t a n d o ]_w
[_w n o n oː n o ]_w
[_w a u a ]_w
[_w m i l j o n ]_w
[_w b o ŋ n a n a ]_w
[_w u ŋ a n o ŋ ]_w
[_w kp a ɡb a ŋ ]_w
[_w k o ŋ kp a r a ]_w
[_w o r o n a ]_w
[_w k o m a ɡ e dz u ]_w
[_w e w aː d i ]_w
[_w u m a ŋ a n o ŋ ]_w
[_w k o n o ŋ ]_w
[_w m e ŋ ɡ e dz o ŋ ]_w
[_w h o ŋ aː dz o ŋ ]_w
[_w r a dz o ŋ ]_w
[_w a m i n a t a p ]_w
[_w k e m b a ɡ a ]_w
[_w m o ŋ ɡ o j a ]_w
[_w d a ɡ i s ]_w
[_w a m a w o ]_w
[_w b i l i s i a ]_w
[_w e r o t i ]_w
[_w ɡ i l eː ŋ ]_w
[_w n o n o m a e ŋ ]_w
[_w a o n a ]_w
[_w k a ŋ ɡ i t i ]_w
[_w m e ɡ i ]_w
[_w ɡ a r e ŋ ɡ o ]_w
[_w j a ɡ o ŋ ]_w
[_w ɡ i l e ŋ aː ]_w
[_w s a ɡ i a ]_w
[_w m o n o w aː ]_w
[_w u b aː t o ]_w
[_w kp e w u ]_w
[_w w aː b aː ]_w
[_w e n a ]_w
[_w b o w o w o ]_w
[_w o ŋ o n a k a ]_w
[_w k o l oː r o ]_w
[_w s e m b e ]_w
[_w k a w e t i ]_w
[_w t e t e ]_w
[_w kp a o ŋ ɡ e dz a ]_w
[_w t a n i a k i a ]_w
[_w s e w e n ]_w
[_w dz e r o d i ]_w
[_w w a dz iː ŋ ]_w
[_w i s r a e l ]_w
[_w n o r o w o ]_w
[_w s o m b e ]_w
[_w t e r e ŋ k o ŋ ]_w
[_w b u ŋ a w aː ]_w
[_w m o n o ŋ a ]_w
[_w n u n uː ɡ u ŋ ]_w
[_w k a n d r i ]_w
[_w b o w o ]_w
[_w i dz o ɡ i ]_w
[_w n aː ŋ a w o ]_w
[_w w a s i ɡ i ]_w
[_w l a l a n o ŋ ]_w
[_w s o r o ]_w
[_w l eː l eː ]_w
[_w a ɡ o m i ŋ ]_w
[_w t a n i ɡ i a ]_w
[_w ɡ a m aː k i ]_w
[_w uː n aː dz o ŋ ]_w
[_w k a i n ]_w
[_w a n a ɡ a ]_w
[_w s m l ]_w
[_w m o ɡ o l oː w u ]_w
[_w i n t i ɡ e ŋ ]_w
[_w dz i ŋ k a r aː ]_w
[_w b u s u w aː ]_w
[_w kp e n a ɡ a ]_w
[_w n a n dz e n d o ]_w
[_w k o m u w aː ]_w
[_w k o t o r o j aː ]_w
[_w j a m b u t o ]_w
[_w dz e r o t i ]_w
[_w ɡ o i ]_w
[_w kp e w e ]_w
[_w a i w e s e ]_w
[_w l e t o m a ]_w
[_w s e l e n o t o ]_w
[_w k a r o ŋ a ]_w
[_w j o r o n i ŋ i ]_w
[_w u n dz u r a j a ]_w
[_w k u a m a ]_w
[_w o l i ɡ aː ]_w
[_w n o r o n a ]_w
[_w l u a e n o ŋ a ]_w
[_w n e w u j a d o ]_w
[_w b o u m a ]_w
[_w h i d ]_w
[_w k a s a w aː ]_w
[_w n o n a ɡ a ]_w
[_w k e m a ɡ e dz a ]_w
[_w k a w a l a ]_w
[_w kp a m o n o ŋ ]_w
[_w ɡ uː s u n a ]_w
[_w k o ts o ŋ ]_w
[_w n a ŋ k o ]_w
[_w b aː t i ]_w
[_w m a n a n o ŋ ]_w
[_w t a n o ŋ ]_w
[_w m o k o l e ŋ ]_w
[_w dz a k e ]_w
[_w dz uː d a w aː ]_w
[_w k o r i ɡ o ]_w
[_w ɡ a m aː r o ]_w
[_w k o m b u ]_w
[_w m e l eː n o ]_w
[_w k a dz e ŋ i ]_w
[_w a r o n a ]_w
[_w a n dz e ŋ ]_w
[_w h o ŋ ]_w
[_w a m b u d i ]_w
[_w dz e ŋ n e m b a ]_w
[_w aː s o ŋ a e ]_w
[_w o m e j a w o ]_w
[_w i r o ŋ ɡ i ]_w
[_w b o r o ŋ a ]_w
[_w iː k i k iː ŋ ]_w
[_w ɡ o u r i ]_w
[_w k a n a n aː ]_w
[_w w a e n a ]_w
[_w k o w i a ]_w
[_w o ŋ o n o t i ]_w
[_w s i s i ɡ i ]_w
[_w ɡ o s e r e ]_w
[_w n e ɡ i t o ]_w
[_w l a p a n ]_w
[_w d oː r o ]_w
[_w w aː b o ŋ a ]_w
[_w t o n d u ŋ ]_w
[_w l aː l i ɡ o ]_w
[_w d i r i ŋ ]_w
[_w s e k e m n o ŋ ]_w
[_w o p o j a ]_w
[_w kp e n a ]_w
[_w k o t o ɡ i t o ]_w
[_w s i l w a n o ]_w
[_w ɡ uː ŋ ɡ e dz a ]_w
[_w k a m u ɡ a m u ]_w
[_w f a r i s iː ]_w
[_w b o ŋ n aː ]_w
[_w m e r a n aː ]_w
[_w uː ɡ a l e n a ]_w
[_w s a t a n a e l ]_w
[_w l i l i k i ]_w
[_w k a n a n o ŋ ]_w
[_w k a i u s ]_w
[_w ɡ o m o r i r o ]_w
[_w n a m p u j a ]_w
[_w t r o a s ]_w
[_w m e a ɡ o r o ]_w
[_w b aː t a n o ]_w
[_w i n dz a ŋ ]_w
[_w m i l k a ]_w
[_w iː b aː ]_w
[_w iː m a ŋ a t i ]_w
[_w kp a w o r o ]_w
[_w j a k o dz a ]_w
[_w uː l a ŋ ]_w
[_w n o ŋ ɡ a n dz u ]_w
[_w u ŋ a ɡ i a ]_w
[_w t o j a ]_w
[_w uː w o i ]_w
[_w iː ŋ ɡ a ]_w
[_w oː b i l i ]_w
[_w l i w a i t ]_w
[_w i w o i ɡ i a ]_w
[_w b a ɡ a ]_w
[_w a w aː w aː ]_w
[_w d o r o ]_w
[_w kp aː ɡ o ]_w
[_w dz e i ɡ o b ]_w
[_w m o m a k e dz u ]_w
[_w n e ɡ i a ]_w
[_w j a ɡ a ]_w
[_w n u n u a m a ]_w
[_w o ŋ o m b u t o ]_w
[_w dz o dz o p a j a ]_w
[_w ɡ i ɡ i l aː ŋ ]_w
[_w t uː ŋ ɡ i ]_w
[_w t o s i a ]_w
[_w b a l o n a n aː ]_w
[_w h a r a n dz a ŋ ]_w
[_w kp e t a n o ŋ ]_w
[_w ɡ eː ŋ ɡ a ]_w
[_w k a m u j a ]_w
[_w p i ŋ ]_w
[_w d o s a k a ]_w
[_w w i l i s i ]_w
[_w l o j a w o ]_w
[_w t e i w i t ]_w
[_w k a l e n o ŋ ]_w
[_w dz a ɡ e n o ]_w
[_w dz o p a ]_w
[_w ɡ o m u ]_w
[_w i l i a ]_w
[_w b a l o ŋ k a ]_w
[_w i w o i w o ]_w
[_w b a l o n o ŋ a ]_w
[_w kp e w a ɡ o ŋ ]_w
[_w e t o m a ŋ a ]_w
[_w n aː s o n o ]_w
[_w k o ɡ aː ŋ a ]_w
[_w ɡ o n o ŋ ]_w
[_w k e ŋ ɡ i aː ]_w
[_w e s u ŋ n o ŋ ]_w
[_w m o r o n o ]_w
[_w s iː s a k i a ]_w
[_w r a ɡ i t i ]_w
[_w m e r a ɡ a ]_w
[_w k e r i a ɡ a ]_w
[_w f i ɡ ]_w
[_w s u l u t u ɡ ]_w
[_w n e n a ]_w
[_w k a w a n a ]_w
[_w s aː r a ]_w
[_w kp i n t iː ŋ ]_w
[_w k e u b u t i ]_w
[_w uː s iː ŋ ɡ i a ]_w
[_w s i s i r o ]_w
[_w t i k i a ]_w
[_w h a ɡ o k i ]_w
[_w b oː l ]_w
[_w k i l eː ŋ ]_w
[_w kp e ŋ ɡ e dz a o ]_w
[_w a p u ]_w
[_w s aː m a ]_w
[_w r o m o ŋ ]_w
[_w i s a n o ŋ ]_w
[_w aː r u w u j a ]_w
[_w w aː m a ŋ a ]_w
[_w l o m b a n o ŋ ]_w
[_w ɡb a o n o ŋ ]_w
[_w a r d e m i s ]_w
[_w a l a ɡ a n o ŋ ]_w
[_w b o l i r o ]_w
[_w p oː l w aː ]_w
[_w dz oː n a ]_w
[_w s e l a n o ŋ ]_w
[_w s aː b u ]_w
[_w p o l i w e ]_w
[_w b u s u w o ]_w
[_w k o ŋ k i ]_w
[_w u ŋ a u ŋ a ]_w
[_w o r o k o ]_w
[_w ɡ r a i s t w o ]_w
[_w k a dz e ŋ ]_w
[_w p u dz u ]_w
[_w t eː m a ]_w
[_w ɡ a m aː w u ]_w
[_w s i l i ]_w
[_w k i l e k aː ]_w
[_w f l m ]_w
[_w uː ɡ a ]_w
[_w kp aː ɡ i a ]_w
[_w o l o ŋ ɡ o ŋ ]_w
[_w p a r n a p a s ]_w
[_w k eː ŋ ɡ a ]_w
[_w iː k a n o ŋ ]_w
[_w n a o m i w aː ]_w
[_w k o l oː dz a ŋ ]_w
[_w t o r o ]_w
[_w e dz a ]_w
[_w uː ɡ u dz a ]_w
[_w m aː ɡ e d ]_w
[_w d a o n o ŋ ]_w
[_w k o r aː j aː ]_w
[_w a p a ]_w
[_w k o dz i dz i ]_w
[_w w o i j a n o ŋ ]_w
[_w m a ŋ n aː ]_w
[_w o ŋ o n dz e ŋ i ]_w
[_w kp i ŋ kp i l i ŋ ]_w
[_w ɡ a m a m aː dz a ]_w
[_w t a t aː ]_w
[_w k i a p ]_w
[_w kp o s o m a s o ]_w
[_w n oː dz o ŋ ]_w
[_w m o ŋ k e b a ]_w
[_w ɡb a ɡ o ŋ ]_w
[_w b a k a ]_w
[_w oː ŋ ɡ i ]_w
[_w u ŋ uː k u dz a ]_w
[_w d a w a n a ]_w
[_w o ŋ o m b aː ]_w
[_w p oː l ]_w
[_w dz e r i ɡ o ]_w
[_w uː k i a ]_w
[_w m e n a ]_w
[_w m o d o ŋ ɡ i a ]_w
[_w dz e w e ]_w
[_w a s u k i n a ]_w
[_w l u dz ]_w
[_w o t aː r o ]_w
[_w ɡb a k i a ]_w
[_w m o dz e n d o ŋ ]_w
[_w l e t o n o ŋ ]_w
[_w a b u w aː ]_w
[_w a p r a m b aː ]_w
[_w u s u ŋ a n o ŋ ]_w
[_w a l a w a l i ]_w
[_w w a b a ]_w
[_w m u t u j aː ]_w
[_w m e l eː m b u ]_w
[_w k a i j a ɡ a ]_w
[_w o b o j a ]_w
[_w s i t i m ]_w
[_w n aː n a ɡ a d i ]_w
[_w b a b i l o n ]_w
[_w kp a m a ɡ e dz u ]_w
[_w o ŋ o m b e ]_w
[_w l a p a n o ŋ ]_w
[_w a i t o ŋ ]_w
[_w iː iː t a ]_w
[_w t o w o j aː ]_w
[_w k a m u ɡ i t i ]_w
[_w dz o dz o b a ]_w
[_w b o r i a n o ŋ ]_w
[_w a l a t a w aː ]_w
[_w k a w e ]_w
[_w b a m f i l i a ]_w
[_w ɡ oː l i dz e ŋ ]_w
[_w j a k o ɡ i ]_w
[_w r e i h a p ]_w
[_w n e w e n a ɡ a ]_w
[_w h o r o n o ]_w
[_w s e ŋ ɡ e dz u ]_w
[_w j a m a k e ŋ ]_w
[_w j a ɡ o dz o ]_w
[_w k o d o w i ɡ i ]_w
[_w kp a ɡb a dz u t o ]_w
[_w k u a ŋ ɡ u n u ]_w
[_w n a m a ɡ a o ]_w
[_w m u n a ]_w
[_w kp aː j a n o ŋ ]_w
[_w k o w e n o ŋ ]_w
[_w ɡb a b u ]_w
[_w m o dz u t o ]_w
[_w m a l o ]_w
[_w j o ŋ oː dz o ŋ a ]_w
[_w s uː ŋ ɡ o ŋ ]_w
[_w ɡ e n o t o ]_w
[_w l uː k n o ŋ ]_w
[_w f i l e m o n ]_w
[_w m o n e n a ]_w
[_w p o ŋ k a l u ]_w
[_w m u ŋ ɡ i a ]_w
[_w k e i n a n ]_w
[_w k eː n a n a ]_w
[_w k o n d e ]_w
[_w kp a b a ]_w
[_w u b u ]_w
[_w dz aː ɡ a r a ]_w
[_w i ŋ i dz o ɡ i ]_w
[_w f i l i a n o ŋ ]_w
[_w j e i dz o dz oː ŋ ]_w
[_w n e w u j a ]_w
[_w n o n oː ŋ ɡ i ]_w
[_w n o r o w aː ]_w
[_w t o w e j a ]_w
[_w k o w i a n o ŋ ]_w
[_w iː k a w o m b aː ]_w
[_w a e ŋ ]_w
[_w dz o dz o r i ]_w
[_w i ŋ k l i s ]_w
[_w oː ŋ s aː ]_w
[_w t u r u r o ]_w
[_w n i n i dz o r o ]_w
[_w iː k aː ŋ ]_w
[_w uː dz o b a ɡ a ]_w
[_w u b a p a ]_w
[_w j o ŋ o n o ŋ ]_w
[_w k o u ts u ]_w
[_w iː ɡ a ]_w
[_w u dz a ]_w
[_w iː s oː ]_w
[_w k a s i a ]_w
[_w m e r i a w aː ]_w
[_w k a o n o ŋ ]_w
[_w e dz u t o ]_w
[_w kp o dz o ts a ]_w
[_w a l i ŋ k o ŋ ]_w
[_w a n dz i ]_w
[_w k o m u ŋ ]_w
[_w kp a ɡ i a ]_w
[_w n eː n aː ]_w
[_w n o n o n i ]_w
[_w t o r o j a w o ]_w
[_w k e m a ŋ a ]_w
[_w kp a m b i aː ]_w
[_w kp e t e ɡ o ŋ ]_w
[_w m e d oː r o ]_w
[_w ɡ o n d oː ŋ ]_w
[_w ɡ o m u dz a ]_w
[_w n uː k u n a ]_w
[_w e s u ŋ m u m u ]_w
[_w n a n dz e ŋ ]_w
[_w u r o t i ]_w
[_w d e n o ŋ ]_w
[_w t oː ɡ i a n o ŋ ]_w
[_w n u k i ]_w
[_w kp aː ŋ n o ŋ ]_w
[_w a l i aː ]_w
[_w k u dz u b a dz u ]_w
[_w t e r e j a ɡ a ]_w
[_w i r o ŋ a ]_w
[_w l u l uː m a ]_w
[_w a m b e w aː ]_w
[_w t u r ɡ e j ]_w
[_w u ŋ u a m b e ]_w
[_w r a ɡ i a ]_w
[_w a l a k a ]_w
[_w d o r i dz a ŋ ]_w
[_w m e r a w aː ]_w
[_w k uː ŋ n o ŋ ]_w
[_w kp a ɡ a ]_w
[_w ɡ uː w e ]_w
[_w dz i k o w u ]_w
[_w o l o ŋ ɡ a ]_w
[_w k e l e ɡ i aː ]_w
[_w aː r o n ]_w
[_w l a i o n ]_w
[_w a n a n a ]_w
[_w ɡ o t iː w aː ]_w
[_w u m a ɡ e dz u ]_w
[_w iː k a w o ŋ aː ]_w
[_w o l o ŋ a ]_w
[_w i ŋ i k i ]_w
[_w k o n i a m ]_w
[_w a m b u j a ]_w
[_w o ŋ o m b e d i ]_w
[_w n a dz a r e t ]_w
[_w a n u d u ɡ a ]_w
[_w b e t l e h e m ]_w
[_w m e w a ]_w
[_w dz o b a k o ŋ ]_w
[_w dz u ɡ a ]_w
[_w m u l u ]_w
[_w b u ŋ a ]_w
[_w b oː l n o ŋ ]_w
[_w d uː ŋ ɡ i ]_w
[_w k o i ŋ n o ŋ ]_w
[_w i l a i l aː ]_w
[_w s iː ŋ a ]_w
[_w s a i t a n i ]_w
[_w l o ɡ o j a ]_w
[_w ɡ a r i o t ]_w
[_w b iː w i a ]_w
[_w m u dz i ]_w
[_w f l a u a ]_w
[_w a n dz a ŋ ]_w
[_w n e n e j a ]_w
[_w e l eː m a ]_w
[_w ɡ o m o k i t o ]_w
[_w o ŋ o w o ]_w
[_w e k s o t u s ]_w
[_w ɡb a s u aː ŋ ]_w
[_w kp i kp i s i ɡ i ]_w
[_w t i r i w e ŋ ]_w
[_w t i m o t i ]_w
[_w a dz o r oː ŋ k i ]_w
[_w m o n dz o ŋ ]_w
[_w s o r o n o ŋ ]_w
[_w kp e l e ]_w
[_w ɡ e m e p u t i ]_w
[_w ɡ o s i ŋ ]_w
[_w dz e r o t a ]_w
[_w k oː t a ]_w
[_w b u l m a k a o ]_w
[_w k o l oː dz o ŋ ]_w
[_w ɡ a w aː ]_w
[_w m o dz e ŋ ]_w
[_w dz i ŋ dz a u ŋ ]_w
[_w e dz a n o n o ]_w
[_w a m a w aː ]_w
[_w m i s a ɡ a ]_w
[_w m a r a ŋ ]_w
[_w m i r i n o ŋ ]_w
[_w m o dz e n d o ]_w
[_w m a m b o n i ŋ ]_w
[_w t a m u j a w o ]_w
[_w m o n a ɡ a t i ]_w
[_w ɡ o m b a ]_w
[_w b e ŋ a ]_w
[_w i dz o k i ]_w
[_w m o r o w o ]_w
[_w m i l j o ŋ a ]_w
[_w m o ɡ o l oː dz u ]_w
[_w kp a k a n o ŋ ]_w
[_w ɡ i ŋ n o ŋ ]_w
[_w b a p i a ]_w
[_w s a r t i s ]_w
[_w k u r u n a ]_w
[_w b a ŋ ɡ a ]_w
[_w ɡ a u n s o l ]_w
[_w f i l i p w aː ]_w
[_w e m b i a ɡ a ]_w
[_w dz i w o w o ]_w
[_w r o ŋ a w o ]_w
[_w f e s t u s ]_w
[_w t o s i a n o ŋ ]_w
[_w m o r o ŋ ]_w
[_w k e n dz i ]_w
[_w l o m b o ]_w
[_w ɡ e m a ɡ e dz a ]_w
[_w kp e a ŋ ɡ o b a ]_w
[_w e m b a w o ]_w
[_w kp e n dz e ŋ i ]_w
[_w n i n i dz o k i ]_w
[_w k e m e r i a ]_w
[_w s e i n i ŋ ]_w
[_w b o ɡ o w aː ]_w
[_w i l a w o i l a ]_w
[_w m o n e n a n a ]_w
[_w a b a ]_w
[_w d e m b e ŋ a ]_w
[_w o ŋ o ŋ ɡ i a ]_w
[_w a o ŋ ɡ a ]_w
[_w b o r o k i a ]_w
[_w ɡ o ɡ o ]_w
[_w ɡb i n d iː ŋ ]_w
[_w e m u k e ŋ ]_w
[_w m o r i ]_w
[_w m e t u s e l a ]_w
[_w e k i t i ]_w
[_w ɡ a n o ŋ ]_w
[_w t u t uː ŋ ]_w
[_w n aː n a ɡ a ]_w
[_w k o k i a ]_w
[_w k o n i ŋ i ]_w
[_w k o t o k o ]_w
[_w k o m u ɡ i t o ]_w
[_w k a m b a n a ]_w
[_w i ŋ i r o ]_w
[_w iː m a ]_w
[_w o ŋ o m b a b o ]_w
[_w kp a b u ]_w
[_w i r i m u ŋ ]_w
[_w ɡ o n dz a ]_w
[_w o r o j a w o ]_w
[_w e u k e ŋ ]_w
[_w u m a k e dz u ]_w
[_w iː k i d i ]_w
[_w kp e a ŋ ɡ o j a ]_w
[_w aː n d a n o ŋ ]_w
[_w kp e l a n dz a ŋ ]_w
[_w m a ŋ a d i ]_w
[_w b e n d o ]_w
[_w m o t o k o ŋ ]_w
[_w m o p u ]_w
[_w eː ŋ a n o ŋ ]_w
[_w ɡ oː s u ]_w
[_w k o t o dz u ]_w
[_w m u k i ]_w
[_w k e t a j a ]_w
[_w dz i n o ŋ ]_w
[_w b o u m a b o u ]_w
[_w p o ŋ k i a ]_w
[_w n o m o r a ]_w
[_w kp a k i t i ]_w
[_w b e l a ]_w
[_w b uː d a ]_w
[_w m o ŋ ɡ e ŋ ]_w
[_w u t u ŋ ]_w
[_w uː s iː ŋ a n o ŋ ]_w
[_w l a l i ɡ o w u ]_w
[_w a m a m aː r o ]_w
[_w p e n dz a m i n ]_w
[_w a p o s o l ]_w
[_w k o t o dz a ŋ ]_w
[_w o ŋ o ŋ k i t i ]_w
[_w a ŋ ɡ o m u w u ]_w
[_w a ŋ k o b a t o ]_w
[_w b a m f i l i b ]_w
[_w dz e t a ]_w
[_w i ŋ iː m a ]_w
[_w l o ɡ o ]_w
[_w n e m u n a ]_w
[_w k a r i ]_w
[_w k e k e ŋ a ]_w
[_w ɡ uː s u ŋ aː ]_w
[_w m o ɡ i aː ]_w
[_w o ŋ o m a ŋ a ]_w
[_w d o ɡ o ŋ ]_w
[_w s t a t i ]_w
[_w ɡ a ɡ i t i ]_w
[_w n a ŋ ɡ o dz a ]_w
[_w k a ts e ŋ i ]_w
[_w m o m b o t a ]_w
[_w a s a kp a l e ŋ ]_w
[_w u n i ŋ ]_w
[_w r uː ŋ a n o ŋ ]_w
[_w a n u t u ɡ i a ]_w
[_w o ŋ o n dz u ]_w
[_w u ŋ a j a w o ]_w
[_w n a ŋ k o ŋ ]_w
[_w o ŋ o a ŋ ɡ i aː ]_w
[_w a m b o n o ]_w
[_w m e s a o ŋ ]_w
[_w b i l o ɡ r a m ]_w
[_w k o m u w u j a ]_w
[_w kp a k i a ]_w
[_w o ŋ o n o ]_w
[_w d o j aː ]_w
[_w k o m u n dz u ŋ ]_w
[_w ts e w o ŋ a ]_w
[_w d a t aː ]_w
[_w t a r s u s ]_w
[_w aː ŋ a ]_w
[_w i ŋ i ts o dz e ŋ ]_w
[_w s o m a t a j a ]_w
[_w s o ŋ ɡ i a ]_w
[_w ɡ o w e w aː ]_w
[_w kp e w a ɡ o r o ]_w
[_w uː k u dz a ]_w
[_w m e s a o dz e ŋ ]_w
[_w a s s i r i ]_w
[_w kp a t o n o ]_w
[_w oː ɡ i a n o ŋ ]_w
[_w a n u t u ɡ ]_w
[_w l u a e w aː ]_w
[_w t e k o dz a ]_w
[_w dz aː j a n o ŋ a ]_w
[_w t e r a n a ]_w
[_w m a l o n ]_w
[_w r a dz u t o ]_w
[_w iː k i t i ]_w
[_w l e t o n o ]_w
[_w o ŋ o m b o ]_w
[_w ɡ a i a f a s ]_w
[_w d eː m a ]_w
[_w i w o i ]_w
[_w r i ɡ i a ]_w
[_w o ŋ o m a ŋ k aː ]_w
[_w a m a n a s e ]_w
[_w k oː ŋ ]_w
[_w d o t o ŋ ]_w
[_w k a i t a n i ]_w
[_w dz e dz e t a w o ]_w
[_w m e a ɡ o ŋ ]_w
[_w b a i l o t ]_w
[_w ɡ e m e r o t ]_w
[_w i j o ŋ o w o ]_w
[_w s a i d o n ]_w
[_w n e n i ŋ ]_w
[_w a p u ɡ a b a ]_w
[_w k a n a ɡ e s o ]_w
[_w dz e k ]_w
[_w k e dz a ɡ i a ]_w
[_w t i m b i n o ŋ ]_w
[_w n e k i ]_w
[_w a l a ɡ a ]_w
[_w k uː w aː t i ]_w
[_w e w u j a ]_w
[_w ɡ o n t oː r o ]_w
[_w b o r o ɡ a ]_w
[_w m u b e n a ɡ a ]_w
[_w t a i n a i ]_w
[_w k e r a n a ]_w
[_w k o t o w e ]_w
[_w k a r o t i ]_w
[_w k e m a k e dz a ]_w
[_w e f e s u s ]_w
[_w b o l i t i ɡ a ]_w
[_w j o ŋ ɡ o ŋ ]_w
[_w s iː t a ]_w
[_w s e l i a ]_w
[_w e s u ŋ n a n o ]_w
[_w s aː l i r o ]_w
[_w a m b e t o ]_w
[_w n u r o ]_w
[_w s o s o m a ]_w
[_w k o t iː ŋ ]_w
[_w i s aː m a ]_w
[_w a dz o r oː ŋ ]_w
[_w s e l e ɡ i a ]_w
[_w a l a d eː ŋ ]_w
[_w k oː b i n o ŋ ]_w
[_w s u b u b u ɡ a ]_w
[_w k e ŋ ɡ a ]_w
[_w k o t o w i dz a ]_w
[_w l aː r i ŋ ]_w
[_w d eː n d eː ŋ ]_w
[_w e r a ]_w
[_w oː r o t a ]_w
[_w l e a n o ŋ ]_w
[_w s e ŋ ɡ e dz a ]_w
[_w k e n o ]_w
[_w kp e l a l a ]_w
[_w t a ɡ i s ]_w
[_w ɡ e r e j a ]_w
[_w e m u k a n o ŋ ]_w
[_w o ŋ o t aː ŋ ]_w
[_w iː k a n o ŋ a ]_w
[_w s i t i a n o ŋ ]_w
[_w m o r o ŋ a ]_w
[_w dz iː s a s w o ]_w
[_w ɡ o w o n dz i ]_w
[_w e r o t ]_w
[_w h i r a ]_w
[_w oː l i n o ŋ ]_w
[_w ɡ o l o l oː ŋ ]_w
[_w dz e d a ]_w
[_w dz e w a ɡ eː ŋ ]_w
[_w p o s i m a ]_w
[_w d oː ɡ i a ]_w
[_w kp e dz u ]_w
[_w m o ɡ o t aː ŋ ]_w
[_w l a l i ɡ o dz u ]_w
[_w k o t o ɡ i t i ]_w
[_w kp o n dz o m a ]_w
[_w k e n d o ]_w
[_w dz u n dz u a ]_w
[_w n o m b u ]_w
[_w s u l aː b a ŋ ]_w
[_w d r o a s ]_w
[_w m a r o ŋ ]_w
[_w b u b u k a ]_w
[_w kp a w o r o r o ]_w
[_w m a r i a w aː ]_w
[_w s a t a m u ]_w
[_w i s k a r i o t ]_w
[_w kp aː n a n o ŋ ]_w
[_w s i ɡ i a ]_w
[_w k o t i ŋ k o ŋ ]_w
[_w kp a s u aː ŋ ]_w
[_w k o ŋ ɡ o ŋ ]_w
[_w n e n e n o ŋ ]_w
[_w k o m b u ŋ ]_w
[_w n a m o n o ŋ ]_w
[_w m u b aː ]_w
[_w l e t o ŋ k i ]_w
[_w m i n d i ŋ a ]_w
[_w k o l oː dz i ]_w
[_w ɡ i t i a n o ŋ ]_w
[_w s o ɡ o n o ŋ ]_w
[_w m o n a k a r ]_w
[_w s aː r a w aː ]_w
[_w e ɡ i t i ]_w
[_w k a r o d i ]_w
[_w u r o d o ]_w
[_w t iː r o ]_w
[_w aː s o ŋ ]_w
[_w t oː ŋ k o ŋ ]_w
[_w e s u ŋ n a n a ]_w
[_w o ŋ o a ŋ k i ŋ ]_w
[_w o p o t o r o ŋ ]_w
[_w n aː m a t e ]_w
[_w t uː r o ]_w
[_w m u ŋ ɡ e b u ]_w
[_w eː n o ɡ ]_w
[_w f i l i b a i ]_w
[_w e m b i a ]_w
[_w kp e l a l a ŋ ]_w
[_w k a w o ŋ aː ]_w
[_w k o m u r i ]_w
[_w ɡ oː l i k i aː ]_w
[_w w a s i w e ]_w
[_w l a m b e t i ]_w
[_w u ŋ u a ŋ ɡ i a ]_w
[_w uː n a ]_w
[_w kp aː n a n a n o ]_w
[_w w aː b aː t i ]_w
[_w d e m a n ]_w
[_w i s i ɡ i ]_w
[_w m o t o ɡ o ŋ ]_w
[_w ɡ i ŋ k i ]_w
[_w t i r i ŋ ]_w
[_w s e i ŋ ]_w
[_w o ŋ oː n o t i ]_w
[_w kp a m o k a ]_w
[_w k e m e b u t i ]_w
[_w d e ɡ o ɡ i ]_w
[_w kp e a ŋ k o w a ]_w
[_w b a i p e l ]_w
[_w a m b o n o ŋ ]_w
[_w aː ŋ k o l e t o ]_w
[_w k e m e b u ]_w
[_w a r u ŋ a n o ŋ ]_w
[_w dz e w u t i ]_w
[_w e s i a ]_w
[_w i dz o ɡ i a ]_w
[_w ɡb a w o r o ]_w
[_w i j a ŋ ɡ i ]_w
[_w k a n a n a ]_w
[_w k e m e r o t o ]_w
[_w n u ɡ i ]_w
[_w h o ŋ a b o ŋ a ]_w
[_w w a ŋ ɡ i o ]_w
[_w k e s o ɡ i a ]_w
[_w t e ɡ o dz a ]_w
[_w o r o ŋ k i ]_w
[_w ɡb a m b i a w o ]_w
[_w iː ɡ a n o ŋ ]_w
[_w m o dz o ]_w
[_w u dz u ŋ k o ŋ ]_w
[_w l eː ɡ e ŋ ]_w
[_w r a b aː ]_w
[_w dz u n o ]_w
[_w h a r a m ]_w
[_w n oː dz o ŋ a ]_w
[_w t i r i ŋ a ]_w
[_w h a ɡ o ŋ ]_w
[_w s i ŋ k i a ]_w
[_w m a n dz a ]_w
[_w j o r oː n o ŋ ]_w
[_w iː n a ]_w
[_w m a ŋ k i s e ŋ ]_w
[_w k o t o n a n aː ]_w
[_w u b a b a ]_w
[_w h o r o n i ŋ ]_w
[_w n o m a ]_w
[_w k o l a t i ŋ ]_w
[_w k e r a ŋ ]_w
[_w u ŋ u a m b a ]_w
[_w m a n dz a ŋ a ]_w
[_w k o u r i ]_w
[_w k o m u dz a ]_w
[_w i n dz a ŋ a ]_w
[_w dz e ŋ ɡ e p u ]_w
[_w dz a m o ]_w
[_w l o e m b a ɡ a ]_w
[_w k oː n o ]_w
[_w o t aː ɡ i ]_w
[_w p o ŋ ɡ i ŋ ]_w
[_w m a m b o j a ]_w
[_w j o ŋ oː n a ]_w
[_w k uː ŋ ɡ e dz u ]_w
[_w k o k o b a t o ]_w
[_w i r i ŋ ɡ i aː ]_w
[_w a r o ɡ i a ]_w
[_w d i r i ŋ a ]_w
[_w m o p o dz o ŋ ]_w
[_w m o m a ɡ o ]_w
[_w e s u ]_w
[_w w e l e n o t o ]_w
[_w k uː m a ŋ a ]_w
[_w k o r e p o r e ]_w
[_w a n u t u n o ŋ ]_w
[_w o r o w o ]_w
[_w iː m o l o ŋ ]_w
[_w i ŋ i dz o w u ]_w
[_w k o t o k o w aː ]_w
[_w a m a k e dz a ]_w
[_w m o b o m b aː ]_w
[_w l a b a n ]_w
[_w ɡ a l e n o t o ]_w
[_w n o ŋ ɡ i ]_w
[_w ɡ oː m u w aː ]_w
[_w kp i ŋ ɡb i l i ŋ ]_w
[_w m o m o ɡ i ]_w
[_w b o p o r a n a ]_w
[_w s u n d u n a ]_w
[_w m a ŋ k i ]_w
[_w k i a b ]_w
[_w p o r o k i ]_w
[_w u s u ɡ i dz i ]_w
[_w k uː ŋ k e dz u ]_w
[_w k a i d a ]_w
[_w a s e r ]_w
[_w u b a k a ]_w
[_w d o j a n o ŋ ]_w
[_w o ŋ o d aː r o ]_w
[_w k o ŋ k i a ]_w
[_w a n dz i ŋ ]_w
[_w u t u ɡ o ŋ ]_w
[_w m a ŋ k a ]_w
[_w t a b i a ]_w
[_w b a ɡ i a n o ŋ ]_w
[_w kp e a ŋ ɡ o n o ]_w
[_w n e n e j a k a ]_w
[_w k o m b u t o ]_w
[_w dz o m o m a ]_w
[_w dz e ŋ k e ts a o ]_w
[_w i dz o w aː ]_w
[_w m u ŋ k e b a ]_w
[_w a m b o j a ]_w
[_w t o s i aː ]_w
[_w m e ŋ ɡ e p a ]_w
[_w ts u kp u m a ]_w
[_w ɡ e ŋ k i t o ]_w
[_w w o r a ŋ a ]_w
[_w k o ɡ o s iː ŋ ]_w
[_w w a l a d a ]_w
[_w r o ŋ a ]_w
[_w k e n o d i w aː ]_w
[_w s aː l i ŋ ]_w
[_w d a r e m u ŋ a ]_w
[_w j a ŋ k i t o ]_w
[_w o r o r oː ɡ i ]_w
[_w k o m u w o ŋ a ]_w
[_w d e r e n o ŋ ]_w
[_w k o u m a p o u ]_w
[_w t o l o ɡ a ]_w
[_w m o ŋ ɡ o ɡ i ]_w
[_w m o dz u t i ]_w
[_w d eː ŋ ɡ i ]_w
[_w k o l oː w e ]_w
[_w k a s u ]_w
[_w k a dz a ŋ ]_w
[_w a m a k e dz i ]_w
[_w kp e w o m b o ]_w
[_w o ŋ oː m a ]_w
[_w ɡ a n a n o ŋ ]_w
[_w r a r a ɡ i t i ]_w
[_w ɡ o ɡ o b a t o ]_w
[_w s o b a j a ]_w
[_w ɡ e m e r o ]_w
[_w ɡ o t o r o ]_w
[_w uː ɡ a n o ŋ ]_w
[_w kp aː d o ]_w
[_w a n a r aː ]_w
[_w k a n a ]_w
[_w m e r o t o ]_w
[_w j a ɡ o dz o ŋ i ]_w
[_w w a e ɡ i a ]_w
[_w t a n i a k a ]_w
[_w p u b u ŋ ]_w
[_w p o t i a ]_w
[_w p o r o dz a ŋ ]_w
[_w dz i o ts w aː ]_w
[_w uː l a ŋ a w o ]_w
[_w p a i b e l ]_w
[_w m i dz i ]_w
[_w a p r a m ]_w
[_w p a ŋ ɡ a ]_w
[_w m o t o ŋ ]_w
[_w ɡb a n i ]_w
[_w uː b o n dz o m a ]_w
[_w a r e ŋ n o ŋ ]_w
[_w d o t o w i ŋ ]_w
[_w o t aː m a r ]_w
[_w k eː ŋ ɡ o ŋ ]_w
[_w a n u t u w aː ]_w
[_w d o w e ]_w
[_w k o n d eː n o ]_w
[_w ɡ o l oː n i ŋ ]_w
[_w u b aː d o ]_w
[_w b a l o ŋ ɡ a ]_w
[_w m a ŋ ɡ i o ]_w
[_w dz a ŋ k o ]_w
[_w ɡ aː ŋ i a ]_w
[_w kp e w u b o ]_w
[_w p i l o n ]_w
[_w p o p o r a ]_w
[_w t u r k e j ]_w
[_w ɡ a m b a ŋ ]_w
[_w a ŋ ɡ o m u k i ]_w
[_w m a r e ]_w
[_w t o r o t a ]_w
[_w m u b o ŋ a ]_w
[_w n o n o m b a ]_w
[_w t e ɡ o n a ŋ ]_w
[_w w iː t ]_w
[_w k a w o ŋ a t i ]_w
[_w m o ɡ o l oː dz a ]_w
[_w f r iː ]_w
[_w ɡ uː dz e ŋ ]_w
[_w m e ŋ k e dz i ]_w
[_w kp e d aː l i ŋ ]_w
[_w ts o l o ŋ ɡ a ]_w
[_w s e ɡ e m b u ]_w
[_w t a ɡ a ]_w
[_w d a m u j a ]_w
[_w b eː t a ]_w
[_w s a i r i n i ]_w
[_w ɡ a t ]_w
[_w aː t a m b o m a ]_w
[_w m e r i a n o ŋ ]_w
[_w ɡ a n a k e ŋ ]_w
[_w k o n a m a ]_w
[_w k o t o r o t o ]_w
[_w ɡ e r i a n o ŋ ]_w
[_w n a n dz o ŋ ]_w
[_w k a k i ]_w
[_w a r e ŋ ɡ o ŋ ]_w
[_w e s u ɡ a ]_w
[_w uː t a ]_w
[_w k a r e ŋ k o ]_w
[_w dz e dz a n o ŋ ]_w
[_w ɡ a l a ŋ ]_w
[_w kp i l i r o ]_w
[_w s i r i n o ŋ ]_w
[_w n a m b u j a ]_w
[_w ɡ o s i w aː ]_w
[_w k e m e ɡ i ]_w
[_w k o p aː n o ŋ ]_w
[_w b eː t e l ]_w
[_w m o ŋ ɡ o r o ]_w
[_w kp aː ɡ i aː ]_w
[_w s i m e ŋ ]_w
[_w oː p i l i ]_w
[_w w a n dz a w aː ]_w
[_w ɡ a dz e ŋ ]_w
[_w s e w a ŋ ɡ a ]_w
[_w e k i t o ]_w
[_w dz oː n a n o ]_w
[_w ɡ o u ɡ i t i a ]_w
[_w l eː ɡ e ŋ k i a ]_w
[_w p o w o w o ]_w
[_w e m u ɡ a n o ŋ ]_w
[_w ɡ o m b e ŋ ]_w
[_w a r i ŋ ]_w
[_w l aː r i ɡ i a ]_w
[_w b oː l w aː ]_w
[_w t o n a n a ]_w
[_w p o ŋ ɡ a ]_w
[_w o b o n o ŋ ]_w
[_w r a b aː d i ]_w
[_w ɡ e dz a ]_w
[_w ɡ uː m a ŋ a d i ]_w
[_w k a w aː t i ]_w
[_w m u ɡ i ]_w
[_w a m a n a s ]_w
[_w k o p oː r o ]_w
[_w e f r o n ]_w
[_w h aː m o n o ŋ ]_w
[_w m a n dz a ŋ ]_w
[_w ɡ o m a n o ŋ ]_w
[_w uː ɡ aː ]_w
[_w dz e ts e ŋ ]_w
[_w b o r i ŋ ]_w
[_w n o m b u j a ]_w
[_w m e s a o r o ]_w
[_w uː k uː ɡ uː ]_w
[_w dz aː w o ]_w
[_w k uː dz a ]_w
[_w ɡ o s i k i aː ]_w
[_w k e m b aː t i ]_w
[_w d o r i ]_w
[_w m o ŋ ɡ o ŋ ]_w
[_w t u ŋ ɡ u ŋ ]_w
[_w k e r e j a k a ]_w
[_w t a o n o ŋ ]_w
[_w ɡ oː l i w u ]_w
[_w kp e kp e ]_w
[_w l aː r i n i ]_w
[_w i l a w o i t a ]_w
[_w kp i n t iː r o ]_w
[_w k o u ɡ i ]_w
[_w d o r o j a w o ]_w
[_w dz oː s ]_w
[_w e dz i a ]_w
[_w s i l i ɡ o ɡ i ]_w
[_w i j a ŋ o t eː ŋ ]_w
[_w t e k o w aː ]_w
[_w ɡ e u b u j a ]_w
[_w kp e n d eː ɡ o ]_w
[_w k e ts i ]_w
[_w f i l e m a ]_w
[_w k o l oː n a ]_w
[_w dz e n ]_w
[_w dz a n dz a ŋ a ]_w
[_w j a m b u t i ]_w
[_w b i l i ]_w
[_w oː s i r i n o ŋ ]_w
[_w a t e n s ]_w
[_w i dz o ɡ i t i ]_w
[_w k a b a ]_w
[_w iː m o l a ŋ a ]_w
[_w m e l aː n o ŋ ]_w
[_w d o ɡ o ]_w
[_w dz a ɡ e ]_w
[_w f i l i p n o ŋ ]_w
[_w k a o ŋ a ]_w
[_w ɡ e s o ]_w
[_w a o ŋ ɡ a n dz u ]_w
[_w k o w o k a ]_w
[_w k o m a n o ŋ a ]_w
[_w p aː ŋ a n o ŋ ]_w
[_w n e w a ]_w
[_w b iː t o w aː ]_w
[_w s o m a s ]_w
[_w dz a ŋ ɡ i o ]_w
[_w a w e l e n o ŋ ]_w
[_w s o t o m a ]_w
[_w dz e ŋ k e dz e ŋ ]_w
[_w k e m e b aː ]_w
[_w o s o ŋ o s o ŋ ]_w
[_w k r iː k ]_w
[_w t e ɡ o w e ]_w
[_w o ŋ oː n o ]_w
[_w b u s u n a n a ]_w
[_w dz e u l a l a ]_w
[_w ɡ o m u ɡ i ]_w
[_w ɡ o m b aː ]_w
[_w i ts o r o ]_w
[_w d i m o t i ]_w
[_w k o m b a ŋ a ]_w
[_w k a l e d ]_w
[_w a m a m b aː t i ]_w
[_w s o ɡ o m b e ŋ ]_w
[_w a i n dz o l o ŋ ]_w
[_w k i l i w a ]_w
[_w i ŋ iː ɡ i ]_w
[_w n e ŋ ɡ i a ɡ a ]_w
[_w t e ɡ o ɡ i ]_w
[_w kp aː k i aː ]_w
[_w l u ɡ u ŋ ]_w
[_w d uː m b aː ]_w
[_w dz a ɡ e j a ]_w
[_w w a ŋ ]_w
[_w u r uː ɡ u ŋ ]_w
[_w s i l a ]_w
[_w k a w o m b o ]_w
[_w m o dz o n o ]_w
[_w k o m a k e dz a ]_w
[_w a b r a m b aː ]_w
[_w l a l a n dz a ]_w
[_w k a r i o t ]_w
[_w k oː m u j a w o ]_w
[_w k r a i s t ]_w
[_w s uː l a ŋ ]_w
[_w uː k a r a n o ŋ ]_w
[_w a ŋ ɡ o j a ]_w
[_w r uː ŋ a n o ŋ a ]_w
[_w t e ɡ o ŋ a ]_w
[_w e m u ]_w
[_w m o k o l oː dz i ]_w
[_w ɡ a ŋ ]_w
[_w a p u k a ]_w
[_w dz u l u ]_w
[_w k a i d a n i ŋ ]_w
[_w a l i r o ]_w
[_w t aː m a r ]_w
[_w a o a o w aː ]_w
[_w eː n o k ]_w
[_w e ŋ k e dz i ]_w
[_w r a ts e ŋ i ]_w
[_w e dz e m b a ɡ a ]_w
[_w s a i r i n o ŋ ]_w
[_w k a n a ɡ e ŋ a ]_w
[_w d a o ŋ ]_w
[_w k o k o ŋ ]_w
[_w m u ɡ i t o ]_w
[_w ŋ aː ɡ i s o m a ]_w
[_w j o ɡ e ]_w
[_w ɡ o r o ]_w
[_w dz aː f e t ]_w
[_w u m a ɡ e ŋ ]_w
[_w m u r i ]_w
[_w m o dz a ŋ i ]_w
[_w b o ŋ a t i ]_w
[_w o b o ]_w
[_w m o dz o ɡ i ]_w
[_w s i s a r i w u ]_w
[_w r a m a ]_w
[_w r e b e ɡ a ]_w
[_w i ts o w e ]_w
[_w k o ɡ o ŋ ]_w
[_w k i w a ]_w
[_w dz oː n a n o ŋ ]_w
[_w a m b aː ]_w
[_w b a o r a ]_w
[_w s i l i a n o ŋ ]_w
[_w dz o l o m a ]_w
[_w s a r a ]_w
[_w d u r ɡ e j ]_w
[_w dz e ŋ k e dz a ]_w
[_w a ŋ k i aː ]_w
[_w p o i j a ]_w
[_w a dz u ]_w
[_w s i l i ɡ o ŋ ]_w
[_w dz aː k i a ]_w
[_w kp e w aː ]_w
[_w t o n t u ŋ a ]_w
[_w k o n a ɡ a ]_w
[_w u n dz u r a m a ]_w
[_w a m a m aː dz u ]_w
[_w a m b o n a ɡ a ]_w
[_w kp a k o ŋ ]_w
[_w d o s i aː ]_w
[_w a o w o m b o ]_w
[_w w e l e n a n a ]_w
[_w m o r i ŋ ]_w
[_w ɡ o ɡ o p a t o ]_w
[_w a m a m aː dz a ]_w
[_w kp a t a k a ]_w
[_w m a dz a k a ŋ a ]_w
[_w b a l o n ]_w
[_w l a dz a ]_w
[_w k o u m a b o u ]_w
[_w k e m b e ]_w
[_w d o r o t i ]_w
[_w m o ts a ]_w
[_w kp o r o r aː ŋ ]_w
[_w a i s ]_w
[_w k a r e n o ŋ ]_w
[_w uː d uː t uː ]_w
[_w k a w o ŋ ɡ a ]_w
[_w t u ŋ ]_w
[_w u m u k a n o ŋ ]_w
[_w k o u m a ]_w
[_w k o m a n o ŋ ]_w
[_w m o ŋ k o ]_w
[_w p o ŋ ɡ i a ]_w
[_w m e dz u d i ]_w
[_w t o r o r o ŋ ]_w
[_w dz e n e ŋ k o ]_w
[_w k o t iː dz e ŋ ]_w
[_w o r o j a ]_w
[_w k a p a r a p a ]_w
[_w s a m o ]_w
[_w ɡb a k a r ]_w
[_w ɡ e m a ]_w
[_w k e m b u ]_w
[_w b a l o n o ŋ ]_w
[_w ɡ a ts o p a ]_w
[_w dz e ŋ ɡ e dz o ŋ ]_w
[_w oː w e t i ]_w
[_w r e n d u ]_w
[_w k i ɡ i ]_w
[_w a ŋ k o k i ]_w
[_w d o s a ɡ a ]_w
[_w i ŋ i s aː n o ]_w
[_w k e s o j a ]_w
[_w u t e ɡ o w a ]_w
[_w m i n d i ŋ ]_w
[_w ɡ o l oː r o ]_w
[_w m o ɡ o l oː w a ]_w
[_w m o n d o ŋ ]_w
[_w b o ŋ n a n o ŋ ]_w
[_w k i ŋ a ]_w
[_w h i p ]_w
[_w a m a ɡ a ]_w
[_w o r oː ]_w
[_w u b u t i ]_w
[_w m o n e ŋ ɡ i a ]_w
[_w k a n d r uː ]_w
[_w uː k e r e ɡ i a ]_w
[_w iː b o m b aː ]_w
[_w dz e dz e t aː ]_w
[_w k o l oː dz e ŋ i ]_w
[_w m o p u t o ]_w
[_w iː ɡ aː ŋ a ]_w
[_w m a ŋ k aː ]_w
[_w o r o ɡ a n o ŋ ]_w
[_w a ŋ ɡ o k i ]_w
[_w n a n o ]_w
[_w s o ɡ a ]_w
[_w b a d a n o ŋ ]_w
[_w kp a m a k e dz a ]_w
[_w t i r i ŋ ɡ i aː ]_w
[_w k o d o w e ]_w
[_w d e k o w aː ]_w
[_w p o r a t aː ]_w
[_w d e ɡ o w aː ]_w
[_w m o t o r i ŋ ]_w
[_w a l a ɡ aː ]_w
[_w m a n dz a w aː ]_w
[_w u n dz u ŋ ]_w
[_w dz a k a ]_w
[_w dz a ŋ ]_w
[_w t o n d oː ŋ ]_w
[_w t o w e t a ]_w
[_w iː k a j a ]_w
[_w kp o s o n a ]_w
[_w h a r a m e i ɡ ]_w
[_w n a m o n a ɡ a ]_w
[_w e w a o ]_w
[_w k i ŋ k i aː ]_w
[_w a s a r i dz a ]_w
[_w s o r aː j aː ]_w
[_w kp e n d eː n o ]_w
[_w n o n o t a ]_w
[_w r a r a ]_w
[_w m o r o n a ]_w
[_w k o t o r o ]_w
[_w d o l o k aː ]_w
[_w ɡ e n t o n o ŋ ]_w
[_w dz e i m s ]_w
[_w ɡ a dz u ]_w
[_w k o m b a ŋ ]_w
[_w e dz a ɡ a k i ]_w
[_w ɡ e t a j a ]_w
[_w k o r o ɡ o ]_w
[_w uː ɡ u w aː ]_w
[_w n e w e n a k a ]_w
[_w p o ɡ o r i a ]_w
[_w s oː ŋ k e dz e ŋ ]_w
[_w w a p a j a ]_w
[_w s o ŋ ɡ o ]_w
[_w t o ŋ ɡ i t i ]_w
[_w k uː n a ]_w
[_w t oː ŋ a ɡ a ]_w
[_w t a n i a ɡ i a ]_w
[_w i j o ŋ o n dz a ]_w
[_w ɡ aː m aː ]_w
[_w j a n o ŋ ]_w
[_w k e i n a n a ]_w
[_w k a w o ŋ ]_w
[_w m o u m a ]_w
[_w a o ŋ ]_w
[_w k o t a kp e kp e ]_w
[_w ɡ o m a ɡ e dz u ]_w
[_w b o l o k aː ]_w
[_w o r o ɡ o ]_w
[_w dz e ŋ ɡ oː t o ]_w
[_w k e m a ɡ e k i ]_w
[_w a s a ɡ aː ]_w
[_w p o ŋ k i ]_w
[_w m e r a k a ]_w
[_w b o r o n o ŋ ]_w
[_w k o b aː n o ŋ ]_w
[_w dz o dz o ]_w
[_w a w o r o r o ]_w
[_w a m a n aː ]_w
[_w e dz a k a ]_w
[_w m e dz a ]_w
[_w ɡ a w o ŋ ɡ i a ]_w
[_w t a w a n a n o ]_w
[_w kp a o m b aː ]_w
[_w n a ɡ u n o ]_w
[_w n a ŋ ɡ i s e ŋ ]_w
[_w ɡ a w u t i ]_w
[_w k e n i ]_w
[_w t o r o k o ŋ ]_w
[_w ɡb o t o ]_w
[_w s oː ŋ ]_w
[_w kp e r e w e ŋ a ]_w
[_w a r e ŋ aː ]_w
[_w k e ɡ e m ]_w
[_w k a d o ɡ o j a ]_w
[_w k a p u a r e ]_w
[_w m o r o ŋ ɡ i ]_w
[_w b iː t o ]_w
[_w m e l eː n a ]_w
[_w kp i s i ɡ i aː ]_w
[_w m u b a ]_w
[_w m o ɡ i t i k ]_w
[_w s aː w aː ]_w
[_w k e u n i ŋ ]_w
[_w b o l i w e ]_w
[_w m o p e ]_w
[_w kp i l i kp a l u ]_w
[_w m o n e ŋ n o ŋ ]_w
[_w n a ŋ ɡ i ]_w
[_w k o t o r o ŋ ]_w
[_w i w o i k a ]_w
[_w u ŋ u a m b aː ]_w
[_w d i l i ɡ a ]_w
[_w o ŋ o m a ŋ ]_w
[_w k o s o ɡ a ]_w
[_w r a p a ɡ a ]_w
[_w p u s u n a ]_w
[_w n a m a ɡ e dz a ]_w
[_w kp a t a n a ]_w
[_w a m b a n o ŋ ]_w
[_w kp e ŋ ɡ a m a ]_w
[_w m a ts a ɡ a k a ]_w
[_w k uː w aː d i ]_w
[_w o t aː m a ]_w
[_w t o r i r o ]_w
[_w w a l a w a l a ]_w
[_w u b a ɡ a ɡ a ]_w
[_w i n d i ɡ e ŋ ]_w
[_w uː dz o b a ]_w
[_w dz e dz e w aː ]_w
[_w k a e n d o ]_w
[_w k o t o ŋ ]_w
[_w m i r i w aː ]_w
[_w k a t o ɡ o ŋ ]_w
[_w w a ŋ k a ]_w
[_w m e m a ŋ a t i ]_w
[_w k o t o r o k o ]_w
[_w dz e ŋ ɡ e ŋ ]_w
[_w k e r i a w o ]_w
[_w d o s aː ŋ a ]_w
[_w uː l u a e w aː ]_w
[_w j o r o n o ŋ ]_w
[_w a i ɡ o n i ŋ ]_w
[_w p o l i dz i ]_w
[_w b a b i a j a ]_w
[_w b a t o ɡ o w aː ]_w
[_w o s o ɡ a ]_w
[_w d i ŋ ɡ o r o ]_w
[_w o ŋ oː dz o ŋ ]_w
[_w k o n dz i ŋ ]_w
[_w ɡ e m e r o d i ]_w
[_w d o r o kp e ŋ ]_w
[_w h e r o d a ]_w
[_w b o r o ]_w
[_w kp a p a ]_w
[_w d i l i ɡ i ]_w
[_w d oː ŋ ]_w
[_w n a m o n a k a ]_w
[_w ɡ a l e ŋ aː ]_w
[_w a ŋ ɡ o ]_w
[_w i dz o r o t o ]_w
[_w f i l i s i ]_w
[_w t o ɡ o k i ]_w
[_w w a n a n a ]_w
[_w k a dz o b a ŋ ]_w
[_w k uː ɡ uː ]_w
[_w s o n d a ŋ a ]_w
[_w a w o r o r oː ŋ ]_w
[_w m e a k o k i a ]_w
[_w i j a ŋ a ]_w
[_w t o ŋ k o ŋ ]_w
[_w m e s a ŋ ɡ i a ]_w
[_w kp e l eː n dz u ]_w
[_w i dz o w e ]_w
[_w k iː j a ]_w
[_w i s a ɡ i a ]_w
[_w m o r o t a ]_w
[_w s iː l ]_w
[_w j o r o n a ]_w
[_w a ɡ r i p a ]_w
[_w kp aː ɡ o t i ɡ aː ]_w
[_w n a ɡ u n o ŋ ]_w
[_w k e r i a n o ŋ ]_w
[_w kp a k i a n o ŋ ]_w
[_w j o ŋ o n a ]_w
[_w k uː ŋ a ]_w
[_w r i dz o ŋ ]_w
[_w ɡ a l i l i ]_w
[_w dz e w e n a k a ]_w
[_w m u dz a ]_w
[_w m u n i ŋ i ]_w
[_w dz e ɡ i d a ]_w
[_w w a p a ɡ a ]_w
[_w m o b a ]_w
[_w i ŋ i dz o dz e ŋ ]_w
[_w r o ŋ a n o ŋ ]_w
[_w o r o ɡ i ]_w
[_w h aː m o n o ]_w
[_w ts e dz o ŋ ]_w
[_w n a dz a r u s ]_w
[_w k o ts a ]_w
[_w m o t o kp o t o ]_w
[_w aː ŋ k o ŋ ]_w
[_w d e k o j a ]_w
[_w k o l oː w a o ]_w
[_w a l a t a ]_w
[_w w a s i ]_w
[_w m e w e n a ɡ a ]_w
[_w a o w e ]_w
[_w ɡ o t o w e t a ]_w
[_w h o r o n s o ŋ ]_w
[_w a ts o r oː ŋ ]_w
[_w k o m u ]_w
[_w b o l o ɡ aː ]_w
[_w dz uː t a s ]_w
[_w m u ts i ]_w
[_w m e w a ɡ eː ŋ ]_w
[_w b i l o n ɡ ]_w
[_w a m b e ŋ ]_w
[_w b a t i ]_w
[_w s o s o m a ŋ a ]_w
[_w n a n dz a r e t ]_w
[_w l e d o m ]_w
[_w r iː t a m a ]_w
[_w h o r o ŋ a ]_w
[_w kp e n a k a ]_w
[_w b o l i t i ɡ ]_w
[_w k a l e ŋ ɡ a ]_w
[_w f i l i a ]_w
[_w k a m b a ŋ a ]_w
[_w n a ɡ u j a ]_w
[_w a n a s ]_w
[_w kp oː t o ɡ o r o ]_w
[_w dz i ɡ o w u ]_w
[_w o m e ]_w
[_w dz i ɡ o w a ]_w
[_w b o ŋ ɡ i a ]_w
[_w s i t i a n ]_w
[_w u r u ɡ i s i ]_w
[_w k o n dz i ]_w
[_w p o m b o l a ŋ ]_w
[_w n o r o n o ]_w
[_w iː dz i p t ]_w
[_w t o r o k a ]_w
[_w e s u ɡ i w aː ]_w
[_w ɡ o r e b o r e ]_w
[_w i w o i ɡ a r a ]_w
[_w e l eː n i ]_w
[_w dz o n ]_w
[_w ɡ o t o w i dz a ]_w
[_w b aː ŋ aː ]_w
[_w w a t o n o ŋ ]_w
[_w l e w ]_w
[_w dz e dz e w aː t o ]_w
[_w b e s aː ŋ ]_w
[_w t o r i ŋ ]_w
[_w s e l e ɡ ]_w
[_w m o b o ŋ a ]_w
[_w f i l i b ]_w
[_w dz e i s o n ]_w
[_w k u ts u b a dz u ]_w
[_w ɡ a n i a ]_w
[_w n o m o r o ŋ ]_w
[_w k o m a k e dz u ]_w
[_w k a w o ŋ a w o ]_w
[_w i s a n o ]_w
[_w i ŋ i ts o ŋ ]_w
[_w b o a ts w aː ]_w
[_w k o t o ts u ]_w
[_w k o m u m a ŋ a ]_w
[_w m i r i a ]_w
[_w l i l i ɡ o ɡ i ]_w
[_w s i l w a ]_w
[_w w a ŋ ɡ o ɡ i ]_w
[_w n i dz o r i ]_w
[_w d oː ŋ ɡ o ŋ ]_w
[_w ɡ r i s t e n ]_w
[_w t o r i dz a ]_w
[_w t oː ŋ ɡ o ]_w
[_w p u b u ]_w
[_w kp a m e ŋ a ]_w
[_w r o m b aː ]_w
[_w ɡ a l ]_w
[_w p o a dz ]_w
[_w k a s a n o ŋ ]_w
[_w l a l i k o w aː ]_w
[_w j a ŋ o t eː ŋ ]_w
[_w kp a t a n o ŋ ]_w
[_w kp o t o k i t o ]_w
[_w u b a ɡ a ]_w
[_w m o dz e ŋ i ]_w
[_w a l a w a l i ŋ ]_w
[_w ɡ a m u n a ]_w
[_w o ŋ o d aː ŋ ]_w
[_w d i m n a ]_w
[_w ɡ o u b e ]_w
[_w uː k a l e n o ]_w
[_w w a t o ]_w
[_w kp e a ŋ k o ŋ ]_w
[_w k o r ]_w
[_w uː dz o p a ]_w
[_w ɡ a m a m aː dz u ]_w
[_w n a ŋ ɡ o ŋ a ]_w
[_w u n dz u m a ]_w
[_w ɡ e m b a n o ŋ ]_w
[_w b e t a n o ŋ ]_w
[_w dz e dz e t a ]_w
[_w m o p o ŋ ]_w
[_w m o dz o ŋ i ]_w
[_w w a ŋ a n o ŋ ]_w
[_w o l o ɡ a ]_w
[_w ɡ uː j a n o ŋ ]_w
[_w u r o t o ]_w
[_w ɡb a n a n aː ]_w
[_w i dz o r o t i ]_w
[_w n o n o n a k a ]_w
[_w o s i w u ]_w
[_w kp a s i r o ]_w
[_w m iː t a ]_w
[_w t a r u ]_w
[_w b a t a n ]_w
[_w k o l oː w u ]_w
[_w a r a m e i k ]_w
[_w a i s a k n o ŋ ]_w
[_w kp a k a r i ŋ ]_w
[_w b o n d a ŋ ]_w
[_w w a ŋ ɡ a r a ]_w
[_w ɡ uː s u n o ŋ ]_w
[_w ɡ i ɡ e ]_w
[_w n i dz o r o t a ]_w
[_w n o m b u k i a ]_w
[_w ɡ a m u j a w o ]_w
[_w m u n d a j a ]_w
[_w d uː ŋ n o ŋ ]_w
[_w m o n i ŋ i ]_w
[_w ɡb i l i ]_w
[_w ɡ eː n a n a ]_w
[_w w a ŋ ɡ o n o ]_w
[_w k e m e r o t a ]_w
[_w p a l aː m ]_w
[_w k o dz o m a ]_w
[_w k i n o ŋ a ]_w
[_w m o p e n a k a ]_w
[_w k u w e ]_w
[_w u s u m a ]_w
[_w dz uː d a ]_w
[_w u ŋ a n a ]_w
[_w ɡ o m u m a ŋ ]_w
[_w p o ŋ ɡ i ]_w
[_w k o m a ɡ e dz i ]_w
[_w w e l e ŋ a ɡ a ]_w
[_w k a n a i a s ]_w
[_w a n u t u ɡ o ŋ ]_w
[_w k eː ɡ i a ]_w
[_w b o l o s i ]_w
[_w kp i l i ŋ ]_w
[_w b o ŋ k i ]_w
[_w m e r o d w aː ]_w
[_w b i p i l o ɡ ]_w
[_w k o w e n a k a ]_w
[_w k e m e k i d o ]_w
[_w m a m a ɡ e dz a ]_w
[_w i n dz a u ŋ ]_w
[_w p u s u w aː ]_w
[_w dz i k o w a ]_w
[_w dz uː d ]_w
[_w w a ŋ k o r o ]_w
[_w ɡb a o m b u t i ]_w
[_w m u m a ŋ a ]_w
[_w k u dz u ]_w
[_w s a m o ŋ ]_w
[_w a n dz e ŋ i ]_w
[_w t i s t r a ]_w
[_w n e ŋ ɡ o r o ]_w
[_w e m b a k a ]_w
[_w l a o d i s i a ]_w
[_w e s uː ŋ ]_w
[_w m e w o m b o ]_w
[_w k w iː n ]_w
[_w kp a m o n o w aː ]_w
[_w w a l a k aː ]_w
[_w n o ŋ ɡ i a ]_w
[_w d i m b i n o ŋ ]_w
[_w m u ŋ ɡ e b a ]_w
[_w k e m a t ]_w
[_w t o ɡ o ɡ i ]_w
[_w a s a s a ɡ aː ]_w
[_w k o r a ]_w
[_w n e m o t o ]_w
[_w a i ŋ ɡ i aː ]_w
[_w dz a i r u s ]_w
[_w ɡb o d o ɡ o ŋ ]_w
[_w dz aː n a n o ]_w
[_w b eː r s e b a ]_w
[_w a r o ɡ a ]_w
[_w k e dz a ŋ ]_w
[_w t o m a ]_w
[_w kp a k a r a ]_w
[_w m o b o ŋ ]_w
[_w r uː t n o ŋ ]_w
[_w k e n o t i w aː ]_w
[_w s iː ŋ ɡ i a k a ]_w
[_w n o m a ɡ e dz i ]_w
[_w t uː ŋ a ]_w
[_w m i n d a ŋ a ]_w
[_w p o m b aː ]_w
