[_w s ɘ n ɘ ]_w
[_w e ŋ ɘ n ɘ ]_w
[_w p ɘ j o ]_w
[_w n i i ʔ n ɘ p a ]_w
[_w m o ɘ ]_w
[_w s ɘ ŋ ɘ ʔ j o ]_w
[_w e p o ʔ w a ]_w
[_w a w a u ʔ ]_w
[_w n ɘ m o ɾ o ]_w
[_w u ɾ ɘ ʔ a ʔ ]_w
[_w s e n ɘ ʔ a ʔ ]_w
[_w n a ʔ o ]_w
[_w s a i o n ɘ ]_w
[_w a ʔ m ɘ ]_w
[_w n ɘ ɾ o ]_w
[_w k a m e ɾ ɘ ]_w
[_w a j i ]_w
[_w x e ŋ w ɘ ʔ a ʔ ]_w
[_w o n u n ɘ ɾ ɘ ]_w
[_w ʔ n e ᵑɡ ɘ ʔ a ]_w
[_w w i ʔ a ᵑɡ ɘ ]_w
[_w o ʔ k i ʔ ]_w
[_w n i p a ]_w
[_w x w i o ᵑɡ w ɘ ʔ ]_w
[_w u ŋ ɘ ʔ ɾ ɘ ]_w
[_w a ʔ w a ŋ ɘ ʔ ]_w
[_w o ᵐb ɘ ʔ p o j ɘ ]_w
[_w j a ɾ ɘ ŋ ɘ ʔ ]_w
[_w j a ɾ ɘ ŋ o ɘ ]_w
[_w ᵑɡ o ɾ ɘ x o ]_w
[_w m u j i p a ]_w
[_w i ŋ ɘ ʔ ]_w
[_w n o a ]_w
[_w ᵐb ɘ ʔ ]_w
[_w n ɘ ⁿdz ɘ ʔ a ʔ ]_w
[_w w a ʔ ɾ e ɘ ]_w
[_w ʔ x a n o ]_w
[_w o ⁿd ɘ p i ʔ ]_w
[_w m ɘ m ɘ ʔ a ]_w
[_w o w i i m ɘ n ɘ ]_w
[_w ⁿdz o n a o ]_w
[_w a ʔ m a ʔ j a ʔ ]_w
[_w a w a ʔ m ɘ ]_w
[_w x e w a x o m ɘ ]_w
[_w a ʔ m a ʔ ]_w
[_w w a ɾ ɘ ŋ o ɘ ]_w
[_w ʔ w e ʔ ]_w
[_w p ɘ ʔ n e ʔ ]_w
[_w a ʔ k ɘ ʔ a ʔ ]_w
[_w i n ɘ ɾ ɘ ]_w
[_w n ɘ n ɘ ɾ ɘ ]_w
[_w o n ɘ ]_w
[_w s ɘ ŋ w ɘ ʔ ]_w
[_w x ɘ n a ʔ ]_w
[_w ʔ x e ]_w
[_w ɾ ɘ n ɘ ]_w
[_w m i n ɘ p a ]_w
[_w w a ɾ ɘ n ɘ ]_w
[_w ŋ w e a ɾ ɘ ʔ ]_w
[_w m ɘ ʔ m ɘ ]_w
[_w n ɘ j o ]_w
[_w w ɘ ʔ o ]_w
[_w n ɘ j i ɾ a n e ]_w
[_w ⁿdz i s a s o m ɘ ]_w
[_w a j ɘ ŋ w ɘ ʔ ]_w
[_w a ŋ i w a ʔ ]_w
[_w n u m e a i ɾ ɘ ]_w
[_w w ɘ ʔ o m ɘ ]_w
[_w ᵐb a ɾ a ᵐb a s o ]_w
[_w e ŋ a ᵑɡ ɘ ]_w
[_w ɾ ɘ ʔ m e w a ʔ ]_w
[_w w i m ɘ n ɘ ]_w
[_w e ᵑɡ ɘ ʔ p ɘ ]_w
[_w m e ʔ p o j ɘ ]_w
[_w n a n e ɘ ]_w
[_w p i ɾ i p o ]_w
[_w e ᵑɡ ɘ ʔ ]_w
[_w e p a x ɘ ʔ ]_w
[_w ᵑɡ i ʔ ]_w
[_w n ɘ p e ɾ ɘ ]_w
[_w a ɾ ɘ ɾ o ]_w
[_w u ɾ ɘ ʔ p o j ɘ ]_w
[_w e ŋ ɘ ʔ p ɘ ]_w
[_w n a ŋ w ɘ ʔ j o ]_w
[_w m i a ʔ i ʔ ]_w
[_w a w a j i n ɘ ]_w
[_w ɾ ɘ p ɘ ]_w
[_w ɾ ɘ w o ŋ ɘ ʔ ]_w
[_w m i a ʔ ]_w
[_w i m ɘ ʔ o w a ]_w
[_w s ɘ k w ɘ ʔ j o ]_w
[_w j a i w i ʔ ]_w
[_w w i n ɘ ŋ a ᵑɡ ɘ ]_w
[_w e ŋ ɘ ʔ ]_w
[_w ŋ w e a ŋ o ]_w
[_w w i w a ʔ ]_w
[_w a ᵑɡ w ɘ ]_w
[_w w i ŋ ɘ ʔ ]_w
[_w m o s e s o m ɘ ]_w
[_w n ɘ w a u ʔ m ɘ ]_w
[_w u ɾ ɘ ɾ a n e ]_w
[_w o w i a n ɘ ]_w
[_w u ŋ o ]_w
[_w ɾ ɘ ʔ w a ʔ ]_w
[_w ⁿdz ɘ ʔ e ]_w
[_w s i ɾ i a ]_w
[_w ʔ ɾ ɘ p ɘ ɾ ɘ ]_w
[_w w i a j i ɾ ɘ ]_w
[_w a t e n ɘ s ɘ ]_w
[_w w i t ɘ ʔ ]_w
[_w ɾ a ɾ ɘ n ɘ ]_w
[_w a ᵑɡ i ʔ ]_w
[_w ɾ o w a ɾ ɘ ŋ o ]_w
[_w s e k a x ɘ ʔ ]_w
[_w n i n a ʔ n ɘ ]_w
[_w a n a ]_w
[_w w a ɾ ɘ ŋ ɘ ʔ ]_w
[_w w a j ɘ ʔ ]_w
[_w s ɘ p ɘ x o ]_w
[_w a j ɘ ʔ ]_w
[_w ᵐb ɘ n ɘ ]_w
[_w ⁿd ɘ ŋ ɘ ʔ ]_w
[_w n ɘ ᵐb ɘ ɾ ɘ n ɘ ]_w
[_w w a u ʔ ]_w
[_w o m ɘ ŋ ɘ ʔ ]_w
[_w w i ŋ o ]_w
[_w n ɘ n ɘ m o ɾ ɘ ]_w
[_w ⁿd e p i t o m ɘ ]_w
[_w w a ɾ a ʔ p ɘ ]_w
[_w n a ʔ p ɘ ]_w
[_w s e a i ʔ ]_w
[_w x i a ʔ w o ]_w
[_w u ɾ ɘ m e ɾ ɘ ]_w
[_w e ʔ a ʔ p ɘ ]_w
[_w n e m e a ʔ m ɘ ]_w
[_w i m o ʔ n ɘ ɾ o ]_w
[_w n ɘ x e ɾ o ]_w
[_w m u p a x ɘ ʔ ]_w
[_w a ɾ i ʔ ]_w
[_w m e ŋ a ᵑɡ ɘ ]_w
[_w e a ʔ n ɘ ]_w
[_w x e w a x o n ɘ ]_w
[_w i s ɘ ɾ e ɾ ɘ ]_w
[_w o j a n e j ɘ ]_w
[_w m u n ɘ ʔ ]_w
[_w m e w e ŋ o ]_w
[_w a ʔ ɾ ɘ x a ]_w
[_w n e n e ]_w
[_w u ⁿd u ⁿd ɘ ʔ ]_w
[_w n i n ɘ ɾ ɘ ]_w
[_w ⁿdz u ⁿd i a ]_w
[_w i w a ʔ m ɘ ]_w
[_w ʔ a j ɘ ʔ ]_w
[_w e k ɘ j i ŋ ɘ ʔ ]_w
[_w m ɘ ᵐb ɘ ʔ ]_w
[_w t ɘ j ɘ ʔ j a ʔ ]_w
[_w w i m ɘ n ɘ ɾ ɘ ]_w
[_w ɾ ɘ ʔ a ʔ ]_w
[_w w i ʔ n ɘ ʔ ]_w
[_w m e a p a ]_w
[_w w i n e ]_w
[_w t ɘ ɾ ɘ ]_w
[_w n i a i ʔ ]_w
[_w a p a x ɘ ʔ ]_w
[_w s i ŋ w ɘ ʔ ]_w
[_w w i e n e ]_w
[_w ⁿdz o x ɘ j a ʔ ]_w
[_w t ɘ ᵑɡ ɘ ʔ e ]_w
[_w a j a ʔ ɘ ʔ ]_w
[_w ⁿdz e k o p o m ɘ ]_w
[_w n ɘ ɾ ɘ ]_w
[_w k o ɾ o s o ]_w
[_w n ɘ w i ɾ o ]_w
[_w ʔ ⁿd ɘ x ɘ ʔ ]_w
[_w e ɾ o ]_w
[_w n a ʔ n a ʔ ]_w
[_w a ŋ ɘ ʔ n a ʔ ]_w
[_w s ɘ m ɘ x ɘ ʔ ]_w
[_w ᵐb a ʔ n a ʔ ]_w
[_w ʔ ɾ ɘ x a ʔ ]_w
[_w ᵑɡ a ɾ e s i a ]_w
[_w e m ɘ ʔ a e ʔ ]_w
[_w e ŋ w a ʔ p ɘ ]_w
[_w w i i ŋ ɘ ʔ ]_w
[_w j i n ɘ ŋ ɘ ʔ ]_w
[_w n ɘ m ɘ ɾ a n e ]_w
[_w ɾ i ʔ n ɘ ŋ e ]_w
[_w ⁿdz o n o j a ʔ ]_w
[_w a ᵑɡ w i ʔ ]_w
[_w ʔ a w a ᵑɡ w i ʔ ]_w
[_w w i ʔ n ɘ ɾ ɘ ]_w
[_w n i p a j ɘ ]_w
[_w j a i w i ɾ ɘ ]_w
[_w j i n ɘ ]_w
[_w ʔ a p ɘ ]_w
[_w e s ɘ s ɘ ʔ ]_w
[_w ʔ x w ɘ ʔ a ʔ ]_w
[_w x o j ɘ ʔ w a ʔ ]_w
[_w w i ʔ ]_w
[_w e ʔ ɘ ʔ p i m ɘ ]_w
[_w w a m ɘ ]_w
[_w n ɘ m o ʔ ]_w
[_w m ɘ ʔ ɾ ɘ ]_w
[_w ŋ w ɘ ʔ ]_w
[_w i n ɘ ŋ ɘ ʔ ]_w
[_w ᵐb ɘ ɾ ɘ ]_w
[_w n i a ɾ ɘ n ɘ ]_w
[_w w e n ɘ ]_w
[_w ʔ i n e ]_w
[_w x w ɘ ʔ a ʔ p ɘ ]_w
[_w s ɘ w i ʔ ]_w
[_w n ɘ ᵐb a j i ɾ o ]_w
[_w x ɘ ʔ ⁿd a ]_w
[_w e n ɘ ʔ a ]_w
[_w s ɘ w a ʔ ]_w
[_w w a x ɘ ʔ ]_w
[_w n ɘ ᵐb ɘ m i ɾ o ]_w
[_w ɾ ɘ j i ]_w
[_w a x ɘ ʔ ]_w
[_w m i e a ɾ o ]_w
[_w p i t a o m ɘ ]_w
[_w p o ɾ i s ɘ ʔ ]_w
[_w u j i ŋ o ]_w
[_w e a ŋ ɘ ʔ n a ʔ ]_w
[_w a n ɘ ŋ ɘ ʔ ]_w
[_w m a ŋ ɘ ʔ ]_w
[_w ⁿd a ʔ n ɘ ŋ ɘ ʔ ]_w
[_w ɾ ɘ ŋ ɘ ʔ ]_w
[_w w a ʔ ]_w
[_w a j ɘ ʔ j ɘ ʔ ]_w
[_w m e a ɾ ɘ ]_w
[_w ɘ w ɘ ʔ a ʔ ɘ ]_w
[_w a n ɘ ]_w
[_w e ʔ m a ʔ j o ]_w
[_w i ʔ k i ʔ ]_w
[_w n e ᵑɡ ɘ ʔ p ɘ ]_w
[_w n e n e n ɘ ]_w
[_w n ɘ m e a p a ]_w
[_w p ɘ j o m ɘ ]_w
[_w ᵐb ɘ ŋ a ʔ p ɘ ]_w
[_w w ɘ n ɘ ʔ ]_w
[_w a m ɘ ]_w
[_w m ɘ p ɘ k a ]_w
[_w ᵐb ɘ m ɘ ʔ ]_w
[_w n ɘ w i ɾ ɘ ɾ o ]_w
[_w p e j ɘ j ɘ ʔ ]_w
[_w ɾ o p a ]_w
[_w m a m a ⁿd ɘ ʔ ]_w
[_w ᵐb ɘ ŋ o ]_w
[_w a p ɘ ]_w
[_w s e ɾ a i ʔ ]_w
[_w p ɘ ɾ ɘ n ɘ ]_w
[_w i n i a ʔ ]_w
[_w i ɾ a i s o ]_w
[_w ⁿdz o s e p o j ɘ ]_w
[_w n ɘ p a ]_w
[_w n ɘ x ɘ ʔ ⁿd e ɘ ]_w
[_w m i k e a m o ʔ ]_w
[_w e a ŋ ɘ ʔ ]_w
[_w n ɘ ɾ ɘ p a n ɘ ]_w
[_w ɾ o m ɘ j ɘ ʔ ]_w
[_w s ɘ ʔ o ʔ ]_w
[_w i j ɘ ʔ ]_w
[_w a n ɘ ɾ o ]_w
[_w ʔ ŋ w ɘ ʔ ]_w
[_w n i ᵑɡ a ]_w
[_w x w e ʔ ɾ ɘ x a ]_w
[_w ɘ w ɘ ʔ ]_w
[_w n o ʔ ᵑɡ a ]_w
[_w i m o ʔ n ɘ ʔ ]_w
[_w ɾ ɘ ʔ ɘ n ɘ ]_w
[_w x i a ᵑɡ w o ]_w
[_w n ɘ w i a n ɘ ]_w
[_w a ɾ ɘ ʔ ]_w
[_w m a ᵑɡ w ɘ ʔ ]_w
[_w m ɘ p ɘ k ɘ ʔ ]_w
[_w n e a i ɾ ɘ ]_w
[_w n o n e j a ʔ ]_w
[_w o k i j ɘ ʔ a ʔ ]_w
[_w x e a n ɘ ŋ ɘ ʔ ]_w
[_w o ɾ i p i j o ]_w
[_w ɾ ɘ p ɘ k a ]_w
[_w e ʔ a ʔ n ɘ ]_w
[_w e a ɾ o ]_w
[_w i m ɘ ŋ ɘ ʔ ]_w
[_w n e p a ɾ ɘ ʔ a ]_w
[_w s a i o n ɘ n ɘ ]_w
[_w n ɘ m e ɾ ɘ ]_w
[_w j o ɘ ʔ ]_w
[_w w a k w ɘ ʔ ]_w
[_w ⁿdz o s e p o ]_w
[_w u ɾ ɘ n ɘ ŋ i ʔ ]_w
[_w n ɘ m e n ɘ ɾ ɘ ]_w
[_w n e ᵑɡ ɘ ʔ ]_w
[_w ᵑɡ a p ɘ m a n o ]_w
[_w u ɾ ɘ ʔ ɘ ʔ ]_w
[_w m e ᵐb a ʔ o w a ]_w
[_w s e a i ɾ o ]_w
[_w m i ɾ ɘ ]_w
[_w m i t a ]_w
[_w n ɘ j i ɾ o ]_w
[_w a p ɘ ʔ a ʔ ]_w
[_w o u ɾ a n e ]_w
[_w p a ɾ i s i o ]_w
[_w n a ŋ ɘ ʔ ]_w
[_w o j ɘ ]_w
[_w o j ɘ ʔ w ɘ ʔ ]_w
[_w w a ʔ m ɘ ]_w
[_w t ɘ ʔ a ᵑɡ ɘ ]_w
[_w n ɘ w i ɾ i ]_w
[_w o j ɘ ʔ ]_w
[_w ɾ ɘ ᵑɡ ɘ ʔ ]_w
[_w t o m a s o ]_w
[_w ⁿd a ʔ ŋ ɘ ʔ p ɘ ]_w
[_w m ɘ x ɘ ʔ ]_w
[_w ʔ ɾ ɘ x a ]_w
[_w ᵐb i a ]_w
[_w n i a ɾ ɘ ŋ a ʔ ]_w
[_w n u ʔ ɾ o ɾ ɘ ]_w
[_w x ɘ x e n ɘ ]_w
[_w n e m o w a ]_w
[_w ᵑɡ o ɾ ɘ x o n ɘ ]_w
[_w ʔ ⁿdz o x ɘ n ɘ ]_w
[_w n ɘ w i ɾ ɘ ]_w
[_w x ɘ ʔ o j a ʔ ]_w
[_w ᵐb ɘ k w ɘ ʔ ]_w
[_w j a j ɘ ʔ a ʔ ]_w
[_w w e ŋ a ʔ n a ʔ ]_w
[_w ʔ n e n e n ɘ ]_w
[_w ɾ o ŋ ɘ ʔ ]_w
[_w ɾ ɘ ʔ a ᵑɡ ɘ ]_w
[_w w i i p a ]_w
[_w ɾ ɘ x a ]_w
[_w n u ʔ m ɘ ]_w
[_w w a ʔ j ɘ j o ]_w
[_w j i n ɘ ŋ o ]_w
[_w o e m ɘ n ɘ ]_w
[_w ɾ ɘ p i a u ʔ ]_w
[_w w i ʔ p o j ɘ ]_w
[_w i n ɘ ɾ o ɾ ɘ ]_w
[_w a w a u ʔ j a ʔ ]_w
[_w e ŋ ɘ ʔ ɾ ɘ ]_w
[_w w e ŋ ɘ ʔ ]_w
[_w ɾ ɘ n ɘ ŋ ɘ ʔ ]_w
[_w w ɘ ʔ a ʔ p ɘ ]_w
[_w n ɘ x ɘ ʔ ]_w
[_w a m ɘ ŋ ɘ ʔ ]_w
[_w n i n ɘ ɾ ɘ n ɘ ]_w
[_w a ⁿd a ⁿd ɘ ʔ ]_w
[_w n ɘ ʔ n ɘ ʔ e ]_w
[_w n u m e ɾ ɘ ]_w
[_w w i ʔ j ɘ ʔ ]_w
[_w ɾ ɘ ŋ ɘ n ɘ ]_w
[_w k a m e ɾ ɘ ʔ ]_w
[_w w i ŋ w ɘ ʔ ]_w
[_w s ɘ ŋ w ɘ ʔ a ʔ ]_w
[_w n o n e ]_w
[_w ɾ ɘ ʔ a ᵑɡ ɘ ʔ ]_w
[_w w i m ɘ x ɘ ɾ ɘ ]_w
[_w p i a x ɘ ʔ ]_w
[_w n i n a ʔ j o ]_w
[_w w e j ɘ ]_w
[_w m e a ʔ m ɘ ]_w
[_w a j o ]_w
[_w p a ɾ i s i j ɘ ]_w
[_w ⁿd ɘ ɾ ɘ ʔ ]_w
[_w s e a i n ɘ ]_w
[_w a ŋ ɘ ʔ j o ]_w
[_w j a ɾ ɘ ŋ e ]_w
[_w m u ɾ ɘ p a ]_w
[_w m a ɾ ɘ ʔ a ʔ ]_w
[_w a ⁿd o w a j ɘ ʔ ]_w
[_w ᵐb a ᵐb i ɾ o n ɘ ]_w
[_w w ɘ j a u ʔ ]_w
[_w i w a ŋ ɘ ʔ ]_w
[_w ɾ a ɾ ɘ ᵑɡ ɘ ʔ e ]_w
[_w x i a ʔ w o w a ]_w
[_w s e a ŋ ɘ ʔ ]_w
[_w e n ɘ ʔ a ʔ ]_w
[_w o ɾ i p i j ɘ ]_w
[_w w ɘ n a ʔ ]_w
[_w a ɾ ɘ ᵑɡ ɘ ʔ ]_w
[_w j a i w i a ]_w
[_w a ʔ m a e ʔ n e ]_w
[_w w e a ɾ o ]_w
[_w a ʔ w a ]_w
[_w n u m i ɾ o ]_w
[_w e ʔ n ɘ ŋ o ]_w
[_w n a ʔ n ɘ ]_w
[_w n i ʔ ᵑɡ a ]_w
[_w m e a ɾ ɘ ŋ o ɘ ]_w
[_w x w ɘ ʔ n ɘ ]_w
[_w m ɘ ⁿd a ʔ ŋ o ]_w
[_w n a ʔ p i m ɘ ]_w
[_w s i j ɘ ]_w
[_w e ʔ a ᵑɡ ɘ ʔ a ʔ ]_w
[_w o ɾ ɘ n ɘ ]_w
[_w a ⁿd a m o m ɘ ]_w
[_w o ᵐb o j a ʔ ]_w
[_w a ŋ w ɘ ʔ j o ]_w
[_w u m ɘ ʔ ]_w
[_w s ɘ ʔ w i ʔ ]_w
[_w a i k ɘ ʔ ]_w
[_w p u s ɘ ʔ ]_w
[_w p ɘ ɾ ɘ ʔ ]_w
[_w w e ʔ ]_w
[_w j u n ɘ ʔ ]_w
[_w m e p a ]_w
[_w s a i m o n ɘ ]_w
[_w x e ɾ o t o ]_w
[_w o u ɾ ɘ n ɘ ]_w
[_w n ɘ w ɘ n ɘ p a ]_w
[_w m u p a n ɘ ]_w
[_w ⁿdz i s a s o j ɘ ]_w
[_w x ɘ ɾ ɘ ŋ ɘ ʔ ]_w
[_w s e a ɾ ɘ ]_w
[_w n i ɾ o ]_w
[_w p i ʔ o ɘ ]_w
[_w p e j i ɾ o ]_w
[_w m u p a ]_w
[_w ᵐb a n a ᵐb a s o ]_w
[_w m ɘ w e ʔ ]_w
[_w p a ɾ i s i a ]_w
[_w ɾ a ɾ ɘ ŋ a ᵑɡ ɘ ]_w
[_w i w a ʔ ]_w
[_w e m a ʔ n a ʔ ]_w
[_w j ɘ ʔ w ɘ ʔ ]_w
[_w w i ᵑɡ ɘ ʔ a ]_w
[_w w a u ʔ ɾ a n ɘ ]_w
[_w u ɾ ɘ ᵑɡ ɘ ʔ e ]_w
[_w j a n ɘ ]_w
[_w i m ɘ ʔ o ʔ ]_w
[_w a ʔ p e ]_w
[_w s a j ɘ ʔ ]_w
[_w m ɘ w i a ʔ ]_w
[_w u ɾ ɘ ʔ ]_w
[_w m ɘ ɾ ɘ n ɘ ]_w
[_w ɾ o ʔ n ɘ ŋ u ʔ ]_w
[_w e a ʔ n ɘ j ɘ ]_w
[_w w e ŋ ɘ ʔ p ɘ ]_w
[_w w i k ɘ ʔ ]_w
[_w n i m ɘ n ɘ ]_w
[_w ɾ a ɾ ɘ n ɘ ɾ ɘ ]_w
[_w w o n ɘ ]_w
[_w m ɘ w i p a n ɘ ]_w
[_w m ɘ s e a ɾ a ]_w
[_w s o ɾ o x ɘ n ɘ ]_w
[_w u ʔ a ᵑɡ ɘ ]_w
[_w p e ŋ ɘ ʔ p a ]_w
[_w n ɘ ʔ n ɘ n ɘ ]_w
[_w x a n o j a ʔ ]_w
[_w s i j ɘ ʔ ]_w
[_w j ɘ ʔ w ɘ p i ʔ ]_w
[_w ⁿdz u ⁿd a j o ]_w
[_w i p i ʔ j o n ɘ ]_w
[_w ɾ ɘ ʔ w ɘ ʔ j o ]_w
[_w n i a ɾ ɘ ŋ ɘ ʔ ]_w
[_w s e n ɘ ʔ a ]_w
[_w o n ɘ m ɘ n ɘ ]_w
[_w w a n ɘ ŋ o ɘ ]_w
[_w ʔ a ɾ ɘ ʔ a ʔ ]_w
[_w ʔ o w e o ɘ ]_w
[_w n ɘ ɾ ɘ n ɘ ]_w
[_w o j a ʔ ]_w
[_w x e w a x o ]_w
[_w a ʔ ɾ ɘ ʔ ]_w
[_w n a n ɘ ]_w
[_w m ɘ p ɘ k i ʔ a ]_w
[_w m ɘ s i n ɘ p a ]_w
[_w w ɘ w i ɘ ʔ a ʔ ]_w
[_w n u ɾ ɘ m e ɾ ɘ ]_w
[_w u ᵑɡ ɘ ʔ a ʔ ɘ ]_w
[_w n u ɾ i ]_w
[_w n ɘ x ɘ ʔ ⁿd a ]_w
[_w i ʔ n a ʔ ]_w
[_w o u ɾ ɘ m e ɾ o ]_w
[_w ɾ o w a ]_w
[_w e ŋ i ʔ n a ʔ ]_w
[_w a ᵑɡ a ]_w
[_w n ɘ j a u ʔ ]_w
[_w s i ŋ ɘ ʔ ]_w
[_w x w e ʔ ]_w
[_w ɾ a ʔ ɾ a ʔ ]_w
[_w ɾ ɘ x ɘ ʔ ]_w
[_w n i i a ɾ ɘ n ɘ ]_w
[_w ɾ ɘ ŋ o ɘ ]_w
[_w x a ʔ m ɘ ]_w
[_w i m ɘ ʔ o ]_w
[_w a ʔ m a ʔ j o ]_w
[_w ʔ s e ᵑɡ ɘ ʔ ]_w
[_w m i ʔ n ɘ ŋ o ɘ ]_w
[_w o n i n ɘ ɾ ɘ ]_w
[_w n e ɾ ɘ ]_w
[_w w e ʔ ɾ ɘ x a ]_w
[_w ʔ a ʔ m ɘ ]_w
[_w ʔ p o ɾ ɘ n ɘ ]_w
[_w ɾ ɘ n ɘ ɾ a ]_w
[_w ᵐb ɘ k w ɘ ʔ j o ]_w
[_w e ŋ a ʔ o n ɘ ]_w
[_w w ɘ n ɘ m ɘ n ɘ ]_w
[_w e m ɘ ʔ ]_w
[_w m o p ɘ ʔ ɾ ɘ ]_w
[_w ɾ a ɾ ɘ ŋ o ɘ ]_w
[_w p i ɾ ɘ ɾ ɘ ]_w
[_w x a x a ʔ ]_w
[_w u ʔ ɾ a p i ʔ ]_w
[_w x o j ɘ ʔ n ɘ ]_w
[_w t ɘ ʔ ŋ o x ɘ ]_w
[_w o ʔ ɘ ʔ ]_w
[_w m e a p a x ɘ ʔ ]_w
[_w ʔ s ɘ ʔ a ʔ ]_w
[_w p i ʔ p i j ɘ ]_w
[_w a p o ɾ o j a ʔ ]_w
[_w m i ʔ n ɘ ]_w
[_w m a j o n ɘ ]_w
[_w t ɘ ɾ o ]_w
[_w w a ʔ ɘ ʔ ]_w
[_w x w a ŋ w ɘ ʔ ]_w
[_w ʔ ⁿdz o n o m ɘ ]_w
[_w w i w a ʔ m ɘ ]_w
[_w w a u ʔ m ɘ ]_w
[_w w i i p ɘ ʔ ]_w
[_w i n a ɾ ɘ ŋ o ɘ ]_w
[_w a i w a ʔ ]_w
[_w o ʔ w a ]_w
[_w x e ᵑɡ ɘ ʔ a ]_w
[_w j a ʔ n ɘ ŋ ɘ ʔ ]_w
[_w ʔ n e ᵑɡ ɘ ʔ ]_w
[_w s a ɾ ɘ ʔ ]_w
[_w a j a u ʔ ]_w
[_w j ɘ j o ʔ n ɘ ʔ ]_w
[_w x ɘ ʔ o m ɘ ]_w
[_w ʔ ⁿdz u ⁿd a s o ]_w
[_w e ʔ a ʔ j ɘ ʔ ]_w
[_w p ɘ ɾ i m i a ʔ ]_w
[_w a ŋ ɘ ʔ ]_w
[_w n i a n ɘ ʔ ]_w
[_w x a m ɘ ŋ ɘ ʔ ]_w
[_w e ʔ ɘ ʔ p a ]_w
[_w k w i ʔ j o ]_w
[_w j o p a ɾ ɘ n ɘ ]_w
[_w ᵐb o s o ]_w
[_w s ɘ ŋ a ʔ p ɘ ]_w
[_w e s i a ]_w
[_w i n a ʔ j ɘ ʔ ]_w
[_w w e a ɾ ɘ ɾ o ]_w
[_w e ᵑɡ ɘ ʔ a ʔ j i ]_w
[_w w a ʔ ɾ a ʔ ]_w
[_w m o ŋ ɘ ʔ p a ]_w
[_w w ɘ n a ʔ n ɘ ]_w
[_w m e a ʔ ᵑɡ a ]_w
[_w w i w a ʔ j ɘ ʔ ]_w
[_w w i ᵑɡ ɘ ʔ p ɘ ]_w
[_w x ɘ ʔ o ]_w
[_w a w i a x ɘ ʔ ]_w
[_w ʔ m ɘ x ɘ p a ]_w
[_w w ɘ ʔ a ʔ ]_w
[_w m ɘ ᵑɡ ɘ ʔ o ]_w
[_w p i ʔ ]_w
[_w a ŋ ɘ p a x ɘ ʔ ]_w
[_w o ʔ w a ŋ ɘ ʔ ]_w
[_w m e n ɘ n ɘ ɾ a ]_w
[_w s ɘ p i ʔ ]_w
[_w n e m o n e ]_w
[_w n ɘ ŋ ɘ ʔ ]_w
[_w e ʔ a ᵑɡ ɘ ]_w
[_w ʔ s ɘ ʔ ŋ a ʔ ]_w
[_w w i ɾ ɘ ]_w
[_w n a x e ɾ ɘ ]_w
[_w u ɾ a n e ]_w
[_w w e p a x ɘ ʔ ]_w
[_w ᵐb a ʔ ]_w
[_w ɾ e ʔ n ɘ ŋ ɘ ʔ ]_w
[_w w o n e ]_w
[_w s o ɾ o ]_w
[_w n ɘ m ɘ ]_w
[_w m ɘ w i n ɘ ɾ ɘ ]_w
[_w ʔ o m ɘ ]_w
[_w a j o ɾ o ]_w
[_w ɾ o ŋ a ᵑɡ ɘ ]_w
[_w e p a x o ]_w
[_w i w a ⁿdz ɘ ʔ a ʔ ]_w
[_w i ʔ j a ʔ ]_w
[_w n a ʔ j o ]_w
[_w w a k ɘ s ɘ ʔ ]_w
[_w n ɘ ɾ a n e ]_w
[_w w i ʔ m ɘ ]_w
[_w j o p a ]_w
[_w u ɾ ɘ m e p a ]_w
[_w e p ɘ ʔ ɾ ɘ ]_w
[_w t a i a ]_w
[_w w e ŋ e ]_w
[_w ᵐb o s ɘ w ɘ ʔ ]_w
[_w ⁿdz i s a s o ]_w
[_w m u ʔ j o ]_w
[_w n ɘ m o ɾ a n ɘ ]_w
[_w ɾ a ɾ ɘ ᵑɡ e ]_w
[_w n e a ʔ ᵑɡ a ]_w
[_w n ɘ w ɘ ᵑɡ a ]_w
[_w ⁿdz u ⁿd a j ɘ ʔ ]_w
[_w n ɘ n ɘ ]_w
[_w ɾ o p a x ɘ ʔ ]_w
[_w o m ɘ ŋ ɘ ʔ j o ]_w
[_w s ɘ j i k w ɘ ʔ ]_w
[_w w i ɾ e ŋ ɘ ʔ ]_w
[_w a ʔ m a ʔ o ]_w
[_w i m o ʔ n ɘ m ɘ ]_w
[_w w i a n ɘ ]_w
[_w ʔ p o ɾ o n ɘ ]_w
[_w i ᵑɡ w ɘ ʔ ]_w
[_w p e j ɘ ʔ ]_w
[_w i m o ʔ n ɘ ɾ i ]_w
[_w a j a ᵑɡ w ɘ ]_w
[_w n ɘ ᵑɡ ɘ ʔ ]_w
[_w s e ᵑɡ ɘ ʔ e ]_w
[_w p a i ɾ a s o ]_w
[_w n ɘ x ɘ ɾ ɘ p a ]_w
[_w o m e a n ɘ ɾ ɘ ]_w
[_w s e a ŋ ɘ ʔ j o ]_w
[_w ᵐb ɘ m i ɾ o ]_w
[_w w i ʔ w a ]_w
[_w a p u ɾ ɘ ʔ ]_w
[_w x ɘ ɾ a ]_w
[_w i ʔ m ɘ ʔ ]_w
[_w k w i ʔ j a ʔ ]_w
[_w a ɾ ɘ ɾ a n e ]_w
[_w e ɾ a n e ]_w
[_w ɾ o m ɘ ]_w
[_w ⁿd e p i t o ]_w
[_w w i a n ɘ ɾ o ]_w
[_w ʔ a w a u ʔ ]_w
[_w ɾ i ʔ ]_w
[_w m ɘ ʔ m ɘ ʔ ]_w
[_w u ʔ a ʔ p ɘ ]_w
[_w u m ɘ ʔ i ʔ m ɘ ]_w
[_w ʔ e ɘ n ɘ ]_w
[_w o u m ɘ n ɘ ]_w
[_w e ʔ m a ʔ ]_w
[_w j a p ɘ ʔ ]_w
[_w w i n ɘ ŋ ɘ ʔ ]_w
[_w a ɾ ɘ ɾ a ʔ o ]_w
[_w p i ɾ i p o m ɘ ]_w
[_w w e ŋ a ᵑɡ ɘ ]_w
[_w m i ɾ ɘ n ɘ ɾ ɘ ]_w
[_w w o j a ʔ ]_w
[_w a i s a k o ]_w
[_w ɘ ʔ a ʔ p ɘ ]_w
[_w w i ŋ o ɾ ɘ n ɘ ]_w
[_w j a ɾ ɘ ŋ o ]_w
[_w ŋ w e a ɾ o ]_w
[_w n ɘ ᵑɡ a ]_w
[_w ᵐb ɘ ɾ o ]_w
[_w w ɘ ɾ ɘ ʔ a ]_w
[_w e ŋ ɘ ʔ ɾ a n ɘ ]_w
[_w n e m ɘ ]_w
[_w ᵑɡ ɘ j ɘ ʔ j a ʔ ]_w
[_w u j ɘ ʔ w a ʔ ]_w
[_w m e ᵐb a ʔ ]_w
[_w s a x ɘ ʔ p ɘ ]_w
[_w s e a j i ɾ ɘ ]_w
[_w ⁿd a ʔ ŋ e n e ]_w
[_w a n a n ɘ ]_w
[_w m a ŋ ɘ ʔ m ɘ ʔ ]_w
[_w s ɘ n ɘ ɾ ɘ ]_w
[_w a ŋ ɘ ʔ m a n ɘ ]_w
[_w i m ɘ x ɘ ɾ ɘ ]_w
[_w n a n ɘ ɾ o ]_w
[_w ɾ o ɘ ]_w
[_w i m o ʔ n e ɘ ]_w
[_w ɾ ɘ ŋ ɘ ʔ p ɘ ]_w
[_w t ɘ ʔ ŋ ɘ ʔ p ɘ ]_w
[_w i ʔ k ɘ ʔ a ʔ ]_w
[_w n u ʔ n ɘ ]_w
[_w p i ɾ i p a i ]_w
[_w m e ŋ w e a ŋ o ]_w
[_w u ŋ ɘ ʔ p ɘ ]_w
[_w n ɘ w i m o ɾ ɘ ]_w
[_w t ɘ j ɘ ʔ n e ʔ ]_w
[_w a p i m ɘ ]_w
[_w a ɾ ɘ ʔ o w a ]_w
[_w a ᵑɡ ɘ ɾ i p a i ]_w
[_w w ɘ n a n ɘ ]_w
[_w m o p a ]_w
[_w n e w ]_w
[_w e ɾ ɘ n ɘ ]_w
[_w ᵑɡ ɘ ʔ m ɘ ]_w
[_w s ɘ ʔ a ʔ ]_w
[_w u m i ʔ m o ɾ ɘ ]_w
[_w e ᵑɡ ɘ ʔ i ʔ ]_w
[_w x e ᵑɡ ɘ ʔ ]_w
[_w a ɾ a ʔ ɾ a ]_w
[_w t i m o t i o ]_w
[_w j e ʔ w ɘ ʔ ]_w
[_w n ɘ ᵑɡ ɘ ʔ o ]_w
[_w ɾ i ʔ n a ʔ ]_w
[_w k o ɾ i n ɘ ]_w
[_w i k a x ɘ ʔ ]_w
[_w x o ʔ m ɘ ŋ ɘ ʔ ]_w
[_w a ɾ i ʔ m ɘ ]_w
[_w e ʔ o m ɘ ]_w
[_w ᵑɡ o j a ʔ ]_w
[_w i ɾ ɘ ʔ n a ʔ ]_w
[_w ᵐb ɘ ʔ p i m ɘ ]_w
[_w w a j a ʔ ]_w
[_w w ɘ n a ]_w
[_w a ⁿd i o k ɘ ]_w
[_w ᵑɡ o ɾ ɘ x o x ɘ ]_w
[_w p i t a o ]_w
[_w m e a ŋ ɘ ʔ ]_w
[_w a ⁿd a m o ]_w
[_w u ɾ ɘ n ɘ ɾ o ]_w
[_w m ɘ w i p a ]_w
[_w n i a ɾ ɘ ŋ o ]_w
[_w ᵑɡ ɘ m ɘ ]_w
[_w m e ɾ ɘ ʔ n a ]_w
[_w p a j ɘ ʔ ]_w
[_w ᵐb ɘ ŋ a ʔ ]_w
[_w e a ɘ ]_w
[_w w i ᵑɡ ɘ ʔ ]_w
[_w w o ɾ ɘ ʔ a ᵑɡ ɘ ]_w
[_w s a ŋ ɘ ʔ p ɘ ]_w
[_w n e a ɾ e ɘ ]_w
[_w s e a ʔ j ɘ ʔ ]_w
[_w w a ɾ ɘ ʔ a ]_w
[_w ɾ i ʔ j ɘ ʔ ]_w
[_w x e w a n i ɘ ʔ ]_w
[_w u m e a ɾ ɘ n ɘ ]_w
[_w o x o w a m ɘ ʔ ]_w
[_w m i ʔ n a ʔ ]_w
[_w s ɘ p ɘ ʔ ɾ ɘ ʔ ]_w
[_w s ɘ w i ʔ m ɘ ]_w
[_w ɾ e ŋ ɘ ʔ p ɘ ]_w
[_w m ɘ p a ʔ w i ʔ ]_w
[_w e ʔ a ʔ ɾ ɘ n ɘ ]_w
[_w n ɘ ɾ a ʔ ]_w
[_w ᵑɡ o x ɘ ]_w
[_w j a ŋ ɘ ʔ p ɘ ]_w
[_w n ɘ m e ɾ ɘ ʔ ]_w
[_w n ɘ n i ɾ o ]_w
[_w m ɘ m e p a ]_w
[_w n ɘ n e a i ɘ ]_w
[_w x e w a n ɘ ]_w
[_w ⁿd a e ]_w
[_w w e ŋ ɘ ʔ p a ]_w
[_w ᵑɡ ɘ ʔ p ɘ ]_w
[_w i ʔ w ɘ ʔ j o ]_w
[_w j e j ɘ ]_w
[_w ɾ ɘ p ɘ k ɘ ʔ ]_w
[_w ⁿdz u ⁿd a j e n e ]_w
[_w n ɘ j i ɾ ɘ ]_w
[_w a p a ʔ ]_w
[_w u ɾ ɘ ʔ p o ʔ ]_w
[_w a p i a u ʔ ]_w
[_w s o ᵑɡ w ɘ ʔ ]_w
[_w ⁿdz i s a s o n ɘ ]_w
[_w o e n ɘ ɾ a ]_w
[_w o s a x ɘ ʔ ]_w
[_w u ɾ a ɾ ɘ ŋ o ɘ ]_w
[_w m i a ʔ i ʔ m ɘ ]_w
[_w n a ɾ ɘ ŋ a ᵑɡ ɘ ]_w
[_w p i t a o j a ʔ ]_w
[_w ɾ o ɾ o ]_w
[_w k i ɾ o ]_w
[_w t a i t a s o ]_w
[_w m u ʔ ɾ o ɾ ɘ ]_w
[_w a p ɘ j a ŋ ɘ ʔ ]_w
[_w s o ŋ ɘ ʔ ]_w
[_w e ᵑɡ ɘ ʔ a ʔ ]_w
[_w j i ʔ k ɘ ʔ a ʔ ]_w
[_w p e ʔ a ]_w
[_w w i a ɾ ɘ ŋ o ]_w
[_w ɾ o j ɘ ʔ ]_w
[_w w e ŋ ɘ ʔ m ɘ ʔ ]_w
[_w s i a ʔ ]_w
[_w ᵑɡ ɘ j o ]_w
[_w w ɘ n ɘ p a n ɘ ]_w
[_w a ʔ p o x ɘ n ɘ ]_w
[_w s i s a o m ɘ ]_w
[_w ᵐb ɘ ʔ a ʔ ]_w
[_w ɾ a ɾ ɘ ŋ e ]_w
[_w n a ŋ w ɘ ʔ a ʔ ]_w
[_w w ɘ n a n ɘ ɾ o ]_w
[_w s o ɾ ɘ ʔ a ]_w
[_w p ɘ ɾ ɘ ŋ ɘ ʔ ]_w
[_w u j i n ɘ ŋ ɘ ʔ ]_w
[_w ᵐb e ɘ ]_w
[_w n o ɾ ɘ ]_w
[_w a p ɘ x i ʔ w a ]_w
[_w n ɘ s a n ɘ ɾ o ]_w
[_w x w a j ɘ ʔ a ʔ ]_w
[_w e n ɘ ʔ ]_w
[_w n u ɾ ɘ ]_w
[_w ɾ o t u ʔ ]_w
[_w w e j ɘ ʔ j a ʔ ]_w
[_w a j o ɾ ɘ n ɘ ]_w
[_w s i j o ʔ ]_w
[_w i n i ɘ ᵑɡ ɘ ʔ ]_w
[_w ʔ a i w a ʔ ]_w
[_w m o ɾ ɘ ]_w
[_w s e n ɘ ʔ ]_w
[_w w o ɾ ɘ n ɘ ]_w
[_w ɾ ɘ ɾ ɘ ]_w
[_w i w a m ɘ n ɘ ]_w
[_w ⁿdz o x ɘ n ɘ ]_w
[_w s a ʔ ]_w
[_w n ɘ w i a ]_w
[_w i n a ɾ ɘ ŋ ɘ ʔ ]_w
[_w s i ɾ ɘ ]_w
[_w x e w a n ɘ ɾ ɘ ]_w
[_w a w a u ʔ n ɘ ]_w
[_w n u ɾ ɘ ɾ ɘ ]_w
[_w w o m ɘ ]_w
[_w ʔ a ɾ ɘ ʔ ]_w
[_w k i t a ʔ ]_w
[_w s ɘ x ɘ ʔ ]_w
[_w n ɘ m e n ɘ n ɘ ]_w
[_w n ɘ w ɘ n ɘ ŋ o ]_w
[_w x ɘ x e ]_w
[_w s a i ʔ m ɘ ]_w
[_w s i s a ɾ i a ]_w
[_w s o ɾ o m o n o ]_w
[_w j a n ɘ ʔ ]_w
[_w u ɾ a ʔ n a ʔ ]_w
[_w i m o ʔ n ɘ ʔ o ]_w
[_w n ɘ m i ɾ o ]_w
[_w n e p a ]_w
[_w s ɘ ŋ a ʔ o n ɘ ]_w
[_w ᵑɡ ɘ j ɘ ʔ ]_w
[_w a ʔ k ɘ ŋ a ʔ ]_w
[_w m ɘ ʔ k ɘ ʔ a ʔ ]_w
[_w ʔ n ɘ ᵑɡ w ɘ ʔ ]_w
[_w p i ʔ p i m ɘ ]_w
[_w n e a ɾ ɘ ŋ o ɘ ]_w
[_w ⁿd a ʔ ŋ o ]_w
[_w u ɾ ɘ p a ]_w
[_w e ŋ o m ɘ ]_w
[_w n u ɾ i ʔ n a ʔ ]_w
[_w o m ɘ ]_w
[_w a w a u ʔ m ɘ ]_w
[_w s e a j i ɾ o ]_w
[_w a j a ʔ ]_w
[_w i m o ʔ n ɘ n ɘ ]_w
[_w s e a i ᵑɡ a ]_w
[_w i m a n ɘ ]_w
[_w a p ɘ ʔ ]_w
[_w s e j ɘ ʔ n e ʔ ]_w
[_w s ɘ w ɘ ʔ ]_w
[_w t ɘ ᵑɡ ɘ ʔ ]_w
[_w i p ɘ ɾ ɘ ŋ ɘ ʔ ]_w
[_w e ŋ a ʔ n a ʔ ]_w
[_w i m o ɾ ɘ ]_w
[_w a ʔ x w a x ɘ ʔ ]_w
[_w ᵐb o s ɘ w o ]_w
[_w ʔ n o n e ]_w
[_w n ɘ ⁿdz i ɾ o ]_w
[_w a x o m ɘ ]_w
[_w o s ɘ ʔ ]_w
[_w i n ɘ p a ]_w
[_w e ŋ ɘ ʔ j o ]_w
[_w w e a ɾ ɘ ]_w
[_w ᵑɡ i ʔ n ɘ ŋ ɘ ʔ ]_w
[_w n i w i ɾ ɘ ]_w
[_w ᵑɡ ɘ ɾ i p a o ]_w
[_w ɾ ɘ ɾ o ]_w
[_w u m e ᵑɡ ɘ ʔ a ]_w
[_w a n a m ɘ ]_w
[_w w i ʔ p a u ʔ ]_w
[_w i n a ɾ ɘ n ɘ ]_w
[_w m ɘ w ɘ n ɘ ʔ o ]_w
[_w a w a m ɘ ]_w
[_w n i a p e ɘ ]_w
[_w o e n ɘ ]_w
[_w i ʔ n ɘ ]_w
[_w u ɾ ɘ ɾ o ]_w
[_w n ɘ s e a i ɾ ɘ ]_w
[_w w a ʔ j ɘ ʔ ]_w
[_w x w e ʔ o m ɘ ]_w
[_w ʔ k i ɾ a i s o ]_w
[_w j e a ʔ j ɘ j o ]_w
[_w j a ʔ ɾ ɘ ɾ ɘ ]_w
[_w j a ɾ ɘ ŋ ɘ n ɘ ]_w
[_w n e a ɾ o ]_w
[_w ɘ ʔ a ʔ ]_w
[_w a w a m ɘ n ɘ ]_w
[_w m ɘ ʔ k o n e ]_w
[_w n ɘ w a u ʔ ]_w
[_w w i n ɘ ʔ ]_w
[_w u ɾ ɘ m ɘ ]_w
[_w a ɾ ɘ ʔ n a ʔ ]_w
[_w x ɘ ɾ ɘ ɾ a n e ]_w
[_w ɾ ɘ j a ɾ ɘ n ɘ ]_w
[_w x ɘ ʔ ⁿd ɘ ɾ o ]_w
[_w w a ᵑɡ o ]_w
[_w a n a n ɘ ɾ o ]_w
[_w e m ɘ ʔ a ʔ ]_w
[_w i n o ʔ k i ŋ e ]_w
[_w w e ʔ j o ]_w
[_w n u ɾ a ]_w
[_w w e ʔ a ʔ p a ]_w
[_w x ɘ ɾ ɘ ɾ o ]_w
[_w x e ŋ w ɘ n ɘ ]_w
[_w w ɘ n ɘ ʔ o ]_w
[_w n u ɾ a n ɘ ]_w
[_w m i n ɘ ʔ ]_w
[_w s a j a ʔ ]_w
[_w ᵐb ɘ ɾ a n e ]_w
[_w i t i o p i a ]_w
[_w m e a ɾ o ]_w
[_w o s ɘ ʔ j o ]_w
[_w i n ɘ ɾ ɘ n ɘ ]_w
[_w m a t a i ʔ ]_w
[_w e ŋ a ᵑɡ ɘ ʔ ]_w
[_w e a p a ]_w
[_w s a x ɘ ʔ ]_w
[_w n e a n e ɘ ]_w
[_w e n ɘ ŋ o ]_w
[_w ʔ a ʔ p ɘ ]_w
[_w n o n ɘ ]_w
[_w ɾ o n ɘ ]_w
[_w n ɘ ʔ n ɘ ]_w
[_w a x ɘ ʔ j i ]_w
[_w ᵑɡ ɘ ʔ ]_w
[_w x e ᵑɡ ɘ ʔ p a ʔ ]_w
[_w i ʔ w a ]_w
[_w i n e ]_w
[_w o ⁿd ɘ p i ʔ p ɘ ]_w
[_w j a ᵑɡ ɘ ʔ p ɘ ]_w
[_w x w ɘ ʔ ]_w
[_w n a ʔ ]_w
[_w o ʔ n a ʔ ]_w
[_w e ɾ i ]_w
[_w ⁿd a ʔ ŋ ɘ ʔ ]_w
[_w a p ɘ x i ʔ ]_w
[_w w i m ɘ ]_w
[_w ᵐb ɘ ʔ n ɘ ʔ e ]_w
[_w i ʔ w o ]_w
[_w j e a ʔ j ɘ ʔ ]_w
[_w i m ɘ x ɘ ŋ ɘ ʔ ]_w
[_w w a n ɘ ŋ ɘ ʔ ]_w
[_w n ɘ ʔ p o j ɘ ]_w
[_w n ɘ w o ʔ ᵑɡ a ]_w
[_w m a m o ɾ o ]_w
[_w n e p a ʔ n ɘ ]_w
[_w ⁿdz o n o m ɘ ]_w
[_w w ɘ n ɘ ɾ ɘ ]_w
[_w ᵐb a ɾ i ʔ ]_w
[_w s e a ʔ j ɘ ]_w
[_w i j ɘ ʔ a ʔ ]_w
[_w x ɘ ɾ a ʔ ]_w
[_w a ɾ ɘ ʔ a ]_w
[_w ɾ o x ɘ n ɘ ]_w
[_w n o ʔ ɾ a ]_w
[_w a w a j a ʔ ]_w
[_w i m ɘ ŋ ɘ ʔ j o ]_w
[_w ɾ ɘ n ɘ ɾ ɘ ɾ ɘ ]_w
[_w p ɘ ɾ ɘ ]_w
[_w u ʔ a ʔ n a ʔ ]_w
[_w n i o n ɘ ]_w
[_w e ᵑɡ ɘ ʔ e ]_w
[_w e ʔ ɘ ʔ a ʔ ]_w
[_w j a ɾ ɘ n ɘ ]_w
[_w s ɘ p ɘ ʔ ɾ ɘ ]_w
[_w n e m e a ʔ a ]_w
[_w n ɘ n a n ɘ ɾ i ]_w
[_w n ɘ n e n e n ɘ ]_w
[_w n ɘ p ɘ k i ʔ ]_w
[_w ɾ ɘ ʔ a n ɘ ]_w
[_w p a s a ʔ ]_w
[_w ɾ a ᵑɡ ɘ ʔ a ʔ ]_w
[_w u ɾ a x ɘ ʔ ]_w
[_w w i a ɾ ɘ n ɘ ]_w
[_w e m ɘ n ɘ ʔ ]_w
[_w s ɘ ŋ a ʔ ]_w
[_w w o x ɘ ]_w
[_w n ɘ w i e ʔ ɾ a ]_w
[_w n u ɾ a ʔ n ɘ ]_w
[_w n a ʔ p i a ]_w
[_w e a a ɾ ɘ n ɘ ]_w
[_w w i ʔ j a ʔ ]_w
[_w m ɘ w ɘ ʔ ]_w
[_w p e ŋ ɘ ʔ ]_w
[_w x e ŋ w ɘ ʔ ]_w
[_w s a i ɾ a t o ]_w
[_w e ʔ o ]_w
[_w ⁿdz ɘ ʔ a m ɘ ]_w
[_w ᵑɡ ɘ ʔ m ɘ ʔ ]_w
[_w p o ᵐb o n ɘ ʔ ]_w
[_w ɾ a ɾ ɘ j o ]_w
[_w ɾ i ʔ n ɘ ɾ ɘ ]_w
[_w m o ɾ ɘ ʔ a ᵑɡ ɘ ]_w
[_w x ɘ ʔ i ʔ ]_w
[_w s i ɾ ɘ p a ]_w
[_w m a n a ʔ ɘ ]_w
[_w s ɘ j i k ɘ ʔ ]_w
[_w o x o ]_w
[_w i n ɘ ŋ o ɘ ]_w
[_w a ʔ ɾ ɘ ʔ a ᵑɡ ɘ ]_w
[_w m ɘ ʔ m ɘ ᵑɡ ɘ ʔ ]_w
[_w w e ŋ o ]_w
[_w n ɘ w e ɾ i ]_w
[_w n ɘ m ɘ n ɘ ]_w
[_w m i m a ʔ j o ]_w
[_w p i ɾ i p o j ɘ ]_w
[_w e ʔ ɘ ʔ p ɘ ]_w
[_w e ʔ ɘ ʔ ɾ ɘ ]_w
[_w ʔ i ʔ k ɘ ʔ ]_w
[_w m ɘ n ɘ ɾ ɘ ]_w
[_w k i k i ɘ ʔ a ʔ ]_w
[_w n e ʔ n ɘ ŋ ɘ ʔ ]_w
[_w n e ʔ ɾ a ]_w
[_w n i ʔ a ʔ n a ʔ ]_w
[_w m e ɾ ɘ ]_w
[_w i m ɘ x ɘ ŋ o ]_w
[_w w i ʔ ɘ ʔ a ʔ ]_w
[_w x w i o x ɘ ʔ ]_w
[_w a ʔ p o j ɘ ]_w
[_w i ʔ w ɘ ʔ ]_w
[_w n ɘ s a n ɘ ɾ ɘ ]_w
[_w ᵑɡ a ɾ i ɾ i ]_w
[_w n ɘ p e j i ŋ o ]_w
[_w e w e ʔ p a ʔ ]_w
[_w x i e p i ʔ m ɘ ]_w
[_w s a j a ʔ ɘ ʔ ]_w
[_w m ɘ ɾ ɘ p a ʔ ɘ ]_w
[_w w i i n ɘ ʔ ]_w
[_w k i ɾ a i ⁿdz a o ]_w
[_w j a ɾ ɘ ŋ o m ɘ ]_w
[_w m ɘ n ɘ ]_w
[_w ⁿdz u ⁿd a j o w a ]_w
[_w w i i a ɾ ɘ ʔ ]_w
[_w u ɾ ɘ ʔ n a ʔ ]_w
[_w e a ᵑɡ ɘ ʔ ]_w
[_w x i a ʔ w o m ɘ ]_w
[_w e n ɘ ]_w
[_w e ᵑɡ ɘ ʔ j ɘ ʔ ]_w
[_w a n ɘ ʔ o ]_w
[_w i ɾ u ʔ ]_w
[_w n a ʔ u ʔ m ɘ ]_w
[_w a ʔ p o ]_w
[_w a m a ʔ ɘ ʔ ]_w
[_w a w a m ɘ ʔ o ]_w
[_w s e a i n ɘ ɾ ɘ ]_w
[_w n ɘ t ɘ n ɘ ɾ ɘ ]_w
[_w m u ʔ ]_w
[_w p a j ɘ ]_w
[_w w i ʔ n ɘ ]_w
[_w i ʔ ɾ ɘ ɾ ɘ ]_w
[_w m ɘ p ɘ k i ɾ o ]_w
[_w a ɾ ɘ ᵑɡ e ]_w
[_w a i s a k o m ɘ ]_w
[_w w ɘ n a ʔ n a ʔ ]_w
[_w m e a ŋ e ]_w
[_w p i ʔ p ɘ ]_w
[_w e w e ʔ ]_w
[_w p ɘ k i p a ]_w
[_w w i m ɘ x ɘ p a ]_w
[_w e ʔ p o j ɘ ]_w
[_w n a s a ɾ e t ɘ ]_w
[_w w i a ɾ ɘ ʔ a ʔ ]_w
[_w ʔ s a ]_w
[_w j i n ɘ ɾ o ]_w
[_w ŋ w e a n ɘ ]_w
[_w n e m e a ʔ ᵑɡ a ]_w
[_w e a ʔ n ɘ ɾ ɘ ]_w
[_w x e m i a ʔ ]_w
[_w m e a ɾ ɘ ɾ a ʔ ]_w
[_w n ɘ s i n ɘ n ɘ ]_w
[_w w i ʔ m a n ɘ ]_w
[_w n u j ɘ k i ɾ o ]_w
[_w a p i a ]_w
[_w t ɘ j ɘ ʔ ]_w
[_w n ɘ x e m ɘ ]_w
[_w ɾ ɘ n a ʔ o ]_w
[_w m a m o ʔ ]_w
[_w o ᵑɡ a ʔ m ɘ ]_w
[_w m ɘ ʔ ⁿd e ]_w
[_w i ʔ n ɘ ŋ ɘ ʔ ]_w
[_w ɾ ɘ p ɘ n ɘ ]_w
[_w w i ɘ ]_w
[_w ᵐb a ɾ ɘ n ɘ ]_w
[_w o ʔ n ɘ ʔ ]_w
[_w w e a p ɘ ɾ ɘ ʔ ]_w
[_w ɘ ʔ w ɘ ʔ ]_w
[_w n ɘ m e a ʔ m ɘ ]_w
[_w ɾ ɘ n ɘ ŋ e ]_w
[_w o ʔ ɾ o ʔ ɾ ɘ ʔ ]_w
[_w n ɘ m o ɾ ɘ ]_w
[_w x w ɘ ɾ ɘ ʔ ]_w
[_w s a i m o n o ]_w
[_w ɾ e ŋ ɘ n ɘ ]_w
[_w a n i ʔ ]_w
[_w o x o w a ]_w
[_w i p i ʔ ]_w
[_w o w i m ɘ n ɘ ]_w
[_w ⁿdz i ʔ x ɘ ]_w
[_w ᵑɡ i ʔ n a ʔ ]_w
[_w n e p a j o ɾ o ]_w
[_w n ɘ j o ɾ ɘ ]_w
[_w u ʔ a ʔ p o ]_w
[_w m i m o ʔ n ɘ ʔ ]_w
[_w s ɘ ʔ ŋ a ʔ ]_w
[_w m i ʔ ]_w
[_w e ɾ ɘ ʔ ]_w
[_w p ɘ j ɘ ʔ ]_w
[_w u ɾ ɘ n ɘ ŋ ɘ ʔ ]_w
[_w n i o n ɘ n ɘ ]_w
[_w ᵑɡ o x ɘ ɾ ɘ ʔ ]_w
[_w k i ɾ a i s o ]_w
[_w n ɘ j a ʔ ]_w
[_w n e ɾ o ]_w
[_w s a i ɾ i n i ]_w
[_w n e m e ɾ ɘ ]_w
[_w i ʔ n ɘ ɾ ɘ ]_w
[_w e ʔ a ʔ n ɘ ʔ ]_w
[_w m ɘ m e a ʔ a ]_w
[_w w i n ɘ ]_w
[_w p ɘ k i ɾ o ]_w
[_w w i a i w i a ]_w
[_w n e a ʔ n ɘ ]_w
[_w n o w a o ]_w
[_w p o ɾ o m o n o ]_w
[_w i p i ʔ j o ]_w
[_w a ᵑɡ w ɘ ʔ ]_w
[_w n e a ʔ n ɘ ɾ o ]_w
[_w p ɘ ɾ ɘ n ɘ ʔ a ]_w
[_w w i ʔ ɘ ʔ j ɘ ʔ ]_w
[_w o n i n ɘ ]_w
[_w w ɘ j i ]_w
[_w w a ʔ ɾ e ʔ ]_w
[_w s o ⁿd o m ɘ ]_w
[_w n ɘ j ɘ ʔ n e ʔ ]_w
[_w s ɘ ʔ a ʔ p ɘ ]_w
[_w o ʔ k i a ʔ ]_w
[_w ᵐb a ɾ ɘ ŋ ɘ ʔ ]_w
[_w s e a i p a ]_w
[_w w a ɾ ɘ n ɘ ɾ ɘ ]_w
[_w w i ŋ a ʔ p ɘ ]_w
[_w u ɾ ɘ ŋ ɘ ʔ ]_w
[_w ɾ o ʔ n a ʔ ]_w
[_w n ɘ ᵐb ɘ ɾ o ]_w
[_w e ᵑɡ ɘ ʔ a ʔ p ɘ ]_w
[_w e ŋ a ʔ n ɘ n ɘ ]_w
[_w s ɘ ŋ a ʔ n a ʔ ]_w
[_w m a j ɘ ʔ w ɘ ʔ ]_w
[_w ⁿd ɘ x ɘ ʔ ]_w
[_w k o ɾ o s i ]_w
[_w ŋ w e a ŋ o m ɘ ]_w
[_w ɾ ɘ n a ʔ ]_w
[_w ɾ e ʔ m o ŋ ɘ ʔ ]_w
[_w j ɘ j o ]_w
[_w ᵑɡ w ɘ ʔ a ʔ o ]_w
[_w p e a ʔ ]_w
[_w m a n ɘ ]_w
[_w m ɘ x ɘ ɾ ɘ p a ]_w
[_w m ɘ x ɘ ɾ o ]_w
[_w s o p ɘ ŋ ɘ ʔ ]_w
[_w a m ɘ p i ʔ ]_w
[_w m e a a n ɘ ɾ o ]_w
[_w t ɘ ʔ ŋ o ]_w
[_w x w ɘ ʔ a ʔ ]_w
[_w ʔ m ɘ x ɘ ʔ ]_w
[_w a j ɘ ʔ n e ʔ ]_w
[_w ɾ ɘ n a ʔ i ʔ ]_w
[_w u ɾ ɘ ʔ a ʔ j i ]_w
[_w e ɾ ɘ ɾ ɘ ]_w
[_w i ʔ ɾ ɘ ŋ o ]_w
[_w ɾ a ɾ ɘ ŋ ɘ ʔ ]_w
[_w i k ɘ ʔ ]_w
[_w s o ɾ o m ɘ j o ]_w
[_w e w e ʔ j o ]_w
[_w w ɘ n ɘ ɾ o ]_w
[_w e ŋ ɘ ʔ j ɘ ʔ ]_w
[_w ɾ o w a m ɘ ]_w
[_w n u ɾ ɘ ɾ ɘ ʔ ]_w
[_w p i ɾ ɘ ɾ o ]_w
[_w a i ʔ w ɘ ʔ ]_w
[_w s e t e n o m ɘ ]_w
[_w w o ɾ ɘ ʔ a ʔ ]_w
[_w a x o ]_w
[_w w o m a n ɘ ]_w
[_w ɾ a ɾ ɘ n ɘ p a ]_w
[_w e ʔ ɘ ʔ ]_w
[_w ɾ a m ɘ x ɘ ʔ ]_w
[_w m i ʔ ɾ a ŋ ɘ ʔ ]_w
[_w ɾ ɘ ŋ ɘ ʔ j o ]_w
[_w ᵐb i m ɘ ɾ a ]_w
[_w w i p ɘ ʔ ɾ ɘ ]_w
[_w ɾ i w o ]_w
[_w ʔ a p i m ɘ ]_w
[_w i ʔ n ɘ j ɘ ʔ ]_w
[_w ʔ a ʔ m a ʔ ]_w
[_w ɾ ɘ p ɘ ʔ ɾ ɘ ]_w
[_w a w a ᵑɡ w i ʔ ]_w
[_w w a m ɘ n ɘ ]_w
[_w u m ɘ ʔ i ʔ ]_w
[_w n ɘ w i i ɾ ɘ ]_w
[_w j a ᵑɡ a ʔ o n ɘ ]_w
[_w w i m ɘ x a ]_w
[_w ᵑɡ w ɘ ʔ ]_w
[_w m ɘ ɾ ɘ ŋ ɘ ʔ ]_w
[_w n i ʔ a ᵑɡ ɘ ]_w
[_w o s i m ɘ n ɘ ]_w
[_w w e a p a ]_w
[_w k i ɾ a i s ɘ ]_w
[_w ⁿdz o x ɘ ]_w
[_w i ᵑɡ ɘ ʔ ]_w
[_w o ᵐb o m ɘ ]_w
[_w s ɘ ŋ ɘ ʔ p ɘ ]_w
[_w o n ɘ ɾ ɘ ]_w
[_w u ɾ ɘ ʔ ɘ n ɘ ]_w
[_w ʔ a ŋ ɘ ʔ n a ʔ ]_w
[_w w i i ɾ ɘ ]_w
[_w i p ɘ ]_w
[_w w i n ɘ ɾ o ]_w
[_w m e a n ɘ ]_w
[_w ⁿdz i s a s ɘ ]_w
[_w ᵑɡ o ɾ ɘ n ɘ ]_w
[_w s ɘ ʔ ŋ a ʔ j o ]_w
[_w a ɾ e ɾ ɘ ]_w
[_w n i w e ʔ a ]_w
[_w w i i p ɘ ʔ ɾ ɘ ]_w
[_w a n ɘ p a ]_w
[_w ɾ ɘ n a ʔ n ɘ ]_w
[_w p ɘ ʔ o p i a ]_w
[_w a i w ɘ ]_w
[_w w i ʔ j o ]_w
[_w i p i ʔ j ɘ ʔ ]_w
[_w n a ɾ ɘ n ɘ ]_w
[_w n ɘ p e ʔ ]_w
[_w e ʔ m i a o ŋ o ]_w
[_w ᵐb i a u ʔ ]_w
[_w a n ɘ ŋ ɘ ʔ j o ]_w
[_w t ɘ ʔ ᵑɡ ɘ ʔ ]_w
[_w ʔ a ɾ ɘ ʔ a ᵑɡ ɘ ]_w
[_w w a i ɾ ɘ ]_w
[_w o ʔ p ɘ j a ʔ ]_w
[_w i m ɘ ɾ ɘ p a ]_w
[_w p ɘ ɾ a w a ʔ ]_w
[_w e ŋ a ʔ ]_w
[_w n ɘ ᵐb ɘ ɾ ɘ ]_w
[_w m ɘ ᵑɡ ɘ ʔ ]_w
[_w s ɘ p ɘ x ɘ ʔ ]_w
[_w w a ɾ a ʔ ]_w
[_w w e ᵑɡ ɘ ʔ ]_w
[_w s ɘ k w ɘ ʔ ]_w
[_w w o x ɘ ɾ ɘ ]_w
[_w u ɾ ɘ ʔ a ᵑɡ ɘ ]_w
[_w ᵐb a ɾ ɘ ŋ o ]_w
[_w ŋ w e a n ɘ ʔ ]_w
[_w i w o ]_w
[_w p i k ɘ ʔ ]_w
[_w p ɘ ʔ a ʔ ]_w
[_w ɾ ɘ n ɘ ŋ i ʔ ]_w
[_w n e ɾ ɘ ʔ ]_w
[_w n a ʔ p ɘ ɾ ɘ ]_w
[_w i n ɘ ŋ o ]_w
[_w ɾ ɘ ʔ w ɘ ʔ ]_w
[_w a ŋ w ɘ ʔ ]_w
[_w t ɘ ʔ n ɘ ]_w
[_w ⁿd a i w o ]_w
[_w j i ʔ n ɘ ɾ ɘ ]_w
[_w o x o w a m ɘ ]_w
[_w ɾ ɘ ɾ a n ɘ ]_w
[_w e m ɘ m ɘ ʔ ]_w
[_w s a ʔ ɾ u ʔ ]_w
[_w s a i n a i j ɘ ]_w
[_w m u ɾ ɘ m e ɾ o ]_w
[_w ᵑɡ ɘ j ɘ ʔ n ɘ ]_w
[_w n o n ɘ ɾ ɘ ]_w
[_w t ɘ ʔ e ]_w
[_w o m ɘ n ɘ ]_w
[_w m i n ɘ ʔ a ʔ ]_w
[_w i ʔ k ɘ ʔ ]_w
[_w x ɘ ɾ ɘ ʔ ]_w
[_w ʔ e ŋ ɘ ʔ p a ]_w
[_w a j i m ɘ ]_w
[_w n e a ʔ a ᵑɡ ɘ ]_w
[_w n ɘ m e ɾ o ]_w
[_w n e m e ɾ o ]_w
[_w n ɘ ᵑɡ ɘ ʔ e ]_w
[_w s e ᵑɡ ɘ ʔ ]_w
[_w ⁿdz e m i s o m ɘ ]_w
[_w e m e ɾ ɘ ]_w
[_w u ᵑɡ ɘ ʔ a ]_w
[_w n ɘ p e ʔ a ]_w
[_w ŋ w e a x a ]_w
[_w ɾ ɘ ʔ m a n ɘ ]_w
[_w ɾ a n ɘ ]_w
[_w n ɘ ᵐb ɘ ɾ i ]_w
[_w o w i n ɘ ɾ i ]_w
[_w n ɘ m a m o ʔ ]_w
[_w w e ŋ a ʔ p ɘ ]_w
[_w ɾ i w a ʔ ]_w
[_w s i k ɘ ʔ ]_w
[_w ɾ ɘ p i m ɘ ]_w
[_w w e ɾ ɘ x ɘ ʔ ]_w
[_w u ʔ p o j ɘ ]_w
[_w m ɘ w e n ɘ ʔ a ]_w
[_w a ɾ a ʔ j o m ɘ ]_w
[_w p e ʔ a ʔ j o ]_w
[_w n e ʔ ɾ a n ɘ ]_w
[_w n i ɾ o ɾ ɘ ]_w
[_w w e ʔ ɾ a ]_w
[_w ᵑɡ o ɾ ɘ x o m ɘ ]_w
[_w x w e ʔ n ɘ ʔ o ]_w
[_w e p e s a s ɘ ]_w
[_w ŋ w a p e ʔ ]_w
[_w x a n ɘ j a ʔ ]_w
[_w ʔ ⁿdz u ⁿd a j ɘ ʔ ]_w
[_w m ɘ t ɘ p a ]_w
[_w o ʔ ɘ ʔ j i m ɘ ]_w
[_w a p ɘ n ɘ ]_w
[_w m ɘ m o ʔ ]_w
[_w j i ʔ k ɘ ʔ ]_w
[_w j a i w i ɾ o ]_w
[_w n u ɾ ɘ m e ɾ o ]_w
[_w m e p i ʔ m ɘ ]_w
[_w w i ɾ o ]_w
[_w e ɘ n ɘ ]_w
[_w n ɘ j ɘ ʔ ]_w
[_w w a ɾ a ʔ j o ]_w
[_w i n o ʔ k i ʔ ]_w
[_w w e ɾ o ]_w
[_w o s o m ɘ ]_w
[_w i w a ŋ ɘ ʔ p ɘ ]_w
[_w u ᵑɡ ɘ ʔ a ʔ ]_w
[_w i j ɘ ʔ a ʔ p ɘ ]_w
[_w s e j ɘ ʔ ]_w
[_w m ɘ ʔ a ]_w
[_w u j i ʔ a ᵑɡ ɘ ]_w
[_w ɾ o ŋ a ʔ n a ʔ ]_w
[_w ᵐb ɘ ɾ ɘ n ɘ ]_w
[_w w i ŋ w ɘ ʔ j o ]_w
[_w ŋ w e a ʔ a ᵑɡ ɘ ]_w
[_w m ɘ j ɘ ʔ ]_w
[_w x w e ʔ o ]_w
[_w u p ɘ ʔ ɾ ɘ ʔ ]_w
[_w a ŋ ɘ ʔ n ɘ ]_w
[_w a n ɘ ᵑɡ ɘ ʔ e ]_w
[_w n e m e ɾ a n e ]_w
[_w s u ʔ ]_w
[_w n ɘ p ɘ k a ]_w
[_w ʔ ᵑɡ o ]_w
[_w m i n ɘ p ɘ n ɘ ]_w
[_w ⁿdz o n o ]_w
[_w s ɘ ʔ o ʔ j o ]_w
[_w n ɘ n ɘ m ɘ ]_w
[_w u ɾ a n ɘ ]_w
[_w w e ɾ ɘ ]_w
[_w m o ʔ a ʔ n a ʔ ]_w
[_w o u n ɘ ɾ ɘ ɾ o ]_w
[_w n ɘ p ɘ n ɘ ]_w
[_w x a i ʔ w ɘ ʔ ]_w
[_w ⁿd a ʔ n a ʔ ]_w
[_w o ɾ i p ɘ ʔ ɾ ɘ ]_w
[_w n i w i ɾ o ]_w
[_w w i ᵑɡ ɘ ʔ a ʔ ]_w
[_w m ɘ ɾ o ʔ ]_w
[_w o ᵐb ɘ ᵐb a x ɘ ʔ ]_w
[_w n a ŋ w o ]_w
[_w m e p a x ɘ ʔ ]_w
[_w j a ɾ ɘ ŋ a ᵑɡ ɘ ]_w
[_w w e ŋ ɘ ʔ j ɘ ʔ ]_w
[_w n e ʔ n ɘ ŋ o ɘ ]_w
[_w o n a ᵑɡ w a ʔ o ]_w
[_w ɾ ɘ n ɘ ɾ ɘ ᵑɡ a ]_w
[_w n ɘ x ɘ ɾ ɘ ]_w
[_w w ɘ n ɘ ŋ o ɘ ]_w
[_w n a n ɘ ɾ ɘ ]_w
[_w w i n ɘ ɾ ɘ ]_w
[_w x a n o m ɘ ]_w
[_w m o ɾ o ]_w
[_w m ɘ m a m o ʔ ]_w
[_w o x o m ɘ ]_w
[_w n ɘ w e ɾ o ]_w
[_w ɾ ɘ ŋ ɘ ʔ j i ]_w
[_w n a ŋ w o m ɘ ]_w
[_w ʔ ɘ ʔ w ɘ ʔ ]_w
[_w ᵑɡ w ɘ ʔ p ɘ ]_w
[_w ᵑɡ i ʔ n ɘ ɾ o ]_w
[_w n i ʔ n ɘ j ɘ ʔ ]_w
[_w n i i ʔ ]_w
[_w a ʔ m a ʔ j ɘ ʔ ]_w
[_w ᵑɡ ɘ j ɘ ʔ a ʔ ]_w
[_w a ɾ a ʔ ]_w
[_w a ʔ p o ɾ ɘ n ɘ ]_w
[_w w a n ɘ ]_w
[_w ᵐb ɘ p a x ɘ ʔ ]_w
[_w ᵑɡ ɘ ʔ n i ɘ ʔ ]_w
[_w u m ɘ ʔ a ʔ ]_w
[_w u m e ɾ ɘ ]_w
[_w e a ŋ ɘ ʔ n ɘ ]_w
[_w e m a ʔ ]_w
[_w a p ɘ j a ʔ ]_w
[_w k e n o ]_w
[_w n ɘ ɾ i ]_w
[_w w a ʔ ɾ i ʔ ]_w
[_w e ʔ ɘ ʔ ɾ ɘ ʔ ]_w
[_w u m e p a ]_w
[_w x ɘ ɾ ɘ ŋ a ʔ ]_w
[_w a p ɘ x i ʔ m ɘ ]_w
[_w ⁿd i ɾ ɘ ɾ ɘ p a ]_w
[_w ɾ u k o ]_w
[_w a ʔ p o n ɘ ]_w
[_w s a x ɘ ʔ p a ]_w
[_w m i w ɘ ʔ ]_w
[_w ɾ e o ⁿd i s i a ]_w
[_w n e a ɾ ɘ ]_w
[_w p ɘ k i ɾ ɘ ]_w
[_w w i ʔ m e a ɾ o ]_w
[_w k w i ʔ j ɘ ʔ ]_w
[_w w o x ɘ ɾ ɘ ɾ ɘ ]_w
[_w x ɘ ɾ a ʔ n a ʔ ]_w
[_w ʔ s ɘ p i ʔ n ɘ ]_w
[_w a i n ɘ ʔ ]_w
[_w w i m ɘ x ɘ ʔ ]_w
[_w w ɘ n a ʔ o ]_w
[_w ⁿd ɘ ŋ ɘ ʔ j o ]_w
[_w s a ⁿdz u s i j ɘ ]_w
[_w a j a u ʔ m ɘ ]_w
[_w ʔ ⁿdz u ⁿd a j o ]_w
[_w u ɾ o ]_w
[_w s ɘ ŋ ɘ ʔ ]_w
[_w n e ɾ i ]_w
[_w w i ʔ m ɘ ʔ ]_w
[_w j a n ɘ ɾ o ]_w
[_w i ᵑɡ i ʔ ]_w
[_w ɾ ɘ ŋ o ]_w
[_w w u ʔ n ɘ ]_w
[_w n ɘ n e a i ɾ ɘ ]_w
[_w s a m a ɾ i a ]_w
[_w ᵑɡ i ʔ n ɘ ]_w
[_w u ɾ ɘ ɾ a ʔ o ]_w
[_w n i n i p a ]_w
[_w i ʔ ɾ ɘ ŋ o ɘ ]_w
[_w a ʔ j a ʔ ]_w
[_w n i ɘ ]_w
[_w m ɘ j a i w i ʔ ]_w
[_w e n ɘ ʔ a ʔ p ɘ ]_w
[_w m a ᵑɡ i ʔ n a ʔ ]_w
[_w m ɘ ᵐb ɘ p a ]_w
[_w m o s e s o ]_w
[_w s ɘ ʔ m ɘ ŋ ɘ ʔ ]_w
[_w p ɘ j ɘ ŋ ɘ ʔ ]_w
[_w t ɘ ʔ j o ]_w
[_w p ɘ ɾ ɘ ʔ j o ]_w
[_w x i e p i ʔ ]_w
[_w ᵐb o s ɘ ʔ j o ]_w
[_w e w a j ɘ ʔ ]_w
[_w ɾ o w a u ʔ ]_w
[_w j u m ɘ ʔ ]_w
[_w a j ɘ n a ʔ i ʔ ]_w
[_w n e a i ɾ o ]_w
[_w i m ɘ x ɘ p a ]_w
[_w s e n i s ɘ ʔ ]_w
[_w w a ʔ ɾ a ʔ ɘ ʔ ]_w
[_w a ɾ ɘ ʔ a n ɘ ]_w
[_w e m ɘ ]_w
[_w n u ɾ a ʔ ɾ i ʔ ]_w
[_w a ʔ m ɘ ʔ ]_w
[_w o u ɾ a n ɘ ]_w
[_w w a u j ɘ ʔ ]_w
[_w ɾ o ᵑɡ ɘ ʔ a ʔ ]_w
[_w ŋ w e a ɾ ɘ ]_w
[_w a w a ʔ ]_w
[_w n ɘ s e a ɾ a ]_w
[_w a ɾ ɘ ]_w
[_w n ɘ w ɘ n ɘ m ɘ ]_w
[_w e ʔ a ʔ n a ʔ ]_w
[_w o p i s ɘ ʔ ]_w
[_w u ɾ a ɾ ɘ ŋ ɘ ʔ ]_w
[_w m ɘ m ɘ ʔ ]_w
[_w s o j ɘ ʔ ]_w
[_w i ⁿd a ʔ n ɘ ɾ i ]_w
[_w ŋ w e a ʔ j ɘ ʔ ]_w
[_w a ʔ m ɘ n ɘ ]_w
[_w e a ʔ n ɘ ŋ ɘ ʔ ]_w
[_w s i ŋ w ɘ ʔ a ʔ ]_w
[_w n u ɾ ɘ ʔ ]_w
[_w u ɾ u ʔ ]_w
[_w w i ʔ j o n ɘ ]_w
[_w s ɘ k w ɘ ]_w
[_w x w ɘ ʔ a ʔ ɘ ]_w
[_w i n ɘ ŋ a ᵑɡ ɘ ]_w
[_w a n ɘ ʔ ]_w
[_w w u ʔ ]_w
[_w s ɘ k ɘ ŋ ɘ ʔ ]_w
[_w x ɘ ɾ ɘ ]_w
[_w m o ŋ ɘ ʔ ]_w
[_w w e ŋ ɘ ʔ ɾ ɘ ]_w
[_w p i a x ɘ ʔ a ʔ ]_w
[_w m ɘ w e ŋ a ʔ ]_w
[_w ɾ ɘ ɾ a ʔ n a ʔ ]_w
[_w a p ɘ x ɘ ʔ ]_w
[_w n ɘ p ɘ k i ɾ ɘ ]_w
[_w w ɘ n ɘ ]_w
[_w m a ɾ i a ]_w
[_w n ɘ ⁿdz ɘ ʔ a m ɘ ]_w
[_w o w i n ɘ ʔ ]_w
[_w a m i ʔ n ɘ j o ]_w
[_w m ɘ m o p a ]_w
[_w u ᵐb e n ɘ ʔ a ʔ ]_w
[_w n ɘ j o a ɾ ɘ ]_w
[_w n ɘ ʔ n ɘ ʔ ]_w
[_w n a ŋ w ɘ ʔ ]_w
[_w j a ŋ ɘ ʔ ]_w
[_w o ɾ ɘ ʔ ]_w
[_w ʔ j e j ɘ ]_w
[_w x w a j ɘ ʔ ]_w
[_w ɾ ɘ ʔ n a ʔ ]_w
[_w t ɘ ʔ a ʔ ]_w
[_w n e ᵑɡ ɘ ʔ j ɘ ʔ ]_w
[_w e ʔ a ʔ p a ]_w
[_w ʔ a ŋ ɘ ʔ ]_w
[_w a ʔ w ɘ n ɘ ɾ ɘ ]_w
[_w s a ŋ ɘ ʔ ]_w
[_w w e a x a ]_w
[_w s ɘ p ɘ x o m ɘ ]_w
[_w j a ɾ ɘ ŋ i ɘ ]_w
[_w ɾ a ɾ ɘ ᵑɡ ɘ ʔ ]_w
[_w s o j ɘ ʔ n e ʔ ]_w
[_w m i m ɘ x ɘ ʔ ]_w
[_w ɾ e p ɘ j ɘ ʔ ]_w
[_w n u ɾ o ]_w
[_w e ʔ ɘ ʔ m ɘ ʔ ]_w
[_w o u ɾ ɘ m ɘ ]_w
[_w o ɾ ɘ ŋ a ᵑɡ ɘ ]_w
[_w ʔ a i w a ʔ m ɘ ]_w
[_w w i j ɘ ʔ n e ʔ ]_w
[_w x e a n ɘ ]_w
[_w u ɾ ɘ ŋ o ɘ ]_w
[_w u n ɘ ŋ o ]_w
[_w e ŋ o ɘ ]_w
[_w w e ʔ ɾ ɘ x a ʔ ]_w
[_w a ŋ ɘ ʔ m ɘ ]_w
[_w w ɘ ʔ x a u ʔ ]_w
[_w m ɘ ŋ ɘ ʔ ]_w
[_w i m ɘ m ɘ ŋ ɘ ʔ ]_w
[_w n ɘ ᵐb a j i ɾ ɘ ]_w
[_w ɘ ʔ e a ʔ ]_w
[_w n ɘ p ɘ ʔ ɾ ɘ ]_w
[_w u m e ᵑɡ ɘ ʔ a ʔ ]_w
[_w w i p a n ɘ ]_w
[_w p e a x ɘ ʔ ]_w
[_w u ŋ o ɾ ɘ n ɘ ]_w
[_w n ɘ m o ɾ a n e ]_w
[_w w i i p a x o ]_w
[_w m e a n ɘ ʔ ]_w
[_w s ɘ ŋ w ɘ ʔ j o ]_w
[_w m ɘ p e p a ]_w
[_w ʔ a ʔ m a ʔ o ]_w
[_w i ʔ m ɘ ]_w
[_w m ɘ ɾ ɘ ɾ o ʔ a ]_w
[_w n e a i i ɾ ɘ ]_w
[_w n ɘ t ɘ ɾ o ]_w
[_w w i a ʔ ɾ e ʔ ]_w
[_w j u m ɘ ʔ a ]_w
[_w o n i n ɘ ɾ o ]_w
[_w ᵐb a ɾ ɘ ʔ a ᵑɡ ɘ ]_w
[_w ⁿdz ɘ ʔ a ʔ ]_w
[_w o n ɘ n ɘ ɾ o ]_w
[_w n e ɾ a n e ]_w
[_w n ɘ n i ɾ ɘ ]_w
[_w w a i n ɘ ɾ o ]_w
[_w ɾ a s ɘ ʔ a ʔ ]_w
[_w x e ŋ w ɘ n ɘ ʔ ]_w
[_w o ʔ ɘ ʔ j ɘ ʔ ]_w
[_w s i m i o n o ]_w
[_w n ɘ m ɘ ᵑɡ a ]_w
[_w k o ɾ i n ɘ j o ]_w
[_w a ɾ a ʔ j o ]_w
[_w ɾ a ɾ ɘ ŋ o ]_w
[_w x ɘ ʔ ⁿd a n ɘ ]_w
[_w i n a ʔ n a ʔ ]_w
[_w p i t a o j ɘ ]_w
[_w e ɾ ɘ ]_w
[_w ʔ s ɘ n ɘ ]_w
[_w ɾ a ᵑɡ ɘ ʔ ]_w
[_w s i ⁿd ɘ ŋ ɘ ʔ ]_w
[_w u m o ᵑɡ ɘ ʔ a ʔ ]_w
[_w u ɾ ɘ ŋ ɘ ʔ j o ]_w
[_w x e a n ɘ ʔ o ]_w
[_w n i a ɾ ɘ ʔ o ]_w
[_w x w ɘ j ɘ ʔ ]_w
[_w e p ɘ ʔ ɾ ɘ ʔ ]_w
[_w ɾ ɘ ɾ o ʔ a ]_w
[_w m a ŋ ɘ ʔ j o ]_w
[_w m e n ɘ ɾ a n ɘ ]_w
[_w w i n ɘ n ɘ ɾ ɘ ]_w
[_w n u ɾ ɘ ɾ i ]_w
[_w o e a ʔ m ɘ ]_w
[_w w ɘ j i m ɘ ]_w
[_w ⁿd ɘ ŋ ɘ ʔ p ɘ ]_w
[_w k i ɾ a ʔ ]_w
[_w o m e a n ɘ ]_w
[_w w i ŋ w ɘ ʔ a ʔ ]_w
[_w o e ʔ p o j ɘ ]_w
[_w o ɾ ɘ w a ʔ ]_w
[_w u ɾ ɘ ᵑɡ ɘ ʔ ]_w
[_w j a ᵑɡ ɘ ʔ ]_w
[_w n i ʔ n ɘ ]_w
[_w n ɘ ɾ a ]_w
[_w n e a i ɘ ]_w
[_w m i m ɘ x a ]_w
[_w m e p i ʔ ]_w
[_w o s i n ɘ n ɘ ]_w
[_w o ʔ k i ŋ e ]_w
[_w ᵐb o s o j a ʔ ]_w
[_w o ᵐb o ɾ ɘ n ɘ ]_w
[_w x w ɘ ʔ a ʔ p a ]_w
[_w ɾ a ɾ ɘ ʔ o ]_w
[_w a i n ɘ ɾ ɘ ɾ o ]_w
[_w n ɘ ɾ a ʔ n a ʔ ]_w
[_w s i ɾ i s i o ]_w
[_w ʔ a n ɘ ]_w
[_w w i a ʔ ɾ ɘ ɾ o ]_w
[_w n u m e ʔ ɾ a ]_w
[_w m ɘ j ɘ ʔ n e ʔ ]_w
[_w n a ʔ u ʔ ]_w
[_w u ɾ ɘ ]_w
[_w e ŋ e ]_w
[_w j e a ʔ j ɘ ]_w
[_w ᵐb ɘ k w ɘ ʔ a ʔ ]_w
[_w n ɘ m a m o ɾ ɘ ]_w
[_w e a ʔ a ᵑɡ ɘ ]_w
[_w ʔ e ŋ i ʔ n a ʔ ]_w
[_w m a j ɘ ʔ ]_w
[_w u ŋ ɘ ʔ ɾ ɘ ʔ ]_w
[_w ɾ o ʔ n ɘ ŋ ɘ ʔ ]_w
[_w w i a n e ɘ ]_w
[_w a j ɘ ʔ j a ʔ ]_w
[_w w e n ɘ ŋ ɘ ʔ ]_w
[_w i ʔ n i ʔ n a ʔ ]_w
[_w w e j ɘ ʔ n e ʔ ]_w
[_w m ɘ p e ʔ ]_w
[_w ⁿd a ʔ ŋ ɘ ʔ m ɘ ]_w
[_w n o w a n e j ɘ ]_w
[_w u m e ɾ o ]_w
[_w w i a ʔ ]_w
[_w ᵐb ɘ ŋ a ʔ o n ɘ ]_w
[_w e n ɘ ʔ a ᵑɡ ɘ ]_w
[_w ⁿd ɘ ʔ a ʔ p ɘ ]_w
[_w j a n ɘ ɾ ɘ ]_w
[_w ᵐb ɘ ʔ ᵐb ɘ ]_w
[_w ⁿd ɘ ʔ w ɘ ʔ j o ]_w
[_w w i n ɘ ɾ i ]_w
[_w n o s a x a ]_w
[_w p ɘ p ɘ ŋ ɘ ʔ ]_w
[_w ɾ a s a ɾ e t ɘ ]_w
[_w ŋ w e a ŋ e ]_w
[_w ʔ ⁿd ɘ ŋ ɘ ʔ ]_w
[_w n i n ɘ ]_w
[_w n ɘ ᵑɡ w ɘ ʔ ]_w
[_w o w e n ɘ ]_w
[_w p ɘ ʔ n ɘ ]_w
[_w e ʔ m ɘ ʔ ]_w
[_w j o ʔ ɘ ʔ j ɘ ʔ ]_w
[_w m ɘ ɾ ɘ ʔ ]_w
[_w ʔ a ɾ ɘ ᵑɡ ɘ ʔ o ]_w
[_w ɾ ɘ p ɘ ʔ a ʔ ]_w
[_w t ɘ ŋ ɘ ʔ ]_w
[_w w a ɾ ɘ n ɘ ɾ o ]_w
[_w o ᵐb ɘ n ɘ ]_w
[_w n ɘ t ɘ m ɘ ]_w
[_w u n ɘ ŋ o ɘ ]_w
[_w i m ɘ ʔ o ʔ j o ]_w
[_w n u m e a i a ]_w
[_w i ʔ p a u ʔ ]_w
[_w n ɘ w i n ɘ ʔ a ]_w
[_w n i n ɘ ɾ ɘ ɾ ɘ ]_w
[_w ʔ x a n o m ɘ ]_w
[_w w i w a ʔ m ɘ ʔ ]_w
[_w ᵐb ɘ ʔ p o j ɘ ]_w
[_w t ɘ ʔ ŋ ɘ ʔ ]_w
[_w u ɾ ɘ ʔ ɘ ʔ p ɘ ]_w
[_w n ɘ w a ɾ ɘ ŋ e ]_w
[_w w o m ɘ n ɘ ]_w
[_w ɾ ɘ j a m ɘ ʔ ]_w
[_w ⁿd ɘ ʔ w ɘ ʔ ]_w
[_w w i ʔ m a n ɘ ʔ ]_w
[_w x w ɘ n ɘ ɾ o ]_w
[_w n ɘ s e a i ɾ o ]_w
[_w x o ᵑɡ w a ʔ ]_w
[_w n i m ɘ x ɘ ŋ o ]_w
[_w ɾ ɘ n a m ɘ ]_w
[_w n u m e a ɾ o ]_w
[_w w i ŋ w a ʔ ]_w
[_w ŋ ɘ ŋ i ɘ ʔ a ʔ ]_w
[_w a ɾ ɘ ɾ e ]_w
[_w w u ʔ m ɘ ]_w
[_w n a ŋ ɘ ʔ p a ]_w
[_w t ɘ ᵑɡ ɘ ʔ a ʔ ]_w
[_w n ɘ ᵑɡ w ɘ ʔ n ɘ ]_w
[_w a p i x ɘ ]_w
[_w ɾ o ŋ e ]_w
[_w n ɘ m a w i ɾ ɘ ]_w
[_w a ŋ ɘ ʔ n a m ɘ ]_w
[_w i m ɘ ŋ ɘ ʔ p ɘ ]_w
[_w e ʔ n ɘ ŋ ɘ ʔ ]_w
[_w p ɘ ʔ k ɘ ʔ a ʔ ]_w
[_w n e ɘ ]_w
[_w o ʔ ɘ ʔ j i ]_w
[_w i ʔ n ɘ j o ]_w
[_w n i ɘ ʔ ]_w
[_w a ʔ ɾ ɘ ɾ o ]_w
[_w e ŋ o ɾ ɘ n ɘ ]_w
[_w x i a ᵑɡ w o x ɘ ]_w
[_w s e a ŋ ɘ ʔ m ɘ ]_w
[_w x w e j a ŋ ɘ ʔ ]_w
[_w w a ɾ ɘ ʔ k i ʔ ]_w
[_w s a ɾ ɘ ʔ o w a ]_w
[_w n ɘ ɾ o ɾ ɘ ]_w
[_w w i ʔ p i j ɘ ]_w
[_w ɘ ʔ w i ʔ ]_w
[_w a ⁿd ɘ ɾ u o ]_w
[_w u ɾ ɘ ŋ o ]_w
[_w i s i p ɘ j ɘ ʔ ]_w
[_w n e a ʔ n ɘ n ɘ ]_w
[_w s o ŋ ɘ ʔ p ɘ ]_w
[_w m a i w i ɾ o ]_w
[_w e ŋ a ʔ n ɘ ɾ ɘ ]_w
[_w i ᵑɡ ɘ ʔ p ɘ ]_w
[_w n i n ɘ m ɘ ᵑɡ a ]_w
[_w o ɾ ɘ ʔ a ʔ p ɘ ]_w
[_w ŋ w e a ʔ a ]_w
[_w ɾ ɘ n a ]_w
[_w i ʔ n ɘ p a ]_w
[_w p ɘ ʔ ɾ ɘ ʔ ]_w
[_w u ʔ ɾ a n ɘ ]_w
[_w ᵐb ɘ p a ]_w
[_w m a k o ]_w
[_w ⁿdz ɘ j i k ɘ ʔ ]_w
[_w m ɘ ɾ o p a ]_w
[_w k i ʔ j ɘ ʔ ]_w
[_w p e j ɘ ʔ j a ʔ ]_w
[_w u m ɘ n ɘ ]_w
[_w u ɾ ɘ ɾ i ]_w
[_w o w e o ɘ ]_w
[_w w a ʔ ɾ ɘ ʔ ]_w
[_w n ɘ n e n e ]_w
[_w w i ʔ n ɘ j o ]_w
[_w o n ɘ n ɘ ]_w
[_w a x i ʔ n a ʔ ]_w
[_w s ɘ m ɘ n ɘ ]_w
[_w ɾ a ɾ ɘ ʔ n ɘ ]_w
[_w w i a ʔ ɾ ɘ n ɘ ]_w
[_w a ʔ w ɘ n ɘ ]_w
[_w u j i ɾ ɘ ]_w
[_w u ɾ ɘ ɾ o ʔ a ]_w
[_w a w a ]_w
[_w w i p a x o ]_w
[_w j e ᵑɡ ɘ ʔ a ʔ ]_w
[_w t i k i k a s o ]_w
[_w s a ŋ ɘ ʔ p a ]_w
[_w ⁿd ɘ ʔ a ʔ j o ]_w
[_w p i a x ɘ ʔ p ɘ ]_w
[_w a ᵑɡ w ɘ ʔ j o ]_w
[_w o u n ɘ ]_w
[_w n ɘ m e a ɾ ɘ ]_w
[_w o ɾ ɘ n ɘ ŋ ɘ ʔ ]_w
[_w n i i ʔ n ɘ ɾ o ]_w
[_w n ɘ ɾ a n ɘ ]_w
[_w n ɘ t ɘ ɾ ɘ ]_w
[_w w o ɾ ɘ ʔ ɘ n ɘ ]_w
[_w m i m o ʔ n a ʔ ]_w
[_w n o x o a ɾ ɘ ]_w
[_w e a ɾ ɘ ]_w
[_w ɾ ɘ ʔ m ɘ ]_w
[_w n ɘ w ɘ n ɘ ]_w
[_w m e a ʔ n ɘ ]_w
[_w ɾ o ᵑɡ ɘ ʔ a ]_w
[_w p a i m ɘ m ɘ ʔ ]_w
[_w ᵐb a ɾ ɘ ŋ a ᵑɡ ɘ ]_w
[_w p i k ɘ ʔ n a ʔ ]_w
[_w o x ɘ ʔ ɾ a n ɘ ]_w
[_w a ŋ i w a ʔ j ɘ ]_w
[_w e m ɘ ʔ a ]_w
[_w m ɘ ⁿd a ʔ ŋ ɘ ʔ ]_w
[_w x w ɘ ʔ a ]_w
[_w ᵑɡ o ɾ ɘ ʔ ]_w
[_w w a i ʔ n ɘ ɾ ɘ ]_w
[_w j a j ɘ ʔ ]_w
[_w m u ɾ ɘ ʔ n a ʔ ]_w
[_w o m ɘ n ɘ ɾ ɘ ]_w
[_w o ᵐb a x ɘ ʔ p ɘ ]_w
[_w ᵐb e t a n i ]_w
[_w x w ɘ ɾ ɘ x ɘ ʔ ]_w
[_w m e ŋ a ʔ o n ɘ ]_w
[_w w o x ɘ ɾ ɘ n ɘ ]_w
[_w s ɘ w ɘ ʔ a ʔ ]_w
[_w ɾ o ʔ n ɘ ʔ ]_w
[_w x ɘ n a ʔ n ɘ ]_w
[_w n e m a ʔ ]_w
[_w s i s a o ]_w
[_w ɾ ɘ ʔ a ]_w
[_w a j ɘ ʔ a ʔ ]_w
[_w p ɘ ʔ a ʔ p ɘ ]_w
[_w ᵑɡ ɘ ʔ w ɘ ʔ ]_w
[_w w a ɾ ɘ ʔ o ]_w
[_w a i s a i a o ]_w
[_w ŋ w e a n ɘ ʔ a ]_w
[_w a ʔ w ɘ n ɘ p a ]_w
[_w a ᵑɡ w ɘ ʔ p ɘ ]_w
[_w ʔ a m ɘ ]_w
[_w p a j ɘ ʔ a ʔ ]_w
[_w ⁿdz o ⁿd a n ɘ ]_w
[_w a w e j ɘ ]_w
[_w ᵐb o k i s ɘ ʔ ]_w
[_w ɾ e ʔ n ɘ ŋ o ]_w
[_w i ʔ ɾ ɘ ŋ o m ɘ ]_w
[_w w i ʔ ɘ ʔ p a ]_w
[_w x w ɘ ʔ n a ʔ ]_w
[_w x e w a x o x ɘ ]_w
[_w s a m ɘ ŋ ɘ ʔ ]_w
[_w p o ɾ i s o w a ]_w
[_w a ɾ ɘ ʔ o ]_w
[_w s o ɾ ɘ ʔ ɘ n ɘ ]_w
[_w j i ʔ n ɘ j ɘ ]_w
[_w ⁿd a ʔ ŋ ɘ ʔ j o ]_w
[_w n i m ɘ x ɘ ʔ ]_w
[_w n ɘ p e n ɘ ʔ a ]_w
[_w x w ɘ ʔ a m ɘ ]_w
[_w ɾ ɘ w a ʔ ]_w
[_w w a ʔ ɾ a ]_w
[_w o ŋ w e a ɾ ɘ ]_w
[_w m e a p a ʔ j o ]_w
[_w w i p ɘ ʔ ]_w
[_w o ʔ ɾ a ]_w
[_w ʔ ᵑɡ ɘ ʔ ]_w
[_w a w i ʔ ]_w
[_w p e j ɘ ʔ n e ʔ ]_w
[_w w ɘ n ɘ ʔ a ʔ ]_w
[_w u ɾ ɘ ŋ o m ɘ ]_w
[_w n ɘ w e ɾ ɘ ]_w
[_w ʔ a p ɘ x i ʔ ]_w
[_w j a ɾ ɘ n ɘ ɾ ɘ ]_w
[_w w i ʔ ɾ ɘ ŋ o ]_w
[_w o n ɘ m ɘ ᵑɡ a ]_w
[_w n o w a n ɘ ŋ o ]_w
[_w ᵐb i m ɘ ]_w
[_w o ɾ ɘ ʔ ɘ ʔ p ɘ ]_w
[_w ŋ w e a ʔ ]_w
[_w p a p ɘ k ɘ ʔ ]_w
[_w i ʔ n ɘ m ɘ ]_w
[_w w e ŋ ɘ ʔ m ɘ ]_w
[_w e ʔ ɘ ʔ a ʔ p a ]_w
[_w w e ᵑɡ ɘ ʔ a ʔ ]_w
[_w w i ʔ o ]_w
[_w n ɘ n i n ɘ m ɘ ]_w
[_w i ʔ k w ɘ ʔ ]_w
[_w p ɘ j a ʔ ]_w
[_w a ʔ p o w a m ɘ ]_w
[_w s ɘ n ɘ ɾ a ʔ ]_w
[_w u ɾ ɘ ɾ ɘ ʔ ]_w
[_w ᵐb e n a i s i ʔ ]_w
[_w w e ʔ a ʔ n a ʔ ]_w
[_w ⁿd ɘ ʔ a ʔ ]_w
[_w a i n ɘ ]_w
[_w ɾ ɘ ʔ n a ⁿdz o ]_w
[_w ʔ a ŋ ɘ ʔ n ɘ ]_w
[_w ɾ ɘ n ɘ ŋ o ɘ ]_w
[_w n e ɾ o ʔ n a ʔ ]_w
[_w s u ɾ ɘ ʔ ɘ n ɘ ]_w
[_w n e p a x ɘ ʔ ]_w
[_w u ɾ ɘ ŋ ɘ n ɘ ]_w
[_w i m a ŋ ɘ ʔ ]_w
[_w m a ⁿdz ɘ ʔ a ʔ ]_w
[_w a p a ʔ n ɘ ɾ o ]_w
[_w e a ʔ n ɘ ŋ u ʔ ]_w
[_w o e m ɘ n ɘ ɾ ɘ ]_w
[_w n ɘ ŋ w e a ɾ ɘ ]_w
[_w ɾ ɘ p ɘ k i ɾ o ]_w
[_w ɾ ɘ ʔ ɘ ʔ ]_w
[_w w ɘ ʔ a ʔ j o ]_w
[_w ʔ a n ɘ ŋ ɘ ʔ ]_w
[_w n e p a ɾ ɘ n ɘ ]_w
[_w i w ɘ ʔ ]_w
[_w k ɘ p ɘ ŋ ɘ ʔ ]_w
[_w a i ʔ ]_w
[_w e ʔ p i j ɘ ]_w
[_w w ɘ n a m ɘ ]_w
[_w j o ʔ ɘ ʔ ]_w
[_w x o j ɘ ʔ ]_w
[_w n e ɾ ɘ ŋ ɘ n ɘ ]_w
[_w n ɘ m i a ʔ i ʔ ]_w
[_w a ʔ ɾ ɘ ʔ a ʔ ]_w
[_w i m ɘ ʔ a ]_w
[_w i m o ʔ ᵑɡ a ]_w
[_w n ɘ ɾ ɘ ɾ o ]_w
[_w s o ɾ ɘ ʔ ]_w
[_w m i m a ʔ j ɘ ]_w
[_w w i ʔ p i m ɘ ]_w
[_w a ɾ ɘ ʔ k i ʔ ]_w
[_w s a ⁿd e ʔ j o ]_w
[_w w i ʔ n ɘ ŋ ɘ ʔ ]_w
[_w ⁿd i ɾ ɘ ɾ ɘ ]_w
[_w e a ŋ ɘ ʔ p ɘ ]_w
[_w n ɘ w ɘ n ɘ ʔ ]_w
[_w i m o ʔ n ɘ ʔ e ]_w
[_w s ɘ ŋ ɘ ʔ j ɘ ʔ ]_w
[_w n ɘ w i a ᵑɡ a ]_w
[_w a n a n ɘ p a ]_w
[_w n ɘ m e a ɾ o ]_w
[_w w i a j i ɾ o ]_w
[_w p ɘ j ɘ ʔ n ɘ ]_w
[_w m i m a ʔ j a ʔ ]_w
[_w ʔ ɾ ɘ p ɘ ]_w
[_w i n ɘ p a x ɘ ʔ ]_w
[_w n ɘ j o n ɘ ]_w
[_w a n a s o ]_w
[_w ɾ o w a u ʔ n ɘ ]_w
[_w m ɘ w i p a x o ]_w
[_w m ɘ x ɘ ɾ ɘ ʔ ]_w
[_w p ɘ ʔ ɾ ɘ ]_w
[_w ⁿdz o s e p o m ɘ ]_w
[_w o j a ʔ p ɘ ]_w
[_w w e ŋ ɘ ʔ j o ]_w
[_w n i a n ɘ ]_w
[_w n ɘ m o ɾ ɘ ʔ a ]_w
[_w e a ŋ ɘ n ɘ ]_w
[_w w e ʔ a ]_w
[_w o n ɘ m ɘ ]_w
[_w ɾ ɘ ɾ i ]_w
[_w ŋ ɘ ŋ i ɘ ]_w
[_w ɾ a s a ɾ a s o ]_w
[_w m e m e ʔ ]_w
[_w n ɘ n ɘ ɾ o ]_w
[_w m e n ɘ n ɘ ]_w
[_w e ᵑɡ ɘ ʔ a ]_w
[_w n e a ɾ ɘ ŋ ɘ ʔ ]_w
[_w ⁿd o ᵑɡ i ʔ ]_w
[_w ⁿd i ɾ ɘ ɾ o ]_w
[_w ɾ ɘ ʔ n i ɘ ʔ ]_w
[_w p a ɾ i s i ]_w
[_w n u ɾ a n e ]_w
[_w m u m e p a ]_w
[_w u ɾ ɘ n ɘ ]_w
[_w n e m e ɾ ɘ ʔ ]_w
[_w e ŋ o x ɘ n ɘ ]_w
[_w x e ᵑɡ ɘ ʔ p ɘ ]_w
[_w i k a x ɘ ʔ p ɘ ]_w
[_w a ᵑɡ ɘ ɾ i k ɘ ]_w
[_w m o ɾ ɘ ʔ a ʔ ]_w
[_w i ɾ ɘ ʔ n ɘ n ɘ ]_w
[_w m ɘ s e a i ɾ ɘ ]_w
[_w a p ɘ j a ʔ ᵑɡ a ]_w
[_w n u ɾ a ʔ n a ʔ ]_w
[_w w i a n e j ɘ ]_w
[_w w o x ɘ n ɘ ]_w
[_w j ɘ ʔ w ɘ ʔ j o ]_w
[_w x ɘ n a ʔ i ʔ ]_w
[_w a ɾ ɘ ʔ a ʔ ]_w
[_w i n a ʔ j o m ɘ ]_w
[_w m ɘ ʔ a e ʔ ]_w
[_w ɾ ɘ ʔ n a ]_w
[_w n ɘ x e ɾ o t o ]_w
[_w w e a p ɘ ɾ ɘ ]_w
[_w s ɘ ʔ m ɘ ]_w
[_w o ɾ ɘ ʔ a ]_w
[_w n e a ɾ ɘ ŋ o ]_w
[_w n a ŋ w ɘ ]_w
[_w p e s ɘ t a s o ]_w
[_w m o p a x ɘ ʔ ]_w
[_w n a ŋ w o j a ʔ ]_w
[_w x e ŋ w e a x a ]_w
[_w n i ʔ n ɘ ŋ ɘ ʔ ]_w
[_w ⁿdz ɘ ʔ a ʔ j o ]_w
[_w ɾ ɘ ɾ a ʔ ]_w
[_w w i ʔ a ʔ j ɘ ʔ ]_w
[_w x ɘ n a ʔ n a ʔ ]_w
[_w j a p ɘ ]_w
[_w w a i ʔ n a ʔ ]_w
[_w i ʔ ɾ ɘ ŋ ɘ ʔ ]_w
[_w s i w i ʔ ]_w
[_w m a i w i ʔ ]_w
[_w w a j ɘ ʔ j ɘ ʔ ]_w
[_w n ɘ s e a ɾ ɘ ]_w
[_w m ɘ ɾ o ʔ ᵑɡ a ]_w
[_w p i ɾ i s i o ]_w
[_w w ɘ ʔ i ʔ ]_w
[_w n ɘ ᵑɡ i j ɘ ʔ ]_w
[_w p ɘ k i ʔ a ]_w
[_w j e ᵑɡ ɘ ʔ a ʔ ɘ ]_w
[_w ɾ o j ɘ ʔ w a ʔ ]_w
[_w n i n a ʔ j ɘ ʔ ]_w
[_w m a m o ɾ ɘ ]_w
[_w j a n ɘ ɾ o ɾ ɘ ]_w
[_w n ɘ m i a ʔ ]_w
[_w w a i n ɘ ]_w
[_w m ɘ m ɘ ŋ ɘ ʔ ]_w
[_w e m ɘ m ɘ ʔ a ]_w
[_w ⁿdz o p a ]_w
[_w n u ɾ ɘ ɾ a ʔ ]_w
[_w x e ᵑɡ ɘ ʔ a ʔ ]_w
[_w i k i ŋ o ]_w
[_w j a n ɘ ɾ ɘ ʔ ]_w
[_w p o ɾ o ]_w
[_w n i ɾ ɘ ]_w
[_w o ᵐb o ]_w
[_w w ɘ ʔ u ʔ m ɘ ]_w
[_w w i n a ɾ ɘ n ɘ ]_w
[_w a m ɘ p i ʔ j o ]_w
[_w s e a i ɾ ɘ ]_w
[_w n o n ɘ ʔ ]_w
[_w n i m ɘ n ɘ ʔ ]_w
[_w i m o ʔ n a ʔ ]_w
[_w ɾ ɘ m ɘ ]_w
[_w m ɘ w i ʔ ]_w
[_w n i k ɘ x e ɾ ɘ ]_w
[_w a ʔ w ɘ n ɘ ɾ o ]_w
[_w u ɾ a ʔ ɾ ɘ ɾ o ]_w
[_w p ɘ j ɘ ʔ a ʔ ]_w
[_w x w ɘ ɾ ɘ ʔ a ʔ ]_w
[_w ⁿdz e m i s o ]_w
[_w s a i ʔ m ɘ ʔ ]_w
[_w a w ɘ ʔ i ʔ m ɘ ]_w
[_w j i ʔ n ɘ ɾ o ]_w
[_w w ɘ n ɘ p a ]_w
[_w m ɘ w e n ɘ ]_w
[_w n u ɾ ɘ ɾ o ]_w
[_w ŋ w ɘ ʔ a ʔ p a ]_w
[_w m ɘ ɾ ɘ p a ʔ ]_w
[_w n e p a ɾ ɘ ʔ ]_w
[_w x w a ŋ w ɘ ]_w
[_w n a ŋ ɘ ʔ n ɘ ]_w
[_w n i n ɘ ɾ a n e ]_w
[_w m i ʔ ɾ a n ɘ ]_w
[_w n e m o ]_w
[_w o u m ɘ n ɘ ɾ ɘ ]_w
[_w m e ŋ a ᵑɡ w ɘ ʔ ]_w
[_w n ɘ w i ᵑɡ a ]_w
[_w ɾ ɘ m ɘ ʔ ]_w
[_w o ʔ ɾ a ʔ ɘ ʔ ]_w
[_w w o ɾ a n e ]_w
[_w a m ɘ ŋ o ]_w
[_w ᵑɡ w i a u m ɘ ʔ ]_w
[_w u ɾ ɘ p a x ɘ ʔ ]_w
[_w i ʔ ɾ ɘ ɾ ɘ m ɘ ]_w
[_w p ɘ j ɘ ʔ j a ʔ ]_w
[_w ᵐb ɘ ʔ ᵐb i m ɘ ]_w
[_w m i ʔ n ɘ ŋ ɘ ʔ ]_w
[_w w a u ʔ n ɘ ]_w
[_w m ɘ ŋ ɘ ʔ j o ]_w
[_w ⁿdz o n ɘ ]_w
[_w n ɘ m e a ʔ ]_w
[_w n u m o ɾ ɘ ]_w
[_w s o ᵑɡ w ɘ ʔ a ʔ ]_w
[_w s ɘ p ɘ k a ]_w
[_w s a m ɘ ŋ o ]_w
[_w ɾ ɘ ɾ i ʔ n a ʔ ]_w
[_w n ɘ w ɘ n ɘ ɾ o ]_w
[_w n ɘ j ɘ ]_w
[_w u ŋ ɘ ʔ ɾ a n ɘ ]_w
[_w ɾ o m ɘ j o ]_w
[_w m e m e a ʔ o ]_w
[_w t a ʔ n a ʔ ]_w
[_w ᵑɡ ɘ p ɘ ]_w
[_w ᵑɡ w i a u ʔ ]_w
[_w e ŋ a ʔ ɾ ɘ ɾ ɘ ]_w
[_w n a ɾ ɘ ʔ n a ʔ ]_w
[_w i w a m ɘ ʔ o ʔ ]_w
[_w ⁿdz u ⁿd a s o ]_w
[_w ᵐb ɘ m ɘ ʔ ɘ n ɘ ]_w
[_w e m ɘ ʔ a ʔ p ɘ ]_w
[_w m a t ɘ j u o ]_w
[_w n ɘ s e a i p a ]_w
[_w n ɘ p u ɾ ɘ ]_w
[_w ᵐb ɘ ʔ n ɘ ]_w
[_w ɾ e a x ɘ ʔ ]_w
[_w w i a i w i ʔ ]_w
[_w ɾ a ɾ ɘ ʔ ]_w
[_w s ɘ p ɘ k i ɾ o ]_w
[_w m ɘ w i i ɾ o ]_w
[_w m e a ɾ ɘ n ɘ ]_w
[_w u ɾ ɘ p a n ɘ ]_w
[_w m i n ɘ p a ʔ ]_w
[_w i ŋ ɘ ʔ p ɘ ]_w
[_w u ɾ ɘ ʔ n ɘ ]_w
[_w m ɘ x ɘ ɾ a ʔ o ]_w
[_w a p a x ɘ ʔ p ɘ ]_w
[_w e ʔ ɘ ʔ p i j ɘ ]_w
[_w m e a ɾ ɘ ʔ ]_w
[_w w i ʔ ɾ ɘ n ɘ ]_w
[_w m i n ɘ p a ʔ ɘ ]_w
[_w i n ɘ p a n ɘ ]_w
[_w x e ŋ w ɘ ʔ j o ]_w
[_w ɾ ɘ ʔ ɘ ʔ j i ]_w
[_w n ɘ w ɘ n ɘ ʔ o ]_w
[_w m e m e a ʔ n ɘ ]_w
[_w w o w ɘ ʔ ]_w
[_w j i ɾ ɘ ]_w
[_w n e ɾ o ʔ n ɘ ʔ ]_w
[_w n ɘ m i ɾ ɘ n ɘ ]_w
[_w ᵑɡ i ʔ n ɘ ɾ ɘ ]_w
[_w ɾ a ɾ ɘ ]_w
[_w e ʔ a ʔ ɾ ɘ x a ]_w
[_w w a ɾ ɘ ŋ o w a ]_w
[_w k ɘ ɾ ɘ w ɘ ʔ ]_w
[_w s ɘ w a ʔ m ɘ ]_w
[_w a x ɘ ʔ j o ]_w
[_w w i n ɘ n ɘ ]_w
[_w ɘ w ɘ ʔ a ʔ p ɘ ]_w
[_w e ŋ o ]_w
[_w i n a ʔ n ɘ ]_w
[_w e ⁿd e ]_w
[_w a ɾ a ɾ ɘ ᵑɡ ɘ ʔ ]_w
[_w p i ɾ i s o w a ]_w
[_w n ɘ w i ɾ a n e ]_w
[_w p e ᵑɡ ɘ ʔ ]_w
[_w w a j ɘ ʔ n e ʔ ]_w
[_w ʔ p o ɾ o ]_w
[_w a x ɘ ʔ ɾ i ʔ ]_w
[_w x ɘ x ɘ ʔ ]_w
[_w w u ʔ k a u ʔ ]_w
[_w ɾ o j ɘ ʔ n ɘ ]_w
[_w u ŋ ɘ ʔ ]_w
[_w u j i ɾ o ]_w
[_w ᵑɡ w ɘ ʔ j o ]_w
[_w w i a ʔ ɾ ɘ x a ]_w
[_w j a j ɘ ʔ n e ʔ ]_w
[_w m a ŋ ɘ ʔ n a ʔ ]_w
[_w ɾ a ᵑɡ ɘ ʔ e ]_w
[_w n a w i ʔ n ɘ ]_w
[_w x w e ʔ o w a ]_w
[_w ᵐb ɘ ŋ o ɾ ɘ n ɘ ]_w
[_w j i s ɘ ʔ ]_w
[_w e a a ɾ ɘ ŋ ɘ ʔ ]_w
[_w n i m ɘ x ɘ ɾ ɘ ]_w
[_w ɾ ɘ p a x ɘ ʔ ]_w
[_w s e a i m ɘ ]_w
[_w s e a ŋ ɘ n ɘ ]_w
[_w ʔ n a ŋ ɘ ʔ ]_w
[_w n ɘ s e a i ʔ ]_w
[_w u ɾ ɘ ʔ o ]_w
[_w u ɾ a ɾ ɘ ŋ o ]_w
[_w o ᵐb a x ɘ ʔ ]_w
[_w n ɘ m e ʔ ɾ a ]_w
[_w u m ɘ ʔ a ]_w
[_w n ɘ n a n ɘ ɾ o ]_w
[_w s ɘ m ɘ n ɘ ɾ ɘ ]_w
[_w m ɘ ɾ ɘ p a ]_w
[_w w e j ɘ ʔ ]_w
[_w j a ɾ ɘ n ɘ p a ]_w
[_w n ɘ n e a i i ɘ ]_w
[_w m ɘ n i n ɘ ɾ o ]_w
[_w ɾ ɘ ᵑɡ ɘ ʔ o ]_w
[_w o k i j ɘ ʔ ]_w
[_w n ɘ ɾ i ʔ ]_w
[_w ᵐb a ɾ ɘ ŋ o ɘ ]_w
[_w n ɘ p i m ɘ ]_w
[_w w i ŋ ɘ ʔ p ɘ ]_w
[_w a ᵑɡ w i a u ʔ ]_w
[_w ɾ a ᵑɡ ɘ ʔ a ]_w
[_w m e a n ɘ ŋ ɘ ʔ ]_w
[_w k i ɾ o m i t a ]_w
[_w o s i n ɘ ɾ ɘ ]_w
[_w e m ɘ ʔ ɘ n ɘ ]_w
[_w m ɘ ʔ m ɘ ŋ ɘ ʔ ]_w
[_w m e a n ɘ ɾ i ]_w
[_w n e ᵑɡ ɘ ʔ a ]_w
[_w ɾ ɘ ʔ ɘ ʔ p a ]_w
[_w x e ŋ w ɘ ʔ a ]_w
[_w p o k ɘ ʔ ]_w
[_w m o a n e j ɘ ]_w
[_w u p ɘ ʔ ɾ ɘ n ɘ ]_w
[_w i ʔ k i a ɾ ɘ ʔ ]_w
[_w m ɘ s i p a ]_w
[_w n ɘ ŋ w e a ɾ o ]_w
[_w e m ɘ n ɘ ]_w
[_w n ɘ w ɘ n ɘ ɾ ɘ ]_w
[_w ɘ ʔ w i ʔ j o ]_w
[_w w e a ɾ ɘ ʔ o ]_w
[_w ŋ w e a ŋ o ɘ ]_w
[_w j a ᵑɡ ɘ ʔ a ʔ ]_w
[_w x a n o ]_w
[_w a ŋ w ɘ ]_w
[_w a n ɘ ʔ n ɘ ]_w
[_w i n a n ɘ ]_w
[_w w i ʔ ɾ a ʔ ]_w
[_w n ɘ m i ɾ ɘ ]_w
[_w ⁿdz o n o j ɘ ]_w
[_w ɾ i w a ʔ j ɘ ʔ ]_w
[_w ɾ a ɾ ɘ n ɘ ɾ o ]_w
[_w o u ɾ a n ɘ ɾ o ]_w
[_w e ŋ ɘ ʔ j i m ɘ ]_w
[_w i w a ʔ j ɘ ʔ ]_w
[_w i k a n ɘ ŋ o ]_w
[_w s o j ɘ ]_w
[_w n i n ɘ ɾ a ]_w
[_w s a i ɾ a s o ]_w
[_w ŋ w ɘ ʔ a ʔ ]_w
[_w x ɘ ɾ ɘ ɾ o ʔ ]_w
[_w o u ɾ ɘ m ɘ ʔ ]_w
[_w o ɾ ɘ n ɘ ŋ i ʔ ]_w
[_w t ɘ ʔ ]_w
[_w m o ʔ p o j ɘ ]_w
[_w ŋ w a ʔ p ɘ ]_w
[_w w i a n ɘ ʔ n ɘ ]_w
[_w o ŋ w e a ʔ ]_w
[_w e n ɘ ʔ a ʔ p a ]_w
[_w ⁿd a ʔ n ɘ ]_w
[_w x a ʔ m ɘ n a ʔ ]_w
[_w e a ɾ ɘ ʔ n ɘ ʔ ]_w
[_w o s e a i p a ]_w
[_w m e m e a ʔ ]_w
[_w x ɘ ʔ i ʔ p a ]_w
[_w u m e ᵑɡ ɘ ʔ ]_w
[_w w e ʔ a ʔ p ɘ ]_w
[_w w a ʔ ɾ ɘ n ɘ ]_w
[_w e ŋ a ᵑɡ ɘ ʔ a ʔ ]_w
[_w a i w a ʔ m ɘ ʔ ]_w
[_w m ɘ x ɘ ɾ ɘ n ɘ ]_w
[_w a p ɘ ɾ ɘ ʔ j o ]_w
[_w o x ɘ ʔ ]_w
[_w n i a ɾ ɘ ʔ ]_w
[_w ɾ ɘ ᵑɡ ɘ ʔ e ]_w
[_w w i ʔ ɘ ʔ p ɘ ]_w
[_w e m ɘ m ɘ ŋ ɘ ʔ ]_w
[_w o n i n ɘ m ɘ ]_w
[_w n ɘ ɾ ɘ ɾ ɘ ]_w
[_w n a ʔ n ɘ ɾ ɘ ]_w
[_w o e n ɘ ɾ a n e ]_w
[_w e ʔ ɘ ʔ a ʔ m ɘ ]_w
[_w ŋ w ɘ ʔ j o ]_w
[_w a w a w i ]_w
[_w m ɘ n i n ɘ ɾ ɘ ]_w
[_w m a s ɘ t e ʔ ]_w
[_w s i s a o j a ʔ ]_w
[_w ʔ w ɘ ʔ ]_w
[_w n o s a x ɘ ʔ ]_w
[_w w i j ɘ ʔ a ʔ ]_w
[_w m ɘ n ɘ ɾ o ʔ a ]_w
[_w ɾ ɘ p ɘ k i ʔ a ]_w
[_w ŋ w e a ŋ ɘ ʔ ]_w
[_w m e ᵑɡ ɘ ʔ e ]_w
[_w n u m a ʔ n a ʔ ]_w
[_w ʔ ɾ ɘ p ɘ ʔ ɾ ɘ ]_w
[_w n i n a ɾ ɘ n ɘ ]_w
[_w u ɾ ɘ ʔ a ʔ j o ]_w
[_w m ɘ m a m o ɾ ɘ ]_w
[_w i k ɘ ŋ w ɘ ʔ ]_w
[_w w ɘ ɾ i ʔ m ɘ ]_w
[_w t ɘ ʔ ŋ i ʔ ]_w
[_w w i ʔ a ʔ p ɘ ]_w
[_w ʔ ⁿdz o n o ]_w
[_w m ɘ n ɘ ɾ i ]_w
[_w ŋ w ɘ ʔ a ʔ ɘ ]_w
[_w m ɘ s e a i n ɘ ]_w
[_w ɾ e a a ɾ ɘ n ɘ ]_w
[_w w e n ɘ ʔ a ]_w
[_w s e ʔ n o ]_w
[_w k a p a ʔ ]_w
[_w ɾ a ʔ n a ʔ ]_w
[_w s ɘ k w ɘ ʔ a ʔ ]_w
[_w n u ɾ ɘ m ɘ ]_w
[_w ʔ n i o n ɘ n ɘ ]_w
[_w p ɘ ɾ ɘ ŋ w ɘ ʔ ]_w
[_w s a ɾ ɘ p a ]_w
[_w p i a ʔ ]_w
[_w ᵐb ɘ ʔ p o ʔ ]_w
