[_w m u ɾ i n w ɨ ]_w
[_w n i p a tʃ i n ]_w
[_w k a t a p u n a ]_w
[_w m a ɾ a ɾ u ]_w
[_w w i ɾ i n ]_w
[_w w a p i ]_w
[_w p ɨ i ɾ i n ]_w
[_w n a p a n a p i ]_w
[_w p a a t u m a ]_w
[_w ɨ s a ɾ a m a ]_w
[_w ʃ a ɾ i n ]_w
[_w p a n ]_w
[_w n u j a w ɨ ]_w
[_w n a p i ɾ ɨ ]_w
[_w i m a k i ɾ a ]_w
[_w w a ʔ k i ]_w
[_w i m a i n a ]_w
[_w w a t ɨ ɾ i a ]_w
[_w k a n p u a ]_w
[_w tʃ i n t u w a ]_w
[_w a p ɾ a n k u ]_w
[_w n u n s a ɾ i n ]_w
[_w i t ɨ ɾ a w ɨ ]_w
[_w n a n i n tʃ i n ]_w
[_w n a i ]_w
[_w w i t a ]_w
[_w w i t a ɾ i n ]_w
[_w w a n ]_w
[_w u s a ɾ a ]_w
[_w i m a p i s u ʔ ]_w
[_w k ɨ m a p i ]_w
[_w k ɨ n p u a ]_w
[_w p ɨ i k ɨ ]_w
[_w n u t u ɾ u ]_w
[_w n u t u k u ]_w
[_w k a ɾ a ]_w
[_w i m a k ɨ ]_w
[_w w ɨ ʔ n i n s u ]_w
[_w w ɨ p i ]_w
[_w a k u k u ]_w
[_w i ɾ a k a ]_w
[_w a j a ɾ i ]_w
[_w k ɨ m a p i s u ]_w
[_w i m a s a ɾ u ]_w
[_w i n s i n a ]_w
[_w t a p i ]_w
[_w n i i k ɨ ]_w
[_w tʃ i n u t ɨ ɾ u ]_w
[_w u ɾ i n ]_w
[_w j a i ]_w
[_w i n a i tʃ i n ]_w
[_w n ɨ k u s u w ɨ ]_w
[_w j u n k i a t u ]_w
[_w n a t a ]_w
[_w n i s a ɾ i n ]_w
[_w n i n u ]_w
[_w a w a s u w ɨ ]_w
[_w i s a k u n ]_w
[_w k a t a w a k ɨ ]_w
[_w t a t a ]_w
[_w k ɨ t ɨ ɾ i n ]_w
[_w j u n k i ɾ a ]_w
[_w i n tʃ i n a n ]_w
[_w w i t u n w ɨ ]_w
[_w n a n s u n a ]_w
[_w w ɨ ɾ a w ɨ ]_w
[_w i s u i tʃ i n ]_w
[_w p i t a ]_w
[_w p a ʔ ]_w
[_w i s t i p a n i ]_w
[_w k ɨ w a n ]_w
[_w n a p u ]_w
[_w k a n a ɾ i n ]_w
[_w p u k u s u w ɨ ]_w
[_w w ɨ ɾ a m a ]_w
[_w j a s u ]_w
[_w k ɨ m a ]_w
[_w w a t a m a ]_w
[_w k i s u s u n a ]_w
[_w t a w ɨ ɾ i ]_w
[_w w ɨ n a i k ɨ ]_w
[_w i ɾ a ]_w
[_w k a n a k ɨ ]_w
[_w w a j a ɾ u ]_w
[_w a m i ]_w
[_w n a t ɨ a p i ]_w
[_w i n a ]_w
[_w k i s u s u k ɨ ]_w
[_w j a t a t u n ]_w
[_w i ɾ a n p u a ]_w
[_w w a j u ]_w
[_w ɾ u t a ]_w
[_w t ɨ n ]_w
[_w i n a ɾ ɨ ]_w
[_w k i j a ɾ i ]_w
[_w p a ʔ t u n ]_w
[_w t a m a ]_w
[_w k u p ɨ k ɨ ]_w
[_w n u n p i ]_w
[_w n i n i n s u ]_w
[_w p a w ɨ ɾ i ɾ ɨ ]_w
[_w t u m i u ]_w
[_w p i j a p i w ɨ ]_w
[_w n u ʃ a ]_w
[_w i n a s a ɾ i n ]_w
[_w k u s i s u ]_w
[_w n i ɾ i n w ɨ ]_w
[_w i t ɨ ɾ i n ]_w
[_w ʃ i t u k u ]_w
[_w n a t ɨ i n a ]_w
[_w m a t u p i ]_w
[_w w a n i n s u ]_w
[_w i n a t u n a ]_w
[_w n u t u n ]_w
[_w t ɾ i k u ]_w
[_w s a k a i w ɨ ]_w
[_w k i j a ]_w
[_w m a ɾ ɨ ʔ ]_w
[_w j a n a p i ]_w
[_w s a k ɨ ]_w
[_w i s ɨ k ɨ ]_w
[_w tʃ i m i p i ]_w
[_w p u s a ]_w
[_w m a ɾ ɨ t a ]_w
[_w w a s u ]_w
[_w a a ɾ a w ɨ ]_w
[_w u p i ]_w
[_w k ɨ t u p i ]_w
[_w p a tʃ i n ]_w
[_w n a w i n i n ]_w
[_w m i n s ɨ p i ]_w
[_w p i t u p i ]_w
[_w p a ʔ a ]_w
[_w u w i k a ɾ u ]_w
[_w u ʃ a n ɨ m a ]_w
[_w t i t u ]_w
[_w t u p i ]_w
[_w i n a n t a ]_w
[_w k u t i u ]_w
[_w n a t a n a ]_w
[_w i t u w a ɾ u ]_w
[_w a w ɨ p i s u ]_w
[_w k a s a ]_w
[_w tʃ a n a ]_w
[_w a s i a ɾ u ]_w
[_w w a ɾ i u ]_w
[_w s u ɾ u k ɨ ]_w
[_w k u t a s ɨ ]_w
[_w tʃ a tʃ i n t a ]_w
[_w w a k i ɾ a n ]_w
[_w n u ʔ p a k ɨ ]_w
[_w m i s ɨ ɾ a ]_w
[_w t u m a ]_w
[_w s i ɾ u ]_w
[_w p a t ɨ n ]_w
[_w k a n a n ]_w
[_w t u m a k ɨ ]_w
[_w u ʃ a w a n u ]_w
[_w k u n a ]_w
[_w m a n a ]_w
[_w m i s a k u i ]_w
[_w m a ɾ ɨ n t a ]_w
[_w n u s u ]_w
[_w m a ɾ ɨ s u ]_w
[_w n a t ɨ ɾ a ]_w
[_w i n a k ɨ n ]_w
[_w n i k a k ɨ ]_w
[_w n a n i n w ɨ ]_w
[_w i s u ɾ u ]_w
[_w u ʃ a n ɨ n ]_w
[_w tʃ i ɾ i n ]_w
[_w i w a n ]_w
[_w tʃ i n a w a n a ]_w
[_w k i j a n t a ]_w
[_w j u s ɨ n k ɨ ]_w
[_w k a m a i ɾ i n ]_w
[_w m a p i ɾ i ]_w
[_w u n p u ]_w
[_w n a t ɨ ɾ i n ]_w
[_w tʃ i n k ɨ ]_w
[_w k a p i t a s u ]_w
[_w k a w a ɾ a n i ]_w
[_w w a ʃ a ]_w
[_w tʃ i n t ɨ ɾ i n ]_w
[_w t a j u ɾ a ]_w
[_w j a n t a k ɨ ]_w
[_w j a n a t u n ]_w
[_w k a s a tʃ i n ]_w
[_w k a n k u ]_w
[_w s u p a i ]_w
[_w a k u p u k u ]_w
[_w k u i s ɨ s ɨ ]_w
[_w j a ʃ a ]_w
[_w k ɾ i k u k ɨ ]_w
[_w i n a t u ]_w
[_w p i n ]_w
[_w tʃ i n t ɨ ɾ a n ]_w
[_w p a a t u i ]_w
[_w p a n ɨ a ]_w
[_w n a n u ]_w
[_w i m a ɾ i ]_w
[_w i n a i ɾ a ]_w
[_w j u s ɨ i tʃ i n ]_w
[_w t ɨ n a m a s u ]_w
[_w w a k i ɾ a ]_w
[_w p a n ɨ ]_w
[_w s u a t ɨ ɾ u ]_w
[_w p i n i ɾ u ]_w
[_w k ɨ n t a ]_w
[_w i n ɨ ʃ i n ]_w
[_w n a n p a ɾ i n ]_w
[_w n i n a n ]_w
[_w a m ɨ n ]_w
[_w ʃ a ɾ i ]_w
[_w s a k u i ]_w
[_w w a t u n a ]_w
[_w tʃ i m i n ]_w
[_w a m a ]_w
[_w a ʔ n a n ]_w
[_w k ɨ t ɨ ɾ a ]_w
[_w m a w ɨ ]_w
[_w a ʔ n a p i t a ]_w
[_w p i n a ]_w
[_w m a t u n ]_w
[_w k ɨ m a ɾ i a ]_w
[_w p a t ɨ w a ]_w
[_w n a t ɨ t u n a ]_w
[_w ʃ i a ]_w
[_w n u m a n u t u ]_w
[_w u k u i p i ]_w
[_w j a n ]_w
[_w w ɨ k a i s u ]_w
[_w ʃ u n k a ]_w
[_w n i ʔ t ɨ ɾ i n ]_w
[_w n u n t ɨ ɾ a ]_w
[_w a k u ɾ a p i ]_w
[_w ɾ a m a k u i ]_w
[_w w ɨ n ʃ a ]_w
[_w p i ɾ a w ɨ ]_w
[_w u p a ]_w
[_w m a s a ɾ i a ]_w
[_w s u ɾ u i tʃ i n ]_w
[_w tʃ i n i ]_w
[_w p i ɾ a n ɨ n ]_w
[_w j a n a ]_w
[_w p a ʔ n i n ]_w
[_w m a ɾ i a ]_w
[_w n i n a k u w ɨ ]_w
[_w k ɨ ɾ a n ]_w
[_w p i k ɨ ]_w
[_w k a s a tʃ i n a ]_w
[_w k u s i ]_w
[_w w a n i ]_w
[_w p ɨ i n ɨ n ]_w
[_w n a ɾ i n ]_w
[_w i m a k a s u ]_w
[_w n a w ɨ s u ]_w
[_w u n p u k a s u ]_w
[_w w ɨ ɾ a t ɨ n ]_w
[_w p u a p i ]_w
[_w n i p i ]_w
[_w k u s t u ]_w
[_w i m a p u n ]_w
[_w w ɨ ʔ ɨ ɾ i n ]_w
[_w a n a k a s u ]_w
[_w k u n a ɾ a ]_w
[_w i u n t a ]_w
[_w n i n a ɾ a w ɨ ]_w
[_w n a n s ɨ ]_w
[_w p ɨ n ɨ n k ɨ ]_w
[_w a ʔ n a ]_w
[_w k ɨ m a u ɾ a ]_w
[_w a k u ɾ u k ɨ ]_w
[_w m u n t a ]_w
[_w p a s u ]_w
[_w a m a ʃ a ]_w
[_w s a m i ]_w
[_w i n u t u n u ]_w
[_w i m i ɾ a w ɨ ]_w
[_w j a n k u ]_w
[_w n i t u tʃ i ]_w
[_w k a n k i ɾ a ]_w
[_w i ɾ a t ɨ k ɨ n ]_w
[_w k a n p u a s u ]_w
[_w j u n k i a p i ]_w
[_w k u n i n ]_w
[_w a n p i t a ]_w
[_w k ɨ m a s u ]_w
[_w i n s u ]_w
[_w m i ɾ i n ]_w
[_w w a ɾ a n ]_w
[_w p i p i ]_w
[_w n i n u t ɨ ]_w
[_w k i j a u ɾ a ]_w
[_w k u ʃ i ]_w
[_w k a n a a n ]_w
[_w n i n i n ]_w
[_w n u k a n i n ]_w
[_w i p i k u i ]_w
[_w i n k i t a ]_w
[_w n a p i ]_w
[_w j a ʔ w ɨ a p i ]_w
[_w s i p a t a m a ]_w
[_w m a k a s u ]_w
[_w ɨ i n p u a ]_w
[_w tʃ i n i k ɨ ]_w
[_w j u s k u a ]_w
[_w n i n a i tʃ i n ]_w
[_w j u n k i a ]_w
[_w p i ɾ a m a ]_w
[_w ɨ i n a ]_w
[_w t ɾ u a s ɨ k u ]_w
[_w k ɨ n ]_w
[_w w ɨ n s ɨ a p i ]_w
[_w t ɨ n a m a w ɨ ]_w
[_w p i k u ]_w
[_w m a a w a ]_w
[_w i t u n ]_w
[_w w ɨ ɾ a ɾ i n ]_w
[_w n i n a w a ]_w
[_w j a n ɨ m a ]_w
[_w k a ɾ t a ɾ u ]_w
[_w n i n a ]_w
[_w tʃ i n a ]_w
[_w t ɾ u a s ɨ k ɨ ]_w
[_w p u ɾ a s u ]_w
[_w i n a w a s u ]_w
[_w w i ɾ a m a ]_w
[_w i p i k u ]_w
[_w a t ɨ ɾ a w ɨ ]_w
[_w k ɨ t u n ]_w
[_w a n u t a w a ]_w
[_w j a p a ]_w
[_w k ɨ ʃ i k u ]_w
[_w n i k a t u ]_w
[_w t a t a n ɨ m a ]_w
[_w t a n ]_w
[_w a n s i a n u ]_w
[_w w ɨ ɾ a i ]_w
[_w n a p u ɾ a m a ]_w
[_w n a n k ɨ m a ]_w
[_w w ɨ ʃ i ɾ a w ɨ ]_w
[_w s a ɾ m u ]_w
[_w m a p i w ɨ ]_w
[_w n a p u a t u n ]_w
[_w t a s a ]_w
[_w ʃ u n k i k u ]_w
[_w w i ɾ i n w ɨ ]_w
[_w m u ɾ a w ɨ ]_w
[_w t u n a ]_w
[_w k i ɾ a ]_w
[_w m a n ɨ s u ]_w
[_w w i k a ]_w
[_w u k a i s u ]_w
[_w u ɾ a w ɨ ]_w
[_w k a t a w ɨ ]_w
[_w w ɨ ɾ a m a w ɨ ]_w
[_w p a k u ]_w
[_w k u t u k u ]_w
[_w w a n i p i ɾ i ]_w
[_w u ʃ a n ɨ w ɨ ]_w
[_w k ɨ m a p i a ]_w
[_w k ɨ a ɾ i n s u ]_w
[_w n u j a s u ]_w
[_w n a p u a p i ]_w
[_w n i p i ɾ u ]_w
[_w m i s ɨ ɾ i ]_w
[_w i m a ɾ i a ]_w
[_w k u a k i n ]_w
[_w k ɨ t a k a s u ]_w
[_w i n a u ɾ a ]_w
[_w m a w a tʃ i n ]_w
[_w k a n t a ɾ a ]_w
[_w n u n ɨ n ]_w
[_w tʃ i n t a ɾ a i ]_w
[_w tʃ i n u t u n ]_w
[_w p a i a ɾ a i ]_w
[_w k a n p u ]_w
[_w p i ɾ a i a s ɨ ]_w
[_w w a j u n p i ]_w
[_w a n ɨ n a w ɨ ]_w
[_w k ɨ m a ɾ i n ]_w
[_w w a t ɨ ɾ ɨ s u ]_w
[_w w a j a k ɨ ]_w
[_w k a n k a ]_w
[_w p ɨ t u ]_w
[_w u n i s i a ]_w
[_w a n s u ]_w
[_w m a k u ]_w
[_w w a n i ɾ i ]_w
[_w m a ʔ ʃ a ]_w
[_w n a s a ɾ u n ]_w
[_w k a k u n k u ]_w
[_w a m u s ɨ ]_w
[_w p a w a tʃ i ]_w
[_w m u t u p i ]_w
[_w a m a t u n ]_w
[_w tʃ i n t a ]_w
[_w a n k u ]_w
[_w t a ʃ i ]_w
[_w i m a i n ]_w
[_w a p ɾ a n k a n ]_w
[_w p ɨ i ɾ u ]_w
[_w t ɨ ɾ i n ]_w
[_w m a ʔ s u n a ]_w
[_w n ɨ a ɾ a m a ]_w
[_w p a t u p i ]_w
[_w s a p i w ɨ ]_w
[_w n i n ɨ m a ]_w
[_w k ɨ ɾ i n ]_w
[_w j a t a ɾ a m a ]_w
[_w i n k a ]_w
[_w n a t ɨ ɾ ɨ s u ]_w
[_w n u j a ]_w
[_w p i tʃ i ]_w
[_w i n t a ]_w
[_w s i ɾ a ]_w
[_w n u m a k ɨ ʔ ]_w
[_w u ɾ a i tʃ i n ]_w
[_w p a i j a ]_w
[_w k u m u ɾ a ]_w
[_w m a ɾ t a ]_w
[_w t ɨ k ɨ ]_w
[_w p u ɾ i n ]_w
[_w s a k u k a s u ]_w
[_w k a t a w a k u ]_w
[_w ʃ a t ɨ n ]_w
[_w p u ɾ a ]_w
[_w k a ɾ ɨ ]_w
[_w p a s t u k u ]_w
[_w m a m a ]_w
[_w n a n i n ]_w
[_w p a k a ]_w
[_w w ɨ n a i ]_w
[_w k u m u ɾ a w ɨ ]_w
[_w w a n i p i ɾ u ]_w
[_w m u k a ]_w
[_w i m a s a ɾ i a ]_w
[_w s ɨ t a t u n a ]_w
[_w i m u t i u ɾ u ]_w
[_w w a n i a s ɨ ]_w
[_w k ɨ a ɾ i n ]_w
[_w n u n a k a ]_w
[_w ɾ i n k u ]_w
[_w a p a ɾ ɨ ]_w
[_w k ɨ w a ɾ i w a ]_w
[_w s a k a ]_w
[_w k ɨ t u k u ]_w
[_w w a t u n ]_w
[_w u k u i ɾ u ]_w
[_w w a n t u p i ]_w
[_w ʃ u n k a j a ]_w
[_w k a t u m a ]_w
[_w p i s u ]_w
[_w ʃ a n t a ]_w
[_w w a t a k a s u ]_w
[_w i n s ɨ ɾ i ]_w
[_w a k ɨ j a ]_w
[_w n u n p i n ]_w
[_w tʃ i n ɨ w a ]_w
[_w t ɨ p a k ɨ ]_w
[_w a n p u a ]_w
[_w t u s a ɾ i n ]_w
[_w i n a i ]_w
[_w i j a ]_w
[_w n i n u t a p i ]_w
[_w s ɨ ʔ k ɨ ɾ i n ]_w
[_w k a t a w a ]_w
[_w i n i ]_w
[_w n a ɾ a ]_w
[_w k a n t a ]_w
[_w p a t a m a ]_w
[_w t ɨ p a t u n ]_w
[_w a n ɨ n p i ]_w
[_w m u ɾ i n i ]_w
[_w s u n u ]_w
[_w i tʃ i w a ]_w
[_w a ʔ n a s u ʔ ]_w
[_w w i ɾ a p i ]_w
[_w t a w a ]_w
[_w k u s u w ɨ ]_w
[_w p a u n u s u ]_w
[_w i n a k ɨ ]_w
[_w w a j a ]_w
[_w k i ɾ i n ]_w
[_w j a n p i ]_w
[_w m u t u p i s u ]_w
[_w a t ɨ ɾ a p i ]_w
[_w a n i ]_w
[_w k a p i p i ]_w
[_w t a p a ɾ u ]_w
[_w k u n a m a ]_w
[_w i p i k a s u ]_w
[_w k u n a s ɨ ]_w
[_w w i p i s u k ɨ ]_w
[_w p i t ɾ u ]_w
[_w t u w a ]_w
[_w w i t a t a ]_w
[_w n i ʔ t u n ]_w
[_w w ɨ w a t a ]_w
[_w n u m a n u ]_w
[_w p a t u i ]_w
[_w w i n s u ]_w
[_w p u n i ɾ a ]_w
[_w k a t a w a t u ]_w
[_w a s a p i ]_w
[_w i n a t u n ]_w
[_w j a ɾ a n ]_w
[_w i j a p i ɾ ɨ ]_w
[_w i n a w ɨ ]_w
[_w k ɨ n a n p i ]_w
[_w m a n ɨ ]_w
[_w n a k ɨ s u w ɨ ]_w
[_w n a ɾ i n a ]_w
[_w s a w ɨ n k ɨ ]_w
[_w n u i ]_w
[_w k u ɾ t a n i n ]_w
[_w w i tʃ i n ]_w
[_w a p i n w ɨ ]_w
[_w s a w a s u ]_w
[_w p a p u n ]_w
[_w a k u ɾ a n t a ]_w
[_w n i n ɨ n ]_w
[_w p a t u n ]_w
[_w tʃ a tʃ i n ]_w
[_w m a n ɨ w ɨ ]_w
[_w t a w ɨ ]_w
[_w j a n i n ]_w
[_w k u ɾ t u ]_w
[_w a w ɨ k a p u ]_w
[_w i ɾ i ]_w
[_w p i t u ]_w
[_w i t a ɾ ɨ ]_w
[_w s a p i ]_w
[_w n i n k u ]_w
[_w a j a ɾ i n ]_w
[_w a m a t u ]_w
[_w k ɨ t a ɾ a n ]_w
[_w ɨ k a i s u ]_w
[_w i m a ɾ a ]_w
[_w i p ɾ a i n ]_w
[_w n i ɾ i ]_w
[_w tʃ i n i k ɨ n ]_w
[_w ɨ k a m a ]_w
[_w n i p i ɾ i ]_w
[_w n i t u t u k u ]_w
[_w n i ʔ p i a n ]_w
[_w i p i ]_w
[_w j a n ɨ n t a ]_w
[_w t u k u ]_w
[_w k ɨ p a p i s u ]_w
[_w k u ɾ u ]_w
[_w u k a s u i ]_w
[_w t u n u ]_w
[_w p a tʃ i n a ]_w
[_w i m a t u m a ]_w
[_w i n u k u ]_w
[_w j u s ɨ ɾ i ]_w
[_w n a t ɨ k u ]_w
[_w s a p a t ɨ k u ]_w
[_w tʃ i n i n w ɨ ]_w
[_w n a t ɨ a k ɨ ]_w
[_w n a p u u n i n ]_w
[_w m a ɾ a ]_w
[_w p u j a ]_w
[_w i p i ɾ a w ɨ ]_w
[_w a p a k a s u ]_w
[_w i m a ɾ i n ]_w
[_w p i tʃ i n k ɨ ]_w
[_w n a k a p a ]_w
[_w i n s i n a i ]_w
[_w a i p i ɾ a m a ]_w
[_w m i n s ɨ ɾ i n ]_w
[_w w i t a k a s u ]_w
[_w n a w a n ]_w
[_w p i j a p i ɾ u ]_w
[_w m ɨ t ɨ ]_w
[_w n u n t ɨ k ɨ ]_w
[_w w i t i i p i ]_w
[_w w ɨ k a p u ]_w
[_w i ɾ i s i ɾ a i ]_w
[_w n i n u p i s u ]_w
[_w k a n p i ]_w
[_w p i m u ]_w
[_w p a t a ]_w
[_w s a ɾ a w ɨ ]_w
[_w ɨ p i ]_w
[_w ɨ t a ]_w
[_w i n k ɨ m a ]_w
[_w s i t u n a ]_w
[_w m a k ɨ n ]_w
[_w a w ɨ a p u n ]_w
[_w i j a ɾ u ]_w
[_w n a t ɨ ɾ a i ]_w
[_w n i k a s u ]_w
[_w s a ɾ i n ]_w
[_w p i n k ɨ n ]_w
[_w n a w ɨ ]_w
[_w n u p i ]_w
[_w w a t u ]_w
[_w w a i n ]_w
[_w w a t ɨ ]_w
[_w j a m u ɾ a ]_w
[_w n i p a t a m a ]_w
[_w m a t i u ]_w
[_w n a t ɨ k ɨ ]_w
[_w n a t a i n a ]_w
[_w m u t ɨ ɾ i n ]_w
[_w p i n ɨ n k ɨ ]_w
[_w w i t u p i ]_w
[_w n i m i ɾ i k i ]_w
[_w u n p u p i ]_w
[_w a k u p u i ]_w
[_w n i t u t a ]_w
[_w p i ʔ i k ɨ ]_w
[_w n u n ɨ w a ]_w
[_w u ʃ a w a n i n ]_w
[_w tʃ i n t a ɾ i ]_w
[_w n i ʃ a ]_w
[_w j a t ɨ ]_w
[_w k u a ɾ t u k ɨ ]_w
[_w n ɨ p ɨ ]_w
[_w ɨ ɾ i n ]_w
[_w i t u n t a p i ]_w
[_w ɨ k ɨ ]_w
[_w a p i a ]_w
[_w k a n k i p i ]_w
[_w w a i s u ]_w
[_w p a k ɨ ]_w
[_w a ɾ u ]_w
[_w s u t u m a ]_w
[_w a m ɨ n k ɨ ]_w
[_w s a k a i s u ]_w
[_w p i t u i ɾ u ]_w
[_w i m a k i ɾ i n ]_w
[_w s a k a t ɨ k u ]_w
[_w i k i ɾ a ]_w
[_w k i ɾ i k i ]_w
[_w n i p a ]_w
[_w m a p i s u ]_w
[_w m a ɾ ɨ w ɨ ]_w
[_w i t i i ɾ i n ]_w
[_w i t ɨ ɾ a ɾ i n ]_w
[_w n i a n t a ]_w
[_w n a j a ]_w
[_w p a ɾ a p i ]_w
[_w a w a ɾ i n s u ]_w
[_w n i p u n ]_w
[_w a k u a ɾ ɨ ]_w
[_w a k u ɾ ɨ ]_w
[_w t ɨ w a k a s u ]_w
[_w s ɨ k ɨ ]_w
[_w s a n a p i ]_w
[_w w ɨ n t a ]_w
[_w i s a i ]_w
[_w m a n u ɾ u ]_w
[_w k ɨ p a k ɨ ]_w
[_w a n ɨ n ]_w
[_w t ɾ u p i m u ]_w
[_w t ɨ ɾ ɨ w a ]_w
[_w w a ʔ a n ]_w
[_w i s a p i ]_w
[_w p a u n u k u ]_w
[_w n i w i ]_w
[_w s a w ɨ n i k a ]_w
[_w p a ɾ i n w ɨ ]_w
[_w tʃ i s t u ɾ u ]_w
[_w i m a t u p i ]_w
[_w m u ɾ ɨ s u ]_w
[_w p i n t ɨ ɾ i n ]_w
[_w s ɨ w ɨ n ]_w
[_w k ɨ t u n a ]_w
[_w a k u ɾ u s ɨ ]_w
[_w a n k ɨ n ]_w
[_w t ɨ w a ɾ i n ]_w
[_w k a p u ]_w
[_w p a ɾ ɨ ]_w
[_w k i s i ]_w
[_w k i k u ]_w
[_w m a n a m a ]_w
[_w n u t u n a ]_w
[_w w a n t a ]_w
[_w n i ɾ i n ]_w
[_w p a i ɾ i n ]_w
[_w n i n a n u ]_w
[_w s ɨ t a p i ]_w
[_w s a n t u n ]_w
[_w n a p u ɾ u ]_w
[_w u ɾ a i n ]_w
[_w k u n a i ]_w
[_w i n u t ɨ ɾ i n ]_w
[_w n a m a ]_w
[_w j u n a w ɨ ]_w
[_w m a ɾ ɨ a tʃ i n ]_w
[_w i t u m a ]_w
[_w t a w ɨ ɾ i ɾ a ]_w
[_w a n k ɨ n i ɾ i ]_w
[_w s u a t a ɾ i n ]_w
[_w t a p i ɾ a w ɨ ]_w
[_w tʃ i n k ɨ n ]_w
[_w n a n i ]_w
[_w t ɨ w a ]_w
[_w n a ɾ u ]_w
[_w t u ɾ u n u ]_w
[_w ɨ s a p i ]_w
[_w n u ʔ t ɨ k ɨ ]_w
[_w i s ɾ a i ɾ u ]_w
[_w i j a ʃ a ]_w
[_w a n k ɨ ]_w
[_w a w ɨ ɾ i n s u ]_w
[_w s a p u ]_w
[_w k a t u ]_w
[_w t ɨ n a w ɨ ]_w
[_w a k i ɾ i n s u ]_w
[_w i i n k u ]_w
[_w w a i n s u ]_w
[_w s a n t u n k u ]_w
[_w k u n k u ]_w
[_w t a t u n a ]_w
[_w m a ɾ i n w ɨ ]_w
[_w m i ɾ i n w ɨ ]_w
[_w k ɨ p a n a ]_w
[_w i p u ɾ a p i ]_w
[_w w i t a ɾ ɨ ]_w
[_w s a t u k u ]_w
[_w w i n p i ]_w
[_w s u t u p i ]_w
[_w i p i ɾ a ]_w
[_w n a n p i ]_w
[_w i t ɨ ɾ a n ]_w
[_w tʃ i n i a s ɨ ]_w
[_w a ɾ u s ɨ ]_w
[_w p a ɾ a ɾ u ]_w
[_w s a ɾ i ]_w
[_w i n t u p i ]_w
[_w s a w a t u ɾ u ]_w
[_w n u n s a i ]_w
[_w u t ɨ ɨ ɾ i n ]_w
[_w w a j a ɾ i p u ]_w
[_w k a i s u ]_w
[_w k u p i s u ]_w
[_w i m a t u n a ]_w
[_w s a t ɨ ɾ ɨ ]_w
[_w i n a p a n a ]_w
[_w s a ɾ a m a ]_w
[_w n a t ɨ ɾ a n ]_w
[_w w i p i s u ʔ ]_w
[_w n a k ɨ n ]_w
[_w t a n a t u n a ]_w
[_w k u n a t u n ]_w
[_w t u ɾ u ]_w
[_w tʃ i m i n ɨ n ]_w
[_w u w a k a ɾ a ]_w
[_w i n a p i t a ]_w
[_w k ɨ m a k ɨ ]_w
[_w n u n a t u n a ]_w
[_w w ɨ n t u ]_w
[_w m a k a m a s u ]_w
[_w p i ɾ i n ]_w
[_w n a i tʃ i n ]_w
[_w i n a s u w ɨ ]_w
[_w tʃ i n t a ɾ a n ]_w
[_w n i tʃ a ]_w
[_w n a ɾ a m a k u ]_w
[_w u k u i ɾ i n ]_w
[_w m a m a n ʃ i ]_w
[_w a n i t ɨ ]_w
[_w w i n k a m i n ]_w
[_w p i a n i n w ɨ ]_w
[_w j a n p u a ]_w
[_w i j a ɾ i p u ]_w
[_w i m a t u ]_w
[_w s a p i t a ]_w
[_w w i n a ]_w
[_w i n a w a ɾ i u ]_w
[_w n a ʔ k u n ]_w
[_w p a ɾ t i ]_w
[_w n a t ɨ k a s u ]_w
[_w a k u a ]_w
[_w a i p i ɾ u ]_w
[_w k ɨ t a p i ]_w
[_w s a ʔ i n ]_w
[_w j a ʔ k u n i n ]_w
[_w s a n a p i n ]_w
[_w n i n i n p u a ]_w
[_w i s ɾ u m u n ]_w
[_w p a i m a ɾ i n ]_w
[_w j a n u ]_w
[_w w ɨ k a t u n ]_w
[_w p ɨ ɾ a ɾ i n ]_w
[_w w i t ɨ ɾ i n ]_w
[_w i n a k a p u n ]_w
[_w j a n ɨ n ]_w
[_w k ɨ m a p i w ɨ ]_w
[_w j a t a ɾ i ]_w
[_w n i k a t u n ]_w
[_w ʃ a ɾ u ]_w
[_w t a p a p i ]_w
[_w p i n i ]_w
[_w p a i n k ɨ n ]_w
[_w n i n a w a n a ]_w
[_w w ɨ w a n u ]_w
[_w p a n i n ]_w
[_w t a w ɨ ɾ i j a ]_w
[_w p u w a t a m a ]_w
[_w p a ʔ p i ]_w
[_w m a t u n a ]_w
[_w i n a w a n ]_w
[_w s a m u i ɾ u ]_w
[_w i p i k a ]_w
[_w i n a s u ʔ ]_w
[_w m u t u ]_w
[_w j a ʔ w ɨ ɾ i n ]_w
[_w m a t a t u n ]_w
[_w n a p u p i ]_w
[_w n u n t a ]_w
[_w ʃ a tʃ a ]_w
[_w k u s i a s ɨ ]_w
[_w w a ɾ ɨ ʔ ]_w
[_w w a ʔ w a ʃ a ]_w
[_w n i t a ɾ i ]_w
[_w w i t a ɾ a i ]_w
[_w p a a ɾ i n ]_w
[_w w a p u n ]_w
[_w s a n t u n k ɨ ]_w
[_w i m a k a ]_w
[_w tʃ i n i n ]_w
[_w t a p u n ]_w
[_w t a n a n ]_w
[_w i s m a i ɾ u ]_w
[_w n a p u ɾ a ]_w
[_w a ɾ p i u ]_w
[_w tʃ i n a w ɨ s u ]_w
[_w i n a ɾ a w ɨ ]_w
[_w w a t a p i ɾ i ]_w
[_w n i n a n t a ʔ ]_w
[_w a w ɨ ɾ i ]_w
[_w m a ɾ ɨ ]_w
[_w s a w a t u i ]_w
[_w i n a k a i ]_w
[_w a ʔ ʃ i n s u ]_w
[_w m a k a ]_w
[_w n i p u ɾ a w ɨ ]_w
[_w m a ɾ a m a ]_w
[_w j u n k i ɾ ɨ ]_w
[_w p i n u ɾ i n ]_w
[_w i t ɨ ɾ i tʃ u ]_w
[_w n i k ɨ ɾ a n ]_w
[_w i s u w ɨ ]_w
[_w n u j a p i w ɨ ]_w
[_w t a t u n ]_w
[_w k u s i n ]_w
[_w n i n a w a n ]_w
[_w p a t a n a n u ]_w
[_w p i t a n u n ]_w
[_w n a n a m a s u ]_w
[_w m a n i n ]_w
[_w w ɨ n s ɨ k ɨ ]_w
[_w s a i k ɨ ]_w
[_w n u n t u k u ]_w
[_w n u n tʃ i n ]_w
[_w w i t u n i n ]_w
[_w i n a ɾ ɨ w a ]_w
[_w w a s u k u ]_w
[_w n a ʔ a ]_w
[_w w ɨ n u ]_w
[_w t a t a w a n u ]_w
[_w i k ɨ ]_w
[_w u s i a s ɨ ]_w
[_w t ɨ n i n s u ]_w
[_w a w a tʃ i n ]_w
[_w i t u n a ]_w
[_w s u n u k u ]_w
[_w n a t ɨ ɾ ɨ w a ]_w
[_w t ɨ p a p i s u ]_w
[_w p u k a s u ]_w
[_w i ɾ i s ɨ ]_w
[_w n u j a w a ]_w
[_w k a s u ]_w
[_w n i s a ɾ a w ɨ ]_w
[_w n i n a ɾ i n ]_w
[_w i n t a ɾ a w ɨ ]_w
[_w w i t a w a ]_w
[_w n i n ɨ ]_w
[_w n a m a s u ]_w
[_w n u n p i n a n ]_w
[_w p a w ɨ ɾ i ]_w
[_w i m a p i a ]_w
[_w n i k a t ɨ w a ]_w
[_w w a ɾ i n ]_w
[_w s a u n u k u ʔ ]_w
[_w k a t a p u n ]_w
[_w m a m a w ɨ ]_w
[_w a t a n t a p i ]_w
[_w ɨ p u n a ]_w
[_w k a p a ]_w
[_w n i k u s u w ɨ ]_w
[_w w a p u n a ]_w
[_w i p a ]_w
[_w u s a ɾ i n ]_w
[_w k a n tʃ i ]_w
[_w n a k ɨ m a w ɨ ]_w
[_w n u j a t u p i ]_w
[_w s a w ɨ ]_w
[_w w a n u ]_w
[_w p ɨ n ɨ n a w ɨ ]_w
[_w k u t u n ]_w
[_w i n k i t u k ɨ ]_w
[_w k a n a w ɨ ]_w
[_w tʃ i m i ɾ i u ]_w
[_w w ɨ ɾ u ]_w
[_w t u n ]_w
[_w w i t i i ɾ i n ]_w
[_w n u j a tʃ i n ]_w
[_w m i s a k u n ]_w
[_w t ɨ n i n ]_w
[_w u n i a n ]_w
[_w i s t i p a n ]_w
[_w p i a n ]_w
[_w i m a t ɨ w a ]_w
[_w tʃ i m i i n ]_w
[_w p a j a ]_w
[_w i n i a s ɨ ]_w
[_w n i k u n i n ]_w
[_w i s t i p a n u ]_w
[_w tʃ i n p i w ɨ ]_w
[_w j a ʔ n a k ɨ ]_w
[_w a k ɨ ɾ i n ]_w
[_w p a n k a n ]_w
[_w k a ɾ a ɾ a w ɨ ]_w
[_w tʃ i n k u ]_w
[_w w i t a p u ]_w
[_w ʃ i n s u ]_w
[_w k a n i u ]_w
[_w p a k a s u ]_w
[_w p i n ɨ n ]_w
[_w a n k ɨ m a ]_w
[_w i n s u n ]_w
[_w k u ʃ a tʃ i n ]_w
[_w w i t ɨ ɾ a n ]_w
[_w s a u n u ɾ i n ]_w
[_w i n a n ]_w
[_w p u p i ]_w
[_w j a n i tʃ a ]_w
[_w i j a ɾ i ]_w
[_w p i p i k a s u ]_w
[_w k a k u p u ]_w
[_w i n t u w a ɾ u ]_w
[_w m u ɾ a i n ]_w
[_w i s u n a ]_w
[_w s a k a t u n ]_w
[_w i j a w ɨ ]_w
[_w a p i a ɾ a w ɨ ]_w
[_w a tʃ i n ]_w
[_w m i n k a ]_w
[_w n i j a ]_w
[_w n a k ɨ n p u a ]_w
[_w i t u u n p i ]_w
[_w n u j a tʃ i ]_w
[_w i ɾ a t u m a ]_w
[_w k u ʃ i ɾ u ]_w
[_w w a n k u n p i ]_w
[_w ʃ u n k i p i ]_w
[_w p a t ɨ i ɾ a ]_w
[_w p i a k u ]_w
[_w m u ɾ a ]_w
[_w k ɨ t u m a ]_w
[_w m i s a ]_w
[_w i n a p i ɾ a i ]_w
[_w i t u p i s u ]_w
[_w p a n k a n ɨ n ]_w
[_w tʃ i m i ɾ i k a ]_w
[_w i m i n a ]_w
[_w n i ʔ n i n ]_w
[_w k i ɾ i t a ]_w
[_w a p i ɾ a p i ]_w
[_w n a n p i s u ]_w
[_w n a p u ɾ a w ɨ ]_w
[_w k ɨ t ɨ k ɨ ]_w
[_w m a ɾ k a ]_w
[_w a k ɨ t ɨ ]_w
[_w tʃ i n t ɨ ɾ a i ]_w
[_w w ɨ k ɨ ]_w
[_w k u a n a ]_w
[_w m a ɾ k u ]_w
[_w m a ɾ i n ]_w
[_w w ɨ ɾ i n ]_w
[_w t a n i n ]_w
[_w k ɨ s a p i w ɨ ]_w
[_w a p i w ɨ ]_w
[_w t a n u ]_w
[_w m a i s t ɾ u ]_w
[_w m a ɾ ɨ w a ]_w
[_w a k a s u ]_w
[_w i ɾ u t i a s a ]_w
[_w tʃ i n u t u k u ]_w
[_w k ɨ n i n w ɨ ]_w
[_w j u n k i k a ]_w
[_w p i t u p i s u ]_w
[_w t a n a n s u ]_w
[_w k u n ]_w
[_w m u ɾ u ]_w
[_w p ɨ i ]_w
[_w k a j u ]_w
[_w n u w i t u n ]_w
[_w p u ɾ a w ɨ ]_w
[_w a n t a ]_w
[_w t i t u n ]_w
[_w a ʔ n a j a ]_w
[_w i n k a ɾ i ]_w
[_w k u p u ]_w
[_w n a n a m a ]_w
[_w k i ɾ i k a ]_w
[_w ʃ u t ɨ ɾ i n ]_w
[_w n i k a t u p i ]_w
[_w k a n p i a p i ]_w
[_w a t a ]_w
[_w t a ʃ i ɾ ɨ ]_w
[_w a p i a ɾ i n ]_w
[_w p u ɾ a m a ]_w
[_w n i k a k ɨ n ]_w
[_w a ɾ a ]_w
[_w p i j a p a ]_w
[_w m i n i n ɨ n ]_w
[_w ʃ i w a ɾ i n ]_w
[_w u s a p i w ɨ ]_w
[_w n a ɾ a i ]_w
[_w n i t u tʃ i i ]_w
[_w s a k a t ɨ ɾ a ]_w
[_w n ɨ ɾ a p u ]_w
[_w s a n ɨ n ]_w
[_w a p a ɾ i n ]_w
[_w k u s u n a ]_w
[_w n u ʔ p a ʔ ]_w
[_w i m i ɾ i t u ]_w
[_w a n u ]_w
[_w i n k ɨ ]_w
[_w u ʃ a n ɨ n a ]_w
[_w i t a w a ]_w
[_w a p i ɾ ɨ ]_w
[_w j a w a ]_w
[_w i s u ]_w
[_w a p ɾ a a n ]_w
[_w w i n u s u ]_w
[_w a p i n a ]_w
[_w tʃ i s t u k ɨ ]_w
[_w t a t a w a ]_w
[_w a n ɨ n i ]_w
[_w i n t u n ]_w
[_w k ɨ m a w ɨ ]_w
[_w i n a tʃ a ]_w
[_w i n t a p i ]_w
[_w a p i ɾ a w ɨ ]_w
[_w t a n a ɾ a n i ]_w
[_w tʃ i n a w ɨ ]_w
[_w s ɨ t a k a s u ]_w
[_w w i ɾ i n tʃ i ]_w
[_w j u s ɨ s u ]_w
[_w i t ɨ k ɨ n ]_w
[_w i n a ɾ a ɾ i n ]_w
[_w n a n k ɨ n ]_w
[_w n ɨ p u n a ]_w
[_w w ɨ n t u n k ɨ ]_w
[_w p ɨ n ɨ n t a ]_w
[_w w ɨ k a s u ]_w
[_w k u m i s i u ]_w
[_w m i t ɾ u n ]_w
[_w tʃ i n a i ɾ a ]_w
[_w s a n k ɨ n ]_w
[_w k u ʃ a t a p i ]_w
[_w p u u s u ]_w
[_w m a p i ɾ i n ]_w
[_w p i j a p i ɾ i ]_w
[_w w a n t ɨ ]_w
[_w p i w ɨ ]_w
[_w u ɾ i p u s ɨ ]_w
[_w ɨ ɾ a w ɨ ]_w
[_w p i tʃ i n ]_w
[_w s u p u ɾ u t a ]_w
[_w t u i ]_w
[_w n a n tʃ a k ɨ ]_w
[_w n u n t u p i ]_w
[_w s i m a n a ]_w
[_w a j a ɾ i p u ]_w
[_w a n ɨ ]_w
[_w a ʔ n a ɾ a ]_w
[_w p a ɾ i n ]_w
[_w k u p i k ɨ ]_w
[_w p i p i p i ]_w
[_w m u ɾ a p i k u ]_w
[_w i m i ɾ i n k u ]_w
[_w tʃ i n u t u n a ]_w
[_w a p i u ]_w
[_w w ɨ ɾ i n s u ]_w
[_w i s a u ]_w
[_w i n a tʃ a tʃ i n ]_w
[_w m u k a s u ]_w
[_w t ɨ p a p i ]_w
[_w k u a n ʃ a ɾ i ]_w
[_w n i p u n a ]_w
[_w n i s a ɾ ɨ w a ]_w
[_w t ɨ p a ɾ a p i ]_w
[_w t a n i a ]_w
[_w u ʃ a w a n i ]_w
[_w w ɨ k u s u w ɨ ]_w
[_w j u s ɨ k ɨ ɾ ɨ ]_w
[_w t a ɾ i n ]_w
[_w i p u ɾ a w ɨ ]_w
[_w s u n a ]_w
[_w n i n k ɨ ]_w
[_w a t ɨ ɾ ɨ w a ]_w
[_w k u n a ɾ a w ɨ ]_w
[_w s ɨ t a t u n ]_w
[_w k ɨ t a ɾ i n ]_w
[_w t a p i s u ]_w
[_w s i ɾ i n ]_w
[_w t a w ɨ ɾ i n ]_w
[_w i n a ɾ a ]_w
[_w w a ɾ a n i ]_w
[_w t ɨ ɾ a ]_w
[_w p a k a i s u ]_w
[_w n a p u ɾ u ʔ ]_w
[_w n a n u k ɨ ]_w
[_w a n a ]_w
[_w n a n a n ]_w
[_w j u n k u ]_w
[_w n i n a w ɨ ]_w
[_w t ɨ p a ]_w
[_w a ɾ i n ]_w
[_w n a k a p u ]_w
[_w j u n s a i ]_w
[_w n u n t ɨ ɾ i n ]_w
[_w n a t a n ɨ m a ]_w
[_w w ɨ p i k ɨ ]_w
[_w i j a w ɨ ʔ ]_w
[_w j a n ɨ w ɨ ]_w
[_w i n a s u ]_w
[_w n i s a p i ]_w
[_w n a p u i n ]_w
[_w i tʃ i w ɨ ]_w
[_w w a j u n k i a ]_w
[_w p a a k a i s u ]_w
[_w k u a ɾ ɨ ]_w
[_w ʃ i n i ]_w
[_w ʃ i t ɨ ɾ i tʃ u ]_w
[_w n ɨ i ]_w
[_w k ɨ n a n k ɨ n ]_w
[_w p i t ɾ u ɾ i ]_w
[_w m u ɾ a s u ʔ ]_w
[_w k ɨ n a n k ɨ ]_w
[_w w a ɾ u ]_w
[_w a n a t u n ]_w
[_w n u tʃ i n ]_w
[_w i m a ɾ a ɾ u ]_w
[_w p i ʃ a ]_w
[_w n u j a p i k u ]_w
[_w i m a ɾ ɨ t a ]_w
[_w tʃ i n a ɾ i ]_w
[_w i i n i ]_w
[_w a w ɨ ɾ i ɾ ɨ ]_w
[_w n ɨ a ɾ a i ]_w
[_w n a k u w ɨ ]_w
[_w j a k a s u ]_w
[_w t ɨ n ɨ w a ]_w
[_w ʃ i t ɨ ]_w
[_w j a n a p i a ]_w
[_w s a ɾ i a ]_w
[_w p a u t i s ɨ ]_w
[_w n ɨ ɾ i n ]_w
[_w i n a k u ]_w
[_w p a i k a s u ]_w
[_w i m a t u n ]_w
[_w n a k u i ]_w
[_w t ɨ ɾ a n ]_w
[_w i n k i ɾ a ]_w
[_w n i t u t ɨ k ɨ ]_w
[_w w a j u i n a ]_w
[_w k ɨ ɾ a u n t a ]_w
[_w n a n i n ɨ w a ]_w
[_w m u ʃ a p i ]_w
[_w ɨ k u ]_w
[_w m a s a ɾ i n ]_w
[_w n ɨ n k ɨ ]_w
[_w i j a p i ]_w
[_w ʃ i n a ]_w
[_w i t ɨ k ɨ ]_w
[_w n i t u t u ɾ u ]_w
[_w k a n i n ]_w
[_w tʃ i n u tʃ i n ]_w
[_w i s u p i t a ]_w
[_w w i t u k u ]_w
[_w s ɨ k ɨ ɾ ɨ ʔ ]_w
[_w w ɨ n t u n ]_w
[_w k ɨ m a p i ɾ i ]_w
[_w j u n u ]_w
[_w k ɨ t u m a s ɨ ]_w
[_w u w a k a ]_w
[_w n a p u t u p i ]_w
[_w p a i a ɾ i n ]_w
[_w s a ɾ i a s u ]_w
[_w k ɨ t ɨ ɾ a m a ]_w
[_w p ɾ a t a ]_w
[_w m a t a ɾ i n ]_w
[_w n a p u ɾ u s ɨ ]_w
[_w n a n tʃ a ]_w
[_w j a n k ɨ m a ]_w
[_w i m a w a tʃ i n ]_w
[_w n a ɾ ɨ ]_w
[_w a i n ɨ n ]_w
[_w w ɨ ɾ a n ]_w
[_w s a ɾ i n w ɨ ]_w
[_w s a p u ɾ u ʔ ]_w
[_w k u n a s u ʔ ]_w
[_w i n u t u n ɨ n ]_w
[_w s a ɾ a tʃ i n a ]_w
[_w i t a p i ]_w
[_w n a ʔ p i n ]_w
[_w k ɨ ɾ a n t a ]_w
[_w m a i n ]_w
[_w p a a n t a ʔ ]_w
[_w a k ɨ t ɨ ɾ a ]_w
[_w m a w a ]_w
[_w m ɨ a n a k ɨ ]_w
[_w tʃ i n a ɾ a k ɨ ]_w
[_w s a t ɨ ]_w
[_w a p a t ɨ ɾ a i ]_w
[_w m i ɾ i a ]_w
[_w w ɨ n s ɨ k ɨ n ]_w
[_w w a ɾ a ]_w
[_w i p i ɾ i ]_w
[_w n u n t a ɾ a i ]_w
[_w k i t i u n u ]_w
[_w s a w a t u n ]_w
[_w p i p i a p i ]_w
[_w m a ʃ u ]_w
[_w i t ɨ ɾ a ]_w
[_w k a p i t a ]_w
[_w p a t u n a ]_w
[_w j a j a ]_w
[_w p a ʔ t ɨ ɾ i n ]_w
[_w a n t u ]_w
[_w t a ʃ i t a ]_w
[_w w ɨ k a k a s u ]_w
[_w ɨ s a p i w ɨ ]_w
[_w t u s a ɾ a m a ]_w
[_w u ʃ a w a n a ]_w
[_w k a n i u ɾ i ]_w
[_w i m u t i u ]_w
[_w ɨ ɾ ɨ ]_w
[_w k a n p i ɾ i ]_w
[_w m a n t a ]_w
[_w i n t ɨ ɾ i tʃ u ]_w
[_w w ɨ k a ]_w
[_w j a n a m a s u ]_w
[_w i n a p i s u ]_w
[_w a p u ]_w
[_w i t a ɾ a m a ]_w
[_w u w a n t a ]_w
[_w n a p i n w ɨ ]_w
[_w ʃ u n k i ]_w
[_w a tʃ i n a ]_w
[_w n a j a n ]_w
[_w n a t a n p u a ]_w
[_w k u i s ɨ ɾ i ]_w
[_w s a ɾ u ]_w
[_w n a k u n ]_w
[_w m u ɾ ɨ ]_w
[_w k ɨ k u ]_w
[_w u ʃ a k ɨ ɾ a n ]_w
[_w t ɨ ɾ a w ɨ ]_w
[_w ɨ ɾ i w a ]_w
[_w u ʃ a w a n a i ]_w
[_w w ɨ k a t u j a ]_w
[_w u w i k a i s u ]_w
[_w s ɨ t a ]_w
[_w k a ɾ a j a ]_w
[_w s i p a t a ]_w
[_w u p a t a m a ]_w
[_w k u ɾ n i t a ]_w
[_w k u n a s u ]_w
[_w tʃ i n t ɨ k ɨ ]_w
[_w n a s i t a ]_w
[_w tʃ i m i ɾ a w ɨ ]_w
[_w tʃ i n u t a p i ]_w
[_w m a ɾ a w ɨ ]_w
[_w a p ɾ a n ]_w
[_w tʃ i n t ɨ ]_w
[_w i n a w a ]_w
[_w n a ɾ a n ]_w
[_w t a t a n k u ]_w
[_w n a ɾ u i tʃ i n ]_w
[_w i ɾ i s i u ]_w
[_w s u m a ɾ a w ɨ ]_w
[_w n u n p i w ɨ ]_w
[_w k a n tʃ i n ]_w
[_w k ɨ n a n ]_w
[_w u ʃ a w a n ]_w
[_w k a i ɾ i n ]_w
[_w i m a k u ]_w
[_w w ɨ ɾ a t ɨ k ɨ ]_w
[_w t ɨ n a i ]_w
[_w w a n i k ɨ ]_w
[_w a s i a ]_w
[_w t ɨ p a k u ]_w
[_w p ɨ t u p i ]_w
[_w p i k u i ]_w
[_w s i ɾ i p a n ]_w
[_w ʃ i t ɨ ɾ a w ɨ ]_w
[_w t a p a ɾ i n ]_w
[_w k a n k a n ɨ n ]_w
[_w p a a t u n a ]_w
[_w k u n p i n a ]_w
[_w w ɨ w a n ]_w
[_w i ɾ a n ]_w
[_w t a n a ɾ i ]_w
[_w s i n i u ɾ i n ]_w
[_w n i w i ɾ i ]_w
[_w p i ʔ i p i ]_w
[_w w i ɾ i tʃ i n ]_w
[_w p i t p a k i ]_w
[_w n a t ɨ t u m a ]_w
[_w k ɨ t u n k ɨ ]_w
[_w s a s u ]_w
[_w k a p u n ]_w
[_w a n a t u ]_w
[_w n i ɾ a ]_w
[_w p a p u n a ]_w
[_w s u n u n t a ]_w
[_w k ɨ ɾ a n s u ʔ ]_w
[_w p i s u ʔ ]_w
[_w t a p a n u ]_w
[_w k a t a ɾ a w ɨ ]_w
[_w j u n k i k u ]_w
[_w n a t ɨ t u i ]_w
[_w k a ɾ a i ]_w
[_w p i n u p i ]_w
[_w tʃ i p ɾ i k ɨ ]_w
[_w p ɨ i k ɨ n ]_w
[_w m a ɾ a i ]_w
[_w i n s ɨ ɾ i n ]_w
[_w n i k a t u n a ]_w
[_w i n t a ɾ u ]_w
[_w i s u s u k u ]_w
[_w t a n a m ɨ w ɨ ]_w
[_w tʃ i m i ɾ i n ]_w
[_w t a ʔ a ɾ i n ]_w
[_w i s u s u s u ]_w
[_w n u n k u ]_w
[_w p a t a k ɨ ]_w
[_w w a t a ]_w
[_w u k u w a ]_w
[_w s a n a p i t a ]_w
[_w k a n k u n i n ]_w
[_w u k u i ]_w
[_w n i a ]_w
[_w s u p a i ɾ u ]_w
[_w ʃ i n k ɨ n ]_w
[_w t a ʃ i ɾ a j a ]_w
[_w a n u t u w a ]_w
[_w a n a n ]_w
[_w j u n a ɾ i ]_w
[_w n u s u ɾ i ]_w
[_w n ɨ w a s u w ɨ ]_w
[_w m u ɾ ɨ w a ]_w
[_w m a t a t u n a ]_w
[_w w a n a i ]_w
[_w i m a k i ɾ u ]_w
[_w p i ɾ i n k u ]_w
[_w k ɨ t ɨ ]_w
[_w t u p a t ɨ ]_w
[_w n u n i n ]_w
[_w p i ɾ a t u p i ]_w
[_w k u i ɾ u ]_w
[_w p u a ]_w
[_w a n u j a s u ]_w
[_w ɨ s a ɾ i n ]_w
[_w i n a k a s u ]_w
[_w n i p u ɾ a ]_w
[_w j a ʔ i p i ]_w
[_w i n u t a p i ]_w
[_w i m u ɾ u ɨ n ]_w
[_w p a u n u ɾ i ]_w
[_w ʃ a n ɨ w ɨ i ]_w
[_w k u n a ɾ i n ]_w
[_w a k u t u n u ]_w
[_w w i ʃ i n ]_w
[_w w a t a p i k u ]_w
[_w s a m a ɾ a j a ]_w
[_w t a ʔ t u n ]_w
[_w a n u t a p i ]_w
[_w n u n a w ɨ ]_w
[_w n i p a t a k ɨ ]_w
[_w i t ɨ ɾ i ]_w
[_w p a u n u k u ʔ ]_w
[_w p u k u ]_w
[_w n u n t ɨ ɾ a n ]_w
[_w k u n p i n ]_w
[_w m u n t ɨ n ]_w
[_w n a n k ɨ ]_w
[_w u ʃ a w a n t a ]_w
[_w n a n i a ]_w
[_w n i t u t u p i ]_w
[_w t a p a n a t u ]_w
[_w w a n i n ]_w
[_w w i n u ]_w
[_w m i n k ɨ n ]_w
[_w p a n k a ]_w
[_w i ɾ i a s u ]_w
[_w k ɨ p a ɾ a ]_w
[_w j a ʔ k a ɾ i ]_w
[_w n u ɾ i n ]_w
[_w p a t a ɾ a i ]_w
[_w p ɨ n ɨ i n a ]_w
[_w tʃ i n t u n ]_w
[_w n u n a n ]_w
[_w p a t u ]_w
[_w w ɨ ɾ i ]_w
[_w i m u j a ]_w
[_w a n a w ɨ ]_w
[_w n i p i a p i ]_w
[_w k u i ]_w
[_w p i ɾ n u ]_w
[_w n i k ɨ n t a ]_w
[_w w a tʃ i ]_w
[_w m a p a t a n ]_w
[_w a n u j a ]_w
[_w j a n k ɨ ]_w
[_w s i ɾ i s i a ]_w
[_w n i ʔ t u p i ]_w
[_w n a t ɨ ɾ ɨ ]_w
[_w p i ʔ i ]_w
[_w i n ɨ ]_w
[_w k a t u ɾ u ]_w
[_w n i t a k a s u ]_w
[_w j a t ɨ ɾ ɨ w a ]_w
[_w k a t u n ]_w
[_w n i p a tʃ i n a ]_w
[_w s a u n u k ɨ ]_w
[_w p a p i w ɨ ]_w
[_w n i n a m a w ɨ ]_w
[_w w i ɾ i n k ɨ ]_w
[_w k a ɾ a ɾ u ]_w
[_w n u t ɨ ɾ u ]_w
[_w k a n i k ɨ n ]_w
[_w k ɨ j u ɾ u ]_w
[_w k i ɾ i n s u ]_w
[_w t a n a ]_w
[_w s i m u n ]_w
[_w p i a ɾ u ]_w
[_w n a j a ɾ i ]_w
[_w n ɨ w a ]_w
[_w s a m a ɾ i a ]_w
[_w n i n s u ]_w
[_w a w a ]_w
[_w p ɨ n k ɨ ]_w
[_w n a n i a ɾ i n ]_w
[_w k a n k a n a ]_w
[_w a n ɨ n a ]_w
[_w i n s u a ɾ i ]_w
[_w a k u k a s u ]_w
[_w tʃ i n t a p i ]_w
[_w k a ɾ i w a ]_w
[_w w a t ɨ ɾ i s u ]_w
[_w k a t a ɾ i n ]_w
[_w a n a n i ɾ i u ]_w
[_w t ɨ n a m a ]_w
[_w n ɨ w a s u ]_w
[_w a k u ɾ i n a ]_w
[_w s u ɾ u ]_w
[_w n a t ɨ ɾ a w ɨ ]_w
[_w u n p u ɾ ɨ w a ]_w
[_w k a ɾ a t u k u ]_w
[_w m i n s ɨ ]_w
[_w p a p i s u ]_w
[_w ɨ i n p u a s u ]_w
[_w k a n p u a ɾ a ]_w
[_w s i ɾ i a ]_w
[_w p a t u p i ɾ a ]_w
[_w a ɾ u s ɨ k ɨ ]_w
[_w k ɨ p a ]_w
[_w k i ɾ u ]_w
[_w n a p u ɾ i n ]_w
[_w a n k ɨ n i ɾ u ]_w
[_w tʃ i n p i ]_w
[_w w a t ɨ ɾ a ]_w
[_w k a p a ɾ i n ]_w
[_w n u n ɨ n a w ɨ ]_w
[_w p i ɾ a ]_w
[_w w i w i t u n a ]_w
[_w w ɨ ɾ a n s u ]_w
[_w n i u n t a ]_w
[_w p i ɾ a t u ɾ u ]_w
[_w t a p a n a p i ]_w
[_w n a n a w a ]_w
[_w u n i s i m u n ]_w
[_w w ɨ n s ɨ ]_w
[_w t a ʔ t u p i ]_w
[_w j a t a k a s u ]_w
[_w w ɨ ʔ n i n ]_w
[_w p a i n k ɨ ]_w
[_w j a ʔ n a j a ]_w
[_w a k a j a ]_w
[_w p a n t a ]_w
[_w s i n a ]_w
[_w a k u p u ]_w
[_w i t u n w ɨ ]_w
[_w a n u w i t ɨ ]_w
[_w w ɨ n t u p i ]_w
[_w n u a ɾ i ]_w
[_w n i i n ]_w
[_w k u n p a ]_w
[_w a p i ɾ u ]_w
[_w m a ʔ t a n a n ]_w
[_w n a k ɨ ]_w
[_w u a n a ]_w
[_w p a ɾ a w ɨ ]_w
[_w k ɨ s a ɾ a n ]_w
[_w ɨ s a ɾ a n ]_w
[_w n u j a k u i ]_w
[_w i t u n k ɨ ]_w
[_w t ɨ p a t u p i ]_w
[_w n u w a n t u ]_w
[_w a ɾ t a ɾ u ]_w
[_w i t a n i ]_w
[_w n i p i s u ]_w
[_w i s p i ɾ i n ]_w
[_w n i n a ɾ a m a ]_w
[_w ʃ u n k i k a ]_w
[_w m a ʃ u k u ɾ u ]_w
[_w n a t ɨ t ɨ w a ]_w
[_w t ɨ p a ɾ a m a ]_w
[_w w a ɾ ɨ ]_w
[_w t i p i ɾ u ]_w
[_w n i t u tʃ i n ]_w
[_w i n a p i ]_w
[_w w ɨ k u ]_w
[_w a j a ɾ i n t a ]_w
[_w u w a n a ]_w
[_w i n u t u ]_w
[_w n i ʔ k ɨ ]_w
[_w u ʃ a k a s u ]_w
[_w p a t a w a ]_w
[_w i ɾ u t i s ɨ ]_w
[_w t a ʃ i ɾ a w ɨ ]_w
[_w t i a n a ]_w
[_w tʃ i n u t u n u ]_w
[_w k a i w ɨ ]_w
[_w p a ɾ a m a k u ]_w
[_w a n ɨ n p u a ]_w
[_w p a i ɾ i n s u ]_w
[_w k a ɾ i t a ]_w
[_w k ɨ t ɨ ɾ a n ]_w
[_w j a k i ɾ a ]_w
[_w i p i j a ]_w
[_w w i n k a ɾ a ]_w
[_w w ɨ ɾ ɨ w a ]_w
[_w m a t u ]_w
[_w k ɨ w a ɾ ɨ ]_w
[_w w a i ɾ i n ]_w
[_w s u n t a ]_w
[_w n i t ɨ ɾ a w ɨ ]_w
[_w n a t a n ɨ n ]_w
[_w i p i ɾ i a ]_w
[_w p ɨ n ɨ n p u a ]_w
[_w p i ɾ a j a ]_w
[_w t a j u ɾ i n ]_w
[_w a s i ɾ i n s u ]_w
[_w w a n t a t u n ]_w
[_w k a n a p i s u ]_w
[_w n a m a w ɨ ]_w
[_w a p a tʃ i ]_w
[_w n a t ɨ ]_w
[_w w ɨ n a i n ɨ n ]_w
[_w p i ɾ i ]_w
[_w i n a w a n a ]_w
[_w n a w a ]_w
[_w t a ʃ i n ]_w
[_w m a ɾ i n t a ]_w
[_w w ɨ n s ɨ k u ]_w
[_w w a ʔ n a ]_w
[_w n u n ɨ n p u a ]_w
[_w k ɨ ɾ a n s u ]_w
[_w k i ɾ i t u k u ]_w
[_w a p i n i ]_w
[_w k u t a ]_w
[_w p u n i s i a ]_w
[_w u n p u ɾ u ]_w
[_w a n p u a ɾ a ]_w
[_w t ɨ k ɨ n ]_w
[_w n a ɾ a k ɨ ]_w
[_w s a ɾ a i tʃ i n ]_w
[_w s i p i t ɨ ɾ a ]_w
[_w i t u n p i ]_w
[_w j u n k i ]_w
[_w s a m i ɾ ɨ ]_w
[_w u ɾ ɨ ]_w
[_w m a k a t u ɾ u ]_w
[_w p a w a tʃ i n a ]_w
[_w n a k u ]_w
[_w t i k i k u ]_w
[_w i t ɨ ɾ i n s u ]_w
[_w w i ɾ a ɾ i n ]_w
[_w k a ɾ a ɾ i n ]_w
[_w n a k ɨ n t a ]_w
[_w m u ɾ i n s u ]_w
[_w j a t a t u m a ]_w
[_w p a a t u n ]_w
[_w a j a t a ]_w
[_w n i n a k u ]_w
[_w w a n t ɨ n ]_w
[_w p ɨ n ɨ n a ]_w
[_w m a k a t u n a ]_w
[_w p i n u ɾ i ]_w
[_w k ɾ i s t u k u ]_w
[_w m a ɾ a n i ]_w
[_w i n k i t u k u ]_w
[_w u w i k a ]_w
[_w a w a n a ]_w
[_w a w a n t a k ɨ ]_w
[_w j a n a m a ]_w
[_w k i j a w ɨ ʔ ]_w
[_w p a s a ]_w
[_w n a s u n k ɨ ]_w
[_w n i ʔ k ɨ ʔ ]_w
[_w u ɾ u ]_w
[_w i m u t ɨ n ]_w
[_w k i j a s u ]_w
[_w k ɨ p a ɾ a ɾ u ]_w
[_w i ʔ ʃ a ]_w
[_w a w ɨ p i ]_w
[_w p ɨ n k u ]_w
[_w i n a ɾ i ]_w
[_w p i ɾ i a s u ]_w
[_w n u a ɾ i w a ]_w
[_w s a n t u n t a ]_w
[_w s a ɾ i s i u ]_w
[_w p i j a p i ]_w
[_w s a p u ɾ u ]_w
[_w w a n i ɾ i n ]_w
[_w w i ɾ i ]_w
[_w n i n i n s u ʔ ]_w
[_w k ɨ w a n ɨ ]_w
[_w p i ʃ a tʃ i n ]_w
[_w a k a p u ]_w
[_w k ɨ n a n a p i ]_w
[_w ɨ k a s u ]_w
[_w n i k a ]_w
[_w k u a n ʃ a s u ]_w
[_w p a a k ɨ j a ]_w
[_w u n p u ɾ u p i ]_w
[_w i n a s u n u ]_w
[_w m a s a p i ]_w
[_w a w a n a n u n ]_w
[_w k u ɾ i k i ]_w
[_w p a i k ɨ ]_w
[_w k a ɾ i ]_w
[_w s a m a ɾ a m a ]_w
[_w s i t u n k ɨ ]_w
[_w n i p i k a ]_w
[_w s a n u ]_w
[_w i n k a ɾ a ]_w
[_w p a ɾ a m a ]_w
[_w w a t a t u n ]_w
[_w n u s u ɾ u ]_w
[_w i t ɨ ɾ a i ]_w
[_w p i ɾ i a ]_w
[_w n i p i k ɨ ]_w
[_w n i n u p i ]_w
[_w j a ɾ a n i n ]_w
[_w i t u p i ]_w
[_w n u s u ɾ u k u ]_w
[_w i n s ɨ p i ]_w
[_w a k ɨ ]_w
[_w n i n u i ʔ ]_w
[_w k a t a p i ]_w
[_w s a m a ɾ a n ]_w
[_w a n a w a ]_w
[_w a j a ]_w
[_w n a n a m ɨ a ]_w
[_w i k i ɾ a n ]_w
[_w m u n t ɨ ɾ a i ]_w
[_w t a s u ]_w
[_w w i p i ]_w
[_w a k u ɾ i ]_w
[_w n a n ]_w
[_w n ɨ n k ɨ n ]_w
[_w n i k a w a s u ]_w
[_w p a n ɨ n ]_w
[_w p i p i k a ]_w
[_w t a n t a ]_w
[_w a w i ɾ i n ]_w
[_w s a n s u ]_w
[_w n a t ɨ t u ]_w
[_w m a t a w a ]_w
[_w k a n p u a w ɨ ]_w
[_w p i p i ɾ a ]_w
[_w j a m u ɾ a i n ]_w
[_w n u n tʃ i n a ]_w
[_w t u s a ɾ a w ɨ ]_w
[_w a w a s u ]_w
[_w j a t a ]_w
[_w a k a p a ɾ ɨ ]_w
[_w a p u ɾ a s u ]_w
[_w n u j a ɾ u ]_w
[_w m a n u t u n ]_w
[_w tʃ i m i n a k u ]_w
[_w n i p i ɾ a ]_w
[_w i p i ɾ u ]_w
[_w n i i n a ]_w
[_w ɨ s a ɾ u m u n ]_w
[_w a k ɨ n s u ]_w
[_w k u a ɾ a ]_w
[_w n i k u ]_w
[_w n i n k ɨ n ]_w
[_w n i i t u n ]_w
[_w m u ɾ s a k ɨ ]_w
[_w m a t a t u ]_w
[_w s a ɾ a m a k u ]_w
[_w s a n p u a s u ]_w
[_w k a n a p i ]_w
[_w s a w ɨ n i ]_w
[_w m a k ɨ ʔ ]_w
[_w j a n a w ɨ ]_w
[_w ɾ i n p u a s u ]_w
[_w ʃ a k ɨ ]_w
[_w m a k u n k u ]_w
[_w a w ɨ a t u n a ]_w
[_w t a ɾ i n k u ]_w
[_w n u ɾ a p i ]_w
[_w s a ɾ i n k u ]_w
[_w n a n i n k ɨ ]_w
[_w k ɾ i s t u s u ]_w
[_w n a n t ɨ n ]_w
[_w s u p u ɾ i n ]_w
[_w w a n a ]_w
[_w p i n t a ]_w
[_w k u n a m a s u ]_w
[_w k a n k u n a ]_w
[_w k u ʃ a ɾ u ]_w
[_w i m a ɾ ɨ w ɨ ]_w
[_w k ɨ j u ɾ u n ]_w
[_w u ʃ a w a n t u ]_w
[_w a ʔ p a k ɨ s u ]_w
[_w n u ɾ i ]_w
[_w s a n t a tʃ a ]_w
[_w t ɨ ɾ a p i ]_w
[_w s a n t a ]_w
[_w p i t a n u ]_w
[_w n i n a ɾ a ]_w
[_w m u a p u ]_w
[_w p a i ɾ a ]_w
[_w n i n i n ɨ ]_w
[_w i p u ɾ a s u ]_w
[_w n a k i ɾ i t a ]_w
[_w t ɨ n t a ]_w
[_w s a u n u s u ʔ ]_w
[_w s i ɾ a s ɨ ]_w
[_w t a w ɨ ɾ i ɾ ɨ ]_w
[_w tʃ i n t u p i ]_w
[_w n a s a tʃ i n ]_w
[_w k ɨ t a ɾ a w ɨ ]_w
[_w n i ʔ n a p i ]_w
[_w w i ɾ ɨ ]_w
[_w k u n p i ]_w
[_w p i ɾ a i ]_w
[_w s ɨ t u p i ]_w
[_w p i a ɾ a i ]_w
[_w i n tʃ a ]_w
[_w ɾ i n p u a ]_w
[_w n a k u ɾ u ]_w
[_w n i n a w a s u ]_w
[_w ɨ s a ɾ u ]_w
[_w i m a p i ɾ u ]_w
[_w ʃ i n ]_w
[_w i i n k ɨ n ]_w
[_w i m a k i k u i ]_w
[_w w ɨ ʃ i ɾ a i ]_w
[_w k a k ɨ ]_w
[_w s a ɾ a n ]_w
[_w n u n s a i k ɨ ]_w
[_w i t a ɾ a w ɨ ]_w
[_w s a ʔ i n s u ]_w
[_w p i p i ɾ u k ɨ ]_w
[_w ɨ s a p i t a ]_w
[_w m u i ɾ i n ]_w
[_w j u s ɨ ]_w
[_w w a ɾ a w ɨ ]_w
[_w j u n k i ɾ i n ]_w
[_w n a n a w ɨ p i ]_w
[_w k a u ɾ a ]_w
[_w n u n t ɨ ɾ i a ]_w
[_w p i j a ]_w
[_w i m a p i s u ]_w
[_w w i k u s u w ɨ ]_w
[_w s ɨ n a n ]_w
[_w t ɨ p a t u ]_w
[_w k ɨ ɾ a n k u ]_w
[_w t a ʃ i n a ]_w
[_w i t a t a ]_w
[_w p i ɾ a n ]_w
[_w s a p i ɾ u ]_w
[_w t i p i ɾ a n ]_w
[_w m a n t a ʔ ]_w
[_w p a ʔ j a n i n ]_w
[_w w a k ɨ ]_w
[_w n a n i k ɨ n ]_w
[_w k u i s ɨ k ɨ n ]_w
[_w m i ɾ i t u k u ]_w
[_w a k a ɾ u ]_w
[_w u k a s u ]_w
[_w n a t a n k u ]_w
[_w k a ɾ i n ]_w
[_w n a n i n k u ]_w
[_w a k ɨ j a w ɨ ]_w
[_w p a n p i ]_w
[_w u n p u t a ]_w
[_w j a m a ]_w
[_w u n i a n t a ]_w
[_w p a t ɾ u n ]_w
[_w m u ʃ a p i s u ]_w
[_w n i t u t a p i ]_w
[_w k i s u s u ɾ ɨ ]_w
[_w i p u ɾ a s u ʔ ]_w
[_w n a k a i s u ]_w
[_w w a ɾ a j a ]_w
[_w u n p u ɾ u ʔ ]_w
[_w n a n a n k u ]_w
[_w n i n u t u n ]_w
[_w a n a n u ]_w
[_w tʃ i m i n i n ]_w
[_w m a n a i ]_w
[_w i tʃ i j a ]_w
[_w tʃ i m i n i ]_w
[_w n u k a n a ]_w
[_w ɨ k a ]_w
[_w j a n k ɨ n ]_w
[_w t ɨ p a ɾ i n ]_w
[_w n a n a w ɨ ]_w
[_w i n k a ɾ i w a ]_w
[_w i n t u n k u ]_w
[_w ʃ a n ɨ m a ]_w
[_w a w ɨ n i ]_w
[_w n i n ʃ i t a ]_w
[_w k u ʃ a tʃ i n a ]_w
[_w a p u ɾ i n ]_w
[_w a w ɨ a p i ]_w
[_w k u t ɨ ɾ i n ]_w
[_w k ɨ p a ɾ a n i ]_w
[_w u ʃ a k ɨ ]_w
[_w p a t u m a w ɨ ]_w
[_w p a t a ɾ a w ɨ ]_w
[_w n i t ɨ ]_w
[_w j a n a m ɨ w ɨ ]_w
[_w i n k i ɾ a n ]_w
[_w n a i n ɨ n ]_w
[_w p a w a tʃ i n ]_w
[_w s i n i u ɾ i ]_w
[_w n a n a n k ɨ ]_w
[_w i n a p i a ]_w
[_w i j a ɾ i n ]_w
[_w u ʃ a n ɨ n t a ]_w
[_w n a ɾ a ɾ i n ]_w
[_w i n k ɨ n i ]_w
[_w j a ʔ w ɨ p i ]_w
[_w n i n a m a s u ]_w
[_w p i t ɾ u s u ]_w
[_w n i s a ɾ i w a ]_w
[_w n i s a ɾ ɨ w ɨ ]_w
[_w n a t ɨ t a p i ]_w
[_w k a n k u t ɨ ]_w
[_w k i s u s u ɾ u ]_w
[_w j a p i ɾ u ]_w
[_w s a n a p i s u ]_w
[_w k ɨ t ɨ ɾ a i ]_w
[_w i k i p i ]_w
[_w i m a p i ]_w
[_w i n s u ʔ ]_w
[_w p i k a ]_w
[_w s ɨ k ɨ n ]_w
[_w a k u ɾ i n ]_w
[_w s a n t u k u ]_w
[_w n i n a n u ɾ u ]_w
[_w a w ɨ ]_w
[_w p a n ɨ w ɨ ]_w
[_w p ɨ n ɨ n k ɨ n ]_w
[_w a w ɨ n ]_w
[_w m u ʃ a k a s u ]_w
[_w i s ɾ u m u ]_w
[_w k ɨ w a i ]_w
[_w j a ɾ i ]_w
[_w i t u p i k ɨ ]_w
[_w s i t u n p u ]_w
[_w m i n s ɨ k ɨ ]_w
[_w n u w a n a ɾ i ]_w
[_w tʃ i n a ɾ ɨ ]_w
[_w n u n t i i p i ]_w
[_w n u n t ɨ ]_w
[_w w a n a ɾ i ]_w
[_w n a t a n a p i ]_w
[_w p i n t ɨ k ɨ ]_w
[_w a w ɨ p i w ɨ ]_w
[_w p i j a p i k u ]_w
[_w k ɨ w a ʃ i n ]_w
[_w m a p a tʃ i n ]_w
[_w k u i s ɨ ]_w
[_w a n t u ɾ i ]_w
[_w n u s i u ]_w
[_w n i k a j a ]_w
[_w j a ɾ i n ]_w
[_w t a n a n s ɨ ]_w
[_w k a n t a ɾ i n ]_w
[_w s u p i t a ]_w
[_w n a t a n ]_w
[_w m a ɾ i n s u ]_w
[_w k a t i n a k u ]_w
[_w a n a n k ɨ n ]_w
[_w p ɾ i s i u n ]_w
[_w n u w a n a ]_w
[_w k a t a w ɨ ɾ ɨ ]_w
[_w p i p i a ɾ u ]_w
[_w n a t ɨ p i w ɨ ]_w
[_w n i p u ɾ a n ]_w
[_w i t a p u n ]_w
[_w a s ɨ ]_w
[_w k a w a ɾ a n ]_w
[_w i n t ɨ k ɨ ]_w
[_w a j a t ɨ ɾ a ]_w
[_w t u s a p i ]_w
[_w k u n a t u m a ]_w
[_w k a t u n a ]_w
[_w s i m u ]_w
[_w i n i m i k u ]_w
[_w w i t u n a ]_w
[_w j a ʔ w ɨ i n a ]_w
[_w n i k a s u i ]_w
[_w n ɨ s u ]_w
[_w s a u n u ]_w
[_w a p ɾ a n i ]_w
[_w n a n s u ]_w
[_w n u n ɨ n a ]_w
[_w n a n p i ɾ i n ]_w
[_w t ɨ ɾ i ]_w
[_w t ɨ ɾ ɨ ]_w
[_w n i k a w a ɾ a ]_w
[_w w ɨ ɾ u n ]_w
[_w ʃ i p i ɾ i a ]_w
[_w a k u p i t a ]_w
[_w n a k i ɾ u ]_w
[_w p a t a ɾ i n ]_w
[_w i t i u ]_w
[_w t a t a n a ]_w
[_w m u ɾ i n k u ]_w
[_w i i n ]_w
[_w j a ʔ n a p i ]_w
[_w k ɨ m a n t a ]_w
[_w s u p a i ɾ i n ]_w
[_w a i p i ɾ a ]_w
[_w m u t ɨ n ]_w
[_w n a t a n p i ]_w
[_w w i t a ɾ a w ɨ ]_w
[_w u w a n t ɨ n ]_w
[_w ʃ a n ɨ n p i ]_w
[_w n u w i t a ]_w
[_w m u a p i ]_w
[_w a s u ]_w
[_w p ɨ n ]_w
[_w a w ɨ ɾ i n ]_w
[_w p a p i ]_w
[_w s a n t u ]_w
[_w a i p i ɾ i n ]_w
[_w m a s a ɾ u n ]_w
[_w p a t ɨ ɾ i tʃ u ]_w
[_w tʃ i p ɾ i ]_w
[_w i ɾ i s i u n ]_w
[_w t a n a m a w ɨ ]_w
[_w n a n p i ɾ i ]_w
[_w s a ʔ i n ɨ ]_w
[_w n u n t a t u n ]_w
[_w a w ɨ a t u n ]_w
[_w s ɨ t ɨ ɾ ɨ w a ]_w
[_w t a p u n a w ɨ ]_w
[_w u w a k a ɾ u ]_w
[_w i n a s u n k ɨ ]_w
[_w tʃ i n u t u p i ]_w
[_w p u ɾ i n w ɨ ]_w
[_w k ɨ t u m a k ɨ ]_w
[_w p a u n u s u ʔ ]_w
[_w k ɨ p a ɾ a w ɨ ]_w
[_w k ɨ j u ɾ u n u ]_w
[_w a k u ɾ u ]_w
[_w s ɨ n a n ɨ w ɨ ]_w
[_w a k u p i ɾ n u ]_w
[_w s i n i u ɾ u ]_w
[_w n i p i ɾ i n ]_w
[_w p ɨ n ɨ n i ]_w
[_w j a p a ɾ i n ]_w
[_w u ɾ i n w ɨ ]_w
[_w i m i n ɨ w a ]_w
[_w k a w a ɾ u ]_w
[_w w i ɾ a ]_w
[_w i m u j a ɾ u ]_w
[_w a w ɨ k a i s u ]_w
[_w j a n i ]_w
[_w a n p u a w ɨ ]_w
[_w n a n a m ɨ n ]_w
[_w k ɨ p a k u ]_w
[_w n i n i n ɨ n ]_w
[_w n i n p u a ]_w
[_w s a ɾ ɨ m u n ]_w
[_w i s a k u k u ]_w
[_w p i t a n ]_w
[_w a k u a n a ]_w
[_w k a n i u ɾ u ]_w
[_w w a ɾ a m a ]_w
[_w n a k a s u ]_w
[_w t ɨ p a ɾ a w ɨ ]_w
[_w s i ɾ i p a ]_w
[_w i n p ɾ i a t u ]_w
[_w k a n p u a ɾ i ]_w
[_w i m i n a p i ]_w
[_w p i a p i ]_w
[_w p a ɾ a n ɨ n a ]_w
[_w n a p u ɾ a p i ]_w
[_w s u m a ɾ a m u ]_w
[_w t a p u n w ɨ ]_w
[_w j a ʔ n a n ]_w
[_w j u s ɨ ɾ i n ]_w
[_w u k u i k a ]_w
[_w w ɨ t u p i ]_w
[_w i s u s u ]_w
[_w k ɾ i s t u ɾ u ]_w
[_w i n k ɨ n s u ]_w
[_w i n tʃ i n ]_w
[_w p u ɾ a n t a ]_w
[_w k a n p i ɾ i a ]_w
[_w i w a t a t u ]_w
[_w n u t u n u ]_w
[_w n a s u ]_w
[_w i p u ɾ a ]_w
[_w w i t ɨ ]_w
[_w t u k u i ɾ u ]_w
[_w k ɨ t ɨ ɾ a w ɨ ]_w
[_w k u ɾ i ]_w
[_w p u ɾ a p i ]_w
[_w i n a w a n k u ]_w
[_w u k u ]_w
[_w u ɾ a ]_w
[_w ʃ i n ɨ ]_w
[_w w a ʔ w a p u n ]_w
[_w n a t a n p u ]_w
[_w k a m a s u ]_w
[_w k ɨ w a ɾ i n ]_w
[_w tʃ i n t a t u ]_w
[_w n u n ɨ w ɨ i ]_w
[_w p i ɾ i n k ɨ ]_w
[_w p a ɾ i n k ɨ n ]_w
[_w k ɨ t u p i s u ]_w
[_w p a t a w a k ɨ ]_w
[_w j u s ɨ ɾ ɨ ]_w
[_w a p a k ɨ ]_w
[_w t ɨ n i n w ɨ ]_w
[_w k a n p i t a ]_w
[_w n a t ɨ a w a ]_w
[_w n i k a n a ]_w
[_w w ɨ ɾ a p i ]_w
[_w w ɨ k a w a ɾ u ]_w
[_w i t i i p i ]_w
[_w n a t a n a ɾ u ]_w
[_w u k a i ]_w
[_w k i t i u ]_w
[_w a ʔ n a p i ]_w
[_w s a u n u k u ]_w
[_w tʃ i n a ɾ a ]_w
[_w i m a s a p i ]_w
[_w i t u m u ]_w
[_w w i k a i s u ]_w
[_w n i p i ɾ a m a ]_w
[_w k u t u n u ]_w
[_w a j a t a ɾ i n ]_w
[_w n i n u t u ]_w
[_w k ɨ ɾ a ]_w
[_w s ɨ t a ɾ i n ]_w
[_w m i ɾ i t a ]_w
[_w ʃ a n ɨ n ]_w
[_w n i n a n a n ]_w
[_w p ɨ p i ]_w
[_w k ɨ s a p i ]_w
[_w tʃ i n a n ]_w
[_w p i n i p i ]_w
[_w a i p i ɾ u k ɨ ]_w
[_w m a n a i w ɨ ]_w
[_w j a u ]_w
[_w u n p u ɾ a ]_w
[_w s a ɾ a i ]_w
[_w k i k ɨ s u w ɨ ]_w
[_w i m i ɾ i u ]_w
[_w w i ɾ i n s u ]_w
[_w j a t ɨ ɾ a ]_w
[_w w a t ɨ ɾ i n ]_w
[_w a n p u a s u ]_w
[_w a s a p i w ɨ ]_w
[_w k u i s ɨ k ɨ ]_w
[_w t a t a n ]_w
[_w k a n a ]_w
[_w n a ʃ a ]_w
[_w n u m a k ɨ ]_w
[_w ʃ i p i ɾ u ]_w
[_w m i n k ɨ ]_w
[_w a n a k a ]_w
[_w a ʔ n a k ɨ ]_w
[_w u ʃ a w a n a n ]_w
[_w a ʔ n a n t a ]_w
[_w ʃ i ɾ u ]_w
[_w t i p i ɾ i ]_w
[_w p a n t a ʔ ]_w
[_w k a w a s u ]_w
[_w a s i ɾ i a ]_w
[_w p a a n t a ]_w
[_w t i p u ɾ a m a ]_w
[_w k a ɾ i j a ]_w
[_w p a i ɾ u ]_w
[_w p i t a t u n ]_w
[_w n u n ʃ i ɾ a i ]_w
[_w p i p i k u ]_w
[_w n a w a n i k ɨ ]_w
[_w n a w a n u ]_w
[_w s a n p u a ɾ i ]_w
[_w i n a w a n p i ]_w
[_w i n a ɾ ɨ w ɨ ]_w
[_w tʃ i m i n a p i ]_w
[_w w a ɾ ɨ t a ]_w
[_w t a n t a ɾ a i ]_w
[_w n u w a n t a ʔ ]_w
[_w a n t u k u ]_w
[_w t i p i ɾ u k ɨ ]_w
[_w i p i ɾ i n ]_w
[_w n a t a n a s ɨ ]_w
[_w n ɨ ʔ m ɨ t ɨ ]_w
[_w p i t a s u ]_w
[_w n u a ɾ i n ]_w
[_w i m a i n k ɨ n ]_w
[_w k i s u s u ]_w
[_w p a t a k a s u ]_w
[_w a n a t u n a ]_w
[_w p i a ɾ i n ]_w
[_w k ɨ p a p i ]_w
[_w i t a t u n a ]_w
[_w w a n t u ɾ i ]_w
[_w p a ɾ a ]_w
[_w n a ʔ k u n i n ]_w
[_w k u a n t a p i ]_w
[_w i t a ɾ i a ]_w
[_w j a a ]_w
[_w p u tʃ a tʃ i n ]_w
[_w n u t u ]_w
[_w tʃ i s t u ɾ u n ]_w
[_w w a t ɨ ɾ a p i ]_w
[_w n i k a p u n a ]_w
[_w t u p i w ɨ ]_w
[_w a k u p i ]_w
[_w n a w i n i n ɨ ]_w
[_w n a p i s u ʔ ]_w
[_w i m a k ɨ n ]_w
[_w n u j a k u ]_w
[_w n a t a n k ɨ ]_w
[_w s a p a t ɨ ɾ a ]_w
[_w j a s a ]_w
[_w k ɨ t a ]_w
[_w i ɾ a t u k u ]_w
[_w u ɾ i n i ]_w
[_w n i i t u n p u ]_w
[_w i t a u n ]_w
[_w a n k ɨ m a ɾ i ]_w
[_w k u ɾ u s ɨ ]_w
[_w n i n i n ɨ m a ]_w
[_w n a k i u n ]_w
[_w j u s ɨ k ɨ ]_w
[_w w i k a ɾ i n ]_w
[_w m a t i a s ɨ ]_w
[_w w i n k a ]_w
[_w t a ɾ i ]_w
[_w n u n p i n a ]_w
[_w n a ʃ a ɾ u ]_w
[_w t a n a ɾ u ]_w
[_w a j a ɾ u ]_w
[_w a p i ɾ i n s u ]_w
[_w n a t ɨ p i ]_w
[_w s a m u i ɾ i n ]_w
[_w p i ɾ a p i ]_w
[_w w i n k a ɾ i ]_w
[_w a w a n ]_w
[_w n u j a tʃ a ]_w
[_w j a ʔ k u n ]_w
[_w m u ɾ u ɨ n ]_w
[_w w i n u s u ɾ ɨ ]_w
[_w t a n a s ɨ ]_w
[_w m u t ɨ ɾ u ]_w
[_w i t ɨ ɾ ɨ s u ]_w
[_w i w a n i ɾ i ]_w
[_w j a t ɨ ɾ i n ]_w
[_w i m a ɾ ɨ ]_w
[_w s u n a p u ɾ u ]_w
[_w tʃ i n t u k u ]_w
[_w a ɾ t a ]_w
[_w a n ɨ m a ]_w
[_w s a n t a n t a ]_w
[_w w a t ɨ ɾ u ]_w
[_w i n t u k u ]_w
[_w n a ɾ i n s u ʔ ]_w
[_w p a t ɨ ɾ a n ]_w
[_w n u m a n u ɾ u ]_w
[_w n u n a m a ]_w
[_w w i t u n p i ]_w
[_w s a w ɨ n ]_w
[_w s a i ]_w
[_w n i n a k ɨ ]_w
[_w a w ɨ n i k ɨ ]_w
[_w w i t ɨ ɾ ɨ w a ]_w
[_w m u p i ]_w
[_w i ɾ a k ɨ ]_w
[_w w i ɾ a w ɨ ]_w
[_w i m a ɾ a w ɨ ]_w
[_w j a n ɨ w ɨ i ]_w
[_w n i k u n p i ]_w
[_w n a t a n k ɨ n ]_w
[_w n u t ɨ ɾ i n ]_w
[_w p i p i ɾ u ]_w
[_w k u a n ʃ a ɾ ɨ ]_w
[_w k u p u ɾ u s ɨ ]_w
[_w w a ʔ w a n ]_w
[_w n i n p i t a ]_w
[_w p a s k u a ]_w
[_w n a k a ]_w
[_w j a m u ɾ a p i ]_w
[_w a s a ɾ i n ]_w
[_w n a p u k a s u ]_w
[_w w i p i s u ]_w
[_w t a p a n a ]_w
[_w s a w a t u n a ]_w
[_w u w i k a s u ]_w
[_w m i t ɾ u s u ]_w
[_w ʃ i t ɨ ɾ i n ]_w
[_w s ɨ t a ɾ a n ]_w
[_w n u ʔ t ɨ k ɨ n ]_w
[_w p a k u s u w ɨ ]_w
[_w n u w i t u n a ]_w
[_w i t a t ɨ w a ]_w
[_w t a t a m a ]_w
[_w k a ɾ a t u n a ]_w
[_w p i n p u a ]_w
[_w s u m a ɾ u ]_w
[_w w ɨ ɾ a n w ɨ ]_w
[_w n a n a j a ɾ u ]_w
[_w p i n s u ]_w
[_w i n a p u i n ]_w
[_w k u a n ʃ a ]_w
[_w i m a ɾ a j a ]_w
[_w w a n t ɨ ɾ i n ]_w
[_w ɨ ɾ i w a w ɨ ]_w
[_w p ɨ i k a ]_w
[_w k ɨ t u k u i ]_w
[_w j a n a t u ]_w
[_w k a n k i ɾ i n ]_w
[_w k u ɾ t a n i ]_w
[_w w ɨ k u s u i ]_w
[_w w ɨ n a n a n ]_w
[_w a k u w a ]_w
[_w k a t u k u ]_w
[_w a k ɨ t ɨ ɾ a n ]_w
[_w tʃ i n t a t u n ]_w
[_w p i ɾ i n w ɨ ]_w
[_w p a s k u a ɾ ɨ ]_w
[_w k i s u ]_w
[_w w a n t u n ]_w
[_w m a k a t ɨ w a ]_w
[_w w ɨ n a n i n ]_w
[_w k a n k a n ]_w
[_w n i s t ɾ a s ɨ ]_w
[_w ʃ i i n ]_w
[_w n i i t u n k ɨ ]_w
[_w n a t ɨ t u n ]_w
[_w n i n a ɾ ɨ ]_w
[_w m u ɾ i n ]_w
[_w w ɨ p i s u k ɨ ]_w
[_w t u s a ɾ a m u ]_w
[_w i n a p a n u ]_w
[_w s u w ɨ ]_w
[_w i t a n i n w ɨ ]_w
[_w n a k u ɾ a p i ]_w
[_w p a ɾ a ɾ i n ]_w
[_w i n a j a n ]_w
[_w k i j a w ɨ ]_w
[_w i n a w ɨ s u ]_w
[_w j a ʃ i n a n ]_w
[_w j a p i ]_w
[_w j a ɾ a n i ]_w
[_w a n t a ʔ ]_w
[_w n a s a ɾ i n ]_w
[_w p a ɾ i w a ]_w
[_w t ɨ ɾ a m a ]_w
[_w a p i ɾ i ]_w
[_w w i t ɨ ɾ a ]_w
[_w n a p a ]_w
[_w j a t a p u n a ]_w
[_w n u n a k a s u ]_w
[_w k ɨ m a s u ʔ ]_w
[_w u k u i k a s u ]_w
[_w i k u n i n ]_w
[_w w i ʔ n a p i ]_w
[_w k ɨ n a ]_w
[_w n u n a ]_w
[_w n i n i n w ɨ ]_w
[_w m i a tʃ i n ]_w
[_w t a ʃ i n a n ]_w
[_w p u ɾ a p i p i ]_w
[_w a s i a k ɨ ]_w
[_w m a ɾ a j a ]_w
[_w u p u t u p i ]_w
[_w m u p i s u ʔ ]_w
[_w s a n a p i a ]_w
[_w a u n t a ]_w
[_w p a ʔ p i n i ]_w
[_w tʃ i n u tʃ i n a ]_w
[_w p a k ɨ ʔ ]_w
[_w w i t u n ]_w
[_w w i t ɨ k ɨ i n ]_w
[_w k u p i ]_w
[_w i n t a k ɨ ]_w
[_w p a a s u i ]_w
[_w m i n i ]_w
[_w n a p u a ɾ a ]_w
[_w ɾ u p a ]_w
[_w j a p i k u ]_w
[_w s i t u n ]_w
[_w a p i ]_w
[_w k u m i s i u n ]_w
[_w ʃ i p i ɾ a ]_w
[_w u n p u ɾ a w ɨ ]_w
[_w p a a n t a p i ]_w
[_w w ɨ k a w a s u ]_w
[_w p a t u p i s u ]_w
[_w k a p a k a s u ]_w
[_w n u k a s u ]_w
[_w a n u j a k u ]_w
[_w u s a p i ]_w
[_w p a t ɨ ɾ i n ]_w
[_w p a p i ɾ u ]_w
[_w n i n a ɾ i n a ]_w
[_w t ɨ p a k a ]_w
[_w w i k u s u i ]_w
[_w t a n a p i ]_w
[_w p ɾ i s i u ɾ i ]_w
[_w p a ʔ i n ]_w
[_w t u m a ɾ a j a ]_w
[_w tʃ i s t u s u ]_w
[_w k u t i a s a ]_w
[_w p a k a k a s u ]_w
[_w n a n a n p i ]_w
[_w a n u t ɨ ]_w
[_w m a ɾ i a s ɨ ]_w
[_w a w a ɾ i u ]_w
[_w p a ʔ p i n ]_w
[_w p a a ɾ i n t a ]_w
[_w i p i t ɨ w a ]_w
[_w j a n t a ]_w
[_w t u m a s ɨ ]_w
[_w p i n u ɾ a w ɨ ]_w
[_w m i ɾ i t u ]_w
[_w k ɨ t u n k u ]_w
[_w j u k i ]_w
[_w p a k u n k u ]_w
[_w t a p a k a s u ]_w
[_w tʃ i n a m a s u ]_w
[_w n a n t a ]_w
[_w t ɾ u p i ]_w
[_w w a ʔ n a j a ]_w
[_w n u ɾ a ɾ i n ]_w
[_w i p i k ɨ ]_w
[_w ʃ i t ɨ ɾ a i ]_w
[_w t ɨ p a k a s u ]_w
[_w u ɾ i n s u ]_w
[_w p i w i ɾ u ]_w
[_w p a t ɾ u n i ]_w
[_w w i w a tʃ i n a ]_w
[_w p a t ɨ ɾ ɨ ]_w
[_w n i n u t a w a ]_w
[_w s a ɾ ɨ ]_w
[_w w i ɾ a ɾ u ]_w
[_w s u ɾ a ]_w
[_w m i n k a ɾ i n ]_w
[_w w a w ɨ ]_w
[_w n i n a w ɨ p i ]_w
[_w a s a ɾ a n i ]_w
[_w w a n i a ]_w
[_w k a m a ]_w
[_w p a i ɾ i ]_w
[_w w a t ɨ ɾ ɨ w a ]_w
[_w p a u n u ɾ i n ]_w
[_w i m a ɾ a i ]_w
[_w i m a p i w ɨ ]_w
[_w t a p i ɾ i n ]_w
[_w m u t u p i w ɨ ]_w
[_w a n i t ɨ ɾ a ]_w
[_w p a n ɨ n k ɨ n ]_w
[_w m a t u m a ]_w
[_w n u ɾ i n i ]_w
[_w k u n a w ɨ ]_w
[_w a n u t u n ]_w
[_w tʃ i n a m a ]_w
[_w i t a ɾ i n ]_w
[_w w ɨ ɾ ɨ ]_w
[_w s a t u k ɨ ]_w
[_w i m a ɾ i n k u ]_w
[_w a n t a p i k u ]_w
[_w n u t ɨ ɨ ɾ i n ]_w
[_w i n t ɨ ɾ i n ]_w
[_w w a p i w ɨ ]_w
[_w w i n u s u ɾ i ]_w
[_w n i ɾ i w a ]_w
[_w t ɾ i k u k ɨ ]_w
[_w n a t a n a n ]_w
[_w k ɨ n a n ɨ ]_w
[_w i t ɨ ɾ i n w ɨ ]_w
[_w j a i t ɨ ɾ i n ]_w
[_w n u s u ɾ ɨ ]_w
[_w s ɨ t a ɾ a i ]_w
[_w k ɨ tʃ i ]_w
[_w j a p u ]_w
[_w ʃ i n k ɨ ]_w
[_w k ɨ n a n ɨ w ɨ ]_w
[_w n a p u ɾ ɨ w ɨ ]_w
[_w n a n u n ]_w
[_w n i ɾ i w a w ɨ ]_w
[_w j a ʔ w a n ]_w
[_w p a a ɾ a w ɨ ]_w
[_w p i j a p i n i ]_w
[_w tʃ i n i n s u ]_w
[_w m a n t a p i ]_w
[_w j a i m a ɾ ɨ ]_w
[_w n u ɾ a p i p i ]_w
[_w w i t a p i ]_w
[_w j a ʔ n u ɾ i n ]_w
[_w k u p i t a ]_w
[_w k a n k i ɾ ɨ ]_w
[_w a m a t u n a ]_w
[_w k a n k a ɾ a ]_w
[_w w ɨ ɾ a p u ]_w
[_w m i ɾ i k i ]_w
[_w j a n ɨ n p u a ]_w
[_w n u n a w ɨ s u ]_w
[_w m i t ɾ u ]_w
[_w n a n a m ɨ w ɨ ]_w
[_w w a j u n a w ɨ ]_w
[_w k a ɾ i ʔ ]_w
[_w t ɨ n a n p i ]_w
[_w p a p i s u ʔ ]_w
[_w k ɨ p i ]_w
[_w k u p i ɾ n u ]_w
[_w s a ɾ ɨ w a ]_w
[_w u n ɨ ]_w
[_w p u tʃ i n w ɨ ]_w
[_w p a t a n ɨ w ɨ ]_w
[_w p a ɾ a p i k u ]_w
[_w t a ʔ a ]_w
[_w k ɨ n i ɾ i ]_w
[_w a p i ɾ i a ]_w
[_w tʃ i n i n k ɨ ]_w
[_w m i n s ɨ k u ]_w
[_w p a ɾ a k ɨ ]_w
[_w n i n i n k u i ]_w
[_w s a t ɨ ɾ i ]_w
[_w i n k a ɾ i j a ]_w
[_w w a ɾ a n ɨ n ]_w
[_w n u n a w a n a ]_w
[_w k a p u ɾ u ]_w
[_w i t i ]_w
[_w i ɾ i a ]_w
[_w w ɨ ʃ i ɾ a j a ]_w
[_w m i ɾ i n i ]_w
[_w p a ʔ p i s u ]_w
[_w n u t u n ɨ n ]_w
[_w n a t ɨ ɾ u ]_w
[_w t i n p u a s u ]_w
[_w tʃ i m i n a p u ]_w
[_w i t a t u n ]_w
[_w i n a p u t u ]_w
[_w p i n i n w ɨ ]_w
[_w s a ɾ a ]_w
[_w i p i j a p i ]_w
[_w w a w a ]_w
[_w j u s ɨ k ɨ n ]_w
[_w ʃ i w a ɾ i w a ]_w
[_w k a n tʃ i s ɨ ]_w
[_w ʃ a ɾ a m a ]_w
[_w i m a p u n a ]_w
[_w w a k i ɾ i n ]_w
[_w i n i a ɾ i n ]_w
[_w n a n i ɾ i ]_w
[_w n a ɾ i ]_w
[_w n a ɾ ɨ w a ]_w
[_w w a ɾ i w a w ɨ ]_w
[_w n i n ]_w
[_w p a a ɾ u ]_w
[_w w a k u ]_w
[_w m u t ɨ n k ɨ ]_w
[_w u n p u ɾ a p i ]_w
[_w tʃ a tʃ i n a ]_w
[_w n a n u ʔ ]_w
[_w k a n i k a p u ]_w
[_w n u n tʃ i ]_w
[_w a n a n k u ]_w
[_w n a t ɨ t u p i ]_w
[_w n i t ɨ ɾ i n ]_w
[_w i m a ɾ a m a ]_w
[_w n a ɾ a w ɨ ]_w
[_w k u ɾ n i ɾ i ]_w
[_w n i t u p i ]_w
[_w n i k a t u j a ]_w
[_w k a n i k ɨ ]_w
[_w t u n p i ]_w
[_w t a n a t u n ]_w
[_w n a ʔ p i ]_w
[_w n i s a w a s u ]_w
[_w i s a k ɨ ]_w
[_w i n p i t a ]_w
[_w k i j a ɾ u ]_w
[_w n i n a w ɨ s u ]_w
[_w n u j a w ɨ ʔ ]_w
[_w i w a t ɨ ɾ i n ]_w
[_w a ʃ u ]_w
[_w s ɨ t a t u ]_w
[_w n i i ]_w
[_w i ɾ a t u n ]_w
[_w a k u ɾ a w ɨ ]_w
[_w n i n u t u k u ]_w
[_w i t ɨ ɾ ɨ ]_w
[_w i n p i s u ]_w
[_w s i m i u n ]_w
[_w n i n a m a ]_w
[_w a w ɨ k a t u i ]_w
[_w i p u ɾ a n ]_w
[_w w ɨ n s ɨ ɾ i ]_w
[_w m a ɾ t a ɾ u ]_w
[_w i t a p u n a ]_w
[_w j u s ɨ n t a ]_w
[_w p u w a tʃ i n ]_w
[_w a i p i ɾ a w ɨ ]_w
[_w n u t ɨ ]_w
[_w t u w a ɾ u ]_w
[_w u p a t ɨ k ɨ ]_w
[_w n ɨ k u s u i ]_w
[_w i t a ɾ a i ]_w
[_w k a p a ɾ ɨ ]_w
[_w n i n w ɨ ]_w
[_w n u w i t ɨ ɾ ɨ ]_w
[_w a w a n i ]_w
[_w t ɨ p a n a ]_w
[_w a k a ɾ a ]_w
[_w n a p u t u ]_w
[_w k ɨ tʃ i n ]_w
[_w n i n a i ]_w
[_w n i i t u n a ]_w
[_w u ʃ a w a n ɨ ]_w
[_w n i n s u ʔ ]_w
[_w u n p u ɾ i n ]_w
[_w k a t u k u i ]_w
[_w i i n k ɨ ]_w
[_w p a n k a ɾ i ]_w
[_w i ɾ a t u ɾ u ]_w
[_w k ɾ i t a ]_w
[_w m a n i n ɨ n ]_w
[_w w i t a w a k u ]_w
[_w tʃ i n k ɨ n t a ]_w
[_w n i a n t a ʔ ]_w
[_w s u p a i ɾ i ]_w
[_w i ɾ a n p u ]_w
[_w a k u t u n ]_w
[_w t a ɾ s u k ɨ ]_w
[_w n a t ɨ t u k u ]_w
[_w p a w a n t a ]_w
[_w n a w a n a ]_w
[_w n a k u n k ɨ ]_w
[_w k u i n a ]_w
[_w tʃ i n a w a n ɨ ]_w
[_w ʃ i p i ɾ i n ]_w
[_w p a k u i ]_w
[_w s a k a t u i ]_w
[_w m a k u i ]_w
[_w s a w a t u ]_w
[_w m a i n a ]_w
[_w i m a k a i s u ]_w
[_w k u t i u ɾ u ]_w
[_w ʃ a n ɨ w ɨ ]_w
[_w n a n a w ɨ s u ]_w
[_w s a t u s i u ]_w
[_w a t a ɾ a m a ]_w
[_w n a k a p u n ]_w
[_w p i ɾ i s ɨ ]_w
[_w w ɨ ɾ i s u ]_w
[_w i n k a m i n ]_w
[_w a a ɾ u ]_w
[_w t ɨ n i k ɨ ]_w
[_w n i k a ɾ u ]_w
[_w n a k ɨ s u ]_w
[_w s ɨ n a n p i ]_w
[_w p a i k a s u i ]_w
[_w i ɾ u ]_w
[_w w i t u n p i n ]_w
[_w t a p a ɾ ɨ ]_w
[_w n a p a n a ]_w
[_w n i a n ]_w
[_w ʃ i n s u s u ]_w
[_w n u k a n a w a ]_w
[_w n i n p u a s u ]_w
[_w k i k ɨ ]_w
[_w k a n a p i t a ]_w
[_w p a ɾ a n i ]_w
[_w ɾ i n ]_w
[_w w ɨ k a m a ]_w
[_w a ʔ p a k ɨ ]_w
[_w k ɨ n a n i n ]_w
[_w m a k u n t a ]_w
[_w t a ʃ i ɾ a i ]_w
[_w m a n t a t u n ]_w
[_w n u n t ɨ k ɨ n ]_w
[_w s a n u i ɾ i n ]_w
[_w n i s ɨ ]_w
[_w m a s a ɾ u ]_w
[_w k u ɾ i n ]_w
[_w i n a p a ]_w
[_w k u t a s ɨ ɾ i ]_w
[_w k a i w a s ɨ ]_w
[_w s ɨ t u p i s u ]_w
[_w p a n ɨ n k u ]_w
[_w m a p i ɾ a n ]_w
[_w t ɨ n a w ɨ s u ]_w
[_w j a w a tʃ i n a ]_w
[_w t u p i k ɨ ]_w
[_w n a n p i t a ]_w
[_w i k a n i u ɾ u ]_w
[_w p u tʃ i n k u ]_w
[_w t u m a ɾ a n ]_w
[_w t ɨ n i k a ɾ u ]_w
[_w w i t a p i s u ]_w
[_w n i n u s u ]_w
[_w s u n u k u ʔ ]_w
[_w p a t ɨ ɾ u ]_w
[_w t a tʃ i t u n a ]_w
[_w k u n a k a i ]_w
[_w w a p u ɾ i n ]_w
[_w t a p u n a ]_w
[_w i t u w a ]_w
[_w s a ɾ a n ɨ n ]_w
[_w i m a k ɨ ʔ ]_w
[_w k ɨ m a ɾ u ]_w
[_w n i ɾ u ]_w
[_w a k u w ɨ ]_w
[_w s a u t a ]_w
[_w k ɨ t u m a ɾ a ]_w
[_w s ɨ t ɨ ɾ a ]_w
[_w t u p a t a ]_w
[_w n i p i k u ]_w
[_w p i ʔ p i ]_w
[_w n i p i t ɨ w a ]_w
[_w a k u p i s u ]_w
[_w k u ɾ u s ɨ k ɨ ]_w
[_w w a s u w ɨ ]_w
[_w i t a w a t u n ]_w
[_w i n tʃ i ]_w
[_w n a t ɨ a ɾ a i ]_w
[_w m u ɾ ɨ s u n a ]_w
[_w t u p a tʃ i ]_w
[_w n i k a p u ]_w
[_w m u ʃ a ɾ u ]_w
[_w t ɨ p a t u i ]_w
[_w i m i n i n ]_w
[_w w i a p i ]_w
[_w p i t u p i w ɨ ]_w
[_w a k i ɾ i k a ]_w
[_w m u w a t a p i ]_w
[_w i m u t ɨ ɾ i n ]_w
[_w n u w i t ɨ k ɨ ]_w
[_w p i u ɾ u ]_w
[_w ɨ s a ɾ a ]_w
[_w k ɨ t a w a p i ]_w
[_w m i s ɨ ɾ i s ɨ ]_w
[_w w ɨ w a tʃ i n ]_w
[_w a n t ɨ ɾ i n ]_w
[_w w i p i w ɨ ]_w
[_w i s a k u i ]_w
[_w k u ɾ n i ɾ i n ]_w
[_w k ɾ i s t u k ɨ ]_w
[_w k ɨ p a ɾ i n ]_w
[_w i p i s u ]_w
[_w w i t u k ɨ ]_w
[_w j a t ɨ p a k a ]_w
[_w m i t ɾ u ɾ i ]_w
[_w t a n u n t a ]_w
[_w n a p u p i s u ]_w
[_w i t a ɾ a m u ]_w
[_w p a t a ɾ i ]_w
[_w k a j u ɾ i n ]_w
[_w w a ɾ i w a ]_w
[_w m u ɾ s a ]_w
[_w k u a n a k ɨ ]_w
[_w k a ɾ i n k ɨ ]_w
[_w a ɾ a p a s ɨ ]_w
[_w t a p a k ɨ ]_w
[_w a w ɨ k a s u ]_w
[_w n u t u w a s u ]_w
[_w s a n t a ʔ ]_w
[_w w ɨ k a m a j u ]_w
[_w n u ɾ i n s u ]_w
[_w j u n a ɾ i n ]_w
[_w j u n i p u n ]_w
[_w s a m a ɾ i n ]_w
[_w a n t a k ɨ ]_w
[_w p a w a n i n ]_w
[_w u n p u ɾ a m a ]_w
[_w a w ɨ k a ]_w
[_w p a ɾ a n ]_w
[_w t a n a ɾ a ]_w
[_w i n u t u n a ]_w
[_w k u w ɨ ]_w
[_w i n a ɾ a i ]_w
[_w a n a k a i s u ]_w
[_w t a n a w ɨ ]_w
[_w a k u p u ɾ u ]_w
