[_w a t o ʃ o ]_w
[_w k e n d a k ]_w
[_w u n ɨ s b o ʃ ]_w
[_w m a d a n ]_w
[_w n i d n u ]_w
[_w n a ʃ u n ]_w
[_w k a b u a i d ]_w
[_w i s m e k i n ]_w
[_w a i d t e d i ]_w
[_w a d o ts i m b i ]_w
[_w k u ɨ n o t e ]_w
[_w i k m e n u e n ]_w
[_w u d i m p a k ]_w
[_w tʃ i a ʃ i n i ]_w
[_w d a n t i a b i ]_w
[_w n i d a n e k ]_w
[_w i k p o m b i ]_w
[_w m i ʃ a k ]_w
[_w tʃ i d o ]_w
[_w j a n ts i a b i ]_w
[_w tʃ u d n u ]_w
[_w n a d ]_w
[_w tʃ u i ʃ o ]_w
[_w tʃ i e k i ]_w
[_w a t e s a ]_w
[_w b e m e ʃ u n ]_w
[_w i k b a ts i a ʃ ]_w
[_w n ɨ i ʃ ]_w
[_w u ʃ e n k i o ]_w
[_w ɨ m b o p i ]_w
[_w i n tʃ ɨ ʃ ɨ n ]_w
[_w a b o t o b i ]_w
[_w ts a d b e o n ]_w
[_w n o e ]_w
[_w ʃ u b i ʃ o ]_w
[_w k a n u n a ]_w
[_w k a tʃ o k ]_w
[_w s e i s ]_w
[_w ɨ m b i b i ]_w
[_w k u e m p o ]_w
[_w n a n a i d ]_w
[_w tʃ o tʃ o a ʃ o ]_w
[_w b e d m e ]_w
[_w n a ts i a ʃ ]_w
[_w p u n e n t a ]_w
[_w b e d e k ]_w
[_w j u e n k i o ]_w
[_w tʃ o k i n ]_w
[_w ɨ m b e m b i ]_w
[_w tʃ u i b a n a ʃ ]_w
[_w u n ɨ s a k ]_w
[_w u n ɨ s a i d o ]_w
[_w b o t o p i ]_w
[_w a p i u kː i d ]_w
[_w i k m i o ʃ ]_w
[_w t i ʃ e n t a ]_w
[_w u n ɨ s k i n ]_w
[_w m a k t a ]_w
[_w p o d e ʃ o ]_w
[_w tʃ u i b o m b i ]_w
[_w tʃ i d o b ɨ d ]_w
[_w b i u kː i o ]_w
[_w u n ɨ s e b i ]_w
[_w t a n t i a d ]_w
[_w d a ɨ t e k ]_w
[_w ts u s i o n ]_w
[_w n ɨ i ʃ a ʃ ]_w
[_w p a d a ʃ ]_w
[_w ʃ ɨ n i n ]_w
[_w i k s a k i d ]_w
[_w a t a n ]_w
[_w a m b o ]_w
[_w a n a ]_w
[_w k u ɨ n a i d ]_w
[_w e d i k e s ]_w
[_w u a k n o ]_w
[_w i s n u k ]_w
[_w u e p o k n o ]_w
[_w a i d o p o n ]_w
[_w k u i d e k ]_w
[_w a b ɨ d ]_w
[_w e n o k ]_w
[_w d a n u ]_w
[_w a b e n ]_w
[_w ɨ ʃ ɨ kː i d o ]_w
[_w i s m e d e ]_w
[_w i k s a k i d o ]_w
[_w m ɨ j a n ʃ u n ]_w
[_w n e n t a ]_w
[_w i k m e p o ʃ ]_w
[_w n a b a n ʃ u n ]_w
[_w a b ɨ d t a ]_w
[_w k a k u m e d a ]_w
[_w ts i ts a n a ]_w
[_w i k ts i a m b o ]_w
[_w i k b a j o n ]_w
[_w u ʃ o ]_w
[_w p u a n e k i n ]_w
[_w k a d i o n ]_w
[_w n a n u n a ]_w
[_w k a n i e k ]_w
[_w t a n t i a ]_w
[_w b u d u e d t e ]_w
[_w tʃ u d k i n k ]_w
[_w n i a kː i d ]_w
[_w a d e n u i d i ]_w
[_w u ʃ ɨ ]_w
[_w ts a d p e k ]_w
[_w i k m e k i n ]_w
[_w n e p e ]_w
[_w d ɨ n ɨ ʃ a i d ]_w
[_w k a i d ]_w
[_w n i d p a ]_w
[_w i k p o ]_w
[_w p e d n u e n ]_w
[_w a d o p o ʃ ]_w
[_w a n k a n k i n ]_w
[_w d a p a t a ]_w
[_w u a m i a k ]_w
[_w j a n a k ]_w
[_w a d a ʃ i k ]_w
[_w o b e ]_w
[_w m a d o m b i k ]_w
[_w b i u kː i d ]_w
[_w b o n k i n ]_w
[_w tʃ u i o a k i n ]_w
[_w tʃ o e k ]_w
[_w tʃ i a d a ]_w
[_w p a k a n ]_w
[_w b a k u ɨ ]_w
[_w d i d i a ]_w
[_w a p u k i n ]_w
[_w u a o m p i ]_w
[_w m e n e ts i a ʃ ]_w
[_w u a d e k ]_w
[_w b u d e d i ]_w
[_w n i s d e ]_w
[_w i s m e k i d ]_w
[_w tʃ i e ʃ ]_w
[_w n u k i p i ]_w
[_w e t o t e s ɨ n ]_w
[_w b ɨ ʃ u ]_w
[_w n a p a n t a ]_w
[_w tʃ o k o k a k ]_w
[_w n a p a n ]_w
[_w i k s a m e k ]_w
[_w m a j a n ]_w
[_w t i d i a ]_w
[_w ʃ u b i e n ]_w
[_w tʃ o ʃ e ]_w
[_w i k ts i a b i ]_w
[_w i s b o n o ]_w
[_w n i d ʃ u n ]_w
[_w k a s e k a d e ]_w
[_w a k ʃ o ]_w
[_w tʃ u i b a n u n ]_w
[_w p a d n u k ]_w
[_w i k s a b o ]_w
[_w n i d k i n ]_w
[_w p a d i a n u ]_w
[_w i k o a b e k ]_w
[_w t a j a kː i o ]_w
[_w m a s i ]_w
[_w n u n t a ]_w
[_w m a d o b i ]_w
[_w k a ts a d k i d ]_w
[_w k e n u b i ]_w
[_w i k t i ]_w
[_w a k e n k i o ]_w
[_w n i a k a k ʃ o ]_w
[_w tʃ o m i a b i ]_w
[_w k a i k ]_w
[_w d ɨ tʃ u n ]_w
[_w p i d i ]_w
[_w b ɨ ʃ o ]_w
[_w n e d a ]_w
[_w i k p a k ]_w
[_w u n ɨ s o ʃ ]_w
[_w tʃ o k i d ]_w
[_w d a ʃ k u d e ]_w
[_w p u tʃ i ]_w
[_w k u i d p a k ]_w
[_w i s k i n ]_w
[_w u ʃ k i n ]_w
[_w i s t a k ]_w
[_w m a p i ]_w
[_w k u ɨ d e n ]_w
[_w j u a k i d ]_w
[_w d u k ]_w
[_w i n tʃ ɨ ʃ k i o ]_w
[_w u ts i n k i o ]_w
[_w b u a n e k ]_w
[_w j u e d n u ʃ e ]_w
[_w u a n u ]_w
[_w k u i d k i o ]_w
[_w a i d k i o ]_w
[_w k u e s a t ɨ n ]_w
[_w b a m b i d ]_w
[_w i k s a ts i a ʃ ]_w
[_w a n i s k i d ]_w
[_w a d o a i d ]_w
[_w b a d e k ]_w
[_w tʃ i a k t e ]_w
[_w m e n e n d a k ]_w
[_w i k b e k ]_w
[_w i s m e n u n ]_w
[_w u a t e k i ]_w
[_w tʃ u i n u e n ]_w
[_w u n ɨ s n u ]_w
[_w a b i u k ʃ u n ]_w
[_w p e d ts i a p i ]_w
[_w n u k i b i d a ]_w
[_w p u d a ʃ ]_w
[_w u a b a n k i n ]_w
[_w a k t e k i d o ]_w
[_w n a o m p i ]_w
[_w m i m b i e n ]_w
[_w tʃ u i b o ʃ ]_w
[_w a i d p a ]_w
[_w k e d a k ]_w
[_w u a i n d a ]_w
[_w k i d e d i ]_w
[_w s a n d o ʃ o ]_w
[_w k u i d p a ]_w
[_w b i d i ]_w
[_w k i a ʃ i k ]_w
[_w m i b ɨ d i ]_w
[_w ɨ n t e ]_w
[_w n i b ɨ n e k ]_w
[_w d o m a ]_w
[_w k u ɨ d e ]_w
[_w n a u e d a i d ]_w
[_w tʃ o m e d e ]_w
[_w n ɨ i d t e d i ]_w
[_w i s u n t a n ]_w
[_w m u a k i d o ]_w
[_w d o m a n o ]_w
[_w tʃ i e ʃ e s a ]_w
[_w tʃ i a n e ʃ o ]_w
[_w a i d ɨ n ]_w
[_w b ɨ k i d o ]_w
[_w k e p o ʃ ]_w
[_w n e t i o ]_w
[_w u ts i b a n e k ]_w
[_w n ɨ i d i e n ]_w
[_w b u d a ʃ ]_w
[_w tʃ u i o a i k ]_w
[_w a kː i n ]_w
[_w a d o n ]_w
[_w a d a ʃ ]_w
[_w p e d ]_w
[_w m a b i ]_w
[_w j u a k i n ]_w
[_w t a n t e n ]_w
[_w a b i a m b o ]_w
[_w i n d o ]_w
[_w n a b a n ts e n ]_w
[_w m i m b i k e ]_w
[_w m a t o ]_w
[_w a d k i d o ]_w
[_w ɨ ʃ ɨ kː i d ]_w
[_w ɨ b i m b o ]_w
[_w t a n t i e k e ]_w
[_w u i k tʃ u n ]_w
[_w p a k u ɨ ʃ ]_w
[_w t i ʃ a k ]_w
[_w i s m e k i n k ]_w
[_w ɨ ʃ ɨ ]_w
[_w b u a n u b i ]_w
[_w d e k t a m e ]_w
[_w ɨ n k i o ]_w
[_w i s a ʃ i n i ]_w
[_w b e p a ]_w
[_w i k e m p i ]_w
[_w i kː o m b i k ]_w
[_w tʃ o m e ]_w
[_w u a b a n u i ]_w
[_w ts a d e n ]_w
[_w s i d o n ]_w
[_w p a p a ]_w
[_w p a p a n o ʃ ]_w
[_w i k e b i ]_w
[_w ɨ n t e n ]_w
[_w i k b o e d ]_w
[_w b a m b i ]_w
[_w k e k i d ]_w
[_w a n o b o ]_w
[_w s a m ɨ d k i d ]_w
[_w u m b o ]_w
[_w k u ɨ d p e ]_w
[_w tʃ o m i a k ]_w
[_w k a n u b i ]_w
[_w i n e s a ]_w
[_w k a tʃ i n a i ]_w
[_w i s a n e k ]_w
[_w b a ts e n ]_w
[_w n a d e k ]_w
[_w t a k u ɨ m b i ]_w
[_w n i d e k e ]_w
[_w u ts i b o ts e n ]_w
[_w b u a n u e n ]_w
[_w ɨ ʃ ɨ k i d o ]_w
[_w b u a n t e ]_w
[_w n i d n u ʃ e ]_w
[_w t a b a d e t i ]_w
[_w b u n k i d ]_w
[_w n a o k e ]_w
[_w u ʃ p e k ]_w
[_w k u ɨ d ɨ k e k ]_w
[_w i k m a n e ]_w
[_w n a n u k ]_w
[_w n i d m e ʃ o ]_w
[_w b u d b o ʃ ]_w
[_w ɨ n e s a ]_w
[_w n i d o ʃ e ]_w
[_w i s m e m b i ]_w
[_w n u k i ts e n ]_w
[_w b u a n u n a ]_w
[_w j u e d t o s ]_w
[_w e d e s ]_w
[_w b ɨ n u ]_w
[_w a d k i n ]_w
[_w ɨ m b i m b o ]_w
[_w tʃ u k a m b o ]_w
[_w t a u ɨ ]_w
[_w ʃ u i ]_w
[_w a d o a k ]_w
[_w tʃ o b o e d ɨ n ]_w
[_w o n k e b e k ]_w
[_w n a ʃ u n t a ]_w
[_w s i d i s i a ]_w
[_w j a n a ʃ ]_w
[_w k e k t a p i ]_w
[_w i k m i a i d ]_w
[_w j u e d n u e n ]_w
[_w j u e k ]_w
[_w u a n o ]_w
[_w n i o ʃ ]_w
[_w i k ts i a k ]_w
[_w ts i ts a n ɨ n ]_w
[_w tʃ o k o k a d e ]_w
[_w d ɨ ʃ ɨ ]_w
[_w u e k i ]_w
[_w tʃ e k ]_w
[_w b a d e d i ]_w
[_w d a b a d t a ]_w
[_w b e n u e n ]_w
[_w tʃ o n o b i ]_w
[_w tʃ o tʃ o ʃ o n ]_w
[_w k a o n d a i d ]_w
[_w k u e m e d e ]_w
[_w a i d o m b i ]_w
[_w b u d ʃ u n ]_w
[_w i k s a n o ]_w
[_w t a ɨ d p e ]_w
[_w t i p o s ]_w
[_w t i s t e ]_w
[_w b a d e t ]_w
[_w u ʃ a ʃ ]_w
[_w i k b o p i ]_w
[_w i s b o e d ]_w
[_w b e d o ]_w
[_w a d a n k i t ]_w
[_w a k t e ]_w
[_w tʃ i e k ]_w
[_w n a d i a ]_w
[_w d o m a n o b i ]_w
[_w n a ʃ u n k i d ]_w
[_w i k s a k i d a ]_w
[_w tʃ u i d a ʃ ]_w
[_w n a t i a ]_w
[_w u k ɨ k ts ɨ k ]_w
[_w m a d o m p o ]_w
[_w n i d a k ʃ o ]_w
[_w m e n e m b i ]_w
[_w tʃ o m i a i t ]_w
[_w n a m e t i a s ]_w
[_w a d n u ]_w
[_w ɨ n a b e p a ]_w
[_w k e k t a n ]_w
[_w n i a n k i d o ]_w
[_w tʃ u d k i n ]_w
[_w s i n k o ]_w
[_w u ʃ n u b i ]_w
[_w k ɨ n ɨ n ]_w
[_w d a n d i e k ]_w
[_w n a i n ]_w
[_w tʃ u i k i n ]_w
[_w u n ɨ s o ʃ e ]_w
[_w n i k e n t a k ]_w
[_w n i d m e d e ]_w
[_w ɨ b ɨ d i ]_w
[_w j u a b i ]_w
[_w n i b ɨ d o ʃ ]_w
[_w p o k ts e p i ]_w
[_w n i o n d a ʃ ]_w
[_w m ɨ j a n ʃ o ]_w
[_w a b u ]_w
[_w b a d i k ]_w
[_w p a d a o n ]_w
[_w p o t o ]_w
[_w k e s a m b o ]_w
[_w n ɨ n e n k i o ]_w
[_w b e p o n d a ]_w
[_w ts a t e n ]_w
[_w tʃ i e m b i ]_w
[_w i s t a n u ]_w
[_w n a i n e m p i ]_w
[_w b e d t a ]_w
[_w a k n u ɨ ʃ ]_w
[_w u i d ɨ n ]_w
[_w b a b a p o k ]_w
[_w d a b a n ]_w
[_w b u k u ɨ ʃ u n ]_w
[_w b a p a ]_w
[_w tʃ ɨ n k e ʃ u n ]_w
[_w b ɨ ʃ u a i d ]_w
[_w t e p i ]_w
[_w u a m b ɨ d ]_w
[_w ɨ ʃ ɨ m b o ]_w
[_w k a i n ]_w
[_w s a n a m b o ]_w
[_w a b i u kː i d ]_w
[_w s a d a n a i d ]_w
[_w tʃ o e n d a b i ]_w
[_w i k s a i d o ]_w
[_w s o n t a i d ]_w
[_w i s a d a ]_w
[_w m ɨ m u n e k ]_w
[_w p i a k ]_w
[_w n ɨ ʃ u n ]_w
[_w k a b u e k i ]_w
[_w n a o n d a k ]_w
[_w k e d a ]_w
[_w tʃ i e k e ]_w
[_w a u ɨ ʃ k i o ]_w
[_w ɨ ʃ ɨ k i t o ]_w
[_w tʃ u i n u n a ]_w
[_w a d ʃ u n ]_w
[_w i k a i d i ]_w
[_w a t a ʃ ]_w
[_w tʃ u i d a p i ]_w
[_w k e b e n t a k ]_w
[_w b e ʃ u n ]_w
[_w m a ts u ]_w
[_w j a k n o ʃ o n ]_w
[_w m a k a n ]_w
[_w i s a i d ]_w
[_w tʃ i o n d a ʃ ]_w
[_w m i b ɨ d ]_w
[_w a k t e d i ]_w
[_w tʃ o m i a i d ]_w
[_w n e k e ]_w
[_w m e n e b i k e ]_w
[_w i s e n k i o ]_w
[_w p a ʃ u n k i o ]_w
[_w ts u n ts i n ]_w
[_w b e d ts i a ʃ ]_w
[_w e s u s ]_w
[_w n a m p i ]_w
[_w u a k i n ]_w
[_w k a n o ]_w
[_w k u e m e d a ]_w
[_w n a m e t a ]_w
[_w k a p a j o ]_w
[_w u i k tʃ u n ɨ n ]_w
[_w u k ɨ ]_w
[_w tʃ u i n a n d a ]_w
[_w n a u e d ʃ o ]_w
[_w u n ɨ s a ʃ ]_w
[_w a i d k i n ]_w
[_w a n o kː i d o ]_w
[_w m e n e b o ʃ ]_w
[_w m i ʃ e k ]_w
[_w a d k i o ]_w
[_w d a d s o ]_w
[_w k a n i d e p i ]_w
[_w k u ɨ m b i ]_w
[_w tʃ u i k i d ]_w
[_w u a kː o ʃ ]_w
[_w o s e ]_w
[_w tʃ o ʃ o b i ]_w
[_w j a n k i n ]_w
[_w tʃ i e ʃ k i n ]_w
[_w i k b e b i ]_w
[_w tʃ o p e k ]_w
[_w u ts i u d i e k ]_w
[_w tʃ u i b e ]_w
[_w e d o d e d i ]_w
[_w ʃ o j o n k i n ]_w
[_w u a i n ]_w
[_w tʃ i e s a ]_w
[_w tʃ i a k m a i d ]_w
[_w b u m p e ]_w
[_w n i d a i d ]_w
[_w tʃ i o n d a k ]_w
[_w a d e k ]_w
[_w a n d e n ]_w
[_w u a ʃ u n u ]_w
[_w i k s a ʃ ]_w
[_w a p u k ]_w
[_w ts a d b e ]_w
[_w p u i n t e ]_w
[_w u ts i b i ]_w
[_w d a p a n u n ]_w
[_w k a b e n ts ɨ ]_w
[_w b u ɨ d ]_w
[_w m a d o t e s ]_w
[_w a m b e k ]_w
[_w tʃ i n a n t a ]_w
[_w n i a kː i n k ]_w
[_w u ts i u ts i e n ]_w
[_w i k e m b i ]_w
[_w i s t a n ]_w
[_w b a m b i k e ]_w
[_w tʃ ɨ ʃ t e ]_w
[_w k a p a j o k ]_w
[_w j u e kː i d ]_w
[_w b e m e n u ]_w
[_w b e d t e ]_w
[_w tʃ o a i d ]_w
[_w ts j u e kː i o ]_w
[_w ɨ b ɨ t i ]_w
[_w tʃ o ts e k n u k ]_w
[_w b ɨ m i a i d o ]_w
[_w k a d a ]_w
[_w tʃ i d o b i ts i ]_w
[_w b u d u e n ]_w
[_w tʃ o a k ʃ o ]_w
[_w a n o kː i t o n ]_w
[_w u ts i b o b ɨ t ]_w
[_w p u n k i n ]_w
[_w u ts i ]_w
[_w tʃ i d o ʃ e ]_w
[_w j a n ʃ u n ]_w
[_w u a n u b i ]_w
[_w tʃ i o k ]_w
[_w j a k m i ]_w
[_w m e n t a k ]_w
[_w tʃ o n d a ʃ ]_w
[_w b a d e d k i n ]_w
[_w k u i d t e d ]_w
[_w j a n a n k i n ]_w
[_w m a d t a n ]_w
[_w b e n k i o ]_w
[_w ʃ o k o ʃ ]_w
[_w m u e k i ]_w
[_w s e k a k ]_w
[_w i kː i d i ]_w
[_w n u ɨ kː i t ]_w
[_w n a k i d ɨ n ]_w
[_w d a n t e ]_w
[_w b ɨ d i ]_w
[_w n a u i d i o ]_w
[_w s a n d o ʃ o n ]_w
[_w tʃ i n a n d a ]_w
[_w d a j u n ]_w
[_w tʃ i o ʃ i ]_w
[_w n ɨ i d ]_w
[_w n a n u e k i d ]_w
[_w k a n u ʃ e ]_w
[_w i k m e n t a k ]_w
[_w i kː i d t a ]_w
[_w k a b u e p i ]_w
[_w k a k t a d a k ]_w
[_w i s a ʃ ]_w
[_w a b u kː i o ]_w
[_w k e ʃ u n a k ]_w
[_w p e p a ]_w
[_w ɨ n ɨ d t a ]_w
[_w u a i t ɨ m b i ]_w
[_w m a ts e s ]_w
[_w i s m e ]_w
[_w tʃ o a k ]_w
[_w a d p e ]_w
[_w ts u ts i ]_w
[_w n i a m b o ]_w
[_w b i u ]_w
[_w k a p e n ts ɨ k ]_w
[_w a d n u b i e n ]_w
[_w m a d k o s ]_w
[_w u a o ʃ ]_w
[_w n a n u n ]_w
[_w i kː i d o ]_w
[_w p u n e s a ]_w
[_w tʃ i a n e d a ]_w
[_w d a m p o ]_w
[_w j u e d a i d ]_w
[_w a d a n k i o ]_w
[_w b o d o s ]_w
[_w p u n k i d ]_w
[_w a k a j a ]_w
[_w i s m e n u ]_w
[_w m ɨ j a n k i o ]_w
[_w n a ʃ u nː u ]_w
[_w n a i n ʃ u n ]_w
[_w i k t i o ʃ ]_w
[_w k u ɨ d ɨ n a ʃ ]_w
[_w p u d a n e k i ]_w
[_w a k t e n e ʃ o ]_w
[_w tʃ o a ʃ o ]_w
[_w m e n e n d a ]_w
[_w t a p o d e ʃ o ]_w
[_w m u a ]_w
[_w n a ts i a k ]_w
[_w n a b a n u ]_w
[_w o n k i o ]_w
[_w a k o b o b i ]_w
[_w i s d e ]_w
[_w m e n e p i k e ]_w
[_w e k i b i ]_w
[_w n i s t e n e k ]_w
[_w b ɨ m i ʃ e k ]_w
[_w b e d k i d ]_w
[_w i s n u b i ]_w
[_w i s m i a i d ]_w
[_w k e b a m b i ]_w
[_w u e k ]_w
[_w n ɨ i d t e t ]_w
[_w k e b a k ]_w
[_w tʃ u i ts i a ʃ ]_w
[_w a n a n i a ]_w
[_w k u i d a ʃ ]_w
[_w ʃ o n k a b o ʃ ]_w
[_w k a b u ʃ o ]_w
[_w p u a n ʃ u n ]_w
[_w i k s a n ]_w
[_w p u a n t e ]_w
[_w i k e n t a k ]_w
[_w tʃ u i b o k ]_w
[_w k a i n d a ]_w
[_w a d o ]_w
[_w t a k b a d e k ]_w
[_w ɨ b i ]_w
[_w o n k e k i n ]_w
[_w a t e n ]_w
[_w d i a t a ]_w
[_w n i s i n ]_w
[_w u n ɨ s e p i ]_w
[_w b a d p u d ]_w
[_w n a b e n ts ɨ k ]_w
[_w k a b o n ]_w
[_w j a k n o ]_w
[_w n i d a m b o ]_w
[_w i s t e ]_w
[_w p i a i d ]_w
[_w b u n a ]_w
[_w d a b a d o n ]_w
[_w i k e k ]_w
[_w p e d m e ]_w
[_w m u a m b ɨ d ]_w
[_w s a d i s ]_w
[_w i k s a ]_w
[_w tʃ i a i t ]_w
[_w o n k e ʃ o b i ]_w
[_w u ts i ts e n ]_w
[_w k a k i d o ]_w
[_w ʃ u b u n u ɨ ʃ ]_w
[_w m a d i a m e ]_w
[_w i k p o e d ]_w
[_w i k t e n ]_w
[_w tʃ o a n ]_w
[_w a d o a k i n ]_w
[_w ɨ k ɨ ]_w
[_w k e n e n u ]_w
[_w p u a n ]_w
[_w n a m i a k ]_w
[_w k e ʃ u n ]_w
[_w k u ɨ d ɨ n e k ]_w
[_w i n d a ]_w
[_w j a k b a d e k ]_w
[_w j a n e k ]_w
[_w k a p a k ]_w
[_w b a t i ]_w
[_w s i a k ]_w
[_w tʃ i a n e t e ]_w
[_w a i d ɨ n a i d ]_w
[_w ɨ n d e n ]_w
[_w ʃ u i n ]_w
[_w m i ʃ n u b i ]_w
[_w b o d i a ʃ i k ]_w
[_w a p u k i d ]_w
[_w ɨ m b i ]_w
[_w p u a n a k ]_w
[_w a d o b e k a ]_w
[_w n ɨ i d o ]_w
[_w k e b e k ]_w
[_w tʃ i a i d ]_w
[_w j a n ʃ o ]_w
[_w n a b a n u k ]_w
[_w b e d m e n d a ]_w
[_w b o d e ]_w
[_w o n k e n k i o ]_w
[_w u a d a i d ]_w
[_w b a d a ]_w
[_w u a k i n i ]_w
[_w m i b i ts e n ]_w
[_w n a i n e k ]_w
[_w n u k i n ]_w
[_w k a s ɨ d u ]_w
[_w m a t o m o n ]_w
[_w m i b i d a d a ]_w
[_w i kː o ʃ e ]_w
[_w u a k m a i d ]_w
[_w tʃ o e n k i o ]_w
[_w i s b a ʃ u n i ]_w
[_w j u a i d ]_w
[_w ʃ ɨ d a ]_w
[_w p e d a ]_w
[_w tʃ ɨ n ]_w
[_w i k e p i ]_w
[_w i s n u e k ]_w
[_w a d o e n t a ]_w
[_w u ʃ ɨ n k i n ]_w
[_w tʃ o tʃ o e k e ]_w
[_w n a i d ]_w
[_w a s o n ]_w
[_w k a k u m e t a ]_w
[_w ɨ b i ts e n ]_w
[_w n a d e n d a ]_w
[_w p e t o m b i k ]_w
[_w a m b i n ]_w
[_w o s e b ɨ d ]_w
[_w t a p a ]_w
[_w n a u e d a ]_w
[_w tʃ o b a k ]_w
[_w e d e m b i ]_w
[_w tʃ o tʃ o e k ]_w
[_w n a b a n o ʃ ]_w
[_w tʃ e d o ]_w
[_w tʃ u i k i d ɨ n ]_w
[_w d ɨ tʃ i k ʃ u n ]_w
[_w ʃ u b u ]_w
[_w k u t a s ]_w
[_w d i d o ]_w
[_w p u a n t a ]_w
[_w tʃ u i o a ]_w
[_w tʃ i o m p i k ]_w
[_w a d o ʃ ]_w
[_w p e d n u ʃ e ]_w
[_w j u a i d o n ]_w
[_w i k t e k i ]_w
[_w k a i d o ]_w
[_w k u i d a ]_w
[_w a t e n d a ]_w
[_w i k b o e d i ]_w
[_w n a i n d a k ]_w
[_w n i b ɨ d e k ]_w
[_w d a n d e ]_w
[_w n i d m i a k ]_w
[_w i kː i d ]_w
[_w a n o ʃ o n ]_w
[_w b a ʃ u n ]_w
[_w k ɨ d a u d i ]_w
[_w b u d ts a n ]_w
[_w n a k i d o ]_w
[_w n i b ɨ d t a ]_w
[_w tʃ i o m b i k ]_w
[_w b ɨ n ts e n ]_w
[_w tʃ i b i ]_w
[_w m a d o n d a k ]_w
[_w tʃ u i p o e t o ]_w
[_w a m b e k i n ]_w
[_w m a d o b o k i ]_w
[_w a k e k ]_w
[_w b e d n u ʃ e ]_w
[_w n i s i o n ]_w
[_w k u i d p e k ]_w
[_w n e t i ]_w
[_w n i t e p i n ]_w
[_w m u a i k ]_w
[_w k a n u e k ]_w
[_w tʃ o m e n t a ]_w
[_w a b u b ɨ d t a ]_w
[_w u n ɨ s ]_w
[_w p e m e k i n k ]_w
[_w a p i tʃ o b i ]_w
[_w a n d e ]_w
[_w i k t e n e k ]_w
[_w t i k i k o ]_w
[_w u ʃ u ]_w
[_w b a k u ɨ b o ]_w
[_w m a ts e s ɨ n ]_w
[_w n a d i ]_w
[_w u a ʃ u n ]_w
[_w a t o n d a ʃ ]_w
[_w n a i n t a k ]_w
[_w a d e k p i d i ]_w
[_w m a d t a ]_w
[_w n i d a m b i ]_w
[_w t e k t a b i ]_w
[_w e m a u s ]_w
[_w ɨ n ɨ t ]_w
[_w u a m e n u ]_w
[_w i k b a d e d ]_w
[_w m u a ʃ o ]_w
[_w t a n d i a i d ]_w
[_w i s m e p o ʃ ]_w
[_w u ts i u k ]_w
[_w b u n e s a ]_w
[_w k a b a ʃ u n i ]_w
[_w m a n ɨ d a ʃ ]_w
[_w b e d n u ]_w
[_w tʃ o m e n d a ]_w
[_w m u a k i n ]_w
[_w s a d m o ]_w
[_w u a n k i d ɨ n ]_w
[_w tʃ o n o k ]_w
[_w u a k i d ]_w
[_w u ɨ ʃ ɨ n ]_w
[_w n u a m b o ]_w
[_w b o n s i o ]_w
[_w n a n t a ]_w
[_w tʃ u i m e m b i ]_w
[_w a k t a d a ]_w
[_w i s u i d a k ]_w
[_w b u a n k i n ]_w
[_w a d b o ʃ ]_w
[_w i n k i d o ]_w
[_w tʃ i u ɨ ]_w
[_w tʃ u i b o e t ]_w
[_w tʃ u i p a n u k ]_w
[_w j u a m p i ]_w
[_w k e ts i a ʃ ]_w
[_w a d k i d ]_w
[_w k e ts e m a n i ]_w
[_w tʃ u i b a n e k ]_w
[_w n a u i d a ]_w
[_w m u a i d ɨ n ]_w
[_w a p u b ɨ d t a ]_w
[_w m i m b i ]_w
[_w i k o n i a s ]_w
[_w i k m e n d a ]_w
[_w b a m p o ]_w
[_w u a n o ʃ o n ]_w
[_w tʃ i e n k i o ]_w
[_w ɨ b ɨ d t a n ]_w
[_w i n tʃ ɨ ʃ ]_w
[_w b e d k i o ]_w
[_w k u ɨ ʃ u n ]_w
[_w u a d e n a s ]_w
[_w b e n u e k ]_w
[_w ɨ n e s a p o ]_w
[_w d ɨ d e m b i ]_w
[_w tʃ o t o ]_w
[_w i k s a m b o ]_w
[_w tʃ u i b a n t e ]_w
[_w tʃ i a n i a ]_w
[_w p a b a ]_w
[_w n a ʃ u n d e ]_w
[_w tʃ i a b i ]_w
[_w m a d o n ]_w
[_w i k m e ts i a ʃ ]_w
[_w u a tʃ i d o ʃ e ]_w
[_w d a n tʃ a ]_w
[_w b e d m e n u ]_w
[_w k a b e n ]_w
[_w a i d k i o b i ]_w
[_w n a m e k ]_w
[_w j e n k i o ]_w
[_w ɨ b ɨ d ]_w
[_w m a d ]_w
[_w o n k e ʃ o ]_w
[_w a d e m b i ]_w
[_w k u ɨ m a ]_w
[_w n a i m ɨ d ʃ o ]_w
[_w u d a n ]_w
[_w b a p a d a p i ]_w
[_w d a j a kː i o ]_w
[_w t ɨ j u k a i d ]_w
[_w a b i u k ]_w
[_w a t o ]_w
[_w k u e n ʃ o ]_w
[_w j u a b o ]_w
[_w k u i d p e p a ]_w
[_w a n o ʃ ]_w
[_w ɨ n ɨ d ]_w
[_w e d i o ]_w
[_w k e s a ]_w
[_w a b u k i n ]_w
[_w d a b u n ]_w
[_w d a n u b i ]_w
[_w a b i d i ]_w
[_w m a k a n o ]_w
[_w b i u m b o ]_w
[_w a p i b i ]_w
[_w ɨ m p i k e ]_w
[_w i k s a d e n ]_w
[_w n i d t o ʃ o n ]_w
[_w e d e m a i d ]_w
[_w k a i d ɨ n ]_w
[_w p u d u e d e k ]_w
[_w i k m e d a ]_w
[_w p i u kː i d ]_w
[_w n ɨ m p o p i ]_w
[_w u a ts i a k e ]_w
[_w b ɨ d a m e ʃ o ]_w
[_w i kː i d o b o ]_w
[_w tʃ i a n i a b o ]_w
[_w s i d o n d a ʃ ]_w
[_w k e o a p e k ]_w
[_w n i a k ]_w
[_w n i a n d e ]_w
[_w k u e m e ]_w
[_w ʃ o j o n k i o ]_w
[_w k u e m e k i d ]_w
[_w ɨ ʃ ɨ k i d ]_w
[_w u a n ]_w
[_w e s u s ts e n ]_w
[_w k u i ʃ o n ]_w
[_w m i ts i m b o ]_w
[_w i k m e k e ]_w
[_w i k b o k ]_w
[_w n e tʃ i d e k ]_w
[_w tʃ o p e p a ]_w
[_w ts a d e k i d ]_w
[_w n i d m e k i d ]_w
[_w n u a ]_w
[_w ts u s i o b o ]_w
[_w n a p e b a ]_w
[_w p a p a n u ]_w
[_w u ts i b o n ]_w
[_w u a n ɨ n ]_w
[_w tʃ o a n u ]_w
[_w a t o e k ]_w
[_w k a i ]_w
[_w tʃ i o m p i ]_w
[_w tʃ o m i a p i ]_w
[_w b a k u ɨ e s a ]_w
[_w a d o e n ]_w
[_w k u ɨ d e d i ]_w
[_w m e n e b o e d ]_w
[_w k i d i b a ]_w
[_w t i d i a n ]_w
[_w m e n e p o ʃ ]_w
[_w n a b o b i ]_w
[_w t ɨ tʃ i k ʃ o ]_w
[_w i k p a m b i d ]_w
[_w j u a k i n k ]_w
[_w ts a s i m b o ]_w
[_w d a n d i a k ]_w
[_w tʃ u i p o n ]_w
[_w p u a n u e n i ]_w
[_w n a tʃ i ]_w
[_w s a u e d a i d ]_w
[_w b u n e p i ]_w
[_w a d o e n d a k ]_w
[_w i k ʃ o ]_w
[_w b a t o n ]_w
[_w n i a n t e ]_w
[_w b a u s u n ]_w
[_w a d n u e n ]_w
[_w u b i d i ]_w
[_w k a ʃ u n d a n ]_w
[_w b a d p i d i ]_w
[_w n e t a ]_w
[_w k u e s t e n ]_w
[_w p e n u ]_w
[_w m ɨ j a n a k ]_w
[_w j a n a p i ]_w
[_w s e p u d k i n ]_w
[_w j a k ]_w
[_w tʃ i e ʃ ɨ n e k ]_w
[_w ts a d t a ]_w
[_w m a d o m p i ]_w
[_w i s b a n d e n ]_w
[_w m e n d a k ]_w
[_w b u n k i d o ]_w
[_w m a d i a d ]_w
[_w k u e s n u ]_w
[_w u ts i d e d i ]_w
[_w t e d ts i b u ]_w
[_w n i d n u k ]_w
[_w p u a n d a ]_w
[_w n a d a ]_w
[_w b a k u ɨ ʃ ]_w
[_w b e d p a ]_w
[_w i s u k u n a ʃ ]_w
[_w t i e d n o ]_w
[_w a i d ]_w
[_w tʃ o b e k a n ]_w
[_w b u a n ʃ o ]_w
[_w m i b ɨ d t a ]_w
[_w k a d a ʃ ]_w
[_w u ʃ t a n k i n ]_w
[_w k u ɨ n u m b o ]_w
[_w u a o m b i ]_w
[_w t e b i ]_w
[_w u a m b i k ]_w
[_w n i d m e k i n ]_w
[_w n i d a i d o ]_w
[_w a d o d a ]_w
[_w b a d n u k ]_w
[_w b ɨ tʃ i ]_w
[_w b u n e k ]_w
[_w ʃ i k t o d o ]_w
[_w ts i b a n a i d ]_w
[_w t o m a s ]_w
[_w i s a b e t ]_w
[_w j a k m i a i d ]_w
[_w k u ɨ d e k ]_w
[_w e s u s t e d a ]_w
[_w k u e m i a i d ]_w
[_w o b e k ]_w
[_w j u e n ]_w
[_w ɨ n a p e n ]_w
[_w s a n d e d e s ]_w
[_w p e d t a n ]_w
[_w j u ɨ ]_w
[_w u n ɨ s e k ]_w
[_w n i a n u ]_w
[_w b u tʃ i ]_w
[_w i s b a n ʃ o ]_w
[_w j a i d t a ]_w
[_w t a u i e k ]_w
[_w b e d e n d a ]_w
[_w u e p u d k i n ]_w
[_w b ɨ d a d a ]_w
[_w k u e s a i d ]_w
[_w j e n d a ]_w
[_w m i m p i ]_w
[_w tʃ o ʃ o n ]_w
[_w a d p e n ]_w
[_w k u e n k i o ]_w
[_w t a n d i o ]_w
[_w d i d a ]_w
[_w a b i m b o t e ]_w
[_w m e n e n a ʃ ]_w
[_w ɨ n u ]_w
[_w a n a n i a ʃ ]_w
[_w i s b a n d a ]_w
[_w m a ts e s ts e n ]_w
[_w p a b a n k i n ]_w
[_w k a b a k ]_w
[_w tʃ o p e b a ]_w
[_w k u e s t a ]_w
[_w b e t i k ]_w
[_w n a d k i d o ]_w
[_w a i d p i d i ]_w
[_w a d t a ]_w
[_w i s a d a i d ]_w
[_w k a p o n o ]_w
[_w tʃ o tʃ o b o n ]_w
[_w k a tʃ i d e k ]_w
[_w i n t o ʃ o n ]_w
[_w m e n e n u e k ]_w
[_w a i d p a k ]_w
[_w k u e s a ]_w
[_w n i n i p e ]_w
[_w m i m b i b i ]_w
[_w u a n u e k ]_w
[_w n i d a n ]_w
[_w e s m i d i n a ]_w
[_w j u a ]_w
[_w e n e j a s ]_w
[_w a n i n ]_w
[_w b ɨ k i n ]_w
[_w n i d m a n e ]_w
[_w m a t o t e ]_w
[_w k u i d n u ]_w
[_w i s m e b o ʃ ]_w
[_w n i a n t e n ]_w
[_w tʃ u i ]_w
[_w d e k t a ]_w
[_w tʃ u i k i d o ]_w
[_w m a m b i d ]_w
[_w m u s u k ʃ u n ]_w
[_w n a m e n k i o ]_w
[_w i k e n k i n ]_w
[_w t a b i ]_w
[_w k a b u k i n ]_w
[_w b e d a n e k ]_w
[_w k e b a b o k ]_w
[_w u a d i a ]_w
[_w i s m e ʃ o ]_w
[_w k a p a ts e n ]_w
[_w m e n e ʃ u n ]_w
[_w p u a n k i n ]_w
[_w tʃ o t a ]_w
[_w k u i d a d i ]_w
[_w k a k ]_w
[_w a b e n ts ɨ k i ]_w
[_w i s n a n e k ]_w
[_w i k p e ]_w
[_w i n d a k ]_w
[_w n a k i ]_w
[_w k a m e n u ]_w
[_w i m p u d ʃ u n ]_w
[_w m a ts e s a i d ]_w
[_w n i d a p i ]_w
[_w ʃ u b u d e k ]_w
[_w n e b i ]_w
[_w tʃ u i o a ʃ o ]_w
[_w n a k p a d e n ]_w
[_w tʃ i d o ʃ ]_w
[_w t e t e s t e ]_w
[_w p e m e k i d ]_w
[_w i k b o ʃ ]_w
[_w b a u k a i d ]_w
[_w n i a n a i d ]_w
[_w u e p u d a ʃ ]_w
[_w k i a ʃ ]_w
[_w k a n a ]_w
[_w d a n ɨ ʃ ɨ n ]_w
[_w n i d ʃ o ]_w
[_w u e k i n ]_w
[_w tʃ u ʃ k e k ]_w
[_w i k e j o k ]_w
[_w ts u s e d p a k ]_w
[_w t ɨ j u k a ʃ ]_w
[_w p u a n d e ]_w
[_w b a d o n ]_w
[_w tʃ o m i a i d o ]_w
[_w u n ɨ s a k ʃ o ]_w
[_w u ʃ t e ]_w
[_w t a b a n k i o ]_w
[_w m ɨ m u n k i o ]_w
[_w k e n u k ]_w
[_w tʃ o ʃ ]_w
[_w e d i s a b i ]_w
[_w u ts i m b i k ]_w
[_w m a ts e s a ʃ ]_w
[_w u a m e ʃ u n ]_w
[_w t a m b o ]_w
[_w ts a d k i d ]_w
[_w u a i n k i o ]_w
[_w k e ʃ o ]_w
[_w e b e s o ]_w
[_w tʃ i e k i n ]_w
[_w k u i d a n e k ]_w
[_w a d a m b i d ]_w
[_w i k n ɨ d a i d ]_w
[_w k u n k e k i d ]_w
[_w t a d a ]_w
[_w m a d o m b i ]_w
[_w a i d t a ]_w
[_w k u e n ]_w
[_w e s u s ɨ n ]_w
[_w n a d o k i n ]_w
[_w s a n d o a k ]_w
[_w k u ɨ d ʃ o ]_w
[_w t a n d i a ]_w
[_w k u ɨ n e k ]_w
[_w ʃ o n k a d e k ]_w
[_w t i t i a n u ]_w
[_w b e t e ]_w
[_w b a d a m e ]_w
[_w a k t e ts e n ]_w
[_w k u e m e b e k ]_w
[_w ts a d e p i n ]_w
[_w tʃ u i n a n e k ]_w
[_w t i d a ]_w
[_w k a n i a ʃ ]_w
[_w u ʃ ɨ n k i o ]_w
[_w k o m o d a ]_w
[_w a d o a i k ]_w
[_w n a b e b a ]_w
[_w a k a d ]_w
[_w d a b a d a k ]_w
[_w d a d a ʃ ]_w
[_w p e ʃ u n a ʃ ]_w
[_w d a b ɨ k a i d ]_w
[_w a d e n d a k ]_w
[_w p e d n a b e k ]_w
[_w i kː o k ]_w
[_w k u ɨ n k i n ]_w
[_w i k e k e ]_w
[_w n i d a k ]_w
[_w j a n a k i d ]_w
[_w ts a t e k i ]_w
[_w i k ts e k ]_w
[_w b ɨ tʃ i ʃ ]_w
[_w i s e n d a ]_w
[_w ʃ ɨ k u ɨ ]_w
[_w ɨ n e n t a ]_w
[_w k a ʃ u n u n a ]_w
[_w tʃ u i p a k ]_w
[_w n a m e d e ]_w
[_w p a ɨ d a ʃ t e ]_w
[_w a k ʃ u n ]_w
[_w k a ts i a ʃ ]_w
[_w k a o n t a ]_w
[_w i k b o n t a k ]_w
[_w u a d a n ]_w
[_w ts j u e kː i d ]_w
[_w e s u s ɨ m b i ]_w
[_w i s p o e t ]_w
[_w b u k u ]_w
[_w tʃ i k b o e t ]_w
[_w k a n i d e k ]_w
[_w b ɨ t a m e ]_w
[_w m a ts u n ]_w
[_w a m p o ]_w
[_w d a ɨ d ]_w
[_w m u a k i n k ]_w
[_w a t o ʃ ]_w
[_w p e d e n k i o ]_w
[_w k u i d b e k ]_w
[_w tʃ o e n t a ]_w
[_w ɨ m b a n a ʃ ]_w
[_w m u e s a m p o ]_w
[_w n a b a n e k i ]_w
[_w b ɨ d a m b a k ]_w
[_w tʃ u ʃ k a i d i ]_w
[_w i s m e k ]_w
[_w u ʃ u m p i e n ]_w
[_w j a n d a ]_w
[_w a t o n ]_w
[_w n i d t a ]_w
[_w b e d a ʃ ]_w
[_w u a i t ]_w
[_w u a ʃ o ]_w
[_w u a m i a k ʃ o ]_w
[_w ʃ ɨ n i ]_w
[_w n i b ɨ t e k e ]_w
[_w tʃ u i d e m o ]_w
[_w n a b o ]_w
[_w b e d ʃ u n ]_w
[_w u a m e d a ]_w
[_w tʃ i d o u i d i ]_w
[_w n a n a k i n ]_w
[_w n a m i a i d ]_w
[_w u d a s ]_w
[_w i k n ɨ t a ʃ ]_w
[_w s i d a ]_w
[_w p o n k i o ]_w
[_w k a j o ]_w
[_w k a d a ʃ i k ]_w
[_w t a n tʃ a ]_w
[_w u d a s k i n ]_w
[_w tʃ u i b a m e ]_w
[_w u n ɨ s m a n e ]_w
[_w n a d e n k i o ]_w
[_w s o n d a ʃ ]_w
[_w p u ʃ u d k i n ]_w
[_w s e s a d ɨ n ]_w
[_w n a b ɨ d ]_w
[_w n a i k ]_w
[_w s e d e k ]_w
[_w b u n a i d ]_w
[_w a m p e k i n ]_w
[_w k e k i n ]_w
[_w a b i tʃ o b i ]_w
[_w d a ɨ d e k ]_w
[_w n a m b o ]_w
[_w tʃ u d m e k i d ]_w
[_w s i a i d ]_w
[_w m a n ɨ d a i d ]_w
[_w k o n ]_w
[_w p o d o ]_w
[_w t a p a d p e k ]_w
[_w e t u s a d e n ]_w
[_w tʃ i a m b o ]_w
[_w k u i d e ]_w
[_w n a o ]_w
[_w d ɨ t e m b i ]_w
[_w b a i s ]_w
[_w b e k ]_w
[_w m e n e n u n ]_w
[_w b a d i a d a ]_w
[_w n e d i ]_w
[_w e t i a d e k ]_w
[_w tʃ i o m b i ]_w
[_w d a ɨ d ʃ o ]_w
[_w b e d o m b i ]_w
[_w u e s k i n ]_w
[_w i k a ʃ ]_w
[_w m i ʃ k i d ]_w
[_w d ɨ d i o n ]_w
[_w m a n a n ]_w
[_w s a t o m o n ]_w
[_w a i d o n ]_w
[_w b ɨ t a n a k ]_w
[_w k u i d ʃ o ]_w
[_w n a b i ]_w
[_w a p i u n a k ]_w
[_w ʃ u b u n ]_w
[_w n e p o ʃ ]_w
[_w b a ɨ m b o ]_w
[_w tʃ u k a n ]_w
[_w k u ɨ ʃ ]_w
[_w i k s a m p o ]_w
[_w m o k o ]_w
[_w i k t e ]_w
[_w u e d i p e ]_w
[_w p e k ]_w
[_w tʃ o b o ʃ ]_w
[_w i k p o ʃ ]_w
[_w ɨ m i a k ]_w
[_w k u i d a k ]_w
[_w ɨ n ɨ d n u k ]_w
[_w n a k i d ]_w
[_w t a b ɨ k a i d ]_w
[_w d i k i a ]_w
[_w ɨ b ɨ d t a ]_w
[_w s i d a s ]_w
[_w b a d a m b i d ]_w
[_w n a ʃ u n i ]_w
[_w a n o b i d i ]_w
[_w u d a s ɨ n ]_w
[_w tʃ u i b e n ]_w
[_w i s ts i a ʃ ]_w
[_w tʃ u d e n k i o ]_w
[_w a k i d o ]_w
[_w m e n e b i ]_w
[_w ɨ b e n ts ɨ k ]_w
[_w k a p o n t a ʃ ]_w
[_w k o m o t a ]_w
[_w ɨ n d e ]_w
[_w a k t e k i d ]_w
[_w a kː i d ]_w
[_w i s u n ]_w
[_w i k e ]_w
[_w k u i d t e d i ]_w
[_w tʃ ɨ ʃ t e n ]_w
[_w n ɨ n a i d o n ]_w
[_w i k b o n ]_w
[_w i k s a o ʃ ]_w
[_w d a u i e k ]_w
[_w k a i d i ]_w
[_w tʃ i e ʃ o ]_w
[_w tʃ u i o a d a ]_w
[_w n a u e d a k ]_w
[_w m a k u ɨ b o ]_w
[_w k a b i u n a k ]_w
[_w k a i n k i e k ]_w
[_w i s p o n d a ʃ ]_w
[_w i k s a i d ]_w
[_w o n k e s a ]_w
[_w b u d u a n e k ]_w
[_w ɨ m b i k ]_w
[_w a m b i d ]_w
[_w ts a d e b i ]_w
[_w k e n e n t a k ]_w
[_w p e ʃ u n ]_w
[_w a d o ts i a ʃ ]_w
[_w i kː i d ɨ n ]_w
[_w b e s t o ]_w
[_w n a ʃ ]_w
[_w n a i k e ]_w
[_w n i d t a n e k ]_w
[_w b a u s u n a k ]_w
[_w n u a d n u k ]_w
[_w k a i t ]_w
[_w k a tʃ i d o ]_w
[_w tʃ u i b a n o k ]_w
[_w tʃ o d k i a i t ]_w
[_w a d o e s a ]_w
[_w b e d a k ]_w
[_w j u a k i d o ]_w
[_w k a b a d t e n ]_w
[_w tʃ u i ʃ o n ]_w
[_w d a k ɨ n ɨ ]_w
[_w n u a d k i d o ]_w
[_w t a b o n o ]_w
[_w n a b a n k i n ]_w
[_w a n o kː i d ]_w
[_w n a m e ts i a ʃ ]_w
[_w t a ɨ e k ]_w
[_w u ʃ ɨ m b i ]_w
[_w u ts i u ts i e k ]_w
[_w n a p o b i d i ]_w
[_w i k s a ʃ o ]_w
[_w n i d o n ]_w
[_w k u e m e t a ]_w
[_w k e p e ]_w
[_w a d o k i d ]_w
[_w i s t e n ]_w
[_w k u ɨ d b o ʃ ]_w
[_w a p e n ]_w
[_w k u b u d e k ]_w
[_w n i d k i o ]_w
[_w t e d ts i ]_w
[_w d a p a ]_w
[_w k u i d a d i a ]_w
[_w p a s k u a s ]_w
[_w p u t ]_w
[_w n a p a n a ʃ ]_w
[_w n a n a k ]_w
[_w e d o e n k i o ]_w
[_w k u e m i a k ]_w
[_w j o k ]_w
[_w u a d e m p i ]_w
[_w n a p a k ]_w
[_w s a u d o ]_w
[_w a d o m b o k i ]_w
[_w i s b a n ʃ u n ]_w
[_w k a i n t a ]_w
[_w a m b e m b i ]_w
[_w a m b i ]_w
[_w k a n i a s ]_w
[_w i k s a k i ]_w
[_w p u a n u b i ]_w
[_w p a n ]_w
[_w t a ɨ d i ]_w
[_w k u d a s a ]_w
[_w m a tʃ o ]_w
[_w n a b a n t e ]_w
[_w s i e d e ]_w
[_w k a i d k i n ]_w
[_w tʃ ɨ ʃ ɨ n ]_w
[_w b a d a s ]_w
[_w k a k i e n ]_w
[_w b e d e d o ]_w
[_w a p i a ]_w
[_w e s t e n ]_w
[_w tʃ o m e p o ʃ ]_w
[_w t e d ʃ u n ]_w
[_w b e d t a n e k ]_w
[_w n i d t o ]_w
[_w j a i d o ]_w
[_w tʃ u i b o e d o ]_w
[_w a d o e n k i n ]_w
[_w o n k i a i d ]_w
[_w n a p o e d ]_w
[_w k i a ʃ i ]_w
[_w i s a j a s ɨ n ]_w
[_w p i tʃ i k a p i ]_w
[_w m i b i a ]_w
[_w b e d t a n ]_w
[_w i s t e k i d ]_w
[_w u a m e ]_w
[_w n i d m e ʃ u n ]_w
[_w t i a d ]_w
[_w b e d t e k ]_w
[_w b ɨ n u a ]_w
[_w u n ɨ s k i o ]_w
[_w n a u i d i a ]_w
[_w m a d o b ɨ d ]_w
[_w e b a ]_w
[_w tʃ u tʃ u ]_w
[_w t e d e k i d ]_w
[_w tʃ o b i ]_w
[_w k u e s a m b o ]_w
[_w m a d a m p i ]_w
[_w n a b a n a k i ]_w
[_w tʃ o tʃ o k i t ]_w
[_w p a b a t e n ]_w
[_w tʃ o k o k a p i ]_w
[_w u a i m b i ]_w
[_w t a n d i a n ]_w
[_w k u i d a n ]_w
[_w b u d p o ʃ ]_w
[_w m i ʃ o ʃ ]_w
[_w i s k i e n ]_w
[_w i s a j a s ]_w
[_w i kː i n ]_w
[_w i s o a i k ]_w
[_w k e ʃ o b i ]_w
[_w tʃ o tʃ o k i n ]_w
[_w ʃ ɨ n i s i ]_w
[_w b i ts i ]_w
[_w d e d p e ]_w
[_w n e p a n ]_w
[_w j a m p a k ]_w
[_w ɨ p e n ts ɨ k ]_w
[_w t a b a d n u ]_w
[_w i s u k u n ]_w
[_w u a ʃ ]_w
[_w tʃ u i b a j o n ]_w
[_w i k ts e n o ʃ ]_w
[_w t ɨ tʃ u ]_w
[_w k a i b a s ɨ n ]_w
[_w n a ʃ u n a i d ]_w
[_w b o d i a ʃ ]_w
[_w m ɨ j a n a i d ]_w
[_w j a u k ]_w
[_w m a n a ]_w
[_w k u e m b o ʃ ]_w
[_w k a i n k i d o ]_w
[_w k a p u e k i n ]_w
[_w tʃ u i d a d a ]_w
[_w m e n d o a k ]_w
[_w i k e n t a b i ]_w
[_w e s u s b ɨ d i ]_w
[_w n a n d a ]_w
[_w t ɨ d e ʃ u n ]_w
[_w ɨ n t a ]_w
[_w u a b a n a k ]_w
[_w ʃ u b i k i n ]_w
[_w p u a n ʃ o ]_w
[_w p a d i k ]_w
[_w d a n t a n e k ]_w
[_w b a k a ]_w
[_w n u k i ]_w
[_w b ɨ d a m b i ]_w
[_w u a k ʃ o ]_w
[_w t ɨ k a d i o n ]_w
[_w n a b a n ɨ n ]_w
[_w u a n u e n ]_w
[_w m u a k i d o n ]_w
[_w m i b i ]_w
[_w j u e d k i o ]_w
[_w n a o n d a ʃ ]_w
[_w u a m e k i n ]_w
[_w i s p a n e k ]_w
[_w i s u m b i k ]_w
[_w i k b o m b i ]_w
[_w k a n i a i d ]_w
[_w p u n t o ʃ o ]_w
[_w b u n e b i ]_w
[_w m ɨ m u n k i d ]_w
[_w t i ʃ t e ]_w
[_w p u n a ]_w
[_w u a p i d e t i ]_w
[_w a p i d e d a ]_w
[_w k u d a s t e ]_w
[_w u a k ]_w
[_w a i d o ]_w
[_w k a i d t e ]_w
[_w u a m i a b i ]_w
[_w n i a k i ]_w
[_w n a m i ]_w
[_w ʃ ɨ b i ]_w
[_w b e b a ]_w
[_w tʃ u i p a n e k ]_w
[_w b a d b i d i ]_w
[_w o n k e p o ʃ ]_w
[_w b a ɨ d e k ]_w
[_w n a n u ]_w
[_w m a d i a ]_w
[_w i n k i d ɨ n ]_w
[_w a d b e ]_w
[_w i k b o k n o ]_w
[_w k a i n d a k ]_w
[_w t a n d e ]_w
[_w o d a kː i o ]_w
[_w t a u i t i o ]_w
[_w k u ɨ d b e ]_w
[_w ʃ u b u b i d i ]_w
[_w n a d e n ]_w
[_w k e d e k ]_w
[_w i s m e n k i o ]_w
[_w u n ɨ s a n ]_w
[_w i k m e ʃ u n ]_w
[_w t i e s a ]_w
[_w n a b a n o k e ]_w
[_w j a m b i d ]_w
[_w i s n u e ʃ o ]_w
[_w n i t o ʃ e ]_w
[_w ts u s i o ]_w
[_w n a i n k i o ]_w
[_w a d e k i d o ]_w
[_w t a n d i o k ]_w
[_w a b i m b o ]_w
[_w t a n e k i d ]_w
[_w k a b o ʃ ]_w
[_w ʃ ɨ n i s i n ]_w
[_w b a s k u a s ]_w
[_w t a n t e ]_w
[_w t e d i ]_w
[_w n a u e t e ]_w
[_w n ɨ b i ]_w
[_w b ɨ j u k a i t ]_w
[_w b a b ɨ d ]_w
[_w u a p o ]_w
[_w u d i m b o e n ]_w
[_w n i s t e ]_w
[_w t a b a d o ]_w
[_w t e t i ]_w
[_w n a t ]_w
[_w m e n e ]_w
[_w i s m e k i t ]_w
[_w a i d p i d e ]_w
[_w k a d e ]_w
[_w d e p i ]_w
[_w e s u s i e n ]_w
[_w n a d e ]_w
[_w n i b ɨ d ]_w
[_w u a d a n k i n ]_w
[_w i n a i d ]_w
[_w i kː i n t a ]_w
[_w u a m b o ]_w
[_w m i b ɨ d e k e ]_w
[_w n i d o a d a ]_w
[_w b ɨ d a m b i d ]_w
[_w b a ɨ d a i t ]_w
[_w k e n k i o ]_w
[_w i kː i m b i b i ]_w
[_w i n a k ]_w
[_w s a n d e n ]_w
[_w d a ɨ d p e n ]_w
[_w i k s a k i e n ]_w
[_w i kː i d ts e n ]_w
[_w o n k e b o e d ]_w
[_w e d i a s ]_w
[_w i s a n k i n ]_w
[_w i s p a n d a ]_w
[_w i k m e n u ]_w
[_w n ɨ u ɨ ʃ k i o ]_w
[_w b u a m p i ]_w
[_w n a b o e d ]_w
[_w n i s i o ]_w
[_w b a d a k ]_w
[_w k a b a m b o ]_w
[_w k u i d t e ]_w
[_w n i d b e k ]_w
[_w n i d m i a i d ]_w
[_w k a b o e d o n ]_w
[_w n a i m b a k ]_w
[_w a d a ]_w
[_w i kː o ]_w
[_w m a n a n k i n ]_w
[_w i k s a i n t a ]_w
[_w a k m i a k ]_w
[_w b u n k i d ɨ n ]_w
[_w tʃ u i p e n ]_w
[_w tʃ u i n u ]_w
[_w j a n k i o ]_w
[_w a d o p i d i ]_w
[_w t i ʃ p a k ]_w
[_w m i n ]_w
[_w k e ʃ o b i e n ]_w
[_w n a d o p o n o ]_w
[_w s i d i a ]_w
[_w k a b o e t ]_w
[_w m a d o m b i n ]_w
[_w tʃ o b e b a ]_w
[_w t i ʃ a k ʃ o ]_w
[_w n i d m e k ]_w
[_w n a d e t i ]_w
[_w j u a k i d ɨ n ]_w
[_w p e n k i o ]_w
[_w a m p o ʃ ɨ ]_w
[_w tʃ o m e b o ʃ ]_w
[_w i k o a d a ]_w
[_w b a d e n ]_w
[_w tʃ o a i k ]_w
[_w t a n d a ]_w
[_w tʃ i e n d a ]_w
[_w k a k t a ]_w
[_w ɨ n a b i ]_w
[_w p e t o ]_w
[_w n a i s a ]_w
[_w k u ɨ n ]_w
[_w b e m i a i d ]_w
[_w s e k a ʃ ]_w
[_w b i u m p o ]_w
[_w k e n t a ]_w
[_w n i b ɨ d n u k ]_w
[_w n u k i e n ]_w
[_w u i n d a k ɨ n ]_w
[_w tʃ ɨ n k e k i t ]_w
[_w b ɨ n ɨ b ɨ d ]_w
[_w k u i d a t e k ]_w
[_w ts a d ʃ o ]_w
[_w k u e s n u ʃ e ]_w
[_w tʃ o m e k i n ]_w
[_w a k t e t i ]_w
[_w m e n e n u e n ]_w
[_w d ɨ n i a k ]_w
[_w n a m e n u e n ]_w
[_w d i e d ]_w
[_w n a b o e d o n ]_w
[_w m e n i a k i ]_w
[_w n i t e k ]_w
[_w m ɨ m u n u n a ]_w
[_w p e p e k ]_w
[_w ɨ ʃ ɨ a k ʃ o ]_w
[_w tʃ o e n d a ]_w
[_w tʃ o d o ]_w
[_w u ts i b o e n ]_w
[_w u a i d ]_w
[_w p e d t a n e k ]_w
[_w b u n k i o ]_w
[_w b a d n u ]_w
[_w i n a i t ]_w
[_w n i d m e b o ʃ ]_w
[_w i k n u k ]_w
[_w o n e s i m o n ]_w
[_w m e n i a ʃ ]_w
[_w ɨ n a ʃ ]_w
[_w t a n e k ]_w
[_w k a k u m e k ]_w
[_w b e d m e k ]_w
[_w k a p u k i n ]_w
[_w a t e m a i d ]_w
[_w k e n u e k t a ]_w
[_w a d o d e d i ]_w
[_w a t a b a b ɨ d ]_w
[_w t a b a d e b i ]_w
[_w i s n u n a ]_w
[_w b e d e m p i ]_w
[_w a n o b i ]_w
[_w tʃ i e k t a ]_w
[_w m e n e d i ]_w
[_w n a n ɨ d a i t ]_w
[_w k u i d e k e ]_w
[_w j u e d n u n a ]_w
[_w p u i n t a ]_w
[_w k a n u n ]_w
[_w j a m b i t ɨ n ]_w
[_w k e d e k i d ]_w
[_w j u e k a ʃ ]_w
[_w n a d o n ]_w
[_w n a m p o ]_w
[_w t i a n ]_w
[_w i s p a n ʃ u n ]_w
[_w i kː i n d a k ]_w
[_w n a m e n u ]_w
[_w n a d k i d ]_w
[_w u s u n e k ]_w
[_w tʃ o m i a ʃ ]_w
[_w tʃ i o ʃ e ]_w
[_w i s t a n k i d ]_w
[_w j a k p a d e k ]_w
[_w k a i b a s ]_w
[_w i s n u e k i n ]_w
[_w u i n t a d o ]_w
[_w u a d e m b i ]_w
[_w k u ɨ n o d e n ]_w
[_w t a ɨ ]_w
[_w k e o a i k ]_w
[_w t a b a d a i d ]_w
[_w b ɨ n ɨ b ɨ d i ]_w
[_w tʃ u d m e k ]_w
[_w k a p u e p i ]_w
[_w u a m i a i d ]_w
[_w i s o n t a ʃ ]_w
[_w t i e d ]_w
[_w d i d i n k e k ]_w
[_w p u n a i d ]_w
[_w b a p a ts i a ʃ ]_w
[_w d e d ts ɨ k i ]_w
[_w b a ɨ d a ʃ ]_w
[_w i k n u b i ]_w
[_w a d o ts i b i k ]_w
[_w i s e m b i k ]_w
[_w n a p a n a i d ]_w
[_w i k o a i b i ]_w
[_w i s e m b i ]_w
[_w j a k n u ɨ ʃ ]_w
[_w i k s a k i n ]_w
[_w s a u d o n ]_w
[_w k u e n e k ]_w
[_w tʃ o a k m i a k ]_w
[_w n i d m e ]_w
[_w t a n u ]_w
[_w e t o e n k i o ]_w
[_w ɨ m p i ]_w
[_w i kː i d o n ]_w
[_w m a d o m o n ]_w
[_w k e p a k ]_w
[_w n a i s a p e k ]_w
[_w a d e k i d ]_w
[_w k e k t a m e ]_w
[_w u a b a n e k ]_w
[_w k u e s t e ]_w
[_w ts u d a i d ]_w
[_w d a b o ]_w
[_w m u a m b o ]_w
[_w m e n i a i d ]_w
[_w t a k ɨ n ɨ ]_w
[_w n a p a n u k ]_w
[_w n i a n k i n ]_w
[_w k a i n t a k ]_w
[_w m a j a n ɨ n ]_w
[_w n ɨ i d t e t i ]_w
[_w i k m e t e ]_w
[_w u d i k ts ɨ k ]_w
[_w k u ɨ d p o ʃ ]_w
[_w tʃ o b o n ]_w
[_w i k t i k ]_w
[_w b u a n ʃ u n ]_w
[_w u n ɨ s a i d ]_w
[_w d a p o n d a ʃ ]_w
[_w a b i a ]_w
[_w t a ɨ d p e n ]_w
[_w i n d o ʃ o n ]_w
[_w n i d ]_w
[_w b e d b a ]_w
[_w j a n o n ]_w
[_w m a n a n e k ]_w
[_w b a d p e k ]_w
[_w u ts i e k ]_w
[_w n a ʃ o ]_w
[_w n i d t e d i ]_w
[_w tʃ o a k i n ]_w
[_w k a m e n k i o ]_w
[_w i s a k ]_w
[_w tʃ e d o n ]_w
[_w j a i d ]_w
[_w u d i m b o ]_w
[_w a k i d o n ]_w
[_w ts a d e b i k e ]_w
[_w n i k o d e m o ]_w
[_w b a n ]_w
[_w ts i b a n e s a ]_w
[_w k u i d i ]_w
[_w b ɨ d a n o b i ]_w
[_w m u a k i d a ]_w
[_w k a b a ts e n ]_w
[_w tʃ i d o n d a ʃ ]_w
[_w ʃ u b i k ]_w
[_w a n k a k i n ]_w
[_w s e k a p o ʃ ]_w
[_w tʃ u i t a k ]_w
[_w s i m o n ]_w
[_w s e k a i t ]_w
[_w n a d b e n ]_w
[_w b e m e k i n k ]_w
[_w a p i a m b i a ]_w
[_w j u e k ʃ u n ]_w
[_w k e k i ]_w
[_w d a n d i a ]_w
[_w j e k ]_w
[_w p e k i d o n ]_w
[_w ʃ u m a ]_w
[_w k a ʃ o ]_w
[_w j a m b i k ]_w
[_w tʃ e k i d ]_w
[_w k a b u k ]_w
[_w j a n e n d a ]_w
[_w a k o b o ]_w
[_w i k m e k ]_w
[_w p a d i a i d ]_w
[_w tʃ i d o n ]_w
[_w m ɨ d a n ]_w
[_w u a n k i d ]_w
[_w k u e m e k i n ]_w
[_w m i k i ]_w
[_w i k p o m p i k ]_w
[_w k u ɨ n o t e n ]_w
[_w o m b o ]_w
[_w k u ɨ e k ]_w
[_w ts a t ]_w
[_w n a i k i n i ]_w
[_w u a p a n ʃ u n ]_w
[_w b i u m p o ʃ ɨ ]_w
[_w d a p a b ɨ d i ]_w
[_w n i d e n d a ]_w
[_w u b i d e t i ]_w
[_w b e t e s a ]_w
[_w b e d e ]_w
[_w tʃ o a ʃ ]_w
[_w i k s a d e ]_w
[_w m i d e d i ]_w
[_w a d n u b i ]_w
[_w p u d i o ]_w
[_w k a b a j o k ]_w
[_w a m p i k ]_w
[_w u ts i n ]_w
[_w n i a k e k ]_w
[_w k a i d a ]_w
[_w tʃ u i d a ]_w
[_w n ɨ i ʃ m i a k ]_w
[_w a i d b ɨ d i ]_w
[_w i s m e b a k ]_w
[_w i k n u e k i n ]_w
[_w tʃ u i b a n ]_w
[_w b e d m e m p i ]_w
[_w i kː o m b i ]_w
[_w a p e n ts ɨ k ]_w
[_w b ɨ m i a k ]_w
[_w a t o e s a ]_w
[_w k a p u ʃ o ]_w
[_w u d a ]_w
[_w k u ɨ n o d e ]_w
[_w b e m e n u e k ]_w
[_w i s m i a k ]_w
[_w t i ʃ k i n ]_w
[_w k a i n k i e n ]_w
[_w a s i a ]_w
[_w o n k e n u k ]_w
[_w ɨ p i d a d o ]_w
[_w tʃ u ʃ k a k i n ]_w
[_w j a n u b i ]_w
[_w k a k i d o n ]_w
[_w t i d i n ]_w
[_w t a n d i e s a ]_w
[_w p e s t o n ]_w
[_w t a n k i n ]_w
[_w u e s k i n k ]_w
[_w u ts i e n ]_w
[_w p u a m i a i d ]_w
[_w i k m i a k ]_w
[_w k o d n e d i ]_w
[_w a b o d e n ]_w
[_w tʃ i a n e k ]_w
[_w m a m i ʃ k i t ]_w
[_w k a p u e k i ]_w
[_w m e n e n t a k ]_w
[_w t a n t i e s a ]_w
[_w j a n o a i k ]_w
[_w b u n ʃ o ]_w
[_w p e d m e n t a ]_w
[_w n a b a m p i ]_w
[_w a k t a ]_w
[_w a m ɨ n ]_w
[_w tʃ u ʃ k a i k ]_w
[_w tʃ u i p o ʃ i ]_w
[_w tʃ u i m i a i d ]_w
[_w a d o t a ]_w
[_w n a u e d e ]_w
[_w i s p e k ]_w
[_w b ɨ d a n o k e ]_w
[_w i k s a o p i ]_w
[_w e m p i ]_w
[_w m a ts e s b ɨ d ]_w
[_w u ʃ a n e k i d ]_w
[_w u a ʃ u m p o ]_w
[_w a b i d ɨ n ]_w
[_w ts j u e k ʃ u n ]_w
[_w u a tʃ i t o p i ]_w
[_w a b e n ts ɨ ]_w
[_w n i d o a i d ]_w
[_w o n k e b o b i ]_w
[_w n a d b o e d ]_w
[_w ɨ ʃ ɨ m p o ʃ ]_w
[_w u a k p a n ]_w
[_w a d i k ʃ o ]_w
[_w n a ʃ u n d a ]_w
[_w p u n k i o ]_w
[_w a b i ]_w
[_w n a ts i a ]_w
[_w j a n o ]_w
[_w p e t e j a ]_w
[_w u b a ]_w
[_w k u ɨ n a i t ]_w
[_w tʃ u i b e k ]_w
[_w b e n u ʃ e ]_w
[_w m e n e b o ʃ i ]_w
[_w t a u a n ]_w
[_w k ɨ n ɨ ]_w
[_w ɨ b i e n ]_w
[_w j a n ts i a p i ]_w
[_w n a d i a s ɨ n ]_w
[_w b e k tʃ o ]_w
[_w t e d t u d o n ]_w
[_w i k p a ts i a ʃ ]_w
[_w tʃ o ʃ o ]_w
[_w n ɨ b i d a ]_w
[_w u ts i b o e d ]_w
[_w t a p a d t e n ]_w
[_w b e p e k ]_w
[_w u m u m b o ʃ ɨ ]_w
[_w b a n ɨ m b o ]_w
[_w ɨ b i d e d i ]_w
[_w n i s t e t a ]_w
[_w n a i t ]_w
[_w a d n u b i e k ]_w
[_w p e d e n d a k ]_w
[_w n a ʃ u n t e ]_w
[_w u a k i n k ]_w
[_w tʃ u i n u b i ]_w
[_w k a b i ]_w
[_w p a ɨ d a ʃ ]_w
[_w t ɨ tʃ i k ʃ u n ]_w
[_w ɨ b e m b i d o ]_w
[_w n a d o d a n ]_w
[_w tʃ u ʃ k i n ]_w
[_w u a t a i d ]_w
[_w tʃ e d o b ɨ d i ]_w
[_w ts u s e d p a n ]_w
[_w e k i p i ]_w
[_w i k ʃ u n ]_w
[_w n e o a i k ]_w
[_w e t e s ]_w
[_w i k p a j o k ]_w
[_w b o n k i o ]_w
[_w j u a n u n a ]_w
[_w p o t i a ʃ ]_w
[_w b u a n a ʃ ]_w
[_w tʃ o a o b i ]_w
[_w n i b ɨ d i ]_w
[_w u ʃ n u b i k ]_w
[_w k a s ɨ t u ]_w
[_w t u k ]_w
[_w k a b o ʃ i ]_w
[_w a k t a d a ʃ ]_w
[_w u ʃ t a n e k ]_w
[_w ɨ ʃ ɨ m p i ]_w
[_w n a i ]_w
[_w p a p a d e n ]_w
[_w b u a n u ]_w
[_w t i b o e d ɨ n ]_w
[_w k a m i a i d o ]_w
[_w k a ʃ u n k i d ]_w
[_w u t i ]_w
[_w u a i m b a k ]_w
[_w i s u i d i ]_w
[_w b e d e k i ]_w
[_w n i a k m a i d ]_w
[_w u a b i ]_w
[_w k a b a j o ]_w
[_w m u e k i n ]_w
[_w tʃ i b i d e d i ]_w
[_w k u e n t a b i ]_w
[_w p e d e n t a k ]_w
[_w tʃ i a m p o p i ]_w
[_w k ɨ d a u d i o ]_w
[_w b e m e k i n ]_w
[_w k e n u b i k ]_w
[_w t a n d i e k o ]_w
[_w b ɨ k i d ]_w
[_w s a n t e ]_w
[_w i kː o b i ]_w
[_w n a m e k i d ]_w
[_w m e n e b a n ]_w
[_w i k m i o ʃ i ]_w
[_w j a n a k i n ]_w
[_w b e d e n ]_w
[_w i n d o a i d i ]_w
[_w k a t o k e ]_w
[_w tʃ u i m i a p i ]_w
[_w a d o p o ]_w
[_w e s t e b a n ]_w
[_w b a b a ts e n ]_w
[_w m u e k ]_w
[_w t a n t i e s ]_w
[_w m u s u k a i d ]_w
[_w k e p o e d ]_w
[_w k a b e ]_w
[_w d a b a m b i k ]_w
[_w t a n k i d ]_w
[_w tʃ u i b a n t a ]_w
[_w k a tʃ i n a i d ]_w
[_w d a b a d a ]_w
[_w m e n e ʃ o ]_w
[_w a b ɨ t i ]_w
[_w k u n k e k i ]_w
[_w tʃ u i m e k ]_w
[_w u s u n k i d ]_w
[_w n a ʃ u n ʃ o ]_w
[_w s a n t e p o ]_w
[_w s a d e ]_w
[_w n i s i ]_w
[_w u a m e n k i o ]_w
[_w m i d e d ]_w
[_w k u ɨ d p e n ]_w
[_w tʃ i k t e n e k ]_w
[_w i s o n d a i d ]_w
[_w ɨ b e m p i d ]_w
[_w p u n e n d a k ]_w
[_w i k s a i n d a ]_w
[_w p a k u ɨ n ]_w
[_w t a k u ɨ e k ]_w
[_w tʃ o m e k i d ]_w
[_w tʃ u i k i n i ]_w
[_w n i a k e ]_w
[_w k u e m e b e ]_w
[_w k a i n k i n ]_w
[_w u ɨ d ɨ k e k ]_w
[_w b a b a n ]_w
[_w n ɨ i d o n ]_w
[_w t a u i t i ]_w
[_w i s a p i ]_w
[_w b e d ]_w
[_w d a b a ]_w
[_w s i m o n ɨ n ]_w
[_w p e d e k ]_w
[_w k a j o n ]_w
[_w b e t e m b i ]_w
[_w u ɨ ʃ ɨ m b o ]_w
[_w i s e k e ]_w
[_w u d e j a ]_w
[_w n ɨ n a i d ]_w
[_w t a ɨ d ts ɨ k i ]_w
[_w tʃ e d o b ɨ d ]_w
[_w t e d ]_w
[_w t a u i t e k ]_w
[_w b u a n a i d ]_w
[_w s i o n ]_w
[_w a kː a p o ]_w
[_w tʃ o n o ʃ e ]_w
[_w p u a n a k ʃ o ]_w
[_w i s ts i a ʃ e ]_w
[_w a b u k ʃ u n ]_w
[_w o n k e k i d ]_w
[_w t o m a ]_w
[_w tʃ a m b i ]_w
[_w tʃ u ʃ k a i d a ]_w
[_w b u n e n k i o ]_w
[_w tʃ u k a m p o ]_w
[_w a d a m p i d ]_w
[_w t a ɨ d e k ]_w
[_w i k ʃ o b i ]_w
[_w a b e d ɨ n ]_w
[_w i s k i d o n ]_w
[_w p e d m e k ]_w
[_w i k s a i s a ]_w
[_w t a ɨ n o ]_w
[_w tʃ i a m b i k ]_w
[_w m e n e p a n ]_w
[_w a d o m b i ]_w
[_w p o d e k ]_w
[_w a n a n u n ]_w
[_w k a n i ʃ u n ]_w
[_w b e t a k ]_w
[_w n i d e ]_w
[_w n u k i d ]_w
[_w m u e s a d e d ]_w
[_w t i a t ]_w
[_w tʃ i a n ]_w
[_w j a n ts i a ʃ ]_w
[_w k u e s a m p o ]_w
[_w m i ʃ k i n ]_w
[_w a d o b o ]_w
[_w o n k i a ʃ ]_w
[_w i m b u d ʃ u n ]_w
[_w d i e s a ]_w
[_w u a k i d ɨ n ]_w
[_w k u i d ʃ u n ]_w
[_w tʃ u d t e ]_w
[_w i s a k ɨ n ɨ ]_w
[_w d e k t a n e k ]_w
[_w b u m b i e n ]_w
[_w d a p a t a i d ]_w
[_w a t e n k i o ]_w
[_w a m b i a ]_w
[_w b ɨ d a n ʃ u n ]_w
[_w n i d o a ʃ ]_w
[_w b u d i o ]_w
[_w i s m e ʃ u n ]_w
[_w tʃ o tʃ o b o e d ]_w
[_w tʃ i e ʃ ɨ m b o ]_w
[_w b e d k i o b i ]_w
[_w b a d i a s ]_w
[_w k a k i n ]_w
[_w n i d n u n ]_w
[_w n a b a n ʃ o ]_w
[_w t a p a d a ʃ ]_w
[_w i k s a b e ]_w
[_w j u a n ]_w
[_w t a b a d a ʃ i ]_w
[_w m i b ɨ d k i n ]_w
[_w a b u k ]_w
[_w tʃ o ts e k ]_w
[_w i k m e ]_w
[_w s i t o n ]_w
[_w s a k e j o k ]_w
[_w k a p o n ]_w
[_w tʃ u m p o ]_w
[_w k u ɨ m b o ]_w
[_w i k s a o k ]_w
[_w k u n k e k ]_w
[_w a t o a i d ]_w
[_w b e d p a ʃ ]_w
[_w tʃ o n o a ]_w
[_w a p i d e d i ]_w
[_w u n ɨ s a p i ]_w
[_w i s m e n u e k ]_w
[_w n i d ts i a ʃ ]_w
[_w tʃ o n o ]_w
[_w tʃ u m b o ʃ o n ]_w
[_w t a n d a n ]_w
[_w ɨ b i b i ]_w
[_w m i ʃ k i a i t ]_w
[_w t a n d i e k ]_w
[_w t a d a n e k ]_w
[_w b a b a b o n ]_w
[_w k a b u e k i n ]_w
[_w m ɨ j a n t e ]_w
[_w tʃ o b a d i k ]_w
[_w n ɨ i ʃ u n ]_w
[_w b ɨ d a m e ]_w
[_w k e d e n d a k ]_w
[_w b u d u e n ʃ o ]_w
[_w m o i s e s ɨ n ]_w
[_w a b i ts e n ]_w
[_w n a tʃ i d e k ]_w
[_w u a m p a k ]_w
[_w u a ts i a k ]_w
[_w ʃ u e b u d a ʃ ]_w
[_w m i ts i m b i ]_w
[_w b u a n a k ]_w
[_w k a ʃ u n ]_w
[_w j u a k i n i ]_w
[_w tʃ i k b o b ɨ d ]_w
[_w k a d i d a ]_w
[_w i k m e k i n k ]_w
[_w b o d k e d ɨ n ]_w
[_w n ɨ i d i k ]_w
[_w i s t a n k i n ]_w
[_w u a i d o n ]_w
[_w k a p e n ]_w
[_w b o t e ]_w
[_w i s a i d o ]_w
[_w m i b i b i ]_w
[_w e d o d e ]_w
[_w t a d s o ]_w
[_w k a m i a ʃ ]_w
[_w ɨ n ɨ ]_w
[_w b a d e s a ]_w
[_w p u d ts a n ]_w
[_w u a n u n ]_w
[_w i s m e n t a k ]_w
[_w p e d n u ]_w
[_w n a n u e k ]_w
[_w j a m b e m p i ]_w
[_w o m b o ʃ ɨ ]_w
[_w k e ts i a b i ]_w
[_w tʃ o k i d o n ]_w
[_w i k s a m e t e ]_w
[_w o n k e n d a k ]_w
[_w b o d o s a s ]_w
[_w u ɨ d ɨ n d e n ]_w
[_w k a b o e d o ]_w
[_w a b i b i ]_w
[_w m a d a m i a k ]_w
[_w u ʃ u m b o ]_w
[_w s i d a s ɨ n ]_w
[_w a b i m p o ]_w
[_w m a ts e s u n ]_w
[_w a d o m b o e n ]_w
[_w m u a i d ]_w
[_w tʃ o a o p i ]_w
[_w i k s a t e ]_w
[_w d a n k i n ]_w
[_w t a ɨ t e k ]_w
[_w t a t a ]_w
[_w b o t o s ɨ n ]_w
[_w i s b a n k i n ]_w
[_w a i d o b i ts i ]_w
[_w i k o a b o ʃ ]_w
[_w d a b a d o ]_w
[_w p u d k i n ]_w
[_w p o d e ]_w
[_w k a i s a ]_w
[_w s e k a n u b i ]_w
[_w t i d o n ]_w
[_w p a d e d k i o ]_w
[_w i kː o ʃ ]_w
[_w m i b i e n ]_w
[_w ɨ b ɨ t ]_w
[_w s i k a i d o ]_w
[_w b e d a b i ]_w
[_w n a p a n ʃ u n ]_w
[_w p u a n e k ]_w
[_w tʃ o m i a k ʃ o ]_w
[_w i s b e k ]_w
[_w a n a s ]_w
[_w u a k p a d e k ]_w
[_w b e d n u e n ]_w
[_w u a k i d o ]_w
[_w d a ɨ e k ]_w
[_w tʃ u i d e ]_w
[_w tʃ u i d a n e k ]_w
[_w n a m e n t a ]_w
[_w b a k u ɨ m a ]_w
[_w k u ɨ ʃ ɨ d e d ]_w
[_w a i d u i d i ]_w
[_w i sː u n ]_w
[_w b u n ʃ u n ]_w
[_w i k a i d ]_w
[_w k a p u e k ]_w
[_w b a ɨ d ʃ o ]_w
[_w tʃ i a n i a i d ]_w
[_w tʃ o k o k a i d ]_w
[_w i k s a d e d i ]_w
[_w d a b a d a o n ]_w
[_w u i d ɨ n k i n ]_w
[_w a b i d e d a ]_w
[_w s o n t a ʃ ]_w
[_w j a n o b i ]_w
[_w i s o m b i ]_w
[_w m e n i a k ʃ o ]_w
[_w b e d e s ]_w
[_w b u a m i a k ]_w
[_w u n ɨ s t a ]_w
[_w b e d t i a d e ]_w
[_w u ʃ ɨ m b e ]_w
[_w a u k ]_w
[_w m u e s a k ]_w
[_w n ɨ m b o ]_w
[_w n i d a m p i k ]_w
[_w tʃ u i o a i d ]_w
[_w a b e t ɨ n ]_w
[_w k a b o e d i ]_w
[_w i k t i o n ]_w
[_w b e n u n ]_w
[_w o d i b o s ]_w
[_w d a d a n e k ]_w
[_w n u a kː i d ]_w
[_w n a ʃ u n u ]_w
[_w s i d a s b ɨ t ]_w
[_w tʃ i a k i ]_w
[_w e m b i ]_w
[_w a i d o b ɨ d ]_w
[_w i kː i m p i k ]_w
[_w a d ʃ o ]_w
[_w a s o m p i ]_w
[_w a n k ɨ n ɨ ]_w
[_w a d a b i ]_w
[_w u a m b i d ]_w
[_w tʃ u i b a n d e ]_w
[_w n a m e t e ]_w
[_w a d k i t ]_w
[_w n a u i d i ]_w
[_w p a ts e n ]_w
[_w k u ɨ m p i ]_w
[_w b ɨ d a ʃ ]_w
[_w a d o b ɨ d i ]_w
[_w a k n u n a ]_w
[_w d e d ts i a ʃ ]_w
[_w tʃ i e ]_w
[_w a d e n ]_w
[_w m a d i a t ]_w
[_w m ɨ d a n o p o ]_w
[_w p e d a n k i n ]_w
[_w d a b a s ]_w
[_w a d e n ts e n ]_w
[_w i s a ʃ i e n ]_w
[_w j a n a k ʃ o ]_w
[_w n i b ɨ n k i n ]_w
[_w ɨ n ʃ o ]_w
[_w p u n e n d a ]_w
[_w k u i d i n ]_w
[_w k i d e d o n ]_w
[_w p e d ʃ u n ]_w
[_w ɨ m b a n d e n ]_w
[_w t i ʃ a m b i ]_w
[_w tʃ o b o e d ]_w
[_w m a t o n o n a ]_w
[_w j u a n u e k ]_w
[_w n a b a n e k ]_w
[_w t a d a b i ]_w
[_w p u n k i e k ]_w
[_w a d o a i d o ]_w
[_w d a u a i d ]_w
[_w m i ts i m b i a ]_w
[_w a b e n d a ]_w
[_w n a m i a b i ]_w
[_w o n a s ]_w
[_w t a n k i d ɨ n ]_w
[_w a d e n k i o ]_w
[_w a i t ɨ n ]_w
[_w p a p i a d e k ]_w
[_w t e k t a ]_w
[_w b i a k ]_w
[_w m a t i a ]_w
[_w u a b a m p i d ]_w
[_w p e p e p a ]_w
[_w d i ʃ m i a i d ]_w
[_w a t o ts i m b o ]_w
[_w t a ʃ k u d e ]_w
[_w n a m e n t a k ]_w
[_w p a d k i d o ]_w
[_w b a d i a d e ]_w
[_w tʃ u i ʃ u n ]_w
[_w k u ɨ n k i o ]_w
[_w b e d p a k e ]_w
[_w n i d ʃ o p i ]_w
[_w b e t e n ]_w
[_w t a s a n a i d ]_w
[_w b a k a n ]_w
[_w b a d a o n ]_w
[_w m e n e n u n a ]_w
[_w b u i n d a k ]_w
[_w a d e n d a ]_w
[_w k u ɨ m a m b i ]_w
[_w b ɨ d a n d e n ]_w
[_w tʃ o tʃ o k i d o ]_w
[_w tʃ u i b e n e k ]_w
[_w u ts i b i k ]_w
[_w n i o ʃ e ]_w
[_w k e n e n u e k ]_w
[_w k a tʃ i n a ]_w
[_w b a b a d e d i ]_w
[_w tʃ i o n t a b i ]_w
[_w tʃ u i n u ʃ e ]_w
[_w s a k a t ]_w
[_w i k b e p i ]_w
[_w tʃ u i d a n ]_w
[_w t a p a d p u d ]_w
[_w u a m e t i a s ]_w
[_w n a i n a ʃ ]_w
[_w tʃ u i m i a b i ]_w
[_w t i ʃ a m b i a ]_w
[_w n o a d t e n ]_w
[_w ʃ ɨ d t e ]_w
[_w b e ʃ o ]_w
[_w b e d m e m b i ]_w
[_w u e ʃ u n ]_w
[_w t i ʃ a i d ]_w
[_w i s e k ]_w
[_w o n a s ɨ n ]_w
[_w j a n o ʃ o n ]_w
[_w k a m i a i d ]_w
[_w m a u e d a k ]_w
[_w ts i ts u n o ]_w
[_w p e d o m b i n ]_w
[_w i k b a ts i a k ]_w
[_w j e n t a k ]_w
[_w b u e d t a ]_w
[_w a i d t e ]_w
[_w j a i d t e d i ]_w
[_w tʃ u i k i n k ]_w
[_w t a b a d t e ]_w
[_w j u e d ]_w
[_w n a o n d a i d ]_w
[_w n a o ʃ e ]_w
[_w n a m b i k ]_w
[_w k a ts a d a i d ]_w
[_w tʃ u i d e k ]_w
[_w a i d p i d e d ]_w
[_w o n k e d a k ]_w
[_w m e n e k ]_w
[_w b e m e n k i o ]_w
[_w tʃ u k a ]_w
[_w tʃ i a n i a ʃ ]_w
[_w b a d o ʃ ]_w
[_w i k m i a b i ]_w
[_w n a b a n u n ]_w
[_w a i d o ts e n ]_w
[_w i k b o b i ]_w
[_w p i u m b o ]_w
[_w i k t e k i d o ]_w
[_w u i d ɨ n a i d ]_w
[_w n u k i p i d o ]_w
[_w k i o b i ]_w
[_w m e n e b e k ]_w
[_w ts i n d o ʃ o ]_w
[_w n u k i d e d ]_w
[_w b u d u e d o ʃ ]_w
[_w n i ts i n k i o ]_w
[_w a b o t e ]_w
[_w ɨ m i a k i ]_w
[_w m u e k i e n ]_w
[_w d a n d i e s ]_w
[_w n a b o n ]_w
[_w p a t i a m e ]_w
[_w p u n e k e ]_w
[_w i s a k ɨ n ]_w
[_w p u n e p i k e ]_w
[_w b u n k i n ]_w
[_w p e d a i d ]_w
[_w d a d a ]_w
[_w p a u s u n e k ]_w
[_w a i d i ]_w
[_w p u d a n ]_w
[_w k a n o n d a ʃ ]_w
[_w p u d e k ]_w
[_w k e p a b o ]_w
[_w k a d i d i a ]_w
[_w m e n e b e p a ]_w
[_w a m p o b i t i ]_w
[_w b ɨ b o e d ]_w
[_w o b e k a ]_w
[_w u a k p a t e n ]_w
[_w i s a d n u ]_w
[_w i k o a i k ]_w
[_w u a n t e ]_w
[_w j u a i d ɨ n ]_w
[_w i k b a ʃ u n ]_w
[_w tʃ o tʃ o a ʃ ]_w
[_w i k p o b i ]_w
[_w i k t a n d e n ]_w
[_w b u d ʃ o ]_w
[_w j a n u b i e n ]_w
[_w a n a n i a k e ]_w
[_w p u a n a ʃ ]_w
[_w b a b a b ɨ d i ]_w
[_w t a s a ]_w
[_w n a ts i a ʃ e ]_w
[_w ɨ m b o ʃ ]_w
[_w b o k ts e b i ]_w
[_w tʃ i o ʃ ]_w
[_w a i d o p i ts i ]_w
[_w d a n d a ]_w
[_w b u a n ʃ o b i ]_w
[_w i kː i m b i ]_w
[_w n i a k i e k ]_w
[_w n i d a m p o ]_w
[_w u a i n d a d ]_w
[_w e k o n i o ]_w
[_w p e d o ]_w
[_w n a t i a n u ]_w
[_w u i ʃ k i n ]_w
[_w d i ʃ p a k ]_w
[_w n i n i b e ]_w
[_w k e k t a n a s ]_w
[_w j a n o b o ]_w
[_w p e n u ʃ e ]_w
[_w tʃ o a i d i ]_w
[_w s e d e n ]_w
[_w b e d b a n e k ]_w
[_w u a b o n d a k ]_w
[_w d i s t e n ]_w
[_w s a b i ]_w
[_w j u a i d o ]_w
[_w n a i n a i d ]_w
[_w k u ɨ e s a ]_w
[_w s e d a ]_w
[_w k e k i m b i ]_w
[_w a k m i ]_w
[_w n u a d k i d ]_w
[_w i k ts i a ʃ ]_w
[_w p i t i ]_w
[_w a d o ts i ]_w
[_w d a k u ɨ ]_w
[_w n a d i a d e k ]_w
[_w a m ɨ e k ]_w
[_w ɨ b e n ts ɨ k i ]_w
[_w i k t e n e ]_w
[_w k a i n ɨ n ]_w
[_w k a k t a d a n ]_w
[_w m ɨ m u n k i n ]_w
[_w n i s a n k i n ]_w
[_w k u e n e k i ]_w
[_w i s m e s a ]_w
[_w m u e s a m b o ]_w
[_w ɨ n k i n ]_w
[_w a p o t o t e ]_w
[_w i s m e n u n a ]_w
[_w b e d m e t e ]_w
[_w p e t e n e d i ]_w
[_w tʃ o n o a t e ]_w
[_w ʃ ɨ n i s i o n ]_w
[_w d a p a n ʃ o ]_w
[_w b e d m e ʃ u n ]_w
[_w i s u m b i e n ]_w
[_w p a d k i n ]_w
[_w a d o n ɨ n ]_w
[_w b e d k a m o ]_w
[_w u s t u s ]_w
[_w ɨ m b i p i ]_w
[_w n a d a n a i d ]_w
[_w k e b o ʃ ]_w
[_w tʃ u i d a i d ]_w
[_w b e t o ]_w
[_w k i t i b o e d ]_w
[_w p a d e k ]_w
[_w i k e n d a ]_w
[_w u a i n t a d ]_w
[_w b o d k e k i d ]_w
[_w m u a k i d ɨ n ]_w
[_w e s a u ]_w
[_w t i e t ɨ n ]_w
[_w tʃ i a ʃ ]_w
[_w a kː i t o ]_w
[_w a m b i d ɨ n ]_w
[_w b e d e j a ]_w
[_w u ts i m b i ]_w
[_w b a d i a i d ]_w
[_w u a p a m b i ]_w
[_w d a p a n u i ]_w
[_w j a m p i a ]_w
[_w m ɨ t a n d e n ]_w
[_w k a i p a s ]_w
[_w k e ʃ u m b i k ]_w
[_w j u e d a k ]_w
[_w k a i d t e d i ]_w
[_w i k n u ]_w
[_w tʃ i k i ]_w
[_w a n a s ɨ n ]_w
[_w tʃ o e k e ]_w
[_w n ɨ m b o n ]_w
[_w e t i a s ɨ n ]_w
[_w a d e n a s ]_w
[_w a p i t i ]_w
[_w s e b u d a ʃ ]_w
[_w d a p o t e k ]_w
[_w i s t e k i ]_w
[_w b a n ɨ n ]_w
[_w k u d a s k i n ]_w
[_w a d k i d ɨ n ]_w
[_w p o n s i o ]_w
[_w k a b o n o ]_w
[_w tʃ i n a i d ]_w
[_w m i m p i e n ]_w
[_w t i ʃ k i d ]_w
[_w j u e d a k ʃ o ]_w
[_w n ɨ i d t e ]_w
[_w t a b o ʃ ]_w
[_w n ɨ i d i k i a ]_w
[_w u a n k i n ]_w
[_w ɨ n a p i ]_w
[_w k u i d ts i a ʃ ]_w
[_w d e d k i d ]_w
[_w ɨ b i m b o e n ]_w
[_w n u a m b i k e ]_w
[_w a i d ɨ m b i ]_w
[_w a d o n o n a ]_w
[_w b a d i ]_w
[_w t a n u b i ]_w
[_w j u e d n u ]_w
[_w tʃ u ʃ k a k i ]_w
[_w b u i n t a k ]_w
[_w k a ts a d k i o ]_w
[_w u t i k ts ɨ k ]_w
[_w ɨ b e m b i ]_w
[_w k e n e n d a k ]_w
[_w n e b a m b i d ]_w
[_w k i t i b o s ]_w
[_w b a ɨ d e k e ]_w
[_w i s o n d a ]_w
[_w s a d a ]_w
[_w i k o a p e k ]_w
[_w k a m e k ]_w
[_w n a p a n e k ]_w
[_w b e d ʃ o ]_w
[_w d a n ɨ n ]_w
[_w d a n t i a ʃ ]_w
[_w a b u k i d o ]_w
[_w t a p a d e n ]_w
[_w u a b a n d a ]_w
[_w u ɨ ʃ k i o ]_w
[_w a d t a n ]_w
[_w u a n u e k i n ]_w
[_w u a b a m p i ]_w
[_w b u n e n t a ]_w
[_w b e d a n k i d ]_w
[_w j a n e n d a k ]_w
[_w tʃ i a m b i ]_w
[_w a m ɨ ]_w
[_w e d i a s ɨ n ]_w
[_w a d a n a k ]_w
[_w i k m i o ʃ e ]_w
[_w n i a n d e b o ]_w
[_w j a k n o ɨ ʃ ]_w
[_w i k p e k ]_w
[_w k e n e n k i o ]_w
[_w n i d e k i d ]_w
[_w a d o d e t ]_w
[_w k a n i a k ʃ o ]_w
[_w b ɨ d a m e d e ]_w
[_w i m b u d ʃ o ]_w
[_w a d o a k ʃ o ]_w
[_w tʃ o m e b o ʃ i ]_w
[_w u e b u d e k ]_w
[_w b e d n a b e n ]_w
[_w k a i n e k ]_w
[_w n i s a n k i d ]_w
[_w i s m e n t a ]_w
[_w n a k ]_w
[_w s e s a d e ]_w
[_w n i a n d e n ]_w
[_w a d e n u b i ]_w
[_w p a b i a ]_w
[_w a n a n d a ]_w
[_w a m b e k i d ]_w
[_w tʃ u i m e k i d ]_w
[_w n a d b o e t ]_w
[_w k u d a s ]_w
[_w ts u s e d p a ]_w
[_w tʃ o tʃ o k i d ]_w
[_w n a t o t a ]_w
[_w ts a d a k ]_w
[_w d a u a n ]_w
[_w a i d b ɨ d ]_w
[_w s o n t a k ]_w
[_w s i t i a ]_w
[_w b a k u ɨ ʃ ɨ n ]_w
[_w a p i ts e n ]_w
[_w t a p a d o d a ]_w
[_w m a n ɨ d a n ]_w
[_w o s e n ]_w
[_w n i d p o ʃ ]_w
[_w a m p e k i d ]_w
[_w n i d m e p o ʃ ]_w
[_w a d a ʃ i e n ]_w
[_w b e d e n e b i ]_w
[_w k a p u a i d o ]_w
[_w tʃ o d k i a i d ]_w
[_w a k a ʃ ]_w
[_w n e ʃ k a i k ]_w
[_w b ɨ a k ]_w
[_w i s u m p i k ]_w
[_w i k s a i k ]_w
[_w a d i k n u e k ]_w
[_w n a i d o b ɨ d ]_w
[_w n i b ɨ t i ]_w
[_w ɨ b i d a ]_w
[_w a d e s a ]_w
[_w p e b e k ]_w
[_w a d o b i d i ]_w
[_w j a n o p o ]_w
[_w m e n d a ]_w
[_w ɨ n a k ʃ o ]_w
[_w i kː o n t a d o ]_w
[_w n ɨ i d t e d ]_w
[_w u a i k ]_w
[_w a p a t o b o n ]_w
[_w ʃ ɨ d t e k i d ]_w
[_w o n k e b a k ]_w
[_w b u d u e d e k ]_w
[_w p e d e m p i ]_w
[_w tʃ e d e k i ]_w
[_w a d o ʃ o ]_w
[_w b ɨ d a n d i a ]_w
[_w p e d e n e k ]_w
[_w i s o m b i k ]_w
[_w u a n u ʃ e ]_w
[_w n ɨ n a n t a ]_w
[_w u ʃ a k ʃ o ]_w
[_w b a d i b i ]_w
[_w u e b u d a ʃ ]_w
[_w a b u k u n a ʃ ]_w
[_w n a o k ]_w
[_w ts a d p e n ]_w
[_w i k p o e d o ]_w
[_w p u tʃ i n ]_w
[_w u a o n d a d ]_w
[_w j a k p a t e n ]_w
[_w u a d i a d e k ]_w
[_w m a d a m b i ]_w
[_w m a k u ɨ ʃ ]_w
[_w i k m e n u n a ]_w
[_w tʃ o tʃ o ʃ o ]_w
[_w s e k e ]_w
[_w ʃ u b i ]_w
[_w s a d o ]_w
[_w b e d e m b i ]_w
[_w m u a k i n i ]_w
[_w d a n d i a i k ]_w
[_w m a m i ʃ k i n ]_w
[_w tʃ u d m e ʃ u n ]_w
[_w tʃ u i d i ]_w
[_w n a m e m b i ]_w
[_w b e m e k i d ]_w
[_w i k m e n t a ]_w
[_w b ɨ b ɨ ʃ o ]_w
[_w i k ts i a ʃ e ]_w
[_w u ts i b ɨ d t a ]_w
[_w n a b a n u n a ]_w
[_w p a m p i d ]_w
[_w j u ɨ m b i ]_w
[_w m u e ]_w
[_w j u ɨ m p i ]_w
[_w b ɨ a ʃ ]_w
[_w k e ʃ u m b i ]_w
[_w k a b u e b i ]_w
[_w i k s a ts i a k ]_w
[_w s a d e k ]_w
[_w u ts i b ɨ d i ]_w
[_w d a s a ]_w
[_w d a k ɨ n ]_w
[_w s o n d a p i ]_w
[_w s a n a i d ]_w
[_w k a p o ʃ i ]_w
[_w b ɨ d a m e k ]_w
[_w p a d i a ]_w
[_w a p i t ]_w
[_w u a i n t a k ]_w
[_w ts a d e k ]_w
[_w n i d o a t a ]_w
[_w b u i n d a ]_w
[_w n a i k i ]_w
[_w i k b o ]_w
[_w ɨ n ɨ d n u n ]_w
[_w b ɨ n ɨ n ]_w
[_w m a k u ɨ d e ]_w
[_w n a d i a d ]_w
[_w tʃ a m b i n ]_w
[_w n i d a n a k ]_w
[_w o d a n e k ]_w
[_w s i k a i d ɨ n ]_w
[_w k a ʃ u n a i d ]_w
[_w b i d i a ]_w
[_w n a p a n d a n ]_w
[_w k o d o s ]_w
[_w m i b i d e ]_w
[_w tʃ ɨ n k e k ]_w
[_w a k o b o n ]_w
[_w k e p o p i ]_w
[_w t e d k i n k ]_w
[_w k a b u k i d o ]_w
[_w tʃ o n d a i d ]_w
[_w t a n t i a b i ]_w
[_w b a d b e k t a ]_w
[_w t a n d i a p i ]_w
[_w n a o m p i k ]_w
[_w n a d o t a ]_w
[_w u i n k u e n ]_w
[_w k i d e t i ]_w
[_w i s e k i ]_w
[_w k e p e k ]_w
[_w tʃ a m p i k ]_w
[_w t o m i n k o ]_w
[_w u a b o ʃ ]_w
[_w n a ʃ u n k i n ]_w
[_w ts j u e k a ʃ ]_w
[_w t ɨ tʃ u n ]_w
[_w i s k i d o ]_w
[_w j u e d t e ]_w
[_w k e ʃ u m p i k ]_w
[_w k a d a ʃ a i d ]_w
[_w j a n a b i ]_w
[_w u d i ]_w
[_w d a u i a k ]_w
[_w k u i ʃ o ]_w
[_w s o d o m a ]_w
[_w j u e d k i d o ]_w
[_w b a p a n ʃ u n ]_w
[_w k a ts a d e n ]_w
[_w o n k e k i t ]_w
[_w tʃ u d t a ]_w
[_w p a b a m p i d ]_w
[_w p u d u ]_w
[_w s e s a ]_w
[_w u ʃ ɨ n ]_w
[_w j a i d o n ]_w
[_w u a k n o ʃ o n ]_w
[_w tʃ u i b a j o k ]_w
[_w d a b a t o n ]_w
[_w n u a kː i t ]_w
[_w k e n u ]_w
[_w u ts i b o e d i ]_w
[_w p u a n k i n k ]_w
[_w k a i d ts e n ]_w
[_w b e s t o n ]_w
[_w a d u i d e k e ]_w
[_w b u a m i a k i ]_w
[_w i n t o a k ]_w
[_w i n k i o ]_w
[_w p o t e ]_w
[_w tʃ u i p a n ]_w
[_w b ɨ o a d a ]_w
[_w k e k i d o n ]_w
[_w ts u s i o b o n ]_w
[_w n i ts i n a k ]_w
[_w t a b a n e k ]_w
[_w ts j u e k ]_w
[_w p u a n u e k ]_w
[_w n a m e d a ]_w
[_w a d o b o n o ]_w
[_w i k t e k i d ]_w
[_w n i b ɨ t ]_w
[_w s e k a n u e k ]_w
[_w k u i d t a n u ]_w
[_w k a p e n ts ɨ ]_w
[_w n ɨ i d k i d ]_w
[_w tʃ i a i d o n ]_w
[_w i k m e b o ʃ ]_w
[_w k a p a n ]_w
[_w n i d ts i a ʃ e ]_w
[_w ts a d p o ʃ ]_w
[_w b a b a n ʃ u n ]_w
[_w a d e n k i n ]_w
[_w t a b a ts i a ʃ ]_w
[_w d a b a b ɨ d ]_w
[_w s i d o n ts e n ]_w
[_w ɨ m p i ts e n ]_w
[_w u n ɨ s b a k ]_w
[_w u a i m b i k e ]_w
[_w a b u k t o a n ]_w
[_w j a n u ]_w
[_w e d i o p i ]_w
[_w j u e t a ]_w
[_w k a k i d ]_w
[_w u i s b a ]_w
[_w tʃ o n o a d t e ]_w
[_w i s a k m a i d ]_w
[_w a i d ts e n ]_w
[_w n ɨ m b o ʃ ɨ ]_w
[_w n a d i a d e ]_w
[_w o t i b o e n ]_w
[_w m i b i d i ]_w
[_w o b a ]_w
[_w n ɨ i t o ]_w
[_w a p i a m b o ]_w
[_w n a t a n k i n ]_w
[_w k a i n k i d ]_w
[_w j a k b a d e n ]_w
[_w b a d o ]_w
[_w a b e n ts e n ]_w
[_w b a u k ]_w
[_w tʃ o b e k a ]_w
[_w d a n t i e k ]_w
[_w p e d a n e k ]_w
[_w n o a d ʃ o b i ]_w
[_w d i ʃ a k ʃ o ]_w
[_w i k tʃ i d e k e ]_w
[_w u n ɨ s t e ]_w
[_w tʃ u ʃ k a i d ]_w
[_w n i d k i o b i ]_w
[_w ɨ n ɨ d t a n ]_w
[_w i s u n d a ]_w
[_w d a n e k ]_w
[_w u ʃ u m p i ]_w
[_w i s a b o b i ]_w
[_w tʃ o k i d o ]_w
[_w n a d e n e ]_w
[_w o n k e n t a ]_w
[_w n e b a n ]_w
[_w n i ts i n a i t ]_w
[_w i s a p o ]_w
[_w t a d p e o n ]_w
[_w b u a n k i o ]_w
[_w b ɨ d a n o ʃ ]_w
[_w b e d e k i d ]_w
[_w s i d a s b ɨ d ]_w
[_w n a k n e n d a ]_w
[_w j u e kː i o ]_w
[_w e k o n ]_w
[_w d a b a d n u k ]_w
[_w ts a s i m p o ]_w
[_w tʃ u i b o n ]_w
[_w n i d k i d ]_w
[_w u ʃ e k ]_w
[_w s i n a ʃ ]_w
[_w j u a k i ]_w
[_w n i k e n k i o ]_w
[_w tʃ i a i d ts e n ]_w
[_w m a d o n o n a ]_w
[_w i s p a ʃ u n u ]_w
[_w d a n t i a n ]_w
[_w t i ʃ e n t a k ]_w
[_w m e n e n u ]_w
[_w b a b i d i ]_w
[_w o n k e ʃ u n ]_w
[_w j a ʃ ]_w
[_w t ɨ n ɨ ʃ a i d ]_w
[_w ɨ m b a n t e ]_w
[_w i s k i m b i ]_w
[_w s e p u d a i d ]_w
[_w i k n u e k ]_w
[_w j u e t a k i ]_w
[_w i k ʃ o b i e n ]_w
[_w i k p o n t a ʃ ]_w
[_w m e n e p i ]_w
[_w p a k u ɨ ]_w
[_w d i ʃ a k ]_w
[_w n a d e n t a k ]_w
[_w tʃ o a d e ]_w
[_w b e d a k ʃ o ]_w
[_w tʃ u i o a b o ʃ ]_w
[_w a k t e k i ]_w
[_w m e n e ts i a ]_w
[_w n a ʃ u n a ʃ ]_w
[_w b o t i a ʃ ]_w
[_w k a o n t a ʃ ]_w
[_w u ts i p o n ]_w
[_w a p u k t o a n ]_w
[_w i s k i d ]_w
[_w k u e m p o ʃ ɨ ]_w
[_w ɨ b i a ]_w
[_w p a d e k i ]_w
[_w b u k u n a ʃ ]_w
[_w d a n d i a n u ]_w
[_w i n k i n ]_w
[_w k u i d b e p a ]_w
[_w tʃ o k i d i e n ]_w
[_w i s b a n k i d ]_w
[_w d i d a n e d e ]_w
[_w b a t i k ]_w
[_w ts a d a i d ]_w
[_w t a b a d m e ]_w
[_w n ɨ ʃ u n k i o ]_w
[_w b e t a n e d a ]_w
[_w u a p a n u n a ]_w
[_w p a k u ɨ d ʃ o ]_w
[_w d i ʃ a b i ]_w
[_w o n k e n t a k ]_w
[_w p u a n u ʃ e ]_w
[_w b ɨ i s k i d ]_w
[_w a t a ʃ i e n ]_w
[_w e d i o b i a ]_w
[_w t ɨ d i o n ]_w
[_w t a ɨ d ]_w
[_w n u k i b i ]_w
[_w t e d b e ]_w
[_w k a p o e d i ]_w
[_w tʃ o a b i ]_w
[_w k e k ]_w
[_w p e n u e n ]_w
[_w t a n t i a m e ]_w
[_w m a b i n o ]_w
[_w i k tʃ i d e k ]_w
[_w m u a k i d ]_w
[_w k i a n e k ]_w
[_w a m p e k ]_w
[_w u ts i p o e n ]_w
[_w n ɨ b i e n ]_w
[_w n e b e k ]_w
[_w n i a k i e n ]_w
[_w t a b a s ]_w
[_w u n ɨ s k i d o ]_w
[_w i k p a m b i ]_w
[_w ɨ b i d e ]_w
[_w tʃ i k p o b ɨ d ]_w
[_w p a u s u n a k ]_w
[_w i k p a n u ]_w
[_w n i t ]_w
[_w p i u m p o ]_w
[_w k a n i a ]_w
[_w k o d a s i n ]_w
[_w a d e m p i k ]_w
[_w n a o ʃ ]_w
[_w tʃ o n t a i d ]_w
[_w b e n u e k i ]_w
[_w a m b i k ]_w
[_w j a i d t e d ]_w
[_w u ts i n k i n ]_w
[_w b u d u ]_w
[_w i s n u ]_w
[_w tʃ o ʃ o m b i ]_w
[_w n a i d o m p i ]_w
[_w i kː i n k ]_w
[_w p a d o ]_w
[_w a b e n ts ɨ k ]_w
[_w k e n e n u e n ]_w
[_w n a i k i n ]_w
[_w u a ts i a ʃ ]_w
[_w s a d a n ]_w
[_w m i ts a n ]_w
[_w d i t o ]_w
[_w i k n u i ]_w
[_w u ʃ ɨ d e k ]_w
[_w n i d o a i b i ]_w
[_w n i a k t e d i ]_w
[_w ts a d a i d o n ]_w
[_w i k ts i a k e ]_w
[_w p e s t o ]_w
[_w tʃ i d o b ɨ t i ]_w
[_w tʃ i e ʃ e k ]_w
[_w i k o a b o b i ]_w
[_w m a m b i ]_w
[_w n i d e k ]_w
[_w ts a d k i n ]_w
[_w a d o a i b i ]_w
[_w k i d i e k e ]_w
[_w s o n d a t ]_w
[_w k a n u ]_w
[_w k a p u k u n ]_w
[_w p u n e b i ]_w
[_w b ɨ k e d ʃ u n ]_w
[_w n e b a k ]_w
[_w n i a k ʃ o ]_w
[_w u a d e n ]_w
[_w i k p a b o k ]_w
[_w k e o a b e k ]_w
[_w u a ʃ u n d a ]_w
[_w t a n t i a ʃ o ]_w
[_w i k s a m a n e ]_w
[_w p e m i a i d ]_w
[_w tʃ i t o u i d i ]_w
[_w t a m b o ʃ ]_w
[_w a kː a b o ]_w
[_w n a p a n k i o ]_w
[_w m a d i a s ]_w
[_w b u a m e n u ]_w
[_w k e b o ʃ i ]_w
[_w u a d e k i ]_w
[_w t a s a i d ]_w
[_w p a k u ɨ e s a ]_w
[_w m u k a m b o ]_w
[_w m a d o b o ʃ ]_w
[_w i s n u ʃ e ]_w
[_w p e m e ʃ u n ]_w
[_w m a n a n t a ]_w
[_w k e n u e k ]_w
[_w m a t i a b i ]_w
[_w d a b a ts e n ]_w
[_w d a b a d b u d ]_w
[_w i kː o ʃ i ]_w
[_w i s u i d a n ]_w
[_w s a n a n k i d ]_w
[_w k u e s t e n e ]_w
[_w n a b a n a i d ]_w
[_w t e d p i d i ]_w
[_w b u n k i e k ]_w
[_w ts u d a i n ]_w
[_w tʃ i a m b o ʃ ]_w
[_w m i ʃ a k ʃ o ]_w
[_w b a d n u b i ]_w
[_w b e t e d o ]_w
[_w t a n e n d a k ]_w
[_w d e j o b i d i ]_w
[_w i k p o k n o ]_w
[_w k a o n t a k ]_w
[_w m i k e d ]_w
[_w n i d k i n k ]_w
[_w n i d e n ]_w
[_w e b a b o k ]_w
[_w i k b a ts i a ]_w
[_w b ɨ t a b o ʃ ]_w
[_w ʃ u b i e k ]_w
[_w i kː o m b i n ]_w
[_w p a t i a ]_w
[_w s i d o e ]_w
[_w k e t e k ]_w
[_w s a m ɨ d k i n ]_w
[_w k e n u e n ]_w
[_w n ɨ i d ɨ n ]_w
[_w t a b a d n u k ]_w
[_w n i d a ʃ ]_w
[_w i k p a ʃ u n ]_w
[_w n i d m e n u n ]_w
[_w j u e d a ]_w
[_w tʃ u i d i o ]_w
[_w m a t o d e d i ]_w
[_w tʃ o ʃ o p i e n ]_w
[_w u n ɨ s a b i ]_w
[_w s i m e j o n ]_w
[_w b o t o s a s ]_w
[_w j a m b a ʃ ]_w
[_w m e n e k i d ]_w
[_w k a n i k i d o ]_w
[_w p a b a n ]_w
[_w u ʃ u m b i k ]_w
[_w u m u m b o ]_w
[_w a p u ]_w
[_w b u a n d a ]_w
[_w k a b a m p i ]_w
[_w tʃ i a d e k ]_w
[_w a m b o b i ]_w
[_w b e p o n t a k ]_w
[_w p u a n d e n ]_w
[_w d a p a m p i a ]_w
[_w u ts i b o ]_w
[_w k i a n e d a ]_w
[_w p e d t i a d ]_w
[_w t a d p e k ]_w
[_w e d o t e ]_w
[_w j e k i ]_w
[_w u ts i b ɨ t i ]_w
[_w i kː i n t a k ]_w
[_w a d o e n t a k ]_w
[_w d a b a d k i o ]_w
[_w i s p e n a k ]_w
[_w tʃ o e n t a k ]_w
[_w m u a u a k ]_w
[_w k i t i s t e ]_w
[_w k a k i d k i o ]_w
[_w tʃ u i n u e k ]_w
[_w j a m p i d ɨ n ]_w
[_w k e ʃ o d a ]_w
[_w k u t a s ɨ n ]_w
[_w u n ɨ s o ]_w
[_w d ɨ d e ʃ u n ]_w
[_w k a n i a k ]_w
[_w k a m e n u e n ]_w
[_w n a i n a k ]_w
[_w n i a n t e s a ]_w
[_w i s e b i ]_w
[_w b u t u ]_w
[_w b a ɨ d a i d ]_w
[_w p e t a k ]_w
[_w tʃ i o n t a ʃ ]_w
[_w n ɨ i d k i n ]_w
[_w k a n u e k i ]_w
[_w o m p o ]_w
[_w u a b a m b i d ]_w
[_w k u ɨ d k i d ]_w
[_w b a b a i n ]_w
[_w k a b a d n u k ]_w
[_w tʃ o m e n k i o ]_w
[_w i k b o n d a k ]_w
[_w u a d e ]_w
[_w tʃ u i d a k n o ]_w
[_w s e k e n u k ]_w
[_w m ɨ d a n a ʃ ]_w
[_w k e d e s i a ]_w
[_w p a d b i d i ]_w
[_w a b e n t a k ]_w
[_w k u i d n u e n ]_w
[_w u a t a n o ʃ ]_w
[_w t a n d i a ʃ ]_w
[_w tʃ u ʃ k a i ]_w
[_w d a ɨ d ts ɨ k i ]_w
[_w b e d p a n ]_w
[_w tʃ o m e m b i ]_w
[_w b u d ]_w
[_w j a n u ʃ e ]_w
[_w n i d m e p a k ]_w
[_w tʃ o a i t ]_w
[_w d a k p i d i ]_w
[_w k a m e n d a k ]_w
[_w b ɨ n ts e ]_w
[_w n a n a i d o ]_w
[_w u a b o ]_w
[_w m u a u a ʃ o ]_w
[_w d a b a b o k ]_w
[_w n e ʃ k a i d ]_w
[_w m u e s a i t ]_w
[_w n i t a ʃ i e n ]_w
[_w b o d k e d ]_w
[_w b e n u ]_w
[_w b u ʃ u d k i n ]_w
[_w n ɨ i t i e n ]_w
[_w t e b i n ]_w
[_w p a d i k n u k ]_w
[_w ɨ m b e m p i ]_w
[_w b a d i a ]_w
[_w a d n u k ]_w
[_w m a m b i k e ]_w
[_w o n k e d e ]_w
[_w m u a i n ]_w
[_w n i d k i m b i ]_w
[_w a n o kː i d o n ]_w
[_w tʃ o b e p a ]_w
[_w b e k i t ]_w
[_w tʃ i e k t a b i ]_w
[_w b a d e d ]_w
[_w a m b i d i ]_w
[_w u ts i p o e d i ]_w
[_w u a m e n u n ]_w
[_w n i d t o a ʃ ]_w
[_w i k b o e t o n ]_w
[_w b u ɨ t ]_w
[_w i s a i t o ]_w
[_w k a s e k a k ]_w
[_w n u a m p i ]_w
[_w a n o e n ts ɨ k ]_w
[_w ɨ n e n k i o ]_w
[_w i s n a n u n a ]_w
[_w tʃ u i b a n o ʃ ]_w
[_w p e d e s ]_w
[_w b u d u e n a ʃ ]_w
[_w u n ɨ s k i d ]_w
[_w a d o t a n e k ]_w
[_w a u k p i d ɨ n ]_w
[_w b i tʃ i k a d e ]_w
[_w a p u k i d e d ]_w
[_w a i d b a k ]_w
[_w n ɨ i t i k ]_w
[_w b ɨ o a t a ]_w
[_w n e j o k ]_w
[_w o m b o k i ]_w
[_w t a u i d i ]_w
[_w d a b a n u ]_w
[_w i k e k i ]_w
[_w tʃ u i m i a k ]_w
[_w k a b u k ʃ u n ]_w
[_w a b u k i d ]_w
[_w i s a n k i o ]_w
[_w m a m p i k e ]_w
[_w n a u e d e n ]_w
[_w ts a d t a n ]_w
[_w k a b u a i d o ]_w
[_w k a n o n ]_w
[_w ts a u d i ]_w
[_w k a n u e n ]_w
[_w t a n d i a k ]_w
