[_w o ʃ o v ]_w
[_w k o v ]_w
[_w k a t o v o ]_w
[_w k j e m a t o ]_w
[_w a ʃ tʲ e m ɡ a ]_w
[_w tʲ e j a nʲ ]_w
[_w s a l o n tʲ ]_w
[_w a r zʲ e zʲ ]_w
[_w tʲ e j e m a sʲ ]_w
[_w v a n s t o m o ]_w
[_w o j m sʲ e m a ]_w
[_w l o p a n z o ]_w
[_w p a nʲ i sʲ ]_w
[_w v j e dʲ i zʲ ]_w
[_w k a p ʃ j i ]_w
[_w m o t a n ]_w
[_w s u t ]_w
[_w tʲ e nʲ ]_w
[_w s a m a m s ]_w
[_w lʲ i j a n tʲ ]_w
[_w p u r n i lʲ ]_w
[_w o s n o m a ]_w
[_w m a l a s o ]_w
[_w m a z d o r o nʲ ]_w
[_w dʲ e j i ɡ ]_w
[_w u j s tʲ ]_w
[_w m a ʃ t o sʲ ]_w
[_w s v a dʲ b a nʲ ]_w
[_w k u l o d a n tʲ ]_w
[_w tʲ e r dʲ i nʲ ]_w
[_w k j e tʃ j e sʲ ]_w
[_w a v o lʲ ]_w
[_w s t u v t a l o ]_w
[_w v j i j ]_w
[_w t o r a m o nʲ ]_w
[_w k u sʲ i ]_w
[_w tʲ e r dʲ i dʲ ]_w
[_w t u m o nʲ ]_w
[_w j a l ɡ a n k ]_w
[_w m a k s i dʲ ]_w
[_w nʲ e j e m a nʲ ]_w
[_w k o s t o ]_w
[_w j i o zʲ i v ]_w
[_w p a n d o m o ]_w
[_w s a k ʃ n o z dʲ ]_w
[_w v j e j k j e ]_w
[_w e j k a k ʃ t ]_w
[_w k a l o nʲ ]_w
[_w p u j e nʲ ]_w
[_w k o d o ]_w
[_w k ʃ j i s a k ]_w
[_w a ʒ n a z a ]_w
[_w ʃ lʲ i nʲ ]_w
[_w s a m o nʲ ]_w
[_w v a s o l o ]_w
[_w v a nʲ ɡ s ]_w
[_w a v a t k a k ]_w
[_w t o n a tʃ j i s ]_w
[_w t a r a d t ]_w
[_w v j i j e ]_w
[_w m a k s s o ]_w
[_w ɡ a tʃ a t i k ]_w
[_w v a sʲ e nʲ ]_w
[_w p o z t o ]_w
[_w ʃ k a t ]_w
[_w j i tsʲ a ]_w
[_w e j s t e ]_w
[_w p j e n s e ]_w
[_w lʲ i zʲ e sʲ ]_w
[_w e rʲ v a n dʲ e j ]_w
[_w v a ʒ o dʲ e m a ]_w
[_w k j e m j e ]_w
[_w m j e r zʲ ]_w
[_w k a j sʲ i tʲ ]_w
[_w k o l m o dʲ ɡ s ]_w
[_w v a j k j i dʲ e ]_w
[_w l o m a sʲ ]_w
[_w j i o r t a ]_w
[_w tʲ e tʲ a sʲ ]_w
[_w lʲ i sʲ e m s ]_w
[_w p o n a ]_w
[_w d o z k o ]_w
[_w s a v t a n ]_w
[_w m a rʲ i j a nʲ ]_w
[_w p a rʲ a k ]_w
[_w k j e lʲ e n tʲ ]_w
[_w m j e rʲ i sʲ e ]_w
[_w e rʲ v a n tʲ ]_w
[_w tʲ e dʲ a nʲ ]_w
[_w v j e rʲ e v j e ]_w
[_w a r a v v a ]_w
[_w k u l o d a n dʲ ]_w
[_w sʲ e rʲ ɡ u ]_w
[_w m nʲ e ]_w
[_w u s k j i lʲ ]_w
[_w m o r t v i ]_w
[_w k a l ɡ o d o ]_w
[_w l a n ɡ s t a sʲ ]_w
[_w s a m o d o ]_w
[_w v j e dʲ e sʲ ]_w
[_w k a z nʲ e n s e ]_w
[_w p a tʃ tʲ i nʲ e k ]_w
[_w f j e ʃ j i dʲ ]_w
[_w p a n d o m s ]_w
[_w tʲ e r dʲ i zʲ e ]_w
[_w sʲ a r t o n s o ]_w
[_w t a r a d ]_w
[_w k a z nʲ e ]_w
[_w b u d o d o ]_w
[_w m a ʒ d t a d o ]_w
[_w lʲ e v ɡ s t sʲ ]_w
[_w l a t k s ]_w
[_w tʃ j i z ]_w
[_w v a l ɡ j i ]_w
[_w m a n sʲ i nʲ ]_w
[_w m o lʲ s tʲ ]_w
[_w v j e sʲ i ]_w
[_w n o l d i ]_w
[_w p a l i tʲ ]_w
[_w j i u t a nʲ ]_w
[_w tʃ a j ]_w
[_w m j e lʲ e j s ]_w
[_w j u t i ]_w
[_w k u v a tʲ e nʲ ]_w
[_w t a r k a s a nʲ ]_w
[_w tʃ a tʃ o z o ]_w
[_w tʲ e n sʲ e ]_w
[_w v a l o nʲ ]_w
[_w j e nʲ a ]_w
[_w s u dʲ a zʲ ]_w
[_w p a n zʲ ]_w
[_w l o v a t o m a ]_w
[_w lʲ e m t nʲ e dʲ e ]_w
[_w nʲ e v tʲ e zʲ ]_w
[_w ʃ k a s k a v s ]_w
[_w u tʃ o zʲ ]_w
[_w o z n o m o ]_w
[_w p o k ʃ ]_w
[_w l o v s i ]_w
[_w j i ɡ j e lʲ s e ]_w
[_w a r sʲ e m a t o ]_w
[_w lʲ i sʲ e m ]_w
[_w s a j s i n sʲ e ]_w
[_w t o n a v t i dʲ ]_w
[_w p a r o nʲ ]_w
[_w k u lʲ a ]_w
[_w u lʲ a d ]_w
[_w nʲ e j e m ɡ a ]_w
[_w p a z a n ]_w
[_w p u dʲ i ]_w
[_w j e n ɡ ]_w
[_w p a ʃ k a ]_w
[_w v j e j ]_w
[_w v a z d i nʲ e k ]_w
[_w p a rʲ s ]_w
[_w s a l ]_w
[_w k j e nʲ e lʲ e zʲ ]_w
[_w ʃ u m b r a k a ]_w
[_w e zʲ i nʲ ]_w
[_w k u lʲ a nʲ ]_w
[_w k o r nʲ e lʲ i j ]_w
[_w e rʲ v a ]_w
[_w v j e lʲ e dʲ ]_w
[_w v j e rʲ e z dʲ ]_w
[_w t o n tʲ ]_w
[_w j i s tʲ a n ]_w
[_w l o v sʲ ]_w
[_w k a r ʃ o s t ]_w
[_w m a rʲ i j a ]_w
[_w s tʲ a k o k s ]_w
[_w k a r ʃ o j a k ]_w
[_w v j e dʲ e nʲ ]_w
[_w v a l d ]_w
[_w s i j a n tʲ ]_w
[_w a tʲ a ]_w
[_w rʲ i z n e m j e ]_w
[_w e rʲ v a zʲ ]_w
[_w tʲ e j i lʲ ]_w
[_w tʃ j i rʲ e s ]_w
[_w b a s o nʲ ]_w
[_w v j e z e ]_w
[_w ʃ o ʃ t a s t ]_w
[_w nʲ e v tʲ i zʲ e ]_w
[_w s o d i lʲ ]_w
[_w b a n t s tʲ ]_w
[_w tʃ j i rʲ a v k s ]_w
[_w p o k ʃ o s o ]_w
[_w m o nʲ ]_w
[_w sʲ e k s ]_w
[_w a s o r o n dʲ ]_w
[_w tʲ i k ʃ j e sʲ ]_w
[_w tʃ a p a k ]_w
[_w v a j a sʲ ]_w
[_w lʲ e m j e ]_w
[_w n a l ɡ sʲ e m a ]_w
[_w m a rʲ i tsʲ a k s ]_w
[_w j a v o ]_w
[_w tʃ j i s tʲ a m s ]_w
[_w nʲ i k o dʲ i tʲ ]_w
[_w o lʲ a tʃ j i ]_w
[_w o r ɡ o dʲ e zʲ ]_w
[_w s o v a s t sʲ ]_w
[_w k j e tʲ i tsʲ a ]_w
[_w ʃ lʲ a ]_w
[_w k ʃ j i dʲ ]_w
[_w s a zʲ ]_w
[_w e s t e ]_w
[_w m a k s a n ]_w
[_w t o p o lʲ e s tʲ ]_w
[_w j i s tʲ e n z e ]_w
[_w l a m o d ]_w
[_w sʲ e x tʲ e ]_w
[_w t u k ʃ n i dʲ ]_w
[_w k j i nʲ e tʃ j i ]_w
[_w e rʲ a m s ]_w
[_w k j e zʲ e ]_w
[_w p a k sʲ a s ]_w
[_w u tsʲ a z k a v ]_w
[_w p a n t o d o ]_w
[_w v j e zʲ e m ]_w
[_w m a n tʃ j e zʲ ]_w
[_w a v a d nʲ e nʲ ]_w
[_w v j i n a s o ]_w
[_w p a rʲ e n tʲ ]_w
[_w p u r ɡ a s ]_w
[_w k o tʃ k a m o sʲ ]_w
[_w j i s tʲ e ]_w
[_w p j e dʲ a r v o ]_w
[_w u m o k ]_w
[_w j i o n a ]_w
[_w k u lʲ a d ]_w
[_w sʲ e dʲ e j e m s ]_w
[_w tʲ e dʲ a n tʲ ]_w
[_w e j s e tʲ ]_w
[_w a v o lʲ i dʲ e ]_w
[_w tʃ a v o d ]_w
[_w e j s e ]_w
[_w tsʲ i dʲ a r d i ]_w
[_w j u d a v t i zʲ ]_w
[_w l a n ɡ a ]_w
[_w e rʲ v a n tʲ e nʲ ]_w
[_w n a r m u n dʲ ]_w
[_w t u v t o ]_w
[_w m j e rʲ i zʲ e j ]_w
[_w tʃ o b o d a k s ]_w
[_w s r a v t i ]_w
[_w l o v s o zʲ ]_w
[_w tʃ a s o nʲ ]_w
[_w v a l t o nʲ ]_w
[_w a v a m ]_w
[_w p u d s tʲ ]_w
[_w p a n d o ]_w
[_w lʲ e s t i ]_w
[_w e r sʲ a d nʲ e nʲ ]_w
[_w s t u v t nʲ e ]_w
[_w ʃ lʲ a m o ]_w
[_w m a k s sʲ ]_w
[_w j i lʲ a s t ]_w
[_w m j e tʲ ]_w
[_w v a n z d o d o ]_w
[_w m o r a zʲ ]_w
[_w m a r t o z d ]_w
[_w k u l o m s ]_w
[_w v j i rʲ s e ]_w
[_w s m j e l s t e ]_w
[_w v j e j e n dʲ ]_w
[_w tʲ e n zʲ e ]_w
[_w p a n ɡ o v ]_w
[_w o s k s ]_w
[_w m j e r dʲ a n o ]_w
[_w rʲ e v j e dʲ ]_w
[_w k o s o ]_w
[_w lʲ i zʲ i ]_w
[_w p rʲ a t s i n ɡ ]_w
[_w ɡ o s t ]_w
[_w d o k j i zʲ e ]_w
[_w nʲ i k s ]_w
[_w v j i lʲ ]_w
[_w j u d k s o s t ]_w
[_w p rʲ e v j i ]_w
[_w o p u tsʲ a ]_w
[_w k a ʒ d a z t o ]_w
[_w a sʲ i j a nʲ ]_w
[_w k u r o k ]_w
[_w u lʲ nʲ e s tʲ ]_w
[_w v j i tʲ e m a nʲ ]_w
[_w m a rʲ i nʲ ]_w
[_w e zʲ i zʲ e ]_w
[_w k j e v j e sʲ i ]_w
[_w m j i r n a ]_w
[_w p rʲ a v t ]_w
[_w a v o lʲ tʲ ]_w
[_w sʲ a v a ]_w
[_w v j i dʲ e m s ]_w
[_w e z dʲ e nʲ e nʲ ]_w
[_w a n ɡ j e ]_w
[_w t a r ɡ a zʲ ]_w
[_w lʲ i j a k ]_w
[_w a n o k t ]_w
[_w u s k u rʲ a sʲ ]_w
[_w l o m a n tʲ ]_w
[_w k j e lʲ s e n dʲ ]_w
[_w a lʲ i ]_w
[_w nʲ e dʲ ]_w
[_w p j i tʃ j e ]_w
[_w m o lʲ i nʲ ]_w
[_w o s a tʲ a t o ]_w
[_w p j e tʃ k tʲ a n ]_w
[_w s i nʲ ɡ a k ]_w
[_w v a t nʲ i n sʲ e ]_w
[_w p a n ʒ j i zʲ e ]_w
[_w m o t a z d ]_w
[_w t a k ]_w
[_w p j e lʲ tʲ ]_w
[_w s o k o r o nʲ ]_w
[_w s o k j i n sʲ e ]_w
[_w p a l i tsʲ a n dʲ ]_w
[_w s o n sʲ k a ɡ ]_w
[_w k u lʲ a n dʲ ]_w
[_w l a m b a nʲ ]_w
[_w t a n d a t o ]_w
[_w m o lʲ e m j e ]_w
[_w z d o lʲ e n tʲ ]_w
[_w sʲ i n d rʲ i zʲ e ]_w
[_w j a l k a sʲ ]_w
[_w k u l o ]_w
[_w tʲ e lʲ e nʲ ]_w
[_w o z k s t n e ]_w
[_w e rʲ i tsʲ a d ]_w
[_w p rʲ a sʲ ]_w
[_w k j e m dʲ a sʲ ]_w
[_w k a d o v o ]_w
[_w v a l d o k s ]_w
[_w m a rʲ i n a ]_w
[_w p u k a nʲ ]_w
[_w j a k s ]_w
[_w nʲ e j a v j i ]_w
[_w j i s tʲ a t o ]_w
[_w u lʲ a n ]_w
[_w v j e lʲ e s e ]_w
[_w s o n dʲ e nʲ ]_w
[_w v j e dʲ ]_w
[_w k u ʃ ]_w
[_w a r a v t i ]_w
[_w o j m a sʲ ]_w
[_w v j i j tʲ ]_w
[_w tʃ j i dʲ e n tʲ ]_w
[_w k a z i ]_w
[_w a r a v t i zʲ ]_w
[_w s o d a s i dʲ ]_w
[_w p j e rʲ a n tʲ ]_w
[_w ʃ k a s o ]_w
[_w a v o lʲ i nʲ ]_w
[_w s tʲ i ]_w
[_w k o tʃ k j i dʲ ]_w
[_w p u d o ]_w
[_w a r sʲ a n ]_w
[_w tʃ a v o ]_w
[_w p u ɡ a ]_w
[_w p j i l a ]_w
[_w tʲ e ʒ dʲ e zʲ ]_w
[_w sʲ u k p rʲ a ]_w
[_w nʲ e v t tʲ a d o ]_w
[_w e nʲ a l d o ]_w
[_w p j i n ɡ ]_w
[_w u lʲ a n z o ]_w
[_w e rʲ a n ]_w
[_w lʲ i sʲ i ]_w
[_w u lʲ nʲ i dʲ e ]_w
[_w j i n ʒ j i ]_w
[_w o z n o m a s o ]_w
[_w m j i nʲ e nʲ ]_w
[_w j e lʲ e s e ]_w
[_w s e dʲ m j e sʲ ]_w
[_w m o r a m o nʲ ]_w
[_w m j e j s ]_w
[_w v j e tʲ a sʲ ]_w
[_w l u k a ]_w
[_w b j e t r a nʲ ]_w
[_w v a n i tsʲ a k s ]_w
[_w d u v o d nʲ e nʲ ]_w
[_w u z k u rʲ i tsʲ a ]_w
[_w tʲ i t e nʲ ]_w
[_w r a sʲ k j e ]_w
[_w j u d a m o nʲ ]_w
[_w o n k s tʲ ]_w
[_w nʲ e v tʲ e ]_w
[_w a l o v ]_w
[_w p j i lʲ e j ]_w
[_w s o d a z ]_w
[_w e j s e s t ]_w
[_w tʃ j e v tʲ ]_w
[_w o z n o m s ]_w
[_w m j e nʲ e rʲ i ]_w
[_w p u l o z ]_w
[_w e m j e ]_w
[_w a n o k s o k s ]_w
[_w m j e rʲ e s tʲ ]_w
[_w p u j e ]_w
[_w v j e j e n tʲ ]_w
[_w nʲ e s a r o ]_w
[_w j a l ɡ a t ]_w
[_w sʲ e dʲ e ]_w
[_w e n o ]_w
[_w lʲ e p ʃ tʲ i ]_w
[_w rʲ e v j e zʲ ]_w
[_w k a k ]_w
[_w m j e s e ]_w
[_w sʲ e t nʲ e nʲ ]_w
[_w v j e s t e ]_w
[_w k o d a t ]_w
[_w k u l o sʲ e zʲ ]_w
[_w e rʲ a m o ]_w
[_w v a t rʲ a ]_w
[_w k a l ɡ o ]_w
[_w t u j e dʲ e nʲ ]_w
[_w lʲ i j a z d o r ]_w
[_w t a m a ʃ a ]_w
[_w o ʃ o n tʲ ]_w
[_w k j e lʲ e j ]_w
[_w o ʃ t ]_w
[_w s a k ]_w
[_w sʲ e s e ]_w
[_w tʲ e dʲ a s o ]_w
[_w r a u ʒ o ]_w
[_w k u m a ʒ a ]_w
[_w p o d i tʲ ]_w
[_w j i u dʲ e j a d ]_w
[_w sʲ u r o n z o ]_w
[_w k u t o d nʲ e ]_w
[_w d u v t o sʲ ]_w
[_w p a n ʒ s i ]_w
[_w sʲ u p a v t a n ]_w
[_w sʲ u k o nʲ i dʲ ]_w
[_w a n o k o k s ]_w
[_w a n o k ]_w
[_w k a r d i ]_w
[_w p j e lʲ e v ]_w
[_w p a r o ]_w
[_w p a r t ]_w
[_w sʲ e z e ]_w
[_w k u l o sʲ ]_w
[_w a n d rʲ e sʲ ]_w
[_w v j e j sʲ e ]_w
[_w s o t i tsʲ a sʲ ]_w
[_w p j e ʃ j e nʲ ]_w
[_w rʲ a p o v o nʲ ]_w
[_w k j e v ɡ a k ]_w
[_w j a v o m s ]_w
[_w v a z d s tʲ ]_w
[_w s e rʲ ]_w
[_w o lʲ ɡ a ]_w
[_w p r a k ʃ a nʲ ]_w
[_w j i nʲ a s o ]_w
[_w m u j e v tʲ ]_w
[_w r a k ʃ a sʲ ]_w
[_w tʲ e v j i ]_w
[_w u m o k s tʲ ]_w
[_w f j e r dʲ ]_w
[_w k o l sʲ i tʲ ]_w
[_w m o lʲ e zʲ ]_w
[_w k o l o ]_w
[_w j i o a n n d o ]_w
[_w k o n a nʲ ]_w
[_w v j i ʃ k a ]_w
[_w ʃ k o l a v t ]_w
[_w v j e dʲ e n s e ]_w
[_w tʲ e j e m ]_w
[_w m j e k s ]_w
[_w m o lʲ i ]_w
[_w k o z o nʲ ]_w
[_w tʲ e j nʲ e v s tʲ ]_w
[_w m a dʲ e zʲ ]_w
[_w tʃ j i ]_w
[_w j a r m a nʲ ]_w
[_w e j s t e nʲ e k ]_w
[_w k a s s i ]_w
[_w sʲ a r s ]_w
[_w o z k s ]_w
[_w o m b o tsʲ e sʲ ]_w
[_w nʲ i n s e ]_w
[_w m a k s s i zʲ ]_w
[_w m a ʃ t o ]_w
[_w tʃ a rʲ ɡ o dʲ s i ]_w
[_w k o zʲ k j e nʲ a ]_w
[_w m a r d o nʲ ]_w
[_w e zʲ e n tʲ ]_w
[_w tsʲ a r m u n tʲ ]_w
[_w m u j e ]_w
[_w tʲ e v s ]_w
[_w j a v o m o ]_w
[_w t a r k a m a ]_w
[_w tʲ e j i tsʲ a sʲ ]_w
[_w nʲ e dʲ a d o ]_w
[_w k j i r tʲ i dʲ ]_w
[_w k o n a n tʲ ]_w
[_w o ʃ o d ]_w
[_w j a m o n dʲ e tʲ ]_w
[_w l o v s i zʲ ]_w
[_w k a s nʲ e k s ]_w
[_w nʲ e v tʲ i ]_w
[_w u tsʲ a s k a sʲ ]_w
[_w v j e lʲ e ]_w
[_w m u s i ]_w
[_w k j e lʲ a v t sʲ ]_w
[_w v a n s o ]_w
[_w m a ʃ t s i sʲ ]_w
[_w n a u k a nʲ ]_w
[_w u ʃ o d sʲ ]_w
[_w v a l t ]_w
[_w sʲ i m j e m ]_w
[_w k a d i dʲ ]_w
[_w n a tʲ ]_w
[_w tʲ e v s e ]_w
[_w a v a d ]_w
[_w tʃ u m o s t ]_w
[_w t o d o v ]_w
[_w k j i r dʲ a n o ]_w
[_w u lʲ nʲ i nʲ ]_w
[_w tʲ e j nʲ e z dʲ ]_w
[_w v j i rʲ e v a ]_w
[_w tʃ j i rʲ e s e nʲ ]_w
[_w tʲ e j s t e ]_w
[_w m j e nʲ ]_w
[_w j i tʲ i tʲ ]_w
[_w tʲ e j i tsʲ a ]_w
[_w k o j ]_w
[_w m j e zʲ e ]_w
[_w l a s ]_w
[_w b a ʃ a n ]_w
[_w s a m o ]_w
[_w m o r i ]_w
[_w m a k s t ]_w
[_w p r i dʲ ]_w
[_w tʃ a tʃ u m a n ]_w
[_w v a z o l ]_w
[_w tʲ e dʲ a n z o ]_w
[_w v a j a zʲ ]_w
[_w tʲ e dʲ a n o ]_w
[_w s u r a ]_w
[_w p j e k j e nʲ ]_w
[_w k a n z o ]_w
[_w p a ʒ a t ]_w
[_w k a r m a sʲ ]_w
[_w lʲ i j a d ]_w
[_w k a j a k ]_w
[_w p a k sʲ a v a ]_w
[_w k a j a sʲ ]_w
[_w tʲ e v tʲ e ]_w
[_w t o k j i ]_w
[_w n o l t i k ]_w
[_w o s a k ]_w
[_w tʲ e v ]_w
[_w l o v o n dʲ ]_w
[_w nʲ i n tʲ ]_w
[_w a p o k ]_w
[_w sʲ u l m j i zʲ e ]_w
[_w ɡ a n d i ]_w
[_w ʃ t a p o ]_w
[_w tʲ e r dʲ s e ]_w
[_w u d o ]_w
[_w o z a z dʲ ]_w
[_w j u t k s t o ]_w
[_w o s n o m a d o ]_w
[_w b a s ]_w
[_w e sʲ e dʲ ]_w
[_w k u t a v t i sʲ ]_w
[_w tʲ e r dʲ ]_w
[_w e zʲ e n k ]_w
[_w nʲ e j i n sʲ e ]_w
[_w tʲ e j i k ]_w
[_w s o n sʲ k a k ]_w
[_w m j e z e ]_w
[_w p a s o n s o ]_w
[_w j i z dʲ a d ]_w
[_w k j e lʲ a ]_w
[_w u tʃ o sʲ ]_w
[_w p j e k j e ]_w
[_w u lʲ e m ɡ a ]_w
[_w tʃ j i zʲ e ]_w
[_w s a k ʃ n o d o ]_w
[_w u tʃ j i dʲ ]_w
[_w s a m o t nʲ e ]_w
[_w v a ʒ o t sʲ ]_w
[_w nʲ e v tʲ i n sʲ e ]_w
[_w m a n tʃ j i ]_w
[_w k a r m j i dʲ ]_w
[_w j u d a v a ]_w
[_w tʃ o v o rʲ a sʲ ]_w
[_w m j e r s tʲ ]_w
[_w s o d a s ]_w
[_w t u r v a n z o ]_w
[_w k o r d a zʲ ]_w
[_w s o v j i ]_w
[_w t a n d a d sʲ ]_w
[_w s t o lʲ e n tʲ ]_w
[_w tʲ e v t nʲ e tʲ e ]_w
[_w p rʲ a s t ]_w
[_w k o v o nʲ ]_w
[_w tʲ e ʃ tʲ e ]_w
[_w e z dʲ e ]_w
[_w k u tʃ t a n o ]_w
[_w j i dʲ e zʲ ]_w
[_w lʲ i z s tʲ ]_w
[_w k ʃ j i ]_w
[_w e rʲ a d a n o ]_w
[_w j i lʲ i ]_w
[_w tʲ e v j e nʲ ]_w
[_w a v o l o nʲ ]_w
[_w a t a m o nʲ ]_w
[_w j a r s a s tʲ ]_w
[_w k o r t a sʲ ]_w
[_w m a ʒ d nʲ e ]_w
[_w u s k j i ]_w
[_w tʲ e lʲ e ]_w
[_w nʲ i lʲ e ]_w
[_w p u v a sʲ ]_w
[_w nʲ e j k j e ]_w
[_w k a t o v sʲ ]_w
[_w t o n a t a ]_w
[_w a z o r o n o k ]_w
[_w m a rʲ i tsʲ a ]_w
[_w m j e j lʲ e ]_w
[_w m o k ʃ o s o ]_w
[_w s a j e m j e tʲ ]_w
[_w j a l ɡ a n tʲ ]_w
[_w t o n tʲ e nʲ ]_w
[_w lʲ i j a ]_w
[_w v j i z dʲ a m o ]_w
[_w a u lʲ ]_w
[_w t o p a v t i sʲ ]_w
[_w v j e tʲ ]_w
[_w k u r nʲ i k ]_w
[_w o z i tʲ ]_w
[_w s o n s o ]_w
[_w tʲ e j nʲ e zʲ ]_w
[_w s r a v t o zʲ ]_w
[_w m j e rʲ a nʲ e nʲ ]_w
[_w ʃ k a s t ]_w
[_w t o n a v t i ]_w
[_w a ʒ dʲ i tsʲ a n tʲ ]_w
[_w j i s nʲ a s i ]_w
[_w j a t nʲ e nʲ ]_w
[_w k o r d i lʲ ]_w
[_w j a l a k a ]_w
[_w e zʲ i n sʲ e ]_w
[_w k u tʃ s tʲ ]_w
[_w sʲ u k o r o z o ]_w
[_w a l d ]_w
[_w n a d o j a k ]_w
[_w nʲ i n a ]_w
[_w tʃ o p o d a nʲ ]_w
[_w tʲ e r t sʲ ]_w
[_w k o r d i nʲ e k ]_w
[_w ʃ n a m o ]_w
[_w rʲ e v j e sʲ ]_w
[_w e j s e z d ]_w
[_w p rʲ a s o ]_w
[_w t u v t a m o ]_w
[_w s a d a n a sʲ ]_w
[_w u ʃ o d i zʲ ]_w
[_w m a rʲ a ]_w
[_w j i nʲ e k ]_w
[_w m a rʲ e n s e ]_w
[_w e zʲ e n s e ]_w
[_w tʲ u rʲ m a s o ]_w
[_w a s o r o ]_w
[_w k u t o v a ]_w
[_w t a l n o zʲ ]_w
[_w u rʲ e ]_w
[_w d u s t o m o ]_w
[_w b a n sʲ e zʲ ]_w
[_w k o r d a n ]_w
[_w sʲ e nʲ ]_w
[_w v a s t i nʲ e ]_w
[_w nʲ e v tʲ i n zʲ e ]_w
[_w j u t i sʲ ]_w
[_w t u n d o ]_w
[_w a n ɡ j e l ]_w
[_w a n ɡ j e dʲ ]_w
[_w k j e zʲ ]_w
[_w r u s o k s ]_w
[_w n o l d i n ɡ ]_w
[_w k o j e nʲ ]_w
[_w k j e dʲ e n tʲ ]_w
[_w tʲ e dʲ a m o zʲ ]_w
[_w k o r nʲ i p o v ]_w
[_w lʲ i ʃ m j e nʲ ]_w
[_w m j e zʲ e nʲ e nʲ ]_w
[_w u rʲ e dʲ ]_w
[_w s a k ʃ n i ]_w
[_w l o v o n tʲ ]_w
[_w p a j s t o m o ]_w
[_w s a j s i sʲ ]_w
[_w o m b o n z t ]_w
[_w k a n d i lʲ i zʲ ]_w
[_w a z o r o n ɡ ]_w
[_w k j e lʲ dʲ ]_w
[_w v a n z d o m a ]_w
[_w k j e dʲ e ]_w
[_w o s n o t a n o ]_w
[_w v a s o l d o ]_w
[_w p a n d s i ]_w
[_w j e v rʲ e j e nʲ ]_w
[_w k j i tʃ a sʲ ]_w
[_w k j e tʲ e nʲ ]_w
[_w d a n t a lʲ e ]_w
[_w lʲ i s nʲ e sʲ ]_w
[_w v a z o l o ]_w
[_w v a n i ]_w
[_w tʃ a tʃ j i ]_w
[_w k u v a ]_w
[_w e s tʲ e n z e ]_w
[_w p rʲ a v t o ]_w
[_w t u j i nʲ ]_w
[_w l a m o t ]_w
[_w o lʲ a z ]_w
[_w nʲ e j a v s tʲ ]_w
[_w tʲ e ʃ t a ]_w
[_w t a r ɡ a s o ]_w
[_w s i j a n z o ]_w
[_w k j e dʲ s e s t ]_w
[_w v j e n tʲ e nʲ ]_w
[_w o r ɡ o dʲ e ]_w
[_w tʲ e j ]_w
[_w v a rʲ i zʲ ]_w
[_w k a j a v sʲ ]_w
[_w v j i j nʲ e s e ]_w
[_w e rʲ i ]_w
[_w s a d o ]_w
[_w ʃ k a t o v o ]_w
[_w lʲ e m b j e ]_w
[_w zʲ e zʲ e v sʲ ]_w
[_w s a r a s tʲ ]_w
[_w k o n tʲ ]_w
[_w j e v t i tʲ ]_w
[_w s tʲ a d o ]_w
[_w m j e lʲ e nʲ ]_w
[_w e j k a k ]_w
[_w j a r s a m s ]_w
[_w e s tʲ e z e ]_w
[_w rʲ i k s e ]_w
[_w k j e rʲ a m s ]_w
[_w k o n a t o ]_w
[_w tʲ e nʲ s e ]_w
[_w k o r d a m o zʲ ]_w
[_w p r a k a ]_w
[_w lʲ e j e n z t ]_w
[_w a s a d ]_w
[_w m j e sʲ e k s ]_w
[_w lʲ e s k s ]_w
[_w s a j s i nʲ e k ]_w
[_w a v a z o ]_w
[_w k j i z e ]_w
[_w u tʃ o d a n ]_w
[_w v j i tʲ e m a ]_w
[_w k u l o s tʲ ]_w
[_w j i dʲ i tsʲ a k s ]_w
[_w a n t rʲ e zʲ ]_w
[_w k j i sʲ e ]_w
[_w m a rʲ a n ]_w
[_w m j e lʲ e tʲ e ]_w
[_w m a z d ]_w
[_w s e rʲ e tʲ e ]_w
[_w k j e tʃ j e n tʲ ]_w
[_w p a n d o m a ]_w
[_w s tʲ a k ]_w
[_w z i rʲ e ]_w
[_w s o n z e j a k ]_w
[_w v j i j tʲ e n tʲ ]_w
[_w k u r k o ]_w
[_w k j e lʲ t nʲ e nʲ ]_w
[_w lʲ i v tʲ i ]_w
[_w p a nʲ e zʲ ]_w
[_w sʲ e z dʲ ]_w
[_w j i s tʲ a m o ]_w
[_w sʲ e lʲ m j e dʲ ]_w
[_w tsʲ i dʲ a r t s i ]_w
[_w o m b o tsʲ e ]_w
[_w v a ʒ o dʲ i dʲ ]_w
[_w z v a l ]_w
[_w m o lʲ dʲ ]_w
[_w lʲ e m tʲ i zʲ ]_w
[_w t o l s ]_w
[_w tʃ a rʲ k o dʲ i m ]_w
[_w k j e ʒ j e n tʲ ]_w
[_w tʃ o p o d a ]_w
[_w k o n a ]_w
[_w v j e tʲ a v a ]_w
[_w v a l s t o n dʲ ]_w
[_w l a dʲ a zʲ ]_w
[_w a ʒ o ]_w
[_w a s o r o nʲ ]_w
[_w v a r ʃ t a sʲ ]_w
[_w p j e tʃ k j e ]_w
[_w s u v t a l o v ]_w
[_w x j e j k j e nʲ ]_w
[_w sʲ i m j e m a ]_w
[_w e sʲ i j a k ]_w
[_w j i k j e lʲ e nʲ ]_w
[_w a v a sʲ ]_w
[_w k a d o ]_w
[_w u tʃ o m s ]_w
[_w v a n n a ]_w
[_w o ʃ k u ʃ o n tʲ ]_w
[_w m j e s t ]_w
[_w t a p a rʲ a k ]_w
[_w s t a k a z d o ]_w
[_w a ʃ tʲ i tsʲ a sʲ ]_w
[_w m o r o d ]_w
[_w nʲ i ʃ k j e ]_w
[_w sʲ u l m sʲ i zʲ ]_w
[_w p a ʒ a d ]_w
[_w o j m a m o ]_w
[_w lʲ e j s e ]_w
[_w e rʲ i tʲ ]_w
[_w v j e tʲ i sʲ e ]_w
[_w p j e lʲ i tʲ ]_w
[_w v a n o nʲ ]_w
[_w k u tʃ o sʲ ]_w
[_w v a ʃ o n s o ]_w
[_w j a r m a v a ]_w
[_w k j e dʲ ]_w
[_w m j e k ʃ j e ]_w
[_w u ʃ m a n d ]_w
[_w s a m s ]_w
[_w p o n tʲ i j ]_w
[_w s i n z t k a k ]_w
[_w j u r o sʲ ]_w
[_w p rʲ a v t o v ]_w
[_w tʃ u m o n d i tʲ ]_w
[_w lʲ i zʲ i dʲ ]_w
[_w u s k u rʲ i ]_w
[_w l o p a ]_w
[_w t u j e m a t o ]_w
[_w k j i n z e ]_w
[_w j u t k s ]_w
[_w k o r t a m o nʲ ]_w
[_w s a l o n dʲ ]_w
[_w ɡ o j e n dʲ ]_w
[_w s o d o m a d o ]_w
[_w u lʲ i j a d a nʲ ]_w
[_w j i lʲ a ]_w
[_w sʲ e m s ]_w
[_w tʲ e ʒ d a ]_w
[_w k o j s ]_w
[_w u lʲ e ]_w
[_w v a ʃ o s o ]_w
[_w p u r n a sʲ ]_w
[_w m o nʲ ɡ a k ]_w
[_w sʲ e z nʲ e m s ]_w
[_w o ʃ k u ʃ o z o ]_w
[_w sʲ e k j e nʲ ]_w
[_w t o n a v t o zʲ ]_w
[_w k ʃ j i t nʲ e nʲ ]_w
[_w p a n d o m ɡ a ]_w
[_w t u r t o v ]_w
[_w l o m a nʲ e n k ]_w
[_w sʲ u l m j i zʲ ]_w
[_w t a r k a zʲ ]_w
[_w t u j e tʲ e zʲ ]_w
[_w u tʃ j i sʲ ]_w
[_w tʲ e j e m a ]_w
[_w n o l t i zʲ e ]_w
[_w j i dʲ e ]_w
[_w s e nʲ ]_w
[_w r u n k o k s ]_w
[_w lʲ i sʲ e ]_w
[_w u s k u rʲ i tsʲ a ]_w
[_w u m a rʲ e zʲ ]_w
[_w nʲ e k j e s t ]_w
[_w p a s o nʲ ]_w
[_w lʲ i j a sʲ ]_w
[_w sʲ k a m o ]_w
[_w s e rʲ i nʲ ]_w
[_w tʃ o p o d a s o ]_w
[_w tʲ e j s i ]_w
[_w m j e rʲ e ]_w
[_w m j e lʲ s ]_w
[_w v j e ʃ s tʲ ]_w
[_w lʲ i ʃ m j e ]_w
[_w v a ʒ o n tʲ ]_w
[_w nʲ e s i sʲ ]_w
[_w s o v a k ]_w
[_w v j e tʃ k s i ]_w
[_w j i nʲ e ]_w
[_w l o v t ]_w
[_w s a n ]_w
[_w t a m a rʲ ]_w
[_w k o l a s o ]_w
[_w k a n d i zʲ ]_w
[_w k ʃ j i n tʲ ]_w
[_w l a n ɡ s t o ]_w
[_w k a n d o m o ]_w
[_w tʲ e j a t ]_w
[_w k a s i ]_w
[_w j u t k s o ]_w
[_w k j i j e z tʲ ]_w
[_w p rʲ a d o m s ]_w
[_w k u lʲ a t nʲ e ]_w
[_w tʲ e j t o v ]_w
[_w m u j i zʲ ]_w
[_w s tʲ a t o ]_w
[_w p a k sʲ a n z o ]_w
[_w sʲ i zʲ e m a ]_w
[_w a ʃ tʲ e dʲ e ]_w
[_w m j e lʲ e n tʲ ]_w
[_w s u dʲ a m o ]_w
[_w l a s a rʲ e t ]_w
[_w l a tʲ a m o ]_w
[_w t a r v a s ]_w
[_w t lʲ a ]_w
[_w s o v a m o ]_w
[_w rʲ i s n e m a nʲ ]_w
[_w k a r a d t ]_w
[_w v a l m o s t o ]_w
[_w s o d a v j i t ]_w
[_w p j e rʲ a nʲ ]_w
[_w lʲ e s e ]_w
[_w j i nʲ e tʃ j i ]_w
[_w tʲ i v a sʲ ]_w
[_w tsʲ e tsʲ a d ]_w
[_w tʲ e v j e n ɡ ]_w
[_w m a rʲ i dʲ e ]_w
[_w k u lʲ a n ]_w
[_w v a l o t ]_w
[_w tʃ u m o n z o ]_w
[_w p rʲ a z o z d ]_w
[_w s v a x a n tʲ ]_w
[_w k a r m j i nʲ ]_w
[_w tʲ e j a v ]_w
[_w dʲ e dʲ a t o ]_w
[_w k ʃ n a ]_w
[_w tsʲ e r a ]_w
[_w p sʲ i ]_w
[_w m j e t r a t ]_w
[_w p rʲ a n s o ]_w
[_w o z i dʲ ]_w
[_w m a n zʲ i tʲ ]_w
[_w r u n ɡ o z o ]_w
[_w v j e lʲ e z e nʲ ]_w
[_w j i o a n n o j ]_w
[_w k o n a d ]_w
[_w k a n d i ]_w
[_w s i n z d ]_w
[_w nʲ e s i zʲ ]_w
[_w j i s tʲ a ʒ o ]_w
[_w k a s nʲ e zʲ ]_w
[_w t a r k j i zʲ e ]_w
[_w k j e m tʲ a t o ]_w
[_w k j i j a t ]_w
[_w x rʲ i z t o s ]_w
[_w j u t k s o z o ]_w
[_w tʲ e n s e ]_w
[_w v a n z d e nʲ ]_w
[_w tʃ j i rʲ e s e sʲ ]_w
[_w p j i lʲ e n s e ]_w
[_w sʲ e dʲ i ]_w
[_w l o f o n tʲ ]_w
[_w t a b a rʲ a k ]_w
[_w e sʲ e s e ]_w
[_w m j e lʲ e n z e ]_w
[_w t o n ]_w
[_w k o n a t nʲ e ]_w
[_w a v a r d s i ]_w
[_w o z a tʲ a sʲ ]_w
[_w m a rʲ a t a t ]_w
[_w r a k ʃ a nʲ ]_w
[_w b a n k s k a k ]_w
[_w p j i dʲ e ]_w
[_w o l o nʲ ]_w
[_w n o l t a sʲ e lʲ ]_w
[_w sʲ e lʲ m j e dʲ e ]_w
[_w tʃ a k ʃ ]_w
[_w k a s s tʲ ]_w
[_w tʲ e j dʲ e nʲ ]_w
[_w k o l sʲ e ]_w
[_w t o n a sʲ ]_w
[_w tʃ a tʃ o s o ]_w
[_w v j e lʲ e n tʲ ]_w
[_w e rʲ a m o sʲ ]_w
[_w n a d o lʲ ]_w
[_w ʃ k a n tʲ ]_w
[_w s a x o r ]_w
[_w m o t a n dʲ e ]_w
[_w m o d a m a ʒ a ]_w
[_w l a z ]_w
[_w tʃ a v o nʲ ]_w
[_w v o j n a t o lʲ ]_w
[_w m j e zʲ e rʲ e nʲ ]_w
[_w lʲ e s t e ]_w
[_w t a r ɡ a s a ]_w
[_w v a n z t e nʲ ]_w
[_w tʃ a v o zʲ ]_w
[_w s i n zʲ e ]_w
[_w tʲ e j i sʲ ]_w
[_w j i z a l ]_w
[_w tʃ u dʲ i tsʲ a k s ]_w
[_w t o z d ]_w
[_w k j i r dʲ e zʲ ]_w
[_w o j a n ]_w
[_w l o m a d ]_w
[_w tʲ e tʲ a nʲ ]_w
[_w j i dʲ e m ]_w
[_w v j e tʃ k tʲ a n ]_w
[_w u lʲ e sʲ e ]_w
[_w m a ʃ t o v a ]_w
[_w k a n d a t t ]_w
[_w tʲ e j dʲ ]_w
[_w l o v n o ]_w
[_w v j e lʲ ɡ s t ]_w
[_w m u j i ]_w
[_w a z a d i lʲ ]_w
[_w v a ʒ o t ]_w
[_w j i r o d o nʲ ]_w
[_w sʲ e rʲ ɡ j e ]_w
[_w a r a v t o m s ]_w
[_w p ʃ tʲ i s t e ]_w
[_w l a b u ʃ a ]_w
[_w l u v o nʲ ]_w
[_w s t u v t o n tʲ ]_w
[_w o z a dʲ a n tʲ e ]_w
[_w k rʲ i t e nʲ ]_w
[_w d a r a d ]_w
[_w r a t o n z o ]_w
[_w s u d o nʲ ]_w
[_w tʲ e tʲ e ]_w
[_w p u p a m o ]_w
[_w o r k o d tʲ ]_w
[_w s nʲ a r o ]_w
[_w lʲ e m p j e ]_w
[_w a dʲ a d nʲ e nʲ ]_w
[_w p a n ʃ o v sʲ ]_w
[_w p a n d i tsʲ a d ]_w
[_w k j i z ]_w
[_w tʲ e j dʲ e zʲ ]_w
[_w k u d o d ]_w
[_w k j i r t a ]_w
[_w tʃ u m o k ]_w
[_w p a l i tsʲ a n tʲ ]_w
[_w a t a m o k s ]_w
[_w m o r o n o k ]_w
[_w v j e ʃ nʲ a n ]_w
[_w ʃ t o ]_w
[_w k u tʃ j i ]_w
[_w p a tʃ k o t sʲ ]_w
[_w n u j e m a ]_w
[_w o lʲ a tʃ j i z ]_w
[_w o r m a s o ]_w
[_w lʲ i zʲ e tʲ ]_w
[_w p r o k ]_w
[_w k u l o sʲ e n tʲ ]_w
[_w o z n o m a ]_w
[_w tʲ e j e dʲ e ]_w
[_w e j tʲ e rʲ ]_w
[_w tʲ e dʲ a nʲ ɡ a k ]_w
[_w m a z d o r o v ]_w
[_w p u r n i n ɡ ]_w
[_w nʲ i n k ]_w
[_w ɡ j e dʲ i n ɡ ]_w
[_w rʲ a p o v ]_w
[_w p a s o s t ]_w
[_w o p u tsʲ a n k ]_w
[_w l o v j i ]_w
[_w t a n d a lʲ e ]_w
[_w m a t v j e j z ]_w
[_w a r zʲ a n ]_w
[_w k o r o z t ]_w
[_w nʲ e j e ]_w
[_w u ʃ m a n ]_w
[_w s o k o r o n k ]_w
[_w ʃ n a d a d o ]_w
[_w nʲ e j a v sʲ ]_w
[_w v j e lʲ ]_w
[_w k a ʒ a ]_w
[_w sʲ e dʲ e j e m a ]_w
[_w k j e ʃ j e nʲ ]_w
[_w tʃ j i zʲ ]_w
[_w tʲ i n a r ]_w
[_w sʲ u k o nʲ a m s ]_w
[_w e j s e nʲ e k ]_w
[_w k j e v ]_w
[_w nʲ e z i n ɡ ]_w
[_w sʲ e m j e ]_w
[_w sʲ e nʲ s e ]_w
[_w s tʲ a k o ]_w
[_w k a nʲ a ]_w
[_w o t s ]_w
[_w s a j i zʲ e ]_w
[_w j i z nʲ i ]_w
[_w s r a t sʲ ]_w
[_w s u d o sʲ ]_w
[_w v j i d sʲ ]_w
[_w k j i j a d a ]_w
[_w v j i j e s t ]_w
[_w tʃ o b a tʃ a ]_w
[_w v j i dʲ e v j e ]_w
[_w s a j i lʲ tʲ i zʲ ]_w
[_w p rʲ a z ]_w
[_w v j i n a n tʲ ]_w
[_w p rʲ a v t n e ]_w
[_w p rʲ a s ]_w
[_w j i j e ]_w
[_w p a n ʒ o v sʲ ]_w
[_w m o lʲ i lʲ ]_w
[_w s a l a z o lʲ ]_w
[_w v j i rʲ ]_w
[_w t u v t a l ]_w
[_w r a zʲ k j e n ɡ ]_w
[_w m a rʲ a v sʲ ]_w
[_w v j e dʲ i n ɡ ]_w
[_w tʲ e j a k ]_w
[_w t a k ʃ j e k s ]_w
[_w nʲ i lʲ e tsʲ e ]_w
[_w k a n t i dʲ ]_w
[_w t o z o ]_w
[_w p o z a ]_w
[_w m a k s o sʲ ]_w
[_w ʃ n a zʲ ]_w
[_w k j i tʃ a n tʲ ]_w
[_w s o d a d o ]_w
[_w j a s o ]_w
[_w k j i j a t nʲ e ]_w
[_w j i dʲ i zʲ ]_w
[_w o r m a ]_w
[_w v a r tʃ j i ts a ]_w
[_w e j sʲ e nʲ ]_w
[_w lʲ i zʲ e m j e ]_w
[_w t u t a n o ]_w
[_w v a r m a ]_w
[_w tʲ e v j e n tʲ ]_w
[_w v a k a t ]_w
[_w lʲ i j a t nʲ e ]_w
[_w s o v a v a ]_w
[_w o ʃ o nʲ ]_w
[_w v a rʲ a ]_w
[_w v a ʃ o n tʲ ]_w
[_w a lʲ a n d r a ]_w
[_w o ʃ o t ]_w
[_w tʲ e j e nʲ ]_w
[_w lʲ i z t r a v ]_w
[_w sʲ u l m a v o zʲ ]_w
[_w p a s o sʲ ]_w
[_w a ʒ dʲ e dʲ e ]_w
[_w sʲ i m o n o k ]_w
[_w nʲ e j i j a d ]_w
[_w o r k o dʲ e zʲ ]_w
[_w v o j n a zʲ ]_w
[_w sʲ i j a nʲ ]_w
[_w tsʲ e tsʲ a nʲ ]_w
[_w sʲ u r o d nʲ e ]_w
[_w sʲ e tʲ e j e ]_w
[_w p a n zʲ i tʲ ]_w
[_w j u t k s o s t ]_w
[_w a r sʲ i dʲ ]_w
[_w s u dʲ i ]_w
[_w tʲ e j nʲ e sʲ ]_w
[_w e rʲ a sʲ ]_w
[_w tʃ u v t o m s ]_w
[_w tʲ e r dʲ i ]_w
[_w k u n t sʲ e m s ]_w
[_w s tʲ a sʲ ]_w
[_w t i n sʲ ]_w
[_w tʲ e j tʲ ]_w
[_w a z o r o sʲ ]_w
[_w p u r n a s tʲ ]_w
[_w s a l a v ]_w
[_w lʲ i t r a d ]_w
[_w sʲ i m s tʲ ]_w
[_w sʲ a r t o n ]_w
[_w p a ʃ a m o s t ]_w
[_w k a n d s i zʲ ]_w
[_w j a t ]_w
[_w m a z d o ]_w
[_w s o d a m o nʲ ]_w
[_w tʃ o k ʃ nʲ e sʲ ]_w
[_w k u r o k s ]_w
[_w v j e lʲ tʲ a ]_w
[_w tʲ e n z e ]_w
[_w k a zʲ i ]_w
[_w nʲ e j i n k ]_w
[_w l a tʲ a sʲ ]_w
[_w m a k s t i ]_w
[_w tʲ e j s i n zʲ e ]_w
[_w tʲ e nʲ ɡ a k ]_w
[_w t a r k a nʲ ]_w
[_w p a n ʒ o m a ]_w
[_w s a j e m j e ]_w
[_w k o r d i nʲ ]_w
[_w tʃ a b a k s ]_w
[_w k a ʃ t a s ]_w
[_w lʲ i zʲ ]_w
[_w k a tʃ a d i ]_w
[_w k u v a k a t ]_w
[_w m o n tʲ ]_w
[_w t u n d o n tʲ ]_w
[_w nʲ i k o l a v t ]_w
[_w s o k j i n tʲ ]_w
[_w s i j a ]_w
[_w nʲ e k ʃ nʲ i zʲ ]_w
[_w j i s tʲ a t ]_w
[_w sʲ e t nʲ e tʲ e ]_w
[_w b u t o ]_w
[_w k j e m j e zʲ e ]_w
[_w sʲ e tʲ e j s e ]_w
[_w p u t o v j i ]_w
[_w m j e nʲ e lʲ s e ]_w
[_w o v sʲ e ]_w
[_w u ʃ o d i sʲ ]_w
[_w sʲ e l a ]_w
[_w s v a l ]_w
[_w j a k a ]_w
[_w m j e lʲ a n ]_w
[_w k j e dʲ s e ]_w
[_w s a m a m ]_w
[_w s o d a d a n o ]_w
[_w m o lʲ tʲ ]_w
[_w k o d a d ]_w
[_w p j i rʲ e s e nʲ ]_w
[_w m o r t v a nʲ ]_w
[_w t a r ɡ j i ]_w
[_w tʲ e v j e n dʲ ]_w
[_w a n o k o lʲ tʲ ]_w
[_w s e rʲ e nʲ ]_w
[_w s u r o nʲ ]_w
[_w j i j e nʲ ]_w
[_w m j i nʲ ]_w
[_w m a rʲ a m o sʲ ]_w
[_w u zʲ i j a ]_w
[_w k j e z ]_w
[_w k a n d t ]_w
[_w s t u v t a m o ]_w
[_w s a k ʃ n i tʲ ]_w
[_w o j u m a rʲ e sʲ ]_w
[_w k a j a z a ]_w
[_w m j e k j e ]_w
[_w p j e rʲ k a s t ]_w
[_w p r a k s ]_w
[_w k o tʃ k a v j i ]_w
[_w l o m a nʲ ]_w
[_w m o lʲ a n ]_w
[_w p rʲ a t i n k ]_w
[_w tʲ e r dʲ i dʲ i sʲ ]_w
[_w v j e s t ]_w
[_w t a n d a d s tʲ ]_w
[_w k j i nʲ e k ]_w
[_w m a n tʃ j i dʲ ]_w
[_w j i dʲ e f j i ]_w
[_w a v o l n e nʲ ]_w
[_w p u t i zʲ ]_w
[_w k j i r dʲ e n k ]_w
[_w m a ʒ d o zʲ ]_w
[_w m a k s i n zʲ e ]_w
[_w k u n d a m s ]_w
[_w k o sʲ k j e nʲ ]_w
[_w nʲ e j a v k s o ]_w
[_w m a r ɡ ]_w
[_w zʲ e t nʲ e nʲ ]_w
[_w n a r o d o nʲ ]_w
[_w o r k a ]_w
[_w j e n d o ]_w
[_w m a rʲ i sʲ e ]_w
[_w l o v s o z ]_w
[_w a r sʲ e m a ]_w
[_w p rʲ a z o s ]_w
[_w t a k o sʲ a r o ]_w
[_w lʲ i sʲ m a sʲ ]_w
[_w sʲ e j e rʲ e sʲ ]_w
[_w n o r o v ]_w
[_w o j m j e zʲ e zʲ ]_w
[_w n a m a ]_w
[_w m a n tʃ j e s ]_w
[_w tʃ a p a m o ]_w
[_w b a l i dʲ ]_w
[_w p j e lʲ ɡ a n ]_w
[_w t o p a v t i dʲ ]_w
[_w m a z d o n tʲ ]_w
[_w n u dʲ e j a k ]_w
[_w p rʲ a v t o nʲ ]_w
[_w k j i k ]_w
[_w e rʲ a v j i ]_w
[_w nʲ e sʲ ]_w
[_w lʲ e t sʲ ]_w
[_w b o t s ]_w
[_w k j e m a ]_w
[_w p a n zʲ e zʲ ]_w
[_w b j i rʲ a v k s ]_w
[_w l o v o nʲ ]_w
[_w tʃ o v o rʲ a zʲ ]_w
[_w e j s tʲ e s t ]_w
[_w t a v j i ]_w
[_w t u j e m a n dʲ ]_w
[_w m o d a nʲ ]_w
[_w v a r m a zʲ ]_w
[_w k o rʲ a z ]_w
[_w s u r ɡ s t o ]_w
[_w k ʃ j i zʲ ]_w
[_w lʲ i k ʃ a ]_w
[_w t o p o t a sʲ ]_w
[_w j a v o v j i ]_w
[_w j i z dʲ e n s e ]_w
[_w v a ʒ o zʲ ]_w
[_w m a d u ʃ k a ]_w
[_w k u d o s ]_w
[_w nʲ e j a v j i t ]_w
[_w m j e rʲ e v ]_w
[_w r u n ɡ o n z o ]_w
[_w ɡ j e v ]_w
[_w m u r t a z dʲ ]_w
[_w m j e nʲ e k ]_w
[_w j a v j i ]_w
[_w p u d o v t ]_w
[_w s o d a m a ʃ a ]_w
[_w j i m j i dʲ ]_w
[_w t o n ɡ ]_w
[_w k o r t i ]_w
[_w t a n z dʲ e nʲ ]_w
[_w p a n ʒ a t o ]_w
[_w sʲ e lʲ m j e s t ]_w
[_w ɡ a n d s i ]_w
[_w tʃ j i j sʲ ]_w
[_w tʃ u m a n ]_w
[_w v j i dʲ s t e ]_w
[_w p o n ɡ j i ]_w
[_w e zʲ e m ]_w
[_w k u d o t ]_w
[_w k u l i tsʲ a n dʲ ]_w
[_w m a k s o zʲ ]_w
[_w v a n t ]_w
[_w n a dʲ e ʃ t a ]_w
[_w a v o lʲ i dʲ ]_w
[_w v a l d n e nʲ ]_w
[_w k o r t a v j i ]_w
[_w k j e dʲ ɡ j e ]_w
[_w k o j s e n k ]_w
[_w m o n ɡ a k ]_w
[_w m o d a n tʲ ]_w
[_w tʃ u v t t ]_w
[_w j i r o d o ]_w
[_w e r sʲ i ]_w
[_w tʃ u m o m ]_w
[_w k u l i nʲ e k ]_w
[_w o z i nʲ e k ]_w
[_w v j e s s e ]_w
[_w m j e lʲ s tʲ ]_w
[_w l a m b a ]_w
[_w s i nʲ e k ]_w
[_w v j e dʲ a r v o ]_w
[_w k j e lʲ m j e tʲ ]_w
[_w k j i r dʲ e nʲ ]_w
[_w k u n s o l o sʲ ]_w
[_w u ʃ o z o ]_w
[_w e rʲ i nʲ ]_w
[_w u tsʲ a s k a ]_w
[_w s e rʲ e t sʲ ]_w
[_w r u n k o d tʲ ]_w
[_w v j i j s e ]_w
[_w ʃ k a s ]_w
[_w m o r i tsʲ a ]_w
[_w k u t o ]_w
[_w k j e lʲ e nʲ e k ]_w
[_w sʲ i m j e o n ]_w
[_w t o v a s t i k ]_w
[_w e k ʃ s ]_w
[_w s o v j i tʲ ]_w
[_w n o l d a sʲ ]_w
[_w k o j e n tʲ ]_w
[_w a v a ]_w
[_w s a sʲ ]_w
[_w tsʲ i dʲ a r t s tʲ ]_w
[_w s a d i ]_w
[_w dʲ e j nʲ e s e ]_w
[_w v j e lʲ e zʲ e ]_w
[_w j a l k a k s ]_w
[_w s a k ʃ n i dʲ ]_w
[_w v a l d o m a ]_w
[_w lʲ e lʲ a n ]_w
[_w k u k a rʲ e k u ]_w
[_w m o lʲ i tsʲ a t ]_w
[_w tsʲ e r a sʲ ]_w
[_w k j i j a ]_w
[_w a ʃ tʲ e m s ]_w
[_w tʲ e j e v j i dʲ ]_w
[_w tʲ e s k j e ]_w
[_w n o l t i n zʲ e ]_w
[_w m a rʲ a v a d ]_w
[_w n o l t a z i sʲ ]_w
[_w m o n sʲ k a ɡ ]_w
[_w tʃ a v o m o ]_w
[_w k o n a t a ]_w
[_w k o l i ]_w
[_w v j e rʲ ]_w
[_w o n k s s o ]_w
[_w v a l d n e tʲ e ]_w
[_w m a k s nʲ e m s ]_w
[_w p a n d o m s o ]_w
[_w o s a n n a ]_w
[_w p o k ʃ s t o ]_w
[_w r u n ɡ o ]_w
[_w m a k s o v ]_w
[_w a r sʲ e sʲ ]_w
[_w t u j e tʲ e nʲ ]_w
[_w tʃ a v o m s ]_w
[_w r u z k s ]_w
[_w ʃ k a nʲ ]_w
[_w k a s nʲ e nʲ ]_w
[_w p j e n z tʲ a sʲ ]_w
[_w p u d sʲ ]_w
[_w p a tʃ k o dʲ e ]_w
[_w nʲ i s e ]_w
[_w p r o m k s ]_w
[_w p a n d o n tʲ ]_w
[_w t a r k a sʲ ]_w
[_w k j i r dʲ e s t ]_w
[_w p a ʒ a d o ]_w
[_w tʃ a m a s i ]_w
[_w v j e tʃ k s i zʲ ]_w
[_w tʲ i v a nʲ ]_w
[_w p rʲ a d ]_w
[_w l o d k a d o sʲ ]_w
[_w p o n ɡ o ]_w
[_w tʲ e r d sʲ ]_w
[_w l a ʃ a m o ]_w
[_w k j i j a k ]_w
[_w tʲ e tʲ a n o ]_w
[_w p r a k ʃ n o ]_w
[_w s o l o ]_w
[_w v a s t i ]_w
[_w p j i rʲ e v ]_w
[_w k a p ʃ a ]_w
[_w j a l ɡ a ]_w
[_w v a z nʲ a ]_w
[_w ʃ t a ]_w
[_w t o v ]_w
[_w k u l i tsʲ a ]_w
[_w m o nʲ e nʲ ]_w
[_w k o j k o n a nʲ ]_w
[_w sʲ i m j i ]_w
[_w s e rʲ e n z e ]_w
[_w k j e lʲ m j e ]_w
[_w k a n d t nʲ i dʲ ]_w
[_w v j i lʲ i ]_w
[_w t o p a v t i ]_w
[_w d a v j i t e nʲ ]_w
[_w k j e v k a k ]_w
[_w j a r m a sʲ ]_w
[_w d a r ɡ a m s ]_w
[_w t a r a t ]_w
[_w j i dʲ e m a ]_w
[_w u lʲ tʲ a t o ]_w
[_w v j e lʲ tʲ e ]_w
[_w sʲ e lʲ m j e n tʲ ]_w
[_w m o r o n tʲ ]_w
[_w sʲ e t nʲ e ]_w
[_w m a l a z ]_w
[_w k j e rʲ i sʲ e ]_w
[_w p a s o zʲ ]_w
[_w k a s nʲ e n s e ]_w
[_w k j i r dʲ e dʲ ]_w
[_w s a r a n s k ]_w
[_w j a d o nʲ ]_w
[_w j i s ]_w
[_w p r i ]_w
[_w p r a m o sʲ ]_w
[_w k j i j e s tʲ ]_w
[_w p j i lʲ e ]_w
[_w u tsʲ a s t ]_w
[_w s o v sʲ i tʲ ]_w
[_w a d a m o ]_w
[_w o z n o t o ]_w
[_w m j e r tʲ ]_w
[_w p o tʲ e t sʲ ]_w
[_w p a tʲ a nʲ ]_w
[_w r u n ɡ o z t o ]_w
[_w b u j e n tʲ ]_w
[_w m j e lʲ e v ]_w
[_w m u z i zʲ ]_w
[_w lʲ e z d a s tʲ ]_w
[_w s o n zʲ ]_w
[_w p u t i dʲ ]_w
[_w lʲ e j e n ɡ ]_w
[_w m j e dʲ a z dʲ ]_w
[_w nʲ e j e m a m ]_w
[_w v j i n a ]_w
[_w o s n o d a n ]_w
[_w p u r n a m s ]_w
[_w a s o d i tsʲ a t ]_w
[_w e rʲ a t o t sʲ ]_w
[_w tʲ e j i zʲ e ]_w
[_w p a z d o ]_w
[_w j a k s tʲ e rʲ e ]_w
[_w k u d o v j i dʲ ]_w
[_w k a n t i ]_w
[_w p a tʃ tʲ i ]_w
[_w p r a v t i ]_w
[_w tʲ i r e nʲ ]_w
[_w p j e k s ]_w
[_w k a l m o nʲ ]_w
[_w j a r s a m o ]_w
[_w a r sʲ e ]_w
[_w n o l d i k ]_w
[_w k a ʃ t a s s o ]_w
[_w j a r m a v t o ]_w
[_w p u r n a m o zʲ ]_w
[_w m o r i tsʲ a sʲ ]_w
[_w lʲ i j a t a nʲ ]_w
[_w k o tʃ k a sʲ ]_w
[_w s a m s t o ]_w
[_w n o l d a m o nʲ ]_w
[_w e rʲ a m o z t ]_w
[_w p o t s o ]_w
[_w p rʲ a k a nʲ ]_w
[_w p o p o nʲ ]_w
[_w v a rʲ i zʲ e ]_w
[_w v j e lʲ e n s e ]_w
[_w v j i zʲ e ]_w
[_w nʲ e tʲ a d ]_w
[_w tʲ u s o nʲ ]_w
[_w a v a t nʲ e nʲ ]_w
[_w v a ʃ o n dʲ e nʲ ]_w
[_w tʲ e j e dʲ s e ]_w
[_w a l ɡ u k s ]_w
[_w m a dʲ j a r o nʲ ]_w
[_w u m a rʲ e n dʲ ]_w
[_w j i n ʒ j e k s ]_w
[_w v j e lʲ e nʲ e k ]_w
[_w k j e dʲ e nʲ ]_w
[_w j i j e tʲ ]_w
[_w tʲ e nʲ e ɡ ]_w
[_w tʲ e tʲ a n o k ]_w
[_w a k rʲ i p p a ]_w
[_w p j e lʲ e zʲ ]_w
[_w k a s t ]_w
[_w o m b o tsʲ e zʲ ]_w
[_w p u lʲ sʲ a sʲ ]_w
[_w j i lʲ a k ]_w
[_w u r nʲ i k ]_w
[_w tʲ e j e m s ]_w
[_w o s a tʲ a sʲ ]_w
[_w r a m a ]_w
[_w k o r t a n ]_w
[_w p a z o k s ]_w
[_w v j i j t nʲ e nʲ ]_w
[_w lʲ e z e ]_w
[_w o j m j e s tʲ ]_w
[_w a ʃ tʲ e m j e ]_w
[_w u lʲ tʲ ]_w
[_w v j e rʲ e s t e ]_w
[_w nʲ e j a k ]_w
[_w v a zʲ e nʲ ]_w
[_w sʲ i l a ]_w
[_w m a ʒ d o sʲ ]_w
[_w j i m j e n dʲ ]_w
[_w u lʲ zʲ ]_w
[_w t o nʲ ]_w
[_w k j i s e ]_w
[_w s a j e zʲ ]_w
[_w t o v t ]_w
[_w a ʒ dʲ i ]_w
[_w v j e j tʲ ]_w
[_w p rʲ a s o s t ]_w
[_w v j e tʲ a n k ]_w
[_w s o n s e ]_w
[_w b u r n a v s tʲ ]_w
[_w p a n sʲ e z dʲ ]_w
[_w t o r a m a ]_w
[_w v a l o s t ]_w
[_w u ʃ o d o v ]_w
[_w p a k sʲ a ]_w
[_w b j e lʲ i dʲ ]_w
[_w t u s t o ]_w
[_w p a v o sʲ ]_w
[_w tʃ j i nʲ ]_w
[_w a v a n tʲ e j ]_w
[_w s i n tʲ e n ɡ ]_w
[_w k u d o s o nʲ ]_w
[_w v j i tʲ ]_w
[_w p r a m o ]_w
[_w n u tsʲ k a n s o ]_w
[_w v j e nʲ ]_w
[_w v j e n tʃ s e ]_w
[_w v j e z t ]_w
[_w l a m o t nʲ e ]_w
[_w d u x o v k a k ]_w
[_w tʃ a v s tʲ ]_w
[_w v j i j s e tʲ ]_w
[_w tʲ e j i dʲ e sʲ ]_w
[_w s e rʲ e j ]_w
[_w k a j sʲ i dʲ ]_w
[_w t i n ɡ ]_w
[_w k a lʲ ]_w
[_w j a r s a ]_w
[_w j i o r t a n ]_w
[_w a s o d i tsʲ a ]_w
[_w k j e s ]_w
[_w p u t t a n ]_w
[_w s u dʲ i tsʲ a ]_w
[_w sʲ a r o ]_w
[_w k a d o v j i ]_w
[_w v j e lʲ m j e sʲ ]_w
[_w k o n a s o ]_w
[_w v j e tʃ k s a ]_w
[_w k j e r ʃ ]_w
[_w a n u ]_w
[_w k u n d a ]_w
[_w nʲ e j e m s t e ]_w
[_w e sʲ i n ɡ ]_w
[_w p a n d i sʲ ]_w
[_w l o m a ]_w
[_w s i r nʲ e z d ]_w
[_w k o n a n tʲ e nʲ ]_w
[_w tʃ u v t o nʲ ]_w
[_w p j e lʲ ɡ s e z ]_w
[_w p a nʲ i ]_w
[_w r u n ɡ o n ɡ ]_w
[_w k a d t ]_w
[_w lʲ i z nʲ e s t ]_w
[_w dʲ e s k j e ]_w
[_w lʲ i zʲ e m s ]_w
[_w sʲ e k s k a ]_w
[_w e rʲ a m o d ]_w
[_w a v a nʲ ]_w
[_w sʲ i n d rʲ i sʲ e ]_w
[_w p a ʒ a m o m ]_w
[_w a n k j e ]_w
[_w k o n a t ]_w
[_w t u nʲ ]_w
[_w a l a ʃ a nʲ ]_w
[_w r a tsʲ a nʲ a ]_w
[_w l a n k o z o ]_w
[_w v a l o zʲ ]_w
[_w k nʲ i ʒ n o j ]_w
[_w a r zʲ e zʲ e v sʲ ]_w
[_w a n sʲ a t ]_w
[_w ʃ n a n ]_w
[_w j a k a k ]_w
[_w m a s t o m a ]_w
[_w l o v o zʲ ]_w
[_w j a r m a k ]_w
[_w k o zʲ k j e k s ]_w
[_w ʃ n a v j i ]_w
[_w e tʃ k j e ]_w
[_w v a l t o ]_w
[_w s a l a s i ]_w
[_w k a n t a lʲ e ]_w
[_w s a j i nʲ ]_w
[_w m j e rʲ e k s ]_w
[_w s a v sʲ ]_w
[_w lʲ e s t i dʲ ]_w
[_w lʲ i j a nʲ ]_w
[_w v j e ʒ nʲ e ]_w
[_w s i n sʲ e ]_w
[_w j i o a n n ]_w
[_w nʲ e v tʲ s i ]_w
[_w l a m o nʲ ]_w
[_w s m u s tʲ e s t ]_w
[_w k u lʲ k a nʲ ]_w
[_w e zʲ e nʲ e nʲ ]_w
[_w ɡ u lʲ a s o n tʲ ]_w
[_w j i tʲ e m a ]_w
[_w nʲ e j i nʲ e k ]_w
[_w l a m b a m o ]_w
[_w k u r o n tʲ ]_w
[_w a l d i m a n tʲ ]_w
[_w k s t i dʲ ]_w
[_w b a tʃ k o tʲ e ]_w
[_w k rʲ i t ]_w
[_w p r a sʲ ]_w
[_w t o s o n tʲ ]_w
[_w j i dʲ i tsʲ a sʲ ]_w
[_w j i z dʲ e ]_w
[_w s i r nʲ e ]_w
[_w k a n d o sʲ ]_w
[_w p j i rʲ i nʲ e k ]_w
[_w p a r o sʲ ]_w
[_w p a tʃ tʲ a sʲ ]_w
[_w r u n ɡ o z d o ]_w
[_w j o v l a nʲ ]_w
[_w lʲ e m ]_w
[_w sʲ u k o nʲ a z tʲ ]_w
[_w p j i tʲ e m j e ]_w
[_w a dʲ a zʲ ]_w
[_w k nʲ i k a n tʲ ]_w
[_w o j m j e zʲ ]_w
[_w sʲ i n d rʲ e zʲ ]_w
[_w tʲ e lʲ nʲ a ]_w
[_w k a s nʲ e dʲ e ]_w
[_w ʃ n a d a ]_w
[_w a l t a sʲ ]_w
[_w k a j i ]_w
[_w m o lʲ i tsʲ a ]_w
[_w m j e lʲ e m ]_w
[_w s o k o r ]_w
[_w k a j i n e nʲ ]_w
[_w e sʲ i nʲ e k ]_w
[_w m o t a sʲ ]_w
[_w o j u m a rʲ e zʲ ]_w
[_w k a v k s ]_w
[_w m a ʃ t t a d o ]_w
[_w k a r k s s o ]_w
[_w m a rʲ a sʲ ]_w
[_w sʲ i m j e ]_w
[_w m a ʒ d s i zʲ ]_w
[_w l a t ]_w
[_w d o n a ]_w
[_w v a ʃ o d ]_w
[_w m a t v ]_w
[_w v a l d o z ]_w
[_w t u zʲ ]_w
[_w u m a rʲ ]_w
[_w j i tsʲ a d ]_w
[_w s t u v t a l ]_w
[_w tʃ a tʃ t o m a ]_w
[_w u ʃ o t o m ]_w
[_w p j i ʃ j e ]_w
[_w l a z a ]_w
[_w o lʲ a tʃ j i v ]_w
[_w k o d a ]_w
[_w lʲ i sʲ i tsʲ a ]_w
[_w l o p a n s o ]_w
[_w m a ʃ t o m ]_w
[_w tʲ u rʲ m a s ]_w
[_w v j e lʲ e nʲ ]_w
[_w v a s t ]_w
[_w k rʲ e k tʲ k a k ]_w
[_w tʲ e j nʲ e ]_w
[_w m o d a m a z d ]_w
[_w k a v o nʲ e s t ]_w
[_w t a p a sʲ ]_w
[_w k j e lʲ e sʲ ]_w
[_w m a rʲ i n ɡ ]_w
[_w p j i dʲ e sʲ e zʲ ]_w
[_w tʲ e j nʲ i lʲ ]_w
[_w lʲ i d r a t ]_w
[_w p o l a v ]_w
[_w tʃ a m a ]_w
[_w s o n k a k ]_w
[_w s o d a t ]_w
[_w m j e lʲ e s e v ]_w
[_w o ʃ o sʲ ]_w
[_w v j i dʲ ]_w
[_w j i j e dʲ ]_w
[_w sʲ u p a v s t o ]_w
[_w lʲ e m j e s e ]_w
[_w lʲ e s t a zʲ ]_w
[_w lʲ e j s ]_w
[_w k o r t nʲ e sʲ ]_w
[_w d a k o ]_w
[_w m j e r dʲ ]_w
[_w j a m o n tʲ ]_w
[_w lʲ e t s tʲ ]_w
[_w k j e tʲ s ]_w
[_w nʲ e j e m a t ]_w
[_w k j i dʲ ]_w
[_w m a k s nʲ e ]_w
[_w d a r ɡ a s t ]_w
[_w nʲ e j ]_w
[_w nʲ e j k a k ʃ t ]_w
[_w p o k ʃ tʲ a n ɡ ]_w
[_w e nʲ a l d i ]_w
[_w m a rʲ a m o m ]_w
[_w s o n zʲ e ]_w
[_w tʲ e dʲ e ]_w
[_w j a d nʲ e ]_w
[_w p rʲ a k a ]_w
[_w b a j s t o m o ]_w
[_w j i ɡ j e lʲ s tʲ ]_w
[_w tʃ o k ʃ nʲ e ]_w
[_w k a l o j ]_w
[_w ɡ j e tʲ s ]_w
[_w p rʲ a s t o ]_w
[_w r o z sʲ i j a nʲ ]_w
[_w l a t k o ]_w
[_w t o s o nʲ ]_w
[_w p j i ʃ nʲ i ]_w
[_w p j e tʃ tʲ a m s ]_w
[_w k j e tsʲ a ]_w
[_w u ʃ o v ]_w
[_w m j e dʲ ]_w
[_w p a ʃ a sʲ ]_w
[_w rʲ a t ]_w
[_w s o v a sʲ ]_w
[_w t o p a v t ]_w
[_w j a m k s ]_w
[_w m a k s nʲ i dʲ ]_w
[_w sʲ a r t o ]_w
[_w v a l ]_w
[_w m j e s e v ]_w
[_w l a k j i tsʲ a ]_w
[_w a l d n e dʲ e ]_w
[_w k u t o k ]_w
[_w v a zʲ e n tsʲ e ]_w
[_w u l o v a ]_w
[_w p a nʲ i n sʲ e ]_w
[_w t a r k a s ]_w
[_w s o nʲ sʲ ]_w
[_w s o n ]_w
[_w tʃ a v o sʲ ]_w
[_w s a j s tʲ ]_w
[_w s n a r d ]_w
[_w u lʲ e s e ]_w
[_w tʲ e j i zʲ ]_w
[_w p rʲ a zʲ ]_w
[_w o j m j e s tʲ e ]_w
[_w u ʃ o d i tʲ ]_w
[_w p rʲ a n k ]_w
[_w s o d a s a ]_w
[_w p u r n i tsʲ a ]_w
[_w o s n o sʲ ]_w
[_w s i r k a s ]_w
[_w k u tʃ o v t ]_w
[_w r a sʲ k j e nʲ ]_w
[_w k a t i k ]_w
[_w u lʲ e m a ]_w
[_w k a r ɡ s ]_w
[_w tʃ j i s tʲ a ]_w
[_w l a ʒ a s o ]_w
[_w nʲ e k ʃ nʲ i nʲ ]_w
[_w lʲ e j t nʲ e ]_w
[_w e rʲ i dʲ ]_w
[_w k o d a j a ]_w
[_w k u lʲ ɡ a nʲ ]_w
[_w p j i rʲ e s e ]_w
[_w u rʲ v a k s k a ]_w
[_w v j i rʲ e nʲ ]_w
[_w k u tʃ a n ]_w
[_w n a r t ]_w
[_w k u d o ]_w
[_w k o z d ]_w
[_w j a l ɡ a n ]_w
[_w s u t o n z o ]_w
[_w sʲ i m j i tʲ ]_w
[_w tʲ e tʲ a t ]_w
[_w k j e tʲ e dʲ ]_w
[_w v a n z t sʲ ]_w
[_w l o m a nʲ t nʲ e ]_w
[_w ɡ j e dʲ k a ɡ ]_w
[_w s o t o ]_w
[_w tʲ i f a nʲ ]_w
[_w s n a r t nʲ e zʲ ]_w
[_w a n ɡ j e l e zʲ ]_w
[_w m a z d o r s ]_w
[_w s o d a s i n ɡ ]_w
[_w t o z o n tʲ e dʲ ]_w
[_w nʲ e v t sʲ ]_w
[_w sʲ a r s k a k ]_w
[_w t a r ɡ a k s ]_w
[_w o ʃ s o ]_w
[_w tʲ e ʃ tʲ e z dʲ ]_w
[_w b a nʲ i n zʲ e ]_w
[_w k a s i tsʲ a ]_w
[_w m o lʲ zʲ ]_w
[_w k o v t ]_w
[_w p rʲ a ]_w
[_w m o lʲ i dʲ e ]_w
[_w a z o d i lʲ i sʲ ]_w
[_w e rʲ a m o nʲ ]_w
[_w v j e dʲ e zʲ ]_w
[_w p r a t o ]_w
[_w k u lʲ a d nʲ e ]_w
[_w a r sʲ e tʲ a t ]_w
[_w k u tʃ o zʲ e lʲ ]_w
[_w k o n a sʲ ]_w
[_w e nʲ a l t o n tʲ ]_w
[_w k j e m tʲ a sʲ ]_w
[_w k a j a m o sʲ ]_w
[_w t a ʃ t o m o ]_w
[_w o ʃ o ]_w
[_w a ʒ o d sʲ ]_w
[_w lʲ i v tʲ i n k ]_w
[_w tʃ a tʃ o nʲ ]_w
[_w b a ʒ a m o s o ]_w
[_w k j e lʲ e nʲ ]_w
[_w v j e lʲ ɡ s k a ]_w
[_w v a l t o m a ]_w
[_w v j e rʲ e zʲ ]_w
[_w ʃ k a z k a v ]_w
[_w a l t n e ]_w
[_w m a k s i n sʲ e ]_w
[_w s u dʲ i tsʲ a sʲ ]_w
[_w a ʒ dʲ e tʲ a t o ]_w
[_w s o d i ]_w
[_w k u lʲ a d o n tʲ ]_w
[_w e rʲ a v j i tʲ ]_w
[_w zʲ i l a nʲ ]_w
[_w m j e lʲ tʲ ]_w
[_w l u v o s o ]_w
[_w r a j o n o nʲ ]_w
[_w sʲ u k o nʲ i ]_w
[_w tʃ u dʲ i ]_w
[_w tʲ e tʲ a n ]_w
[_w e rʲ i tsʲ a ]_w
[_w k a n t s i ]_w
[_w e r zʲ a t ]_w
[_w a l a m o ]_w
[_w u tsʲ a s k a v ]_w
[_w p a s n e nʲ ]_w
[_w j i dʲ e nʲ ]_w
[_w n u tʃ k o ]_w
[_w a l t o m o ]_w
[_w m j e d r a d ]_w
[_w s u dʲ i zʲ e ]_w
[_w tʲ e j nʲ e m j e ]_w
[_w k a z nʲ e tʲ ]_w
[_w m u z i n k ]_w
[_w l o d o nʲ ]_w
[_w nʲ e j e nʲ ]_w
[_w j i r o d ]_w
[_w l a n ɡ o m o ]_w
[_w tʲ e j i nʲ e nʲ ]_w
[_w lʲ e s t a ]_w
[_w k a t t ]_w
[_w k a t o ]_w
[_w k j e v k s ]_w
[_w a ts nʲ e s tʲ ]_w
[_w k j e v s t e ]_w
[_w p a d a j e f ]_w
[_w k a ʃ a ]_w
[_w k o r tʃ j i sʲ ]_w
[_w p r a d ]_w
[_w p o k ʃ tʃ j i nʲ ]_w
[_w k u l o t a n o ]_w
[_w t i n zʲ e ]_w
[_w b a b a nʲ ]_w
[_w rʲ a d s o ]_w
[_w p j e ʒ dʲ a v sʲ ]_w
[_w o r ʃ a sʲ ]_w
[_w k o l sʲ i dʲ ]_w
[_w m j i x a j i l ]_w
[_w tʃ j i rʲ e v ]_w
[_w s o v j i dʲ ]_w
[_w a n o k s o nʲ ]_w
[_w ɡ j i n zʲ e ]_w
[_w tʲ e j nʲ i ]_w
[_w k j e z k a v s ]_w
[_w v a n s t o v sʲ ]_w
[_w p j e lʲ s ]_w
[_w s t a k a z tʲ ]_w
[_w v j i rʲ e s e nʲ ]_w
[_w sʲ e k j e s ]_w
[_w nʲ i s a nʲ a s o ]_w
[_w tʲ e v tʲ e m a ]_w
[_w m o d a m o sʲ ]_w
[_w k a j a m o n dʲ ]_w
[_w k a n d i tʲ ]_w
[_w t a r ɡ a s ]_w
[_w j i n ʃ j i sʲ ]_w
[_w a s o r o sʲ ]_w
[_w a r a sʲ ]_w
[_w lʲ i s nʲ e ]_w
[_w lʲ i s a ]_w
[_w p o p t ]_w
[_w p a rʲ ]_w
[_w ʃ a l d ]_w
[_w k u lʲ a n tʲ e nʲ ]_w
[_w v j e dʲ e nʲ e nʲ ]_w
[_w p a r s tʲ e ]_w
[_w v a l s o j a k ]_w
[_w p r a d o ]_w
[_w m a r t o ]_w
[_w nʲ e j e m s ]_w
[_w t o v a ]_w
[_w ɡ j i r t ]_w
[_w lʲ e m s t e ]_w
[_w j i k j e lʲ e sʲ ]_w
[_w p j e rʲ a t ]_w
[_w j u r s ]_w
[_w t o v a t nʲ e nʲ ]_w
[_w nʲ e v tʲ i n k ]_w
[_w l o m a nʲ e sʲ ]_w
[_w s t o lʲ e s tʲ ]_w
[_w p u d s a ]_w
[_w v j i j e zʲ ]_w
[_w l o m ]_w
[_w b j e t r a s ]_w
[_w u lʲ e v j e s t ]_w
[_w j a k a ɡ ]_w
[_w a m a z i j ]_w
[_w v a s t s i ]_w
[_w p a tʃ k o dʲ i ]_w
[_w u rʲ e k s ]_w
[_w v j e r tsʲ e ]_w
[_w p rʲ a d o ]_w
[_w j a l ɡ a sʲ ]_w
[_w e rʲ a s tʲ ]_w
[_w k o m j i nʲ e k ]_w
[_w t a r ɡ a v a ]_w
[_w p o t i tʲ ]_w
[_w ʃ n i tʲ ]_w
[_w ʃ n i dʲ ]_w
[_w tʲ e v j i dʲ ]_w
[_w p j i lʲ k j e ]_w
[_w v o j n a sʲ ]_w
[_w sʲ e k j e ]_w
[_w ʃ n a z a rʲ e nʲ ]_w
[_w p o n k j i dʲ ]_w
[_w s o l o zʲ ]_w
[_w e rʲ a d ]_w
[_w lʲ i z sʲ ]_w
[_w v a n z o ]_w
[_w t a k ʃ j e sʲ ]_w
[_w k o sʲ k sʲ ]_w
[_w s o t a n o ]_w
[_w s a j i tʲ ]_w
[_w n o l d i n zʲ e ]_w
[_w p rʲ a s u rʲ e ]_w
[_w k a z nʲ e sʲ ]_w
[_w u rʲ v a k s t sʲ ]_w
[_w k o n tʲ a m o zʲ ]_w
[_w tsʲ e tsʲ a n z o ]_w
[_w p rʲ a d i zʲ ]_w
[_w m a s t o ]_w
[_w v a nʲ k s s t o ]_w
[_w k u t o s t ]_w
[_w k o r tʃ j i zʲ e ]_w
[_w u ʒ o d i tʲ ]_w
[_w k a n d o m s o ]_w
[_w sʲ e zʲ e v o ]_w
[_w p j i ʒ dʲ i ]_w
[_w nʲ e k ʃ nʲ e ]_w
[_w v j e dʲ ɡ j e nʲ ]_w
[_w a l d n e nʲ ]_w
[_w a dʲ a k ʃ ]_w
[_w v a l s t o n tʲ ]_w
[_w m o lʲ e ]_w
[_w v a n i tsʲ a d ]_w
[_w t i nʲ ]_w
[_w b a l i ]_w
[_w r o zʲ ]_w
[_w sʲ e s t ]_w
[_w s m u s tʲ ]_w
[_w nʲ e z a r o ]_w
[_w p a tsʲ a s o ]_w
[_w sʲ e x tʲ i ]_w
[_w s u t o n tʲ ]_w
[_w p a k sʲ a d ]_w
[_w t i n k ]_w
[_w k a r m a k ]_w
[_w m a k s s i ]_w
[_w nʲ e j i sʲ ]_w
[_w j a t o d sʲ ]_w
[_w k rʲ e k t nʲ e nʲ ]_w
[_w a r a v t o ]_w
[_w k a v a ]_w
[_w v a n d i tʲ ]_w
[_w o lʲ a tʃ j i s ]_w
[_w m a r t a m o nʲ ]_w
[_w a dʲ a ]_w
[_w tʃ u k u n k a nʲ ]_w
[_w r a n a ]_w
[_w k u lʲ a n tʲ ]_w
[_w dʲ e v s e ]_w
[_w u m a rʲ k s ]_w
[_w s t a t o ]_w
[_w u ʃ o t o v ]_w
[_w t o z o nʲ ]_w
[_w lʲ i z nʲ e sʲ ]_w
[_w j i s tʲ a ]_w
[_w v a l m a ]_w
[_w tʲ e s e ]_w
[_w tʃ j i n zʲ e ]_w
[_w m j e sʲ ]_w
[_w l a z a rʲ ]_w
[_w m j i n sʲ e ]_w
[_w t o n a v t ]_w
[_w p o b o nʲ ]_w
[_w sʲ i m j e n s e ]_w
[_w nʲ e j i sʲ e m a ]_w
[_w u lʲ e m j e ]_w
[_w o r d a ]_w
[_w e r sʲ a t ]_w
[_w v a ʃ o t ]_w
[_w p rʲ a v t o m s ]_w
[_w p a l k a n k ]_w
[_w sʲ e dʲ e j e ɡ s ]_w
[_w b j e t r a ]_w
[_w lʲ i s sʲ ]_w
[_w k a v t ]_w
[_w m j e r dʲ e ]_w
[_w tʲ e nʲ e nʲ ]_w
[_w r u n k o n ɡ ]_w
[_w e rʲ a m o n tʲ ]_w
[_w a s o d i ]_w
[_w sʲ e j e tʲ e zʲ ]_w
[_w sʲ e rʲ k u ]_w
[_w lʲ i s s tʲ ]_w
[_w m j e rʲ e z dʲ ]_w
[_w tʲ e ʃ k s t ]_w
[_w k o r tʃ j i ts a ]_w
[_w t o l ɡ s ]_w
[_w k j i j e n tʲ ]_w
[_w s a t o j ]_w
[_w p a r o z d o ]_w
[_w k u l o m a nʲ ]_w
[_w p j e lʲ ɡ s ]_w
[_w sʲ e s t e ]_w
[_w m a s i ]_w
[_w m o lʲ tʲ a n o ]_w
[_w zʲ i l a ]_w
[_w o l o ]_w
[_w t o z d o ]_w
[_w s i nʲ ]_w
[_w p a n ɡ t n e ]_w
[_w k a n d i lʲ i sʲ ]_w
[_w u l o v o d o ]_w
[_w m j e rʲ a v o ]_w
[_w o s n i ]_w
[_w s a v t o ]_w
[_w v j e zʲ e ]_w
[_w m a r sʲ e m a ]_w
[_w v j i n a nʲ ]_w
[_w a n n a ]_w
[_w b a tsʲ a z o ]_w
[_w s k a l o nʲ ]_w
[_w k u n z o l o t ]_w
[_w v a l ɡ j i lʲ dʲ ]_w
[_w p a l m a sʲ ]_w
[_w tʲ e dʲ a n tʲ e nʲ ]_w
[_w tʃ a dʲ m o nʲ a d ]_w
[_w v j e dʲ i sʲ e ]_w
[_w p a nʲ e m s ]_w
[_w o s k s o v t ]_w
[_w tʲ u ʃ a ]_w
[_w z v a dʲ b a t o ]_w
[_w lʲ i v t nʲ i ]_w
[_w k u j a r t ]_w
[_w tʲ e j i tsʲ a k s ]_w
[_w tʲ e ʃ tʲ e z tʲ ]_w
[_w k a ʒ d o m o ]_w
[_w tʲ e j nʲ i dʲ ]_w
[_w s o d a d ]_w
[_w lʲ i v a m s ]_w
[_w v j e rʲ e s t ]_w
[_w sʲ i j a n o n tʲ ]_w
[_w f a s t ]_w
[_w k j i zʲ ]_w
[_w n o j ]_w
[_w ʃ t o b u ]_w
[_w a z o r o nʲ ]_w
[_w m j e r sʲ ]_w
[_w l o m a n tʲ e nʲ ]_w
[_w k j i z d ]_w
[_w b j i tʃ j e ]_w
[_w m u j i sʲ ]_w
[_w tʃ o p o d s ]_w
[_w p j e n tʃ j e nʲ ]_w
[_w tʲ e v tʲ ]_w
[_w v j e lʲ k sʲ e sʲ ]_w
[_w j a r s a k ]_w
[_w j a r m a ]_w
[_w s t a k a ]_w
[_w lʲ i s nʲ i ]_w
[_w t i nʲ e n z e ]_w
[_w sʲ e dʲ ]_w
[_w m a ʃ t o m o ]_w
[_w tʃ u m o nʲ ]_w
[_w m o r d v i ]_w
[_w lʲ i j a z d o ]_w
[_w tʲ e tʲ a m k a ]_w
[_w s a j i k ]_w
[_w s a v l a nʲ ]_w
[_w m a ʒ d s i sʲ ]_w
[_w o r m a zʲ ]_w
[_w b a tʃ tʲ i j a k ]_w
[_w lʲ i v dʲ i n zʲ e ]_w
[_w p j i tʃ a n tʲ ]_w
[_w s i r ɡ a z a ]_w
[_w j a v s tʲ ]_w
[_w u lʲ i ]_w
[_w e rʲ a d a d o ]_w
[_w b a z n e nʲ ]_w
[_w nʲ e ʃ k j e ]_w
[_w m a nʲ a n ]_w
[_w m a s t o v sʲ ]_w
[_w p u l d a s a k ]_w
[_w k j i s n a ]_w
[_w s i n z d k a k ]_w
[_w v j e nʲ e lʲ s e ]_w
[_w t i n sʲ e j ]_w
[_w v a l o sʲ ]_w
[_w s a j sʲ ]_w
[_w nʲ e dʲ ɡ s e s ]_w
[_w u s t a v j i ]_w
[_w sʲ e tʲ e j s e dʲ ]_w
[_w o s i ]_w
[_w a z o d i ]_w
[_w l a n ɡ s o ]_w
[_w t u k ʃ n i ]_w
[_w m a s i j ]_w
[_w k j i zʲ e ]_w
[_w s i n s t ]_w
[_w l a n ɡ o d tʲ ]_w
[_w u ʃ m a n d nʲ e ]_w
[_w tʃ u v t o sʲ ]_w
[_w p u t o m s ]_w
[_w p u t i ɡ ]_w
[_w p u l o z dʲ ]_w
[_w p a l i ]_w
[_w o z ɡ s t nʲ e ]_w
[_w t o n a nʲ ]_w
[_w k rʲ i d e nʲ ]_w
[_w k u n s o l i ]_w
[_w s u v t a l o ]_w
[_w k o rʲ a s ]_w
[_w tʃ j i t nʲ e ]_w
[_w v j e tʲ e zʲ ]_w
[_w lʲ e m j e n tʲ ]_w
[_w k j i r dʲ i ]_w
[_w m a l a s i ]_w
[_w e rʲ v a n dʲ ]_w
[_w p a z n e nʲ ]_w
[_w p r i lʲ ]_w
[_w k u l o s ]_w
[_w k a l t ]_w
[_w k o l m o d nʲ e ]_w
[_w tsʲ i tʲ a r d o nʲ ]_w
[_w p o d s ]_w
[_w s a v k ʃ n i dʲ ]_w
[_w sʲ e z k ]_w
[_w j i tʲ e sʲ ]_w
[_w r a m a m ]_w
[_w tʃ j i dʲ k a k ]_w
[_w a l ɡ u k s o nʲ ]_w
[_w p j i t nʲ e zʲ ]_w
[_w k o n a nʲ s e ]_w
[_w m o r o nʲ ]_w
[_w tʲ e lʲ e zʲ ]_w
[_w s o v a v t a n ]_w
[_w p j i tʃ k a sʲ ]_w
[_w a l a m o t nʲ e ]_w
[_w s o v a ]_w
[_w tʃ u v t o k s ]_w
[_w p a l i dʲ ]_w
[_w k a l ]_w
[_w k a sʲ i tʲ ]_w
[_w v a n s t o d o ]_w
[_w tʃ o p o t s o ]_w
[_w s o v a s t ]_w
[_w s a j s a m a j ]_w
[_w l o p a t ]_w
[_w k a z nʲ e zʲ ]_w
[_w o ʃ s o n tʲ ]_w
[_w d o n a t a t o ]_w
[_w p u l o ]_w
[_w a v a nʲ i j ]_w
[_w k j e n tʲ ]_w
[_w e m j e z t ]_w
[_w j u d k o v a ]_w
[_w l a m o ]_w
[_w k s t i ]_w
[_w k u lʲ a sʲ ]_w
[_w s a k j e j ]_w
[_w t o n a v t i zʲ ]_w
[_w k o l m o ]_w
[_w p j e lʲ s e n ɡ ]_w
[_w e sʲ i dʲ e n tʲ ]_w
[_w v a n o m s ]_w
[_w a l a m o k s ]_w
[_w tʲ e tʃ j i ]_w
[_w s o v j i nʲ ]_w
[_w tʲ e dʲ a nʲ e nʲ ]_w
[_w p o d s o d ]_w
[_w p u r n i ]_w
[_w t o r o nʲ ]_w
[_w ʃ k a d o v j i ]_w
[_w t a n d a d t ]_w
[_w v a l o d ]_w
[_w ʃ lʲ i dʲ ]_w
[_w s i j a n o nʲ ]_w
[_w b j i ʒ dʲ e m a ]_w
[_w m o r ɡ a n s o ]_w
[_w n o l d i j a ]_w
[_w tʲ i r ]_w
[_w k j e p j e j ]_w
[_w k u r o t nʲ e nʲ ]_w
[_w sʲ e s tʲ ]_w
[_w o s o l m a ]_w
[_w m j e lʲ ɡ a n ]_w
[_w v a r tʃ j i sʲ ]_w
[_w s t a k ]_w
[_w k u s sʲ ]_w
[_w p u t o ]_w
[_w k j i ]_w
[_w tʲ e j a n ]_w
[_w a n sʲ a k ]_w
[_w t o r a m a m ]_w
[_w j i s tʲ e n dʲ ]_w
[_w o r m a sʲ ]_w
[_w p u j e n tʲ ]_w
[_w j u t a v a ]_w
[_w k a r m a ]_w
[_w sʲ i m j e m j e ]_w
[_w ʃ k a m ]_w
[_w a n d i ]_w
[_w s a j e v ]_w
[_w o n k s t o ]_w
[_w p j e k ]_w
[_w sʲ e dʲ e j a k ]_w
[_w m j e rʲ i lʲ ]_w
[_w s i r nʲ e n tʲ ]_w
[_w tʲ e j e tʲ s t e ]_w
[_w a dʲ a t o ]_w
[_w k u lʲ t u r a nʲ ]_w
[_w k u ʃ o ]_w
[_w m j i nʲ ɡ a k ]_w
[_w v j e lʲ e zʲ ]_w
[_w a k j i tʲ e sʲ ]_w
[_w k j e tʃ j e ]_w
[_w ʃ n i ]_w
[_w t o r o t nʲ e nʲ ]_w
[_w m j e lʲ ɡ a ]_w
[_w lʲ i sʲ m a p rʲ a ]_w
[_w l o v n i dʲ ]_w
[_w v a j k j e ]_w
[_w k o r t i tʲ ]_w
[_w k u l sʲ e z dʲ ]_w
[_w o z k s o v ]_w
[_w s a j dʲ a t o ]_w
[_w e j tʲ e m ]_w
[_w p a n ʒ j i zʲ ]_w
[_w t a r ɡ o ]_w
[_w v j i dʲ i sʲ ]_w
[_w a ʃ n a s a ]_w
[_w nʲ e j a v j i tʲ ]_w
[_w tʃ j i s e j a k ]_w
[_w m a ʃ t o m s ]_w
[_w s u r o n z o ]_w
[_w tʲ e j nʲ i tʲ ]_w
[_w b j e rʲ ɡ a v a ]_w
[_w u lʲ i p a r o ]_w
[_w p u r n a v o zʲ ]_w
[_w e rʲ a v o lʲ ]_w
[_w e r sʲ i lʲ ]_w
[_w k o tʃ k j i sʲ e ]_w
[_w rʲ a t o sʲ ]_w
[_w a v u lʲ ]_w
[_w v j e lʲ e z e ]_w
[_w s o n ɡ a k ]_w
[_w sʲ e tʲ ]_w
[_w k u l o m a n dʲ ]_w
[_w p u l o v o m s ]_w
[_w m a rʲ i n k ]_w
[_w v j e ʃ nʲ e s tʲ ]_w
[_w sʲ a v a t ]_w
[_w tʲ u ʃ tʲ a ]_w
[_w v a sʲ e v sʲ ]_w
[_w tʲ e j e m j e ]_w
[_w m a k s i nʲ ]_w
[_w ʃ a lʲ a ]_w
[_w k u l o z o ]_w
[_w k j e lʲ ]_w
[_w sʲ i sʲ e m a ]_w
[_w p o k ʃ tʃ j i dʲ ]_w
[_w k a j tʲ e v ]_w
[_w k u tʃ o sʲ a n ]_w
[_w tʲ e j e n s e ]_w
[_w m a k s i tsʲ a t ]_w
[_w t a r k a s o ]_w
[_w k a t o n dʲ ]_w
[_w o ʃ s ]_w
[_w t a r ɡ j i zʲ e ]_w
[_w tʃ a tʃ o zʲ ]_w
[_w s a s t o ]_w
[_w t a r k a m s ]_w
[_w j a k a zʲ ]_w
[_w o m b o tsʲ e n tʲ ]_w
[_w a s o r ]_w
[_w tʲ e v j e ]_w
[_w m j e zʲ ]_w
[_w l a n ɡ o z o t ]_w
[_w k o v s t o ]_w
[_w sʲ e j e rʲ e k s ]_w
[_w t u m o ]_w
[_w k j i r tʲ e tʲ e ]_w
[_w s o t a z i sʲ ]_w
[_w p j i l a d o nʲ ]_w
[_w a z o r d n e nʲ ]_w
[_w p o n a nʲ s e ]_w
[_w k a ʒ d o ]_w
[_w s o n tʲ ]_w
[_w p rʲ a v t o zʲ ]_w
[_w m a ʒ d o v a ]_w
[_w rʲ e v j e s e ]_w
[_w s i j a n s o ]_w
[_w u m a r dʲ ]_w
[_w lʲ i j a d nʲ e nʲ ]_w
[_w k j e v s e ]_w
[_w s tʲ a zʲ ]_w
[_w m j e lʲ ɡ s e sʲ ]_w
[_w p o dʲ e z e ]_w
[_w k j e lʲ m j e nʲ ]_w
[_w s t a t a n o ]_w
[_w e sʲ i n sʲ e ]_w
[_w ʃ n a s a rʲ ]_w
[_w p a sʲ i p a ]_w
[_w v a l t o z o ]_w
[_w s i n ]_w
[_w p a n ʒ o sʲ ]_w
[_w k a ʒ o v ]_w
[_w k j e m a sʲ ]_w
[_w k j e ʃ j e ]_w
[_w e r zʲ a nʲ ]_w
[_w m a r d o ]_w
[_w v j e ]_w
[_w m j e lʲ ɡ s e s ]_w
[_w a v o lʲ i dʲ i sʲ ]_w
[_w u lʲ nʲ e sʲ ]_w
[_w t u j e m s ]_w
[_w sʲ e lʲ m j e ]_w
[_w t o t o ]_w
[_w l o v s tʲ ]_w
[_w s a j i n sʲ e ]_w
[_w m o n k a k ]_w
[_w u t o m a n k ]_w
[_w l a dʲ a m o ]_w
[_w n a dʲ ]_w
[_w s o d a n ]_w
[_w t a n z tʲ e sʲ ]_w
[_w p j e lʲ e s ]_w
[_w s o d a z i sʲ ]_w
[_w o j s e ]_w
[_w n u j a d ]_w
[_w a v a d o ]_w
[_w t a r ɡ a z dʲ ]_w
[_w t a r ɡ a n tʲ ]_w
[_w e sʲ e n k ]_w
[_w s i lʲ ]_w
[_w p u r n i n sʲ e ]_w
[_w k o r d a m o d ]_w
[_w tʃ a m a sʲ ]_w
[_w k u tʃ j i sʲ ]_w
[_w p j e ʒ j i zʲ ]_w
[_w m a rʲ i nʲ e nʲ ]_w
[_w j a k j i tsʲ a ]_w
[_w a z o r ]_w
[_w sʲ u r o d nʲ e nʲ ]_w
[_w tʲ e ʃ k s t n e ]_w
[_w tʲ e tʲ a ]_w
[_w p a tʃ tʲ a m s ]_w
[_w o z n o s tʲ ]_w
[_w v j e j dʲ ]_w
[_w v j i x t o r ]_w
[_w u d o m s ]_w
[_w m o r a sʲ ]_w
[_w k o v o n dʲ ]_w
[_w k o n a t o j a ]_w
[_w p a s ]_w
[_w sʲ i m j e m s ]_w
[_w t o n a v t a n ]_w
[_w nʲ e j a v ]_w
[_w j i m ]_w
[_w d u k ʃ n i tʲ ]_w
[_w p a ʒ a n tʲ ]_w
[_w nʲ e v tʲ i zʲ ]_w
[_w j u t k s o z t ]_w
[_w p a tsʲ a ]_w
[_w k a n d nʲ e s i ]_w
[_w sʲ e lʲ m j e s e ]_w
[_w k u lʲ a t nʲ e nʲ ]_w
[_w k a tʃ a m o ]_w
[_w p u l o v o n tʲ ]_w
[_w a v a v t o ]_w
[_w b u d o ]_w
[_w nʲ e z a m j i sʲ ]_w
[_w e ʃ tʲ e ]_w
[_w o z n o d a n o ]_w
[_w e j s tʲ e s t e ]_w
[_w p ʃ k a tʲ e m s ]_w
[_w p u d i lʲ dʲ ]_w
[_w tʲ e r dʲ s i ]_w
[_w n a s a ]_w
[_w k a l d n e nʲ ]_w
[_w s u r o n tʲ e nʲ ]_w
[_w p o p o k s ]_w
[_w k a n d t nʲ i ]_w
[_w t u j a n ]_w
[_w k j e m dʲ a n o ]_w
[_w tʲ e z e ]_w
[_w b a n d o ]_w
[_w k u d o k ]_w
[_w a s o r o m ]_w
[_w e sʲ e z ]_w
[_w v a n s tʲ ]_w
[_w e j s e nʲ ]_w
[_w dʲ e v t nʲ e nʲ ]_w
[_w t a n s tʲ e nʲ ]_w
[_w k o l a n tʲ ]_w
[_w tʲ e dʲ a z o ]_w
[_w l o m a nʲ e nʲ ]_w
[_w t u j i nʲ e ]_w
[_w sʲ e nʲ e k ]_w
[_w p u d o v j i lʲ ]_w
[_w a ts a sʲ ]_w
[_w tʃ u v t o ]_w
[_w u lʲ e s t i tsʲ a ]_w
[_w r u n k o s o nʲ ]_w
[_w e zʲ e s t e ]_w
[_w p a z t n e ]_w
[_w tʲ u s ]_w
[_w p ʃ k a dʲ i n k ]_w
[_w v j e s tʲ e ]_w
[_w tʲ e tʲ a j ]_w
[_w e m j e zʲ ]_w
[_w n a t o j a ]_w
[_w k a j tʲ ]_w
[_w tʲ e j i ]_w
[_w p a tʃ tʲ a m o ]_w
[_w t o r o t o nʲ ]_w
[_w p o z a nʲ ]_w
[_w e rʲ a m o s ]_w
[_w k u l i dʲ e ]_w
[_w k j e r zʲ ]_w
[_w j u d k s t o ]_w
[_w tʲ e r dʲ i tʲ ]_w
[_w v a v j i t ]_w
[_w o ʒ o zʲ ]_w
[_w k u tʃ j i zʲ ]_w
[_w k o r t i lʲ tʲ ]_w
[_w m a k s o m ]_w
[_w tʲ e j i nʲ ]_w
[_w k o r t ]_w
[_w tʲ e dʲ a n ]_w
[_w l a v ʃ o k s ]_w
[_w tʃ a z o z d ]_w
[_w m j e rʲ i x o n ]_w
[_w u lʲ nʲ e zʲ ]_w
[_w ʃ k a d sʲ ]_w
[_w e sʲ i n s e ]_w
[_w tʲ e j i tsʲ a l ]_w
[_w m a r k ]_w
[_w o z a t o ]_w
[_w s a j e m a zʲ ]_w
[_w u t o m a nʲ e sʲ ]_w
[_w v a n o zʲ ]_w
[_w s a v o lʲ tʲ ]_w
[_w j a l ɡ a n ɡ ]_w
[_w m j e sʲ e j a k ]_w
[_w tʲ u rʲ e m a z ]_w
[_w o z a zʲ ]_w
[_w m o t a ]_w
[_w m o n ɡ ]_w
[_w v a l o v ]_w
[_w v j i j t nʲ e ]_w
[_w k a j k j i dʲ ]_w
[_w l a ʃ a m o zʲ ]_w
[_w p a v j e l ]_w
[_w ʃ k o l i ]_w
[_w tsʲ e tsʲ a t ]_w
[_w t a r k a n tʲ ]_w
[_w tʲ e s e j a k ]_w
[_w m j i j i s u s ]_w
[_w p u r n i zʲ ]_w
[_w e s tʲ e n k ]_w
[_w k a j a s tʲ ]_w
[_w sʲ u k o nʲ a m o ]_w
[_w tʲ e r tʲ i nʲ ]_w
[_w j e nʲ a r ɡ s ]_w
[_w s e rʲ e n s e ]_w
[_w p a n sʲ i dʲ ]_w
[_w a v a n tʲ e nʲ ]_w
[_w t a n d a n ]_w
[_w a r zʲ e m a ]_w
[_w p o k ʃ t ]_w
[_w k o l m o ʃ k a ]_w
[_w p rʲ e v j e n dʲ ]_w
[_w v a z o l d o ]_w
[_w m j i nʲ e k ]_w
[_w k u lʲ a l o p a ]_w
[_w tʲ e j e ]_w
[_w tʃ j i z tʲ a m o ]_w
[_w zʲ e dʲ e j e k s ]_w
[_w m j e sʲ e nʲ e nʲ ]_w
[_w k o n a zʲ ]_w
[_w sʲ i sʲ e ]_w
[_w k u l sʲ e s tʲ ]_w
[_w r a k ʃ a zʲ ]_w
[_w f j i rʲ e ]_w
[_w k o lʲ i ]_w
[_w j i tʲ e s t ]_w
[_w e j s e j a k ]_w
[_w l o m a nʲ e n tʲ ]_w
[_w k a z nʲ e s t ]_w
[_w e j s tʲ ]_w
[_w a l k u k s ]_w
[_w v a l t o m a zʲ ]_w
[_w o b l a s tʲ e ]_w
[_w s i j a n ]_w
[_w s a j e m s tʲ ]_w
[_w k u l o m a sʲ ]_w
[_w a ʃ tʲ e m a ]_w
[_w k o n dʲ ]_w
[_w v j e sʲ ]_w
[_w v a k s s o ]_w
[_w v j e lʲ dʲ a m o ]_w
[_w s a s t o r s ]_w
[_w k a t s i ]_w
[_w ʃ t a t o ]_w
[_w o z k s o nʲ ]_w
[_w v j i j dʲ ]_w
[_w e j tʲ e sʲ ]_w
[_w p u r n a zʲ ]_w
[_w r a n ɡ s ]_w
[_w m o r d v a ]_w
[_w nʲ e v dʲ i n ɡ ]_w
[_w k o l m o tsʲ e ]_w
[_w n a r m u n tʲ ]_w
[_w a ʃ tʲ a d o ]_w
[_w k j e ʃ j e j ]_w
[_w tʃ j i dʲ ]_w
[_w v a tʃ o ]_w
[_w s o v sʲ i ]_w
[_w l a s a rʲ ]_w
[_w a ʃ tʲ i ]_w
[_w o r ʃ a m o z o ]_w
[_w v j e n tʃ j e z ]_w
[_w s a t i tʲ ]_w
[_w lʲ e j s e s t ]_w
[_w k o n a n dʲ ]_w
[_w k a tʃ a d i k s ]_w
[_w v a l o n dʲ ]_w
[_w lʲ i j a s o n tʲ ]_w
[_w k u r o n tʲ e nʲ ]_w
[_w m o d a zʲ ]_w
[_w nʲ e ʃ j e dʲ ]_w
[_w sʲ u k p rʲ a t sʲ ]_w
[_w m a k s o ]_w
[_w m a k s t a sʲ ]_w
[_w l o v o n z o ]_w
[_w s tʲ e v a n ]_w
[_w k a n d a t ]_w
[_w k o m j i ]_w
[_w k j e dʲ e tʲ ]_w
[_w s o t a zʲ ]_w
[_w m j e lʲ k a n ]_w
[_w k j e tʲ k a ]_w
[_w r a zʲ k j e ]_w
[_w j a r s nʲ e s t ]_w
[_w lʲ e lʲ a nʲ ]_w
[_w e zʲ i sʲ e m s ]_w
[_w tʲ e j tʲ e k s ]_w
[_w ʃ t a d o ]_w
[_w k j i r dʲ ]_w
[_w p u t o v j i tʲ ]_w
[_w v a n z d i k ]_w
[_w p j e ]_w
[_w k a tʃ a t i tsʲ a ]_w
[_w k a z s i ]_w
[_w v j e tʃ k j i ]_w
[_w tʃ a dʲ m o nʲ a t ]_w
[_w m j e r dʲ a n ]_w
[_w e j k a k ʃ ]_w
[_w p j e sʲ ]_w
[_w l a s a rʲ e nʲ ]_w
[_w v a l o m ]_w
[_w s u dʲ i sʲ e ]_w
[_w ʃ k a zʲ ]_w
[_w p o t ]_w
[_w u lʲ nʲ i nʲ e k ]_w
[_w t o n ɡ a k ]_w
[_w p o s a ]_w
[_w m j e rʲ a n tʲ ]_w
[_w p j i rʲ e s t ]_w
[_w v j i j e nʲ ]_w
[_w l a k j i j e ]_w
[_w rʲ a t o d sʲ ]_w
[_w k o j tʲ e m j e ]_w
[_w e rʲ k j e s e dʲ ]_w
[_w v j e j s e s t ]_w
[_w t i nʲ ɡ a k ]_w
[_w a ts a m ɡ o v ]_w
[_w ɡ a r ʃ o j a k ]_w
[_w s a v t o l t o ]_w
[_w t o z t ]_w
[_w m a k s s ]_w
[_w t u x o v k a k ]_w
[_w p j i s e tʲ ]_w
[_w k o n tʲ a m o nʲ ]_w
[_w t a r ɡ a v ]_w
[_w p a s o m ]_w
[_w zʲ i m j e n tʲ ]_w
[_w l a m o t o n ]_w
[_w o z n o m s t o ]_w
[_w u ʃ o d a n ]_w
[_w e rʲ k j e s ]_w
[_w t a r k j i ]_w
[_w s t o lʲ ]_w
[_w ʃ k o l a n tʲ ]_w
[_w p j e lʲ t nʲ e nʲ ]_w
[_w o ʃ o k s ]_w
[_w ʃ u m b r a d ]_w
[_w zʲ i m j e ]_w
[_w k u l o s t nʲ e ]_w
[_w s i dʲ ]_w
[_w tʲ e j e s e lʲ ]_w
[_w k a t o v j i tʲ ]_w
[_w k o r tʃ j i zʲ ]_w
[_w r u z o nʲ ]_w
[_w tʃ u m o n d i ]_w
[_w p a k ʃ a n tʲ ]_w
[_w l u k a nʲ ]_w
[_w p a n ʒ o m s ]_w
[_w k a t o zʲ ]_w
[_w p u t s tʲ ]_w
[_w b u j e nʲ ]_w
[_w u tsʲ a s k a k ]_w
[_w v j i j e z d ]_w
[_w tʃ j i rʲ e s e ]_w
[_w v a t rʲ a k s ]_w
[_w s m u s tʲ e s e ]_w
[_w k u tʃ o sʲ e lʲ ]_w
[_w sʲ i m o n o nʲ ]_w
[_w v j e dʲ a ]_w
[_w m j i k ]_w
[_w k j e k ʃ j e zʲ ]_w
[_w e rʲ a v t o v ]_w
[_w p rʲ e v j e sʲ i ]_w
[_w tʲ e j s i n sʲ ]_w
[_w m o lʲ i tsʲ a k s ]_w
[_w tʃ u m o z d ]_w
[_w s o nʲ e n s e ]_w
[_w n u j a t ]_w
[_w p j e ʃ k sʲ e lʲ ]_w
[_w j a k j i l a ]_w
[_w sʲ e d nʲ e ]_w
[_w v a n i tsʲ a t ]_w
[_w p u t i sʲ ]_w
[_w b a tʃ k ]_w
[_w n a v a nʲ ]_w
[_w a s o r o n ɡ ]_w
[_w v j i j nʲ e z e ]_w
[_w a ʒ dʲ e zʲ ]_w
[_w j u r o zʲ ]_w
[_w tʲ e j s a n ]_w
[_w k o t a j a k ]_w
[_w v j e ʃ nʲ i ]_w
[_w j e v t a sʲ ]_w
[_w e r sʲ a nʲ ]_w
[_w t u k ʃ n o s tʲ ]_w
[_w v a ʒ o d ]_w
[_w l o v a rʲ ]_w
[_w v a ʃ o dʲ i ]_w
[_w k j i n dʲ ]_w
[_w k j e lʲ e ]_w
[_w k a r m a zʲ ]_w
[_w ʃ k a ]_w
[_w s e rʲ e dʲ i zʲ e ]_w
[_w z o v a zʲ ]_w
[_w tʲ e k j e ]_w
[_w n a v a ]_w
[_w k a l t o ]_w
[_w v a r m a n tʲ ]_w
[_w t o l o zʲ ]_w
[_w m a k s i zʲ ]_w
[_w v o m a ]_w
[_w e z dʲ e n ɡ ]_w
[_w k j e nʲ ]_w
[_w p a n ʒ j i sʲ ]_w
[_w u ʃ m o d ]_w
[_w m a k s i lʲ ]_w
[_w nʲ e v tʲ e m a ]_w
[_w t a lʲ i k a ]_w
[_w a l t nʲ e nʲ ]_w
[_w p a s o sʲ k a k ]_w
[_w t u v o ]_w
[_w e rʲ i nʲ e nʲ e k ]_w
[_w j a r s a m o sʲ ]_w
[_w tʃ a tʃ u m a ]_w
[_w lʲ i s nʲ i tsʲ a d ]_w
[_w lʲ i j a n o zʲ ]_w
[_w ʃ k a z ]_w
[_w e rʲ a m o zʲ ]_w
[_w t i n zʲ ]_w
[_w s i n tʲ e nʲ ]_w
[_w tʲ e j i tʲ e m ]_w
[_w lʲ e z k s e zʲ ]_w
[_w m a s t ]_w
[_w v a z o v ]_w
[_w t o k j i n s e ]_w
[_w tʲ e tʲ a t o ]_w
[_w k o z d o ]_w
[_w n u sʲ a k s ]_w
[_w lʲ e v k s ]_w
[_w lʲ e d s tʲ ]_w
[_w tʲ e j nʲ e m s ]_w
[_w tʲ i n a r d a ]_w
[_w tʲ i k ʃ j e zʲ ]_w
[_w tʃ u k u n ɡ a nʲ ]_w
[_w b j e s n a sʲ ]_w
[_w d a ʒ d o m s ]_w
[_w j e v rʲ e j tʲ ]_w
[_w t a r ɡ a d ]_w
[_w m j i nʲ e t nʲ e ]_w
[_w lʲ i t r a t o ]_w
[_w j a r s nʲ e z dʲ ]_w
[_w f a tʃ k o tʲ e sʲ ]_w
[_w tʃ a v j i ]_w
[_w nʲ e s a m j i sʲ ]_w
[_w s o n z o ]_w
[_w lʲ i z nʲ e ]_w
[_w s t a k a d ]_w
[_w ɡ a l m o z d ]_w
[_w p u r o m j i ]_w
[_w u ʃ o t o v sʲ ]_w
[_w u rʲ v a k s s i ]_w
[_w v j e lʲ e m ]_w
[_w o r m a nʲ ]_w
[_w b a n ʒ s a ]_w
[_w a v o l t a m o ]_w
[_w t a v o l ]_w
[_w t o p a v t i zʲ ]_w
[_w k u t o nʲ ]_w
[_w v j e lʲ e sʲ ]_w
[_w p j e lʲ t nʲ e ]_w
[_w v a s nʲ a j a k ]_w
[_w ɡ u tʃ o m s ]_w
[_w ɡ u t o zʲ ]_w
[_w m u s i n ɡ ]_w
[_w m a z i ]_w
[_w p a s t n e ]_w
[_w l a m o nʲ e k ]_w
[_w v a s o l o d ]_w
[_w u tʃ j i n sʲ e ]_w
[_w j u t a v t i zʲ ]_w
[_w a r a v v a nʲ ]_w
[_w p u t o d o ]_w
[_w lʲ e m s e ]_w
[_w k j e m ]_w
[_w m j e lʲ s t e ]_w
[_w s e rʲ s e n tʲ ]_w
[_w k j e m a nʲ ]_w
[_w ʃ k a t nʲ e nʲ ]_w
[_w e r sʲ a ]_w
[_w lʲ e m tʲ i dʲ ]_w
[_w m o lʲ e dʲ e ]_w
[_w sʲ a d k o ]_w
[_w r a u ʃ o ]_w
[_w s a v o ]_w
[_w nʲ e s i ]_w
[_w u d i ]_w
[_w tʃ j i n sʲ e ]_w
[_w r a sʲ k j e dʲ e ]_w
[_w t u s t o m s ]_w
[_w p j e lʲ s e ]_w
[_w o d o v sʲ ]_w
[_w u ʒ o v ]_w
[_w k j e tʲ k j e nʲ ]_w
[_w k j i nʲ e zʲ ]_w
[_w k o zʲ k sʲ ]_w
[_w p ʃ k a d ]_w
[_w k u l o zʲ ]_w
[_w o dʲ m a ]_w
[_w k j i s e k s ]_w
[_w a ʃ tʲ e tʲ e ]_w
[_w k u r ɡ o ]_w
[_w k j i r d ]_w
[_w a r a v t sʲ ]_w
[_w v j e dʲ s e ]_w
[_w p o dʲ i nʲ e k ]_w
[_w a v a zʲ ]_w
[_w v a n s t e nʲ ]_w
[_w e j z d e ]_w
[_w v j i dʲ e m a ]_w
[_w o ʒ o nʲ ]_w
[_w o j m sʲ e m j e ]_w
[_w e rʲ a v a ]_w
[_w a lʲ e k sʲ e j ]_w
[_w k u l i tʲ e ]_w
[_w a n a t o ]_w
[_w tʲ e tʲ a nʲ ɡ a k ]_w
[_w k o j s e ]_w
[_w m a k s i tʲ ]_w
[_w v j e lʲ dʲ e s t ]_w
[_w a lʲ a n d r a nʲ ]_w
[_w a p a r o ]_w
[_w lʲ e v j e nʲ ]_w
[_w m o lʲ e m s t e ]_w
[_w s o n sʲ e n k ]_w
[_w tsʲ i tʲ a r t s i ]_w
[_w lʲ i zʲ e m ]_w
[_w s a v j i ]_w
[_w p j e rʲ a nʲ e nʲ ]_w
[_w m u nʲ a m o sʲ ]_w
[_w k u v a dʲ e nʲ ]_w
[_w t r o k s ]_w
[_w p rʲ a v t o l t ]_w
[_w j i dʲ i tsʲ a d ]_w
[_w e rʲ ɡ j i nʲ e k ]_w
[_w r u n ɡ o k s ]_w
[_w m j e zʲ e nʲ ]_w
[_w t a r k o z sʲ ]_w
[_w n u rʲ k a ]_w
[_w p o tʃ t ]_w
[_w t u j i ]_w
[_w v j e j s ]_w
[_w s v a dʲ b a sʲ ]_w
[_w t o r a m o sʲ ]_w
[_w m a k s i zʲ e ]_w
[_w nʲ e v tʲ s a ]_w
[_w o ʃ s t o n tʲ ]_w
[_w e sʲ i dʲ ]_w
[_w k o m a sʲ ]_w
[_w x rʲ i z d o z ]_w
[_w u t a l o m ]_w
[_w m a rʲ i zʲ e j ]_w
[_w n u dʲ e j s e tʲ ]_w
[_w d u n d o nʲ ]_w
[_w k a v t o sʲ ]_w
[_w k u d o v ]_w
[_w m j e nʲ e lʲ e zʲ ]_w
[_w tʲ e v t nʲ e nʲ ]_w
[_w o j a m ]_w
[_w p rʲ a k a zʲ ]_w
[_w j a r s i tsʲ a sʲ ]_w
[_w v j e dʲ i zʲ e ]_w
[_w s e rʲ s e ]_w
[_w k o r t a ]_w
[_w m j e lʲ s e ]_w
[_w tʲ e ʃ t tʲ ]_w
[_w t o p a v t s i ]_w
[_w l o v o m s ]_w
[_w m j e lʲ e s e nʲ ]_w
[_w lʲ i zʲ e ]_w
[_w l o t k sʲ e ]_w
[_w lʲ e m t nʲ e ]_w
[_w k u m a ʃ a s o ]_w
[_w p j i t nʲ e j ]_w
[_w m a r t o s t ]_w
[_w v a r d s i ]_w
[_w t a r s ]_w
[_w n o l d a m o ]_w
[_w ʃ k a nʲ e ]_w
[_w k u v a tʲ s ]_w
[_w k a l d o k s ]_w
[_w v j i j s e n k ]_w
[_w o d s ]_w
[_w u lʲ sʲ ]_w
[_w k j i nʲ ]_w
[_w j a v o sʲ ]_w
[_w nʲ e j e sʲ ]_w
[_w a r d u r ]_w
[_w k o r t nʲ e zʲ ]_w
[_w tʲ e ʒ dʲ e ]_w
[_w sʲ i n a j ]_w
[_w lʲ e t ]_w
[_w l o v o d o ]_w
[_w e sʲ e nʲ e nʲ ]_w
[_w m j e lʲ t nʲ e ]_w
[_w j i j e t nʲ e nʲ ]_w
[_w e rʲ a m o d o ]_w
[_w lʲ i sʲ i dʲ ]_w
[_w nʲ e v tʲ e m k a ]_w
[_w m a ɡ s o ]_w
[_w m o lʲ a d ]_w
[_w v j e tʲ k a k ]_w
[_w p rʲ e v s ]_w
[_w e j k a k ʃ o nʲ ]_w
[_w p u t o v t ]_w
[_w p rʲ e v s e ]_w
[_w e z tʲ e nʲ ]_w
[_w k o r d a v j i ]_w
[_w z a m a m ]_w
[_w lʲ e z d a zʲ ]_w
[_w p o s a n tʲ e nʲ ]_w
[_w e j z ]_w
[_w u lʲ e m j e s t ]_w
[_w e j s tʲ e ]_w
[_w u lʲ i tsʲ a t ]_w
[_w u ʃ m o nʲ ]_w
[_w k a j a v j i ]_w
[_w k a j dʲ ]_w
[_w p j i l a t o nʲ ]_w
[_w a l ɡ a d ]_w
[_w p rʲ a t i n ɡ ]_w
[_w m j e t r a s ]_w
[_w p a n sʲ ]_w
[_w v j i j e s e nʲ ]_w
[_w k o r d i lʲ tʲ ]_w
[_w u lʲ dʲ ]_w
[_w m j i r dʲ e dʲ e ]_w
[_w o z a dʲ a n tʲ ]_w
[_w k o lʲ i k o lʲ i ]_w
[_w v j e sʲ e ]_w
[_w v j e lʲ dʲ e nʲ ]_w
[_w p r o k a s a nʲ ]_w
[_w p a s o z d ]_w
[_w p u r n a n ]_w
[_w tʲ e j dʲ a t o ]_w
[_w v j i j e n tʲ ]_w
[_w e j s tʲ k a k ]_w
[_w p j e t r a nʲ ]_w
[_w j i tʲ e m a nʲ ]_w
[_w m o k ʃ o nʲ ]_w
[_w nʲ e s i n ɡ ]_w
[_w v a ʃ o d nʲ e nʲ ]_w
[_w m a r t o d ]_w
[_w tʲ e dʲ a m k a ]_w
[_w v j e ʃ nʲ e ]_w
[_w o r t a m o ]_w
[_w j i dʲ e m a n ɡ ]_w
[_w j a k o v o sʲ ]_w
[_w m a ʒ d o ]_w
[_w k u n d a m o ]_w
[_w tʃ j i n tʲ ]_w
[_w s o d a ]_w
[_w zʲ e j a nʲ ]_w
[_w k u n d a zʲ ]_w
[_w k s t i j tʲ ]_w
[_w k o r d i tsʲ a ]_w
[_w n a v a v t o nʲ ]_w
[_w j u t i dʲ ]_w
[_w m j i r tʲ e n tʲ ]_w
[_w b a n ʒ o sʲ ]_w
[_w sʲ u r o nʲ ]_w
[_w k o n a d nʲ e nʲ ]_w
[_w s a k ʃ n o ]_w
[_w l a m o t o ]_w
[_w tʲ e j tʲ e zʲ ]_w
[_w k j e z e ]_w
[_w p j i lʲ e n z e ]_w
[_w k a d i k s ]_w
[_w m a rʲ a d o ]_w
[_w s tʲ a z tʲ ]_w
[_w a r sʲ i n ɡ ]_w
[_w sʲ u k o r o nʲ ]_w
[_w u tʃ o s tʲ ]_w
[_w j a m o zʲ ]_w
[_w k o n a d o ]_w
[_w tʲ e j s ]_w
[_w v a ʃ o dʲ i tʲ ]_w
[_w sʲ e dʲ e j s a n ]_w
[_w tʲ u z s o ]_w
[_w k a t i n sʲ e ]_w
[_w s a j i n k j e ]_w
[_w j a k j i dʲ e ]_w
[_w k a z nʲ e nʲ ]_w
[_w k a n d sʲ ]_w
[_w t i n sʲ e ]_w
[_w k u tʃ o zʲ ]_w
[_w k u r ɡ s t o ]_w
[_w v a l k j i ]_w
[_w o s i nʲ e n k ]_w
[_w tʃ a tʲ m o nʲ a t ]_w
[_w r a sʲ k j e n ɡ ]_w
[_w n o l d i n sʲ e ]_w
[_w s u sʲ i k ]_w
[_w b a z o zʲ ]_w
[_w k a r a t t ]_w
[_w tʃ j i p a j e zʲ ]_w
[_w tʃ a n s tʲ e nʲ ]_w
[_w s a k ʃ n o zʲ ]_w
[_w e j s t e s t ]_w
[_w k a s sʲ ]_w
[_w o r d a v a ]_w
[_w m j i r dʲ e sʲ ]_w
[_w v a rʲ a v a ]_w
[_w k a l d n e ]_w
[_w tʲ e j i dʲ ]_w
[_w ʃ k o lʲ e ]_w
[_w v j e tʲ k j e ]_w
[_w nʲ e j i k ]_w
[_w m o r o s t ]_w
[_w k j i s e j a k ]_w
[_w m o d a sʲ ]_w
[_w k u n ʃ k a nʲ ]_w
[_w p a v o l ]_w
[_w v a z t i ]_w
[_w n u p a lʲ s ]_w
[_w s e p j e dʲ e ]_w
[_w t a n d a t s tʲ ]_w
[_w b j e lʲ i ɡ s ]_w
[_w p u d o m a ]_w
[_w a tʲ a d o ]_w
[_w e zʲ e nʲ ]_w
[_w j a l ɡ a n dʲ ]_w
[_w tʲ e dʲ a m ]_w
[_w a l d o s o ]_w
[_w p u l t a s i dʲ ]_w
[_w v j i j e v ]_w
[_w a n d o t o v ]_w
[_w j a r s i tsʲ a ]_w
[_w s i r nʲ e nʲ ]_w
[_w tʲ e tʲ a d o ]_w
[_w v a n o v ]_w
[_w m j e t r a nʲ ]_w
[_w a ʃ tʲ i lʲ ]_w
[_w p o k ʃ tʃ j i zʲ ]_w
[_w s u o m j i nʲ ]_w
[_w k o m sʲ e ʃ k a ]_w
[_w s o t a n tʲ ]_w
[_w v a k s k a k ]_w
[_w m o r o zʲ ]_w
[_w tʃ u m o k s tʲ ]_w
[_w s a t i ʃ k a ]_w
[_w a ʃ tʲ i tʲ ]_w
[_w e j ɡ a k ]_w
[_w v j i tʲ e ]_w
[_w k u n d i dʲ ]_w
[_w m a ʃ t o zʲ e lʲ ]_w
[_w p rʲ a v a ]_w
[_w p u l o s tʲ ]_w
[_w a v a s t s i ]_w
[_w e rʲ a n tʲ ]_w
[_w k a t i n ɡ ]_w
[_w a m a z o ]_w
[_w s i r k a s o ]_w
[_w t u s t o m o ]_w
[_w j i z dʲ e n tʲ ]_w
[_w s o d i zʲ ]_w
[_w l o d k a sʲ ]_w
[_w s a j e m ɡ a ]_w
[_w k j i r t sʲ ]_w
[_w e sʲ i n z e ]_w
[_w a l d a rʲ e n tʲ ]_w
[_w lʲ e m dʲ ]_w
[_w s o t a sʲ ]_w
[_w a r zʲ e m a s o ]_w
[_w m a k s nʲ e tʲ e ]_w
[_w m o d a z i ]_w
[_w tʃ a v o nʲ e z d ]_w
[_w e ʃ tʲ e n dʲ ]_w
[_w p j e ʒ j e tʲ ]_w
[_w l o v o ]_w
[_w t a m a r ]_w
[_w m o t a m o ]_w
[_w s i v j e lʲ tʲ e ]_w
[_w s e rʲ e tʲ i ]_w
[_w v a l s o ]_w
[_w v j e rʲ e m s ]_w
[_w t a p a m s ]_w
[_w tʲ e v t nʲ e ]_w
[_w k j e z e v ]_w
[_w a n d o m o ]_w
[_w v a l o n tʲ ]_w
[_w k u l i ]_w
[_w p a n ʒ s a ]_w
[_w tʲ e dʲ ]_w
[_w k a v o nʲ e z d ]_w
[_w t o m ɡ a s t o ]_w
[_w k a r m j i tʲ ]_w
[_w p rʲ a nʲ ]_w
[_w m a ʒ d i ]_w
[_w p u d o zʲ ]_w
[_w p j i ʃ tʲ e m s ]_w
[_w t o n a t ]_w
[_w tʲ i k ʃ j e n tʲ ]_w
[_w v j e zʲ ]_w
[_w l a d k s ]_w
[_w j i lʲ tʲ ]_w
[_w k a d a r ]_w
[_w s a k ʃ n o s tʲ ]_w
[_w k ʃ j i dʲ e ]_w
[_w k a v t o zʲ ]_w
[_w n a tʲ e ʃ t a ]_w
[_w j i tsʲ a n tʲ ]_w
[_w v a ʃ o k s ]_w
[_w m a rʲ a z i ]_w
[_w p j i dʲ e m ]_w
[_w j i j e zʲ ]_w
[_w s o d a t a t o ]_w
[_w v a l t n e tʲ e ]_w
[_w lʲ e lʲ a n z o ]_w
[_w e v j e ]_w
[_w m j e ʃ tʲ i ]_w
[_w k o n dʲ a m o ]_w
[_w v a z t i k ]_w
[_w t a r ɡ a m ]_w
[_w tʃ o p o t s tʲ ]_w
[_w f j e j s ]_w
[_w a v a nʲ i j a ]_w
[_w k j i zʲ e m ]_w
[_w tʲ e j e n tʲ ]_w
[_w j i z dʲ a k o nʲ ]_w
[_w p a ʒ a ɡ ]_w
[_w k j i nʲ e nʲ ]_w
[_w sʲ e nʲ k a k ]_w
[_w m a k s nʲ e zʲ ]_w
[_w s o d i tsʲ a d ]_w
[_w p j i ʃ tʲ e m a ]_w
[_w u lʲ dʲ a n o ]_w
[_w k o j s e n ɡ ]_w
[_w m j i s a k ]_w
[_w s a j e m k a ]_w
[_w tʲ u ʒ dʲ a nʲ ]_w
[_w k u lʲ a d o ]_w
[_w k a n d o ]_w
[_w t a r ɡ a s t ]_w
[_w sʲ i j a ʃ t sʲ ]_w
[_w m a ʃ t o m ɡ a ]_w
[_w tʃ j i d nʲ e nʲ ]_w
[_w k o ts t o nʲ ]_w
[_w e nʲ a l d s tʲ ]_w
[_w m o r i tʲ ]_w
[_w k u l o s t ]_w
[_w v j e tʲ i ]_w
[_w o ʃ t n e v a ]_w
[_w k u lʲ a n dʲ e nʲ ]_w
[_w m a k s o d o ]_w
[_w a v a n dʲ e nʲ ]_w
[_w t a k o zʲ a r o ]_w
[_w zʲ e tʲ a m s ]_w
[_w o r ʃ a sʲ e lʲ ]_w
[_w a ʒ dʲ e dʲ a ]_w
[_w k u tʃ j i tʲ ]_w
[_w j a l ɡ a j ]_w
[_w b o tʲ a n ]_w
[_w lʲ e m dʲ a sʲ ]_w
[_w tʲ e j a v ɡ s o ]_w
[_w nʲ e j i tsʲ a ]_w
[_w f j i dʲ e z d ]_w
[_w v j i sʲ e ]_w
[_w k j e tʲ i ]_w
[_w s k a l o j ]_w
[_w tʃ o p ]_w
[_w s o d a s a k ]_w
[_w p j e lʲ ]_w
[_w tʃ u m o n d i dʲ ]_w
[_w t u v t o m s ]_w
[_w s i r ɡ j i ]_w
[_w m o n ]_w
[_w a z o r o m ]_w
[_w e zʲ i tʲ ]_w
[_w d u m o nʲ ]_w
[_w v a n o v sʲ ]_w
[_w l o m a s o ]_w
[_w p a s o n dʲ ]_w
[_w lʲ i v tʲ i dʲ ]_w
[_w p a nʲ i zʲ ]_w
[_w v a n d i n zʲ e ]_w
[_w b u v j i ]_w
[_w k o j t nʲ e ]_w
[_w s a t i k s ]_w
[_w sʲ u l m sʲ i sʲ ]_w
[_w e rʲ a m o n s o ]_w
[_w e rʲ a v o ]_w
[_w nʲ e j i ]_w
[_w p j e lʲ i dʲ ]_w
[_w k a n t i sʲ ]_w
[_w o r ʃ a m o m ]_w
[_w a l t ]_w
[_w tʲ i k ʃ j e ]_w
[_w p u r n i n k ]_w
[_w k j e lʲ s e ]_w
[_w v j e lʲ e n z e ]_w
[_w k o l a v ]_w
[_w a r a s tʲ ]_w
[_w p o k ʃ tʲ a n o ]_w
[_w o ʃ o n tʲ e nʲ ]_w
[_w sʲ a d o ]_w
[_w p j e rʲ k a ]_w
[_w k j i nʲ e k s ]_w
[_w m j i s a k o nʲ ]_w
[_w a v o lʲ i zʲ ]_w
[_w ʃ k a sʲ ]_w
[_w m a k s o v o lʲ ]_w
[_w k a n d t nʲ i tʲ ]_w
[_w u tʃ j i zʲ e ]_w
[_w p j e ʃ tʲ e ]_w
[_w t a n s tʲ ]_w
[_w v j e ʃ nʲ e zʲ ]_w
[_w k u n t a m ɡ a ]_w
[_w l a m o d o ]_w
[_w a r a v t i sʲ ]_w
[_w p a n k t n e ]_w
[_w tʲ e tʲ ]_w
[_w a n a nʲ ]_w
[_w s a x a rʲ i j a ]_w
[_w u lʲ i tʲ ]_w
[_w tsʲ e tsʲ i ]_w
[_w v j e lʲ dʲ ]_w
[_w m o r o ]_w
[_w k j i n zʲ e ]_w
[_w v j e ʒ nʲ i ]_w
[_w u j e m s ]_w
[_w k u l o z dʲ ]_w
[_w tʃ a rʲ k o dʲ s i ]_w
[_w r u s k s ]_w
[_w s a v l a ]_w
[_w tʃ a tʃ t i ]_w
[_w a v a r dʲ e ]_w
[_w k a d o m s ]_w
[_w k o j ɡ o n a ]_w
[_w k u t o s t o ]_w
[_w sʲ e k j e v k s ]_w
[_w sʲ i zʲ e m j e ]_w
[_w v j i dʲ e zʲ e zʲ ]_w
[_w t a r k a z ]_w
[_w k j e ʃ j e lʲ i ]_w
[_w n a j m a n ]_w
[_w p a n ɡ o m ]_w
[_w m u r d a z o ]_w
[_w k o v o n tʲ ]_w
[_w k o r o nʲ ]_w
[_w k a n d s i ]_w
[_w t o j ]_w
[_w k a r d a z dʲ ]_w
[_w a ʒ dʲ e m a ]_w
[_w e f j e nʲ ]_w
[_w nʲ e z dʲ ]_w
[_w lʲ i v tʲ i zʲ e ]_w
[_w sʲ k a m o sʲ ]_w
[_w u m o nʲ ]_w
[_w a l k u k s o nʲ ]_w
[_w k u lʲ a n z o ]_w
[_w k o t a m o ]_w
[_w rʲ e s t ]_w
[_w j u t a m s ]_w
[_w k a r m j i ]_w
[_w a ʒ dʲ e m a s ]_w
[_w k a l m a ]_w
[_w p a s t o r s o ]_w
[_w p a n ɡ s k a ]_w
[_w rʲ a d s i ]_w
[_w p a n d s i nʲ ]_w
[_w tʃ u m o d ]_w
[_w tʲ e j e v sʲ ]_w
[_w v a ʃ o zʲ ]_w
[_w tʃ a tʃ sʲ ]_w
[_w o ʃ t n e nʲ ]_w
[_w u sʲ i j a nʲ ]_w
[_w k o r d a ]_w
[_w b j i n ɡ ]_w
[_w p j e z nʲ i ]_w
[_w v a l ɡ sʲ e m a ]_w
[_w j a l k a j ]_w
[_w v j e zʲ e n ɡ ]_w
[_w p a n ʒ o v s tʲ ]_w
[_w k u d o nʲ ]_w
[_w o s a m o t ]_w
[_w k u l o s o ]_w
[_w k j i r dʲ e ]_w
[_w p u t s a ]_w
[_w v j e ʒ s tʲ ]_w
[_w tʃ a tʃ o zʲ e zʲ ]_w
[_w m j e j s e dʲ ]_w
[_w u tʃ o d a t o ]_w
[_w v a rʲ i sʲ ]_w
[_w v a l s k j e ]_w
[_w j a l ɡ a k s ]_w
[_w v j e t nʲ e ]_w
[_w m j e zʲ e n tʲ ]_w
[_w s t a k a z d ]_w
[_w v j e rʲ e v ]_w
[_w v a k s t i ]_w
[_w s i tsʲ a sʲ ]_w
[_w p o z d ]_w
[_w k a d i n sʲ e ]_w
[_w tʃ a s o s t ]_w
[_w s a d o lʲ i j ]_w
[_w s o v a v t s i ]_w
[_w m a d v ]_w
[_w j a v ʃ j i sʲ ]_w
[_w l a n k s o zʲ ]_w
[_w m o lʲ e sʲ ]_w
[_w k a j a z tʲ ]_w
[_w a ts a zʲ ]_w
[_w p rʲ a v t t ]_w
[_w p j e dʲ i dʲ ]_w
[_w k j e lʲ e m a ]_w
[_w k o r d i tsʲ a t ]_w
[_w k a ʃ a d nʲ e ]_w
[_w v j e ʃ j e dʲ ]_w
[_w v j i j e nʲ e k ]_w
[_w sʲ e lʲ m j i ]_w
[_w o s k s o v j i ]_w
[_w p j i tʲ e ]_w
[_w a r a v t o k s ]_w
[_w o lʲ a tʃ j i nʲ ]_w
[_w v a s t i n k ]_w
[_w s o d a n o ]_w
[_w p a tʃ tʲ a n ]_w
[_w a dʲ a d nʲ e ]_w
[_w p u r n a v j i ]_w
[_w k j i lʲ e ]_w
[_w o r m a n dʲ ]_w
[_w k a r t i zʲ e ]_w
[_w o ʒ s ]_w
[_w e nʲ a l t o ]_w
[_w t o n sʲ ]_w
[_w p a tʃ tʲ i zʲ e ]_w
[_w m l n ]_w
[_w e j s t e nʲ ]_w
[_w s a j e ]_w
[_w s a s tʲ ]_w
[_w t a l a nʲ ]_w
[_w k u n s o l i dʲ ]_w
[_w r o d a ]_w
[_w sʲ u p a v t ]_w
[_w tʲ e v j e dʲ s ]_w
[_w o s a dʲ a d nʲ e ]_w
[_w t a l a nʲ a ]_w
[_w m o r d v a nʲ ]_w
[_w tʲ e j s e ]_w
[_w l o m a nʲ e zʲ ]_w
[_w e j ɡ a k ʃ t ]_w
[_w s a z d i k ]_w
[_w t a r k a v j i ]_w
[_w rʲ i m j e m ]_w
[_w j i n sʲ e ]_w
[_w k a ʒ d o m s ]_w
[_w v j e t nʲ e nʲ ]_w
[_w ɡ u r ɡ o ]_w
[_w p o k ʃ o zʲ ]_w
[_w l a t s o ]_w
[_w m a k a j ]_w
[_w s o r ɡ ]_w
[_w j i v a n o nʲ ]_w
[_w k a d i zʲ ]_w
[_w p j e ʃ j e t tʲ ]_w
[_w p o k ʃ t n e ]_w
[_w s o r n o m a s ]_w
[_w j a m o ]_w
[_w m a r o n dʲ ]_w
[_w k j e k ʃ j e ]_w
[_w a v a nʲ a m o sʲ ]_w
[_w j i k j e lʲ e ]_w
[_w ɡ u t o sʲ ]_w
[_w tʲ e j nʲ e z e ]_w
[_w zʲ a r o ]_w
[_w tʲ e j sʲ ]_w
[_w k u n d i tʲ ]_w
[_w t u v t nʲ e nʲ ]_w
[_w tʲ e j dʲ a d o ]_w
[_w e rʲ i tsʲ a t nʲ e ]_w
[_w k a l m o v a ]_w
[_w l a m o d nʲ e nʲ ]_w
[_w a r a zʲ e v sʲ ]_w
[_w r u n ɡ o d tʲ ]_w
[_w nʲ e nʲ ]_w
[_w k u n d a sʲ ]_w
[_w v j e tʃ k s tʲ ]_w
[_w u l o v a d nʲ e ]_w
[_w tʲ e ʃ k a ]_w
[_w tʃ j i rʲ e nʲ ]_w
[_w u lʲ a d nʲ e ]_w
[_w ʃ n a m o sʲ ]_w
[_w tʃ a n s tʲ e sʲ ]_w
[_w k u d o n tʲ e dʲ ]_w
[_w tʲ e j e m a d o ]_w
[_w v j i dʲ e dʲ ]_w
[_w tʃ o p o t a k s ]_w
[_w nʲ e j e m a n tʲ ]_w
[_w v a l a nʲ ]_w
[_w p u t t a d o ]_w
[_w t a n d a d o l ]_w
[_w m j e rʲ e nʲ ]_w
[_w p j e ʃ j e tʲ ]_w
[_w j i s tʲ a k o ]_w
[_w s o d a z i zʲ ]_w
[_w m a k a r ]_w
[_w tʲ e j e tʲ s e ]_w
[_w sʲ e tʲ e j a d ]_w
[_w m a t v j e j ]_w
[_w a tʲ a k ʃ ]_w
[_w e rʲ v a n tʲ e j ]_w
[_w v j e ʃ nʲ e z dʲ ]_w
[_w m j i r dʲ e n ɡ ]_w
[_w ʃ k o l a nʲ ]_w
[_w k u n z o l i zʲ ]_w
[_w s o v sʲ e ]_w
[_w k j e p j e dʲ e ]_w
[_w v a s t i dʲ ]_w
[_w tʃ a dʲ m o nʲ e nʲ ]_w
[_w s e p j e j s ]_w
[_w ɡ a v k s ]_w
[_w m a rʲ i tʲ e ]_w
[_w tʃ u k a dʲ i n k ]_w
[_w m j e lʲ e z ]_w
[_w z a sʲ ]_w
[_w m j e lʲ s e n ɡ ]_w
[_w p a dʲ a nʲ ]_w
[_w t u n d o nʲ ]_w
[_w p a n ʒ j i k ]_w
[_w s o f a m s ]_w
[_w v j e rʲ e z e ]_w
[_w s i tʲ ]_w
[_w s a s o r o zʲ ]_w
[_w p rʲ a d sʲ ]_w
[_w e sʲ e nʲ ]_w
[_w v j e dʲ e ]_w
[_w u ʃ o d o m ]_w
[_w m a r d o n ]_w
[_w p j e lʲ tʲ a m o ]_w
[_w lʲ i s nʲ i zʲ e ]_w
[_w v j e tʃ k j i zʲ ]_w
[_w j i n ʒ j e nʲ ]_w
[_w v a n o m o ]_w
[_w tʃ a tʃ o n z o ]_w
[_w l o d k sʲ e ]_w
[_w sʲ e lʲ m j e zʲ e ]_w
[_w a n k j e l e nʲ ]_w
[_w s i j a n o sʲ ]_w
[_w k a n d i zʲ e ]_w
[_w lʲ e s t a s tʲ ]_w
[_w t a k j i tsʲ a zʲ ]_w
[_w sʲ i j a n tʲ ]_w
[_w k o tʃ k j i ]_w
[_w sʲ u p a v t nʲ i ]_w
[_w m j e j s e ]_w
[_w p a n k o ]_w
[_w s e p j e tʲ e ]_w
[_w s u d o sʲ e lʲ dʲ ]_w
[_w v j e nʲ e k ]_w
[_w n a dʲ e ʃ t nʲ e ]_w
[_w p j i ʃ nʲ e s tʲ ]_w
[_w k j e v s tʲ ]_w
[_w v j i dʲ e s t ]_w
[_w dʲ e j nʲ i nʲ ]_w
[_w n u rʲ ɡ a ]_w
[_w p j e lʲ sʲ ]_w
[_w p j e z e ]_w
[_w m a ʃ t i sʲ ]_w
[_w v j e lʲ k a s t ]_w
[_w s o t a z i n ɡ ]_w
[_w j a ʃ a sʲ ]_w
[_w j a l ɡ o ]_w
[_w dʲ e j nʲ e v s tʲ ]_w
[_w v a n a ]_w
[_w v a r ʃ t i nʲ ]_w
[_w j u r s o ]_w
[_w k a r ʃ o ]_w
[_w s i n zʲ ]_w
[_w u z d a v j i ]_w
[_w p a l a z o lʲ ]_w
[_w v a z d s i ]_w
[_w b u t nʲ e s ]_w
[_w k o n a nʲ e nʲ ]_w
[_w a tʲ a zʲ ]_w
[_w tʲ e j e dʲ ]_w
[_w p j e lʲ tʲ a sʲ ]_w
[_w a l d i nʲ ]_w
[_w tʃ j i n dʲ ]_w
[_w m o t a z dʲ ]_w
[_w v j e t tʲ ]_w
[_w e rʲ a t a t o ]_w
[_w k u v a tʲ ]_w
[_w j a r s i ]_w
[_w j u t a sʲ ]_w
[_w p a s o n z o ]_w
[_w u t o m s ]_w
[_w s o n sʲ e n s e ]_w
[_w u lʲ i a r a zʲ i ]_w
[_w tʃ a b a k ]_w
[_w u lʲ e m s t e ]_w
[_w b o z a n n a ]_w
[_w dʲ e v j e z d ]_w
[_w p rʲ a k a n z o ]_w
[_w o s a m s t o ]_w
[_w o r t a v j i dʲ ]_w
[_w k j i nʲ e ]_w
[_w e zʲ i n ɡ ]_w
[_w k a j a m a ]_w
[_w v a j a s a ]_w
[_w s e rʲ e tʲ i zʲ ]_w
[_w k j e lʲ s e n tʲ ]_w
[_w s nʲ a r i j a ]_w
[_w p r a k a nʲ ]_w
[_w e s tʲ e n ɡ ]_w
[_w k a sʲ i ]_w
[_w v a n s t o m a ]_w
[_w v j i zʲ k s ]_w
[_w t o m ɡ a ]_w
[_w sʲ e nʲ e nʲ ɡ a k ]_w
[_w nʲ e j i zʲ e ]_w
[_w s o d a s o ]_w
[_w a ʃ tʲ i dʲ ]_w
[_w tʃ j i rʲ e z e nʲ ]_w
[_w o z k s t nʲ e ]_w
[_w v j e j k k j i ]_w
[_w p rʲ a k a d ]_w
[_w b j e lʲ e ]_w
[_w t u j e m s t e ]_w
[_w p u t o v a ]_w
[_w k j e rʲ a n ]_w
[_w v a l ɡ sʲ ]_w
[_w p o k ʃ o k s ]_w
[_w b u r n i dʲ ]_w
[_w nʲ i z a nʲ a s o ]_w
[_w n o l t a m o ]_w
[_w a tʲ a nʲ ]_w
[_w a l a ʃ a m o zʲ ]_w
[_w k j i r dʲ i nʲ ]_w
[_w k j e k ʃ j e sʲ ]_w
[_w k a v t o m s o ]_w
[_w j i tʲ i tsʲ a ]_w
[_w t i n sʲ k a k ]_w
[_w p a tsʲ i nʲ e ]_w
[_w v j i dʲ e ]_w
[_w p j e zʲ ]_w
[_w m a r t o j a k ]_w
[_w a v a nʲ ɡ s ]_w
[_w ʃ k o l a sʲ ]_w
[_w k u n t a m k a ]_w
[_w j i tʲ e k s ]_w
[_w m a ʒ d o m ]_w
[_w k u l o m a n tʲ ]_w
[_w tʲ e tʲ a nʲ e nʲ ]_w
[_w e j tʲ e nʲ ]_w
[_w sʲ u p a v ]_w
[_w k o r t a s o ]_w
[_w k a z nʲ e dʲ ]_w
[_w m a ʒ d nʲ a d ]_w
[_w r u n k o n tʲ ]_w
[_w t a r ɡ a z ]_w
[_w tʲ e v j i nʲ ]_w
[_w v a l d o n tʲ ]_w
[_w e j s e n ɡ ]_w
[_w tʲ e dʲ a s tʲ ]_w
[_w k j e lʲ e m ]_w
[_w k o d a m a rʲ ]_w
[_w k o z o d ]_w
[_w p o k ʃ o d ]_w
[_w v j e rʲ k a ]_w
[_w a ʒ o l a ]_w
[_w tʲ u rʲ e m j e ]_w
[_w e j s t e n z e ]_w
[_w a ʃ tʲ e s ]_w
[_w p a j s t o m a ]_w
[_w e zʲ e s ]_w
[_w k j e ʃ ]_w
[_w m u j e v j i ]_w
[_w p u k a ]_w
[_w a r a sʲ e lʲ ]_w
[_w lʲ e m dʲ a zʲ ]_w
[_w tʲ e j nʲ i nʲ ]_w
[_w p j i rʲ i nʲ ]_w
[_w v j e rʲ e s t a ]_w
[_w lʲ i sʲ e m a ]_w
[_w v a ʃ o dʲ e m s ]_w
[_w m a n tʃ j e z ]_w
[_w v a k a n ]_w
[_w e zʲ e n dʲ ]_w
[_w k u n z o l o zʲ ]_w
[_w m o r o d nʲ e ]_w
[_w sʲ i l u a n ]_w
[_w m a r o zʲ ]_w
[_w m a rʲ a s i ]_w
[_w v a n z t k a k ]_w
[_w k o r d i dʲ ]_w
[_w a n zʲ a d ]_w
[_w p u d i n k ]_w
[_w s i j a n o zʲ ]_w
[_w l a s tʲ e ]_w
[_w k a r ʃ o z t o ]_w
[_w k ʃ j i tʲ ]_w
[_w p rʲ a v t n e nʲ ]_w
[_w s a t i ]_w
[_w j a k sʲ e zʲ ]_w
[_w p a ʒ a d nʲ e nʲ ]_w
[_w s o t a t ]_w
[_w o r d a v j i ]_w
[_w tʃ a t i tsʲ a d ]_w
[_w j u d a sʲ ]_w
[_w lʲ e z d e ]_w
[_w tʲ e j e f j e ]_w
[_w k a j a v k s o ]_w
[_w tʲ e j tʲ e rʲ e ]_w
[_w tʲ e dʲ a t o ]_w
[_w l a m o t nʲ e nʲ ]_w
[_w nʲ e v tʲ i sʲ e ]_w
[_w j i s tʲ a j a k ]_w
[_w sʲ a r i j a ]_w
[_w p a n d i dʲ ]_w
[_w d o n a nʲ ]_w
[_w p a n zʲ e sʲ ]_w
[_w e zʲ i z t ]_w
[_w r a sʲ k j e n tʲ ]_w
[_w s a d i tʲ ]_w
[_w v a n d ]_w
[_w o b u tsʲ a s k a ]_w
[_w p a n d s tʲ ]_w
[_w a r sʲ e m s ]_w
[_w k j e tʲ e n tʲ ]_w
[_w ʃ n a m s ]_w
[_w o r ɡ o dʲ e dʲ e ]_w
[_w f j i j s e n dʲ ]_w
[_w p u l o v a rʲ ]_w
[_w tʃ a m a n s o ]_w
[_w l o v o m a ]_w
[_w v a s t s tʲ ]_w
[_w j a r s a d o ]_w
[_w k a d o v o sʲ ]_w
[_w k u tʃ s a ]_w
[_w k u n ʃ k a nʲ e ]_w
[_w tʲ i v a s tʲ ]_w
[_w rʲ e tʲ i ]_w
[_w m o j i zʲ e ]_w
[_w sʲ i m j e v ]_w
[_w k u l i tʲ ]_w
[_w dʲ e v j e n tʲ ]_w
[_w nʲ e z a ]_w
[_w k a n d nʲ e ]_w
[_w tʃ j e rʲ e ]_w
[_w l a n k o m ]_w
[_w p o d ]_w
[_w tʲ e z e nʲ ]_w
[_w m o r o t ]_w
[_w p a z o nʲ ]_w
[_w v a n o ]_w
[_w k a l m o n tʲ ]_w
[_w tʃ u m o z d o ]_w
[_w v j e tʲ e n tʲ ]_w
[_w v j e ʃ a n ]_w
[_w m a rʲ a m k a ]_w
[_w nʲ e j i nʲ ]_w
[_w k a l o n s ]_w
[_w k j e m j i j a ]_w
[_w tʲ e j s tʲ ]_w
[_w nʲ e j i tsʲ a sʲ ]_w
[_w s a r a n z k ]_w
[_w t a r ɡ a nʲ ]_w
[_w tʲ e ʃ t nʲ e ]_w
[_w tʲ e v j e s e dʲ ]_w
[_w k o r t i lʲ dʲ ]_w
[_w t a ʒ d o m ]_w
[_w p rʲ a m ɡ a ]_w
[_w p o k ʃ o z o ]_w
[_w e rʲ a m o n o nʲ ]_w
[_w p o k ʃ t n e nʲ ]_w
[_w v a z nʲ a j a k ]_w
[_w s u dʲ i tsʲ a k s ]_w
[_w k u s s tʲ ]_w
[_w p ʃ k a d o ]_w
[_w v a l s o n s e ]_w
[_w s k j i ]_w
[_w p o l a d sʲ ]_w
[_w a n o k o lʲ ]_w
[_w p a tʃ tʲ i j a k ]_w
[_w l a n ɡ o nʲ ]_w
[_w tʲ e lʲ e sʲ ]_w
[_w k u t o n tʲ ]_w
[_w l a m o k s ]_w
[_w v j e dʲ a zʲ ]_w
[_w tʃ u v a r ]_w
[_w s a m a r dʲ ]_w
[_w a s o r o t ]_w
[_w tʲ e j i m j i sʲ ]_w
[_w p a n d o nʲ ]_w
[_w rʲ i s k s e zʲ ]_w
[_w p a tʃ tʲ i sʲ e ]_w
[_w p j e lʲ dʲ ]_w
[_w n o l d a zʲ ]_w
[_w s a r a n ]_w
[_w t o n a tʃ j i ]_w
[_w a b a k ]_w
[_w v j i t ]_w
[_w f a n o d o ]_w
[_w s o v a v o ]_w
[_w j u t i nʲ ]_w
[_w lʲ e m s ]_w
[_w p a n d i zʲ ]_w
[_w a r zʲ i j a z o ]_w
[_w tʃ j i zʲ e m s ]_w
[_w m a l a v t i ]_w
[_w k u d o zʲ ]_w
[_w v a n s tʲ e zʲ ]_w
[_w s i nʲ k a k ]_w
[_w k u j a r d ]_w
[_w v a n d a v ɡ s ]_w
[_w o z n o zʲ ]_w
[_w k u v a dʲ ]_w
[_w n a r d a z dʲ ]_w
[_w k a l m o s t ]_w
[_w k j e m tʲ a n o ]_w
[_w p ʃ k a dʲ e m s ]_w
[_w j i s nʲ i ]_w
[_w e sʲ e n tʲ ]_w
[_w p o s a n n a s ]_w
[_w v a ʒ o n s o ]_w
[_w v a l k s ]_w
[_w s o d i tsʲ a ]_w
[_w j i m j i zʲ ]_w
[_w k j e v j e j tʲ ]_w
[_w s r a lʲ e s tʲ ]_w
[_w k u l o m a n d ]_w
[_w a n o k o lʲ dʲ ]_w
[_w p rʲ e v j e nʲ ]_w
[_w m a j sʲ e m a sʲ ]_w
[_w v o j n a d o ]_w
[_w m o lʲ e m s ]_w
[_w p j i tʲ e m a ]_w
[_w tʃ o v j i ]_w
[_w lʲ i v tʲ i n sʲ e ]_w
[_w s a l a zʲ ]_w
[_w p a tʃ k o d s tʲ ]_w
[_w ʃ o ʃ t a s s o ]_w
[_w zʲ e j e rʲ e s t ]_w
[_w n a s v a nʲ i tʲ ]_w
[_w rʲ a d o v s tʲ ]_w
[_w o s a z dʲ ]_w
[_w l o b a ]_w
[_w v j e j sʲ e nʲ ]_w
[_w v a s o v ]_w
[_w lʲ e s e nʲ ]_w
[_w t o r o s t o nʲ ]_w
[_w v j i k ʃ nʲ e sʲ ]_w
[_w tʲ e j s a ]_w
[_w p o dʲ e m s ]_w
[_w tʃ j i s ]_w
[_w k a r d a ]_w
[_w m a rʲ i zʲ e ]_w
[_w j i n ʒ j i r t ]_w
[_w a lʲ a n t r a nʲ ]_w
[_w k s t i tʲ ]_w
[_w m a z i j ]_w
[_w m o r o d o nʲ ]_w
[_w n o l t i n sʲ e ]_w
[_w k u d o n tʲ ]_w
[_w k o r d a sʲ ]_w
[_w p rʲ a d s o ]_w
[_w o j m j e s t ]_w
[_w tʲ u rʲ e m a s o ]_w
[_w e r sʲ a tʲ nʲ e nʲ ]_w
[_w p a n sʲ i ]_w
[_w p j i n k ]_w
[_w l a k j i j a ]_w
[_w k u t o z d o ]_w
[_w sʲ e nʲ e nʲ ]_w
[_w tʲ e j e tʲ e ]_w
[_w s o n sʲ e nʲ ]_w
[_w p a k sʲ a nʲ ]_w
[_w v a z d i zʲ ]_w
[_w k j e d sʲ ]_w
[_w k u tʃ o zʲ a n ]_w
[_w o ʃ o zʲ ]_w
[_w l o m a nʲ ɡ s ]_w
[_w p u d i ]_w
[_w v j e ʃ tʲ e z ]_w
[_w tʲ e j e m a d ]_w
[_w m a k s i tsʲ a sʲ ]_w
[_w l a v t o n tʲ ]_w
[_w p sʲ i tʲ e ]_w
[_w o j m j e tʲ e zʲ ]_w
[_w s v a x a zʲ ]_w
[_w v j e ʃ nʲ e dʲ e ]_w
[_w s a v k ʃ n i ]_w
[_w a v o lʲ i zʲ e m ]_w
[_w j i z tʲ a m o ]_w
[_w s i n z t ]_w
[_w o n ɡ s t a zʲ ]_w
[_w v a n z d i tsʲ a ]_w
[_w e rʲ a t a d ]_w
[_w nʲ e z i ]_w
[_w a v a j ]_w
[_w v j e rʲ s t e ]_w
[_w k j i lʲ ]_w
[_w t o k j i sʲ ]_w
[_w m j e rʲ i dʲ ]_w
[_w k u lʲ a t o ]_w
[_w sʲ e zʲ e v j i dʲ ]_w
[_w tʲ e j s i n sʲ e ]_w
[_w t a m a ʒ a ]_w
[_w u ʃ o t a n o ]_w
[_w r a zʲ k j e n tʲ ]_w
[_w e rʲ k j e n tʲ ]_w
[_w l u v ]_w
[_w tʲ i rʲ i nʲ e ]_w
[_w p a tʃ k a n s o ]_w
[_w p j i ʒ j e ]_w
[_w v a r t o n o nʲ ]_w
[_w nʲ e j a v o m o ]_w
[_w p a ʃ a n ]_w
[_w m o t a m o nʲ ]_w
[_w tʃ o p o dʲ e s e ]_w
[_w tʃ u r o s o ]_w
[_w e j s e n s e ]_w
[_w j i j e s tʲ e ]_w
[_w s n a r d a s tʲ ]_w
[_w ʃ n a m o n tʲ ]_w
[_w nʲ e s a k ]_w
[_w p a l ɡ a ]_w
[_w j i k j e lʲ s tʲ ]_w
[_w k j e lʲ m j i tʲ ]_w
[_w tʲ e j e sʲ e n tʲ ]_w
[_w k u n z o l o ]_w
[_w t o b o ]_w
[_w o r d a t nʲ e ]_w
[_w s i tsʲ a zʲ ]_w
[_w a v a n tʲ ]_w
[_w k u tʃ o m s ]_w
[_w s u tʲ a m o lʲ ]_w
[_w s a t i dʲ ]_w
[_w sʲ i m j e nʲ ]_w
[_w v a n o d o ]_w
[_w l o v o v j i ]_w
[_w m a k s o m s ]_w
[_w v a n z dʲ e nʲ ]_w
[_w a r sʲ a d nʲ e ]_w
[_w a n d i nʲ e n k ]_w
[_w v a l s o n z e ]_w
[_w m o r a m o ]_w
[_w rʲ a b o v o nʲ ]_w
[_w k j e rʲ i nʲ e nʲ ]_w
[_w s a j e m j i ]_w
[_w j i v a n ]_w
[_w o s a t o lʲ ]_w
[_w t o n a nʲ e nʲ ]_w
[_w j a r s i tʲ ]_w
[_w tʲ e v dʲ e m s ]_w
[_w r u n k o m ]_w
[_w a r sʲ e m a t ]_w
[_w r a n k s ]_w
[_w j i o r t a m s ]_w
[_w p a ʒ a k ]_w
[_w t o p o ]_w
[_w o r ʃ a m o z ]_w
[_w e rʲ a d a t i sʲ ]_w
[_w k o t o r ɡ s ]_w
[_w m j e lʲ e nʲ e k ]_w
[_w k a n t t ]_w
[_w m j e lʲ tʲ e n ɡ ]_w
[_w v j i j e z e ]_w
[_w v j i rʲ e z e ]_w
[_w ʃ n a d a d ]_w
[_w b j e n z t ]_w
[_w a r sʲ e m a s ]_w
[_w lʲ e z t i ]_w
[_w e rʲ a t ]_w
[_w j i dʲ e m j e ]_w
[_w k a z nʲ e n z t ]_w
[_w t o n a v t sʲ ]_w
[_w lʲ e z k s e n dʲ ]_w
[_w k j i j a nʲ ]_w
[_w m a dʲ e rʲ i a l ]_w
[_w m j i s a l ]_w
[_w k a j a s a k ]_w
[_w o j m j e n k ]_w
[_w u ʃ o d a n tʲ ]_w
[_w e j tʲ e n tʲ ]_w
[_w sʲ i j a ʃ t i zʲ ]_w
[_w v j e tʲ a m o ]_w
[_w a n o k s t a sʲ ]_w
[_w m a rʲ a m ɡ a ]_w
[_w u lʲ e v j i ]_w
[_w e rʲ k a ]_w
[_w s a m a r ]_w
[_w j a r m a n tʲ ]_w
[_w p o k ʃ o sʲ ]_w
[_w j i dʲ i m j i zʲ ]_w
[_w s o n sʲ ]_w
[_w e j s t e j a k ]_w
[_w b j e ʃ tʲ a zʲ ]_w
[_w j i z ]_w
[_w m u r d a z tʲ ]_w
[_w p o k ʃ tʲ a n ]_w
[_w t a n d a t sʲ ]_w
[_w e zʲ i n zʲ e ]_w
[_w p o k ʃ tʃ j i sʲ ]_w
[_w m o s k o v ]_w
[_w k u t o s o ]_w
[_w s a r a z dʲ ]_w
[_w k ʃ j i nʲ e nʲ ]_w
[_w v j e dʲ e dʲ ]_w
[_w tʃ u rʲ ɡ a ]_w
[_w l o v a ʃ a nʲ ]_w
[_w s u o m j i ]_w
[_w t i nʲ e ]_w
[_w j i o a n n o nʲ ]_w
[_w k a t i zʲ e ]_w
[_w m a k s o z d ]_w
[_w m j e r sʲ e ]_w
[_w ʃ n a sʲ ]_w
[_w o p u tsʲ a n o k ]_w
[_w n o l d i zʲ e ]_w
[_w e r zʲ i lʲ ]_w
[_w p u rʲ e ]_w
[_w v j i tʲ a d ]_w
[_w m o d a s a ]_w
[_w r o sʲ e nʲ ]_w
[_w s i v j e zʲ e ]_w
[_w b j i lʲ k s ]_w
[_w t u v o t nʲ e nʲ ]_w
[_w u m a rʲ e n z e ]_w
[_w s i j a n o n dʲ ]_w
[_w a nʲ a ]_w
[_w p r o m s tʲ ]_w
[_w k a s nʲ e s tʲ ]_w
[_w m o lʲ i tʲ ]_w
[_w o ʒ s t o ]_w
[_w s o n zʲ k a k ]_w
[_w e z tʲ e n ɡ ]_w
[_w p a r o tʃ j i ]_w
[_w m a rʲ a d a n tʲ ]_w
[_w o r m a z tʲ ]_w
[_w m a j sʲ e s tʲ ]_w
[_w p o l o n s o ]_w
[_w sʲ e j e rʲ e z dʲ ]_w
[_w p j e rʲ a n ]_w
[_w v a k s t a sʲ ]_w
[_w m o t a d o ]_w
[_w v a k a n dʲ ]_w
[_w k j i n sʲ e ]_w
[_w k a s nʲ e ]_w
[_w ʃ n a ]_w
[_w m j e d r a t ]_w
[_w sʲ e lʲ m s ]_w
[_w p j e s nʲ i ]_w
[_w k a s nʲ e n tʲ ]_w
[_w r u z o k s ]_w
[_w nʲ e j i tsʲ a k s ]_w
[_w tʲ e j i n zʲ e ]_w
[_w p u t sʲ ]_w
[_w n a z v a nʲ i dʲ ]_w
[_w k j i lʲ tʲ ]_w
[_w tsʲ i dʲ a r t o ]_w
[_w o p u tsʲ a nʲ ]_w
[_w m a ʒ d nʲ a t ]_w
[_w m j e r dʲ a d o ]_w
[_w k j i nʲ ɡ a k ]_w
[_w s o d i tʲ ]_w
[_w o j sʲ e z tʲ ]_w
[_w s tʲ a s tʲ ]_w
[_w j i tʲ e ]_w
[_w t o n a v t i sʲ ]_w
[_w tʲ u ʃ tʲ a d o ]_w
[_w k o j e sʲ ]_w
[_w p r o m ɡ s ]_w
[_w k j i z e s t ]_w
[_w v a ʃ o n z o ]_w
[_w tsʲ e r a t ]_w
[_w j a r s a z dʲ ]_w
[_w m a k s o v t ]_w
[_w r a n k s o ]_w
[_w p ʃ k a t nʲ e ]_w
[_w m a rʲ i ]_w
[_w m a k s s i sʲ ]_w
[_w p j e dʲ a m ɡ a ]_w
[_w a r a v t nʲ e ]_w
[_w s i tsʲ a ]_w
[_w p a r o n tʲ ]_w
[_w t o n k ]_w
[_w s o d i lʲ i j a ]_w
[_w a v a n z t i tʲ ]_w
[_w m o nʲ e nʲ ɡ a k ]_w
[_w k a d i zʲ e ]_w
[_w a s o r o n o k ]_w
[_w u tʃ o z dʲ ]_w
[_w p o b ]_w
[_w b j i rʲ e v a ]_w
[_w j a k a sʲ ]_w
[_w s tʲ a k o nʲ ]_w
[_w p a n sʲ a k ]_w
[_w t a k ʃ j e n tʲ ]_w
[_w t o n a tʃ j i nʲ ]_w
[_w f a n d a d o ]_w
[_w e sʲ i j a nʲ ]_w
[_w t o b a v t ]_w
[_w s n a r d nʲ e sʲ ]_w
[_w e sʲ e n z e ]_w
[_w r a k ʃ a t nʲ e ]_w
[_w ɡ j e ʃ j i tʲ ]_w
[_w p a ʃ a s o ]_w
[_w n a t o n tʲ ]_w
[_w tʲ e nʲ e k ]_w
[_w k o d a m o zʲ ]_w
[_w tʲ e j e m a n k ]_w
[_w a m a s k ]_w
[_w tʃ a t i k ]_w
[_w j a v a d ]_w
[_w v j e zʲ e rʲ e nʲ ]_w
[_w e r sʲ a d nʲ e s ]_w
[_w e rʲ i a ʒ dʲ i lʲ ]_w
[_w p a tʃ tʲ a s tʲ ]_w
[_w b o l o n tʲ ]_w
[_w l o v a ]_w
[_w s o n z e ]_w
[_w zʲ e nʲ ɡ a k ]_w
[_w o r k o dʲ i tʲ ]_w
[_w s m u s tʲ e nʲ ]_w
[_w a l d i ]_w
[_w v j i rʲ e v ]_w
[_w zʲ e m s ]_w
[_w j a r s a sʲ ]_w
[_w v j e tʲ i zʲ e ]_w
[_w t o n a v t o sʲ ]_w
[_w s a d a n tʲ ]_w
[_w v a s o l ]_w
[_w b j e lʲ e nʲ e k ]_w
[_w lʲ e m j e s t e ]_w
[_w m a s t o r s ]_w
[_w k u tʃ j i dʲ ]_w
[_w k u n z o l i dʲ ]_w
[_w v a l d o zʲ ]_w
[_w j i dʲ i m j i sʲ ]_w
[_w zʲ e lʲ v j e tʲ ]_w
[_w j i u t a ]_w
[_w s u dʲ i j a k a ]_w
[_w u lʲ e s e v ]_w
[_w ɡ u l i ]_w
[_w k o j t nʲ e nʲ ]_w
[_w p rʲ a ɡ a d ]_w
[_w v j e rʲ e ]_w
[_w v j i j e m ]_w
[_w ʃ k a s o n o nʲ ]_w
[_w v o j n i ]_w
[_w a v o lʲ dʲ ]_w
[_w o r d a m o ]_w
[_w v j e zʲ e n z e ]_w
[_w m o nʲ e zʲ ]_w
[_w p j e ʃ k sʲ e ]_w
[_w p a k sʲ a v ]_w
[_w p a l s tʲ ]_w
[_w s a t a n o ]_w
[_w tʲ e j i sʲ e ]_w
[_w m a r sʲ i j a nʲ ]_w
[_w p a ʃ j i dʲ ]_w
[_w rʲ e s t a m o ]_w
[_w l a m o lʲ ]_w
[_w rʲ e z d e nʲ e k ]_w
[_w s i r k a s t ]_w
[_w k j e lʲ s ]_w
[_w rʲ e v j e s s e ]_w
[_w k a zʲ i sʲ e ]_w
[_w j i j i zʲ e ]_w
[_w k j i r dʲ e m s ]_w
[_w k j e tʲ ]_w
[_w m a r ]_w
[_w sʲ i l a nʲ ]_w
[_w lʲ e m tʲ i tʲ ]_w
[_w a z o r o k s t ]_w
[_w t o b a v t i zʲ ]_w
[_w k ʃ j i s a l ]_w
[_w tʲ e v j e zʲ i ]_w
[_w sʲ e s k ]_w
[_w s e dʲ m j e ]_w
[_w b r o k ]_w
[_w e rʲ a z a s t o ]_w
[_w n a v a v t sʲ ]_w
[_w m a rʲ e n z e ]_w
[_w p j e tʃ k tʲ ]_w
[_w f j e j ɡ j e zʲ ]_w
[_w lʲ e p ʃ tʲ i sʲ ]_w
[_w e rʲ ɡ a v a ]_w
[_w tʲ i v sʲ e z dʲ ]_w
[_w sʲ e lʲ m j e zʲ ]_w
[_w o z i nʲ e n z e ]_w
[_w b j e k ]_w
[_w d u nʲ ]_w
[_w k o j z e ]_w
[_w s a l a v a nʲ ]_w
[_w b o dʲ e t sʲ ]_w
[_w s u rʲ e ]_w
[_w k u j e nʲ ]_w
[_w u t i ]_w
[_w m j i nʲ k a k ]_w
[_w v a n d a n ]_w
[_w o r ɡ a ]_w
[_w v a j k j e lʲ e ]_w
[_w j i z dʲ a t ]_w
[_w m j e sʲ e sʲ ]_w
[_w l a d s o ]_w
[_w o n ɡ s tʲ ]_w
[_w k a lʲ a t a ]_w
[_w a ʒ n a s a ]_w
[_w m a ʒ d o m o ]_w
[_w j i dʲ i tsʲ a ]_w
[_w e rʲ a zʲ ]_w
[_w t a n tʲ e ]_w
[_w m j e s t e ]_w
[_w k u m a ʒ a s o ]_w
[_w p o d s tʲ ]_w
[_w zʲ i m o n ]_w
[_w lʲ i t r a t ]_w
[_w u t i tsʲ a ]_w
[_w lʲ i v a m o ]_w
[_w e nʲ a l t a n ]_w
[_w t a ɡ j i dʲ e zʲ ]_w
[_w s a j i ]_w
[_w j i z nʲ a m o sʲ ]_w
[_w j i tsʲ a t ]_w
[_w e rʲ a z dʲ ]_w
[_w k j e v j e sʲ ]_w
[_w p u k a t ]_w
[_w p a s o n tʲ ]_w
[_w v j i j e dʲ ]_w
[_w m o nʲ e sʲ ]_w
[_w l o m a s t o r ]_w
[_w m a rʲ a m o ]_w
[_w k u t a t nʲ e ]_w
[_w b a r o n tʲ ]_w
[_w j i j e m ]_w
[_w m j e sʲ e n s e ]_w
[_w k a n d o zʲ ]_w
[_w m o d a ]_w
[_w s t a d o ]_w
[_w k j i tʲ e m s ]_w
[_w j i z dʲ a ʒ o ]_w
[_w nʲ e j a d ]_w
[_w v a r m a v a ]_w
[_w b j i rʲ e s e ]_w
[_w e rʲ a m o n o k ]_w
[_w p j e lʲ a n z o ]_w
[_w p a z o sʲ k a k ]_w
[_w k j e lʲ k a n ]_w
[_w j i nʲ e tʃ j i nʲ ]_w
[_w l o t k a sʲ ]_w
[_w v j e ts a n a ]_w
[_w e lʲ i ]_w
[_w m a l a v a ]_w
[_w rʲ a t s i ]_w
[_w k j e s e nʲ ]_w
[_w e tsʲ e m j e ]_w
[_w ɡ j i z e k s ]_w
[_w p a v o l n e nʲ ]_w
[_w k a j a v k s ]_w
[_w a l t o s o nʲ ]_w
[_w k a z i dʲ ]_w
[_w a ʒ dʲ e v j i ]_w
[_w l o m a n k ]_w
[_w tʲ e tʲ a zʲ ]_w
[_w j a l ɡ a d nʲ e ]_w
[_w k a n d i n sʲ e ]_w
[_w k o n a z o ]_w
[_w k a p o dʲ e m s ]_w
[_w lʲ i j a k s ]_w
[_w rʲ i m j e v ]_w
[_w k a ʃ t o v j i ]_w
[_w j u t k o v a ]_w
[_w a l d o z o ]_w
[_w m j e lʲ e sʲ ]_w
[_w k a r m a n ]_w
[_w v j e dʲ a m k a ]_w
[_w r a zʲ k j e nʲ ]_w
[_w p j e ʒ j e dʲ ]_w
[_w v a r n a v s tʲ ]_w
[_w s o d a s i ]_w
[_w t a k j i tʲ ]_w
[_w lʲ e s k s k j e ]_w
[_w k u j m j e ]_w
[_w u rʲ v a k s s a ]_w
[_w j i lʲ a t o n tʲ ]_w
[_w p rʲ a k a t ]_w
[_w v j e rʲ k a s t ]_w
[_w t i nʲ k a k ]_w
[_w m j e rʲ e dʲ e ]_w
[_w lʲ i v tʲ i zʲ ]_w
[_w tʲ e j i dʲ e ]_w
[_w nʲ e tʲ ]_w
[_w a tʲ a k ʃ o nʲ ]_w
[_w t i nʲ e k ]_w
[_w a v a t ]_w
[_w v j e tʲ i sʲ ]_w
[_w s i j a n o n tʲ ]_w
[_w k j e v j i ]_w
[_w rʲ a d o ]_w
[_w r u n ɡ o nʲ ]_w
[_w v j e ʃ nʲ i dʲ ]_w
[_w tʃ u v sʲ ]_w
[_w m u j e v tʲ e ]_w
[_w u lʲ e m s ]_w
[_w v j i k s ]_w
[_w p r a m s ]_w
[_w u ʃ o d i ]_w
[_w l o v o v j i dʲ ]_w
[_w k o r d a m o ]_w
[_w m a ʃ t nʲ i tsʲ a ]_w
[_w a ʒ dʲ i lʲ ]_w
[_w m j e lʲ e tʲ ]_w
[_w b o k ʃ s t o ]_w
[_w ɡ a ʒ a d nʲ e ]_w
[_w t o l o n dʲ ]_w
[_w k j e v j i nʲ ]_w
[_w k a v t o ]_w
[_w nʲ e s a ]_w
[_w k u t o v j i ]_w
[_w v j e dʲ e s t ]_w
[_w k o r t i dʲ ]_w
[_w s o t a d ]_w
[_w e zʲ i n s e ]_w
[_w sʲ u t o zʲ ]_w
[_w x j e j k k j i ]_w
[_w k o j k j i tsʲ a ]_w
[_w m a k s i n zʲ ]_w
[_w m o d a m o ]_w
[_w p j e ʃ tʲ i dʲ ]_w
[_w u lʲ i p a r o sʲ ]_w
[_w nʲ e j i tʲ e sʲ ]_w
[_w sʲ a r d o n ]_w
[_w k j e lʲ tʲ e ]_w
[_w lʲ i z nʲ e s e ]_w
[_w o j sʲ e z dʲ ]_w
[_w m a rʲ a t o ]_w
[_w o s n o s tʲ ]_w
[_w a v a s o l ]_w
[_w s o t a v j i ]_w
[_w s a n o n tʲ ]_w
[_w p rʲ a n z o ]_w
[_w s a j s a m a m ]_w
[_w v a l o n ]_w
[_w n a dʲ e ʒ d nʲ e ]_w
[_w tʲ e j tʲ e n dʲ ]_w
[_w j a k sʲ e s tʲ ]_w
[_w tʲ e dʲ a d o ]_w
[_w e r zʲ a k s ]_w
[_w j e rʲ i x o n ]_w
[_w lʲ e z t a k ]_w
[_w v a r ʃ t a d o ]_w
[_w tʲ e j i dʲ e m ]_w
[_w v a n d a d ]_w
[_w lʲ e z k s ]_w
[_w k o rʲ i n f ]_w
[_w t u k ʃ n o ]_w
[_w v a k a ]_w
[_w rʲ i v j e lʲ dʲ ]_w
[_w k j e k s ]_w
[_w a ʃ tʲ e m a n tʲ ]_w
[_w k j i n ]_w
[_w k j i j e nʲ ]_w
[_w z o k o r o nʲ ]_w
[_w sʲ e j e tʲ e ]_w
[_w t o r o sʲ ]_w
[_w k a n d s i nʲ ]_w
[_w p j i l a t ]_w
[_w p u j e z e ]_w
[_w lʲ e j ]_w
[_w o s n o t o j a ]_w
[_w sʲ u p a v t i ]_w
[_w b o t s o ]_w
[_w o ʃ k u ʃ o z d ]_w
[_w t a v l a ]_w
[_w v a d rʲ a k s ]_w
[_w s i r ɡ a zʲ ]_w
[_w k o l m o tsʲ e zʲ ]_w
[_w s a j i tʲ i tʲ ]_w
[_w a n ɡ j e m ]_w
[_w k u d a s tʲ ]_w
[_w sʲ i m j e m a sʲ ]_w
[_w tʲ i v sʲ e z tʲ ]_w
[_w u lʲ i dʲ ]_w
[_w k o ts t o zʲ ]_w
[_w k j i r d s tʲ ]_w
[_w m a ʒ d o v j i ]_w
[_w dʲ e ʃ tʲ e sʲ ]_w
[_w tʲ i rʲ i nʲ ]_w
[_w o s k s o v ]_w
[_w p o k ʒ ]_w
[_w v j i j s ]_w
[_w a l d a zʲ e lʲ ]_w
[_w t o r a m o ]_w
[_w b j e ʃ tʲ i dʲ ]_w
[_w p rʲ a m k a k ]_w
[_w v a j ]_w
[_w p u r n a z dʲ ]_w
[_w k u l o d a n ]_w
[_w p u t i ]_w
[_w k j e rʲ a sʲ ]_w
[_w m a k s i k ]_w
[_w tʃ o p o tʲ e t sʲ ]_w
[_w m j e lʲ s e nʲ ]_w
[_w b o l a d i zʲ ]_w
[_w s o d a z i ]_w
[_w k a j a v ɡ s ]_w
[_w lʲ i j a d a nʲ ]_w
[_w v a l d n e s e ]_w
[_w p a tʃ k o dʲ i m ]_w
[_w v a lʲ m a ]_w
[_w e rʲ a s a s t i ]_w
[_w tʃ a d i ]_w
[_w v j e dʲ a m s ]_w
[_w k u d o z o ]_w
[_w m o n dʲ ]_w
[_w v a ʒ o d s tʲ ]_w
[_w k u t o s ]_w
[_w l o v o v ]_w
[_w u ʃ o t i zʲ ]_w
[_w p j i lʲ ɡ j e ]_w
[_w k a l m o z d ]_w
[_w k u t o zʲ ]_w
[_w s o v a v t sʲ ]_w
[_w rʲ a d s i n ɡ ]_w
[_w k a d s i ]_w
[_w m a r t o t ]_w
[_w d o l s o ]_w
[_w o j m a zʲ ]_w
[_w o r d a n dʲ e nʲ ]_w
[_w tʲ e j a v j i ]_w
[_w k o d u ]_w
[_w p j i t nʲ e ]_w
[_w t o s t o ]_w
[_w tʲ e v j e s t ]_w
[_w s a t a n a nʲ ]_w
[_w v j e n tʲ ]_w
[_w k a l o n tʲ ]_w
[_w k o n tʲ a m o ]_w
[_w v a l t o sʲ ]_w
[_w k a v t o v ]_w
[_w l o m a n ɡ ]_w
[_w v a l s k j e nʲ ]_w
[_w m o k ʃ a ]_w
[_w b o d s tʲ ]_w
[_w k u r o z d ]_w
[_w a v a v t sʲ ]_w
[_w s o t a s ]_w
[_w d a r k j i ]_w
[_w m a rʲ a t a t o ]_w
[_w k u n ʃ k a ]_w
[_w s a j e m s ]_w
[_w k o rʲ a s k a k ]_w
[_w sʲ k a m o n ɡ ]_w
[_w u l o v o nʲ ]_w
[_w j a v o sʲ e lʲ ]_w
[_w n a d o lʲ i j ]_w
[_w ɡ j e tʲ e ]_w
[_w k nʲ i k a ]_w
[_w p o t s t o ]_w
[_w s o k j i ]_w
[_w k a t i dʲ ]_w
[_w v j e tʃ k tʲ ]_w
[_w v a ʃ o sʲ ]_w
[_w t a r ɡ o nʲ ]_w
[_w v a j k j i tsʲ a ]_w
[_w v j e ʃ nʲ e z tʲ ]_w
[_w m j e lʲ e s e ]_w
[_w ʃ k a z d ]_w
[_w sʲ e dʲ e j a nʲ ]_w
[_w tsʲ e tsʲ a n s o ]_w
[_w u tʃ o t a n o ]_w
[_w e nʲ a l d a m s ]_w
[_w b a s o zʲ k a k ]_w
[_w nʲ e z i zʲ ]_w
[_w j e rʲ i lʲ tʲ ]_w
[_w k j e m sʲ ]_w
[_w k u n z o l o d ]_w
[_w nʲ e s i n k ]_w
[_w a r a sʲ i ]_w
[_w ɡ a j a z dʲ ]_w
[_w o j m j e dʲ ]_w
[_w j a k j i j a k ]_w
[_w k a j sʲ e s tʲ ]_w
[_w v j e lʲ m j i ]_w
[_w p a ʃ a m o zʲ ]_w
[_w s tʲ a v t i zʲ ]_w
[_w v j e s tʲ ]_w
[_w s o d a sʲ ]_w
[_w p ʃ tʲ i ]_w
[_w p j e ʃ tʲ a v sʲ ]_w
[_w u sʲ i j a k ]_w
[_w lʲ i sʲ i lʲ tʲ ]_w
[_w z nʲ a r d o ]_w
[_w d o l ɡ s ]_w
[_w s a l a s o ]_w
[_w b a n ʒ o zʲ ]_w
[_w tʃ a tʃ o m a nʲ ]_w
[_w tʲ e ʒ d tʲ ]_w
[_w z a z dʲ ]_w
[_w e r sʲ i tʲ ]_w
[_w v a s o ]_w
[_w e j s t e n ɡ ]_w
[_w m j e zʲ e sʲ ]_w
[_w m j e rʲ e k ]_w
[_w s u r o n dʲ ]_w
[_w tʃ j i dʲ e ]_w
[_w v a l t o m o ]_w
[_w v a ʃ o dʲ i dʲ ]_w
[_w l a k j i dʲ ]_w
[_w tʃ u v t o s t ]_w
[_w ʃ k a d ]_w
[_w k a l d o z o ]_w
[_w e rʲ a d o nʲ ]_w
[_w e j k a k ʃ o zʲ ]_w
[_w a l d nʲ e nʲ ]_w
