[_w p u r n i tʲ ]_w
[_w s a d o ]_w
[_w k o m sʲ ]_w
[_w k o n a s o n ]_w
[_w v j e rʲ e k ]_w
[_w s o d a z i zʲ ]_w
[_w k j i n ]_w
[_w m j e rʲ e ]_w
[_w rʲ a b o v o nʲ ]_w
[_w nʲ e j e nʲ ]_w
[_w a l d o n tʲ ]_w
[_w a v u lʲ ]_w
[_w tʃ o b o d a k s ]_w
[_w m j e lʲ ɡ s ]_w
[_w p rʲ a z t o ]_w
[_w m a rʲ i j a nʲ ]_w
[_w k j e rʲ a t o ]_w
[_w k a l m a nʲ ]_w
[_w m a r zʲ i n ɡ ]_w
[_w s o n z e ]_w
[_w m j e lʲ e s e ]_w
[_w tʃ j i t nʲ e nʲ ]_w
[_w e rʲ a m o z ]_w
[_w p a tʃ tʲ a sʲ ]_w
[_w o v sʲ e ]_w
[_w j i dʲ e zʲ ]_w
[_w k o r d i tʲ ]_w
[_w k a t a r a t ]_w
[_w nʲ i lʲ e ]_w
[_w t i n zʲ ]_w
[_w b j e lʲ a v t i ]_w
[_w v a zʲ e n tsʲ e ]_w
[_w k o d a m o ]_w
[_w r a v v j i ]_w
[_w v j e lʲ tʲ ]_w
[_w s i n ]_w
[_w k a l m o n tʲ ]_w
[_w m o lʲ e m s t e ]_w
[_w a n sʲ a k ]_w
[_w s a v l a ]_w
[_w k j e tʃ j e ]_w
[_w b a k sʲ a z o ]_w
[_w v j e j e lʲ ]_w
[_w m j e dʲ e ʃ k s ]_w
[_w tʃ j i rʲ e z ]_w
[_w tʃ a p a k ]_w
[_w k rʲ e k t nʲ e ]_w
[_w v j e lʲ e tʲ e ]_w
[_w lʲ i zʲ e ]_w
[_w a m a s t ]_w
[_w t o n a tʃ j i ]_w
[_w p a r o sʲ ]_w
[_w m o nʲ ]_w
[_w v a ʃ o n tʲ ]_w
[_w k j e s ]_w
[_w v j i dʲ s ]_w
[_w m a rʲ a s tʲ ]_w
[_w v j i t s ]_w
[_w e r zʲ a tʲ nʲ e nʲ ]_w
[_w m j e lʲ e n ɡ ]_w
[_w p u d i k ]_w
[_w v j e tʃ k tʲ ]_w
[_w o ʒ d n e f a ]_w
[_w ɡ o n a d ]_w
[_w e j dʲ e rʲ ]_w
[_w lʲ e m j e zʲ e ]_w
[_w k o s t o ]_w
[_w a r a zʲ e v sʲ ]_w
[_w sʲ e zʲ e v j i ]_w
[_w ɡ u s sʲ ]_w
[_w a r a v t i ]_w
[_w k u k a rʲ e k u ]_w
[_w p a k sʲ a v ]_w
[_w k j i tʲ e m ]_w
[_w o s i tʲ ]_w
[_w nʲ e dʲ a t o ]_w
[_w j i dʲ i zʲ ]_w
[_w m j e k s ]_w
[_w j i s tʲ a t ]_w
[_w a r a zʲ ]_w
[_w tʲ e j i zʲ e ]_w
[_w n o j ]_w
[_w p a tʃ tʲ i j a ]_w
[_w l o m a nʲ ]_w
[_w k o n a nʲ ]_w
[_w ʃ t a d o zʲ ]_w
[_w o ʃ t ]_w
[_w r u n ɡ o n ɡ ]_w
[_w k o rʲ a s ]_w
[_w ʃ n a m o z ]_w
[_w ʃ t o ]_w
[_w e j k a k ʃ o sʲ ]_w
[_w l o v n o ]_w
[_w k o j s e ]_w
[_w m a t v ]_w
[_w m o lʲ e m s ]_w
[_w j i o n a ]_w
[_w j i ɡ j e lʲ e m ]_w
[_w sʲ a v a d nʲ e ]_w
[_w tʲ e j nʲ i tʲ ]_w
[_w e rʲ v a n tʲ ]_w
[_w tʲ e j i sʲ ]_w
[_w p u r n a v s tʲ ]_w
[_w n a v a ]_w
[_w lʲ i j a k s ]_w
[_w t o n ]_w
[_w t o p o t a k s ]_w
[_w m o nʲ k a k ]_w
[_w t o r o z d ]_w
[_w sʲ a v a ]_w
[_w p j i lʲ k j e ]_w
[_w p a nʲ i sʲ ]_w
[_w k j e dʲ e zʲ ]_w
[_w v a ʒ o ]_w
[_w j a k a ]_w
[_w p j i tʃ j e ]_w
[_w e rʲ a m o ]_w
[_w k u l o m a nʲ ]_w
[_w m j e j s ]_w
[_w r a sʲ k j e n ɡ ]_w
[_w k a t o sʲ ]_w
[_w s a j i lʲ tʲ ]_w
[_w k u l o sʲ ]_w
[_w tʃ j i nʲ ]_w
[_w u r nʲ i ]_w
[_w tʲ e v j e k s ]_w
[_w p a tʃ k o d s tʲ ]_w
[_w e zʲ i n zʲ e ]_w
[_w tʲ e j e m s t e ]_w
[_w a ʃ tʲ a t o ]_w
[_w sʲ e zʲ e v sʲ ]_w
[_w m a rʲ a m o ]_w
[_w j i z dʲ a ʒ o ]_w
[_w p r o k ]_w
[_w v a l o zʲ ]_w
[_w nʲ e dʲ a d ]_w
[_w r a u ʃ o ]_w
[_w v a z nʲ a j a k ]_w
[_w u tʃ j i tsʲ a ]_w
[_w lʲ e m dʲ i dʲ ]_w
[_w lʲ i z nʲ e sʲ ]_w
[_w tsʲ e r a ]_w
[_w m o tsʲ e ]_w
[_w nʲ e v t sʲ ]_w
[_w k a n d sʲ ]_w
[_w v j e j k j e ]_w
[_w p a n d s i sʲ ]_w
[_w j i k j e lʲ e tʲ ]_w
[_w tʲ e j e m a sʲ ]_w
[_w k a l m o v a ]_w
[_w p a nʲ e sʲ ]_w
[_w p rʲ a v t n e ]_w
[_w k o z o nʲ ]_w
[_w s u dʲ a sʲ ]_w
[_w k ʃ j i dʲ ]_w
[_w k j e dʲ e n tʲ ]_w
[_w v a k s t a sʲ ]_w
[_w t a n t a d ]_w
[_w a v a t nʲ e ]_w
[_w m o lʲ i tsʲ a k s ]_w
[_w sʲ e z d ]_w
[_w o j m j e tʲ e ]_w
[_w s a v o lʲ ]_w
[_w v a z t ]_w
[_w b o k ʃ k j e ]_w
[_w m a l a v ]_w
[_w k a r d a s tʲ ]_w
[_w dʲ e j i n k ]_w
[_w m a k s i nʲ ]_w
[_w p j e z ]_w
[_w v a n d ]_w
[_w l a z a ]_w
[_w u rʲ v a k s t sʲ ]_w
[_w nʲ e v tʲ i tʲ ]_w
[_w sʲ e x tʲ e ]_w
[_w tʃ u v t o n tʲ ]_w
[_w p a n d o d o ]_w
[_w n a v a v t o v ]_w
[_w m j e zʲ ]_w
[_w v j e tʃ k s i zʲ ]_w
[_w j u r o zʲ ]_w
[_w s v a dʲ b a s ]_w
[_w tʃ u v t o ]_w
[_w k a sʲ e sʲ ]_w
[_w j a l ɡ a j ]_w
[_w p a tʃ k o dʲ i dʲ ]_w
[_w r a n a ]_w
[_w k a t o ]_w
[_w k u l o m a sʲ ]_w
[_w o j m j e z t ]_w
[_w l o p a ]_w
[_w v a j a z tʲ ]_w
[_w v j e z d e ]_w
[_w tʃ a tʃ t o m a ]_w
[_w n a t o j ]_w
[_w s a j i tʲ ]_w
[_w v a s t sʲ ]_w
[_w k u l o zʲ ]_w
[_w s t a t a ]_w
[_w l a m o ]_w
[_w p a r o zʲ ]_w
[_w rʲ a p o v o nʲ ]_w
[_w n o l t i zʲ e ]_w
[_w k a n d o nʲ ]_w
[_w m j e j lʲ e ]_w
[_w e rʲ v a ]_w
[_w t o k j i ]_w
[_w p o t s ]_w
[_w tʲ e nʲ e k ]_w
[_w m a n tʃ j i ]_w
[_w t u m o ]_w
[_w p a z o s t ]_w
[_w d o nʲ e dʲ ]_w
[_w e rʲ i nʲ e k ]_w
[_w tʲ e dʲ a ]_w
[_w t o n a v t o ]_w
[_w a r sʲ e m a s ]_w
[_w k u r o k s t i ]_w
[_w j a k a m o n tʲ ]_w
[_w lʲ i s nʲ i ]_w
[_w o s k s ]_w
[_w b j e lʲ e nʲ ]_w
[_w m j e sʲ e k s ]_w
[_w z i r k j i ]_w
[_w p rʲ a s t o ]_w
[_w m o r d v a nʲ ]_w
[_w m a rʲ i j a ]_w
[_w m j e rʲ a v j i ]_w
[_w t o n a v t o sʲ ]_w
[_w p a s o sʲ ]_w
[_w o ʃ o nʲ ]_w
[_w m a rʲ a z i zʲ ]_w
[_w p u l o sʲ ]_w
[_w s i j a n o v sʲ ]_w
[_w m a k s s o ]_w
[_w r a sʲ k j e nʲ ]_w
[_w tʃ j i zʲ ]_w
[_w k u t o ]_w
[_w tʃ j i rʲ e v ]_w
[_w sʲ e rʲ ɡ u ]_w
[_w e s tʲ e ]_w
[_w r o t nʲ e ]_w
[_w k j e m j e ]_w
[_w u ʃ o d i dʲ ]_w
[_w t o b a v t ]_w
[_w sʲ e dʲ e j s i ]_w
[_w v j e lʲ ]_w
[_w k u lʲ a ]_w
[_w p u t o m a ]_w
[_w u lʲ tʲ ]_w
[_w tʃ u v t o z d ]_w
[_w m o lʲ i lʲ ]_w
[_w k o n a d ]_w
[_w p u lʲ zʲ a sʲ ]_w
[_w o s n o d o ]_w
[_w k u l o m a n tʲ ]_w
[_w r a n k s o nʲ ]_w
[_w v a l d n e nʲ ]_w
[_w u m a r dʲ ]_w
[_w s o nʲ sʲ ]_w
[_w sʲ e j a nʲ ]_w
[_w n o l t a s a k ]_w
[_w s a sʲ ]_w
[_w o m b o tsʲ e ]_w
[_w e rʲ ɡ j e ]_w
[_w m a k s o d o ]_w
[_w nʲ e k ʃ nʲ e nʲ ]_w
[_w k u j e nʲ ]_w
[_w tʲ e j i lʲ tʲ ]_w
[_w k a v k s ]_w
[_w k u ʃ o ]_w
[_w k a n d i ]_w
[_w t o b o t a s a ]_w
[_w s a k ʃ n i ]_w
[_w e j s t e ]_w
[_w p o k ʃ ]_w
[_w k o s o nʲ ]_w
[_w b j e k ]_w
[_w a v a n tʲ e nʲ ]_w
[_w k u r ɡ s ]_w
[_w sʲ e s e ]_w
[_w s u o m j i ]_w
[_w tʃ a tʃ o zʲ e lʲ ]_w
[_w k j e z ]_w
[_w tʲ e r dʲ i ]_w
[_w s a m o n s o ]_w
[_w m a rʲ i tʲ ]_w
[_w l o m a nʲ ɡ s ]_w
[_w k u v a tʲ e nʲ ]_w
[_w s a k j e j ]_w
[_w lʲ e s t i tsʲ a t ]_w
[_w k j i n dʲ e nʲ ]_w
[_w k o v ]_w
[_w s o v a v a ]_w
[_w m j e k j e nʲ ]_w
[_w j i s tʲ a j a k ]_w
[_w v j e lʲ e nʲ ]_w
[_w m j i nʲ e k ]_w
[_w l a n ɡ s t e ]_w
[_w s i n s t ]_w
[_w tʲ e tʃ j i zʲ ]_w
[_w p a n zʲ i nʲ ]_w
[_w k u t o z o ]_w
[_w s m u s tʲ e s t ]_w
[_w t a k ]_w
[_w k a d o v o m s ]_w
[_w o z k s t nʲ e nʲ ]_w
[_w a n o k s o nʲ ]_w
[_w k u lʲ t u r a nʲ ]_w
[_w l o v n i tʲ ]_w
[_w v a l k s tʲ ]_w
[_w s o l o ]_w
[_w tʲ i t n e nʲ ]_w
[_w s i n zʲ ]_w
[_w tʃ a tʃ t i ]_w
[_w s n a r t a z dʲ ]_w
[_w o j a n ]_w
[_w a ʃ tʲ i ]_w
[_w nʲ e z i zʲ ]_w
[_w k j e k ʃ s e ]_w
[_w e tʃ k j i ]_w
[_w v j e tʲ e ]_w
[_w m a r o n tʲ ]_w
[_w v o m a ]_w
[_w s a x o r ]_w
[_w tʲ e n sʲ e ]_w
[_w m j i r dʲ ]_w
[_w a v o lʲ ]_w
[_w v a s t i ɡ ]_w
[_w sʲ i zʲ e m j e ]_w
[_w p o n k j i ]_w
[_w tʲ e r dʲ i zʲ ]_w
[_w k u r o s t ]_w
[_w k a n d t ]_w
[_w tʃ a z s t o ]_w
[_w k u r o k ]_w
[_w v a z t o r k s ]_w
[_w v j i j s e n tʲ ]_w
[_w t o r o nʲ ]_w
[_w j i tʲ i zʲ ]_w
[_w e rʲ i tsʲ a ]_w
[_w p j i zʲ e m s ]_w
[_w a v a d k a k ]_w
[_w nʲ e ʒ j e n dʲ ]_w
[_w o z a s tʲ ]_w
[_w v j e lʲ ɡ s ]_w
[_w k nʲ i k a ]_w
[_w ɡ u v a dʲ ]_w
[_w e n o ]_w
[_w a tʲ a d o ]_w
[_w k a l m j i zʲ ]_w
[_w k a n d t nʲ i ]_w
[_w a tʲ a nʲ ]_w
[_w k o sʲ k sʲ ]_w
[_w s a l ]_w
[_w p r o m ɡ s s o ]_w
[_w sʲ e dʲ ]_w
[_w k o n a z o ]_w
[_w s a d i k ]_w
[_w t u m o nʲ ]_w
[_w u ʃ m o nʲ ]_w
[_w k a sʲ e zʲ ]_w
[_w lʲ i s nʲ e sʲ ]_w
[_w d a p a m o ]_w
[_w m o d a n ]_w
[_w a n k j e l e nʲ ]_w
[_w t a r ɡ j i sʲ e ]_w
[_w k o r d i dʲ ]_w
[_w u tʃ j i j sʲ ]_w
[_w m u j i n sʲ e ]_w
[_w u t o ]_w
[_w o z a d o ]_w
[_w r u z k s ]_w
[_w v a ʃ o nʲ ]_w
[_w s u o m j i nʲ ]_w
[_w m a k s i n sʲ e ]_w
[_w tʃ u m o nʲ ]_w
[_w k j e d tʲ ]_w
[_w zʲ e lʲ m j e ]_w
[_w p rʲ a d o ]_w
[_w tʲ e r tʲ s i ]_w
[_w j e rʲ i ]_w
[_w lʲ i j a ]_w
[_w a ts nʲ e s tʲ ]_w
[_w lʲ e m j e z d ]_w
[_w lʲ e m dʲ ]_w
[_w o r m a ]_w
[_w e rʲ a m o n tʲ ]_w
[_w n o l t i ]_w
[_w u t a l o ]_w
[_w tʲ e v t nʲ e ]_w
[_w j i nʲ e k ]_w
[_w k a tʃ a d i ]_w
[_w s o v a ]_w
[_w m l n ]_w
[_w m o d a nʲ ]_w
[_w k o v t ]_w
[_w s i rʲ e ]_w
[_w n a j m a n ]_w
[_w k o l m o tsʲ e ]_w
[_w s u rʲ e dʲ ]_w
[_w sʲ i m nʲ e s tʲ ]_w
[_w s o t a s i zʲ ]_w
[_w tʲ e r dʲ i nʲ ]_w
[_w k u lʲ a n dʲ ]_w
[_w e j sʲ e ]_w
[_w p a ʃ a d o ]_w
[_w s a n t n e ]_w
[_w j i lʲ a z dʲ ]_w
[_w k j e tʲ e sʲ ]_w
[_w t u j e tʲ e z e ]_w
[_w a ʃ o ]_w
[_w p u r t a s o ]_w
[_w s a m a j ]_w
[_w a r a sʲ i ]_w
[_w k u d a v t i ]_w
[_w t a r k o ]_w
[_w u lʲ e m j e ]_w
[_w j i u dʲ e j s tʲ ]_w
[_w l a m o d o n ]_w
[_w lʲ i j a d nʲ e ]_w
[_w p rʲ e v j e ]_w
[_w tʲ e v tʲ e m ɡ a ]_w
[_w sʲ e k j e s ]_w
[_w j i sʲ a k ]_w
[_w j i tʲ e m j e ]_w
[_w s a t i ʃ k a ]_w
[_w m j e r s tʲ ]_w
[_w t a n d a t o ]_w
[_w tʲ e tʲ a k s ]_w
[_w k a k ]_w
[_w lʲ i j a k ]_w
[_w p a s o s ]_w
[_w k j e rʲ a nʲ ]_w
[_w ɡ u lʲ t u r a nʲ ]_w
[_w tʲ e j nʲ e m s ]_w
[_w v a ʃ o n tʲ e nʲ ]_w
[_w k o r d nʲ e z dʲ ]_w
[_w tʃ a tʃ o z o ]_w
[_w s a v k ʃ n i dʲ ]_w
[_w t a r ɡ a z dʲ ]_w
[_w a m a s i ]_w
[_w a n o k t ]_w
[_w m o tsʲ e nʲ ]_w
[_w j a v o m o ]_w
[_w p o k ʃ t n e nʲ ]_w
[_w sʲ e nʲ s e ]_w
[_w e zʲ e nʲ ]_w
[_w v a t rʲ a k s ]_w
[_w v j e dʲ a sʲ ]_w
[_w s o t a s t ]_w
[_w rʲ a p o v ]_w
[_w p rʲ a k a ]_w
[_w k u t a d nʲ e ]_w
[_w dʲ e lʲ e nʲ ]_w
[_w p a r o tʃ j i ]_w
[_w a s o r o m ]_w
[_w v o j n i ]_w
[_w b u j e nʲ ]_w
[_w tʃ a m a sʲ ]_w
[_w lʲ e v j e tʲ e ]_w
[_w v a ʃ o dʲ i tsʲ a ]_w
[_w k j i r dʲ e ]_w
[_w tʲ e v t nʲ e s e ]_w
[_w o z k s o v ]_w
[_w s o t i tsʲ a ]_w
[_w k u s s tʲ ]_w
[_w k a s nʲ e z d ]_w
[_w lʲ e m j e m s ]_w
[_w t o r o t ]_w
[_w tʃ j i s t ]_w
[_w j a m k s o nʲ ]_w
[_w r a u ʒ o ]_w
[_w p u lʲ sʲ a zʲ ]_w
[_w v a n i dʲ ]_w
[_w j i s nʲ i tsʲ a d ]_w
[_w p j i rʲ e v a ]_w
[_w p u r n a m s ]_w
[_w s tʲ i ]_w
[_w s v a x a zʲ ]_w
[_w m a n zʲ i ]_w
[_w s i j a n o nʲ ]_w
[_w m a rʲ i nʲ ]_w
[_w l o m a sʲ ]_w
[_w k j i r t sʲ ]_w
[_w tʃ j i rʲ e nʲ ]_w
[_w m j e nʲ ]_w
[_w k o tʃ k j i zʲ ]_w
[_w p a n zʲ i dʲ ]_w
[_w a v j i tʲ ]_w
[_w k u lʲ a n tʲ ]_w
[_w tʃ j i n sʲ e ]_w
[_w s a j e v sʲ ]_w
[_w p a k sʲ a ]_w
[_w z d a k ]_w
[_w p j e ʃ k sʲ e lʲ ]_w
[_w s tʲ a k ]_w
[_w lʲ e m t nʲ e ]_w
[_w k a v t o ]_w
[_w o s a t o ]_w
[_w s u t s ]_w
[_w t a r ɡ a k s ]_w
[_w u lʲ nʲ i nʲ ]_w
[_w m j e rʲ e s e ]_w
[_w o j m j e tʲ ]_w
[_w k a d s i n k ]_w
[_w tʃ o p o t a sʲ ]_w
[_w v a l ɡ s tʲ ]_w
[_w m u j i n zʲ ]_w
[_w k u v a dʲ s ]_w
[_w s i n sʲ e ]_w
[_w a s o r o n k ]_w
[_w v a n z d o k s ]_w
[_w nʲ e j a v sʲ ]_w
[_w sʲ e k s k a k ]_w
[_w sʲ u r o t nʲ e ]_w
[_w p a j dʲ a d o ]_w
[_w e j dʲ e rʲ e ]_w
[_w m j e j s e nʲ ]_w
[_w sʲ e rʲ k j e ]_w
[_w tsʲ e r a zʲ ]_w
[_w nʲ e j a v ]_w
[_w s i r nʲ e ]_w
[_w m j e rʲ i zʲ e j ]_w
[_w o ʃ o ]_w
[_w p a z o k s ]_w
[_w e rʲ a m s ]_w
[_w k u tʃ o zʲ ]_w
[_w e r sʲ i ]_w
[_w t u n d o nʲ ]_w
[_w v o j n a nʲ ]_w
[_w j u t k s o n ɡ ]_w
[_w sʲ u l m sʲ i zʲ ]_w
[_w m a k s i n zʲ ]_w
[_w k a v t ]_w
[_w tʲ e dʲ a n o ]_w
[_w k a lʲ ]_w
[_w o r d a m o nʲ ]_w
[_w k j e rʲ i lʲ ]_w
[_w p u r n i zʲ ]_w
[_w p u r n a sʲ ]_w
[_w v j e tʲ s t e ]_w
[_w tʃ a v j i ]_w
[_w ʃ k a nʲ ]_w
[_w s e rʲ e nʲ ]_w
[_w a k j i ]_w
[_w p j i lʲ ɡ s ]_w
[_w k a t i n k ]_w
[_w v j i rʲ e s ]_w
[_w tʲ e j i n k ]_w
[_w tʲ e j e n z e ]_w
[_w v a s t ]_w
[_w m o nʲ e nʲ ]_w
[_w sʲ i zʲ e ]_w
[_w p o dʲ e z e nʲ ]_w
[_w j i tʲ i tsʲ a t ]_w
[_w sʲ i m j e n ɡ ]_w
[_w tʲ i r ]_w
[_w sʲ a r t o zʲ ]_w
[_w o z o l m a ]_w
[_w s e rʲ e n z e ]_w
[_w s t a k ]_w
[_w o r ʃ a sʲ e lʲ ]_w
[_w a p a k s ]_w
[_w v a s t i zʲ e ]_w
[_w n a v a nʲ a m o ]_w
[_w k u j a r t ]_w
[_w b j i ʃ tʲ e m s ]_w
[_w p j e lʲ tʲ e ]_w
[_w tʃ u v t t ]_w
[_w u lʲ e m a lʲ ]_w
[_w v a l s t o n tʲ ]_w
[_w m a ʃ t nʲ e ]_w
[_w v j e tʲ a n k ]_w
[_w b u l o ]_w
[_w a n o k s t a sʲ ]_w
[_w o r t a n ]_w
[_w m a ʃ t o v a ]_w
[_w n a r m u n ]_w
[_w b a n ʒ j i r d ]_w
[_w lʲ e zʲ e ]_w
[_w t a b a m o ]_w
[_w k o r t a n ]_w
[_w v j e dʲ e ]_w
[_w o s o l m a ]_w
[_w sʲ e tʲ e ]_w
[_w nʲ e j ɡ j e ]_w
[_w m a l a s a rʲ ]_w
[_w tʲ u ʃ tʲ a d o ]_w
[_w v j e tʲ e sʲ ]_w
[_w a z o r o n k ]_w
[_w s a d a n o ]_w
[_w z i tsʲ a sʲ ]_w
[_w s o n sʲ k a k ]_w
[_w b u r n i tsʲ a ]_w
[_w tʃ j i z ]_w
[_w s tʲ a z dʲ ]_w
[_w e m j e sʲ e ]_w
[_w s v a l ]_w
[_w s a z d o ]_w
[_w t o z t o ]_w
[_w v j e dʲ i n k ]_w
[_w k o l a sʲ ]_w
[_w r a sʲ k j e ]_w
[_w v j e sʲ i ]_w
[_w s o d a n o ]_w
[_w l o v s o t o ]_w
[_w j i lʲ a k ]_w
[_w a l t a n ]_w
[_w m j e sʲ e ]_w
[_w v a ʃ o dʲ e m s ]_w
[_w m j e lʲ a ]_w
[_w k j e ʃ ]_w
[_w sʲ e lʲ v j e dʲ ]_w
[_w zʲ e m j e ]_w
[_w k a r m a zʲ ]_w
[_w s t a k a tʃ j i ]_w
[_w u lʲ e ]_w
[_w k u tʃ s tʲ ]_w
[_w o s n i ]_w
[_w u lʲ nʲ i tʲ e ]_w
[_w u ʃ o d sʲ ]_w
[_w t lʲ a ]_w
[_w v a l ]_w
[_w u tsʲ a z k a n tʲ ]_w
[_w v j i rʲ e z e ]_w
[_w ʃ k a n tʲ ]_w
[_w j i s tʲ a t n e ]_w
[_w k o n a ]_w
[_w s e nʲ ]_w
[_w j i j e zʲ ]_w
[_w dʲ i k ʃ j e nʲ ]_w
[_w l o v n i dʲ ]_w
[_w lʲ e m j e ]_w
[_w u ʃ o d o v j i ]_w
[_w k o t o tsʲ e ]_w
[_w u ʃ o d o m ]_w
[_w r a n ɡ s o sʲ ]_w
[_w tʃ a z s t o n tʲ ]_w
[_w lʲ i j a t k a k ]_w
[_w tʃ a m a s i ]_w
[_w a r a v t o sʲ ]_w
[_w k rʲ i t ]_w
[_w v a r m a ]_w
[_w n a r t nʲ e s tʲ ]_w
[_w p j e d r a nʲ ]_w
[_w v j i dʲ ]_w
[_w p a j s t o m o ]_w
[_w v j i n a nʲ ]_w
[_w s a r a n ]_w
[_w s u dʲ a m o nʲ ]_w
[_w v a ʃ o d ]_w
[_w sʲ e nʲ e nʲ ]_w
[_w k j e s a rʲ e nʲ ]_w
[_w k j e tʃ j e zʲ ]_w
[_w a l d nʲ e nʲ ]_w
[_w k o j k o n a nʲ ]_w
[_w k a j sʲ e m a sʲ ]_w
[_w k j i r dʲ i nʲ ]_w
[_w j i lʲ i p ]_w
[_w p sʲ i ]_w
[_w v a k a t ]_w
[_w l a tʲ i ]_w
[_w k j i s e n z e ]_w
[_w p j e lʲ dʲ ]_w
[_w k o j k o n a d ]_w
[_w p j i rʲ i zʲ e ]_w
[_w v j e dʲ ]_w
[_w k o t a ]_w
[_w v j e j sʲ e ]_w
[_w u lʲ nʲ i dʲ ]_w
[_w u lʲ nʲ e sʲ ]_w
[_w l a v ʃ o k s ]_w
[_w m o r a sʲ e lʲ tʲ ]_w
[_w p o l a t i zʲ e ]_w
[_w e j tʲ e zʲ ]_w
[_w v j i dʲ e zʲ e sʲ ]_w
[_w v a l o n tʲ ]_w
[_w e sʲ i n sʲ e ]_w
[_w v a n i tsʲ a d ]_w
[_w p u k a nʲ ]_w
[_w t o m ɡ a z t ]_w
[_w tʲ e ʃ k s e n tʲ ]_w
[_w p a ʃ a k ]_w
[_w s a r a n z k ]_w
[_w zʲ e lʲ m s ]_w
[_w m o n ]_w
[_w v a zʲ e v sʲ ]_w
[_w n o l t a sʲ ]_w
[_w v j e rʲ e s e ]_w
[_w r a k ʃ a nʲ ]_w
[_w u t o m a ]_w
[_w nʲ e v tʲ s a ]_w
[_w tʲ i v a nʲ ]_w
[_w ʃ u m b r a ]_w
[_w m j e nʲ e lʲ e v ]_w
[_w sʲ a v a t nʲ e ]_w
[_w p rʲ a n o k s ]_w
[_w lʲ e s t a m o nʲ ]_w
[_w tʲ e j i ]_w
[_w j i s a l ]_w
[_w tʲ e j e m ]_w
[_w tʲ i k ʃ j e n tʲ ]_w
[_w e s tʲ e dʲ ]_w
[_w nʲ e j ]_w
[_w p a l m a m o ]_w
[_w t a k ʃ j e zʲ ]_w
[_w a tʲ a t nʲ e ]_w
[_w d u n d a m o nʲ ]_w
[_w sʲ i zʲ e m a ]_w
[_w a tʲ a ]_w
[_w a r a v t sʲ ]_w
[_w k o r d a t nʲ e ]_w
[_w sʲ e j e rʲ e ]_w
[_w j a d ]_w
[_w k a r m j i tʲ ]_w
[_w l a n ɡ o t tʲ ]_w
[_w j i s tʲ a ]_w
[_w v j e tʲ a m ]_w
[_w e rʲ i dʲ ]_w
[_w ʃ n a m s ]_w
[_w f a l m a m o ]_w
[_w tʃ j i z dʲ a ]_w
[_w ʃ a lʲ a ]_w
[_w v a k a n tʲ ]_w
[_w s o v a d o m a ]_w
[_w p j e lʲ a v t i ]_w
[_w v j i sʲ k s ]_w
[_w n a r m u n dʲ ]_w
[_w v a n n a ]_w
[_w s a j e ]_w
[_w m o t a nʲ ]_w
[_w tʲ e v j i dʲ ]_w
[_w p rʲ a k a t ]_w
[_w p u d i ]_w
[_w nʲ e v tʲ e v j e ]_w
[_w j i j e z dʲ ]_w
[_w m a rʲ a sʲ ]_w
[_w e rʲ v a sʲ ]_w
[_w l a t k s ]_w
[_w n u dʲ e j a nʲ ]_w
[_w tʲ u ʃ tʲ a ]_w
[_w m a s i j s tʲ e ]_w
[_w tʲ e v j i nʲ ]_w
[_w m a ʃ t o ]_w
[_w k j e t tʲ e ]_w
[_w u tsʲ a s t ]_w
[_w ʃ t a d o ]_w
[_w ʃ lʲ a ]_w
[_w m a r t o n z o ]_w
[_w j a t ]_w
[_w v j e s tʲ e nʲ ]_w
[_w e nʲ a l d o ]_w
[_w j u t k s o ]_w
[_w a l sʲ e ]_w
[_w p ʃ tʲ i zʲ ]_w
[_w e j tʲ e n tʲ ]_w
[_w p u d o v a ]_w
[_w tʃ a k ʃ ]_w
[_w nʲ e j i nʲ e k ]_w
[_w b u d o ]_w
[_w p a r o n dʲ ]_w
[_w tʲ e j a k ]_w
[_w a ʃ o l a ]_w
[_w a l d a m o ]_w
[_w k a z s tʲ ]_w
[_w t o n a v t i tʲ ]_w
[_w p a n sʲ a t ]_w
[_w a r sʲ e tʲ e ]_w
[_w tʃ a v o ]_w
[_w v j i j e dʲ ]_w
[_w k a r t a ]_w
[_w p a n d s i nʲ ]_w
[_w e ʃ tʲ e ]_w
[_w p j i ʃ j e ]_w
[_w tʃ a tʃ o s o ]_w
[_w n a tʲ e ʃ t tʲ ]_w
[_w a ʒ dʲ e v j i ]_w
[_w t i n tʲ e nʲ ]_w
[_w k a l t o nʲ ]_w
[_w e j tʲ e nʲ ]_w
[_w p o l o n tʲ ]_w
[_w j i j e ]_w
[_w s a j i n zʲ e ]_w
[_w tʃ j i s ]_w
[_w t a r ɡ a n tʲ ]_w
[_w v j i tʲ ]_w
[_w nʲ e v tʲ s i ]_w
[_w e sʲ e dʲ ]_w
[_w p rʲ a d o d sʲ ]_w
[_w n a r d a ]_w
[_w s o v a m s t o ]_w
[_w tʲ e j e m s ]_w
[_w v j e ]_w
[_w u tʃ j i tsʲ a l ]_w
[_w s a j i k ]_w
[_w e rʲ a t ]_w
[_w j i tsʲ a k s ]_w
[_w ʃ k a n dʲ ]_w
[_w k a p ʃ a ]_w
[_w tʲ e r dʲ e nʲ ]_w
[_w n o l t a sʲ e lʲ ]_w
[_w s o v j i ]_w
[_w s i j a n o zʲ ]_w
[_w j i r o d n e nʲ ]_w
[_w t o r o ]_w
[_w u rʲ v a k s t ]_w
[_w a l t nʲ e nʲ ]_w
[_w tʲ e j e z e ]_w
[_w m a l a s o lʲ ]_w
[_w k a l a v t o ]_w
[_w sʲ u p a v tʃ j i ]_w
[_w s nʲ a r i j a ]_w
[_w tʲ e dʲ a nʲ ]_w
[_w u sʲ i j a n o nʲ ]_w
[_w m j e lʲ k s t ]_w
[_w s a m o sʲ ]_w
[_w p r a v t o v ]_w
[_w m a l a v t o ]_w
[_w m a k s i ]_w
[_w p a n ʃ o v s tʲ ]_w
[_w s o n tʲ e nʲ ]_w
[_w p u d o v j i ]_w
[_w t o z o ]_w
[_w j i j e nʲ ]_w
[_w tʃ j i j sʲ ]_w
[_w k a r m a nʲ ]_w
[_w tʲ u ʃ tʲ a t o ]_w
[_w tʃ j i dʲ e m a zʲ ]_w
[_w lʲ e lʲ a nʲ ]_w
[_w r a t o r ]_w
[_w v a j ]_w
[_w tʲ e lʲ nʲ a ]_w
[_w p a l s tʲ ]_w
[_w tʃ j i tʲ ]_w
[_w b a ʃ a z o ]_w
[_w j i k j e lʲ e nʲ ]_w
[_w v j e tʲ i tsʲ a sʲ ]_w
[_w m a rʲ a v a ]_w
[_w p u r n i lʲ ]_w
[_w s o d a t ]_w
[_w j a l ɡ a n ]_w
[_w j a k o v ]_w
[_w v j e ʃ j e tʲ ]_w
[_w lʲ e s e ]_w
[_w e j s e ]_w
[_w s a d a n a n tʲ ]_w
[_w b a nʲ i ]_w
[_w u d a l o v ]_w
[_w p ʃ k a d o m a ]_w
[_w a l t a v j i ]_w
[_w o r ʃ a zʲ e lʲ ]_w
[_w m j e zʲ e ]_w
[_w a r a v t o m s ]_w
[_w e j k a k ʃ t ]_w
[_w k j e m ]_w
[_w lʲ i z d r a v ]_w
[_w k o s t o l t ]_w
[_w t a k o ]_w
[_w e z dʲ e ]_w
[_w n o l d a sʲ ]_w
[_w tʃ a rʲ k o dʲ e ]_w
[_w k j e ʃ j i dʲ ]_w
[_w t o r o s o ]_w
[_w p a n d o m a ]_w
[_w v j i sʲ e ]_w
[_w o lʲ a z ]_w
[_w v a l d nʲ e nʲ ]_w
[_w s o d a d o ]_w
[_w p u t o v a n ]_w
[_w tʃ j i rʲ e s e sʲ ]_w
[_w v a lʲ m a m o ]_w
[_w j u t k o v a ]_w
[_w p a rʲ ]_w
[_w s o t a d k a k ]_w
[_w t o l ɡ s ]_w
[_w tʲ u s o nʲ ]_w
[_w j a k a m o sʲ ]_w
[_w p j i lʲ e ]_w
[_w r u n ɡ o ]_w
[_w e ʃ j e dʲ i ]_w
[_w o r ʃ a sʲ e lʲ tʲ ]_w
[_w j i s tʲ a m o lʲ ]_w
[_w k u l sʲ e s tʲ ]_w
[_w t o r o z t ]_w
[_w e m j e ʃ ]_w
[_w t a k j i j a ]_w
[_w j e v rʲ e j e nʲ ]_w
[_w tʃ u v t o k s ]_w
[_w tʃ a s s t o ]_w
[_w tʃ o k ʃ nʲ e zʲ ]_w
[_w t a n s tʲ ]_w
[_w s e rʲ s e n tʲ ]_w
[_w tʲ e tʲ a k a j ]_w
[_w p j e ʃ tʲ i ]_w
[_w k a n d i tsʲ a ]_w
[_w k u t o t ]_w
[_w lʲ e t sʲ ]_w
[_w tʲ e j e m a d ]_w
[_w u lʲ e m s t e ]_w
[_w o r t a m o ]_w
[_w lʲ e j e nʲ ]_w
[_w v a rʲ i sʲ e j tʲ ]_w
[_w t u v o t nʲ e ]_w
[_w zʲ e s t ]_w
[_w m j e lʲ s ]_w
[_w k nʲ i ʃ n o j ]_w
[_w a v a t ]_w
[_w m j e dʲ a n k ]_w
[_w v a l m o v a ]_w
[_w v j e rʲ ɡ a ]_w
[_w p j e lʲ t nʲ e nʲ ]_w
[_w k j i j a k ]_w
[_w e zʲ i dʲ ]_w
[_w k a d i zʲ e ]_w
[_w k o l sʲ e ]_w
[_w m o n ɡ ]_w
[_w tʲ e j nʲ e v s tʲ ]_w
[_w tʃ a tʃ sʲ ]_w
[_w k j e lʲ s e ]_w
[_w p a v o l o nʲ ]_w
[_w r u s o nʲ ]_w
[_w o s n a n ]_w
[_w p o l a d i zʲ e ]_w
[_w k a s nʲ e n tʲ ]_w
[_w m j i nʲ ]_w
[_w r a sʲ k j e n tʲ ]_w
[_w sʲ e lʲ m j e ]_w
[_w l o m a n dʲ ]_w
[_w p rʲ a v t o ]_w
[_w s t a k a t ]_w
[_w k u v a dʲ e nʲ ]_w
[_w o s a sʲ ]_w
[_w a l o v ]_w
[_w tʲ e v s e n tʲ ]_w
[_w o ʒ o n tʲ ]_w
[_w tʃ u v sʲ ]_w
[_w m a rʲ i n ɡ ]_w
[_w d a n z tʲ ]_w
[_w v j e rʲ ]_w
[_w t o p a v t ]_w
[_w lʲ i sʲ m a n tʲ ]_w
[_w k o j k o n a t ]_w
[_w k j i lʲ tʲ e sʲ ]_w
[_w s m u s tʲ e s e ]_w
[_w t a r k a v j i ]_w
[_w t a v j i tʲ ]_w
[_w t o v ]_w
[_w m a nʲ a n ]_w
[_w s i n zʲ e ]_w
[_w k o ts t o zʲ ]_w
[_w t a r ɡ j i k ]_w
[_w k a n t t ]_w
[_w p a tsʲ i nʲ e ]_w
[_w o s k s t nʲ e ]_w
[_w m a r ɡ ]_w
[_w j a r s a m o ]_w
[_w rʲ i s n e m j e ]_w
[_w s a l a v ]_w
[_w k a tʃ a d i tsʲ a ]_w
[_w b j i t nʲ e j ]_w
[_w k o r t i dʲ ]_w
[_w r a sʲ k j e zʲ e ]_w
[_w v a k s s tʲ ]_w
[_w s o k o r o nʲ ]_w
[_w k j i s e ]_w
[_w m o r o nʲ ]_w
[_w v j i j s e ]_w
[_w m o r i ]_w
[_w tʃ o p o d a nʲ ]_w
[_w a ts a sʲ ]_w
[_w a dʲ a t nʲ e ]_w
[_w t o n sʲ ]_w
[_w k a n t i zʲ ]_w
[_w j i r o t n e nʲ ]_w
[_w sʲ i m j e m a ]_w
[_w s a m o t o ]_w
[_w b o z t o ]_w
[_w v j e tʲ k j e ]_w
[_w j i dʲ e v j e ]_w
[_w k o t o ]_w
[_w v a n a ]_w
[_w tʃ a dʲ m o nʲ e nʲ ]_w
[_w l o v o d o ]_w
[_w lʲ i s nʲ i zʲ e ]_w
[_w o s n o d a n tʲ ]_w
[_w s o nʲ e n ]_w
[_w p j e rʲ a d ]_w
[_w k u ʃ o z d o ]_w
[_w ʃ k o l a j ]_w
[_w k j i tʃ a n tʲ ]_w
[_w n a r m u nʲ ]_w
[_w tʲ e j i k ]_w
[_w s i r k a sʲ ]_w
[_w b a n ʒ s a ]_w
[_w m o k ʃ o t ]_w
[_w v a n o d o ]_w
[_w k u lʲ a z o ]_w
[_w k u ʃ o n dʲ e nʲ ]_w
[_w p a n ʒ s a ]_w
[_w t a n d a v k s ]_w
[_w m o k ʒ o nʲ ]_w
[_w k a t i n ɡ ]_w
[_w tʃ a n z dʲ ]_w
[_w tʲ e tʲ a d ]_w
[_w tʃ a m a n z o ]_w
[_w e rʲ a m o zʲ ]_w
[_w k a s nʲ e zʲ ]_w
[_w s a k ]_w
[_w j u d a m o nʲ ]_w
[_w j i m j e m s ]_w
[_w a n o k ]_w
[_w e sʲ e nʲ e nʲ ]_w
[_w sʲ e t nʲ e nʲ ]_w
[_w k j i r t ]_w
[_w p j e lʲ e v ]_w
[_w m j i r n a ]_w
[_w tʃ u dʲ i tsʲ a k s ]_w
[_w lʲ i v a m o ]_w
[_w p o tʃ t ]_w
[_w nʲ e j i tsʲ a k s ]_w
[_w m a rʲ a s i ]_w
[_w e rʲ a v sʲ ]_w
[_w m a s t o r o nʲ ]_w
[_w k u r o k s ]_w
[_w a dʲ a ]_w
[_w k o r t a m o ]_w
[_w p j e ʒ dʲ a n ɡ ]_w
[_w j a r s i tsʲ a d ]_w
[_w m a r d o nʲ ]_w
[_w e s t e ]_w
[_w o tʲ m a ]_w
[_w e rʲ ɡ a ]_w
[_w v a ʃ o d nʲ e nʲ ]_w
[_w s a j e m s ]_w
[_w j e n o v ]_w
[_w t u n d a zʲ ]_w
[_w sʲ e nʲ ]_w
[_w p u t o v j i ]_w
[_w l o p a d ]_w
[_w a n zʲ a k ]_w
[_w v a n o nʲ ]_w
[_w k a tʃ a t i tsʲ a ]_w
[_w r a sʲ k j e tʲ ]_w
[_w t o p a v t a d ]_w
[_w t i nʲ k a k ]_w
[_w s o n zʲ k a k ]_w
[_w t u k ʃ n i tʲ ]_w
[_w p a v o l t a ]_w
[_w rʲ i s n e m a nʲ ]_w
[_w m j e sʲ ]_w
[_w k o r t a v a ]_w
[_w v a t rʲ a z t ]_w
[_w t u j i nʲ ]_w
[_w m j e dʲ ]_w
[_w o p u tsʲ a ]_w
[_w k u lʲ a l o p a ]_w
[_w v j e ʃ tʲ a zʲ ]_w
[_w k ʃ nʲ i zʲ ]_w
[_w d o z k o ]_w
[_w sʲ i m j e v ]_w
[_w tʲ e tʲ a j ]_w
[_w lʲ e m j e m a d ]_w
[_w r u n k o nʲ ]_w
[_w p j i d nʲ e ]_w
[_w p a nʲ i ]_w
[_w p a n d s i ]_w
[_w k o r d a m o sʲ ]_w
[_w tʲ e tʲ a nʲ e nʲ ]_w
[_w n u rʲ k j i nʲ ]_w
[_w j i s tʲ e n tʲ e ]_w
[_w s a d o lʲ i j ]_w
[_w k ʃ j i ]_w
[_w s e rʲ e j ]_w
[_w d a r k a k s ]_w
[_w j i nʲ e tʃ j i ]_w
[_w tʃ j e rʲ e z tʲ ]_w
[_w t a r ɡ a s o ]_w
[_w v a ʒ o dʲ i ]_w
[_w s a l a s o ]_w
[_w v a k s k a k ]_w
[_w j i dʲ i tsʲ a k s ]_w
[_w s i nʲ ]_w
[_w k a j i ]_w
[_w u m a rʲ k s ]_w
[_w e z dʲ e nʲ ]_w
[_w nʲ e v tʲ e m s ]_w
[_w o lʲ a tʃ j i s ]_w
[_w s o d a z o ]_w
[_w s o n ɡ a k ]_w
[_w a ʃ tʲ e m a n ɡ ]_w
[_w tʃ a s o s t ]_w
[_w t a r k a s ]_w
[_w t o s k o ]_w
[_w p u t o zʲ ]_w
[_w k o r d i nʲ e k ]_w
[_w k j e tʲ ]_w
[_w z o r n o m a ]_w
[_w ɡ u ʒ ]_w
[_w p u v a sʲ ]_w
[_w k j e dʲ i zʲ e ]_w
[_w tʲ e dʲ ]_w
[_w t o n a tʃ j i nʲ ]_w
[_w s t a d o ]_w
[_w s o t a t ]_w
[_w rʲ i z k s ]_w
[_w p o b o nʲ ]_w
[_w k a v k s o ]_w
[_w j a l ɡ a s t ]_w
[_w sʲ e dʲ e ]_w
[_w tʲ e tʃ j i ]_w
[_w p o lʲ ʃ o j e ]_w
[_w p j e lʲ dʲ e ]_w
[_w j i s tʲ a m s ]_w
[_w nʲ e j e m a nʲ ]_w
[_w o j e n tʲ a zʲ ]_w
[_w m o t a t o ]_w
[_w v j e lʲ a n ]_w
[_w v j i n a d o ]_w
[_w sʲ e tʲ e j ]_w
[_w a v a n s t sʲ ]_w
[_w m j i r dʲ e dʲ e ]_w
[_w k a n d i n sʲ e ]_w
[_w m o lʲ e sʲ ]_w
[_w u lʲ dʲ ]_w
[_w v j e lʲ e s e ]_w
[_w m a k s nʲ e ]_w
[_w k u r ɡ o ]_w
[_w u lʲ zʲ ]_w
[_w p j e lʲ e nʲ ]_w
[_w a v a r t s i ]_w
[_w l o d k sʲ e ]_w
[_w e j s t e n tʲ ]_w
[_w tʲ e j e m a t o ]_w
[_w v a k s s ]_w
[_w m j e sʲ e n s e ]_w
[_w v a j a s a k ]_w
[_w t a n s tʲ e nʲ ]_w
[_w nʲ e v dʲ e zʲ ]_w
[_w v j e lʲ e ]_w
[_w v a ʒ o sʲ ]_w
[_w nʲ e j a v k s ]_w
[_w ʃ t a p o ]_w
[_w m o lʲ e m s e ]_w
[_w a r sʲ e m a t ]_w
[_w lʲ e t s tʲ ]_w
[_w sʲ e dʲ e j e v sʲ ]_w
[_w sʲ e t nʲ e ]_w
[_w v a l d n e tʲ e ]_w
[_w tʲ e nʲ ɡ a k ]_w
[_w k o tʃ k a sʲ ]_w
[_w v j e tʃ k j i sʲ ]_w
[_w v j e lʲ e m ]_w
[_w a p a k ]_w
[_w p u j e t nʲ e nʲ ]_w
[_w b a r o nʲ ]_w
[_w a l d a n ]_w
[_w k u n d a sʲ ]_w
[_w j a m o ]_w
[_w p a l sʲ ]_w
[_w s a v k ʃ n i ]_w
[_w k o m j i ]_w
[_w s a s tʲ ]_w
[_w a m a z o ]_w
[_w n u rʲ k a ]_w
[_w p a n sʲ e m a ]_w
[_w m j e nʲ e k ]_w
[_w sʲ i j a n o sʲ ]_w
[_w tʲ e v s e ]_w
[_w a l d a rʲ e n tʲ ]_w
[_w p a n sʲ ]_w
[_w sʲ i m s tʲ ]_w
[_w p u rʲ e ]_w
[_w tʲ e lʲ e n tʲ ]_w
[_w k j e lʲ tʲ a m o ]_w
[_w e s tʲ e tʲ ]_w
[_w m a ʃ t o v j i ]_w
[_w sʲ e k j e ]_w
[_w tʲ e j e nʲ ]_w
[_w v a k s t a zʲ ]_w
[_w k a r m a k ]_w
[_w p a n ʃ o v sʲ ]_w
[_w u lʲ e m ɡ a ]_w
[_w sʲ i j a ʃ t sʲ ]_w
[_w z o v a v o ]_w
[_w f j i tʲ ]_w
[_w v j i j e s e ]_w
[_w o ʃ o k s ]_w
[_w tʃ o k ʃ nʲ e nʲ ]_w
[_w k a tʃ a d i k s ]_w
[_w tʲ e r d tʲ a n o ]_w
[_w t u j e m a ]_w
[_w m o z k o v o nʲ ]_w
[_w m a k a r ]_w
[_w j a l ɡ a ]_w
[_w k u l o m a ]_w
[_w p u t s tʲ ]_w
[_w k a j a z dʲ ]_w
[_w tʃ a v o m s ]_w
[_w tʃ j i j e dʲ ]_w
[_w u lʲ i tʲ ]_w
[_w p j e lʲ tʲ ]_w
[_w j u t a v j i dʲ ]_w
[_w tʲ u rʲ e m a ]_w
[_w lʲ i v tʲ i zʲ e ]_w
[_w s a j i dʲ ]_w
[_w t i n ɡ ]_w
[_w m j e sʲ e nʲ ]_w
[_w m a k s nʲ e sʲ ]_w
[_w tʃ a rʲ k o d sʲ ]_w
[_w lʲ e v k s e k s ]_w
[_w k a n d a d s tʲ ]_w
[_w k o r d a t ]_w
[_w s i v j e tʲ e zʲ ]_w
[_w t a r ɡ a nʲ ]_w
[_w tʃ j i s e n ɡ ]_w
[_w j i n ʒ j i zʲ e ]_w
[_w k u t a s o nʲ ]_w
[_w sʲ e z d e n s e ]_w
[_w tʲ e ʃ k s s e ]_w
[_w sʲ i t o n o nʲ ]_w
[_w nʲ i n ɡ ]_w
[_w l a n ɡ s ]_w
[_w v j e ʃ j e nʲ ]_w
[_w k a r ʃ o n z o ]_w
[_w k a ʃ t o ]_w
[_w ʃ n a s a ]_w
[_w o z k s ]_w
[_w e j s e j a k ]_w
[_w v j e sʲ e nʲ e nʲ ]_w
[_w tʃ j i nʲ tʃ o p ]_w
[_w tʲ u z s o ]_w
[_w b j i rʲ e nʲ ]_w
[_w tʲ e j e s t e ]_w
[_w p a r o n tʲ e nʲ ]_w
[_w a r a v t o nʲ ]_w
[_w t u v o d nʲ e ]_w
[_w m j e nʲ e lʲ s e ]_w
[_w ʃ t a ]_w
[_w e r zʲ a t ]_w
[_w a l t i zʲ e ]_w
[_w a s o r o n tʲ ]_w
[_w u tʃ j i ]_w
[_w s a m o d ]_w
[_w m j e lʲ a v t sʲ ]_w
[_w k a l d ]_w
[_w k ʃ j i nʲ e k ]_w
[_w u tʃ j i n sʲ e ]_w
[_w m o z k o v ]_w
[_w v j e ʒ nʲ i ]_w
[_w j i r o t ]_w
[_w z o k j i ]_w
[_w s a v j i dʲ ]_w
[_w o z a tʲ a sʲ ]_w
[_w sʲ e rʲ k j e t tʲ ]_w
[_w m j e rʲ a n ]_w
[_w k a s sʲ ]_w
[_w p rʲ a v a ]_w
[_w e r sʲ a ]_w
[_w o z k s k j e ]_w
[_w m o lʲ a n ]_w
[_w v a ʃ o dʲ e sʲ ]_w
[_w a m a z i j ]_w
[_w p a j dʲ a k ]_w
[_w nʲ e dʲ ɡ s e s ]_w
[_w tʲ e k j e ]_w
[_w p a s t n e ]_w
[_w tʃ j i rʲ e ]_w
[_w p r a sʲ ]_w
[_w k a d i sʲ ]_w
[_w a r a sʲ tʃ j i ]_w
[_w o j a m ]_w
[_w j u r s o ]_w
[_w t a r a nʲ ]_w
[_w s a z dʲ ]_w
[_w p u dʲ i ]_w
[_w r u n ɡ o d tʲ ]_w
[_w a s o r o nʲ ]_w
[_w s i r k o s o d ]_w
[_w m u s i ]_w
[_w j u t a s o ]_w
[_w lʲ i j a t nʲ e nʲ ]_w
[_w v j e ʒ nʲ e m s ]_w
[_w t i nʲ e k ]_w
[_w u lʲ i dʲ ]_w
[_w p a n d i dʲ ]_w
[_w k j e dʲ ]_w
[_w k u n ʃ k a ]_w
[_w e r zʲ a ]_w
[_w k a l o nʲ ]_w
[_w m a ʃ t nʲ i tsʲ a ]_w
[_w sʲ i j a nʲ ]_w
[_w e j s e tʲ ]_w
[_w p a p a n ]_w
[_w t a v j i t e nʲ ]_w
[_w t o n a t ]_w
[_w t a k o j a k ]_w
[_w m a rʲ a t a t o ]_w
[_w u lʲ tʲ a n o ]_w
[_w k a l a t sʲ ]_w
[_w v a n o m o ]_w
[_w s i n sʲ e j ]_w
[_w p j e lʲ a v t sʲ ]_w
[_w lʲ i j a n ]_w
[_w ʃ k a ]_w
[_w lʲ e j ]_w
[_w sʲ i zʲ e m a d o ]_w
[_w tʃ j i dʲ ]_w
[_w nʲ e v tʲ i n sʲ e ]_w
[_w tʃ a rʲ k o dʲ s i ]_w
[_w s a j s a m a j ]_w
[_w lʲ i v tʲ e m a ]_w
[_w k o r t i tsʲ a ]_w
[_w l a v t o v ]_w
[_w v a l o nʲ ]_w
[_w tʃ a v j i t e nʲ ]_w
[_w k u tʃ j i n tʲ ]_w
[_w p j e z d e nʲ ]_w
[_w p j i rʲ e v ]_w
[_w p rʲ a m ]_w
[_w m j e s e tʲ ]_w
[_w u ʃ o t o v ]_w
[_w t o v k a k ]_w
[_w t a r k j i ]_w
[_w p a n ʒ j i r d ]_w
[_w lʲ e z d ]_w
[_w b j e lʲ dʲ ]_w
[_w rʲ e v j e ]_w
[_w k a ʒ d o ]_w
[_w v j e rʲ e ]_w
[_w tʲ e v tʲ ]_w
[_w k j i zʲ ]_w
[_w s o d a m a z i ]_w
[_w lʲ i s nʲ e ]_w
[_w v a n o sʲ ]_w
[_w v a l t n e nʲ ]_w
[_w k u r k s ]_w
[_w p j i lʲ e j ]_w
[_w p j e n z a ]_w
[_w ɡ j e r sʲ ]_w
[_w s i j a n o sʲ ]_w
[_w m j e lʲ e ]_w
[_w e j z dʲ e ]_w
[_w u tsʲ a s k a v ]_w
[_w j i o a n n o j ]_w
[_w l a u rʲ e a t ]_w
[_w j a k a sʲ ]_w
[_w k j i nʲ e k ]_w
[_w tʲ e dʲ a n ɡ ]_w
[_w k a p ʃ a sʲ ]_w
[_w tʲ e j tʲ a d o ]_w
[_w o j m sʲ e m a z ]_w
[_w a lʲ a n d r a nʲ ]_w
[_w p u r n i n k ]_w
[_w s a j i lʲ ]_w
[_w j i tsʲ a ]_w
[_w lʲ i zʲ e m j e ]_w
[_w ʃ lʲ i dʲ ]_w
[_w o r d a n ]_w
[_w lʲ i zʲ e m a t ]_w
[_w t o n a d o n ]_w
[_w k u d o nʲ ]_w
[_w p r i lʲ ]_w
[_w l o m a nʲ t nʲ e ]_w
[_w k a j a zʲ ]_w
[_w s i tsʲ a t nʲ e nʲ ]_w
[_w k o rʲ a z ]_w
[_w zʲ a r s ]_w
[_w v j e zʲ ]_w
[_w u tʃ o m s ]_w
[_w j i dʲ i m j i m ]_w
[_w k j e m j e sʲ ]_w
[_w p j e rʲ a sʲ ]_w
[_w k o sʲ k j e ]_w
[_w k u tʃ t a n o ]_w
[_w p a r o s t ]_w
[_w rʲ e tʲ i ]_w
[_w ɡ a r m a v a ]_w
[_w m j e rʲ e k s ]_w
[_w u t i tsʲ a ]_w
[_w l a d k s ]_w
[_w j e rʲ i x o n ]_w
[_w m a s t ]_w
[_w sʲ i m j e nʲ ]_w
[_w a l a m o k s ]_w
[_w v a n z d o m o ]_w
[_w e tsʲ e m j e ]_w
[_w k a n d t nʲ i dʲ ]_w
[_w k ʃ j i t nʲ e nʲ ]_w
[_w k o r d a n dʲ ]_w
[_w ʃ n a s a rʲ e nʲ ]_w
[_w n a l ɡ sʲ ]_w
[_w s e p j e ]_w
[_w k u n s o l o d ]_w
[_w z a m o ]_w
[_w v j e dʲ i dʲ ]_w
[_w l o d k a sʲ ]_w
[_w s o d a m o ]_w
[_w k o r d a ]_w
[_w p j i rʲ i zʲ e j ]_w
[_w j i nʲ e ]_w
[_w tʲ e n s e ]_w
[_w d a r a d o ]_w
[_w ʃ n a s tʲ ]_w
[_w nʲ e v tʲ e sʲ ]_w
[_w m a k s i zʲ e ]_w
[_w k u t o n tʲ ]_w
[_w j u r o n z o ]_w
[_w m o t a n o ]_w
[_w a l a m o d ]_w
[_w p u j e t nʲ e ]_w
[_w o j m a m o ]_w
[_w s v a dʲ b a nʲ ]_w
[_w p j e k ]_w
[_w v a k s t sʲ ]_w
[_w s a l a z a rʲ ]_w
[_w p a s t ]_w
[_w s nʲ a r o ]_w
[_w j a k o v o zʲ ]_w
[_w v j e ʃ j i zʲ e ]_w
[_w t a lʲ i k a ]_w
[_w v a l d o sʲ ]_w
[_w l o m a s o ]_w
[_w tʲ e j a n ]_w
[_w s o d i ]_w
[_w k j i s e k s ]_w
[_w t o l s o ]_w
[_w p a n ɡ s t o ]_w
[_w tʲ e v j e lʲ ]_w
[_w t a r ɡ o nʲ ]_w
[_w m j e rʲ e nʲ ]_w
[_w j i k j e lʲ tʲ e ]_w
[_w lʲ i sʲ i ]_w
[_w e sʲ i k ]_w
[_w a r a sʲ ]_w
[_w v a l o v sʲ ]_w
[_w v a n z o ]_w
[_w tʃ t o ]_w
[_w p o n a ]_w
[_w a ʒ dʲ i ]_w
[_w a v a s t i n ɡ ]_w
[_w r a j o n o nʲ ]_w
[_w p j e rʲ a nʲ ]_w
[_w m j e j e n tʲ ]_w
[_w p u t i zʲ ]_w
[_w a lʲ e k sʲ e j ]_w
[_w k u v a tʲ ]_w
[_w p o p o nʲ ]_w
[_w k a ʒ a t o ]_w
[_w r a x a v ]_w
[_w ʃ k a t o v o ]_w
[_w v j e s e ]_w
[_w tʲ e ʃ k s ]_w
[_w r u n k o zʲ ]_w
[_w nʲ e tʲ ]_w
[_w sʲ u l m sʲ i sʲ ]_w
[_w v j e ʒ nʲ a n ]_w
[_w k j e rʲ a n ]_w
[_w p u j e ]_w
[_w p a sʲ i p a ]_w
[_w tʃ j i dʲ e ]_w
[_w s o d a sʲ ]_w
[_w t u j e m s ]_w
[_w sʲ a t o ]_w
[_w p j e n s t ]_w
[_w e rʲ k j e n tʲ ]_w
[_w t a n n o nʲ ]_w
[_w m a k s o v o lʲ ]_w
[_w j a k j i dʲ ]_w
[_w a n d rʲ e j ]_w
[_w p a r s tʲ e ]_w
[_w d a r ɡ a n s ]_w
[_w tʃ j i ]_w
[_w sʲ a d o nʲ ]_w
[_w tʲ u z ]_w
[_w u ʃ m a n ]_w
[_w v j e rʲ e v ]_w
[_w l o m a ]_w
[_w sʲ i m o n ]_w
[_w m a k s a n ]_w
[_w v a l s k j e ]_w
[_w m j e lʲ s e nʲ ]_w
[_w m j i r dʲ e n ɡ ]_w
[_w m o d a ]_w
[_w tʲ e s e ]_w
[_w k a z i tʲ ]_w
[_w l o m a nʲ e nʲ ]_w
[_w tʲ e j i zʲ ]_w
[_w s i nʲ e k ]_w
[_w s o nʲ e n s t ]_w
[_w p a n sʲ i ]_w
[_w j a z o ]_w
[_w e rʲ a t a n a sʲ ]_w
[_w nʲ i zʲ k a k ]_w
[_w a ʃ tʲ e m j e ]_w
[_w v a d rʲ a k s ]_w
[_w tʲ e dʲ a m k a ]_w
[_w t o n zʲ ]_w
[_w k o j tʲ e m ]_w
[_w j i nʲ e nʲ ]_w
[_w v a s t i k ]_w
[_w n o l d a m o nʲ ]_w
[_w nʲ e j i n sʲ e ]_w
[_w v j i j e nʲ ]_w
[_w j e v t a sʲ ]_w
[_w k a j sʲ i dʲ ]_w
[_w l o v s tʲ ]_w
[_w u l o v o sʲ ]_w
[_w zʲ e x tʲ e ]_w
[_w a l t a zʲ e lʲ tʲ ]_w
[_w o r ʃ a m o ]_w
[_w v a n z t o k s ]_w
[_w s o v a v t i zʲ ]_w
[_w a l d a zʲ e lʲ ]_w
[_w m j e zʲ e sʲ ]_w
[_w j a r s t a d a ]_w
[_w lʲ e t ]_w
[_w r u z d ]_w
[_w m a ʃ t nʲ a t ]_w
[_w k o v o nʲ ]_w
[_w n a d o ]_w
[_w dʲ e dʲ a k a j ]_w
[_w m o lʲ i tsʲ a t ]_w
[_w l o m a n tʲ ]_w
[_w p o tʲ i nʲ e k ]_w
[_w o z n o m a z ]_w
[_w o j m j e n tʲ ]_w
[_w sʲ i m j i zʲ ]_w
[_w tʃ o k ʒ nʲ e nʲ ]_w
[_w tʲ e v j e nʲ ]_w
[_w a r sʲ e sʲ ]_w
[_w a l d a sʲ ]_w
[_w l u v o z o ]_w
[_w t o s k o v o nʲ ]_w
[_w b a s t o ]_w
[_w dʲ e tʲ a d o ]_w
[_w p j e tʃ k a s t ]_w
[_w m a tʲ e zʲ ]_w
[_w v a l o t ]_w
[_w a r a v t i zʲ ]_w
[_w m j i r dʲ e z e ]_w
[_w v j e r dʲ ]_w
[_w p rʲ a d o m s o ]_w
[_w sʲ e lʲ m s e ]_w
[_w o t o v sʲ ]_w
[_w v j e tʲ i tsʲ a ]_w
[_w b a r o n tʲ ]_w
[_w s a j i sʲ e ]_w
[_w p ʃ k a dʲ e m s ]_w
[_w t o n a sʲ ]_w
[_w k a zʲ i tʲ ]_w
[_w v a ʃ o dʲ i tʲ ]_w
[_w lʲ i sʲ i lʲ ]_w
[_w p j i dʲ e zʲ ]_w
[_w k a v a ]_w
[_w o j s e ]_w
[_w k j e ʃ j e j ]_w
[_w m j e lʲ ɡ s e v ]_w
[_w t a r ɡ j i zʲ e ]_w
[_w tʲ u ʃ a ]_w
[_w p j e lʲ s e ]_w
[_w t o p a v t i sʲ ]_w
[_w s a t i ]_w
[_w p o k ʃ tʃ j i dʲ ]_w
[_w nʲ e j i zʲ ]_w
[_w tʲ e n z e ]_w
[_w p a k sʲ a n z o ]_w
[_w m a rʲ a m o s ]_w
[_w n a r m u n tʲ ]_w
[_w p a tʃ tʲ a m s ]_w
[_w k u s sʲ ]_w
[_w r u n ɡ o n k ]_w
[_w ʃ k a s ]_w
[_w s i r ɡ a sʲ ]_w
[_w m a ʃ t t a t o ]_w
[_w v j i n a ]_w
[_w p u j e nʲ ]_w
[_w k a d o v o sʲ ]_w
[_w u tsʲ a s k a ]_w
[_w k j i s e s t ]_w
[_w m o n k ]_w
[_w k a r ʃ o z t ]_w
[_w s a n o n tʲ ]_w
[_w k j i j a ]_w
[_w rʲ e dʲ i zʲ ]_w
[_w k u d o v t ]_w
[_w p u t i k ]_w
[_w k u n d a m o nʲ ]_w
[_w j o v l a nʲ ]_w
[_w a v a nʲ i dʲ ]_w
[_w m j e lʲ e s ]_w
[_w o z k s o n ɡ ]_w
[_w s o t i tsʲ a k s ]_w
[_w v j i k s ]_w
[_w t u v t o sʲ ]_w
[_w sʲ e dʲ a d o ]_w
[_w l o v s o sʲ ]_w
[_w p o z d o ]_w
[_w k u n z o l i ]_w
[_w p u r n i tsʲ a d ]_w
[_w lʲ i s nʲ i tʲ ]_w
[_w v j e zʲ e nʲ ]_w
[_w tʃ a v s tʲ ]_w
[_w s o d a s o ]_w
[_w k u d o zʲ ]_w
[_w t o p a v t nʲ i ]_w
[_w j i m j i m ]_w
[_w k j e s t ]_w
[_w n u sʲ a k s ]_w
[_w k a l t n e nʲ ]_w
[_w tʲ e j e s e dʲ ]_w
[_w l u v s o ]_w
[_w s u o m j i tʲ ]_w
[_w tʲ e j e dʲ ]_w
[_w a v a z d s i ]_w
[_w lʲ e m tʲ a sʲ ]_w
[_w u lʲ i j a k s ]_w
[_w a n o k s ]_w
[_w e z d e nʲ e k ]_w
[_w sʲ i sʲ e ]_w
[_w o z a m o ]_w
[_w p a ʒ a zʲ ]_w
[_w p j e n z d ]_w
[_w sʲ a r t o j a ]_w
[_w k j i nʲ e tʃ j i ]_w
[_w lʲ i j a t ]_w
[_w tʲ e ʃ k s t ]_w
[_w sʲ e tʲ ]_w
[_w k j i rʲ i nʲ ]_w
[_w p a n ʒ j i k ]_w
[_w p j e s nʲ i ]_w
[_w j a l k a z d ]_w
[_w e sʲ e tʲ ]_w
[_w v j e tʃ k s i ]_w
[_w sʲ a r s ]_w
[_w v j i j e n ɡ ]_w
[_w p r a m o sʲ ]_w
[_w v a t nʲ e nʲ ]_w
[_w s v a x a sʲ ]_w
[_w p j e ʒ dʲ a v sʲ ]_w
[_w l o m ]_w
[_w a v a t k a k ]_w
[_w n u p a lʲ s ]_w
[_w v a l t o s ]_w
[_w s a n d n e nʲ ]_w
[_w s a v l a nʲ ]_w
[_w t o n a v t i ]_w
[_w tʲ e v j i ]_w
[_w tʲ e j s e z d ]_w
[_w m o n sʲ ]_w
[_w nʲ e ʃ k j e ]_w
[_w m a k s i k ]_w
[_w ʃ n a sʲ ]_w
[_w p a j tʲ a t i zʲ ]_w
[_w s o t a z i n ɡ ]_w
[_w t o v a z dʲ ]_w
[_w t a m a r dʲ ]_w
[_w a lʲ i ]_w
[_w s a m s t o ]_w
[_w m j e lʲ e dʲ e ]_w
[_w k u l i nʲ e k ]_w
[_w p rʲ a s t ]_w
[_w j a m o sʲ ]_w
[_w v a nʲ ɡ s ]_w
[_w j i lʲ a z d ]_w
[_w o z a n n a ]_w
[_w v j e rʲ s t e ]_w
[_w v j e s t e ]_w
[_w a v a sʲ ]_w
[_w tʲ e j e v j i tʲ ]_w
[_w s u dʲ a t ]_w
[_w k a t t ]_w
[_w k u v a ]_w
[_w a ʃ tʲ e dʲ a t ]_w
[_w u sʲ i j a ]_w
[_w k j e k ʃ j e ]_w
[_w m j i ɡ ]_w
[_w j i tʲ e m s ]_w
[_w e r zʲ a k s ]_w
[_w k u n ʃ k a v a ]_w
[_w v j e dʲ e s e nʲ ]_w
[_w sʲ e z k j e ]_w
[_w k j e lʲ s e n tʲ ]_w
[_w v a l d o ]_w
[_w v j e ʒ j e m s ]_w
[_w p a tsʲ a z o ]_w
[_w nʲ e z a k ]_w
[_w v j e n tʃ j e sʲ ]_w
[_w sʲ a r i j a ]_w
[_w v a z o l d o ]_w
[_w f a ʃ o n tʲ e nʲ ]_w
[_w k j e lʲ tʲ e nʲ ]_w
[_w m a t u ʃ k a ]_w
[_w t a n d a j a k ]_w
[_w k a s nʲ e tʲ e ]_w
[_w a l t n e ]_w
[_w k j e s e lʲ ]_w
[_w nʲ e v dʲ i n k ]_w
[_w r u n ɡ o zʲ ]_w
[_w e rʲ a m o s o ]_w
[_w o ʃ o n tʲ ]_w
[_w p j e lʲ s ]_w
[_w tʲ e r dʲ e zʲ ]_w
[_w tʲ e j e zʲ e nʲ ]_w
[_w p rʲ a v t t ]_w
[_w l a m p a m o ]_w
[_w sʲ e nʲ ɡ a k ]_w
[_w j i lʲ a d o ]_w
[_w k o r tʃ j i zʲ ]_w
[_w k u tʃ j i zʲ ]_w
[_w s a j s i nʲ e k ]_w
[_w tʃ u m o ]_w
[_w k a j i zʲ e ]_w
[_w k o rʲ a s k a v ]_w
[_w ʃ n a m o ]_w
[_w s nʲ a r d o ]_w
[_w j i dʲ e s t e nʲ ]_w
[_w t o k j i n z e ]_w
[_w s e v j i ]_w
[_w j e v rʲ e j ]_w
[_w m a rʲ a m o zʲ ]_w
[_w a n o k o k s ]_w
[_w t a n tʲ e nʲ ]_w
[_w m a k s o m ]_w
[_w tʲ e v j e ]_w
[_w b a n d o t o ]_w
[_w o ʃ s t o ]_w
[_w k a n d s tʲ ]_w
[_w p a n d o ]_w
[_w nʲ i s a nʲ a s o ]_w
[_w k u t o sʲ ]_w
[_w k a p ʃ j i ]_w
[_w z a zʲ ]_w
[_w s o v sʲ i dʲ ]_w
[_w s tʲ a s tʲ ]_w
[_w a l a ʃ a m o ]_w
[_w t o nʲ e dʲ ]_w
[_w s o t a d ]_w
[_w l o m a n nʲ e nʲ ]_w
[_w s o t i lʲ i zʲ ]_w
[_w m j e k ʃ j e zʲ ]_w
[_w d o n a d nʲ e ]_w
[_w a tʲ a d nʲ e nʲ ]_w
[_w t o s t o ]_w
[_w sʲ u t o zʲ ]_w
[_w tʃ a p a k s o m ]_w
[_w p a z n e nʲ ]_w
[_w a ʃ tʲ e m s ]_w
[_w sʲ e tʲ i ]_w
[_w p a ʃ a d a n a ]_w
[_w s u rʲ e tʲ ]_w
[_w u lʲ e m s e ]_w
[_w p r i ]_w
[_w s a zʲ ]_w
[_w v j e lʲ ɡ a n k ]_w
[_w nʲ e dʲ ]_w
[_w nʲ e k ʃ nʲ e ]_w
[_w m a z t o r ]_w
[_w s a k ʃ n o d o ]_w
[_w k a z nʲ e zʲ ]_w
[_w m a k s i lʲ ]_w
[_w b j e t r a ]_w
[_w v a n o zʲ ]_w
[_w a z o r o m ]_w
[_w v a r ʃ t a m o ]_w
[_w a r sʲ a d nʲ e nʲ ]_w
[_w k a r m a n tʲ ]_w
[_w e zʲ i s t ]_w
[_w u lʲ e s e ]_w
[_w v j e lʲ a v t o ]_w
[_w o s n o d a n ]_w
[_w v a l a nʲ a ]_w
[_w j u d i lʲ tʲ ]_w
[_w m a r ]_w
[_w u tsʲ a s k a v s ]_w
[_w s a n d n e ]_w
[_w k u lʲ a n s o ]_w
[_w rʲ i k s e ]_w
[_w m o n sʲ k a k ]_w
[_w p rʲ a n k ]_w
[_w k j i j a k a sʲ ]_w
[_w k a j a v s tʲ ]_w
[_w e rʲ a m o z o ]_w
[_w v a n s t sʲ ]_w
[_w k u n d a ]_w
[_w nʲ e s i ]_w
[_w r o d nʲ e ]_w
[_w v j i rʲ ]_w
[_w p u d i n ɡ ]_w
[_w t r o k s ]_w
[_w a r sʲ i dʲ ]_w
[_w p a v o l ]_w
[_w m a n zʲ i nʲ ]_w
[_w m a n tʃ j i dʲ ]_w
[_w s i j a n d n e ]_w
[_w m j e zʲ e n s e ]_w
[_w k a z nʲ e nʲ ]_w
[_w ʒ n a m o n tʲ ]_w
[_w m a k s i tsʲ a sʲ ]_w
[_w v a ʒ o n dʲ ]_w
[_w o l o nʲ ]_w
[_w v j e lʲ e sʲ ]_w
[_w lʲ e z d i tsʲ a ]_w
[_w a ʒ dʲ i tʲ ]_w
[_w l o v n o m o ]_w
[_w k a r m a n ]_w
[_w v j i dʲ e ]_w
[_w k a n t o m s ]_w
[_w sʲ i m j e n s a ]_w
[_w k u m a ʃ a ]_w
[_w l o m a nʲ e sʲ ]_w
[_w m j i r dʲ a n o ]_w
[_w s a d a n a nʲ ]_w
[_w nʲ e v tʲ e z t ]_w
[_w j u t k s o n k ]_w
[_w s a l m u k s ]_w
[_w j a r s i tsʲ a sʲ ]_w
[_w sʲ i zʲ e m s ]_w
[_w p rʲ e v s ]_w
[_w p o s t o ]_w
[_w j i j e v ]_w
[_w s a j e m j e ]_w
[_w sʲ u r o nʲ ]_w
[_w o r m a t ]_w
[_w l o p a n s o ]_w
[_w tʲ e r dʲ i lʲ tʲ ]_w
[_w m j e r tʲ ]_w
[_w k a s nʲ e z t e ]_w
[_w j u r o n tʲ ]_w
[_w l a m b a nʲ ]_w
[_w j i j i s u s ]_w
[_w k a l t o sʲ ]_w
[_w tʃ u m a ]_w
[_w s tʲ e v a n o nʲ ]_w
[_w k j i r dʲ ]_w
[_w tʲ e tʲ a ]_w
[_w r a sʲ k j e sʲ ]_w
[_w s o n tʲ ]_w
[_w p j e lʲ ]_w
[_w tʃ j i s e n z e ]_w
[_w s i tsʲ a ]_w
[_w u m o k ]_w
[_w e sʲ e nʲ ]_w
[_w j a l ɡ a n k ]_w
[_w tʃ u m o t ]_w
[_w lʲ e m dʲ a t o ]_w
[_w e tʃ k j e sʲ e s ]_w
[_w k o j ]_w
[_w p a r o ]_w
[_w tʃ a v o nʲ ]_w
[_w ʃ lʲ i nʲ ]_w
[_w m j e lʲ t nʲ e nʲ ]_w
[_w k o n a d a t o ]_w
[_w k j i ]_w
[_w b a l s tʲ ]_w
[_w sʲ a r ɡ o nʲ ]_w
[_w v j e ʃ a n ]_w
[_w nʲ e j a n ]_w
[_w l u v o s o ]_w
[_w v j e lʲ dʲ e ]_w
[_w t u r d o v ]_w
[_w nʲ e zʲ ]_w
[_w v j e lʲ a v k s ]_w
[_w p j e lʲ e n tʲ ]_w
[_w lʲ i zʲ e zʲ ]_w
[_w m o lʲ i tʲ ]_w
[_w p u k a t ]_w
[_w e rʲ a m o z d ]_w
[_w tʃ o k ʃ nʲ e sʲ ]_w
[_w p r i dʲ ]_w
[_w t o n a v t i dʲ ]_w
[_w e zʲ i zʲ ]_w
[_w m a rʲ i n a ]_w
[_w k o z d ]_w
[_w e sʲ i n k ]_w
[_w ɡ a ʒ d a s t ]_w
[_w v a k a n ]_w
[_w s u rʲ e ]_w
[_w j u d k s ]_w
[_w s a l a s a ]_w
[_w s t a k a ]_w
[_w p o s a n tʲ e j ]_w
[_w t u zʲ ]_w
[_w a l d a rʲ e n dʲ ]_w
[_w k u r o k k j e ]_w
[_w t i n k ]_w
[_w u t i ]_w
[_w tʲ e r dʲ i dʲ i sʲ ]_w
[_w s o v a m s ]_w
[_w tʲ i r e nʲ ]_w
[_w e j s e nʲ ]_w
[_w s a d a n tʲ e ]_w
[_w k j e r sʲ ]_w
[_w p j e lʲ k a ]_w
[_w t o z o nʲ ]_w
[_w a r sʲ a n ]_w
[_w tʲ e lʲ e nʲ e k ]_w
[_w m o j i zʲ e ]_w
[_w a ʃ tʲ i tʲ ]_w
[_w k a j a k ]_w
[_w v j i j e s t ]_w
[_w u rʲ e k s ]_w
[_w k u lʲ a t ]_w
[_w j i tʲ e s t e ]_w
[_w b u t o m a zʲ ]_w
[_w sʲ e j a k ]_w
[_w v j e rʲ s e ]_w
[_w tʲ e tʲ a n s o ]_w
[_w p j i tʲ i zʲ ]_w
[_w n a v a v t o sʲ ]_w
[_w ʃ k o lʲ e ]_w
[_w k j e lʲ e ]_w
[_w m o r i dʲ ]_w
[_w j a l ɡ a s t o ]_w
[_w j a r s a s tʲ ]_w
[_w m a rʲ i zʲ e ]_w
[_w m a rʲ a n ]_w
[_w k u l i tsʲ a ]_w
[_w sʲ u r o d nʲ e nʲ ]_w
[_w k u l o z ]_w
[_w tʲ e dʲ a n tʲ e nʲ ]_w
[_w j a l k a d nʲ e ]_w
[_w z o v a sʲ ]_w
[_w v a z d s tʲ ]_w
[_w p u r n i ]_w
[_w tʃ j i p a j e zʲ ]_w
[_w p a tsʲ a ]_w
[_w a r a sʲ e v sʲ ]_w
[_w nʲ i n a ]_w
[_w r u n k o m o ]_w
[_w tʃ j i rʲ e s ]_w
[_w f j i z dʲ a m o ]_w
[_w sʲ u k o r o z d ]_w
[_w u lʲ i tsʲ a z o ]_w
[_w a v a z t i k ]_w
[_w m o t a n ]_w
[_w rʲ e tʲ i tsʲ a ]_w
[_w tʲ e j tʲ e n tʲ ]_w
[_w v j e lʲ e n z e ]_w
[_w j i tsʲ a d ]_w
[_w a n d i tʲ ]_w
[_w t a m a ʒ a ]_w
[_w k a l m a m o ]_w
[_w p a n d s tʲ ]_w
[_w k o r t i lʲ ]_w
[_w l o m a nʲ s t e ]_w
[_w k o n tʲ a t ]_w
[_w m a ʒ d s i zʲ ]_w
[_w k o l m o k s ]_w
[_w sʲ u p a v t nʲ i ]_w
[_w l o m a nʲ e zʲ ]_w
[_w e sʲ i nʲ ]_w
[_w j i dʲ e sʲ ]_w
[_w j a t nʲ e ]_w
[_w l o v o v j i ]_w
[_w v j i j ]_w
[_w m a k s o m o ]_w
[_w m j i nʲ ɡ a k ]_w
[_w v j e dʲ i ]_w
[_w m j e lʲ t nʲ e ]_w
[_w e j sʲ e nʲ ]_w
[_w tʲ e z e ]_w
[_w v a s o l o m o ]_w
[_w sʲ u l m a v j i ]_w
[_w s o d i tsʲ a t ]_w
[_w k j e m j e nʲ ]_w
[_w n o l d i zʲ ]_w
[_w v j i x t o r ]_w
[_w k j i j a v a ]_w
[_w s tʲ a d ]_w
[_w u t a l ɡ a k s ]_w
[_w tʃ u m o n t o ]_w
[_w ʃ k a t o ]_w
[_w m j e k a ]_w
[_w zʲ i m j e o n ]_w
[_w k o l a v t o sʲ ]_w
[_w r u z o k s ]_w
[_w n o l t i n sʲ e ]_w
[_w p a n sʲ e zʲ ]_w
[_w n a m a ]_w
[_w k u t o zʲ ]_w
[_w b o n ɡ o ]_w
[_w p u d nʲ e ]_w
[_w e j s ]_w
[_w ʃ n a z dʲ ]_w
[_w u tsʲ a z k a sʲ ]_w
[_w a s o r ]_w
[_w tʃ u v t o z t o ]_w
[_w v j e j k k j i ]_w
[_w j a v o zʲ ]_w
[_w o r k o d tʲ ]_w
[_w o m b o n z d ]_w
[_w m o r o s t ]_w
[_w m o lʲ e m a n ]_w
[_w v a l ɡ j i n tʲ ]_w
[_w ɡ o j s ]_w
[_w k ʃ j i nʲ ]_w
[_w n a dʲ e ʃ t a ]_w
[_w l a t k o ]_w
[_w s l o v a n ]_w
[_w s tʲ a m o nʲ ]_w
[_w tʲ e tʲ a nʲ ]_w
[_w j i z nʲ i tʲ ]_w
[_w a ʃ tʲ i lʲ ]_w
[_w m j e rʲ e zʲ ]_w
[_w ʃ n a z a ]_w
[_w dʲ e s t ]_w
[_w m o d a sʲ ]_w
[_w sʲ e d nʲ e nʲ ]_w
[_w p j i n k ]_w
[_w s e rʲ e dʲ i ]_w
[_w tʃ a v o zʲ ]_w
[_w sʲ i m o n o k ]_w
[_w u t o m o ]_w
[_w tʲ e v j e sʲ e ]_w
[_w v a n z t o d o ]_w
[_w s a r a n s k ]_w
[_w m a k s sʲ ]_w
[_w v a ʒ o d s tʲ ]_w
[_w tʃ u m o n tʲ ]_w
[_w t a n t a n ]_w
[_w tʲ e r dʲ i n k ]_w
[_w j i dʲ e nʲ ]_w
[_w lʲ i z a ]_w
[_w u rʲ e n dʲ ]_w
[_w j i m ]_w
[_w m a s t o ]_w
[_w j a v o m s ]_w
[_w m j e rʲ e v ]_w
[_w m j e rʲ a nʲ ]_w
[_w p rʲ a z o ]_w
[_w sʲ u k o nʲ a m s ]_w
[_w a l o ]_w
[_w j i s a m a r ]_w
[_w tʲ e j nʲ e dʲ e ]_w
[_w k a j tʲ ]_w
[_w o l o ]_w
[_w p rʲ a s o s t ]_w
[_w m j e lʲ e sʲ ]_w
[_w p j e k s ]_w
[_w k u l o zʲ s t e ]_w
[_w j i m j e n ɡ ]_w
[_w p a n sʲ e m s ]_w
[_w tʃ u m o k ]_w
[_w r o t nʲ e nʲ ]_w
[_w p j i ʒ d sʲ ]_w
[_w sʲ i l a nʲ ]_w
[_w p rʲ a k a nʲ ]_w
[_w n u tsʲ k a n z ]_w
[_w s o v a m o ]_w
[_w ʃ k a z d o ]_w
[_w nʲ e ʒ j e lʲ i dʲ ]_w
[_w m a z t ]_w
[_w a v o lʲ i dʲ i sʲ ]_w
[_w a s o d ]_w
[_w e j tʲ e rʲ ]_w
[_w s a r a s tʲ ]_w
[_w a v o lʲ i dʲ e ]_w
[_w t u v t a l o ]_w
[_w p a a s o nʲ ]_w
[_w tʃ j i n tʲ ]_w
[_w k j e v k a k ]_w
[_w tʃ a tʲ m o nʲ a t ]_w
[_w lʲ e s t a sʲ ]_w
[_w tʃ u m o n d i ]_w
[_w tʃ o v o rʲ a sʲ ]_w
[_w k nʲ i k a sʲ ]_w
[_w k j e m a nʲ ]_w
[_w v a z d i n k ]_w
[_w v j e ʒ nʲ i dʲ ]_w
[_w tʲ e r dʲ i tʲ ]_w
[_w m a k s o s o ]_w
[_w k j e tsʲ a sʲ ]_w
[_w t a ʃ t o m s ]_w
[_w p o k ʃ s t o ]_w
[_w dʲ e n k ]_w
[_w d r o k s ]_w
[_w j i lʲ a ]_w
[_w v a s t s tʲ ]_w
[_w lʲ e m b j e ]_w
[_w k a z i ]_w
[_w ɡ a p ʃ j i ]_w
[_w e r sʲ i lʲ ]_w
[_w tʲ e r dʲ s i ]_w
[_w o r ʃ a m s ]_w
[_w k u r nʲ i ]_w
[_w k o n a d a n a ]_w
[_w sʲ e sʲ e v sʲ ]_w
[_w p r a k a nʲ ]_w
[_w p a rʲ s ]_w
[_w ʃ a l d ]_w
[_w m a rʲ a m s ]_w
[_w k a d o v o ]_w
[_w a u lʲ ]_w
[_w s i j a n ]_w
[_w a t a m ]_w
[_w n a r m u nʲ e nʲ ]_w
[_w a v o lʲ i zʲ ]_w
[_w s o d a z a ]_w
[_w tʃ u k u n k a nʲ ]_w
[_w e rʲ a d a n o ]_w
[_w e zʲ i nʲ e k ]_w
[_w tʃ j i d nʲ e tʲ e ]_w
[_w t a ʃ t o ]_w
[_w lʲ e z t i ]_w
[_w v j e j ]_w
[_w k j e ʃ j e dʲ i ]_w
[_w nʲ i sʲ ]_w
[_w a sʲ i j a nʲ ]_w
[_w s a k ʃ n i dʲ ]_w
[_w tʲ e dʲ a n k ]_w
[_w s tʲ a m o lʲ ]_w
[_w p a s o nʲ ]_w
[_w b j e tʃ tʲ a m o ]_w
[_w dʲ e v tʲ e zʲ ]_w
[_w o z a sʲ ]_w
[_w o z a tʲ a ]_w
[_w k a s s tʲ ]_w
[_w o z a k ]_w
[_w v j e ʃ nʲ e zʲ ]_w
[_w s o v a d o ]_w
[_w v j e sʲ e ]_w
[_w l o v s o ]_w
[_w s o k o r d a zʲ ]_w
[_w rʲ i s k s e zʲ ]_w
[_w l a m o nʲ ]_w
[_w b u d o m a ]_w
[_w k u tʃ o m s ]_w
[_w r u n ɡ o z o ]_w
[_w lʲ e m j e nʲ ]_w
[_w sʲ e lʲ m s ]_w
[_w m a k s s tʲ ]_w
[_w k a v k s tʲ ]_w
[_w s a t a n o ]_w
[_w tʃ a tʃ j i n dʲ ]_w
[_w k j e z d ]_w
[_w tʃ u rʲ ɡ a ]_w
[_w nʲ e v tʲ e m a ]_w
[_w b u p a m o ]_w
[_w k j i nʲ e ]_w
[_w t u j i ]_w
[_w m a r t o j a k ]_w
[_w o m b o tsʲ e n tʲ ]_w
[_w j u t a v a ]_w
[_w k j i z e j a k ]_w
[_w o lʲ a tʃ j i v ]_w
[_w k u lʲ k a nʲ ]_w
[_w v j e ʃ nʲ i tʲ ]_w
[_w t u z dʲ ]_w
[_w p ʃ tʲ i s t e ]_w
[_w tʲ e tʲ a s t ]_w
[_w p j e ʃ tʲ e ]_w
[_w u lʲ sʲ ]_w
[_w ʃ n a v j i t ]_w
[_w a l ɡ u k s o nʲ ]_w
[_w s a x a rʲ i j a ]_w
[_w p rʲ e v s t e ]_w
[_w j i j e n dʲ a sʲ ]_w
[_w tʲ i n a r ]_w
[_w v j e r sʲ e ]_w
[_w p o k ʃ tʲ a nʲ ]_w
[_w k o n a s o ]_w
[_w m j e rʲ e dʲ i ]_w
[_w e sʲ e s t ]_w
[_w s a z o r o m ]_w
[_w lʲ e z t a s tʲ ]_w
[_w b a tʃ tʲ a s tʲ ]_w
[_w nʲ e s i sʲ ]_w
[_w k ʃ nʲ i nʲ ]_w
[_w k u lʲ a z o n tʲ ]_w
[_w s a t a n a sʲ ]_w
[_w u tʃ o d o ]_w
[_w t o p a v t s i ]_w
[_w u lʲ e dʲ e ]_w
[_w v a n s t i ]_w
[_w k a d i k s ]_w
[_w t i nʲ ]_w
[_w v j i dʲ a d ]_w
[_w s r a lʲ e s tʲ ]_w
[_w j i nʲ a z o ]_w
[_w a m a z t o n tʲ ]_w
[_w p j e lʲ e m a ]_w
[_w a v a v t o v ]_w
[_w k j e v k s ]_w
[_w k o n tʲ a m o lʲ ]_w
[_w u lʲ e zʲ e ]_w
[_w p r o m s tʲ ]_w
[_w p j i ʃ t sʲ ]_w
[_w l a n ɡ s k a ]_w
[_w a ʃ tʲ e v j e ]_w
[_w d u m o nʲ ]_w
[_w j e v t i tʲ ]_w
[_w p o s a ]_w
[_w k u n d i sʲ e ]_w
[_w lʲ e j t nʲ e nʲ ]_w
[_w a v r a a m ]_w
[_w tʲ i rʲ i nʲ e k ]_w
[_w s o d a n tʲ ]_w
[_w k j e lʲ s ]_w
[_w tʃ o p o t s o d ]_w
[_w l a t ]_w
[_w m j e lʲ e n s e ]_w
[_w tʲ e r dʲ s e ]_w
[_w a r zʲ e ]_w
[_w k j e dʲ s e s t ]_w
[_w t u s tʲ ]_w
[_w j i lʲ dʲ ]_w
[_w ʃ t o b u ]_w
[_w j i lʲ i n k ]_w
[_w t o p o ]_w
[_w e s tʲ e n tʲ ]_w
[_w v a z d i ]_w
[_w lʲ e s t ]_w
[_w j i tʲ e dʲ ]_w
[_w nʲ e v tʲ e ]_w
[_w a ʒ dʲ e sʲ ]_w
[_w m a rʲ a v sʲ ]_w
[_w v j e n tʃ s e ]_w
[_w v j e dʲ a r v o ]_w
[_w m a j sʲ e m a ]_w
[_w nʲ e j i nʲ ]_w
[_w p j i ʃ nʲ i ]_w
[_w tʲ e j i dʲ ]_w
[_w s t o lʲ ]_w
[_w tʃ a s o nʲ ]_w
[_w sʲ i m j e ]_w
[_w p a z ]_w
[_w z a j s i zʲ ]_w
[_w m j e sʲ e m ]_w
[_w k ʃ j i tʲ ]_w
[_w e rʲ a s tʲ ]_w
[_w u t o m a sʲ ]_w
[_w l o v t a t ]_w
[_w v j e ʃ tʲ i ]_w
[_w p a ʃ j i dʲ e tʲ ]_w
[_w l a m o lʲ ]_w
[_w k j i m ]_w
[_w tʲ e v t nʲ e dʲ e ]_w
[_w a ʒ dʲ i lʲ ]_w
[_w nʲ e v tʲ i ]_w
[_w s a z t i nʲ e k ]_w
[_w rʲ a b o v ]_w
[_w a v o lʲ i sʲ e m ]_w
[_w j u t a v t i dʲ ]_w
[_w nʲ e v tʲ i dʲ ]_w
[_w o ʃ s o n tʲ e nʲ ]_w
[_w k u d o s t ]_w
[_w e rʲ v a n tʲ e nʲ ]_w
[_w e j s e n s e ]_w
[_w s o d a n dʲ ]_w
[_w lʲ e m dʲ i zʲ ]_w
[_w t o l b a n tʲ a ]_w
[_w ɡ a s t ]_w
[_w tʲ e tʲ ]_w
[_w l a s a rʲ e t ]_w
[_w k o n a nʲ e nʲ ]_w
[_w lʲ i k ʃ a ]_w
[_w k j e k ʃ j e nʲ ]_w
[_w o s i nʲ e n k ]_w
[_w ʃ n a d a t o ]_w
[_w t o nʲ ]_w
[_w v j e ts a n a ]_w
[_w k o s o ]_w
[_w k j e m j e tʲ ]_w
[_w m a r t o j a ]_w
[_w b u t o ]_w
[_w k u l i tʲ ]_w
[_w v a n o ]_w
[_w p a zʲ i p a ]_w
[_w j i lʲ a s t ]_w
[_w k j e lʲ e zʲ ]_w
[_w tʲ e dʲ a n tʲ e ]_w
[_w lʲ i zʲ e m s ]_w
[_w sʲ a r k o nʲ ]_w
[_w sʲ e lʲ m j e s e ]_w
[_w s a m s ]_w
[_w o ʒ o t ]_w
[_w e r zʲ i tʲ ]_w
[_w lʲ i zʲ i ]_w
[_w m o d a d ]_w
[_w p o l a d sʲ ]_w
[_w sʲ i l a ]_w
[_w m o d a m o nʲ ]_w
[_w tʃ u v t o sʲ ]_w
[_w k u r o k s tʲ ]_w
[_w j i u d a nʲ ]_w
[_w nʲ e j i k ]_w
[_w j i j e nʲ e lʲ ]_w
[_w sʲ a r t o ]_w
[_w m a rʲ i ]_w
[_w j e v rʲ e j tʲ ]_w
[_w tʲ e dʲ a n dʲ ]_w
[_w lʲ i j a t a ]_w
[_w m j e lʲ e m ]_w
[_w l a k j i ]_w
[_w s o v a v t i ]_w
[_w o r m a n tʲ ]_w
[_w a v a s t ]_w
[_w j u r s ]_w
[_w v j e ʃ j e ]_w
[_w t o p o lʲ e s tʲ ]_w
[_w m nʲ e ]_w
[_w s o v a k ]_w
[_w dʲ e ʃ t a ]_w
[_w p j e rʲ a t ]_w
[_w s u dʲ a m s ]_w
[_w s o d a v j i ]_w
[_w n u l ɡ o dʲ ɡ s ]_w
[_w o ʃ t n e nʲ ]_w
[_w k j i r dʲ a n o ]_w
[_w p j e ʒ dʲ a sʲ ]_w
[_w s e rʲ i nʲ ]_w
[_w k o lʲ i ]_w
[_w e rʲ i ]_w
[_w p j e ʃ k sʲ e ]_w
[_w l u k a nʲ ]_w
[_w ʃ k a z o ]_w
[_w l a m o t ]_w
[_w r u n ɡ o n dʲ ]_w
[_w p a j dʲ a t o ]_w
[_w k u t o v a sʲ ]_w
[_w s i r ɡ a s ]_w
[_w k a n d a v k s ]_w
[_w t a r ɡ j i sʲ ]_w
[_w s a k ʃ n i tʲ ]_w
[_w k j e tʲ e zʲ ]_w
[_w l a m o t nʲ e nʲ ]_w
[_w z a j i tʲ ]_w
[_w p rʲ a t ]_w
[_w lʲ i z nʲ e z tʲ ]_w
[_w p u l o s o ]_w
[_w v a l m o n tʲ ]_w
[_w t i n sʲ e ]_w
[_w lʲ i v tʲ i n sʲ e ]_w
[_w m j e r dʲ ]_w
[_w p o k ʃ t ]_w
[_w p o n a nʲ ]_w
[_w l o v o sʲ ]_w
[_w j i j e sʲ ]_w
[_w p u d nʲ e z e ]_w
[_w tʲ e j nʲ e tʲ e ]_w
[_w k a s s i ]_w
[_w sʲ k a m o n tʲ ]_w
[_w r u n ɡ o k s ]_w
[_w j i z dʲ a m o ]_w
[_w lʲ i j a s o ]_w
[_w l o v t ]_w
[_w k o r nʲ e lʲ i j ]_w
[_w k a l t o z o ]_w
[_w a r zʲ i ]_w
[_w p j e lʲ k s ]_w
[_w p o d s ]_w
[_w lʲ i j a d a ]_w
[_w p rʲ a n tʲ ]_w
[_w tʲ e nʲ ]_w
[_w sʲ e k s ]_w
[_w s u dʲ a m o zʲ ]_w
[_w tʃ a m a ]_w
[_w j a v o v j i ]_w
[_w t a r ɡ a ]_w
[_w m o lʲ sʲ ]_w
[_w o j m j e n ]_w
[_w n a r o t o nʲ ]_w
[_w s o t a s i ]_w
[_w k o n a n tʲ ]_w
[_w j a k a k ]_w
[_w m j e n tʲ a sʲ ]_w
[_w j i n sʲ e ]_w
[_w u lʲ e m a n tʲ ]_w
[_w l o f o n tʲ ]_w
[_w p r o m ɡ s ]_w
[_w k a d a r ]_w
[_w p u l o ]_w
[_w k u n z o l o ]_w
[_w m o r a m o ]_w
[_w tʃ a s t ]_w
[_w k o j e nʲ ]_w
[_w d o n a t ]_w
[_w l o d k a z tʲ ]_w
[_w e j dʲ e n tʲ ]_w
[_w l o v a ʒ a nʲ ]_w
[_w o s a m s t o ]_w
[_w o s k s o nʲ ]_w
[_w a n a nʲ ]_w
[_w s o d a z i ]_w
[_w a ʒ dʲ e dʲ e ]_w
[_w d u n t o n tʲ ]_w
[_w p u t s i zʲ ]_w
[_w s i r k a s ]_w
[_w ʃ n a m o n s o ]_w
[_w p o dʲ i nʲ e k ]_w
[_w j a d o nʲ ]_w
[_w tʃ a b a k s o v ]_w
[_w k u tʃ sʲ ]_w
[_w p o n k o ]_w
[_w m o r a z dʲ ]_w
[_w j a l ɡ a zʲ ]_w
[_w p u r o m j i ]_w
[_w v a n i ]_w
[_w l o v o nʲ ]_w
[_w m a rʲ i tsʲ a ]_w
[_w o r t a sʲ ]_w
[_w a r a s tʲ ]_w
[_w l o v j i ]_w
[_w k a d i zʲ ]_w
[_w e zʲ e s e ]_w
[_w j a k j i ]_w
[_w rʲ i v j e ]_w
[_w a n n a ]_w
[_w l a t s o ]_w
[_w o z n o d a n o ]_w
[_w tʃ a s s t o n tʲ ]_w
[_w m a rʲ i tsʲ a t ]_w
[_w tʲ i k ʃ j e zʲ ]_w
[_w tʲ e s e j a k ]_w
[_w z t o lʲ ]_w
[_w tʃ a s o z d ]_w
[_w lʲ i z nʲ e ]_w
[_w j a v s tʲ ]_w
[_w k j e v s t e ]_w
[_w p a z t o ]_w
[_w sʲ e tʲ e j e m a ]_w
[_w tʲ e dʲ a n tʲ ]_w
[_w k j i dʲ e ]_w
[_w k u l o m s ]_w
[_w j a l ɡ a m ]_w
[_w j a v s i n ɡ ]_w
[_w p a tʃ tʲ i ]_w
[_w b a rʲ a k ]_w
[_w tʲ e j e s e ]_w
[_w v j e tʲ ]_w
[_w k u d o d ]_w
[_w v a sʲ e nʲ ]_w
[_w a n o k s t ]_w
[_w v a r ʃ t i nʲ ]_w
[_w j i s tʲ a n ]_w
[_w tʲ e j nʲ i nʲ ]_w
[_w k a l m o nʲ ]_w
[_w t o s o ]_w
[_w l a tʲ a m o nʲ ]_w
[_w v a s o v ]_w
[_w v a n s t o d o ]_w
[_w k o r t nʲ e sʲ ]_w
[_w k j e s e ]_w
[_w sʲ e s k j e ]_w
[_w j u d a zʲ ]_w
[_w p a n ʒ o v sʲ ]_w
[_w a r sʲ e ]_w
[_w tʲ e j e sʲ ]_w
[_w o s k s o n tʲ ]_w
[_w m a rʲ e zʲ ]_w
[_w p j i n ɡ ]_w
[_w l a p u ʃ a ]_w
[_w e rʲ a v a ]_w
[_w a n d rʲ e sʲ ]_w
[_w s o t a d a t o ]_w
[_w d o s t ]_w
[_w e rʲ v a zʲ ]_w
[_w v a l d o d o ]_w
[_w a ʒ dʲ e m j e ]_w
[_w k j e tʲ e ]_w
[_w v j e ʃ j e dʲ s ]_w
[_w tʃ u m o k s ]_w
[_w s a m a r dʲ ]_w
[_w p u t s i ]_w
[_w k u r o n z o ]_w
[_w tʲ e r dʲ e ]_w
[_w v a r t s tʲ ]_w
[_w s e rʲ e n tʲ ]_w
[_w e nʲ a l t a sʲ ]_w
[_w lʲ e nʲ ]_w
[_w u ʃ o d a n ]_w
[_w p rʲ a n z o ]_w
[_w k j i r t a ]_w
[_w m o k ʃ o k s ]_w
[_w e r sʲ a d nʲ e ]_w
[_w o r d a d nʲ e zʲ ]_w
[_w t o nʲ ɡ a k ]_w
[_w u lʲ e s e v ]_w
[_w s i n z d ]_w
[_w e zʲ e z d ]_w
[_w v j e tʃ k s a ]_w
[_w tʲ e j tʲ e m ]_w
[_w a v o l ]_w
[_w a ʒ dʲ e v j e ]_w
[_w k j e v ]_w
[_w s o v sʲ e ]_w
[_w t o v t ]_w
[_w t o j ]_w
[_w nʲ e k ʃ nʲ i nʲ ]_w
[_w nʲ e k j e ]_w
[_w v j e ʃ j e n tʲ ]_w
[_w v a n o v sʲ ]_w
[_w v a l t ]_w
[_w a ʃ tʲ i tsʲ a k s ]_w
[_w k j e lʲ e s e ]_w
[_w e rʲ a m o m ]_w
[_w v a l d o z o nʲ ]_w
[_w tʃ o p ]_w
[_w m o r a sʲ ]_w
[_w tʃ j i rʲ a v k s ]_w
[_w t o l o sʲ ]_w
[_w k u d o z d o ]_w
[_w m u j e v j i ]_w
[_w s a j e m a ]_w
[_w lʲ e z d a m o nʲ ]_w
[_w ʃ k a d o n tʲ ]_w
[_w e rʲ a d ]_w
[_w p rʲ a s o n tʲ ]_w
[_w l o v sʲ ]_w
[_w o z a m s ]_w
[_w p a nʲ i n zʲ e ]_w
[_w n a r t ]_w
[_w v j i tʲ e m ɡ a ]_w
[_w a p a r o tʃ j i ]_w
[_w k j i j a v a d ]_w
[_w a ʃ tʲ i tsʲ a sʲ ]_w
[_w o j m sʲ e m a ]_w
[_w s tʲ e v a n ]_w
[_w o ʃ o n dʲ ]_w
[_w sʲ e j e dʲ s t e ]_w
[_w j u d k s o ]_w
[_w nʲ e v tʲ i k ]_w
[_w l a m b a m o ]_w
[_w p rʲ a n ɡ ]_w
[_w tʲ e r dʲ ]_w
[_w r a t o ]_w
[_w sʲ e zʲ e v o ]_w
[_w v a ʃ o d nʲ e ]_w
[_w k a n d i n zʲ e ]_w
[_w j u d i nʲ e k ]_w
[_w p a ʃ j i dʲ e m ]_w
[_w sʲ i m j e o n ]_w
[_w m j e tʲ ]_w
[_w tʲ e j e s t ]_w
[_w j u t k s o s o ]_w
[_w m j e lʲ ɡ s e sʲ ]_w
[_w l u v ]_w
[_w v a z t i n sʲ e ]_w
[_w k o tʃ k a m s ]_w
[_w o r m a zʲ ]_w
[_w m a k s s t e ]_w
[_w nʲ i k s ]_w
[_w o z n o z dʲ ]_w
[_w p ʃ k a tʲ i ]_w
[_w o s n o m a d o ]_w
[_w rʲ e z t ]_w
[_w k j e t tʲ e n tʲ ]_w
[_w p o n ɡ j i dʲ ]_w
[_w n o l d a v j i ]_w
[_w o ʒ d ]_w
[_w o ʃ o t ]_w
[_w t a r a d ]_w
[_w v a l s o ]_w
[_w u lʲ e m k a ]_w
[_w j a r m a sʲ ]_w
[_w s o nʲ e n s e ]_w
[_w m o j i sʲ e ]_w
[_w s o d i tsʲ a ]_w
[_w u lʲ i tsʲ a t ]_w
[_w p rʲ a k a sʲ ]_w
[_w k o tʃ k a m o ]_w
[_w tʲ e tʲ a n o ]_w
[_w ʃ k o l a n tʲ ]_w
[_w lʲ i z nʲ i ]_w
[_w v j i ɡ s ]_w
[_w sʲ u l m a zʲ ]_w
[_w t a r k a v a ]_w
[_w s a j i n e nʲ ]_w
[_w m a rʲ i nʲ e k ]_w
[_w a ʒ dʲ e m a n ɡ ]_w
[_w m a k s t a sʲ ]_w
[_w k j e tʃ j e n tʲ ]_w
[_w p u t o ]_w
[_w m a ʃ t o zʲ ]_w
[_w a l d a m s ]_w
[_w u ʃ o v ]_w
[_w sʲ e s tʲ ]_w
[_w a n ɡ j e l e zʲ ]_w
[_w s o n ]_w
[_w s u v t a m o ]_w
[_w ʃ k a nʲ e ]_w
[_w e rʲ a m o n z o ]_w
[_w e j s tʲ ]_w
[_w tʲ i v a z dʲ ]_w
[_w j i tʲ i dʲ ]_w
[_w m u nʲ a m o ]_w
[_w l a n k s t e ]_w
[_w p j e s n a zʲ ]_w
[_w k a j a m o n tʲ ]_w
[_w t o v a sʲ ]_w
[_w l a n ɡ s t a sʲ ]_w
[_w p a z a n ]_w
[_w tʲ e dʲ a z o ]_w
[_w sʲ a r d o n z o ]_w
[_w u tʃ j i j a ]_w
[_w v a n sʲ ]_w
[_w sʲ e lʲ m j e s t ]_w
[_w m j e tʲ e nʲ ]_w
[_w t a v o l n e nʲ ]_w
[_w p a tʃ k o dʲ e zʲ ]_w
[_w k a s i ]_w
[_w t a n d a lʲ e ]_w
[_w sʲ e l a ]_w
[_w a n zʲ a d ]_w
[_w p a ʒ j i ]_w
[_w e rʲ a v a d nʲ e ]_w
[_w t a r ɡ o n tʲ ]_w
[_w v a s t o r s o ]_w
[_w k j i j a d nʲ e ]_w
[_w p rʲ a v t ]_w
[_w t a r s ]_w
[_w p rʲ a d ]_w
[_w tʲ e v t nʲ e nʲ ]_w
[_w k j e m a ]_w
[_w m j i r dʲ e ]_w
[_w v a l d n e dʲ e ]_w
[_w z o n ɡ a k ]_w
[_w t u j i tsʲ a ]_w
[_w p a z o n tʲ ]_w
[_w m a k s t sʲ ]_w
[_w tʲ i k ʃ j e sʲ ]_w
[_w tʲ e j e zʲ ]_w
[_w s o d i lʲ i zʲ ]_w
[_w tsʲ i dʲ a r d i ]_w
[_w sʲ u r o n dʲ ]_w
[_w sʲ i j a ]_w
[_w k a l ]_w
[_w u z k j i ]_w
[_w s a m a m s ]_w
[_w e m j e tʲ a v a ]_w
[_w e sʲ e n ɡ ]_w
[_w f j i j e m ]_w
[_w k u d a z tʲ ]_w
[_w p a z o sʲ ]_w
[_w e r sʲ a tʲ nʲ e nʲ ]_w
[_w p a ʒ a m o m ]_w
[_w k o d a ]_w
[_w ʃ n a d a d o ]_w
[_w dʲ e dʲ a d ]_w
[_w v a l i sʲ e ]_w
[_w m a k t ]_w
[_w b j i lʲ e n z e ]_w
[_w j a l ɡ a t ]_w
[_w n a tʲ ]_w
[_w j a l a k a ]_w
[_w nʲ e j i j a nʲ ]_w
[_w tsʲ i tʲ a r t i ]_w
[_w k o j e n tʲ ]_w
[_w s a j z i zʲ ]_w
[_w b a tʃ k o dʲ i ]_w
[_w j a r m a n tʲ ]_w
[_w s u d o n tʲ ]_w
[_w j a v o sʲ e lʲ ]_w
[_w nʲ e v tʲ i n zʲ e ]_w
[_w tʲ e j nʲ e sʲ ]_w
[_w j a m ɡ s ]_w
[_w e rʲ a m o t nʲ e ]_w
[_w m j i r dʲ e zʲ ]_w
[_w v a l m a m o ]_w
[_w e rʲ a n ]_w
[_w a n o k s o k s ]_w
[_w v a r tʃ j i ts a ]_w
[_w s a l o n dʲ ]_w
[_w tʃ j i s e ]_w
[_w k o r t i lʲ dʲ ]_w
[_w s o v a v t a n ]_w
[_w d u j i dʲ ]_w
[_w z e nʲ ]_w
[_w m o r k a d nʲ e ]_w
[_w k j e m tʲ a d o ]_w
[_w e s t e j a k ]_w
[_w k o r d a m o d ]_w
[_w v j i tʲ m j e dʲ ]_w
[_w tʃ a v o m o ]_w
[_w j i dʲ e n dʲ ]_w
[_w s v a l ʃ k a s ]_w
[_w u s k u rʲ i tsʲ a ]_w
[_w t u k ʃ n o sʲ ]_w
[_w o ʃ s o ]_w
[_w s i j a n o v ]_w
[_w v a n s t o k s ]_w
[_w v t u l ɡ j i ]_w
[_w p j i lʲ k j e tʲ ]_w
[_w sʲ i m j i sʲ ]_w
[_w k u j a r d ]_w
[_w m o lʲ e m a ]_w
[_w v j e tʲ i zʲ ]_w
[_w p a ʒ a k ]_w
[_w m j i k ]_w
[_w k a t s i ]_w
[_w a l d i nʲ ]_w
[_w m a r d o ]_w
[_w ʃ k o l a v t ]_w
[_w k a z nʲ e n tʲ ]_w
[_w v j e j sʲ e nʲ ]_w
[_w v j e ʃ nʲ i dʲ ]_w
[_w s u tʲ i zʲ e ]_w
[_w s a j e m a nʲ ]_w
[_w j u t i tʲ ]_w
[_w lʲ e z d a m k a ]_w
[_w v j e r tsʲ e ]_w
[_w b a rʲ e n s e ]_w
[_w p j e t r a d ]_w
[_w s i nʲ e n s e ]_w
[_w m j e rʲ i nʲ ]_w
[_w a ʒ dʲ i tsʲ a sʲ ]_w
[_w o z a dʲ a n tʲ ]_w
[_w tʲ i k ʃ j e k s ]_w
[_w s a v o ]_w
[_w tʲ e r dʲ e m s ]_w
[_w p j i ʒ nʲ e s tʲ ]_w
[_w z i r nʲ e n dʲ ]_w
[_w tʲ u rʲ e m a s ]_w
[_w p a n ʒ o sʲ ]_w
[_w b j e tʲ i tʲ ]_w
[_w k j i s t ]_w
[_w k a ʒ a ]_w
[_w k o n tʲ a m o ]_w
[_w tʲ e j tʲ e sʲ ]_w
[_w s tʲ i tʲ ]_w
[_w k j i rʲ k a s o ]_w
[_w z i tsʲ a zʲ ]_w
[_w sʲ i l u a n ]_w
[_w m a k s o ]_w
[_w k o z o ]_w
[_w a l ɡ u ɡ s ]_w
[_w s o v a v t s tʲ ]_w
[_w p o d ]_w
[_w tʃ a rʲ k o dʲ i dʲ ]_w
[_w p a n ʒ o v s tʲ ]_w
[_w lʲ i s nʲ e z tʲ ]_w
[_w tʃ a p a m s ]_w
[_w k a ʃ t o m ]_w
[_w m a rʲ a z i ]_w
[_w m a k s t a ]_w
[_w lʲ i s t r a v ]_w
[_w p u r n i sʲ ]_w
[_w b r a m o zʲ ]_w
[_w m a z i j ]_w
[_w ʒ a l t ]_w
[_w e j s e s t ]_w
[_w v j e lʲ k s e nʲ ]_w
[_w v a k a n z o ]_w
[_w k a j a s a ]_w
[_w m u j i ]_w
[_w p j i l a d o nʲ ]_w
[_w k o r d a d ]_w
[_w t a r ɡ o ]_w
[_w nʲ e tʲ k s e s ]_w
[_w m a s t o m o ]_w
[_w tʃ j i s tʲ a k o ]_w
[_w p a s ]_w
[_w s a k ʃ n o s tʲ ]_w
[_w j a r s a m o t ]_w
[_w tʲ e r t tʲ a n o ]_w
[_w tsʲ e r a t ]_w
[_w a k rʲ i p p a ]_w
[_w v a l o n z ]_w
[_w e sʲ i dʲ ]_w
[_w m a n tʃ j e sʲ ]_w
[_w p j i d nʲ e zʲ ]_w
[_w k j i zʲ e ]_w
[_w p j e lʲ dʲ a m o ]_w
[_w v j e lʲ dʲ a m o ]_w
[_w m j i nʲ e tʃ j i ]_w
[_w s u r ɡ s t o ]_w
[_w m a k s o zʲ ]_w
[_w v a ʒ o dʲ e m s ]_w
[_w t o m ɡ a ]_w
[_w k o l m o ʃ k a ]_w
[_w k j e m j i ]_w
[_w k u l i tsʲ a n tʲ ]_w
[_w b a rʲ e zʲ e v sʲ ]_w
[_w s u r a ]_w
[_w n a r t i ]_w
[_w tʃ j i rʲ e s e ]_w
[_w a z o r o n ɡ ]_w
[_w t o k j i sʲ ]_w
[_w v j e nʲ ]_w
[_w a lʲ v a ]_w
[_w s e rʲ e dʲ e ]_w
[_w k a j i lʲ ]_w
[_w m j e rʲ e m s ]_w
[_w p u t i n ɡ ]_w
[_w e rʲ a m o n ]_w
[_w tʃ u m o s t ]_w
[_w v a tʃ o ]_w
[_w tʲ e dʲ a m ɡ a ]_w
[_w r a k ʃ n o z dʲ ]_w
[_w m j e lʲ e zʲ ]_w
[_w m a ʃ t i n ɡ ]_w
[_w s a d i lʲ ]_w
[_w t a r k o s sʲ ]_w
[_w t a n tʲ ]_w
[_w j i z nʲ a m o nʲ ]_w
[_w m o d a d o ]_w
[_w a nʲ a ]_w
[_w j i n ʒ j i ]_w
[_w v a l o v ]_w
[_w p a n k o nʲ ]_w
[_w l o v o zʲ ]_w
[_w a z o r o n dʲ ]_w
[_w p j e ʒ j e t tʲ ]_w
[_w e j k a k ]_w
[_w tʃ o p a tʃ a ]_w
[_w lʲ e z e ]_w
[_w ʃ n i ]_w
[_w e j z ]_w
[_w p j e lʲ zʲ ]_w
[_w u rʲ v a k s s tʲ ]_w
[_w a l t a rʲ ]_w
[_w k a n d o d o ]_w
[_w p ʃ k a tʲ i n k ]_w
[_w p a n d o m s ]_w
[_w a p a r o nʲ ]_w
[_w j a l k a d ]_w
[_w p a n ɡ s t a sʲ ]_w
[_w k a n d o n tʲ ]_w
[_w v a lʲ m a ]_w
[_w a n o k o lʲ ]_w
[_w tʲ e r t sʲ ]_w
[_w lʲ i s s tʲ ]_w
[_w tʲ i k ʃ j e nʲ ]_w
[_w p rʲ a k a zʲ ]_w
[_w p a tsʲ a s o ]_w
[_w p a tʃ tʲ a n ]_w
[_w m a r t o d ]_w
[_w m o lʲ e m a d ]_w
[_w o p u tsʲ a s t ]_w
[_w sʲ u k o nʲ i ]_w
[_w k u tʃ j i ]_w
[_w v j i k ʃ nʲ e ]_w
[_w v j e sʲ ]_w
[_w a r a zʲ e lʲ ]_w
[_w v a l t n e dʲ e ]_w
[_w p u t i zʲ e ]_w
[_w nʲ e v tʲ e dʲ e ]_w
[_w p u r n i n ɡ ]_w
[_w s o v a d ]_w
[_w o lʲ ɡ a ]_w
[_w a v a ]_w
[_w lʲ e m s t e ]_w
[_w e sʲ i dʲ e ]_w
[_w o ʃ t n e ]_w
[_w o r ʃ a zʲ e lʲ dʲ ]_w
[_w k u lʲ a s o ]_w
[_w tʲ e r dʲ i sʲ ]_w
[_w u lʲ nʲ e s tʲ ]_w
[_w s i n tʲ e n s e ]_w
[_w v j e ʃ nʲ e ]_w
[_w s tʲ a t n e ]_w
[_w m a ɡ s i ]_w
[_w u ʃ o s t ]_w
[_w s o n z e j a k ]_w
[_w lʲ i v tʲ i ]_w
[_w sʲ e z d e nʲ e k ]_w
[_w m j e lʲ e v ]_w
[_w sʲ u r o ]_w
[_w p o dʲ i nʲ e nʲ ]_w
[_w e sʲ e n k ]_w
[_w t a r k a nʲ ]_w
[_w v a ʃ o tʲ e m s ]_w
[_w k u n z o l i tʲ ]_w
[_w rʲ i z n e m a nʲ ]_w
[_w k o j t nʲ e nʲ ]_w
[_w m j e dʲ e ]_w
[_w o s n o z dʲ ]_w
[_w v a sʲ e n tsʲ e zʲ ]_w
[_w o m b o tsʲ e dʲ e ]_w
[_w m a k s i tʲ ]_w
[_w u m o nʲ ]_w
[_w b a l a z ]_w
[_w j i dʲ e m a ]_w
[_w k o ʃ t s o ]_w
[_w e zʲ i nʲ ]_w
[_w tʃ j e v tʲ ]_w
[_w k o d o ]_w
[_w v j i j tʲ ]_w
[_w k o lʲ i k o lʲ i ]_w
[_w s u r o nʲ ]_w
[_w a ʃ tʲ a n ɡ ]_w
[_w a ʒ dʲ e m s ]_w
[_w a n o k s t o ]_w
[_w tʲ u ʒ a ]_w
[_w p j i s e ]_w
[_w k a ʃ t o m s ]_w
[_w k u ʒ o ]_w
[_w nʲ i sʲ k a k ]_w
[_w v j e n tʃ j e zʲ ]_w
[_w j u t a v t i ]_w
[_w u m a r tʲ ]_w
[_w j a l ɡ a sʲ ]_w
[_w p r a d o ]_w
[_w p a n ʒ j i ]_w
[_w n o l t i dʲ ]_w
[_w v j e z e ]_w
[_w p o dʲ a n ]_w
[_w o r ʃ a m o t ]_w
[_w tʃ o b o t s ]_w
[_w o r k o dʲ e dʲ e ]_w
[_w e nʲ a l t a m o ]_w
[_w j u t i lʲ tʲ ]_w
[_w u ʃ o d a n dʲ ]_w
[_w sʲ e s tʲ e n z e ]_w
[_w j a r s a t o ]_w
[_w a k a j ]_w
[_w p a n ɡ s ]_w
[_w lʲ i zʲ ]_w
[_w m j e rʲ i ]_w
[_w tʲ e j i lʲ ]_w
[_w v j e tʃ k a s t ]_w
[_w a v j i ]_w
[_w k o tʃ k j i ]_w
[_w v a n s t o ]_w
[_w p j e lʲ k s e nʲ ]_w
[_w k a tʃ a m o ]_w
[_w tʲ e j a d ]_w
[_w j i s tʲ a m o ]_w
[_w nʲ e sʲ ]_w
[_w tʲ e ʃ t tʲ ]_w
[_w sʲ k a m o ]_w
[_w m a k s nʲ i tʲ ]_w
[_w l o d k j i ]_w
[_w o s n o m a ]_w
[_w k a ʒ a t a d o ]_w
[_w p a l i tʲ ]_w
[_w t u sʲ ]_w
[_w tʲ e j s t e ]_w
[_w e zʲ i k ]_w
[_w p j e lʲ k s e s ]_w
[_w j i o a n n d o ]_w
[_w k o d u ]_w
[_w s a j s tʲ ]_w
[_w e j s t e nʲ ]_w
[_w t u k ʃ n i ]_w
[_w p a ʃ a sʲ ]_w
[_w tʲ i v a s tʲ ]_w
[_w e rʲ i tʲ e ]_w
[_w tʲ e v t nʲ e tʲ e ]_w
[_w t a p a m s ]_w
[_w k u n d a zʲ ]_w
[_w m j e lʲ e dʲ ]_w
[_w v j e r tʲ ]_w
[_w a v o lʲ i sʲ e ]_w
[_w t u v o ]_w
[_w sʲ e dʲ e j ]_w
[_w tʲ e j e v tʲ ]_w
[_w tʃ u m o n d i dʲ ]_w
[_w tʃ a rʲ ɡ o tʲ s i ]_w
[_w k o r t i tʲ ]_w
[_w e m j e ]_w
[_w n u j a d ]_w
[_w o m p o n s t ]_w
[_w ɡ j e lʲ a v t i ]_w
[_w m o t a sʲ ]_w
[_w j i lʲ i ]_w
[_w a n t i ]_w
[_w b j i rʲ e ]_w
[_w u tʃ j i n tʲ ]_w
[_w sʲ e j e rʲ e s tʲ ]_w
[_w p u r n a m o ]_w
[_w v a s nʲ a ]_w
[_w o z n o m s ]_w
[_w lʲ e j s e tʲ ]_w
[_w j a m ɡ s o nʲ ]_w
[_w tʲ e j e ]_w
[_w lʲ e s t i tsʲ a ]_w
[_w v j e n z d ]_w
[_w tʲ e j e s e nʲ ]_w
[_w lʲ e s t i tsʲ a d ]_w
[_w k o n a sʲ ]_w
[_w tʲ e j i tsʲ a t ]_w
[_w ʃ n a v j i ]_w
[_w s a l a v t i tʲ ]_w
[_w n o l d i sʲ e ]_w
[_w m u r d a z o ]_w
[_w j a r m a ]_w
[_w u d o m a ]_w
[_w z a t n i ]_w
[_w tʃ j i s e k s ]_w
[_w k o r d i nʲ e ]_w
[_w d a m a rʲ ]_w
[_w v a v j i ]_w
[_w p j e ʃ j e s t ]_w
[_w b o p ]_w
[_w r u n k o sʲ ]_w
[_w a l t a m o ]_w
[_w j u r o n s o ]_w
[_w l a z dʲ e nʲ ]_w
[_w v j e lʲ e n tʲ ]_w
[_w s r a lʲ e s e ]_w
[_w k u l o ]_w
[_w tʲ e n tʲ ]_w
[_w a l a m o t ]_w
[_w n u rʲ ɡ j i s e ]_w
[_w n a r o d o nʲ ]_w
[_w sʲ e k s k a ]_w
[_w k a s nʲ e s tʲ ]_w
[_w lʲ e m dʲ i sʲ ]_w
[_w k a n d o m a ]_w
[_w nʲ i k o dʲ i ]_w
[_w tʲ e j e k s ]_w
[_w t o r a m o nʲ ]_w
[_w p j e ʃ j e dʲ e ]_w
[_w p j e tsʲ a ]_w
[_w k a j a sʲ ]_w
[_w sʲ i sʲ e m a ]_w
[_w lʲ i zʲ i lʲ tʲ ]_w
[_w e zʲ e s ]_w
[_w t a m a ʃ a z dʲ ]_w
[_w n u tsʲ k a n s o ]_w
[_w m o r i tʲ ]_w
[_w k o m a zʲ ]_w
[_w tʲ e j nʲ i lʲ ]_w
[_w z a m s ]_w
[_w v a ʒ o dʲ a n ]_w
[_w v j i n a d o j ]_w
[_w k u t o d nʲ e ]_w
[_w v o j n a d o ]_w
[_w k u r o s o ]_w
[_w o j u m a rʲ e nʲ ]_w
[_w ɡ j e t sʲ ]_w
[_w t u v t o k s ]_w
[_w v a n i tsʲ a k s ]_w
[_w p a ʃ a d a d o ]_w
[_w v a n d i n zʲ e ]_w
[_w nʲ e v tʲ i sʲ e ]_w
[_w k a d i n zʲ ]_w
[_w a l d i m a n tʲ ]_w
[_w l a m o d ]_w
[_w p j i lʲ e n s e ]_w
[_w s o d o ]_w
[_w t i n zʲ k a k ]_w
[_w k a d t a d i sʲ ]_w
[_w tʲ e j dʲ ]_w
[_w nʲ e v t tʲ a d o ]_w
[_w j a k s ]_w
[_w u tsʲ a z t ]_w
[_w k a n d a j a ]_w
[_w p o n tʲ i j ]_w
[_w m a rʲ a m ɡ a ]_w
[_w k ʃ j i nʲ e nʲ ]_w
[_w u lʲ tʲ a d o ]_w
[_w k a t o v o sʲ ]_w
[_w m j e j e n k ]_w
[_w j u d k o v a ]_w
[_w ɡ j i r tʲ a n ]_w
[_w k a l m o s t o ]_w
[_w m j e s t e ]_w
[_w v a n d i dʲ ]_w
[_w p j e lʲ t nʲ e ]_w
[_w r a k ʃ a sʲ ]_w
[_w sʲ e k j e nʲ ]_w
[_w ʃ k a z d ]_w
[_w m a k s o v ]_w
[_w k a r d i ]_w
[_w k a ʃ a ]_w
[_w p a p a nʲ ]_w
[_w rʲ i m j e tʲ ]_w
[_w s i j a n tʲ ]_w
[_w k u n d i zʲ ]_w
[_w rʲ e v j e s tʲ ]_w
[_w k a r k s ]_w
[_w k a l a v a ]_w
[_w k u r o nʲ ]_w
[_w s a j e sʲ ]_w
[_w m a r t o s t ]_w
[_w j a l ɡ a n o k ]_w
[_w tʃ j i n zʲ e ]_w
[_w a zʲ i j a ]_w
[_w lʲ e s t i ]_w
[_w b u d o sʲ ]_w
[_w p a n ʒ o m s ]_w
[_w n u dʲ e j a k ]_w
[_w tʲ e ʃ tʲ e sʲ ]_w
[_w k rʲ e k tʲ k a k ]_w
[_w s a m o s o ]_w
[_w k a j i n e nʲ ]_w
[_w z d a t a n o ]_w
[_w p a ʒ a t o ]_w
[_w t o n a d ]_w
[_w p j i tʲ i tsʲ a ]_w
[_w l o v ]_w
[_w tʲ e lʲ e sʲ e ]_w
[_w k a t i nʲ e ]_w
[_w z o v a zʲ ]_w
[_w sʲ i sʲ e m s ]_w
[_w f a l s o j a k ]_w
[_w u lʲ e z e ]_w
[_w k o j tʲ e m j e ]_w
[_w e m j e nʲ e lʲ ]_w
[_w l a d s o ]_w
[_w v a t rʲ a ]_w
[_w s u rʲ e n tʲ ]_w
[_w tʃ u m o d ]_w
[_w p j e k j e ]_w
[_w k j i r dʲ a n ]_w
[_w t o v a t o ]_w
[_w k u lʲ a d ]_w
[_w l a s tʲ e ]_w
[_w p rʲ a nʲ ]_w
[_w v a l t n e ]_w
[_w ɡ o r d i dʲ ]_w
[_w d a r a nʲ ]_w
[_w m j e j e n ɡ ]_w
[_w sʲ u l m a v o zʲ ]_w
[_w s i r ɡ o s o d ]_w
[_w a l a ʃ a s o ]_w
[_w p u t t a n ]_w
[_w a z o d i tsʲ a ]_w
[_w k o d a t a ]_w
[_w k u tʃ j i tʲ ]_w
[_w tʃ a m a s i j ]_w
[_w k j e sʲ ]_w
[_w m o lʲ i nʲ e k ]_w
[_w e r sʲ a d ]_w
[_w p u t sʲ ]_w
[_w j i o a n n t o ]_w
[_w k j i r dʲ e nʲ ]_w
[_w k o n tʲ a d ]_w
[_w k o d a t o ]_w
[_w o r ɡ o tʲ e ]_w
[_w m o d a n o ]_w
[_w k u t o k s ]_w
[_w a l a m o ʃ k a ]_w
[_w p a v j e l ]_w
[_w a p o l l o z ]_w
[_w s i n tʲ e n k ]_w
[_w s o t a n ]_w
[_w t a r ɡ a sʲ ]_w
[_w t a v o l ]_w
[_w p a z d n e ]_w
[_w s a t o j a ]_w
[_w p j i t nʲ e nʲ ]_w
[_w k j e k s t a sʲ ]_w
[_w tʃ u m o z t ]_w
[_w a v o lʲ i nʲ ]_w
[_w s a m o ]_w
[_w j a r m a v a ]_w
[_w a r t u r ]_w
[_w n o l t i sʲ ]_w
[_w e lʲ i ]_w
[_w s r a d sʲ ]_w
[_w nʲ i zʲ ]_w
[_w k u t a z o ]_w
[_w sʲ i sʲ e m ]_w
[_w k j i tʃ a j ]_w
[_w p a s t o n tʲ ]_w
[_w tʃ a p a k s ]_w
[_w m o s k o v o nʲ ]_w
[_w t u j e m a t o ]_w
[_w k a n d s i nʲ ]_w
[_w t a ɡ j i l a d ]_w
[_w u m a rʲ e zʲ e lʲ ]_w
[_w sʲ a r t o j a k ]_w
[_w v a l s t o ]_w
[_w a v a d ]_w
[_w tʃ j i t nʲ e tʲ e ]_w
[_w tʃ a tʃ j i s ]_w
[_w a s o r o zʲ ]_w
[_w b j e ʒ dʲ a t o ]_w
[_w u rʲ e n tʲ ]_w
[_w v j e r sʲ e sʲ ]_w
[_w m a rʲ a z dʲ ]_w
[_w o ʃ o v ]_w
[_w k j e m a s ]_w
[_w m o n zʲ k a k ]_w
[_w s i j a n o n tʲ ]_w
[_w sʲ e sʲ e v j i nʲ ]_w
[_w j a r s a k ]_w
[_w k u t o s o ]_w
[_w k o r t a t nʲ e ]_w
[_w p u k a d ]_w
[_w k j i nʲ e nʲ ]_w
[_w j i nʲ a z o r o ]_w
[_w j a r s i tsʲ a ]_w
[_w s a m o n z o ]_w
[_w sʲ i m j i tʲ ]_w
[_w t u j e m a s ]_w
[_w t u k ʃ n o ]_w
[_w a n d o zʲ ]_w
[_w t a r k a m a ]_w
[_w v a l d o m a ]_w
[_w l o v o m s ]_w
[_w m a rʲ i sʲ e ]_w
[_w sʲ u k p rʲ a ]_w
[_w t o r o d ]_w
[_w m o n sʲ e nʲ ]_w
[_w d i nʲ ]_w
[_w s a k ʃ n o z dʲ ]_w
[_w s a j i zʲ e ]_w
[_w k u t o k ]_w
[_w lʲ i z nʲ e zʲ ]_w
[_w v j i dʲ m j e dʲ ]_w
[_w o m b o tsʲ e sʲ ]_w
[_w m j i nʲ e sʲ ]_w
[_w s o l a sʲ ]_w
[_w p j e ʃ tʲ i tʲ ]_w
[_w p rʲ a d o zʲ ]_w
[_w s i r nʲ e nʲ ]_w
[_w m o lʲ e dʲ e ]_w
[_w m j i nʲ e ]_w
[_w v a l o d ]_w
[_w a v a n z d i ]_w
[_w k a n d a t s tʲ ]_w
[_w a v a nʲ ]_w
[_w p a k ʃ a n tʲ ]_w
[_w tʲ e v j e j ]_w
[_w s i nʲ e n ɡ ]_w
[_w u lʲ e tʲ e ]_w
[_w e r zʲ a nʲ ]_w
[_w d o n a v t o v ]_w
[_w k j e lʲ tʲ ]_w
[_w e zʲ e nʲ e nʲ ]_w
[_w k j i r t s tʲ ]_w
[_w k j i tʃ a zʲ ]_w
[_w j u t k s o z o ]_w
[_w nʲ i k o dʲ i dʲ ]_w
[_w k a t t a t o ]_w
[_w v j i j t nʲ e nʲ ]_w
[_w m a s i ]_w
[_w a l k a j ]_w
[_w e j z e ]_w
[_w lʲ e v ɡ s e k s ]_w
[_w l o t o nʲ ]_w
[_w k a t o v j i nʲ ]_w
[_w p a n ɡ d n e ]_w
[_w m o d a n dʲ ]_w
[_w j u t i sʲ ]_w
[_w k j i j e sʲ ]_w
[_w p j i n ɡ j e nʲ ]_w
[_w u s k j i ]_w
[_w e rʲ i a l ]_w
[_w o j m j e s e dʲ ]_w
[_w k o l i ]_w
[_w v a r m a sʲ ]_w
[_w tʲ e j ]_w
[_w o p u tsʲ a n tʲ ]_w
[_w k j i r d s tʲ ]_w
[_w tʲ e j s i ]_w
[_w sʲ a r o ]_w
[_w s o v a t o m s ]_w
[_w o j m a zʲ ]_w
[_w p r a zʲ ]_w
[_w p j e ʃ j e n tʲ ]_w
[_w s a m o d nʲ e nʲ ]_w
[_w k u v a dʲ ]_w
[_w a v a nʲ ɡ s ]_w
[_w a v a j ]_w
[_w s o t a m a r ]_w
[_w k a l d n e ]_w
[_w p a nʲ i n sʲ e ]_w
[_w ʃ k o l a nʲ ]_w
[_w ʃ o ʃ t a ]_w
[_w j a k j i tsʲ a t ]_w
[_w s e rʲ e t sʲ ]_w
[_w k a s nʲ e n s e ]_w
[_w s v a x a n tʲ ]_w
[_w tʃ a z o s t ]_w
[_w k j e m j e tʲ e ]_w
[_w n u tsʲ k a n z o ]_w
[_w k a t a r ]_w
[_w sʲ u k o nʲ i dʲ ]_w
[_w p a n zʲ i tʲ ]_w
[_w e z dʲ ]_w
[_w p a n ɡ o t tʲ ]_w
[_w j i nʲ a s o ]_w
[_w k o r d i tsʲ a d ]_w
[_w j i lʲ i j a d ]_w
[_w t o b a v t i sʲ ]_w
[_w tʲ e j i tʲ ]_w
[_w p a s o m ]_w
[_w r o sʲ ]_w
[_w m a s t o r s o ]_w
[_w t o l k s ]_w
[_w n a v a nʲ k s ]_w
[_w s a n ]_w
[_w rʲ i s k s e sʲ ]_w
[_w k a tʃ a d i k ]_w
[_w e j z e nʲ e k ]_w
[_w nʲ e j e m s t e ]_w
[_w m a r t o ]_w
[_w z i j a n ]_w
[_w tʃ u m o n z o ]_w
[_w lʲ i sʲ i nʲ e k ]_w
[_w lʲ e m t nʲ e dʲ e ]_w
[_w j i z tʲ a m o lʲ ]_w
[_w k o r t a sʲ ]_w
[_w tʲ e j i nʲ ]_w
[_w e r sʲ a nʲ ]_w
[_w p a k ʃ a ]_w
[_w o m b o tsʲ e zʲ ]_w
[_w a v a n tʲ ]_w
[_w p u t i lʲ tʲ ]_w
[_w m o lʲ i tsʲ a ]_w
[_w tʲ e dʲ a s tʲ ]_w
[_w k a r m a k o nʲ ]_w
[_w sʲ e tʲ e j e v sʲ ]_w
[_w p a tʃ k o dʲ e ]_w
[_w m u nʲ a m o nʲ ]_w
[_w tʃ j e v dʲ ]_w
[_w o j m j e ]_w
[_w j i n ʒ j i r ]_w
[_w o j m j e nʲ ]_w
[_w k a l ɡ o ]_w
[_w z a l a s o lʲ ]_w
[_w rʲ i s k s e n tʲ ]_w
[_w o lʲ a tʃ j i n tʲ ]_w
[_w j i n ʃ j e nʲ ]_w
[_w j i k j e lʲ dʲ a ]_w
[_w a z o r o n tʲ ]_w
[_w v a j a zʲ ]_w
[_w k a s nʲ e z dʲ ]_w
[_w tʃ u dʲ i ]_w
[_w l o v a ]_w
[_w tʲ u z o nʲ ]_w
[_w m a d v ]_w
[_w s a l a ]_w
[_w a r sʲ i ]_w
[_w s o d a s ]_w
[_w a s o r d n e nʲ ]_w
[_w k j i dʲ e m ]_w
[_w l a z ]_w
[_w m j i x a j i l ]_w
[_w s o n ɡ ]_w
[_w t a r ɡ a d ]_w
[_w s a v k ʃ n i tʲ ]_w
[_w lʲ i s sʲ ]_w
[_w p a l i tsʲ a n tʲ ]_w
[_w k j i j a t a ]_w
[_w s a m o nʲ ]_w
[_w v j i n a z o ]_w
[_w k j i sʲ ]_w
[_w tʃ a tʃ o sʲ ]_w
[_w j a k a s tʲ ]_w
[_w tʲ e r d sʲ ]_w
[_w m o k ʃ a ]_w
[_w k o r d i ]_w
[_w l a s a rʲ e nʲ ]_w
[_w t a k ʃ j e s t ]_w
[_w m j e lʲ e nʲ ]_w
[_w o z n o m a ]_w
[_w t o r a m a m s ]_w
[_w tʃ u rʲ k a ]_w
[_w n a l k sʲ e m a ]_w
[_w m o lʲ tʲ ]_w
[_w j a l k a n ɡ ]_w
[_w k j i lʲ e s ]_w
[_w tʲ e j nʲ a d ]_w
[_w u ʒ o t i dʲ ]_w
[_w a tʲ a nʲ a v j i ]_w
[_w v j i rʲ e nʲ ]_w
[_w t u z t o ]_w
[_w e r sʲ a t nʲ e ]_w
[_w p rʲ a v t n e nʲ ]_w
[_w b u r n a sʲ ]_w
[_w l o v o n tʲ ]_w
[_w k j e dʲ s t e ]_w
[_w l o m a n d ]_w
[_w lʲ i j a nʲ ]_w
[_w k a r m a v a ]_w
[_w sʲ e dʲ e j e nʲ ]_w
[_w p rʲ e v s e ]_w
[_w nʲ e j i dʲ i zʲ ]_w
[_w k j e k s ]_w
[_w m o r o d o ]_w
[_w k o j e n tʲ a sʲ ]_w
[_w p u p a m o ]_w
[_w t a r ɡ a m a ]_w
[_w p a n ʃ o m a ]_w
[_w p a ʃ j i dʲ ]_w
[_w v a l o n tʲ e nʲ ]_w
[_w n u dʲ e j a t ]_w
[_w k j e tʃ j e sʲ ]_w
[_w tʲ e j tʲ ]_w
[_w sʲ e lʲ f j e tʲ i ]_w
[_w s i j a n z o ]_w
[_w m a k s i tsʲ a ]_w
[_w t a k o d a t ]_w
[_w t a p a rʲ a k ]_w
[_w k a t t a t i zʲ ]_w
[_w k o v o n tʲ ]_w
[_w k o r t i tsʲ a d ]_w
[_w o r ɡ a t nʲ e nʲ ]_w
[_w z o v a k ]_w
[_w sʲ e r m a d ]_w
[_w v a n o v t o nʲ ]_w
[_w s o t i lʲ ]_w
[_w l a n ɡ s k a k ]_w
[_w dʲ e r dʲ ]_w
[_w s o n sʲ e nʲ ]_w
[_w l a n ɡ o t ]_w
[_w a v o lʲ i tʲ e ]_w
[_w rʲ i m j e m s ]_w
[_w o r d a m o ]_w
[_w s t a t o ]_w
[_w j a l ɡ a n z o ]_w
[_w v a s t i ]_w
[_w s a j e m k a ]_w
[_w p a k sʲ a t ]_w
[_w m a k s t ]_w
[_w k j e zʲ ]_w
[_w s u dʲ a m o ]_w
[_w l o v a n ]_w
[_w s o v sʲ i tʲ ]_w
[_w p u l o s tʲ ]_w
[_w nʲ e j i tʲ ]_w
[_w e sʲ i n s e ]_w
[_w sʲ a v a d ]_w
[_w a s o r o ]_w
[_w v a zʲ i lʲ i j a ]_w
[_w e j k a k ʃ o nʲ ]_w
[_w m j e zʲ e nʲ e k ]_w
[_w p o b ]_w
[_w k j i r dʲ e tʲ ]_w
[_w m j e lʲ ɡ s t ]_w
[_w r u s o k s ]_w
[_w v a l d n e ]_w
[_w a r zʲ e sʲ ]_w
[_w p a z d n e nʲ ]_w
[_w o z k s o zʲ ]_w
[_w t o n tʲ ]_w
[_w rʲ a t s o ]_w
[_w j i tʲ e n tʲ ]_w
[_w k a j sʲ i tʲ ]_w
[_w k o r d i tsʲ a ]_w
[_w p a n ʒ j i sʲ ]_w
[_w lʲ e j s e z t ]_w
[_w k u tʃ j i tsʲ a ]_w
[_w j u t a zʲ ]_w
[_w e rʲ a v j i ]_w
[_w p o k ʃ tʲ a n ]_w
[_w l o v s i ]_w
[_w s i n sʲ ]_w
[_w a l a m o ]_w
[_w s o d a v j i tʲ ]_w
[_w v a ʃ o n s o ]_w
[_w s o v a v o ]_w
[_w k o m j i dʲ ]_w
[_w ʃ n a m o z d ]_w
[_w t a r k a t nʲ e ]_w
[_w rʲ e dʲ i tsʲ a ]_w
[_w m j e rʲ a m o z ]_w
[_w v a r ʃ t a sʲ ]_w
[_w k u l i ]_w
[_w k o r tʃ j i sʲ ]_w
[_w l o v a t a t o ]_w
[_w p u t nʲ e s e ]_w
[_w e s tʲ ]_w
[_w o r ɡ o dʲ i tʲ ]_w
[_w u lʲ e v j i ]_w
[_w z a j s i n sʲ e ]_w
[_w a s a r sʲ ]_w
[_w s a j s i n zʲ e ]_w
[_w tʲ e tʲ a m o nʲ ]_w
[_w m o r d v i ]_w
[_w k a s i dʲ ]_w
[_w k j e zʲ e m ]_w
[_w p j i tʃ a n tʲ ]_w
[_w nʲ e v tʲ e zʲ ]_w
[_w tʲ e tʲ a n ]_w
[_w m a ʃ t o m k a ]_w
[_w k j e z e ]_w
[_w v j e ʃ nʲ e s tʲ ]_w
[_w tsʲ e tsʲ a n s o ]_w
[_w tʲ e ʒ d a ]_w
[_w k a ʃ a t nʲ e nʲ ]_w
[_w u d a l ɡ a t ]_w
[_w l a v ʃ o d ]_w
[_w o r k o dʲ i dʲ ]_w
[_w lʲ e m s e ]_w
[_w k j i s e z d ]_w
[_w t a r k a z o ]_w
[_w k j i j a k s ]_w
[_w n u tʃ k o ]_w
[_w s o d a t a ]_w
[_w e rʲ a v j i tʲ ]_w
[_w k a s i tsʲ a ]_w
[_w tʲ e j e m a n ]_w
[_w b j e lʲ e zʲ ]_w
[_w j u t k s o n tʲ ]_w
[_w t a r ɡ j i ]_w
[_w m u z i n ɡ ]_w
[_w v j e tʃ k tʲ a n ]_w
[_w p o z a nʲ ]_w
[_w t a n z dʲ ]_w
[_w n a u k a nʲ ]_w
[_w k j e v j i ]_w
[_w b j e ʃ tʲ a sʲ ]_w
[_w s a l i tsʲ a ]_w
[_w k j e rʲ a sʲ ]_w
[_w v j e rʲ e n z e ]_w
[_w p o l o n dʲ ]_w
[_w p j i l a ]_w
[_w k j i r dʲ e n ɡ ]_w
[_w zʲ e k j e ]_w
[_w p j i rʲ e nʲ ]_w
[_w t u j e m a d o ]_w
[_w v j i j s e n ɡ ]_w
[_w k u t o nʲ ]_w
[_w o j e n tʲ ]_w
[_w b u t o m s ]_w
[_w nʲ e z tʲ ]_w
[_w sʲ u l m j i zʲ ]_w
[_w m a k s nʲ e zʲ ]_w
[_w m j e lʲ e s t i ]_w
[_w nʲ e z i n k ]_w
[_w p a l i dʲ ]_w
[_w u ʃ o t i zʲ e ]_w
[_w t a k ʒ j e n tʲ ]_w
[_w k j i n z e ]_w
[_w f j e rʲ e dʲ e ]_w
[_w p a n d i ]_w
[_w j i u dʲ e j a n ]_w
[_w v j i ʃ k a ]_w
[_w b j i rʲ e v ]_w
[_w t u x o v k a s ]_w
[_w m j e rʲ i x o n ]_w
[_w v a j k j e ]_w
[_w a tʲ a d nʲ e ]_w
[_w a r sʲ i j a nʲ ]_w
[_w k a s i tsʲ a zʲ ]_w
[_w p a tʃ tʲ a s tʲ ]_w
[_w o ʒ s o n tʲ ]_w
[_w v a r a v v j i ]_w
[_w e rʲ a sʲ ]_w
[_w m j e j s e ]_w
[_w s u t ]_w
[_w s o k o r ]_w
[_w p o t i tʲ ]_w
[_w k o r d nʲ e s tʲ ]_w
[_w s a j s i ]_w
[_w l a v ʃ o ]_w
[_w z a k ʃ n o zʲ ]_w
[_w t a r v a s ]_w
[_w m a k s o m a ]_w
[_w p rʲ a ]_w
[_w sʲ u r o n z o ]_w
[_w rʲ i sʲ m j e s t ]_w
[_w p a n zʲ a d ]_w
[_w tʲ u s ]_w
[_w ɡ a v t ]_w
[_w m a z i j s t e ]_w
[_w lʲ e z d a m o sʲ ]_w
[_w n o l t a ]_w
[_w o r m a d ]_w
[_w j i v a n o nʲ ]_w
[_w s u dʲ a m o lʲ tʲ ]_w
[_w t o r a m a ]_w
[_w p j e lʲ tʲ a ]_w
[_w m o r o t ]_w
[_w b a v o l ]_w
[_w p o l a v ]_w
[_w a s o t i dʲ ]_w
[_w j a l a ]_w
[_w m o lʲ e zʲ ]_w
[_w e zʲ e dʲ ]_w
[_w p j e n s tʲ a sʲ ]_w
[_w j i lʲ a t o n tʲ ]_w
[_w p j e tʲ a z dʲ ]_w
[_w s u dʲ i zʲ e ]_w
[_w m o d a m s ]_w
[_w p a n ʒ o m a ]_w
[_w lʲ i s nʲ i tsʲ a nʲ ]_w
[_w m j i r dʲ e s t ]_w
[_w nʲ e j a v o m s ]_w
[_w t i nʲ e n z e ]_w
[_w u sʲ i j a ʃ t i ]_w
[_w a r sʲ e m a sʲ ]_w
[_w v a rʲ a v a ]_w
[_w a ʒ o z o ]_w
[_w lʲ e s e s ]_w
[_w v a nʲ ɡ s s t e ]_w
[_w tʲ e s e nʲ ]_w
[_w p a n zʲ e m s ]_w
[_w r u n k o ]_w
[_w p a nʲ e m a ]_w
[_w u lʲ e f j e zʲ ]_w
[_w nʲ e j a v s tʲ ]_w
[_w l a m o t nʲ e ]_w
[_w p r o m k s ]_w
[_w v a n s t o v sʲ ]_w
[_w o z n i ]_w
[_w p j e rʲ ɡ a ]_w
[_w k o l o ]_w
[_w v j i t ]_w
[_w v a n s t k a k ]_w
[_w a n k j e ]_w
[_w v a sʲ e n tsʲ e ]_w
[_w v a ʃ o d sʲ ]_w
[_w dʲ e nʲ e k ]_w
[_w s tʲ a k o k s ]_w
[_w k rʲ e k t nʲ e nʲ ]_w
[_w m a l a v t ]_w
[_w k j e dʲ i ]_w
[_w p j e n z e ]_w
[_w tʲ e r dʲ i n ɡ ]_w
[_w l o b a ]_w
[_w k u t o v a n ]_w
[_w k u lʲ a d o ]_w
[_w x rʲ i s t o z ]_w
[_w j u t a m o sʲ ]_w
[_w tʲ e j tʲ a t o ]_w
[_w p r a t ]_w
[_w k a d o v j i lʲ ]_w
[_w k a j tʲ e v ]_w
[_w k j e lʲ e nʲ ]_w
[_w m j e rʲ e dʲ e ]_w
[_w p sʲ i s t ]_w
[_w s a j e zʲ e zʲ ]_w
[_w s a v t o m s ]_w
[_w v a l o v j i nʲ ]_w
[_w tʃ j e v tʲ e z d ]_w
[_w k a r m a v t ]_w
[_w nʲ e j i tsʲ a sʲ ]_w
[_w m j e z e ]_w
[_w m j e nʲ e ]_w
[_w k j e lʲ e n s e ]_w
[_w v a ʒ o tʲ a n ]_w
[_w k j e lʲ e s ]_w
[_w tʃ j i z e s t ]_w
[_w v j e lʲ m j e ]_w
[_w tʃ a n s tʲ e nʲ ]_w
[_w nʲ e j a d ]_w
[_w e zʲ e tʲ ]_w
[_w j u t i sʲ e ]_w
[_w k j e r ʃ ]_w
[_w l o d k a d o ]_w
[_w s i v j e zʲ ]_w
[_w k u n d i zʲ e ]_w
[_w s o t i lʲ i sʲ ]_w
[_w tʲ e j nʲ e s tʲ ]_w
[_w tʲ u rʲ m a z o ]_w
[_w k a ʒ o v ]_w
[_w k a l m j i zʲ e ]_w
[_w s i nʲ e n k ]_w
[_w tʲ u rʲ m a s o ]_w
[_w tʲ e dʲ a n z o ]_w
[_w o t o v ]_w
[_w d a r ɡ j i ]_w
[_w tʲ e nʲ s e ]_w
[_w u l o v a ]_w
[_w lʲ i v t nʲ i ]_w
[_w s i tsʲ a sʲ ]_w
[_w s e v j i nʲ ]_w
[_w k j i r dʲ e dʲ ]_w
[_w t u x o v k a z ]_w
[_w l o v o m a ]_w
[_w k j e nʲ ]_w
[_w p a ʒ a m o s ]_w
[_w k j e lʲ ]_w
[_w v j i tʲ s ]_w
[_w p a tʃ k o dʲ i ]_w
[_w s a t i dʲ ]_w
[_w s t o lʲ e s tʲ ]_w
[_w lʲ e p ʃ tʲ i dʲ ]_w
[_w k j i j a t ]_w
[_w p j i t nʲ e ]_w
[_w k j e rʲ a m s ]_w
[_w tʲ e j k a k ʃ t ]_w
[_w tʃ j i d nʲ e ]_w
[_w sʲ e dʲ e j e ]_w
[_w v j e tʃ k j e ]_w
[_w p j e s ]_w
[_w tʲ e j s ]_w
[_w k o r t a t ]_w
[_w m a r o zʲ ]_w
[_w t a n n o j ]_w
[_w d a lʲ i k a ]_w
[_w d a m a ʒ a ]_w
[_w b j i rʲ e s e ]_w
[_w tʲ e j e m a nʲ ]_w
[_w e m j e m s t e ]_w
[_w k j e ʃ s e ]_w
[_w p rʲ a d o m s ]_w
[_w v j i tʲ e nʲ ]_w
[_w k o l m o tsʲ e sʲ ]_w
[_w k a j i tʲ i ]_w
[_w k o d a m o t ]_w
[_w v j e rʲ e z t ]_w
[_w p a n ʒ j i zʲ ]_w
[_w ʃ u m p r a ]_w
[_w n u zʲ a k s ]_w
[_w s a l m u ɡ s ]_w
[_w tʃ u v t o z d o ]_w
[_w o s i dʲ ]_w
[_w t a m a ʒ a z dʲ ]_w
[_w s o d a s a ]_w
[_w s e tʲ m j e ]_w
[_w nʲ i z e ]_w
[_w p a ʃ j i tʲ e zʲ ]_w
[_w v j e ʃ s e ]_w
[_w tʃ u m o z t o ]_w
[_w tʃ a tʃ o m a ]_w
[_w lʲ i zʲ i lʲ ]_w
[_w p j e lʲ ɡ s e nʲ ]_w
[_w k a r m a ]_w
[_w a v o lʲ i tʲ ]_w
[_w v j e rʲ e sʲ ]_w
[_w v a l t o s o nʲ ]_w
[_w k u l o m a n ɡ ]_w
[_w a ʒ dʲ i tsʲ a k s ]_w
[_w p u d o zʲ ]_w
[_w m a k s i dʲ ]_w
[_w k a d o ]_w
[_w m a l a s i ]_w
[_w l a dʲ a m o sʲ ]_w
[_w e sʲ e s ]_w
[_w p ʃ k a tʲ e m s ]_w
[_w k j i r dʲ e n k ]_w
[_w k j e lʲ s e nʲ ]_w
[_w e v j e ]_w
[_w m j e lʲ e n k ]_w
[_w u tʃ o ]_w
[_w a r sʲ e m a ]_w
[_w t a r k a s a nʲ ]_w
[_w ʃ k o l a s o ]_w
[_w tʲ e ʃ t nʲ e ]_w
[_w tʃ o b o tʲ e z e ]_w
[_w p a n d o nʲ ]_w
[_w s o t a z i dʲ ]_w
[_w ʃ k o l a v t i ]_w
[_w a n ɡ j e ]_w
[_w u tʃ a n ]_w
[_w tʲ e dʲ a nʲ k a k ]_w
[_w k a r ʃ o ]_w
[_w tʲ e j nʲ i dʲ ]_w
[_w t a k ʃ j e nʲ ]_w
[_w a r a v v a ]_w
[_w k u tʃ o sʲ e lʲ tʲ ]_w
[_w j i z nʲ a s i ]_w
[_w s u t o nʲ ]_w
[_w t o n a tʃ j i v ]_w
[_w s a n o n dʲ ]_w
[_w nʲ e z i sʲ ]_w
[_w sʲ u k o nʲ a z dʲ ]_w
[_w m a k s nʲ e m s ]_w
[_w b o dʲ a n ]_w
[_w p a z nʲ e ]_w
[_w tʲ e j nʲ e s e ]_w
[_w s a k ʃ n o ]_w
[_w p rʲ a v t o n tʲ ]_w
[_w u lʲ e m a d ]_w
[_w sʲ e lʲ m j e n tʲ ]_w
[_w e rʲ a m o sʲ ]_w
[_w s o t a m a ʃ a ]_w
[_w z v a x a n tʲ ]_w
[_w o s a k ]_w
[_w v j i j nʲ e z e ]_w
[_w m o lʲ i dʲ ]_w
[_w u lʲ i ]_w
[_w ɡ a z nʲ e s t e ]_w
[_w rʲ e v j e n z e ]_w
[_w k a t a r a d t ]_w
[_w o r ʃ a m o zʲ ]_w
[_w v a z d ]_w
[_w k nʲ i ʒ n o j ]_w
[_w a ʃ tʲ e v j e nʲ ]_w
[_w a z o r o t nʲ e ]_w
[_w m a s i j ]_w
[_w p a k ʃ a nʲ ]_w
[_w m j e tʲ a s t ]_w
[_w r u n ɡ o n z o ]_w
[_w a n o k o lʲ tʲ ]_w
[_w a s o r t n e nʲ ]_w
[_w e zʲ e n dʲ ]_w
[_w s o d a z i dʲ ]_w
[_w s a j e m a t ]_w
[_w tʲ e j i n sʲ e ]_w
[_w s i dʲ ]_w
[_w j a l ɡ o d o ]_w
[_w p j i rʲ e z e ]_w
[_w a ʃ tʲ i tsʲ a ]_w
[_w lʲ e s t a m o ]_w
[_w m a l a v a ]_w
[_w tʲ e n s t ]_w
[_w s o d i zʲ e ]_w
[_w k ʃ j i d nʲ e ]_w
[_w j i o a n n ]_w
[_w s a j e v j i ]_w
[_w ɡ j i r dʲ e tʲ e ]_w
[_w p j i ʒ dʲ e m s ]_w
[_w k a d s i n ɡ ]_w
[_w sʲ e j e tʲ e sʲ ]_w
[_w j a r m a n dʲ ]_w
[_w t a r ɡ o z o ]_w
[_w v j e zʲ e s t e ]_w
[_w p j e s n a sʲ ]_w
[_w lʲ i zʲ e m a ]_w
[_w m o lʲ e m a lʲ ]_w
[_w m o r i tsʲ a ]_w
[_w k o rʲ m a k a j ]_w
[_w r a sʲ k j e n dʲ ]_w
[_w tʲ e j nʲ i tsʲ a t ]_w
[_w tʃ a tʃ u m a ]_w
[_w lʲ i j a s t o r ]_w
[_w t a r k a m ]_w
[_w nʲ e ʒ j e dʲ i ]_w
[_w j i dʲ e dʲ ]_w
[_w lʲ e m tʲ a t o ]_w
[_w m o n zʲ ]_w
[_w sʲ e s t e n z e ]_w
[_w o z i nʲ e k ]_w
[_w j a k a z dʲ ]_w
[_w v a l t o sʲ ]_w
[_w v j e dʲ e nʲ e k ]_w
[_w p u r t a z dʲ ]_w
[_w ʃ k a z ]_w
[_w t o v a n ]_w
[_w p rʲ a d i n ɡ ]_w
[_w k a p o dʲ e m s ]_w
[_w d o n a t nʲ e ]_w
[_w r o d a ]_w
[_w m j i n u d a t ]_w
[_w p u t i n k ]_w
[_w b a rʲ e n z e ]_w
[_w p a l i ]_w
[_w k j i tʲ ]_w
[_w j a k j i tsʲ a ]_w
[_w p rʲ a v t o k s ]_w
[_w nʲ e j i zʲ e ]_w
[_w o t s ]_w
[_w u ʒ o d i dʲ ]_w
[_w k ʃ j i zʲ e ]_w
[_w o s n o zʲ ]_w
[_w tsʲ i dʲ a r t o ]_w
[_w lʲ e s k s k j e ]_w
[_w s i r k a s t o ]_w
[_w ɡ a l m o z d ]_w
[_w tʲ e r tʲ i dʲ ]_w
[_w nʲ e j e m a ]_w
[_w s o v a v j i nʲ ]_w
[_w a r sʲ i j a k s ]_w
[_w p a n ʃ o m s ]_w
[_w j a ɡ a ]_w
[_w s a v sʲ ]_w
[_w sʲ u l m a v o sʲ ]_w
[_w s o v a d o m s ]_w
[_w v j e rʲ e k s ]_w
[_w o j m j e n a ]_w
[_w v j i n a n tʲ ]_w
[_w k o j s e n s e ]_w
[_w m j e rʲ e sʲ ]_w
[_w o r ʃ a m o z ]_w
[_w s a j e v j i nʲ ]_w
[_w p a ʒ a sʲ ]_w
[_w lʲ e m j e n a ]_w
[_w k a ʃ a d o ]_w
[_w ʃ k a s t ]_w
[_w k j e dʲ e ]_w
[_w s o n zʲ ]_w
[_w l o v j i nʲ e ]_w
[_w b j e lʲ s e ]_w
[_w k o r t a m o t ]_w
[_w v a n n a s ]_w
[_w tʲ e ʒ d tʲ ]_w
[_w s a m o n tʲ ]_w
[_w j i dʲ e tʲ ]_w
[_w k o ʃ t o zʲ ]_w
[_w a r sʲ e s tʲ ]_w
[_w v j i zʲ k s ]_w
[_w p j i l a d ]_w
[_w m j e j e lʲ tsʲ e ]_w
[_w t o l ]_w
[_w p j e ]_w
[_w v j e lʲ a n z o ]_w
[_w t o r o s t ]_w
[_w k o v o zʲ ]_w
[_w j a r s a m o d ]_w
[_w p a z o t i zʲ ]_w
[_w p u t s i sʲ ]_w
[_w sʲ e nʲ e k ]_w
[_w n u l k o dʲ ɡ s ]_w
[_w s u r o n z o ]_w
[_w e r sʲ i dʲ e n tʲ ]_w
[_w sʲ e d nʲ e ]_w
[_w s a m a m ]_w
[_w p sʲ i dʲ e ]_w
[_w p j e lʲ tʲ e s t ]_w
[_w v j i dʲ e n dʲ ]_w
[_w tʃ a tʃ o n z o ]_w
[_w o s a tʲ a t nʲ e ]_w
[_w j i tʲ i tsʲ a k s ]_w
[_w s tʲ a sʲ ]_w
[_w p j e lʲ i dʲ ]_w
[_w tʲ e tʲ a n dʲ ]_w
[_w k j i r dʲ i dʲ ]_w
[_w v a l d o m o ]_w
[_w k a s i tʲ ]_w
[_w u lʲ e sʲ e ]_w
[_w s a d i ]_w
[_w p a n ʒ j i r ]_w
[_w z a v k ʃ n i ]_w
[_w j a r s i ]_w
[_w lʲ i j a n tʲ ]_w
[_w m a z d o r o d ]_w
[_w p a n t o n dʲ ]_w
[_w k j e lʲ e v ]_w
[_w k u t a z o nʲ ]_w
[_w t a n d a n ]_w
[_w v a k s t ]_w
[_w tʃ a rʲ k o tʲ i dʲ ]_w
[_w j e lʲ e z ]_w
[_w tʃ a tʃ o zʲ ]_w
[_w v j e lʲ e j ]_w
[_w k u t o v t ]_w
[_w m o s k o ]_w
[_w e j s t e nʲ e k ]_w
[_w s k j i lʲ dʲ ]_w
[_w k a z nʲ e ]_w
[_w p j i lʲ ɡ j e ]_w
[_w k a n t s i nʲ ]_w
[_w v a n o t o ]_w
[_w l o m a n ɡ ]_w
[_w r u n k o t tʲ ]_w
[_w sʲ e z e ]_w
[_w j i j e v tʲ ]_w
[_w k j e rʲ i tsʲ a ]_w
[_w a l ɡ a zʲ ]_w
[_w m a k s nʲ e dʲ ]_w
[_w k o j dʲ e m ]_w
[_w v j e tʲ a zʲ ]_w
[_w j e n d o ]_w
[_w k a j dʲ e v ]_w
[_w k u n d sʲ e m s ]_w
[_w nʲ e j i sʲ ]_w
[_w v j i rʲ e s e zʲ ]_w
[_w p o dʲ e z e ]_w
[_w tʃ u v a r ]_w
[_w p j i ʃ t lʲ e k ]_w
[_w m o r i tsʲ a zʲ ]_w
[_w p a tʃ k a n z o ]_w
[_w p j i zʲ e m a ]_w
[_w a l ɡ u k s ]_w
[_w p j e ʒ dʲ i ]_w
[_w s l o v a rʲ ]_w
[_w r a k ʃ n i tʲ ]_w
[_w n a r d i ]_w
[_w s o v a sʲ ]_w
[_w tʲ e j tʲ a d i zʲ ]_w
[_w d a k ʃ j e ]_w
[_w p u k a ]_w
[_w tʃ u r o s t ]_w
[_w s o d a d a n a ]_w
[_w p a n ʃ j i dʲ ]_w
[_w p u d t a n ]_w
[_w z a j e zʲ e ]_w
[_w p a n ʃ o sʲ ]_w
[_w m u z i ]_w
[_w k a n z o ]_w
[_w v a tʃ sʲ ]_w
[_w dʲ e j tʲ ]_w
[_w p u r n i dʲ ]_w
[_w r a d o ]_w
[_w m j e rʲ e k ]_w
[_w z a j s i ]_w
[_w k j e m j e s tʲ ]_w
[_w p a rʲ t nʲ e nʲ ]_w
[_w tʲ e j nʲ i tsʲ a d ]_w
[_w e v j e nʲ ]_w
[_w t a r ɡ o s o t ]_w
[_w v j e ʃ nʲ e z dʲ ]_w
[_w p a rʲ e n dʲ ]_w
[_w k o n a nʲ s e ]_w
[_w m j i r dʲ e s e ]_w
[_w nʲ e z i ]_w
[_w p r o k a s a nʲ ]_w
[_w l o m a nʲ e k s ]_w
[_w k o tʃ k j i tʲ ]_w
[_w tʲ e v j e s s e ]_w
[_w e m j e m ]_w
[_w v a n i tsʲ a ]_w
[_w nʲ e j i tʲ i ]_w
[_w v a j a s tʲ ]_w
[_w lʲ i zʲ e m a sʲ ]_w
[_w v a r ʃ t a d o ]_w
[_w z a m o zʲ ]_w
[_w t a n d a d ]_w
[_w s o r n o m a ]_w
[_w nʲ e j a t ]_w
[_w t a r ɡ a m ]_w
[_w r u n ɡ o s o ]_w
[_w tʃ a rʲ ɡ o dʲ e ]_w
[_w t o n a v t s i ]_w
[_w v j e dʲ e ʃ k a ]_w
[_w m a ʒ d o zʲ e lʲ ]_w
[_w lʲ i j a k a ]_w
[_w tʲ e j e m j e ]_w
[_w v j e dʲ e zʲ ]_w
[_w lʲ e s t a z tʲ ]_w
[_w v a j a sʲ ]_w
[_w tʲ e v j e zʲ e nʲ ]_w
[_w k j e tʲ s e ]_w
[_w tsʲ e tsʲ i ]_w
[_w o dʲ m a ]_w
[_w p j e ʒ dʲ e ]_w
[_w p j i tʲ e n tʲ ]_w
[_w k a n d i sʲ e ]_w
[_w m o lʲ a d ]_w
[_w v j e t tʲ ]_w
[_w p a tʃ k ]_w
[_w t a m a s k ]_w
[_w k a l k o ]_w
[_w e nʲ a l d a sʲ ]_w
[_w j i z tʲ a d o ]_w
[_w e r zʲ a d nʲ e ]_w
[_w k o d a j a k ]_w
[_w v j e dʲ e nʲ ]_w
[_w v j i n sʲ e ]_w
[_w v j e nʲ e lʲ ]_w
[_w sʲ u p a v t s i ]_w
[_w j a v a t ]_w
[_w m o n tʲ e nʲ ]_w
[_w m a r t a ]_w
[_w j i o zʲ i v ]_w
[_w tʲ e j e zʲ e zʲ ]_w
[_w p a n zʲ e m a sʲ ]_w
[_w t u v t o m s ]_w
[_w sʲ u k o nʲ a s tʲ ]_w
[_w sʲ u p a v ]_w
[_w m o r k a ]_w
[_w z o d i sʲ ]_w
[_w lʲ i z nʲ i sʲ e ]_w
[_w k u lʲ a n tʲ e nʲ ]_w
[_w k u n ʃ k a nʲ ]_w
[_w l o v o n z o ]_w
[_w lʲ i j a n dʲ ]_w
[_w s a j s i zʲ ]_w
[_w tʲ e j e m k a ]_w
[_w tʲ e tʲ a d o ]_w
[_w v a d nʲ i n zʲ e ]_w
[_w j i s tʲ a ʃ o ]_w
[_w v j i j s e tʲ ]_w
[_w e r sʲ a t ]_w
[_w s u r k s ]_w
[_w u t i tsʲ a sʲ ]_w
[_w k u t a v t ]_w
[_w v j e ʃ tʲ e n tʲ ]_w
[_w tʲ e j s e ]_w
[_w o ʃ o k o v o nʲ ]_w
[_w l o m a n d n e ]_w
[_w u rʲ e dʲ ]_w
[_w v j e dʲ a z dʲ ]_w
[_w lʲ e z d a sʲ ]_w
[_w a v a r dʲ e ]_w
[_w lʲ i s nʲ e s tʲ ]_w
[_w b j e s ]_w
[_w a ʃ n a s tʲ ]_w
[_w sʲ i j a k ]_w
[_w ʃ t a t o ]_w
[_w r o zʲ e nʲ ]_w
[_w e s tʲ e nʲ e k ]_w
[_w v j i tʲ e zʲ e sʲ ]_w
[_w nʲ e v t tʲ a t o ]_w
[_w nʲ e nʲ ]_w
[_w lʲ i j a zʲ ]_w
[_w m a r d o j a ]_w
[_w k a d o sʲ ]_w
[_w u rʲ e ]_w
[_w t u s t o m o z ]_w
[_w k o r d a m o ]_w
[_w j i o sʲ i v ]_w
[_w a n d i ]_w
[_w r u n ɡ o n tʲ ]_w
[_w tʃ a tʃ j i z ]_w
[_w m a l a s ]_w
[_w f a l o zʲ ]_w
[_w nʲ i k o l a sʲ ]_w
[_w n o l d a m o ]_w
[_w s o t a m o ]_w
[_w m o nʲ e nʲ k a k ]_w
[_w lʲ e p ʃ tʲ i tʲ ]_w
[_w n o l t i k ]_w
[_w tʃ j i z d e ]_w
[_w lʲ e s t a m s ]_w
[_w t a n t a d sʲ ]_w
[_w p j i ʒ j e ]_w
[_w m j e tʲ e ]_w
[_w lʲ i zʲ i nʲ e k ]_w
[_w tʃ j i nʲ e nʲ ]_w
[_w s o f a m o ]_w
[_w k u tʃ j i dʲ ]_w
[_w r a k ʃ a d nʲ e ]_w
[_w o s k s o v j i ]_w
[_w tʃ u m o n d o ]_w
[_w n a v a nʲ ]_w
[_w a l k u k s ]_w
[_w k j e lʲ t nʲ e nʲ ]_w
[_w k a v t o zʲ ]_w
[_w p a k sʲ a n s o ]_w
[_w p a z d o ]_w
[_w u lʲ e m a ]_w
[_w sʲ e rʲ k u ]_w
[_w k rʲ i t e nʲ ]_w
[_w l a s tʲ e nʲ ]_w
[_w k o r t nʲ e s e ]_w
[_w s r a t sʲ ]_w
[_w j i o a n n o nʲ ]_w
[_w u tʃ j i n dʲ e nʲ ]_w
[_w u d a l o ]_w
[_w e r zʲ i ]_w
[_w ʃ n i tʲ ]_w
[_w v a ʃ o sʲ ]_w
[_w k a t o v sʲ ]_w
[_w e rʲ a v o ]_w
[_w s m j i r dʲ a n ]_w
[_w tʃ a rʲ ɡ o dʲ s i ]_w
[_w v j i j e s ]_w
[_w e nʲ a l t s tʲ ]_w
[_w tʲ u s s o ]_w
[_w nʲ e j i ]_w
[_w m j e rʲ e n z e ]_w
[_w k o z d o ]_w
[_w m o t a ]_w
[_w zʲ e dʲ e j a n ]_w
[_w n u dʲ e j s e ]_w
[_w j i n ʒ j e k s ]_w
[_w s u d ]_w
[_w j i j e dʲ e ]_w
[_w v j e dʲ e n tʲ ]_w
[_w nʲ e v dʲ i zʲ e ]_w
[_w t a m a ʃ a ]_w
[_w l a m o d nʲ e nʲ ]_w
[_w k j e t tʲ ]_w
[_w dʲ i r ]_w
[_w d o l o zʲ ]_w
[_w m a z d ]_w
[_w f j i tʲ e ]_w
[_w j i nʲ e sʲ ]_w
[_w o j m j e s t ]_w
[_w k j e m s t e ]_w
[_w m o r a m a m s ]_w
[_w k j e lʲ e nʲ e k ]_w
[_w k j e v j e k s ]_w
[_w p o k ʃ tʲ a n ɡ ]_w
[_w zʲ e rʲ k j i s t ]_w
[_w k u d o sʲ ]_w
[_w sʲ i t o n ]_w
[_w p j i t nʲ e j ]_w
[_w k a d s i ]_w
[_w m a l a v a nʲ ]_w
[_w p rʲ a n s o ]_w
[_w nʲ e j i dʲ e ]_w
[_w dʲ e r dʲ e zʲ ]_w
[_w k j e lʲ e m a z ]_w
[_w k a n t i n sʲ ]_w
[_w tʃ j i s tʲ a k ]_w
[_w s a j e f j i ]_w
[_w p j e tʃ k tʲ a n ]_w
[_w v j i j e ]_w
[_w s nʲ a r t o z d ]_w
[_w p rʲ a t o v o zʲ ]_w
[_w s o v sʲ i ]_w
[_w z o r k ]_w
[_w p u d i zʲ ]_w
[_w e rʲ a v t o v ]_w
[_w l a m b a ]_w
[_w p j e ʃ j e ]_w
[_w e rʲ a v j i nʲ ]_w
[_w s i tsʲ a zʲ ]_w
[_w j a r s t a t o ]_w
[_w s u tʲ a m o ]_w
[_w k j i z e ]_w
[_w s tʲ a m s ]_w
[_w a r zʲ e zʲ ]_w
[_w k u t o d ]_w
[_w l o m a z ]_w
[_w o z n o sʲ ]_w
[_w lʲ e z k s e n dʲ ]_w
[_w n o l d i n sʲ ]_w
[_w u tsʲ a s k a k ]_w
[_w t o n a v t i zʲ ]_w
[_w lʲ e j e n z e ]_w
[_w t o n a v t sʲ ]_w
[_w k j e lʲ s e n dʲ ]_w
[_w a n t o m s ]_w
[_w m j e lʲ e tʲ e ]_w
[_w j u d i ]_w
[_w tʃ u k a dʲ i n ɡ ]_w
[_w t o p r o k ]_w
[_w m j e s e ]_w
[_w e v j e v ]_w
[_w v j e tʃ k a z d ]_w
[_w n o l t i ɡ ]_w
[_w o dʲ m a n tʲ ]_w
[_w lʲ i v tʲ i zʲ ]_w
[_w m a tʲ e sʲ ]_w
[_w t u s t o ]_w
[_w k a ʃ a n ]_w
[_w m j e r tʲ a n o ]_w
[_w k j e v j e ]_w
[_w tʲ e r dʲ i sʲ e ]_w
[_w v j e dʲ i sʲ e ]_w
[_w o z n a n ]_w
[_w tsʲ a r m u nʲ ]_w
[_w k u v a tʲ s ]_w
[_w k j e rʲ a nʲ e nʲ ]_w
[_w k a n d i lʲ i zʲ ]_w
[_w b u j e s t e ]_w
[_w k s tʲ ]_w
[_w tʲ e tʲ a z dʲ ]_w
[_w e f j e tʲ i ]_w
[_w o z a d o lʲ i j ]_w
[_w k j i tʲ e nʲ ]_w
[_w p u d s i sʲ ]_w
[_w k u l o zʲ e n tʲ ]_w
[_w m a k s i zʲ ]_w
[_w s u zʲ i k ]_w
[_w tʲ e v tʲ e ]_w
[_w t a r ɡ a v a ]_w
[_w t i n sʲ k a k ]_w
[_w zʲ i m j e n tʲ ]_w
[_w e r sʲ a k s ]_w
[_w t a r ɡ o s sʲ ]_w
[_w tʲ e j i n zʲ e ]_w
[_w a v a nʲ a m s ]_w
[_w v j e z d ]_w
[_w v j e dʲ e n z t ]_w
[_w tʃ o k ʃ nʲ e ]_w
[_w k a l m o s t ]_w
[_w k a l ɡ o d o ]_w
[_w s e v j i tʲ ]_w
[_w tʲ e v ]_w
[_w j i dʲ i sʲ ]_w
[_w k u m a ʒ a nʲ ]_w
[_w k j e v s tʲ ]_w
[_w v a ʒ o dʲ e zʲ ]_w
[_w tʲ e n ɡ ]_w
[_w k a ʃ t a s t ]_w
[_w j i z dʲ a d o ]_w
[_w v j i t sʲ ]_w
[_w v j e r dʲ a n o ]_w
[_w t u j i nʲ e nʲ ]_w
[_w nʲ e v tʲ i n ɡ ]_w
[_w v j e lʲ e s t ]_w
[_w j i j e n k ]_w
[_w n a dʲ ]_w
[_w nʲ e tʲ a t o ]_w
[_w v a s o l d o ]_w
[_w z a k ʃ n i tʲ ]_w
[_w a k a j j a ]_w
[_w p o z a ]_w
[_w k a l t ]_w
[_w b u t o d ]_w
[_w s o v j i lʲ ]_w
[_w s i r ɡ o z sʲ ]_w
[_w v j i dʲ e nʲ ]_w
[_w sʲ u r o n tʲ ]_w
[_w t a m a r tʲ ]_w
[_w sʲ e nʲ e nʲ ɡ a k ]_w
[_w v j e rʲ e s e nʲ ]_w
[_w p rʲ a m k a ]_w
[_w s n a r t a ]_w
[_w nʲ i ʃ k j e ]_w
[_w tʃ j i tʲ k a k ]_w
[_w m a dʲ j a r o nʲ ]_w
[_w k o j s e n z e ]_w
[_w b r o k ]_w
[_w o s a tʲ a sʲ ]_w
[_w m a z i ]_w
[_w e zʲ e n s e ]_w
[_w tʃ o v o rʲ a zʲ ]_w
[_w p a s n e nʲ ]_w
[_w o s n o sʲ ]_w
[_w o z n o d o ]_w
[_w e j s tʲ k a k ]_w
[_w k a j i sʲ ]_w
[_w t u v o nʲ ]_w
[_w tʃ u m o n d i tʲ ]_w
[_w tʲ e j dʲ e nʲ ]_w
[_w d a l n o zʲ ]_w
[_w k ʃ j i d nʲ e nʲ ]_w
[_w v j i j e v ]_w
[_w v a n z t o m o ]_w
[_w tʃ a j ]_w
[_w tʃ a b a k s ]_w
[_w k u t o v a ]_w
[_w k j e lʲ tsʲ e ]_w
[_w v a z t i n ɡ ]_w
[_w k a d i nʲ e k ]_w
[_w p j e z d ]_w
[_w r u n ɡ o m ]_w
[_w p j e j s e nʲ ]_w
[_w v j e lʲ dʲ e n ɡ ]_w
[_w s a v t a d o ]_w
[_w j a v j i dʲ a d ]_w
[_w r a n k s o ]_w
[_w sʲ e lʲ k j e ]_w
[_w v j e rʲ e dʲ i ]_w
[_w a l t o d o ]_w
[_w v a d rʲ a ]_w
[_w k a v t o v sʲ ]_w
[_w ʃ k a d o v o sʲ ]_w
[_w k o r d a z o ]_w
[_w k u n d a m ɡ a ]_w
[_w k u t o sʲ e lʲ dʲ ]_w
[_w sʲ u p a v t a n ]_w
[_w s o n zʲ e ]_w
[_w k u t o v j i ]_w
[_w p rʲ a m ɡ a k ]_w
[_w k j i z e zʲ ]_w
[_w s a j i ɡ ]_w
[_w sʲ e dʲ e j e tʲ ]_w
[_w a v r a a m o nʲ ]_w
[_w t i n zʲ e ]_w
[_w s v a dʲ b a t o ]_w
[_w u z d a v j i ]_w
[_w v a n t ]_w
[_w lʲ i z sʲ ]_w
[_w p j i n k j e nʲ ]_w
[_w a p o z d o ]_w
[_w v a r m a v t o ]_w
[_w m j e k ʃ j e nʲ ]_w
[_w tʲ e r tʲ i zʲ e ]_w
[_w m o d a zʲ ]_w
[_w m u j e v j e nʲ ]_w
[_w v j i j e n k ]_w
[_w u lʲ nʲ i nʲ e k ]_w
[_w b j e lʲ e z ]_w
[_w t u j e dʲ e zʲ ]_w
[_w v a l s o j a k ]_w
[_w p o k ʃ o nʲ ]_w
[_w l o d k a m o ]_w
[_w m j e zʲ e lʲ dʲ ]_w
[_w k j i s t e n tʲ ]_w
[_w o r ʃ a zʲ ]_w
[_w o r d a zʲ ]_w
[_w k a j a v j i ]_w
[_w lʲ e v j i ]_w
[_w sʲ e tʲ e j s ]_w
[_w a v a r t o j a ]_w
[_w tʲ e j e sʲ e nʲ ]_w
[_w l o m a d nʲ e ]_w
[_w p j e k j e z ]_w
[_w a t a m o nʲ ]_w
[_w p j e n tʃ j e sʲ ]_w
[_w lʲ i j a d a nʲ ]_w
[_w v j e sʲ e nʲ ]_w
[_w j u d a sʲ ]_w
[_w j u d a m s ]_w
[_w lʲ e s e k s ]_w
[_w t o l s ]_w
[_w r o s sʲ i j a k ]_w
[_w m o r a zʲ ]_w
[_w s e p j e tʲ i tʲ ]_w
[_w b j e lʲ tʲ ]_w
[_w p rʲ a v t o v sʲ ]_w
[_w e sʲ i z d ]_w
[_w k j i n zʲ e ]_w
[_w p sʲ i z d e ]_w
[_w o r m a nʲ ]_w
[_w j i j e n tʲ ]_w
[_w o s a dʲ a sʲ ]_w
[_w k j e dʲ s ]_w
[_w k j e ʃ j i sʲ ]_w
[_w p a ʃ a s o ]_w
[_w j a v o ]_w
[_w j i nʲ e tʃ j i zʲ ]_w
[_w nʲ e ʒ j e dʲ i zʲ ]_w
[_w k u ʃ ]_w
[_w u lʲ i j a zʲ ]_w
[_w t i nʲ ɡ a k ]_w
[_w sʲ a r s k a k ]_w
[_w j i s nʲ i ]_w
[_w v j e lʲ i tsʲ a d ]_w
[_w p a ʃ a n ]_w
[_w tʲ e j nʲ e m j e ]_w
[_w b j i ʃ j e ]_w
[_w k o ʃ t o sʲ ]_w
[_w s o n z o ]_w
[_w rʲ i z k s e n dʲ ]_w
[_w s o d a z i nʲ ]_w
[_w t o v a s t i sʲ ]_w
[_w j i u dʲ e j a k ]_w
[_w k j e dʲ e tsʲ e ]_w
[_w ɡ a j a s a ]_w
[_w p a k sʲ a s t o ]_w
[_w e rʲ i nʲ ]_w
[_w nʲ i n k ]_w
[_w s a j i n k j e ]_w
[_w sʲ e m s ]_w
[_w p a r o m ]_w
[_w k u d o z ]_w
[_w v a l o s t ]_w
[_w k o l sʲ i dʲ ]_w
[_w n o l d i k ]_w
[_w l o v s o zʲ ]_w
[_w a v a z o l ]_w
[_w m o lʲ i tsʲ a d ]_w
[_w tʲ e j nʲ i tsʲ a ]_w
[_w a z o r o zʲ ]_w
[_w p r a m s ]_w
[_w o ʒ o ]_w
[_w tʲ e v j i sʲ ]_w
[_w tʃ a n s tʲ ]_w
[_w nʲ e j k j e nʲ ]_w
[_w v a s nʲ a j a k ]_w
[_w b o k ʃ ]_w
[_w p j e lʲ i k s ]_w
[_w p j e rʲ a n ]_w
[_w n a r d i zʲ e ]_w
[_w lʲ i j a d ]_w
[_w v a l d ]_w
[_w b j i ʒ j e tʲ ]_w
[_w p o dʲ e m s ]_w
[_w v j e n z e ]_w
[_w a p a r o n tʲ ]_w
[_w v a s t i nʲ e k ]_w
[_w k j e r sʲ e ]_w
[_w e k ʃ s e ]_w
[_w u ʃ m a n d nʲ e ]_w
[_w ɡ j e r zʲ e ]_w
[_w a n d o nʲ ]_w
[_w p a n ʒ o v j i ]_w
[_w tʲ i v a zʲ ]_w
[_w s a v o lʲ i nʲ ]_w
[_w p u d o v t ]_w
[_w sʲ e s nʲ e m s ]_w
[_w v a n d a t ]_w
[_w lʲ i sʲ i lʲ tʲ ]_w
[_w e sʲ i sʲ ]_w
[_w p rʲ a sʲ ]_w
[_w v a s o l t o ]_w
[_w u sʲ i j a nʲ ]_w
[_w k a r t o sʲ ]_w
[_w m j e rʲ a sʲ ]_w
[_w p j e ʃ tʲ a t o ]_w
[_w m j e rʲ a m o nʲ ]_w
[_w e nʲ a l t i n ɡ ]_w
[_w ʃ u m b r a k s ]_w
[_w k o tʃ k a zʲ ]_w
[_w k nʲ i k a n tʲ ]_w
[_w s m u s tʲ e nʲ ]_w
[_w ʃ n i dʲ ]_w
[_w t o z k o v ]_w
[_w m o t a zʲ ]_w
[_w m o t a s o ]_w
[_w p o k ʃ k j e ]_w
[_w v j e dʲ e sʲ ]_w
[_w n a v a v t i dʲ ]_w
[_w v a s t i nʲ e ]_w
[_w p u r n a zʲ ]_w
[_w v a r tʃ j i sʲ ]_w
[_w p j i lʲ k s ]_w
[_w tʲ e lʲ e zʲ ]_w
[_w nʲ e s i nʲ e k ]_w
[_w o z a dʲ a ]_w
[_w k j e k ʃ j e sʲ ]_w
[_w e rʲ k j e d tʲ ]_w
[_w v j e rʲ k a ]_w
[_w k j e p j e j ]_w
[_w m a k s o m s ]_w
[_w j a v j i tʲ ]_w
[_w m a ʒ d t a t o ]_w
[_w m o lʲ tʲ a n o ]_w
[_w k ʃ j i tʲ e n tʲ ]_w
[_w k u t a s tʲ ]_w
[_w a tʲ a k ʃ o sʲ ]_w
[_w tʲ e dʲ a n s o ]_w
