[_w ɑ b ɑ ʔ i t ɑ ]_w
[_w h i n ɑ ]_w
[_w j e t e ]_w
[_w h i k ɑ j o ]_w
[_w m u l i j ɑ ]_w
[_w ɑ ɡ i v ɑ d ɑ ]_w
[_w h i n ɑ ʔ ɑ n ɑ ]_w
[_w k i v e ʔ ɑ ]_w
[_w b u d u ]_w
[_w f ɑ i f i ]_w
[_w w ɑ j ɑ i t i ]_w
[_w ɡ ɑ b ɑ l ɑ b ɑ ]_w
[_w m ɑ l ɑ m ɑ ]_w
[_w k ɑ b i ʔ o n ɑ ]_w
[_w ɡ i t ɑ j o ]_w
[_w k i f ɑ i ]_w
[_w ɡ ɑ ɡ ɑ j o ]_w
[_w f i n i k e d i ]_w
[_w h i b u b u t ɑ ]_w
[_w l ɑ u ʔ ɑ ]_w
[_w h i n ɑ t i ]_w
[_w ɑ m ɑ ]_w
[_w ɑ ɡ o t u ]_w
[_w ɡ i n ɑ b o d ɑ ]_w
[_w f o t e ]_w
[_w ɑ ɡ ɑ h e ]_w
[_w h i m ɑ d i j ɑ ]_w
[_w ɡ i n ɑ ]_w
[_w m e j ɑ ]_w
[_w t o n ɑ ]_w
[_w ɑ n ɑ f e t o ]_w
[_w m ɑ n i ]_w
[_w n u w ɑ ]_w
[_w t u l i n e ]_w
[_w t ɑ m ɑ m ɑ ]_w
[_w ɑ n ɑ f e l e ]_w
[_w h i t e d ɑ n e ]_w
[_w l u ɡ ɑ ]_w
[_w n o u n e j ɑ o ]_w
[_w b ɑ b i ]_w
[_w e m o n ɑ ]_w
[_w h i n ɑ j o ]_w
[_w w ɑ f ɑ ]_w
[_w ɡ ɑ i t e w ɑ ]_w
[_w t ɑ m ]_w
[_w ɡ i ʔ ɑ l o v ɑ ]_w
[_w t ɑ m e ]_w
[_w n u w ɑ ɡ u ]_w
[_w u n ɑ ʔ e l ɑ ]_w
[_w ɡ i m ɑ t i ɡ ɑ ]_w
[_w h i ʔ i t ɑ n ɑ ]_w
[_w i v e b u t u ]_w
[_w t ɑ i l o t i ]_w
[_w h i n ɑ t e n i ]_w
[_w e i t ɑ ]_w
[_w ɑ i t e w ɑ ]_w
[_w h i d e v ɑ m ɑ ]_w
[_w k ɑ l o w o ɡ u ]_w
[_w h i k ɑ h e ]_w
[_w ɑ k o t ɑ i n ɑ ]_w
[_w h i d e i ]_w
[_w ɡ ɑ t ɑ ɡ o j o ]_w
[_w w ɑ ʔ i d ɑ d i ]_w
[_w u j u j ɑ ]_w
[_w h i l e l e j o ]_w
[_w l u h e i ]_w
[_w ɑ n ɑ ɡ ɑ j o ]_w
[_w n ɑ ɡ o j o ]_w
[_w t e w ɑ t i ]_w
[_w h e w ɑ ]_w
[_w l o k o l o d i ]_w
[_w ɡ e l o t e ]_w
[_w n i k o t ɑ ]_w
[_w ɡ i ɡ o v ɑ d ɑ ]_w
[_w k e l i d ɑ n ɑ ]_w
[_w ɑ k u k ɑ ]_w
[_w t ɑ b u m o ʔ ɑ ]_w
[_w ɑ n ɑ k ɑ h e ]_w
[_w j o l ɑ m ɑ l ɑ ]_w
[_w l o m ɑ ]_w
[_w t ɑ l ɑ v ɑ ]_w
[_w v e v i n e ]_w
[_w h i d e t i ]_w
[_w b ɑ b i l o n i ]_w
[_w ɡ i n ɑ d e n ɑ ]_w
[_w ɑ w ɑ n ɑ ɡ i ]_w
[_w j ɑ m ɑ n ɑ ]_w
[_w f ɑ h ɑ ]_w
[_w ɑ w ɑ m i t i ]_w
[_w h i t e m i ]_w
[_w h ɑ l ɑ m o n e ]_w
[_w w o w o t ɑ ]_w
[_w i d e ]_w
[_w ɡ i j ɑ u m ɑ ]_w
[_w m o k ɑ n e ]_w
[_w w ɑ d e n ɑ ]_w
[_w k i n ɑ ]_w
[_w t ɑ m o ]_w
[_w t ɑ u ɡ u ]_w
[_w ɡ e k e j o ]_w
[_w m ɑ l ɑ ]_w
[_w ɡ ɑ b u ]_w
[_w w ɑ ʔ ɑ b i ]_w
[_w w ɑ n ɑ ]_w
[_w n ɑ d u l u ɡ u ]_w
[_w ɡ ɑ ɡ ɑ j e m u ]_w
[_w t ɑ m ɑ n ɑ ]_w
[_w ɡ ɑ n ɑ ]_w
[_w m e d ɑ ]_w
[_w ɑ ɡ e l i ]_w
[_w t i b u n e ]_w
[_w k i l u m i n ɑ ]_w
[_w e k ɑ n ɑ ]_w
[_w n i m ɑ n ɑ ]_w
[_w ɡ ɑ b ɑ l u k u ]_w
[_w v e h i m e j ɑ ]_w
[_w d u l i n ɑ ]_w
[_w ɑ k ɑ b u ]_w
[_w f e w ɑ ɡ u ]_w
[_w e ɡ ɑ n ɑ t u ]_w
[_w e t ɑ ]_w
[_w u n ɑ d i ]_w
[_w k i l i ɡ ɑ ]_w
[_w n ɑ d o n i ]_w
[_w i v ɑ ɡ u n ɑ ]_w
[_w t ɑ ʔ e j ɑ n ɑ ]_w
[_w l u l u n ɑ ]_w
[_w n u w ɑ n ɑ ]_w
[_w m ɑ h ɑ l ɑ ]_w
[_w k ɑ ʔ i d ɑ j o ]_w
[_w n i l ɑ ]_w
[_w j u w ɑ ]_w
[_w v i d ɑ ]_w
[_w b e ʔ e n ɑ ]_w
[_w h i h u j ɑ ]_w
[_w k i f e ɡ o j ɑ ]_w
[_w k i v e l e ]_w
[_w m i ɡ ɑ ]_w
[_w ɡ ɑ i j ɑ ]_w
[_w t u ʔ u n e ]_w
[_w h i ʔ o d ɑ ]_w
[_w t o l ɑ m e j ɑ ]_w
[_w j ɑ w ɑ i m i ]_w
[_w ɡ i j u v e n ɑ ]_w
[_w l u ɡ u m i d i ]_w
[_w w o w o ɡ ɑ ]_w
[_w t i t ɑ d i j ɑ ]_w
[_w ɑ m i n ɑ ]_w
[_w f ɑ d ɑ ]_w
[_w o j ɑ i n ɑ ]_w
[_w l ɑ d ɑ ]_w
[_w ɡ ɑ h e t i ]_w
[_w ɑ i j o k o ]_w
[_w h i t o b o n ɑ ]_w
[_w b ɑ b i j ɑ o ]_w
[_w m ɑ t i u ]_w
[_w m ɑ d ɑ d i ]_w
[_w t i j o ]_w
[_w m e l i ]_w
[_w ɑ d o d ɑ ]_w
[_w b ɑ t i ]_w
[_w ɡ ɑ m i j ɑ m i ]_w
[_w b ɑ l o u ]_w
[_w k ɑ t u ]_w
[_w n u w ɑ t i ]_w
[_w o l i f e ]_w
[_w ɑ v ɑ i n ɑ ]_w
[_w e v e t o ]_w
[_w m ɑ t ɑ ɡ ɑ ]_w
[_w f ɑ t ɑ ]_w
[_w k i n ɑ k o n ɑ ]_w
[_w k u t e b o ]_w
[_w ɑ t ɑ ]_w
[_w ɡ ɑ n ɑ k i ]_w
[_w w ɑ d ɑ ]_w
[_w h i l e l e l e ]_w
[_w ɑ i w ɑ k ɑ j o ]_w
[_w h i t e m ɑ ]_w
[_w ɡ e l i t i ]_w
[_w l ɑ u v e ʔ ɑ ]_w
[_w ɡ o m o l ɑ d ɑ ]_w
[_w h i l u ɡ u ]_w
[_w ɡ i l u m i n ɑ ]_w
[_w ɡ i l ɑ k ɑ ]_w
[_w h i ɡ ɑ ]_w
[_w ɑ n ɑ ʔ ɑ ]_w
[_w ɡ ɑ h e ]_w
[_w ɑ n ɑ k ɑ j o ]_w
[_w v e n o ɡ ɑ l ɑ ]_w
[_w ɑ m i ]_w
[_w o j e j ɑ ]_w
[_w ɑ i w ɑ b u ]_w
[_w ɡ ɑ l i ]_w
[_w k ɑ h u ]_w
[_w ɑ ʔ ɑ i n ɑ ]_w
[_w h i n ɑ u n ɑ ]_w
[_w t ɑ v ɑ t ɑ ]_w
[_w w ɑ m i j ɑ ]_w
[_w m ɑ ɡ i ɡ i n e ]_w
[_w j e m e d ɑ ]_w
[_w ɡ i n ɑ l ɑ k ɑ ]_w
[_w t ɑ u n ɑ ]_w
[_w ɡ ɑ v ɑ d i ]_w
[_w ɡ ɑ v e l e n ɑ ]_w
[_w w ɑ m i ]_w
[_w l ɑ ʔ o f i n ɑ ]_w
[_w ɑ n ɑ ]_w
[_w ɡ ɑ d ɑ d i ]_w
[_w f e j ɑ ]_w
[_w ɡ u f ɑ ]_w
[_w m u l i n ɑ ]_w
[_w ɑ l u k u ]_w
[_w h i f e n u j ɑ ]_w
[_w f o l ɑ k ɑ ]_w
[_w l ɑ h i ]_w
[_w e i d ɑ ]_w
[_w h i h e ɡ e n ɑ ]_w
[_w m ɑ k i ɡ u ]_w
[_w u ʔ i t ɑ n ɑ ]_w
[_w k o n i t e l o ]_w
[_w j ɑ u b ɑ d i ]_w
[_w j ɑ t i ]_w
[_w n u w ɑ t i j ɑ ]_w
[_w ɡ ɑ k ɑ j o ]_w
[_w ɡ ɑ ʔ i d ɑ ]_w
[_w k i d ɑ ]_w
[_w o t o v ɑ ]_w
[_w j ɑ n ɑ ]_w
[_w t i v e n i ]_w
[_w m i j ɑ ]_w
[_w f ɑ l e j ɑ ]_w
[_w ɡ i d ɑ ]_w
[_w n ɑ d u n ɑ ]_w
[_w t ɑ l ɑ ]_w
[_w h i b e l i u ]_w
[_w ɑ n ɑ n ɑ ]_w
[_w t ɑ m ɑ ]_w
[_w ɡ i f e ɡ o j ɑ ]_w
[_w h i b e l i ]_w
[_w t u f o i m i ]_w
[_w k o j o ]_w
[_w ɑ k ɑ i ɡ u ]_w
[_w k ɑ ʔ i ]_w
[_w ɑ i j u v e ]_w
[_w l o i ]_w
[_w e w ɑ ]_w
[_w k ɑ h i h i ]_w
[_w j e w ɑ n ɑ ]_w
[_w u t e n ɑ ]_w
[_w ɑ b o d ɑ ]_w
[_w f ɑ ʔ i n i j ɑ ]_w
[_w ɑ w ɑ t i ɡ ɑ ]_w
[_w e d e j ɑ ]_w
[_w f o d e ]_w
[_w v ɑ l e j ɑ k u ]_w
[_w b u t u ]_w
[_w h i b e ʔ u ]_w
[_w j e m ]_w
[_w ɡ ɑ i t o n ɑ ]_w
[_w k u e d ɑ ]_w
[_w m o t ɑ w ɑ ɡ ɑ ]_w
[_w ɑ ɡ ɑ j o ]_w
[_w t u n u k ɑ ]_w
[_w h i f ɑ i ]_w
[_w b o i ]_w
[_w h i n ɑ m ɑ ]_w
[_w b o l u ]_w
[_w i m o l ɑ ]_w
[_w ɡ ɑ ʔ e l ɑ ]_w
[_w ɡ ɑ n ɑ n ɑ ]_w
[_w d ɑ u n ɑ ]_w
[_w k i n ɑ ʔ o d ɑ ]_w
[_w m ɑ ɡ ɑ m i j ɑ ]_w
[_w m ɑ ɡ e w ɑ ]_w
[_w t u ʔ u n ɑ ]_w
[_w k ɑ n ɑ ]_w
[_w w ɑ n ɑ n ɑ ]_w
[_w w o w o j ɑ ]_w
[_w w ɑ t i ɡ u l u ]_w
[_w k ɑ t i ]_w
[_w j ɑ ɡ u ]_w
[_w ɑ l e l u j ɑ ]_w
[_w ɡ i l ɑ ɡ ɑ ]_w
[_w ɡ ɑ v ɑ ʔ ɑ t i ]_w
[_w b u ɡ i ]_w
[_w o m i ʔ e ]_w
[_w t e l i j ɑ ]_w
[_w i n o k i ]_w
[_w ɑ f e b u d u ]_w
[_w b o w ɑ d i ]_w
[_w b u h i ]_w
[_w j o m u j o ]_w
[_w ɡ i j o ]_w
[_w ɡ i l i ɡ ɑ ]_w
[_w w ɑ n ɑ k ɑ n ɑ ]_w
[_w h o t i ]_w
[_w m u d u n ɑ ]_w
[_w t o f ɑ h ɑ n ɑ ]_w
[_w ɑ l i k ɑ ]_w
[_w l i l i n e ]_w
[_w ɑ m ɑ n ɑ ]_w
[_w f i l i k ɑ ]_w
[_w w ɑ d ɑ k u j ɑ ]_w
[_w h i j e m u ]_w
[_w ɡ i l u ɡ u ]_w
[_w b o n ɑ ]_w
[_w ɡ i ʔ ɑ n ɑ ]_w
[_w ɑ d i ]_w
[_w k ɑ n ɑ w o n ɑ ]_w
[_w h ɑ w ɑ ]_w
[_w h o t ɑ n ɑ ]_w
[_w f ɑ ʔ i m i j ɑ ]_w
[_w ɑ v e l e ɡ u ]_w
[_w w o w o k ɑ ]_w
[_w n ɑ d u d i ]_w
[_w ɡ u f ɑ l e j ɑ ]_w
[_w b u ɑ n e n e ]_w
[_w n ɑ ɡ i ]_w
[_w f e v e l ɑ ]_w
[_w m o ɡ u l ɑ ]_w
[_w h i n ɑ m i t i ]_w
[_w h ɑ l ɑ m ɑ ]_w
[_w k i n ɑ j e m u ]_w
[_w v e n ɑ ]_w
[_w n i m ɑ k ɑ ]_w
[_w ɡ ɑ d i m i j ɑ ]_w
[_w v e l e ]_w
[_w e n o ʔ i t ɑ ]_w
[_w t o t o n ɑ ɡ i ]_w
[_w ɡ ɑ h e n ɑ o ]_w
[_w k ɑ l u ɡ u ]_w
[_w h i m i d i ]_w
[_w d ɑ i l o d i ]_w
[_w ɡ ɑ ʔ i ]_w
[_w ɑ l ɑ ]_w
[_w j ɑ m u m u ]_w
[_w m e n ɑ ]_w
[_w k i d ɑ d i j ɑ ]_w
[_w t i m o ]_w
[_w ɑ b o t ɑ ]_w
[_w k i d e n ɑ ]_w
[_w h i v e l e ɡ u ]_w
[_w l e h ɑ ɡ ɑ ]_w
[_w m ɑ d i ]_w
[_w m ɑ n ɑ ]_w
[_w u ʔ i t ɑ d e i ]_w
[_w w ɑ n ɑ ɡ ɑ n i ]_w
[_w t ɑ i j ɑ ]_w
[_w ɑ i h u j ɑ ]_w
[_w k o d u ]_w
[_w k ɑ i j ɑ ]_w
[_w w ɑ ʔ e ]_w
[_w ɡ ɑ l e t i ]_w
[_w ɡ ɑ w ɑ v i n ɑ ]_w
[_w ɑ i h u j ɑ j o ]_w
[_w h i d ɑ t i ]_w
[_w k ɑ i d e w ɑ ]_w
[_w ɡ ɑ v ɑ n ɑ ]_w
[_w h e d i ]_w
[_w t o ɡ ɑ ]_w
[_w t ɑ ɡ ɑ j o ]_w
[_w d ɑ l u n ɑ ]_w
[_w m ɑ d i t i ]_w
[_w h i k o f ɑ n ɑ ]_w
[_w f ɑ ʔ i n e ]_w
[_w l ɑ k ɑ ]_w
[_w ɡ ɑ v ɑ d i j o ]_w
[_w n i m ɑ t u n ɑ ]_w
[_w k ɑ k ɑ ]_w
[_w ɡ ɑ b e ʔ u ]_w
[_w e b e l i j ɑ ]_w
[_w m o t e d e ]_w
[_w t ɑ u d i ]_w
[_w o m i ʔ i j ɑ o ]_w
[_w ɑ b ɑ i j ɑ ]_w
[_w h i l e m ɑ ]_w
[_w h ɑ ʔ ɑ m i n ɑ ]_w
[_w ɡ i ɡ o ]_w
[_w u ʔ u t i j o ]_w
[_w ɡ ɑ i b e ]_w
[_w w ɑ t ɑ ]_w
[_w ɑ i j e d ɑ ]_w
[_w d ɑ ɡ ɑ h e ]_w
[_w j ɑ m u m u k u ]_w
[_w n i m ɑ ]_w
[_w ɡ ɑ k ɑ h e ]_w
[_w w ɑ ʔ i d ɑ ]_w
[_w f ɑ l ɑ i ]_w
[_w l ɑ k ɑ h e ]_w
[_w h i n ɑ d i ]_w
[_w ɡ i d ɑ j o ]_w
[_w ɡ ɑ k ɑ h e d i ]_w
[_w i j ɑ ]_w
[_w k i ʔ i l ɑ ]_w
[_w ɡ i b ɑ ]_w
[_w b ɑ d i b ɑ t i ]_w
[_w u n ɑ ʔ ɑ n ɑ ]_w
[_w j o d ]_w
[_w ɡ ɑ n ɑ t u k u ]_w
[_w d ɑ i m o n i ]_w
[_w ɑ ɡ o ɡ u ]_w
[_w h i m ɑ ɡ u ]_w
[_w h i v e l e n ɑ ]_w
[_w ɡ i h e ɡ e t i ]_w
[_w k u ɑ u n e ]_w
[_w l e d ɑ ]_w
[_w ɡ e l o t i ]_w
[_w w ɑ v ɑ ]_w
[_w b ɑ l ɑ ]_w
[_w ɡ i t ɑ ]_w
[_w ɑ ɡ e m i j ɑ ]_w
[_w h o t e j ɑ ]_w
[_w ɡ ɑ f ɑ t ɑ ]_w
[_w w ɑ n ɑ b e ʔ u ]_w
[_w k u d e b o ]_w
[_w b ɑ i ]_w
[_w j e d u ]_w
[_w m o d ɑ ]_w
[_w w ɑ m u l i n e ]_w
[_w t i j ɑ ]_w
[_w ɑ i t e j ɑ ]_w
[_w d ɑ ɡ i u t ɑ ]_w
[_w ɡ ɑ ʔ ɑ b i n ɑ ]_w
[_w f e v ɑ i ]_w
[_w t o b u j ɑ ]_w
[_w t e l ɑ ]_w
[_w h i h o b u ]_w
[_w b u ɑ i n ɑ ]_w
[_w ɡ ɑ m e l i j ɑ ]_w
[_w f e t i w e ]_w
[_w ɑ d ɑ ]_w
[_w u b u ɑ i n ɑ ]_w
[_w f i l i f ɑ ]_w
[_w w ɑ k ɑ ]_w
[_w w e t e t e i ]_w
[_w ɑ d ɑ l ɑ ]_w
[_w m ɑ t ɑ t e t i ]_w
[_w o m i ]_w
[_w ɡ ɑ b e m ɑ n i ]_w
[_w h i f e l e ɡ u ]_w
[_w b e l e t i ]_w
[_w ɡ i n ɑ ɡ i ]_w
[_w h i k o j o n ɑ ]_w
[_w ɡ i n ɑ ɡ o t u ]_w
[_w ɡ i d e d e ]_w
[_w u m i t i ]_w
[_w d ɑ m o j ɑ ]_w
[_w k ɑ k ɑ h e j o ]_w
[_w ɡ ɑ v ɑ ]_w
[_w ɑ d i ɡ o ]_w
[_w ɡ u ɑ u n e ]_w
[_w ɑ n ɑ u n ɑ ]_w
[_w ɡ i n ɑ d i ]_w
[_w m u l o ]_w
[_w k i w ɑ v i n ɑ ]_w
[_w w i t i ]_w
[_w ɡ i n ɑ m i j ɑ ]_w
[_w b u ɑ d i ]_w
[_w t ɑ t i ]_w
[_w k ɑ n ɑ d e n i ]_w
[_w t ɑ ʔ e l ɑ ]_w
[_w k i l u k u ]_w
[_w d u ʔ e n ɑ ]_w
[_w t o ɡ o j o ]_w
[_w u h u l u v ɑ ]_w
[_w k i n i ]_w
[_w f e j ɑ o ]_w
[_w f i l i t o ]_w
[_w t ɑ m u w e l o ]_w
[_w ɡ u m ɑ n i ]_w
[_w t i m o t i ]_w
[_w ɡ i n u m i d i ]_w
[_w e l i u ]_w
[_w i t i v e n i ]_w
[_w t o f e m ɑ t i ]_w
[_w l ɑ ɡ ɑ ]_w
[_w ɡ ɑ l i n e ]_w
[_w f e v e ]_w
[_w t ɑ ɡ ɑ m e l i ]_w
[_w k ɑ h e n ɑ d i ]_w
[_w n o u d ɑ ]_w
[_w f e d i t o ]_w
[_w w ɑ ʔ ɑ l i k ɑ ]_w
[_w w ɑ m ɑ ]_w
[_w ɡ ɑ f ɑ d ɑ ]_w
[_w h i ʔ e l ɑ ]_w
[_w b o n ɑ t i ]_w
[_w o k o l o m ɑ ]_w
[_w m i ɡ i l i ɡ ɑ ]_w
[_w e l ɑ i j o n i ]_w
[_w u ʔ u m i ]_w
[_w j ɑ m u m u n ɑ ]_w
[_w h u k u n ɑ ]_w
[_w h i ʔ ɑ l i k ɑ ]_w
[_w ɑ b ɑ ɡ e j ɑ ]_w
[_w w e ʔ o w e ʔ o ]_w
[_w b o n ɑ d i ]_w
[_w ɑ n ɑ v e l e ]_w
[_w v i d ɑ n ɑ ]_w
[_w ɡ e l i v ɑ ]_w
[_w h i ʔ o t e n i ]_w
[_w t ɑ u t e j ɑ ]_w
[_w t i v i ]_w
[_w v ɑ i k o h i ]_w
[_w ɡ i k u ]_w
[_w u ʔ u m i j ɑ ]_w
[_w ɡ i d ɑ k e j ɑ ]_w
[_w t u b u k ɑ ]_w
[_w t o ʔ u d o ]_w
[_w h i n ɑ ɡ o j o ]_w
[_w k i n ɑ ɡ ɑ h e ]_w
[_w l i ɡ o n ɑ ]_w
[_w h i v ɑ i n ɑ ]_w
[_w i h i ]_w
[_w t e w ɑ ]_w
[_w k u m i t i ]_w
[_w m u t u n e n ɑ ]_w
[_w ɡ i l o m i t ɑ ]_w
[_w ɑ i ʔ ɑ t i ]_w
[_w f e ɡ ɑ m o ]_w
[_w h i d ɑ ]_w
[_w f e k ɑ ]_w
[_w b ɑ d i ]_w
[_w k i b ɑ ]_w
[_w j ɑ n e d i ]_w
[_w j ɑ ɡ o b u ]_w
[_w h i j o ʔ o j ɑ ]_w
[_w w ɑ l u k u ]_w
[_w t o j o k ɑ ]_w
[_w t e b e d i ]_w
[_w w ɑ ʔ i t ɑ ]_w
[_w t ɑ v ɑ ɡ ɑ ]_w
[_w k i t u w ɑ ]_w
[_w m i j u t ɑ ]_w
[_w ɑ l ɑ ɡ ɑ ]_w
[_w h u l u f ɑ ]_w
[_w h ɑ l ɑ ]_w
[_w ɡ i h ɑ ɡ ɑ ]_w
[_w v ɑ l e d ɑ ]_w
[_w m u n u ]_w
[_w h i n ɑ ɡ ɑ h e ]_w
[_w d ɑ i l o ]_w
[_w ɑ b o t ɑ n ɑ ]_w
[_w ɡ i f ɑ t ɑ n ɑ ]_w
[_w t i t i v i ]_w
[_w u ʔ u n ɑ ]_w
[_w j ɑ w ɑ ]_w
[_w j ɑ b u n e ]_w
[_w k i n ɑ u l u ]_w
[_w w ɑ ɡ ɑ ]_w
[_w i l ɑ m ɑ ]_w
[_w ɡ ɑ l e ɡ o ]_w
[_w n ɑ t u ]_w
[_w b e l ɑ ]_w
[_w l ɑ d ɑ l ɑ i ]_w
[_w t u w ɑ i n ɑ ]_w
[_w l e f o ]_w
[_w ɡ ɑ n ɑ d e n ɑ ]_w
[_w n i m ɑ m i ]_w
[_w ɑ k o ɡ i ]_w
[_w e m o ]_w
[_w j o ʔ o ]_w
[_w n u w ɑ m i j ɑ ]_w
[_w ɑ ʔ ɑ n ɑ ]_w
[_w v e ʔ ɑ m ɑ ]_w
[_w e d e j ɑ o ]_w
[_w l i t i ]_w
[_w h i ɡ ɑ h e n ɑ ]_w
[_w v ɑ v ɑ n ɑ ]_w
[_w l ɑ ɡ ɑ h e ]_w
[_w m e t e m ɑ ]_w
[_w t ɑ m ɑ m i ]_w
[_w k ɑ v ɑ t ɑ ]_w
[_w m e t e d e m i ]_w
[_w n o u n ɑ ]_w
[_w ɡ i k u ɑ ]_w
[_w k o l i n ɑ ]_w
[_w ɡ i d ɑ b ɑ t ɑ ]_w
[_w n ɑ u h ɑ k ɑ ]_w
[_w w e d e ]_w
[_w i v ɑ ɡ u d i ]_w
[_w u h u l u f ɑ ]_w
[_w t e n i ]_w
[_w l i f i ]_w
[_w k i n ɑ k ɑ h e ]_w
[_w k e l i t i ]_w
[_w t e u t i ]_w
[_w t o n ɑ ɡ i t i ]_w
[_w t ɑ j ɑ ]_w
[_w o j ɑ ]_w
[_w b e l e d i ]_w
[_w w ɑ ʔ i t ɑ n ɑ ]_w
[_w t o j ɑ m u m u ]_w
[_w b u k i ]_w
[_w h i t o t o m ɑ ]_w
[_w l ɑ ʔ o v i n ɑ ]_w
[_w h i h i d i ]_w
[_w f ɑ j ɑ ]_w
[_w ɡ ɑ t e n ɑ m ɑ ]_w
[_w l u f ɑ ]_w
[_w h i f ɑ v ɑ n ɑ ]_w
[_w t u m o ]_w
[_w e d ɑ i n ɑ ]_w
[_w j ɑ b u n ɑ ]_w
[_w ɑ k e m ɑ ]_w
[_w t ɑ j ɑ ɡ e ]_w
[_w i l e v e n i ]_w
[_w m e j ɑ o ]_w
[_w t o n ɑ ɡ i ]_w
[_w j ɑ w ɑ i n ɑ ]_w
[_w t ɑ d i t i ]_w
[_w t ɑ j ɑ k e ]_w
[_w j o ɡ o n ɑ ]_w
[_w m ɑ ɡ i k u ]_w
[_w h i n ɑ ɡ e n e ]_w
[_w h i t ɑ n ɑ ]_w
[_w j ɑ m ɑ ]_w
[_w ɑ k e n e ]_w
[_w h i j o ɡ o j o ]_w
[_w ɑ ɡ e t i j ɑ ]_w
[_w j e l ]_w
[_w k i n ɑ ʔ ɑ n ɑ ]_w
[_w n i m ɑ ɡ ɑ m i ]_w
[_w ɡ i d ɑ d i ]_w
[_w ɡ o j o ]_w
[_w w ɑ f ɑ t ɑ ]_w
[_w ɡ e ɡ e j o ]_w
[_w m ɑ l i ]_w
[_w t ɑ m e l i ]_w
[_w h i k ɑ ]_w
[_w h i l u k u ]_w
[_w f e w ɑ b ɑ n ɑ ]_w
[_w h i k o v ɑ m i ]_w
[_w m o l i t ɑ ]_w
[_w h ɑ i ]_w
[_w h i b u h i ]_w
[_w ɡ i ɡ ɑ h e ]_w
[_w w e d e i ]_w
[_w k i t ɑ ]_w
[_w ɡ i v e v ɑ i ]_w
[_w h i t e m i t ɑ ]_w
[_w w ɑ ʔ i t ɑ j o ]_w
[_w k ɑ v ɑ t i m o ]_w
[_w ɡ ɑ f e j ɑ ]_w
[_w m ɑ t u ]_w
[_w i t e ]_w
[_w d o b u j ɑ ]_w
[_w h i h e k e n ɑ ]_w
[_w t ɑ m e j ɑ d i ]_w
[_w ɡ o l o d o ]_w
[_w n ɑ d u t i ]_w
[_w w ɑ t e j ɑ ]_w
[_w n e l i ]_w
[_w h i t e d e ]_w
[_w u ʔ u d ɑ ]_w
[_w l e t ɑ ]_w
[_w ɡ ɑ ʔ i t ɑ ]_w
[_w ɡ o l o m o n i ]_w
[_w b ɑ n ɑ ]_w
[_w ɑ f ɑ l o l o ]_w
[_w k ɑ f ɑ i n i ]_w
[_w t o b o n ɑ ]_w
[_w h i v e d o ]_w
[_w i m e ]_w
[_w h i ɡ ɑ h e m ɑ ]_w
[_w h ɑ ʔ ɑ m o ʔ ɑ ]_w
[_w k u ɑ m e ]_w
[_w t u f o i t ɑ ]_w
[_w n u w ɑ m i d i ]_w
[_w ɑ ɡ ɑ b u ]_w
[_w k ɑ d u ʔ e ]_w
[_w t o h i j ɑ ɡ e ]_w
[_w v i l i k e j ɑ ]_w
[_w n o ɡ ɑ n e ]_w
[_w ɡ i n ɑ f ɑ n ɑ ]_w
[_w l i v ɑ n ɑ ]_w
[_w k i t ɑ d i ]_w
[_w h i j ɑ m i ]_w
[_w k i ʔ o n ɑ ]_w
[_w d o ʔ i d ɑ n ɑ ]_w
[_w w ɑ j ɑ f u n e ]_w
[_w h i t e ʔ i ]_w
[_w ɡ e t ɑ d e n ɑ ]_w
[_w b ɑ b i n ɑ ]_w
[_w m ɑ f u ]_w
[_w ɑ i w ɑ b u k o ]_w
[_w e n o h e ɡ ɑ ]_w
[_w n i m ɑ t u ]_w
[_w f e ɡ i t e n i ]_w
[_w k ɑ ʔ ɑ b i ]_w
[_w n u w ɑ m i ]_w
[_w ɑ ɡ u ɡ ɑ ]_w
[_w i d u n ɑ ]_w
[_w i v ɑ k u n ɑ ]_w
[_w w ɑ n o ɡ ɑ l ɑ ]_w
[_w ɡ i v e l e ]_w
[_w h i ʔ ɑ l ɑ n ɑ ]_w
[_w ɑ d ɑ m o j ɑ ]_w
[_w ɡ ɑ f e b u t u ]_w
[_w u l ɑ n ɑ ]_w
[_w v e j ɑ o ]_w
[_w ɡ u ɡ ɑ i ]_w
[_w k i n ɑ m i d i ]_w
[_w ɑ b ɑ l u ɡ u ]_w
[_w ɑ n ɑ v ɑ i n ɑ ]_w
[_w t e t ɑ n i ]_w
[_w b u n e ]_w
[_w m ɑ k e w ɑ ]_w
[_w b o ʔ u ]_w
[_w ɑ t e ʔ ɑ d i ]_w
[_w d e l i ]_w
[_w t o b u ]_w
[_w k o n i l i j o ]_w
[_w m e m ɑ ]_w
[_w j ɑ i l o ]_w
[_w u t ɑ d i ]_w
[_w h e t i ]_w
[_w n e v e ʔ ɑ d e ]_w
[_w ɡ ɑ h ]_w
[_w d e n i ]_w
[_w u ʔ e l ɑ ]_w
[_w b o w ɑ t i ]_w
[_w h ɑ d e m ɑ ]_w
[_w ɡ e n ɑ ]_w
[_w t u f o n ɑ ]_w
[_w ɑ ɡ ɑ i n e ]_w
[_w f i f i d ɑ ]_w
[_w h i t e n i ]_w
[_w k ɑ h u l u f ɑ ]_w
[_w f i n i ɡ e t i ]_w
[_w ɡ ɑ v e l e ]_w
[_w ɡ e ɡ e ]_w
[_w h i t ɑ u n ɑ ]_w
[_w ɑ i j ɑ ]_w
[_w h ɑ b ]_w
[_w k i n ɑ f e d o ]_w
[_w n i m ɑ t i ]_w
[_w t ɑ l ɑ n ɑ ]_w
[_w ɡ i n ɑ j u n ɑ ]_w
[_w ɡ i h ɑ k ɑ n i ]_w
[_w i d u n e n ɑ ]_w
[_w j e d e ]_w
[_w k i j ɑ ]_w
[_w w o n ɑ ]_w
[_w ɑ d i k u l u ]_w
[_w t i b u d ɑ ]_w
[_w w o w o m i ]_w
[_w k ɑ d ɑ n ɑ ]_w
[_w w ɑ l ɑ ]_w
[_w t ɑ u m ɑ n i ]_w
[_w ɡ i n ɑ u n ɑ ]_w
[_w ɡ i ʔ ɑ ]_w
[_w v e ʔ ɑ ]_w
[_w ɑ t o t ɑ ]_w
[_w m ɑ n u w e j ɑ ]_w
[_w ɡ i b e ʔ u m ɑ ]_w
[_w ɑ ɡ u f ɑ ]_w
[_w ɡ i d ɑ ɡ u ]_w
[_w h i ɡ o v ɑ d i ]_w
[_w w ɑ w o w o t i ]_w
[_w k i ʔ ɑ u ʔ ɑ ]_w
[_w k u m i n ɑ ]_w
[_w t ɑ m ɑ d i ]_w
[_w e ɡ ɑ n e ]_w
[_w f ɑ j ɑ d i ]_w
[_w ɡ u ɑ m ɑ n ɑ ]_w
[_w ɑ h e ɡ e t i ]_w
[_w ɑ n ɑ ʔ e l ɑ ]_w
[_w o l o t i ]_w
[_w ɡ o t u ]_w
[_w u n ɑ ]_w
[_w ɑ i w ɑ b u ɡ o ]_w
[_w m e t ɑ ]_w
[_w k u k u j o ]_w
[_w f i d ɑ ]_w
[_w m e d e t e ]_w
[_w w ɑ n ɑ ʔ e l ɑ ]_w
[_w f o l o ]_w
[_w j o ɡ o d i ]_w
[_w ɑ n ɑ j o ]_w
[_w j e t u ]_w
[_w d e t o ɡ ɑ ]_w
[_w ɑ v ɑ l i ]_w
[_w ɡ ɑ h e n ɑ ]_w
[_w t ɑ u d ɑ ]_w
[_w t o j o ɡ ɑ ]_w
[_w ɡ i j e m u ]_w
[_w ɑ ɡ o n ɑ ]_w
[_w ɡ ɑ d u ʔ e ]_w
[_w w e t e ]_w
[_w w ɑ f i t ɑ ]_w
[_w ɡ i l u k u ]_w
[_w ɑ f o l o t i ]_w
[_w ɑ l ɑ k ɑ ]_w
[_w f i l i m o n i ]_w
[_w t ɑ k ɑ ɡ u l u ]_w
[_w ɑ i h ɑ l ɑ m ɑ ]_w
[_w ɡ i j ɑ ɡ e ]_w
[_w k i b u b u n ɑ ]_w
[_w d u n u k ɑ ]_w
[_w f i l i m i j ɑ ]_w
[_w h i v ɑ i n i ]_w
[_w w ɑ k ɑ j o ]_w
[_w n u w ɑ m ɑ ]_w
[_w k ɑ m u ]_w
[_w h i v e t o ]_w
[_w ɡ ɑ b i d i ]_w
[_w k i b o ɡ i ]_w
[_w k i n ɑ ɡ o v ɑ ]_w
[_w t ɑ i d o m ɑ ]_w
[_w k e ɡ e ]_w
[_w w ɑ m i j ɑ m i ]_w
[_w f e l u ɡ ɑ ]_w
[_w u t o ]_w
[_w n i m ɑ m i j ɑ ]_w
[_w h i n ɑ n ɑ ]_w
[_w w ɑ n ɑ t i ]_w
[_w j ɑ u b ɑ d ɑ u ]_w
[_w o ʔ e n i ]_w
[_w h i d ɑ m ɑ ]_w
[_w w ɑ ɡ u ɑ u n ɑ ]_w
[_w ɑ ʔ ɑ n i ]_w
[_w w ɑ n ɑ t e n ɑ ]_w
[_w ɑ i m o ʔ e n i ]_w
[_w ɡ i l ɑ ʔ ɑ ]_w
[_w n u w ɑ t ɑ ɡ u ]_w
[_w d ɑ i m o ]_w
[_w ɑ b ɑ l ɑ ]_w
[_w ɡ i k ɑ h e n ɑ ]_w
[_w ɑ k u ]_w
[_w h o i j o i ]_w
[_w k i j ɑ ɡ e ]_w
[_w k i k ɑ j o ]_w
[_w ɡ ɑ n ɑ ʔ ɑ n i ]_w
[_w t ɑ u t i ]_w
[_w ɡ i v e l e n ɑ ]_w
[_w b i t i ]_w
[_w ɑ k ɑ j o ]_w
[_w h i n ɑ ʔ i d ɑ ]_w
[_w d i f ɑ d ɑ ]_w
[_w u d o ]_w
[_w ɑ n ɑ f ɑ d i ]_w
[_w k i m i ]_w
[_w k i m i d i ]_w
[_w t u l i t i j ɑ ]_w
[_w w ɑ ʔ i d ɑ n ɑ ]_w
[_w i j o i ]_w
[_w t ɑ m e j ɑ ]_w
[_w ɑ j ɑ u d ɑ ]_w
[_w k i t o j o k ɑ ]_w
[_w ɡ i b u b u n ɑ ]_w
[_w v e j ɑ ]_w
[_w w ɑ ʔ ɑ ɡ o ]_w
[_w k i n ɑ t i ]_w
[_w v ɑ l e d i j ɑ ]_w
[_w t ɑ b o n e ]_w
[_w k ɑ n ɑ t e n ɑ ]_w
[_w ɑ i ʔ ɑ f u ]_w
[_w k o l i j ɑ ]_w
[_w f i t ɑ ]_w
[_w m ɑ n u k ɑ ]_w
[_w t u f o ]_w
[_w ɑ b ɑ j u j u ]_w
[_w ɡ e l o t e j ɑ ]_w
[_w m i k o m o l ɑ ]_w
[_w ɡ i b o ɡ i n ɑ ]_w
[_w w ɑ v e d o ]_w
[_w m e n e ]_w
[_w w ɑ ʔ i t ɑ t i ]_w
[_w b ɑ l ɑ b ɑ ]_w
[_w ɑ ɡ e n e ]_w
[_w t e d e ]_w
[_w t ɑ m e l i j ɑ ]_w
[_w t o n ɑ ɡ u ]_w
[_w h i ɡ ɑ h e k e ]_w
[_w ɑ h o b u ]_w
[_w k ɑ d ɑ k ɑ n i ]_w
[_w t i b u t ɑ ]_w
[_w h i t e i ]_w
[_w l o m u ]_w
[_w h i j o ɡ o ]_w
[_w t i l i t i ]_w
[_w t ɑ ʔ e j ɑ o ]_w
[_w h i j o t o ]_w
[_w ɡ ɑ n ɑ d u k u ]_w
[_w d u f o n e ]_w
[_w v e w ɑ ɡ ɑ ]_w
[_w h i d e t e m ɑ ]_w
[_w j ɑ u d ɑ ]_w
[_w t ɑ u j ɑ ]_w
[_w w ɑ ʔ i t i j o ]_w
[_w f i k i ]_w
[_w t i b u n ɑ ]_w
[_w h ɑ w ɑ l ɑ ]_w
[_w ɡ i t ɑ d i ]_w
[_w o ɡ o l ɑ ]_w
[_w t i d i ]_w
[_w ɡ i k ɑ h e ]_w
[_w b o n ɑ ʔ ɑ n i ]_w
[_w ɡ o n i j ɑ ]_w
[_w t ɑ ɡ i u d ɑ ]_w
[_w v ɑ ʔ i n ɑ ]_w
[_w h i ɡ o v ɑ m i ]_w
[_w t ɑ l ɑ f ɑ ]_w
[_w k i v e l e t i ]_w
[_w t i t i ʔ u ]_w
[_w ɡ i l o w ɑ t i ]_w
[_w u k ɑ j o ]_w
[_w w ɑ k ɑ w ɑ ]_w
[_w ɡ i j ɑ u k ɑ ]_w
[_w ɡ i m i t i ]_w
[_w k ɑ v ɑ ʔ ɑ t i ]_w
[_w b u j e ]_w
[_w l e j ɑ ]_w
[_w k ɑ n ɑ ʔ o t ɑ ]_w
[_w ɡ i ʔ i d ɑ ]_w
[_w k i l i k ɑ ]_w
[_w k i m ɑ t i ]_w
[_w n o w ɑ ]_w
[_w ɡ ɑ f ɑ d i ]_w
[_w l ɑ d ɑ l e d i ]_w
[_w t ɑ m ɑ d u ]_w
[_w ɡ i t e n i j o ]_w
[_w ɑ n ɑ v ɑ i d ɑ ]_w
[_w ɡ i d e ]_w
[_w m ɑ d ɑ d i j o ]_w
[_w v ɑ t ɑ ]_w
[_w b o n ɑ ɡ o d u ]_w
[_w ɡ ɑ f ɑ d u ]_w
[_w i n u b ɑ ɡ u ]_w
[_w v e t i w e ]_w
[_w v e h ɑ w ɑ d i ]_w
[_w ɡ ɑ ɡ ɑ ]_w
[_w m e d e m i ]_w
[_w ɡ u k u j ɑ ]_w
[_w h i d ɑ d i ]_w
[_w ɡ i l o ]_w
[_w h i l e m ɑ t u ]_w
[_w i d ɑ v ɑ ]_w
[_w ɡ e v ɑ ]_w
[_w ɑ d ɑ m e l i ]_w
[_w ɑ i k o h i ]_w
[_w h i ʔ ɑ l i j ɑ ]_w
[_w ɑ l e v ɑ t u ]_w
[_w h i n ɑ ʔ e ]_w
[_w n u w ɑ t o ɡ ɑ ]_w
[_w k i l o ]_w
[_w t e t e ]_w
[_w t ɑ u t i j ɑ ]_w
[_w ɑ m i f ɑ t i ]_w
[_w t ɑ k ɑ h e ]_w
[_w f i d i t i ]_w
[_w ɑ v e l e m i ]_w
[_w ɡ u e l i ]_w
[_w ɑ d u ]_w
[_w ɑ ɡ ɑ i k u ]_w
[_w ɑ u w e ]_w
[_w w o w o d i j ɑ ]_w
[_w f i v i t ɑ n ɑ ]_w
[_w t i k u l u ]_w
[_w h i ɡ o j o n ɑ ]_w
[_w m o ɡ ɑ n ɑ ]_w
[_w b o l i m ɑ n ɑ ]_w
[_w ɑ h e n ɑ ]_w
[_w w e ʔ ɑ ]_w
[_w l o b ɑ m e j ɑ ]_w
[_w t o h i j ɑ ]_w
[_w l o t ɑ ]_w
[_w m ɑ ɡ i ]_w
[_w ɡ e l o d i ]_w
[_w f ɑ i t ɑ ]_w
[_w t i f ɑ d i j ɑ ]_w
[_w m ɑ n u k o d e ]_w
[_w d ɑ v ɑ ]_w
[_w j ɑ u b ɑ t ɑ ]_w
[_w ɡ ɑ h i h i ]_w
[_w ɡ ɑ n ɑ ɡ ɑ ]_w
[_w ɡ i n ɑ u l u ]_w
[_w m ɑ ɡ ɑ n ɑ ]_w
[_w ɑ t u ]_w
[_w ɑ w ɑ l ɑ ]_w
[_w ɡ i w ɑ l ɑ ɡ ɑ ]_w
[_w ɡ ɑ n ɑ j e m u ]_w
[_w ɡ ɑ d ɑ u t i ]_w
[_w j o t e f ɑ m ɑ ]_w
[_w i t ɑ ]_w
[_w ɡ ɑ n ɑ t e n ɑ ]_w
[_w t i f ɑ ]_w
[_w o ʔ e n ɑ ]_w
[_w k ɑ l i v ɑ ]_w
[_w ɡ ɑ v ɑ i n ɑ ]_w
[_w j o t ɑ m ɑ ]_w
[_w m ɑ i k e v ɑ ]_w
[_w ɑ ɡ o m i ]_w
[_w j ɑ d ɑ ]_w
[_w h i j ɑ ɡ e ]_w
[_w f ɑ ʔ i l ɑ ʔ ɑ ]_w
[_w ɡ i d ɑ l u k u ]_w
[_w t o v ɑ ]_w
[_w ɑ f ɑ i n ɑ ]_w
[_w m e j ɑ t i ]_w
[_w ɡ i n ɑ m i t i ]_w
[_w ɑ ɡ ɑ b ɑ l ɑ ]_w
[_w h i h e b ɑ n ɑ ]_w
[_w t u f o n ɑ ɡ u ]_w
[_w ɑ u d ɑ n i ]_w
[_w k i l ɑ u t i ]_w
[_w ɑ f ɑ j ɑ t i ]_w
[_w v i l i d o ]_w
[_w u t e n i t i ]_w
[_w h i ʔ ɑ n ɑ ]_w
[_w t i l i t o ]_w
[_w m ɑ n u d i ]_w
[_w h i m i j ɑ ]_w
[_w ɡ i n ɑ k u ]_w
[_w m ɑ n u b u d i ]_w
[_w n u w ɑ d o ɡ ɑ ]_w
[_w ɡ ɑ n ɑ d i ]_w
[_w ɑ ɡ i v ɑ h ɑ ]_w
[_w t i b u ɡ i j ɑ ]_w
[_w ɡ ɑ d ɑ ɡ u ]_w
[_w h i n ɑ v i t i ]_w
[_w t i b u d i ]_w
[_w n u n u n e ]_w
[_w ɑ i l ]_w
[_w t o ʔ ɑ l i k ɑ ]_w
[_w m ɑ ɡ i k i n e ]_w
[_w w ɑ f e b u d u ]_w
[_w k u f ɑ m o ʔ ɑ ]_w
[_w ɑ k o t u ]_w
[_w j o m u ]_w
[_w h i n ɑ h o b u ]_w
[_w ɡ e n i ]_w
[_w m e t e t e ]_w
[_w u d ɑ ɡ ɑ ]_w
[_w k i m ɑ k ɑ ]_w
[_w k o j o n e ]_w
[_w ɑ t ɑ m ɑ t u ]_w
[_w ɡ e t ɑ n i j ɑ ]_w
[_w ɑ h e ʔ i ]_w
[_w m ɑ i l i t o ]_w
[_w k ɑ n ɑ ɡ ɑ j o ]_w
[_w m ɑ ɡ ɑ n i ɡ u ]_w
[_w h i j o k o ]_w
[_w l o ɡ o ]_w
[_w o i n e ]_w
[_w ɡ ɑ d ɑ k ɑ n i ]_w
[_w t o e ɑ ]_w
[_w ɡ ɑ d e n ɑ ]_w
[_w b e l ɑ m ɑ ]_w
[_w m e l ɑ l i t i ]_w
[_w m ɑ i k ɑ u ]_w
[_w u n ɑ l u k u ]_w
[_w t e b u l o n i ]_w
[_w ɡ i m i j ɑ m i ]_w
[_w ɡ ɑ d ɑ ɡ ɑ j o ]_w
[_w u h i j o t o ]_w
[_w l u l u n e ]_w
[_w e v e d o k ɑ ]_w
[_w d o n i ]_w
[_w j u t ɑ ]_w
[_w v ɑ l e j ɑ t i ]_w
[_w u n ɑ n ɑ ]_w
[_w d ɑ i l o m u ]_w
[_w v e d i t o ]_w
[_w ɑ ʔ i t ɑ ]_w
[_w n ɑ d u ɡ u ]_w
[_w ɡ e f ɑ ]_w
[_w ɑ ɡ e n ɑ ]_w
[_w u w ɑ h i ]_w
[_w k i b e ʔ u ]_w
[_w ɑ f ɑ i n ɑ t i ]_w
[_w m e d e t e l o ]_w
[_w t ɑ u t ɑ ]_w
[_w b o l i m ɑ n i ]_w
[_w h i n ɑ ɡ e n ɑ ]_w
[_w d ɑ ɡ ɑ h e n ɑ ]_w
[_w ɡ i m o n e ]_w
[_w ɑ ɡ o d u ]_w
[_w b o n ɑ m ɑ ]_w
[_w ɑ n ɑ l e d i ]_w
[_w n o u m o m o ]_w
[_w ɡ o n i t e l o ]_w
[_w ɑ i d ]_w
[_w m ɑ n i j ɑ ]_w
[_w ɡ i k ɑ b u n ɑ ]_w
[_w ɡ i f e l e ]_w
[_w ɑ n ɑ ɡ ɑ n ɑ ]_w
[_w j o t ]_w
[_w n o u d i ]_w
[_w t ɑ ɡ ɑ d ɑ ]_w
[_w e k ɑ n ɑ ʔ e ]_w
[_w ɑ ɡ ɑ i d o m ɑ ]_w
[_w b e t ɑ n i ]_w
[_w t ɑ f ɑ l i n e ]_w
[_w h i h u j ɑ j o ]_w
[_w t ɑ u t ɑ v ɑ ]_w
[_w h ɑ f u n ɑ ]_w
[_w b e n i t i ]_w
[_w t ɑ l i j ɑ ]_w
[_w ɡ ɑ f o i ]_w
[_w m e t e m i ]_w
[_w k ɑ f i j ɑ ]_w
[_w ɡ i m i d i ]_w
[_w ɡ ɑ b u n ɑ ]_w
[_w b ɑ b i n ɑ d i ]_w
[_w t e l i ]_w
[_w k o l i n i t ɑ ]_w
[_w h i m u l ɑ ]_w
[_w b u l ɑ ]_w
[_w u h i j o d o ]_w
[_w ɡ i m ɑ t i u ]_w
[_w l u k ɑ ]_w
[_w ɑ u l o l o ]_w
[_w h i l e l e ]_w
[_w d o v ɑ ]_w
[_w h o d ]_w
[_w h i m u l i n ɑ ]_w
[_w w ɑ h u j ɑ ]_w
[_w m ɑ t ɑ ɡ ɑ n i ]_w
[_w l ɑ ɡ ɑ t i ]_w
[_w k e k e ]_w
[_w w ɑ i ]_w
[_w ɡ ɑ b i ʔ o n ɑ ]_w
[_w l ɑ u ʔ ɑ k e ]_w
[_w o d o ʔ o d o ]_w
[_w ɡ ɑ k o l ɑ n ɑ ]_w
[_w ɡ o l i n ɑ ]_w
[_w j o d ɑ m ɑ ]_w
[_w ɡ i k ɑ h e m i ]_w
[_w k ɑ b e m ɑ n i ]_w
[_w ɑ w ɑ b u ]_w
[_w m e l ɑ l ɑ ]_w
[_w h i ʔ o t ɑ ]_w
[_w ɡ i t e d e m ɑ ]_w
[_w ɑ i j e t ɑ ]_w
[_w h i h i t i ]_w
[_w ɡ ɑ m o n i ]_w
[_w t i v e n u j ɑ ]_w
[_w k ɑ b u b u d i ]_w
[_w t ɑ l u k u ]_w
[_w ɡ ɑ n ɑ l e l e ]_w
[_w m ɑ h ɑ l i n ɑ ]_w
[_w l e h ɑ k ɑ ]_w
[_w u f ɑ i n ɑ i ]_w
[_w h i ɡ ɑ h e ]_w
[_w d ɑ j ɑ ɡ ɑ d i ]_w
[_w k ɑ h u l u v ɑ ]_w
[_w w o l i v e ]_w
[_w d o m ɑ ]_w
[_w ɡ ɑ n ɑ u n ɑ ]_w
[_w l ɑ i j ɑ k ɑ ]_w
[_w t ɑ ɡ e d i ]_w
[_w k o l o k o ]_w
[_w b ɑ w e ]_w
[_w ɑ i d ɑ ]_w
[_w h i j e ]_w
[_w ɑ m ɑ k u ]_w
[_w k i n ɑ j u n ɑ ]_w
[_w ɡ i l ɑ u d i ]_w
[_w ɡ i m i j ɑ ]_w
[_w t ɑ i t o m ɑ ]_w
[_w ɑ b ɑ ɡ e j o ]_w
[_w k o v ɑ d ɑ v ɑ ]_w
[_w ɡ ɑ j u j u ]_w
[_w t o v e l u ɡ ɑ ]_w
[_w b u ɑ j ɑ ]_w
[_w i d i ]_w
[_w m ɑ ʔ ɑ w ɑ ]_w
[_w ɡ i f e v ɑ i ]_w
[_w h i t e v ɑ ]_w
[_w v e h ]_w
[_w ɑ w ɑ d i ]_w
[_w w ɑ d i ]_w
[_w ɑ b ɑ f e j ɑ o ]_w
[_w b u k i j ɑ ]_w
[_w t o n i v ɑ ]_w
[_w m i t ɑ i k u ]_w
[_w h i n ɑ ɡ o n ɑ ]_w
[_w ɑ n ɑ u w e ]_w
[_w b o n ɑ ʔ ɑ n ɑ ]_w
[_w f e ʔ o ʔ o l ɑ ]_w
[_w k i t e m ɑ ]_w
[_w t o t i ]_w
[_w n ɑ t o n i ]_w
[_w t u w e l ɑ ]_w
[_w h i h u l u f ɑ ]_w
[_w w ɑ n ɑ b o t ɑ ]_w
[_w n ɑ f o n e ]_w
[_w ɑ i w ɑ ʔ u n e ]_w
[_w ɡ i n ɑ ɡ ɑ ]_w
[_w n u j ɑ ]_w
[_w m ɑ ʔ i d ɑ n i ]_w
[_w k e l i t ɑ ]_w
[_w h i j u j u ]_w
[_w ɡ u w ɑ ]_w
[_w u n ɑ ɡ ɑ h e ]_w
[_w u ʔ u t ɑ ]_w
[_w k i d ɑ i n ɑ ]_w
[_w u ʔ i t ɑ d i ]_w
[_w ɡ o j o n ɑ ]_w
[_w ɡ e l i t o ]_w
[_w f e j ɑ i n ɑ ]_w
[_w ɡ ɑ v e l u k ɑ ]_w
[_w t ɑ m u w e l ɑ ]_w
[_w k ɑ n ɑ t ɑ ]_w
[_w h e l o t e ]_w
[_w u d i k u ɑ ]_w
[_w d i v ɑ ]_w
[_w h i l u k u j o ]_w
[_w w ɑ n ɑ u n ɑ ]_w
[_w b e d ɑ n e ]_w
[_w o l i v e ]_w
[_w w o w o m u m u ]_w
[_w ɑ m ɑ f ɑ t ɑ ]_w
[_w ɑ k e n ɑ ]_w
[_w ɑ i m o n i ]_w
[_w ɡ i j ɑ ]_w
[_w ɡ i h ɑ ɡ i ]_w
[_w n u w ɑ d o k ɑ ]_w
[_w h i m i j ɑ m i ]_w
[_w ɑ ʔ ɑ b i ]_w
[_w m i l o m u ]_w
[_w t ɑ b u ]_w
[_w m ɑ t ɑ t i ]_w
[_w ɡ i v e ʔ ɑ t i ]_w
[_w ɑ ɡ ɑ h e n ɑ ]_w
[_w v ɑ l e j ɑ ]_w
[_w t i m i n ɑ ]_w
[_w ɡ i n ɑ h o b u ]_w
[_w i j ɑ ʔ e k u ]_w
[_w ɑ ɡ ɑ i m i j ɑ ]_w
[_w w ɑ ɡ ɑ ɡ ɑ h e ]_w
[_w t ɑ u n i ]_w
[_w ɡ u v ɑ l e t i ]_w
[_w ɡ i b o u ]_w
[_w v ɑ i k ɑ u ]_w
[_w ɡ e d ɑ ]_w
[_w v ɑ j ɑ d i n ɑ ]_w
[_w ɡ ɑ l e k o ]_w
[_w t e t ɑ n i j ɑ ]_w
[_w v ɑ i ɡ ɑ u ]_w
[_w j ɑ m i ]_w
[_w ɡ i k o v ɑ t i ]_w
[_w t ɑ k ɑ n i ]_w
[_w ɡ ɑ i w ɑ b u ]_w
[_w ɑ t ɑ m ɑ m ɑ ]_w
[_w ɑ ɡ u ]_w
[_w v ɑ i l ɑ t o ]_w
[_w ɑ d ɑ m o ]_w
[_w ɑ b ɑ ɡ ɑ ]_w
[_w o l o d i ]_w
[_w j e w ɑ k u j ɑ ]_w
[_w f e ɡ i d e n ɑ ]_w
[_w l u ɡ u ]_w
[_w k i ɡ o ]_w
[_w ɑ w ɑ n ɑ ]_w
[_w k ɑ j e w ɑ t i ]_w
[_w o ɡ o l o d i ]_w
[_w k i m u ]_w
[_w h i ʔ i d ɑ d ɑ ]_w
[_w t ɑ i d ɑ ]_w
[_w l i l i ]_w
[_w t ɑ b o ]_w
[_w i n u b ɑ n ɑ ]_w
[_w d o t e n ɑ ]_w
[_w h i m ɑ ]_w
[_w k o l o d i ]_w
[_w ɑ l i ɡ ɑ ]_w
[_w h i d ɑ u j ɑ ]_w
[_w m ɑ ɡ i k i t i ]_w
[_w t ɑ b ɑ t i ]_w
[_w ɡ e l i d o ]_w
[_w v ɑ ʔ i n i j ɑ ]_w
[_w ɡ ɑ n ɑ w o n ɑ ]_w
[_w ɑ i j o n i ]_w
[_w i n u b ɑ k u ]_w
[_w ɡ i b u b u ]_w
[_w b o w ɑ d i k ɑ ]_w
[_w u ʔ u t i j ɑ ]_w
[_w ɡ ɑ n ɑ ʔ e l ɑ ]_w
[_w n u w ɑ d i ]_w
[_w ɡ ɑ m i ]_w
[_w ɑ h e ɡ e ]_w
[_w h ɑ ɡ u ɑ d i ]_w
[_w ɑ t o d ɑ ]_w
[_w k i ɡ o f ɑ t i ]_w
[_w k o n i d e l o ]_w
[_w t ɑ v ɑ ]_w
[_w l u ɡ u m ɑ n ɑ ]_w
[_w n i ʔ u ]_w
[_w h i d u n e n ɑ ]_w
[_w m ɑ t ɑ n i j ɑ ]_w
[_w d ɑ m ɑ ]_w
[_w ɡ i t e t e m i ]_w
[_w k ɑ l ɑ ]_w
[_w ɡ ɑ n ɑ k ɑ ]_w
[_w v ɑ d ɑ m e ]_w
[_w d ɑ u t ɑ n ɑ ]_w
[_w h i n ɑ ʔ o d ɑ ]_w
[_w l o ɡ ɑ ]_w
[_w ɡ ɑ l i j e j ɑ ]_w
[_w u ʔ u t i ]_w
[_w h i ʔ i l ɑ ʔ ɑ ]_w
[_w n ɑ t u n ɑ ]_w
[_w ɡ ɑ v e l e m i ]_w
[_w f e l e ɡ u ]_w
[_w h i j ɑ ]_w
[_w ɑ n ɑ t e n i ]_w
[_w l ɑ l ɑ ]_w
[_w i n u b ɑ ]_w
[_w k i l ɑ k ɑ ]_w
[_w h i v ɑ i k ɑ u ]_w
[_w ɑ i h ɑ l ɑ ]_w
[_w h i ʔ ɑ ]_w
[_w ɡ i n ɑ n ɑ ]_w
[_w w ɑ n i ]_w
[_w k ɑ ʔ i t ɑ ]_w
[_w k u f ɑ ]_w
[_w f i f i l u w ɑ ]_w
[_w ɡ i n ɑ ʔ o t ɑ ]_w
[_w t i b u m i ]_w
[_w t ɑ j ɑ k i n e ]_w
[_w w ɑ ɡ ɑ n i ]_w
[_w t ɑ t ɑ t e i ]_w
[_w k i v ɑ i n ɑ ]_w
[_w i v i ]_w
[_w w ɑ ʔ ɑ m i n e ]_w
[_w t o n i ]_w
[_w e k ɑ n ɑ u n ɑ ]_w
[_w t ɑ u m i j ɑ ]_w
[_w m ɑ k i k i t i ]_w
[_w ɡ i n ɑ v ɑ d i ]_w
[_w l ɑ m u f ɑ ]_w
[_w t ɑ i l o ]_w
[_w e ɡ i m u ]_w
[_w ɡ i n ɑ k o j o ]_w
[_w u ʔ u m i j ɑ o ]_w
[_w h e ɡ ɑ ]_w
[_w h i t ɑ ]_w
[_w e l i j ɑ ]_w
[_w k o j o n ɑ ]_w
[_w h ɑ m i ]_w
[_w w ɑ ʔ ɑ k o ]_w
[_w ɡ ɑ u f e j ɑ ]_w
[_w w ɑ n ɑ j o ]_w
[_w f ɑ f ɑ n ɑ ]_w
[_w k e l ɑ d i ]_w
[_w v i l i d i l ɑ ]_w
[_w m ɑ t ɑ ]_w
[_w h i n ɑ f i t i ]_w
[_w i t i ]_w
[_w t ɑ m ɑ t u n ɑ ]_w
[_w w ɑ ɡ ɑ j e m u ]_w
[_w i t ɑ ʔ e l ɑ ]_w
[_w k ɑ t u ʔ e ]_w
[_w w e h i ]_w
[_w m ɑ k i ]_w
[_w b u n ɑ ]_w
[_w k ɑ ʔ ɑ n ɑ ]_w
[_w m e d e m i t ɑ ]_w
[_w m u n ɑ ]_w
[_w k u ɑ d i ]_w
[_w l u k e ]_w
[_w i d i l ɑ ]_w
[_w ɑ t ɑ m ɑ t i ]_w
[_w l i l i m i j ɑ ]_w
[_w k ɑ ɡ ɑ j o ]_w
[_w v e h ɑ w ɑ ]_w
[_w h o t ]_w
[_w n u w ɑ k u w ɑ ]_w
[_w t o d o m ɑ ]_w
[_w ɑ ʔ ɑ ]_w
[_w b o k i j ɑ t i ]_w
[_w t i b u k u ]_w
[_w h i b u b u ]_w
[_w o b e d i ]_w
[_w h i n ɑ ʔ e l ɑ ]_w
[_w t o h ɑ w ɑ ]_w
[_w ɡ i ʔ ɑ b i d i ]_w
[_w h i n ɑ ɡ u ]_w
[_w m ɑ n u d i j ɑ ]_w
[_w t u ʔ e ]_w
[_w ɡ i t ɑ d i j o ]_w
[_w t ɑ l i ]_w
[_w ɑ t ɑ m o j ɑ ]_w
[_w ɑ h e ]_w
[_w k i k ɑ n ɑ ɡ ɑ ]_w
[_w l u ɡ e ]_w
[_w ɑ k ɑ b u n e ]_w
[_w b ɑ v ɑ ɡ i k u ]_w
[_w k u k ɑ i ]_w
[_w k ɑ f e b u d u ]_w
[_w t u n u ɡ ɑ ]_w
[_w ɡ i k o ]_w
[_w ɡ ɑ n ɑ ʔ ɑ ]_w
[_w ɡ i b e ʔ u ]_w
[_w m ɑ t ɑ m ɑ m i ]_w
[_w t i f e n i ]_w
[_w m ɑ d ɑ ]_w
[_w ɡ i n ɑ t ɑ ]_w
[_w t u l i n ɑ ]_w
[_w h i ʔ i t ɑ ]_w
[_w v e l o ]_w
[_w u ʔ u d i ]_w
[_w t o v e l u ]_w
[_w u j ɑ u ]_w
[_w ɑ d e ʔ ɑ d e ]_w
[_w f e l u ]_w
[_w v ɑ v ɑ l e j ɑ ]_w
[_w l i t i t i j ɑ ]_w
[_w ɡ ɑ d ɑ n ɑ ]_w
[_w h ɑ ɡ ɑ l i v ɑ ]_w
[_w k i d u l u ]_w
[_w u t ɑ t e i ]_w
[_w v i d i ]_w
[_w m e t e t e i ]_w
[_w e t e j ɑ ]_w
[_w h i m i j o n i ]_w
[_w ɡ i m ɑ d i ]_w
[_w w ɑ l u ɡ u ]_w
[_w k i h i j o t o ]_w
[_w ɡ i ʔ ɑ l ɑ n ɑ ]_w
[_w v e l e t i j ɑ ]_w
[_w ɑ k o m i ]_w
[_w h i n ɑ d ɑ ]_w
[_w d ɑ i d ɑ ]_w
[_w ɡ ɑ d ɑ ]_w
[_w w e t e i ]_w
[_w l i ɡ o ]_w
[_w i t u n e n ɑ ]_w
[_w u m i d i ]_w
[_w t o n i k i ]_w
[_w w ɑ n ɑ ɡ i ]_w
[_w ɡ ɑ v ɑ t u ]_w
[_w l ɑ ɡ ɑ h e t i ]_w
[_w n i b ɑ i n ɑ ]_w
[_w ɡ e l i t ɑ ]_w
[_w ɡ ɑ v e l e k u ]_w
[_w b o n ɑ t ɑ ]_w
[_w k ɑ v ɑ d ɑ ]_w
[_w v e l e k u ]_w
[_w ɑ k ɑ b ɑ d i ]_w
[_w k ɑ t ɑ n ɑ ]_w
[_w t e t o ɡ ɑ ]_w
[_w ɡ i n ɑ f i d ɑ ]_w
[_w t ɑ ɡ ɑ t i m o ]_w
[_w f e n o k ɑ l ɑ ]_w
[_w t ɑ ʔ e j ɑ m i ]_w
[_w ɡ i v e ɡ e ɡ e ]_w
[_w f e h ]_w
[_w ɡ ɑ l e t ɑ ]_w
[_w h i t ɑ l u k u ]_w
[_w d u m o ]_w
[_w w ɑ d e v ɑ m ɑ ]_w
[_w i m ɑ ]_w
[_w ɡ i d ɑ ɡ ɑ ]_w
[_w ɑ u h e ʔ ɑ m ɑ ]_w
[_w n u w ɑ l ɑ m i ]_w
[_w ɑ ɡ ɑ h i h i ]_w
[_w t o t i k u l u ]_w
[_w t o m u l i n ɑ ]_w
[_w h i d ɑ u n ɑ ]_w
[_w w o w o n e ]_w
[_w n ɑ u ʔ ɑ ]_w
[_w k ɑ h e ]_w
[_w ɡ ɑ m e l i ]_w
[_w h i n ɑ k ɑ n e ]_w
[_w h o b u ]_w
[_w h ɑ ɡ u ɑ ]_w
[_w t e d o k ɑ ]_w
[_w b o ɡ e d ɑ n i ]_w
[_w h i h i j o t o ]_w
[_w ɡ o l o d i ]_w
[_w ɑ d ɑ f ɑ ]_w
[_w k ɑ l o w o ɡ ɑ ]_w
[_w w o w o m e j ɑ ]_w
[_w u m ɑ u m ɑ ]_w
[_w m ɑ t i ]_w
[_w w ɑ f ɑ d i ]_w
[_w m ɑ h ɑ l ɑ m ɑ ]_w
[_w ɡ i ʔ o n ɑ ]_w
[_w b e d ɑ n i ]_w
[_w k ɑ b ɑ l ɑ b ɑ ]_w
[_w h i d e t e ]_w
[_w k u w ɑ t i ]_w
[_w t i k o ]_w
[_w h i m u n u ]_w
[_w k i v ɑ n i ]_w
[_w k i n ɑ l u ɡ u ]_w
[_w h e i ]_w
[_w h i j ɑ m i n ɑ ]_w
[_w h i l ɑ ɡ ɑ ]_w
[_w ɡ ɑ f ɑ t ɑ t i ]_w
[_w k ɑ l i v i j ɑ ]_w
[_w l e m e ]_w
[_w e h ɑ d i ]_w
[_w t u b u ɡ ɑ ]_w
[_w ɡ ɑ m u ]_w
[_w ɡ ɑ ɡ o l ɑ n ɑ ]_w
[_w u t ɑ ɡ ɑ h e ]_w
[_w ɑ w ɑ l ɑ ɡ ɑ ]_w
[_w t ɑ i t ɑ ]_w
[_w b ɑ t i b ɑ d i ]_w
[_w n ɑ e n i ]_w
[_w f ɑ f o d i ]_w
[_w k i t u b u ɡ ɑ ]_w
[_w e m o n i ]_w
[_w f ɑ t i ]_w
[_w ɑ t e m i ]_w
[_w l ɑ m u ]_w
[_w ɑ d i v ɑ ]_w
[_w ɡ ɑ d ɑ k ɑ h e ]_w
[_w u t ɑ t e n ɑ ]_w
[_w w ɑ n ɑ j u n ɑ ]_w
[_w ɑ i m o ]_w
[_w ɑ u l o ]_w
[_w k i t e n ɑ ]_w
[_w k ɑ n ɑ j o ]_w
[_w k ɑ d u b u k ɑ ]_w
[_w ɡ i m ɑ t u n ɑ ]_w
[_w h i v e n i ]_w
[_w ɡ i j u v e ]_w
[_w ɡ ɑ t e n i ]_w
[_w e t ɑ ʔ u f o ]_w
[_w d e d i ]_w
[_w d u b u ɡ ɑ ]_w
[_w ɡ ɑ u w ɑ v ɑ ]_w
[_w b u ɑ t ɑ n i ]_w
[_w ɡ u ɑ t i ]_w
[_w k ɑ f e j ɑ o ]_w
[_w ɡ i v e l e t i ]_w
[_w u d i ɡ u l u ]_w
[_w e i t i n i ]_w
[_w v ɑ ʔ i n e ]_w
[_w w i ɡ i ]_w
[_w w e d e d e i ]_w
[_w d ɑ l ɑ ]_w
[_w t ɑ u m i ]_w
[_w h i t e d i ]_w
[_w k ɑ n ɑ ʔ ɑ n i ]_w
[_w n i b ɑ i k u ]_w
[_w u h i j o ʔ o ]_w
[_w m ɑ d ɑ t i d o ]_w
[_w ɑ ʔ i d ɑ ]_w
[_w ɑ v ɑ e ɡ ɑ ]_w
[_w w ɑ n ɑ b ɑ d i ]_w
[_w t ɑ u m e j ɑ ]_w
[_w j o n i ]_w
[_w ɡ ɑ f ɑ i n i ]_w
[_w k e l o t i ]_w
[_w t ɑ u b ɑ t ɑ ]_w
[_w t o l e m e ]_w
[_w m ɑ n u k o t e ]_w
[_w j ɑ d i n ɑ ]_w
[_w o v ɑ d i ]_w
[_w l ɑ i j o n i ]_w
[_w n o u k u ]_w
[_w k e l i d ɑ ]_w
[_w ɡ o l i n i d ɑ ]_w
[_w ɡ i ʔ ɑ l i ɡ ɑ ]_w
[_w m ɑ d ɑ m i ]_w
[_w ɡ i n ɑ d e t i ]_w
[_w f ɑ d ɑ n i ]_w
[_w ɑ i t u h ɑ ]_w
[_w ɡ i ʔ i l o v ɑ ]_w
[_w h i d e d i ]_w
[_w k ɑ d e n i ]_w
[_w v ɑ d ɑ d i ]_w
[_w j ɑ k u n ɑ ]_w
[_w ɑ f ɑ e ɡ ɑ ]_w
[_w m e j ɑ n ɑ ]_w
[_w d o t o n ɑ ]_w
[_w t ɑ i n e ]_w
[_w l i t ɑ ]_w
[_w l ɑ u j ɑ ]_w
[_w d i u l e ]_w
[_w j ɑ w ɑ i ]_w
[_w w o w o m ɑ ]_w
[_w k i j ɑ m i ]_w
[_w n u w ɑ t e v ɑ ]_w
[_w ɡ i n ɑ t i ]_w
[_w m i n i n i f ɑ ]_w
[_w ɡ u ɑ m e ]_w
[_w u n ɑ j ɑ k e ]_w
[_w f ɑ j ɑ d ɑ ]_w
[_w n u w ɑ n ɑ ʔ ɑ ]_w
[_w k ɑ n ɑ n ɑ ]_w
[_w t ɑ i n ɑ d i ]_w
[_w e f e t o ]_w
[_w u k ɑ h e n ɑ ]_w
[_w ɑ k ɑ b u n ɑ ]_w
[_w ɡ ɑ ʔ i d ɑ j o ]_w
[_w t i m e l i ]_w
[_w u v ɑ i t e n ɑ ]_w
[_w ɑ j o m ɑ ]_w
[_w ɑ k ɑ h i n ɑ ]_w
[_w h i v ɑ i ]_w
[_w ɡ ɑ v e j ɑ w ɑ ]_w
[_w h i d e t e i ]_w
[_w m ɑ n u ɡ o t e ]_w
[_w f ɑ i t ɑ u j ɑ ]_w
[_w k u w ɑ t o ɡ ɑ ]_w
[_w w o w o ]_w
[_w n o u m i ]_w
[_w j e m e t ɑ ]_w
[_w ɡ i t ɑ u n i ]_w
[_w j u d ɑ d e n ɑ ]_w
[_w ɑ k o m ɑ ]_w
[_w k i k o v ɑ ɡ ɑ ]_w
[_w u ɡ ɑ j o ]_w
[_w k e v ɑ ɡ e v ɑ ]_w
[_w k e f ɑ ɡ e f ɑ ]_w
[_w k e ɡ e m o ʔ ɑ ]_w
[_w j ɑ w ɑ i n i ]_w
[_w w ɑ n o ɡ ɑ l i ]_w
[_w k i n ɑ ɡ o t u ]_w
[_w f e ʔ e h e ]_w
[_w v i l i k ɑ ]_w
[_w ɑ n u n u n e ]_w
[_w t o l ɑ m ɑ ]_w
[_w ɡ i n ɑ ɡ ɑ j o ]_w
[_w ɡ i j ɑ u d ɑ ]_w
[_w t u w ɑ ]_w
[_w w o w o ɡ u ]_w
[_w e v e d o ]_w
[_w m e l ɑ l e j ɑ ]_w
[_w ɑ k e k u ]_w
[_w ɡ i n ɑ ɡ o n ɑ ]_w
[_w d e t i ]_w
[_w ɑ u d ɑ ]_w
[_w ɡ i n i ]_w
[_w k i j ɑ u n ɑ ]_w
[_w ɑ k i f ɑ i ]_w
[_w m ɑ l ɑ m ɑ n ɑ ]_w
[_w b o n ɑ n ɑ ]_w
[_w l ɑ k ɑ j o ]_w
[_w f e t i u l e ]_w
[_w u ʔ i d ɑ n ɑ ]_w
[_w k i m i j ɑ ]_w
[_w k i j u v e ]_w
[_w t ɑ i m o m o ]_w
[_w d o ʔ ɑ l i ɡ ɑ ]_w
[_w w ɑ t ɑ k ɑ n i ]_w
[_w t ɑ u b ɑ d ɑ ]_w
[_w h i t ɑ ɡ ɑ ]_w
[_w ɑ b o t e j ɑ ]_w
[_w h o d i ]_w
[_w h o d ɑ n ɑ ]_w
[_w h e l o t e j ɑ ]_w
[_w m ɑ ɡ ɑ ]_w
[_w h i t e t ɑ n i ]_w
[_w h ɑ ɡ i ]_w
[_w ɡ e l ɑ d i ]_w
[_w o n e t i ]_w
[_w u ʔ i t ɑ t i ]_w
[_w t u b u d i ]_w
[_w ɡ i j e w ɑ t i ]_w
[_w j o d ɑ i j ɑ ]_w
[_w t ɑ i n ɑ ]_w
[_w h i t e n i j o ]_w
[_w f e l u k ɑ ]_w
[_w m i t o d o m ɑ ]_w
[_w ɡ ɑ v e b u d u ]_w
[_w t ɑ u d e j ɑ o ]_w
[_w ɡ ɑ h e m ɑ ]_w
[_w ɡ i j e w ɑ n ɑ ]_w
[_w b o n ɑ m i t i ]_w
[_w ɑ d e v ɑ m ɑ ]_w
[_w v e w ɑ b ɑ n ɑ ]_w
[_w m ɑ ɡ e w ɑ ʔ e ]_w
[_w t u b u v ɑ ɡ u ]_w
[_w ɡ u f e j ɑ ]_w
[_w h i j u j e n ɑ ]_w
[_w d i t i j ɑ ]_w
[_w ɑ n ɑ f ɑ i n ɑ ]_w
[_w n ɑ k o n ɑ ]_w
[_w ɡ ɑ b ɑ d i ]_w
[_w w ɑ n ɑ j u n i ]_w
[_w h i v e v ɑ i ]_w
[_w k e l i t ɑ n ɑ ]_w
[_w h i n ɑ k o ɡ u ]_w
[_w m i e f e d o ]_w
[_w ɡ ɑ j e k ɑ ]_w
[_w k ɑ b u ]_w
[_w f e w ɑ ɡ ɑ ]_w
[_w h i t ɑ l ɑ m ɑ ]_w
[_w w i d i ]_w
[_w t e t i ]_w
[_w f ɑ l i ]_w
[_w h i d e n i ]_w
[_w f e v i n e ]_w
[_w k ɑ i b e ]_w
[_w t ɑ j ɑ ɡ i t i ]_w
[_w h i d ɑ n ɑ ]_w
[_w w e ʔ o ]_w
[_w u f ɑ i t i j ɑ ]_w
[_w t o j ɑ u t i ]_w
[_w w ɑ e ɡ ɑ ]_w
[_w u ʔ u d i j ɑ ]_w
[_w ɡ i ʔ ɑ b i n ɑ ]_w
[_w v ɑ l ɑ ]_w
[_w ɡ i t u b u n ɑ ]_w
[_w k u w ɑ n ɑ ]_w
[_w ɑ h e k ɑ ]_w
[_w t i u l e ]_w
[_w w o w o d i ]_w
[_w t u ʔ e n ɑ ]_w
[_w k ɑ b u b u n ɑ ]_w
[_w ɡ i m i j ɑ o ]_w
[_w ɑ k ɑ i m i ]_w
[_w t i d i k e j ɑ ]_w
[_w t i u l e k ɑ ]_w
[_w v e w ɑ n ɑ ]_w
[_w n ɑ ɡ o n ɑ ]_w
[_w w ɑ k o j o n e ]_w
[_w t ɑ j ɑ ɡ ɑ t i ]_w
[_w h i ʔ i l o v ɑ ]_w
[_w t o k o j o n e ]_w
[_w ɡ ɑ v e b u t u ]_w
[_w h i ɡ ɑ j o ]_w
[_w u d e n i ]_w
[_w w ɑ d e m ɑ ]_w
[_w ɑ l o w o ɡ ɑ ]_w
[_w m u l i k u j ɑ ]_w
[_w d ɑ k ɑ m ɑ ]_w
[_w j ɑ t ɑ ]_w
[_w f ɑ l ɑ ]_w
[_w b ɑ i n ɑ ]_w
[_w j ɑ n e t i ]_w
[_w ɡ i d ɑ m i ]_w
[_w t o l ɑ m ɑ l ɑ ]_w
[_w f e f ɑ i ]_w
[_w t ɑ v ɑ d ɑ ]_w
[_w o t ɑ ]_w
[_w d e w ɑ ]_w
[_w ɑ m i j ɑ o ]_w
[_w w ɑ k e j ɑ ]_w
[_w t ɑ d i ]_w
[_w h i d e d e ]_w
[_w ɡ i l o w ɑ ]_w
[_w ɡ i j ɑ t i ]_w
[_w t ɑ u d i j ɑ ]_w
[_w ɑ i t e n ɑ ]_w
[_w k e l i d i j ɑ ]_w
[_w m ɑ t ɑ m ɑ ]_w
[_w m ɑ d u ]_w
[_w t ɑ j ɑ k ɑ ]_w
[_w k i k ɑ h e ]_w
[_w t i j o n ɑ ]_w
[_w k i m ɑ d i ɡ o ]_w
[_w ɑ b ɑ v e j ɑ ]_w
[_w b u ɑ ʔ u l i ]_w
[_w b ɑ b i j ɑ ]_w
[_w t e t o k ɑ ]_w
[_w f ɑ i t ɑ t i ]_w
[_w v e ʔ ɑ m ɑ t u ]_w
[_w h i n ɑ j e m u ]_w
[_w ɑ m e ]_w
[_w h i ʔ ɑ b i ]_w
[_w t ɑ m o j ɑ ]_w
[_w b u ɑ n ɑ ]_w
[_w m ɑ d ɑ n ɑ ]_w
[_w h i t ɑ m ɑ n ɑ ]_w
[_w ɡ i b o k i ]_w
[_w ɡ ɑ n ɑ k ɑ j o ]_w
[_w w o w o t e j ɑ ]_w
[_w ɑ t ɑ j ɑ ]_w
[_w t ɑ b ɑ n ɑ ]_w
[_w m ɑ t ɑ d e n ɑ ]_w
[_w ɡ ɑ h u ]_w
[_w e t i j ɑ ]_w
[_w m i k o l e t i ]_w
[_w ɡ i n ɑ k o n ɑ ]_w
[_w f i l i m o n e ]_w
[_w h i ʔ i t ɑ ɡ u ]_w
[_w n e f e ʔ ɑ ]_w
[_w ɡ i b u k i ]_w
[_w f ɑ t ɑ t e n i ]_w
[_w k i v e l e k u ]_w
[_w h i n ɑ k u ]_w
[_w m ɑ n u w ɑ l ɑ ]_w
[_w t o n ɑ k o t u ]_w
[_w t ɑ ɡ ɑ ]_w
[_w n u w ɑ l u k u ]_w
[_w i v e b u ɑ v i ]_w
[_w m ɑ n u w ɑ ]_w
[_w f ɑ f o t i n i ]_w
[_w ɡ ɑ i ʔ ɑ t i ]_w
[_w h i t ɑ u j ɑ ]_w
[_w ɑ ɡ e m ɑ ]_w
[_w k ɑ m o d ɑ ]_w
[_w m ɑ n u ɡ ɑ ]_w
[_w w ɑ ʔ i d i n i ]_w
[_w ɑ f ɑ i n i j ɑ ]_w
[_w ɡ i v e ʔ ɑ ]_w
[_w k ɑ l i n ɑ ]_w
[_w ɑ t i ɡ u l u ]_w
[_w h i ɡ o v ɑ n ɑ ]_w
[_w ɡ ɑ ʔ ɑ l i k ɑ ]_w
[_w ɡ ɑ n ɑ ɡ ɑ j o ]_w
[_w n u w ɑ l ɑ ]_w
[_w i n o ɡ i ]_w
[_w d i t i l ɑ ]_w
[_w m u d u n e n ɑ ]_w
[_w h i t e ɡ u ]_w
[_w ɡ ɑ n ɑ ɡ ɑ m ɑ ]_w
[_w i f ɑ k u n ɑ ]_w
[_w t i f i ]_w
[_w u t u n ɑ ]_w
[_w h e m e t ɑ ]_w
[_w n o u n e j ɑ ]_w
[_w w ɑ ɡ e j o ]_w
[_w ɡ o l o t i ]_w
[_w w ɑ ʔ ɑ l i j e ]_w
[_w w ɑ ʔ e l ɑ ]_w
[_w v ɑ v i n ɑ ]_w
[_w v i v i t ɑ ]_w
[_w ɡ ɑ l i f ɑ ]_w
[_w ɡ ɑ d ɑ ʔ ɑ n ɑ ]_w
[_w h i n ɑ j u n ɑ ]_w
[_w w o w o t i j ɑ ]_w
[_w m i d o d i ]_w
[_w t i v ɑ ]_w
[_w v i l i m o n e ]_w
[_w k i n ɑ u n ɑ ]_w
[_w d i b u n ɑ ]_w
[_w h u ɡ u n ɑ ]_w
[_w b o u n ɑ ]_w
[_w ɑ h e ɡ e n ɑ ]_w
[_w ɡ i h e ɡ e ]_w
[_w v e w ɑ n ɑ n ɑ ]_w
[_w h e m e d ɑ ]_w
[_w k i j e m u j o ]_w
[_w ɡ i f ɑ h ɑ ]_w
[_w ɡ i d ɑ u d i ]_w
[_w ɑ j ɑ k i n e ]_w
[_w m ɑ ʔ i d ɑ ]_w
[_w e t o ]_w
[_w k ɑ v e j ɑ ]_w
[_w j o ʔ o j ɑ ]_w
[_w ɑ m ɑ f ɑ t i ]_w
[_w f ɑ d ɑ n ɑ ]_w
[_w w o w o n ɑ ]_w
[_w ɑ j e m u ]_w
[_w m ɑ i d i ]_w
[_w ɡ i n ɑ t e n ɑ ]_w
[_w ɡ i ɡ o l u ]_w
[_w ɡ i t u b u ɡ ɑ ]_w
[_w l u ɡ ɑ d i ]_w
[_w h i k ɑ b u n ɑ ]_w
[_w t o m ɑ ]_w
[_w ɑ t e m ɑ ]_w
[_w h i ʔ ɑ b i n ɑ ]_w
[_w ɑ m i n e ]_w
[_w k ɑ t ɑ u t ɑ ]_w
[_w f ɑ d i ]_w
[_w m ɑ k ɑ ]_w
[_w f o w ɑ ]_w
[_w t ɑ t u d i ]_w
[_w h o w ɑ h o w ɑ ]_w
[_w ɑ j ɑ ɡ e ]_w
[_w l o b ɑ m ɑ ]_w
[_w k i ɡ ɑ j o ]_w
[_w ɑ t i v ɑ ]_w
[_w j ɑ d i ]_w
[_w h i w ɑ v i d ɑ ]_w
[_w h i n ɑ ɡ i t i ]_w
[_w v ɑ ʔ i m e j ɑ ]_w
[_w u ʔ ɑ b i n ɑ ]_w
[_w ɑ ɡ o ]_w
[_w h i n ɑ f i d ɑ ]_w
[_w ɡ ɑ d u ]_w
[_w t ɑ m ɑ t u ]_w
[_w h i ʔ i d ɑ ]_w
[_w d ɑ b ɑ d i ʔ e ]_w
[_w f e l e m i ]_w
[_w j o n ɑ ]_w
[_w d ɑ j ɑ ɡ e ]_w
[_w e ɡ ɑ n ɑ u n ɑ ]_w
[_w m e j ɑ d i ]_w
[_w ɑ l e v ɑ d u ]_w
[_w v e v e ]_w
[_w b o n ɑ ɡ ɑ ]_w
[_w j o l ɑ m e j ɑ ]_w
[_w ɑ i t ]_w
[_w m ɑ n u t i ]_w
[_w ɡ i t e d e ]_w
[_w t ɑ k i u t i ]_w
[_w j o l i t ɑ ]_w
[_w ɡ ɑ t ɑ ɡ ɑ h e ]_w
[_w ɡ u ɡ ɑ i b e ]_w
[_w l i d i j ɑ o ]_w
[_w j ɑ w ɑ i d i ]_w
[_w ɑ v ɑ e k ɑ n ɑ ]_w
[_w t ɑ j ɑ ɡ ɑ ]_w
[_w j o t u w ɑ ]_w
[_w n ɑ i n ɑ ]_w
[_w f e k e k e ]_w
[_w ɡ i v e l e t ɑ ]_w
[_w ɡ ɑ h u l u f ɑ ]_w
[_w f ɑ i ɡ o h i ]_w
[_w k e l e v i ]_w
[_w w ɑ ɡ u w ɑ ]_w
[_w ɑ ɡ ɑ i d o n ɑ ]_w
[_w u d u n ɑ ]_w
[_w u d ɑ ɡ ɑ t i ]_w
[_w w ɑ l o ɡ ɑ ]_w
[_w ɑ l i ɡ e d i ]_w
[_w ɡ ɑ l i v ɑ t ɑ ]_w
[_w b i j ɑ o ]_w
[_w t i d i ɡ e j ɑ ]_w
[_w h i n ɑ ɡ i ]_w
[_w u d e n ɑ ]_w
[_w i h ɑ j ɑ n ɑ ]_w
[_w k e d ɑ d e n ɑ ]_w
[_w h ɑ v i v i l ɑ ]_w
[_w n i b ɑ i m i ]_w
[_w d e w ɑ t i ]_w
[_w ɡ i ɡ o v ɑ ]_w
[_w n u w ɑ v i t ɑ ]_w
[_w ɡ e d ɑ n i ]_w
[_w m ɑ n u w ɑ f ɑ ]_w
[_w ɡ i ʔ i t ɑ ]_w
[_w k i v e b u d u ]_w
[_w i n u b ɑ n e ]_w
[_w ɡ i v e k e k e ]_w
[_w ɡ i l e l e l e ]_w
[_w ɡ ɑ b u n e ]_w
[_w b ɑ l ɑ u m ɑ ]_w
[_w h i h i ]_w
[_w f ɑ l e j ɑ m i ]_w
[_w e d ɑ i n e ]_w
[_w v e l e t i ]_w
[_w v i n i ɡ e t i ]_w
[_w e l ɑ ]_w
[_w ɑ d o t ɑ ]_w
[_w b o k e t i ]_w
[_w k i k u ɑ ]_w
[_w ɡ i h u l u f ɑ ]_w
[_w h i ɡ ɑ h e ɡ e ]_w
[_w h i j ɑ u n ɑ ]_w
[_w ɡ i n ɑ ʔ ɑ ]_w
[_w k ɑ b e ʔ u m ɑ ]_w
[_w ɡ i d u b u k ɑ ]_w
[_w l i v i ]_w
[_w ɡ ɑ l e d e ]_w
[_w h i n ɑ b o k i ]_w
[_w m ɑ d ɑ d i j ɑ ]_w
[_w l ɑ ɡ ɑ n ɑ ]_w
[_w ɡ i l ɑ v ɑ ]_w
[_w ɡ ɑ m o ]_w
[_w d o b o n e ]_w
[_w t o f e l u ɡ ɑ ]_w
[_w h i d e m i ]_w
[_w b o ɡ i ]_w
[_w f ɑ t i j ɑ ]_w
[_w k ɑ l u ʔ e d ɑ ]_w
[_w ɡ i h i j o ʔ o ]_w
[_w n i m ɑ ɡ ɑ ]_w
[_w m ɑ n u b u d ɑ ]_w
[_w ɡ o l i n e ]_w
[_w k i w ɑ h i n e ]_w
[_w m ɑ d ɑ u n ɑ ]_w
[_w k ɑ k ɑ j o ]_w
[_w b o ɡ i j ɑ ]_w
[_w w ɑ t e f ɑ m ɑ ]_w
[_w h i ɡ u ]_w
[_w ɡ ɑ v e j ɑ ]_w
[_w m e l ɑ l i n ɑ ]_w
[_w ɑ t ɑ m ɑ n ɑ ]_w
[_w ɑ ʔ e l ɑ ]_w
[_w h i n ɑ ʔ ɑ ]_w
[_w k ɑ v e j ɑ o ]_w
[_w t ɑ l ɑ i n ɑ ]_w
[_w u b u b u n ɑ ]_w
[_w h i ɡ o j o ]_w
[_w ɡ ɑ h i h i d i ]_w
[_w ɑ n ɑ ʔ e ]_w
[_w w ɑ f e b u t u ]_w
[_w k ɑ v e v ɑ i ]_w
[_w h i d e d ɑ n ɑ ]_w
[_w ɡ ɑ b i t i ]_w
[_w b u t u n e ]_w
[_w ɡ i t e n ɑ ]_w
[_w u ʔ i t ɑ ]_w
[_w h i t e t e i ]_w
[_w ɑ m i k ɑ ]_w
[_w b ɑ d ɑ ]_w
[_w m o t e t e m ɑ ]_w
[_w ɡ ɑ ɡ ɑ h e ɡ e ]_w
[_w ɡ ɑ l e ɡ o j ɑ ]_w
[_w k e ɡ e j o ]_w
[_w m e t e t e m i ]_w
[_w h i h i w ɑ n ɑ ]_w
[_w ɡ u w ɑ n ɑ ]_w
[_w n u w ɑ f ɑ ]_w
[_w l ɑ i j ɑ ]_w
[_w ɡ ɑ n ɑ ɡ ɑ n i ]_w
[_w w ɑ n ɑ ʔ ɑ n ɑ ]_w
[_w h i l o w o ɡ ɑ ]_w
[_w d i m o t i ]_w
[_w t o v e l u k ɑ ]_w
[_w ɡ i v ɑ ɡ u ]_w
[_w t e d i ]_w
[_w d i ɡ u l u ]_w
[_w u j ɑ m u m u ]_w
[_w b ɑ v ɑ ɡ u n ɑ ]_w
[_w t ɑ m ɑ n i ]_w
[_w j ɑ u b ɑ t i ]_w
[_w ɡ u d e b o ]_w
[_w f ɑ ʔ i n ɑ ]_w
[_w i n ɑ k e n e ]_w
[_w k ɑ j e k ɑ ]_w
[_w m e l ɑ l i d i ]_w
[_w d ɑ i l o m ɑ ]_w
[_w w e d e d e ]_w
[_w h i n ɑ v e l e ]_w
[_w ɡ i v e l e ɡ u ]_w
[_w ɑ l u w ɑ ]_w
[_w f ɑ i w e j ɑ ]_w
[_w h i j o ʔ o ]_w
[_w u d ɑ k ɑ j o ]_w
[_w ɑ b ɑ ]_w
[_w b u ɑ d ɑ n ɑ ]_w
[_w v i l i t o ]_w
[_w ɡ ɑ w ɑ v i d i ]_w
[_w t e d e i ]_w
[_w ɑ i j o n ɑ ]_w
[_w n u w ɑ k o j o ]_w
[_w w ɑ ɡ o j o n ɑ ]_w
[_w h i v e b u t u ]_w
[_w t i ɡ i k o j o ]_w
[_w w ɑ t ɑ ɡ u j ɑ ]_w
[_w w ɑ ɡ e j ɑ ]_w
[_w t o v e m ɑ d u ]_w
[_w t ɑ ɡ ɑ h e ]_w
[_w b o k i ]_w
[_w ɡ i k o v ɑ ]_w
[_w m i d ɑ i k u ]_w
[_w d o ʔ ɑ l i k ɑ ]_w
[_w ɑ b ɑ v e j ɑ o ]_w
[_w m o t ɑ w ɑ ]_w
[_w u n ɑ n ɑ m ɑ ]_w
[_w ɡ i ʔ i l ɑ ʔ ɑ ]_w
[_w k i k ɑ n i ]_w
[_w ɡ i n ɑ ʔ ɑ n i ]_w
[_w t ɑ i m o n i ]_w
[_w f o t i n i ]_w
[_w v ɑ h e j ɑ ]_w
[_w ɡ u v e j ɑ o ]_w
[_w h i m u l i n e ]_w
[_w o t o f ɑ h ɑ ]_w
[_w h i t o b o n e ]_w
[_w ɑ m i j ɑ m i ]_w
[_w v ɑ i t i ]_w
[_w ɑ w ɑ t i ]_w
[_w u d ɑ d i ]_w
