[_w f ɑ v ɑ n ɑ ]_w
[_w n i m ɑ n ɑ ]_w
[_w t ɑ ɡ i j ɑ ɡ e ]_w
[_w ɡ i d ɑ b o ]_w
[_w ɑ h e n ɑ ]_w
[_w k ɑ d ɑ ]_w
[_w t ɑ u m ɑ ]_w
[_w d ɑ ʔ e j ɑ d ɑ ]_w
[_w w o w o n ɑ ]_w
[_w j ɑ u b ɑ d ɑ ]_w
[_w ɡ o n i d e l o ]_w
[_w i d ɑ ]_w
[_w t i m o t i ]_w
[_w ɡ i v e l e m ɑ ]_w
[_w u ʔ u t ɑ ]_w
[_w f e d ɑ w ɑ ]_w
[_w ɑ i m o m o ]_w
[_w v e j ɑ o ]_w
[_w ɑ b o t ɑ n ɑ ]_w
[_w n i ɡ o t i ]_w
[_w l i v ɑ i ]_w
[_w w o n ɑ ]_w
[_w h i t ɑ d i ]_w
[_w j o ʔ o ]_w
[_w k i n ɑ n ɑ ɡ i ]_w
[_w ɡ ɑ n ɑ k ɑ h e ]_w
[_w h i h e ɡ e ]_w
[_w ɑ i t u h ɑ ]_w
[_w j ɑ b u ɑ n ɑ ]_w
[_w t ɑ m ɑ n ɑ ]_w
[_w b o n ɑ ]_w
[_w n u j ɑ ]_w
[_w ɑ h e ʔ i ]_w
[_w w ɑ t i ]_w
[_w ɡ i l e l e n ɑ ]_w
[_w m e j ɑ m i ]_w
[_w f ɑ ʔ i n ɑ ]_w
[_w j ɑ m i ]_w
[_w ɑ b ɑ ]_w
[_w m i j u t ɑ d i ]_w
[_w ɡ i n ɑ n ɑ m ɑ ]_w
[_w ɡ ɑ n ɑ ʔ e ]_w
[_w n i m ɑ t i ]_w
[_w h i n ɑ n ɑ ]_w
[_w m u l o ]_w
[_w t i b u k u ]_w
[_w w ɑ v ɑ ]_w
[_w t ɑ j ɑ ]_w
[_w j ɑ m u m u ]_w
[_w n u w ɑ d i ]_w
[_w o ʔ e n i ]_w
[_w ɡ i l u ɡ u ]_w
[_w b ɑ t i ]_w
[_w ɡ i k o l ɑ n ɑ ]_w
[_w h i m i t i ]_w
[_w m i t ɑ ]_w
[_w i v ɑ k u ]_w
[_w b ɑ d i ]_w
[_w k i n ɑ ]_w
[_w k i ʔ i t ɑ ]_w
[_w h i ʔ ɑ l ɑ n ɑ ]_w
[_w m ɑ l i ]_w
[_w ɡ u ɑ u n e ]_w
[_w ɡ i v e b u t u ]_w
[_w u b u ɑ i n ɑ ]_w
[_w t o t o m ɑ ]_w
[_w t ɑ u ɡ u ]_w
[_w o m i ʔ i j ɑ o ]_w
[_w ɑ j o m ɑ ]_w
[_w ɡ i n ɑ ]_w
[_w ɡ i m o n i ]_w
[_w d i l i d o ]_w
[_w m i k i l i k ɑ ]_w
[_w k e l o d i ]_w
[_w i f ɑ ɡ u n ɑ ]_w
[_w h i b e ʔ u m ɑ ]_w
[_w k ɑ k ɑ h e ]_w
[_w ɑ n ɑ ]_w
[_w ɡ ɑ n ɑ l ɑ ɡ ɑ ]_w
[_w l u k e ]_w
[_w b e d ɑ n e ]_w
[_w ɡ ɑ u v e ʔ ɑ ]_w
[_w h i n ɑ k e n e ]_w
[_w j e l ]_w
[_w w e d e d e i ]_w
[_w d i m ɑ d ɑ ]_w
[_w k i n ɑ ʔ i t ɑ ]_w
[_w e m o ]_w
[_w ɡ ɑ b u ]_w
[_w t ɑ b ɑ t i ]_w
[_w h i n ɑ ]_w
[_w e h e ]_w
[_w h i n ɑ j o ]_w
[_w m ɑ l ɑ ]_w
[_w t i f ɑ ]_w
[_w e l ɑ d i ]_w
[_w ɡ i t e n ɑ ]_w
[_w m u l i ɡ u j ɑ ]_w
[_w t i l i j ɑ ]_w
[_w h e t i ]_w
[_w e d i j ɑ ]_w
[_w u j u j ɑ ]_w
[_w ɑ ɡ u ]_w
[_w ɑ t i ]_w
[_w h i v ɑ i n ɑ ]_w
[_w d ɑ i t ɑ ]_w
[_w e l ɑ t i ]_w
[_w m ɑ n i ]_w
[_w m o t e t e ]_w
[_w w ɑ t e m i ]_w
[_w b u ɑ n ɑ ]_w
[_w k i ʔ o n ɑ n ɑ ]_w
[_w k u ɑ u n e ]_w
[_w l ɑ ʔ o v i n ɑ ]_w
[_w h i ʔ ɑ ]_w
[_w j ɑ ɡ o b u ]_w
[_w v ɑ d ɑ d e j ɑ ]_w
[_w d e u d i ]_w
[_w ɡ ɑ ʔ i d ɑ n ɑ ]_w
[_w ɑ w ɑ n ɑ ]_w
[_w l ɑ ɡ ɑ ]_w
[_w ɡ u ɡ ɑ i b e ]_w
[_w e t e j ɑ ]_w
[_w o l i f e ]_w
[_w h i ʔ i t ɑ ]_w
[_w w ɑ n ɑ ʔ ɑ n i ]_w
[_w h i t ɑ u j ɑ ]_w
[_w ɡ i f e b u t u ]_w
[_w ɡ i k o v ɑ ]_w
[_w ɡ ɑ l i j e j ɑ ]_w
[_w h i j u j u ]_w
[_w u n ɑ m ɑ ]_w
[_w n u w ɑ n e ]_w
[_w f o d i ]_w
[_w t ɑ u k u ]_w
[_w w e ʔ ɑ ]_w
[_w t i k i k o v ɑ ]_w
[_w n i w ɑ l ɑ v ɑ ]_w
[_w t e v i t ɑ n ɑ ]_w
[_w ɡ ɑ n ɑ u n ɑ ]_w
[_w ɡ i ɡ o j o ]_w
[_w b ɑ i n ɑ ]_w
[_w h i j o t o ]_w
[_w ɑ n ɑ k o n ɑ ]_w
[_w t ɑ u l o l o ]_w
[_w w ɑ d ɑ ]_w
[_w d i u l e ]_w
[_w t ɑ m ɑ t u ]_w
[_w ɡ i l u k u ]_w
[_w ɡ ɑ b i ʔ o n ɑ ]_w
[_w t u f o i m i ]_w
[_w h i d e m ɑ ]_w
[_w t ɑ m ɑ d u ]_w
[_w ɡ i n ɑ b e ʔ u ]_w
[_w m i k o l u ]_w
[_w k o j o ]_w
[_w t i n ɑ ]_w
[_w ɑ ɡ e n e ]_w
[_w k e ɡ e ]_w
[_w j ɑ w ɑ i k u ]_w
[_w ɑ ɡ e ɡ u ]_w
[_w d o n ɑ ]_w
[_w j ɑ n ɑ ]_w
[_w m ɑ d ɑ n ɑ ]_w
[_w ɡ ɑ w ɑ ]_w
[_w v ɑ d ɑ n ɑ ]_w
[_w m ɑ ʔ i t ɑ ]_w
[_w f e j ɑ i n ɑ ]_w
[_w b o ɡ i ]_w
[_w ɑ d i ]_w
[_w w ɑ d e n i ]_w
[_w f e f ɑ i ]_w
[_w ɡ ɑ m ɑ ]_w
[_w ɡ ɑ v e l e t i ]_w
[_w ɡ i m i ]_w
[_w j ɑ n ɑ n ɑ ]_w
[_w w ɑ n ɑ m i t i ]_w
[_w ɡ ɑ m i ]_w
[_w ɑ v ɑ l i n ɑ ]_w
[_w n u w ɑ t e n ɑ ]_w
[_w w ɑ n ɑ b e ʔ u ]_w
[_w t ɑ ʔ e j ɑ m ɑ ]_w
[_w o j e j ɑ ]_w
[_w u ʔ u d i ]_w
[_w ɑ l e f ɑ d u ]_w
[_w b u ɑ ʔ u l i ]_w
[_w ɡ i w ɑ h i ]_w
[_w d e w ɑ ]_w
[_w e l i u t ɑ ]_w
[_w k ɑ l i v i ]_w
[_w h i j e w ɑ n ɑ ]_w
[_w t e t ɑ ]_w
[_w ɑ l i k ɑ ]_w
[_w i d i ]_w
[_w ɑ m i ]_w
[_w h o w ɑ h i n ɑ ]_w
[_w k i v e l e m i ]_w
[_w h i n ɑ h o b u ]_w
[_w k u ɡ u j o ]_w
[_w f e l e d i ]_w
[_w ɡ ɑ f ɑ i m i ]_w
[_w j u v ɑ l e j ɑ ]_w
[_w h i w ɑ n ɑ ʔ ɑ ]_w
[_w ɡ ɑ m u ɡ ɑ m u ]_w
[_w f ɑ i t ɑ ]_w
[_w l i l i k u j ɑ ]_w
[_w ɡ i v ɑ k u t i ]_w
[_w h i ɡ ɑ h e j o ]_w
[_w ɡ ɑ m i j ɑ m i ]_w
[_w n o ɡ ɑ l i l i ]_w
[_w h i t e n ɑ ]_w
[_w o j ɑ ]_w
[_w v e ʔ ɑ ]_w
[_w ɑ d u ]_w
[_w v i d ɑ ]_w
[_w ɡ e l e v i ]_w
[_w ɑ ɡ ɑ i n e ]_w
[_w v ɑ ʔ i n e ]_w
[_w l ɑ u ʔ ɑ ɡ e ]_w
[_w ɡ i k ɑ j o ]_w
[_w f i n i k e d i ]_w
[_w n o u ɡ u ]_w
[_w l u ɡ u ]_w
[_w ɡ i ɡ o j o n ɑ ]_w
[_w w ɑ k o j o ]_w
[_w ɑ d e m ɑ ]_w
[_w v i t ɑ ]_w
[_w m o l i t ɑ n ɑ ]_w
[_w f ɑ ʔ i n e ]_w
[_w u j u j u j u ]_w
[_w ɑ ɡ e t o k ɑ ]_w
[_w ɡ ɑ n ɑ ]_w
[_w ɡ i d e m ɑ ]_w
[_w ɡ i t e m ɑ ]_w
[_w h o i j o i ]_w
[_w k e n ɑ ]_w
[_w u j ɑ u ]_w
[_w u l u ɡ u m ɑ ]_w
[_w u f ɑ i n ɑ t i ]_w
[_w ɑ n i d u l u ]_w
[_w k ɑ ʔ i w ɑ ]_w
[_w ɡ i v e l e d i ]_w
[_w n u w ɑ ]_w
[_w ɑ b ɑ ɡ ɑ ]_w
[_w m e n ɑ ]_w
[_w l u k ɑ h e ]_w
[_w k u v e j ɑ o ]_w
[_w ɑ h e ]_w
[_w v e ɡ e k e ]_w
[_w ɑ ʔ ɑ i n ɑ ]_w
[_w t i u l e ]_w
[_w w e t e i ]_w
[_w w e d e ]_w
[_w m ɑ k i ]_w
[_w ɑ k e d o ɡ ɑ ]_w
[_w t o n i ɡ i ]_w
[_w b o l i m ɑ n ɑ ]_w
[_w ɡ ɑ b i t i ]_w
[_w ɡ i l o w ɑ ]_w
[_w w ɑ k ɑ w ɑ k u ]_w
[_w j o i ]_w
[_w ɑ ʔ ɑ ]_w
[_w l o t ɑ ]_w
[_w w ɑ ɡ ɑ ]_w
[_w t ɑ u t ɑ ]_w
[_w w ɑ ɡ ɑ k ɑ ]_w
[_w v e j ɑ ]_w
[_w k ɑ d ɑ ɡ ɑ ]_w
[_w ɡ i j ɑ t i ]_w
[_w b ɑ b i j ɑ o ]_w
[_w t e w ɑ ]_w
[_w ɡ o j o ]_w
[_w h i k ɑ j o ]_w
[_w f i l i t i l ɑ ]_w
[_w ɡ i h e k e ]_w
[_w b ɑ b i ]_w
[_w ɡ ɑ b e m ɑ n i ]_w
[_w k i v ɑ v ɑ n ɑ ]_w
[_w k ɑ t e n ɑ ]_w
[_w v e t ɑ w ɑ n ɑ ]_w
[_w t ɑ u m i j ɑ ]_w
[_w m ɑ ɡ ɑ ]_w
[_w k i l u ɡ u ]_w
[_w w o w o d e j ɑ ]_w
[_w m u l i j ɑ ]_w
[_w ɡ i k ɑ h e ]_w
[_w m ɑ l ɑ m i n e ]_w
[_w b ɑ b i l o n i ]_w
[_w ɡ i l ɑ v i n ɑ ]_w
[_w h ɑ ɡ u ɑ ɡ u ɑ ]_w
[_w m ɑ d ɑ m o j ɑ ]_w
[_w k ɑ n ɑ ɡ ɑ ]_w
[_w ɡ i f ɑ h ɑ ]_w
[_w m e l ɑ l e j ɑ ]_w
[_w h i ʔ e l ɑ m ɑ ]_w
[_w f ɑ i w ɑ l ɑ ]_w
[_w ɑ i j u v e n ɑ ]_w
[_w n i w ɑ l ɑ ]_w
[_w ɑ d o t ɑ ]_w
[_w t e d ɑ ]_w
[_w h i k ɑ ɡ ɑ ]_w
[_w d ɑ m u b ɑ ]_w
[_w ɡ i l ɑ k ɑ ]_w
[_w k ɑ n ɑ ]_w
[_w t o v ɑ ]_w
[_w k e k e ]_w
[_w k i m i ]_w
[_w f ɑ i d e j ɑ ]_w
[_w t e l i j ɑ ]_w
[_w h i ɡ ɑ h e ]_w
[_w k i ɡ ɑ b u ]_w
[_w h i t ɑ d e n ɑ ]_w
[_w h i m ɑ ]_w
[_w j ɑ n ɑ ʔ ɑ ]_w
[_w m e n e ]_w
[_w l i f i ]_w
[_w ɡ ɑ l ɑ k ɑ ]_w
[_w f ɑ ʔ i l ɑ ]_w
[_w j ɑ d i ]_w
[_w w ɑ l u ɡ ɑ ]_w
[_w l i v ɑ t i ]_w
[_w m u n u n ɑ ]_w
[_w ɡ ɑ ɡ o l ɑ ]_w
[_w k u f e j ɑ o ]_w
[_w ɑ u h e ʔ ɑ m ɑ ]_w
[_w ɡ ɑ ʔ i ]_w
[_w w ɑ v i n e ]_w
[_w ɡ e t ɑ n e ]_w
[_w h ɑ ɡ ɑ ]_w
[_w u n ɑ ʔ e l ɑ ]_w
[_w ɡ i n ɑ t i j ɑ ]_w
[_w i n u b ɑ ]_w
[_w h ɑ w ɑ ]_w
[_w f e n ɑ ]_w
[_w h i l u k u ]_w
[_w t i l i v i ]_w
[_w k i ʔ ɑ l i k ɑ ]_w
[_w k i n ɑ t i j ɑ ]_w
[_w v ɑ f ɑ l i n ɑ ]_w
[_w b ɑ d i ʔ e ]_w
[_w v e d ɑ l ɑ k ɑ ]_w
[_w h i f e b u t u ]_w
[_w u n ɑ ]_w
[_w m o d e t e ]_w
[_w h i d ɑ k ɑ ]_w
[_w f e h ɑ w ɑ l ɑ ]_w
[_w t ɑ i l o t i ]_w
[_w ɡ ɑ i ʔ ɑ t i ]_w
[_w ɑ b ɑ k ɑ ]_w
[_w m u d u n ɑ ]_w
[_w h i d ɑ ɡ ɑ ]_w
[_w d i j o f ɑ ]_w
[_w ɑ k ɑ i d e j ɑ ]_w
[_w h ɑ i ]_w
[_w t ɑ u d e j ɑ ]_w
[_w ɡ ɑ ʔ e l ɑ ]_w
[_w b o n ɑ t e n i ]_w
[_w e t ɑ ]_w
[_w t ɑ m u b ɑ ]_w
[_w m ɑ n u w ɑ ]_w
[_w w o w o t ɑ ]_w
[_w ɡ e l i v ɑ ]_w
[_w v e v e l ɑ ]_w
[_w t u b u n ɑ ]_w
[_w w ɑ ɡ ɑ j o ]_w
[_w ɡ e ɡ e ]_w
[_w t o m ɑ d i ]_w
[_w m ɑ d i ]_w
[_w w o w o ɡ ɑ ]_w
[_w t ɑ l u n ɑ ]_w
[_w ɡ u m ɑ n ɑ ]_w
[_w o m i ]_w
[_w k i b u b u d u ]_w
[_w k ɑ f e v ɑ i ]_w
[_w m i n i n i v ɑ ]_w
[_w ɡ ɑ b i d o n ɑ ]_w
[_w t e b i ]_w
[_w ɡ i d ɑ ʔ e l ɑ ]_w
[_w ɑ t o d ɑ ]_w
[_w w ɑ m ɑ ]_w
[_w ɡ ɑ d ɑ u n i ]_w
[_w t o ɡ o j o ]_w
[_w m ɑ h ɑ l i n e ]_w
[_w t i b u k i ]_w
[_w j u t ɑ ]_w
[_w h i t e n i ]_w
[_w n ɑ d ɑ ]_w
[_w h i d ɑ h o b u ]_w
[_w m o ɡ u l ɑ ]_w
[_w n ɑ ɡ o v ɑ ɡ u ]_w
[_w k ɑ b i ʔ o n e ]_w
[_w n o w ɑ ]_w
[_w h i d ɑ ]_w
[_w t o n ɑ ]_w
[_w l u f ɑ d i ]_w
[_w ɑ w ɑ ɡ ɑ w ɑ ]_w
[_w ɡ e l o d i ]_w
[_w k i j e m u m ɑ ]_w
[_w ɑ k e m i j ɑ o ]_w
[_w f e d i w e ]_w
[_w j e m e d ɑ ]_w
[_w ɑ t i v ɑ ]_w
[_w h i ʔ i t ɑ t i ]_w
[_w ɑ f ɑ j ɑ ]_w
[_w k i m ɑ d u n ɑ ]_w
[_w f ɑ i t e n ɑ ]_w
[_w u n ɑ d e n ɑ ]_w
[_w ɡ ɑ i t e n ɑ ]_w
[_w w o w o n e ]_w
[_w b o n ɑ d i ]_w
[_w ɡ ɑ n ɑ n ɑ ɡ i ]_w
[_w h i h e ɡ e d i ]_w
[_w t ɑ l ɑ ɡ ɑ ]_w
[_w h i d ɑ ɡ ɑ j o ]_w
[_w m ɑ ɡ e w ɑ ]_w
[_w h i n ɑ m i d i ]_w
[_w j e t o n i v ɑ ]_w
[_w m e d e m i ]_w
[_w ɡ i ʔ o n ɑ ]_w
[_w ɡ i h o b u ]_w
[_w d ɑ u n ɑ ]_w
[_w n o u t i ]_w
[_w ɡ ɑ l i ]_w
[_w u f e b u d u ]_w
[_w h i k o v ɑ ]_w
[_w o t o n ɑ ]_w
[_w h i n ɑ d e n ɑ ]_w
[_w i l ɑ m ɑ n ɑ ]_w
[_w m u l i n ɑ ]_w
[_w h i b u b u ]_w
[_w t o ɡ ɑ ]_w
[_w ɑ i m o n e ]_w
[_w ɡ ɑ l e t i ]_w
[_w h ɑ t e m i ]_w
[_w u m ɑ u m ɑ ]_w
[_w l ɑ t ɑ ]_w
[_w t i v ɑ ]_w
[_w f ɑ l e j ɑ ]_w
[_w t ɑ w e l ɑ ]_w
[_w m ɑ t ɑ n ɑ ]_w
[_w w ɑ j o ʔ o j ɑ ]_w
[_w t ɑ l o w o ɡ ɑ ]_w
[_w ɡ i d ɑ ʔ i d ɑ ]_w
[_w w ɑ n ɑ ʔ ɑ ]_w
[_w h i l o w o ɡ ɑ ]_w
[_w ɡ ɑ ʔ ɑ b i n ɑ ]_w
[_w ɡ u m ɑ n i j ɑ ]_w
[_w w o w o j ɑ ]_w
[_w w ɑ ʔ ɑ l i k ɑ ]_w
[_w h i t e t e ]_w
[_w ɡ ɑ h e ]_w
[_w f ɑ j ɑ u d i ]_w
[_w ɡ ɑ t ɑ d i ]_w
[_w o v ɑ t i j o ]_w
[_w w o w o m i ]_w
[_w ɡ ɑ v e l e j o ]_w
[_w ɑ d ɑ m e l i ]_w
[_w d ɑ u m ɑ t i u ]_w
[_w ɡ e n ɑ n i ]_w
[_w o ʔ e n ɑ ]_w
[_w i l ɑ ʔ ɑ ]_w
[_w e l o n i ]_w
[_w i n ɑ ɡ e n ɑ ]_w
[_w ɑ l e v ɑ t u ]_w
[_w m e d e m ɑ ]_w
[_w k i b o u ]_w
[_w w ɑ l o k i n ɑ ]_w
[_w ɑ ɡ ɑ i n i ]_w
[_w t ɑ j ɑ ɡ e m ɑ ]_w
[_w ɡ i v e l e t i ]_w
[_w u h u l u v ɑ ]_w
[_w ɑ i j o n i ]_w
[_w n u w ɑ d o ɡ ɑ ]_w
[_w ɑ n ɑ j o ]_w
[_w k i b u b u n ɑ ]_w
[_w ɑ u w e ]_w
[_w h o b u ]_w
[_w ɡ e l i t i ]_w
[_w ɡ i k o ]_w
[_w h i t e m i ]_w
[_w k ɑ ʔ i t i n ɑ ]_w
[_w o t o v ɑ ]_w
[_w k i ɡ o ]_w
[_w w ɑ ɡ ɑ ɡ u l u ]_w
[_w k ɑ d ɑ k ɑ m ɑ ]_w
[_w v ɑ ʔ i m e j ɑ ]_w
[_w ɡ i w ɑ v i d i ]_w
[_w k ɑ ʔ i d ɑ ]_w
[_w ɡ e n ɑ ]_w
[_w t ɑ b o ]_w
[_w d ɑ ʔ e j ɑ m i ]_w
[_w ɡ o l i n i d ɑ ]_w
[_w k i ɡ ɑ h e d i ]_w
[_w ɡ i ʔ o n ɑ n ɑ ]_w
[_w ɡ o n i j ɑ ]_w
[_w k ɑ b e ʔ u ]_w
[_w ɡ i n ɑ k ɑ n ɑ ]_w
[_w ɡ ɑ ɡ ɑ h e j o ]_w
[_w t ɑ b u m o ʔ ɑ ]_w
[_w h ɑ f i v i l ɑ ]_w
[_w m ɑ n ɑ ]_w
[_w t u n u k ɑ ]_w
[_w ɡ ɑ ʔ i t ɑ ]_w
[_w u ʔ i d ɑ ]_w
[_w l ɑ u v ɑ t i ]_w
[_w b ɑ n ɑ ]_w
[_w m e l ɑ l ɑ v ɑ ]_w
[_w w ɑ l o v i t ɑ ]_w
[_w f e ʔ ɑ ]_w
[_w u t o w ɑ ]_w
[_w w ɑ d ɑ k u j ɑ ]_w
[_w ɡ i k ɑ n i ]_w
[_w h i h i j o ʔ o ]_w
[_w ɡ ɑ u f e j ɑ o ]_w
[_w f ɑ ʔ i m i j ɑ ]_w
[_w l ɑ d ɑ ]_w
[_w n u w ɑ t i ]_w
[_w ɡ i f e l e ɡ u ]_w
[_w h i t ɑ u n ɑ ]_w
[_w ɑ d i f ɑ ]_w
[_w ɑ ʔ ɑ n ɑ ]_w
[_w t ɑ l i j ɑ ]_w
[_w t ɑ i j ɑ t i ]_w
[_w t i m o ]_w
[_w ɡ i ɡ u ]_w
[_w d ɑ ɡ ɑ m ɑ ]_w
[_w h i ʔ i l ɑ ʔ ɑ ]_w
[_w f ɑ i d i ]_w
[_w t u l i n e ]_w
[_w h ɑ m i ]_w
[_w v ɑ l e t i ]_w
[_w ɡ ɑ k ɑ ]_w
[_w h i n ɑ ɡ e n ɑ ]_w
[_w j o m u j o ]_w
[_w k ɑ i t i ]_w
[_w h i b e ʔ u ]_w
[_w ɡ ɑ v ɑ t i ]_w
[_w t ɑ ʔ e j ɑ t ɑ ]_w
[_w b o l u ]_w
[_w h i t u n ɑ ]_w
[_w ɑ k ɑ i n i ]_w
[_w f ɑ j ɑ ]_w
[_w ɡ i t ɑ ʔ e l ɑ ]_w
[_w ɡ i m i j ɑ ]_w
[_w l i l i ɡ ɑ ]_w
[_w k i j e m u ]_w
[_w ɡ u d e b o ]_w
[_w h i t ɑ ]_w
[_w f ɑ l e j ɑ b i ]_w
[_w t ɑ i j ɑ u k ɑ ]_w
[_w h i d ɑ m i ]_w
[_w h i n ɑ d i ]_w
[_w n i ʔ u ]_w
[_w k ɑ l e k o ]_w
[_w n u w ɑ m ɑ ɡ u ]_w
[_w w ɑ t e m ɑ ]_w
[_w ɡ ɑ f ɑ ]_w
[_w ɡ e f ɑ ]_w
[_w k i t ɑ k u ]_w
[_w ɡ u ɑ m ɑ n ɑ ]_w
[_w ɡ i l o ]_w
[_w ɡ o l o d i ]_w
[_w b o n ɑ m ɑ ]_w
[_w w ɑ m i j ɑ ]_w
[_w ɡ ɑ i b e ]_w
[_w t ɑ ɡ ɑ j o ]_w
[_w m u t u n ɑ ]_w
[_w ɡ u k ɑ i b e ]_w
[_w ɑ t ɑ ]_w
[_w ɡ ɑ f e j ɑ o ]_w
[_w k i k o v ɑ m i ]_w
[_w b o i ]_w
[_w n u w ɑ n ɑ ]_w
[_w ɑ n ɑ u n ɑ ]_w
[_w w i ɡ i ]_w
[_w h i m u l i j ɑ ]_w
[_w w ɑ t ɑ ]_w
[_w w ɑ f i d ɑ ]_w
[_w ɡ i t ɑ ]_w
[_w n e v e ʔ ɑ t e ]_w
[_w f e l u k ɑ ]_w
[_w k e l i t ɑ ]_w
[_w w e d e i ]_w
[_w k ɑ b i d i ]_w
[_w u ɡ ɑ j o ]_w
[_w v ɑ t i ]_w
[_w l o b ɑ m ɑ ]_w
[_w h i d e n ɑ ]_w
[_w w e ʔ o ]_w
[_w h i t e d i ]_w
[_w h i t ɑ l i j o ]_w
[_w ɡ i ʔ i t ɑ n ɑ ]_w
[_w ɡ ɑ n ɑ ɡ ɑ j o ]_w
[_w ɡ ɑ l i n ɑ ]_w
[_w t ɑ k e t o ɡ ɑ ]_w
[_w k i v e l e k u ]_w
[_w m ɑ t ɑ d e n ɑ ]_w
[_w t o d e n ɑ ]_w
[_w m o k ɑ n e ]_w
[_w ɡ i l i ɡ e j ɑ ]_w
[_w j o k o ]_w
[_w u b u ɑ i ]_w
[_w f ɑ v ɑ l o l o ]_w
[_w u ʔ ɑ b i n ɑ ]_w
[_w ɑ f o l o t o ]_w
[_w t ɑ i l o m ɑ ]_w
[_w t o v e t ɑ w ɑ ]_w
[_w ɑ ɡ ɑ i m i j ɑ ]_w
[_w ɑ i m o ]_w
[_w k ɑ n ɑ j u n ɑ ]_w
[_w f e j ɑ o ]_w
[_w ɡ i j e m u ]_w
[_w h i t e f ɑ d u ]_w
[_w n i m ɑ d u j o ]_w
[_w ɡ i ɡ o f ɑ ]_w
[_w u h i j o t o ]_w
[_w ɡ ɑ m o t ɑ w ɑ ]_w
[_w ɡ i b u ɡ i ]_w
[_w ɡ i n ɑ j e m u ]_w
[_w k i l o w o k ɑ ]_w
[_w k ɑ f ɑ i n ɑ ]_w
[_w k i ʔ o d e n ɑ ]_w
[_w j o d ɑ m ɑ ]_w
[_w k ɑ i j ɑ ]_w
[_w k i t ɑ n i ]_w
[_w ɡ ɑ t u ʔ e n ɑ ]_w
[_w h i l ɑ f ɑ ]_w
[_w e d ɑ ]_w
[_w t i f e j ɑ w ɑ ]_w
[_w b ɑ w e ]_w
[_w ɑ m i k ɑ ]_w
[_w m i j u d ɑ ]_w
[_w h i k ɑ b u ]_w
[_w k ɑ f ɑ ʔ ɑ d i ]_w
[_w t ɑ ʔ e l ɑ ]_w
[_w n u w ɑ d i k ɑ ]_w
[_w l u k ɑ ]_w
[_w n e l i ]_w
[_w u t e n ɑ m ɑ ]_w
[_w m e j ɑ ]_w
[_w t u f o i t ɑ ]_w
[_w ɑ i d i ]_w
[_w i t o ]_w
[_w l i l i ]_w
[_w i j ɑ ʔ e ɡ u ]_w
[_w h i d ɑ ɡ ɑ h e ]_w
[_w ɑ b ɑ l ɑ b ɑ ]_w
[_w f ɑ l e d ɑ ]_w
[_w l o d ɑ ]_w
[_w ɑ n ɑ ʔ ɑ ]_w
[_w m ɑ t ɑ ]_w
[_w t ɑ m e j ɑ t ɑ ]_w
[_w t i t ɑ l i j ɑ ]_w
[_w ɑ w o i w o ]_w
[_w m i j ɑ ]_w
[_w k i ɡ o j o m i ]_w
[_w m ɑ t ɑ t i j ɑ ]_w
[_w ɑ b o t e j ɑ ]_w
[_w ɡ i ɡ ɑ h e m i ]_w
[_w ɑ n ɑ d e d i ]_w
[_w ɡ ɑ i f i ]_w
[_w w ɑ ʔ ɑ m i n e ]_w
[_w v i ɡ i ]_w
[_w j ɑ ɡ u ]_w
[_w ɡ i t ɑ b o ]_w
[_w h i n ɑ ʔ ɑ n ɑ ]_w
[_w ɑ b ɑ m i j ɑ ]_w
[_w ɑ d i v ɑ ]_w
[_w j ɑ u b ɑ t ɑ ]_w
[_w t e t o ɡ ɑ ]_w
[_w k i d ɑ t i ]_w
[_w m u l i k u j ɑ ]_w
[_w l e l e l e ]_w
[_w ɡ o l i j ɑ t i ]_w
[_w t ɑ m ɑ m i ]_w
[_w t u w ɑ ]_w
[_w j u f ɑ ʔ i t ɑ ]_w
[_w h i m i d i ]_w
[_w h i t e d e i ]_w
[_w b e t e v e n i ]_w
[_w k ɑ v e v ɑ i ]_w
[_w ɡ e k e ]_w
[_w w e t e t e l o ]_w
[_w ɑ b ɑ v ɑ ɡ u ]_w
[_w k ɑ k ɑ ]_w
[_w m i j ɑ m i ]_w
[_w t i f e n u j ɑ ]_w
[_w w ɑ n ɑ j o ]_w
[_w n i k o l ɑ ]_w
[_w t i m ɑ d i ]_w
[_w n u n u d i ]_w
[_w ɡ ɑ n ɑ d ɑ ]_w
[_w w ɑ v e t i w e ]_w
[_w w ɑ ʔ i t e j ɑ ]_w
[_w t i ɡ i t i ]_w
[_w i j ɑ ]_w
[_w ɑ i j o n ɑ ]_w
[_w ɡ i h e ɡ e n ɑ ]_w
[_w e v e d o ɡ ɑ ]_w
[_w ɑ i m o n i ]_w
[_w v i l i k ɑ ]_w
[_w t o m ɑ h ɑ l ɑ ]_w
[_w ɡ e k e j o ]_w
[_w u n ɑ j ɑ u n ɑ ]_w
[_w k i f e l e k u ]_w
[_w u n ɑ n ɑ ]_w
[_w ɡ ɑ ɡ ɑ h e ]_w
[_w h i t e d e ]_w
[_w n i l ɑ ]_w
[_w ɡ i n ɑ ʔ ɑ n i ]_w
[_w w ɑ n ɑ ]_w
[_w w ɑ ʔ ɑ b i ]_w
[_w m ɑ ɡ ɑ m ɑ ]_w
[_w t o j ɑ m u m u ]_w
[_w h e m e d ɑ ]_w
[_w t i b u n ɑ ]_w
[_w i d e ]_w
[_w u v ɑ i d e j ɑ ]_w
[_w ɑ d ɑ ]_w
[_w n o n o ɡ ɑ l ɑ ]_w
[_w t i t i k ɑ ]_w
[_w h i l e l e ]_w
[_w v e t o ɡ i ]_w
[_w m e j ɑ t ɑ ]_w
[_w n i m ɑ ]_w
[_w t o ʔ ɑ l i k ɑ ]_w
[_w m u n ɑ ]_w
[_w h ɑ k u ɑ ɡ e ]_w
[_w ɡ ɑ t u b u n ɑ ]_w
[_w v e t o ɡ ɑ ]_w
[_w ɡ i ʔ ɑ l ɑ n ɑ ]_w
[_w d ɑ m ɑ ]_w
[_w ɑ k o ʔ ɑ ɡ o ]_w
[_w ɡ i ɡ o l o d i ]_w
[_w b e l e d i ]_w
[_w h o w ɑ ]_w
[_w k ɑ h e ]_w
[_w l e j ɑ ]_w
[_w k e v ɑ ]_w
[_w t u l i n ɑ ]_w
[_w ɑ b o t ɑ ]_w
[_w ɡ i k o v ɑ t i ]_w
[_w w ɑ ʔ i t ɑ d i ]_w
[_w t ɑ u b ɑ t ɑ ]_w
[_w ɑ m ɑ n ɑ ]_w
[_w j e l i k i ]_w
[_w ɑ h e n ɑ d i ]_w
[_w k ɑ d u ]_w
[_w ɡ i b u b u n ɑ ]_w
[_w t i ɡ o ]_w
[_w ɡ i m ɑ d u ]_w
[_w t ɑ b ɑ d i ]_w
[_w ɡ ɑ n ɑ n ɑ ]_w
[_w ɡ ɑ t ɑ ʔ ɑ n i ]_w
[_w k i ʔ i t ɑ n ɑ ]_w
[_w ɑ v e b u t u ]_w
[_w k i v e v ɑ i ]_w
[_w t o e ɑ ]_w
[_w e k ɑ n ɑ ɡ i ]_w
[_w b u j e ʔ i ]_w
[_w ɡ i d e m i ]_w
[_w ɡ i n ɑ v e l e ]_w
[_w ɡ i j o ]_w
[_w v e j ɑ u k ɑ ]_w
[_w h i j e m u ]_w
[_w h u l u f ɑ ]_w
[_w m e t ɑ ]_w
[_w u n ɑ j ɑ k e ]_w
[_w ɡ i n i ]_w
[_w f i t ɑ ]_w
[_w u d ɑ n ɑ ]_w
[_w h i l e l e j o ]_w
[_w ɡ i n ɑ ɡ ɑ h e ]_w
[_w h i d ɑ u n i ]_w
[_w u l ɑ n ɑ ]_w
[_w m e ʔ ɑ m ɑ t u ]_w
[_w h ɑ t e m ɑ ]_w
[_w v e k ɑ ]_w
[_w h i t ɑ k ɑ n ɑ ]_w
[_w t ɑ i n ɑ ]_w
[_w k i l u m i n ɑ ]_w
[_w o t o ʔ o d o ]_w
[_w w o w o m ɑ ]_w
[_w m ɑ i d i j ɑ ]_w
[_w ɡ i l u m i n ɑ ]_w
[_w ɡ ɑ d ɑ l e d i ]_w
[_w d ɑ ɡ e j ɑ ]_w
[_w t ɑ j ɑ ɡ i ɡ u ]_w
[_w d i b u d ɑ ]_w
[_w m e l ɑ l ɑ ]_w
[_w v ɑ i v i l ɑ ]_w
[_w m i d ɑ ]_w
[_w b ɑ d ɑ ]_w
[_w i t e ]_w
[_w ɡ o j o n ɑ ]_w
[_w h i ɡ ɑ h e m i ]_w
[_w l ɑ u ʔ ɑ k e ]_w
[_w k ɑ m u ]_w
[_w f e f i n e ]_w
[_w ɡ e l o d e ]_w
[_w t u i l ɑ ]_w
[_w ɑ b ɑ v e j ɑ o ]_w
[_w ɡ i n ɑ t e n i ]_w
[_w t e v i t ɑ ]_w
[_w j ɑ w ɑ i ]_w
[_w ɡ i n ɑ ʔ ɑ ]_w
[_w h i n ɑ m i t i ]_w
[_w ɡ i ʔ i l ɑ ]_w
[_w u n ɑ v ɑ t ɑ ]_w
[_w n ɑ ɡ i ]_w
[_w ɡ i v e l e ɡ u ]_w
[_w h i t e n i t i ]_w
[_w t ɑ l u k u ]_w
[_w m i l o m u ]_w
[_w o t o f ɑ ]_w
[_w j ɑ w ɑ i t ɑ ]_w
[_w t o b o n ɑ d ɑ ]_w
[_w ɡ i b ɑ ]_w
[_w ɡ i ʔ o n e ]_w
[_w h i v ɑ i ]_w
[_w d o v e m ɑ d u ]_w
[_w t ɑ m ɑ m ɑ ]_w
[_w h i n ɑ l u ɡ u ]_w
[_w ɡ i k o j o n ɑ ]_w
[_w ɑ m i n e ]_w
[_w ɡ ɑ n ɑ ɡ i ]_w
[_w l u l u n ɑ ]_w
[_w t ɑ i j ɑ ]_w
[_w d ɑ ɡ ɑ n ɑ ]_w
[_w b u n ɑ ]_w
[_w d o f e l u ]_w
[_w ɑ ɡ ɑ h e ]_w
[_w ɡ i k ɑ h e j o ]_w
[_w k ɑ v ɑ i n i ]_w
[_w w e ʔ ɑ i ]_w
[_w v i v i t ɑ ]_w
[_w k i ɡ ɑ h e ]_w
[_w h i j e m u m ɑ ]_w
[_w w ɑ l u ɡ u ]_w
[_w t ɑ u n ɑ ]_w
[_w ɑ i j e t ɑ ]_w
[_w m ɑ d ɑ d ɑ ]_w
[_w h i t ɑ ɡ u ]_w
[_w ɑ b ɑ ɡ e j ɑ ]_w
[_w k ɑ v ɑ i m i ]_w
[_w j ɑ m u m u n ɑ ]_w
[_w m e l i ]_w
[_w t o ɡ e d i ]_w
[_w u ɡ ɑ h i h i ]_w
[_w v e l e d i ]_w
[_w w ɑ n ɑ d e n ɑ ]_w
[_w t e v i d ɑ ]_w
[_w ɡ i ɡ ɑ h e t i ]_w
[_w n i b ɑ i n ɑ ]_w
[_w ɡ ɑ v ɑ i m i ]_w
[_w h i f ɑ v ɑ l i ]_w
[_w w ɑ n ɑ n ɑ ]_w
[_w h i ɡ u ]_w
[_w k ɑ t ɑ u n ɑ ]_w
[_w k o l o t i ]_w
[_w k e n i ]_w
[_w ɑ w ɑ l ɑ ]_w
[_w h i n ɑ m ɑ ]_w
[_w t u w e l o ]_w
[_w h i f ɑ t i ]_w
[_w k ɑ h u l u f ɑ ]_w
[_w h i j o ɡ o n ɑ ]_w
[_w ɑ ɡ e n ɑ n i ]_w
[_w m e t e d e m ɑ ]_w
[_w b o n ɑ ʔ ɑ b i ]_w
[_w h i h e ɡ e n ɑ ]_w
[_w ɑ b ɑ t i ]_w
[_w v e f i n e n ɑ ]_w
[_w ɑ ʔ e l ɑ ]_w
[_w m ɑ d ɑ t i ]_w
[_w e t o ]_w
[_w w ɑ n ɑ j u n ɑ ]_w
[_w ɑ ɡ ɑ j o ]_w
[_w ɡ ɑ i j ɑ ]_w
[_w l u v ɑ ]_w
[_w w o w o ]_w
[_w d o l ɑ m ɑ n ɑ ]_w
[_w ɑ i j o v ɑ ]_w
[_w ɑ h e ɡ e n ɑ ]_w
[_w w ɑ ʔ o j e j ɑ ]_w
[_w ɡ i n ɑ ʔ i t ɑ ]_w
[_w h i m ɑ d i u ]_w
[_w n o u d ɑ ]_w
[_w k i l ɑ ʔ ɑ ]_w
[_w l i t i l ɑ ]_w
[_w k ɑ i j ɑ u d i ]_w
[_w h i u l e ɡ ɑ ]_w
[_w w ɑ j o ʔ o ]_w
[_w d ɑ m e ]_w
[_w t o l ɑ m ɑ ]_w
[_w v ɑ i t ɑ t i ]_w
[_w t ɑ j ɑ ɡ i d i ]_w
[_w j o ɡ o n ɑ ]_w
[_w n i k o d i m o ]_w
[_w b ɑ i ]_w
[_w ɑ k ɑ i m i ]_w
[_w l e f o ]_w
[_w h i m u l i n e ]_w
[_w ɡ i v e b u d u ]_w
[_w v ɑ i w ɑ b u ]_w
[_w ɑ k o ʔ u k ɑ ]_w
[_w u ʔ u n ɑ ]_w
[_w k i ɡ o v ɑ n ɑ ]_w
[_w ɡ i k ɑ h e t i ]_w
[_w n u w ɑ d e n ɑ ]_w
[_w b ɑ l ɑ ]_w
[_w f e h ɑ w ɑ ]_w
[_w n ɑ d u t i ]_w
[_w h i ʔ i t ɑ n ɑ ]_w
[_w t ɑ b ɑ n ɑ ]_w
[_w l o m ɑ ]_w
[_w k i w ɑ h i ]_w
[_w m e d ɑ ]_w
[_w i n u b ɑ n ɑ ]_w
[_w ɡ o j o m i ]_w
[_w k ɑ m e j ɑ n ɑ ]_w
[_w h i j ɑ ]_w
[_w h i t e t i ]_w
[_w t o t e n ɑ ]_w
[_w k i k ɑ h e ]_w
[_w u v ɑ i n i ]_w
[_w l ɑ u ʔ ɑ ]_w
[_w j ɑ m u m u ɡ u ]_w
[_w ɑ k o ɡ u ]_w
[_w n i m ɑ m i ]_w
[_w k ɑ v ɑ d i ]_w
[_w d ɑ ɡ e d i ]_w
[_w ɑ b ɑ i j ɑ ]_w
[_w f o d i n i ]_w
[_w ɑ v e b u d u ]_w
[_w j e w ɑ t i ]_w
[_w m e m ɑ ]_w
[_w k e l i ]_w
[_w n ɑ ɡ i t i ]_w
[_w h i h e b ɑ n ɑ ]_w
[_w t e b u l o n i ]_w
[_w k i v i d ɑ ]_w
[_w u n ɑ j ɑ k ɑ ]_w
[_w ɡ i m ɑ t u ]_w
[_w d i b u n e ]_w
[_w t ɑ b u ]_w
[_w h i m i j o n i ]_w
[_w ɑ d ɑ m ɑ ]_w
[_w ɑ k e t i ]_w
[_w ɑ ʔ ɑ b i ]_w
[_w ɑ i j u f e n ɑ ]_w
[_w i n u b ɑ n e ]_w
[_w h i d ɑ k ɑ j o ]_w
[_w u ɡ ɑ h e n ɑ ]_w
[_w ɑ b ɑ t i ʔ e ]_w
[_w j e k ɑ ]_w
[_w l ɑ w ɑ ]_w
[_w w ɑ ʔ e l ɑ ]_w
[_w l i t ɑ n ɑ ]_w
[_w h ɑ l ɑ m i ]_w
[_w t u b u d i ]_w
[_w h i m i j ɑ m i ]_w
[_w f ɑ d ɑ ]_w
[_w o ʔ o l i n e ]_w
[_w l i t ɑ ]_w
[_w n i m ɑ ɡ u ]_w
[_w t ɑ i t ɑ d i ]_w
[_w k i v i t i ]_w
[_w b u j e ]_w
[_w w ɑ ɡ u ɑ ɡ e ]_w
[_w b o n ɑ m i t i ]_w
[_w k i d ɑ i n ɑ ]_w
[_w h i u l e ]_w
[_w n ɑ t ɑ b o ]_w
[_w k u j ɑ ]_w
[_w m i ɡ ɑ l i v ɑ ]_w
[_w ɡ ɑ i t o m ɑ ]_w
[_w l ɑ ɡ ɑ j o ]_w
[_w l i t i ]_w
[_w w ɑ ʔ i t ɑ n ɑ ]_w
[_w ɡ u ɑ u n ɑ ]_w
[_w i d e ʔ i ]_w
[_w u ʔ u m i ]_w
[_w d ɑ l ɑ ɡ ɑ n i ]_w
[_w n u w ɑ m i j ɑ ]_w
[_w ɡ ɑ d u b u n ɑ ]_w
[_w k i ɡ ɑ h e j o ]_w
[_w w ɑ ʔ ɑ k o ]_w
[_w j ɑ w ɑ i n ɑ ]_w
[_w m ɑ t i ]_w
[_w w ɑ ɡ ɑ k ɑ h e ]_w
[_w t e b e t i ]_w
[_w k i l o ]_w
[_w v e ɡ ɑ m o ]_w
[_w ɡ u m i t i ]_w
[_w ɡ i m i t i j ɑ ]_w
[_w ɑ f ɑ j ɑ t i ]_w
[_w k i n ɑ d i ]_w
[_w k i j ɑ u n ɑ ]_w
[_w h i j u j e n ɑ ]_w
[_w i n o ɡ i ]_w
[_w t u ɡ ɑ t i ]_w
[_w j ɑ k u ]_w
[_w j e d o n i v ɑ ]_w
[_w h i k ɑ h e ]_w
[_w m ɑ ɡ i ]_w
[_w ɡ ɑ l u k u j o ]_w
[_w h i t e t e m i ]_w
[_w h i j ɑ u k ɑ ]_w
[_w e t o l ɑ d ɑ ]_w
[_w ɡ i l e l e ]_w
[_w k e l e v i ]_w
[_w h i t ɑ t i ]_w
[_w m ɑ h ɑ l ɑ ]_w
[_w n ɑ k o n ɑ ]_w
[_w t i j ɑ ]_w
[_w j o v ɑ ]_w
[_w i t ɑ ]_w
[_w ɡ i ɡ o v ɑ m i ]_w
[_w t o v e ɡ i ]_w
[_w ɑ d e ʔ ɑ d i ]_w
[_w ɡ e ɡ e j o ]_w
[_w v ɑ f ɑ l i ]_w
[_w ɡ i u l u ]_w
[_w k ɑ t e n i ]_w
[_w ɡ ɑ h u ]_w
[_w h ɑ l ɑ ]_w
[_w e h ɑ d i ]_w
[_w ɑ ɡ o m i ]_w
[_w ɑ i d ]_w
[_w j u d i j ɑ ]_w
[_w ɑ i w ɑ l ɑ ]_w
[_w n o u n e j ɑ o ]_w
[_w h i m ɑ k u j ɑ ]_w
[_w b o n ɑ ɡ o j o ]_w
[_w b o n ɑ t i ]_w
[_w h i v e j ɑ o ]_w
[_w ɑ ɡ ɑ i m i ]_w
[_w u b u b u n ɑ ]_w
[_w h i d e d e ]_w
[_w ɑ ʔ ɑ u ʔ ɑ ]_w
[_w ɑ ʔ ɑ n i ]_w
[_w ɑ d i ɡ u l u ]_w
[_w k ɑ ɡ ɑ ]_w
[_w d u b u v ɑ ɡ u ]_w
[_w t ɑ u d ɑ ]_w
[_w u n o ɡ ɑ l i ]_w
[_w i h ɑ j ɑ n ɑ ]_w
[_w ɡ i n ɑ v i t i ]_w
[_w u d ɑ d i j ɑ ]_w
[_w j ɑ u d i j o ]_w
[_w ɡ i v ɑ i n ɑ ]_w
[_w h o t e j ɑ ]_w
[_w ɡ i ɡ o v ɑ d i ]_w
[_w t e d i ]_w
[_w m i ɡ ɑ ]_w
[_w h i n ɑ k o n ɑ ]_w
[_w h i d e i ]_w
[_w b ɑ f ɑ ɡ i n e ]_w
[_w m e d e d e ]_w
[_w k u l e l e ]_w
[_w w e d e d e l o ]_w
[_w l o b ɑ m e j ɑ ]_w
[_w m ɑ ʔ i ]_w
[_w ɡ ɑ v e j ɑ o ]_w
[_w h ɑ k ɑ ]_w
[_w ɑ n ɑ v ɑ n ɑ ]_w
[_w ɡ i h u l u f ɑ ]_w
[_w k ɑ d i ]_w
[_w v e t i w e ]_w
[_w d ɑ u ɡ u ]_w
[_w t o m u l i n ɑ ]_w
[_w b e l ɑ ]_w
[_w k i l u b o d ɑ ]_w
[_w w ɑ ɡ i j ɑ ]_w
[_w ɡ ɑ h e t i ]_w
[_w f ɑ v i n e ]_w
[_w j ɑ m u m u t i ]_w
[_w m ɑ n u k ɑ ]_w
[_w t e n i ]_w
[_w ɑ t ɑ m ɑ n ɑ ]_w
[_w ɑ l i ɡ ɑ ]_w
[_w t i b u m i ]_w
[_w ɡ ɑ t u ]_w
[_w k i j o ]_w
[_w ɑ k u ]_w
[_w w o w o t e j ɑ ]_w
[_w ɡ i b o ɡ i ]_w
[_w ɑ i j ɑ ]_w
[_w w ɑ j e m u ]_w
[_w f e j ɑ w ɑ i ]_w
[_w f e ɡ e k e j o ]_w
[_w ɑ m ɑ v ɑ d ɑ ]_w
[_w ɡ ɑ ʔ i t ɑ t i ]_w
[_w b u ɑ n e n e ]_w
[_w t u k ɑ n ɑ ]_w
[_w d o k o j o ]_w
[_w ɡ i d ɑ t e n i ]_w
[_w f ɑ i t e j ɑ ]_w
[_w k i m i d i ]_w
[_w ɡ u ɑ d i ]_w
[_w f e d i d o ]_w
[_w h i t e n i d i ]_w
[_w ɡ u k ɑ ]_w
[_w b u ɡ i ]_w
[_w i j o i ]_w
[_w t ɑ u m ɑ n ɑ ]_w
[_w v i v i l ɑ ]_w
[_w n i m ɑ t u ]_w
[_w l ɑ m u f ɑ ]_w
[_w j u d ɑ ]_w
[_w ɑ w ɑ b u ]_w
[_w k i b ɑ ]_w
[_w h i d e n i ]_w
[_w e b e l i u ]_w
[_w k u k ɑ ]_w
[_w i d ɑ ʔ e j ɑ ]_w
[_w ɡ i l u b o t ɑ ]_w
[_w h e m e t ɑ ]_w
[_w k u t e b o ]_w
[_w t i ɡ u l u ]_w
[_w t ɑ i d ɑ ]_w
[_w ɑ n ɑ ʔ e l ɑ ]_w
[_w e ɡ ɑ n e m i ]_w
[_w h e d i ]_w
[_w w ɑ ʔ i d ɑ j o ]_w
[_w b o n ɑ d ɑ ]_w
[_w m ɑ d u ]_w
[_w n o ɡ ɑ l ɑ ]_w
[_w ɡ i n u m i t i ]_w
[_w ɡ u ɑ u d i ]_w
[_w w ɑ ʔ e l ɑ m ɑ ]_w
[_w t ɑ m ɑ ]_w
[_w b ɑ j ɑ d i ]_w
[_w b o n ɑ n ɑ ]_w
[_w b ɑ n ɑ ʔ e ]_w
[_w u w ɑ h i ]_w
[_w ɑ ɡ e t o ɡ ɑ ]_w
[_w ɡ ɑ t ɑ k ɑ n ɑ ]_w
[_w k e l o t e j ɑ ]_w
[_w i d i l ɑ ]_w
[_w h i ʔ ɑ l o v ɑ ]_w
[_w ɡ ɑ d ɑ ʔ ɑ n ɑ ]_w
[_w t i b u n e ]_w
[_w ɑ d ɑ m i ]_w
[_w v ɑ t ɑ ]_w
[_w ɑ i d ɑ ]_w
[_w ɡ ɑ u f e ʔ ɑ ]_w
[_w n u w ɑ v ɑ ]_w
[_w t e v e k i t ɑ ]_w
[_w i d o ]_w
[_w k i f e l e t i ]_w
[_w t ɑ k ɑ h e ]_w
[_w f e t i w e ]_w
[_w j ɑ u d i ]_w
[_w u n ɑ n ɑ j o ]_w
[_w i l e v e n i ]_w
[_w ɡ u f ɑ m o ʔ ɑ ]_w
[_w t ɑ l ɑ i ]_w
[_w l ɑ ɡ ɑ h e m ɑ ]_w
[_w ɡ e l ɑ d i ]_w
[_w h i ʔ i d ɑ ]_w
[_w k ɑ t u ]_w
[_w t ɑ u m ɑ d i ]_w
[_w t ɑ j ɑ ɡ ɑ ]_w
[_w t ɑ l ɑ n ɑ ]_w
[_w ɑ i k o l ɑ ]_w
[_w ɡ e d ɑ t e j ɑ ]_w
[_w t ɑ u m i j ɑ o ]_w
[_w m e d e d e i ]_w
[_w i n ɑ k u ]_w
[_w k o w ɑ ]_w
[_w v ɑ j ɑ t ɑ ]_w
[_w h ɑ d e m ɑ ]_w
[_w f u l u m ɑ ]_w
[_w t i d ɑ d i ]_w
[_w n ɑ i n ɑ i j ɑ ]_w
[_w t u f o i d i ]_w
[_w ɑ i d u h ɑ ]_w
[_w t i t i l ɑ ]_w
[_w k e l o t i ]_w
[_w ɑ k u k ɑ i ]_w
[_w j e ɡ ɑ ]_w
[_w ɡ e d ɑ n e ]_w
[_w n ɑ u ʔ ɑ ]_w
[_w t o b o n e ]_w
[_w ɑ i b u ɑ v i ]_w
[_w t o l o m o n i ]_w
[_w t u m o t u m o ]_w
[_w ɡ e l o t e ]_w
[_w t ɑ u m ɑ n i ]_w
[_w u n ɑ l u k u ]_w
[_w h i k o j o ]_w
[_w ɡ ɑ i t e j ɑ ]_w
[_w ɡ ɑ u v e j ɑ ]_w
[_w m ɑ i k e f ɑ ]_w
[_w ɡ i b o b o k i ]_w
[_w f ɑ l e t i ]_w
[_w ɡ ɑ l e k o ]_w
[_w t e u d i ]_w
[_w f i l i v ɑ ]_w
[_w ɑ t i k ɑ ]_w
[_w k e d ɑ ]_w
[_w f ɑ v i n ɑ ]_w
[_w ɑ n ɑ k i ]_w
[_w h i ʔ i l o f ɑ ]_w
[_w ɡ ɑ k ɑ h e ]_w
[_w ɡ i b o u ]_w
[_w n ɑ t u n ɑ ]_w
[_w ɡ o v ɑ t i j ɑ ]_w
[_w n u w ɑ m i d i ]_w
[_w t ɑ i t ɑ ]_w
[_w f e v ɑ i ]_w
[_w ɑ m i k ɑ i b e ]_w
[_w w ɑ ɡ e j ɑ ]_w
[_w ɡ i n ɑ m i d i ]_w
[_w ɡ ɑ t ɑ l ɑ ]_w
[_w v e k e ɡ e ]_w
[_w h i m i j ɑ ]_w
[_w f e v i n e ]_w
[_w ɡ e ɡ e m o ʔ ɑ ]_w
[_w ɡ u t e b o ]_w
[_w ɡ ɑ i t i ]_w
[_w v e l e m i ]_w
[_w k i l o m ɑ ]_w
[_w t o l e m e ]_w
[_w m i l o m ɑ ]_w
[_w u v e b u d u ]_w
[_w ɡ ɑ v ɑ i n ɑ i ]_w
[_w h i ɡ ɑ ]_w
[_w k i m i t i ]_w
[_w f e ʔ e h e ]_w
[_w u f e b u t u ]_w
[_w ɡ o l i n i t ɑ ]_w
[_w j ɑ k o b u ]_w
[_w ɡ i h ɑ k ɑ ]_w
[_w ɡ ɑ i w ɑ b u ]_w
[_w l e m e ]_w
[_w k i k ɑ h e d i ]_w
[_w ɑ l e v ɑ d u ]_w
[_w k o t u ]_w
[_w d e l i j ɑ ]_w
[_w j o t ɑ i j ɑ ]_w
[_w t ɑ l ɑ i n ɑ ]_w
[_w k ɑ h e j o ]_w
[_w m ɑ k i k i n e ]_w
[_w ɑ ɡ ɑ b u ]_w
[_w h i ʔ o t ɑ ]_w
[_w t o n i k i ]_w
[_w ɡ o j o m ɑ ]_w
[_w ɑ h e k e ]_w
[_w l o k o ]_w
[_w k i n ɑ k o d ɑ ]_w
[_w w i t i ]_w
[_w ɡ i t ɑ b ɑ t i ]_w
[_w j ɑ m ɑ ]_w
[_w w ɑ f i n e ]_w
[_w ɡ o m o l ɑ ]_w
[_w u j ɑ m u m u ]_w
[_w u t i ɡ u l u ]_w
[_w n i m ɑ n e ]_w
[_w t i v e n i ]_w
[_w t ɑ b o n e ]_w
[_w k u e l i ]_w
[_w ɡ ɑ v e f ɑ i ]_w
[_w ɡ i n ɑ ɡ i ]_w
[_w ɑ n u n u n e ]_w
[_w v e t i d o ]_w
[_w b e l ɑ m i ]_w
[_w ɑ l i f i ]_w
[_w e n o h e ɡ ɑ ]_w
[_w e k ɑ n ɑ u n ɑ ]_w
[_w ɡ i n ɑ v ɑ t i ]_w
[_w f ɑ l e d e ]_w
[_w m i d o t o n ɑ ]_w
[_w m ɑ ʔ i d ɑ ]_w
[_w f i d ɑ ]_w
[_w k ɑ i d e w ɑ ]_w
[_w m e j ɑ d i j ɑ ]_w
[_w t ɑ l ɑ i m i ]_w
[_w ɑ ɡ e t i ]_w
[_w t i v i ]_w
[_w ɡ i n ɑ j u n ɑ ]_w
[_w w ɑ f i n ɑ ]_w
[_w k u ɡ ɑ ]_w
[_w ɑ n ɑ ɡ ɑ h e ]_w
[_w h i ʔ ɑ l i k ɑ ]_w
[_w ɡ e l o d e j ɑ ]_w
[_w k i t ɑ u d i ]_w
[_w ɡ o j o k ɑ ]_w
[_w ɡ i ʔ ɑ l i k ɑ ]_w
[_w ɡ ɑ n ɑ ɡ ɑ ]_w
[_w b ɑ l o u ]_w
[_w u d ɑ ɡ ɑ j o ]_w
[_w t u ʔ u ]_w
[_w l i l i n e ]_w
[_w ɡ ɑ t e n i ]_w
[_w j u t i j ɑ ]_w
[_w b u ɑ t ɑ n ɑ ]_w
[_w t u n u ɡ ɑ ]_w
[_w ɡ i ʔ ɑ l i ɡ ɑ ]_w
[_w i t i m e n ɑ ]_w
[_w m ɑ k ɑ ]_w
[_w w ɑ h u l u v ɑ ]_w
[_w t ɑ ɡ e j o ]_w
[_w u d e n i ]_w
[_w ɡ ɑ b e ʔ u ]_w
[_w t ɑ t ɑ t e i ]_w
[_w d i n ɑ ]_w
[_w l ɑ u b o d ɑ ]_w
[_w b ɑ n ɑ b e ʔ u ]_w
[_w ɡ ɑ ʔ ɑ l i ɡ ɑ ]_w
[_w i t ɑ v ɑ t i ]_w
[_w ɡ i n ɑ ʔ ɑ n ɑ ]_w
[_w ɑ ɡ o t u ]_w
[_w ɡ ɑ m ɑ ɡ u ]_w
[_w w ɑ l o ɡ ɑ ]_w
[_w l e h ɑ k ɑ ]_w
[_w l ɑ d ɑ l ɑ i ]_w
[_w h i n ɑ t i ]_w
[_w ɑ b ɑ d i ]_w
[_w k i n ɑ m i d i ]_w
[_w ɑ m ɑ ɡ u j ɑ ]_w
[_w h i t e ʔ i ]_w
[_w n i m ɑ t i t o ]_w
[_w ɡ ɑ ʔ i d i n ɑ ]_w
[_w n o n o k ɑ l ɑ ]_w
[_w u n ɑ ɡ ɑ h e ]_w
[_w ɡ e t ɑ n ɑ ]_w
[_w w ɑ ʔ i d ɑ ]_w
[_w e b e l i j ɑ ]_w
[_w i t ɑ l i ]_w
[_w k o j o n ɑ ]_w
[_w u n ɑ ɡ o n ɑ ]_w
[_w ɡ i m i d i ]_w
[_w ɡ u ɡ ɑ i ]_w
[_w ɡ i n ɑ k o n ɑ ]_w
[_w ɑ j e m u ]_w
[_w i n u b ɑ t ɑ ]_w
[_w f e h i m e j ɑ ]_w
[_w ɑ ɡ o m ɑ ]_w
[_w j ɑ d i f ɑ ]_w
[_w t o h ɑ w ɑ ]_w
[_w j o t e t e i ]_w
[_w ɡ ɑ f ɑ n ɑ ]_w
[_w k i ʔ i d ɑ ]_w
[_w l ɑ u f ɑ d i ]_w
[_w l u k u ]_w
[_w k ɑ ʔ ɑ l i k ɑ ]_w
[_w l o ɡ o ]_w
[_w f i ɡ i ]_w
[_w h ɑ ʔ ɑ m i n e ]_w
[_w j u w ɑ ]_w
[_w ɡ i t e ]_w
[_w m ɑ d ɑ d e n ɑ ]_w
[_w v ɑ v ɑ l i ]_w
[_w ɡ i b e ʔ u ]_w
[_w u ʔ u m i j ɑ ]_w
[_w v ɑ t ɑ n ɑ ]_w
[_w ɑ l i f ɑ ]_w
[_w ɑ i t ]_w
[_w m e l ɑ l ɑ f ɑ ]_w
[_w ɡ ɑ t e n ɑ ]_w
[_w d o ɡ o j o ]_w
[_w v ɑ h ɑ ]_w
[_w w ɑ m u l i j ɑ ]_w
[_w d i l i t i n i ]_w
[_w ɡ ɑ m e l i ]_w
[_w ɡ i f e ɡ e ɡ e ]_w
[_w ɑ v ɑ j ɑ u n ɑ ]_w
[_w u f ɑ i n ɑ ]_w
[_w h i w ɑ n ɑ ]_w
[_w n ɑ k i d i ]_w
[_w f ɑ h ɑ ]_w
[_w ɑ f ɑ i w e j ɑ ]_w
[_w f i v i l u w ɑ ]_w
[_w ɡ ɑ l i l i ɡ ɑ ]_w
[_w b u d u ]_w
[_w ɑ b ɑ v e j ɑ ]_w
[_w k ɑ l i l i ]_w
[_w j ɑ w ɑ i n e ]_w
[_w h i ʔ e l ɑ ]_w
[_w k e k e m o ʔ ɑ ]_w
[_w ɡ ɑ l u ʔ e t ɑ ]_w
[_w m ɑ n i j ɑ ]_w
[_w ɡ i u d ɑ ]_w
[_w t i t i ]_w
[_w m ɑ ʔ i t ɑ n ɑ ]_w
[_w d ɑ u m ɑ ]_w
[_w k i ɡ o j o ]_w
[_w h i t ɑ h o b u ]_w
[_w f i t o d i ]_w
[_w b u ɑ d i ]_w
[_w t u ʔ u n e ]_w
[_w l e t ɑ ]_w
[_w f ɑ i ɡ ɑ u ]_w
[_w ɡ i d e d e i ]_w
[_w k i t ɑ m i ]_w
[_w b u k i ]_w
[_w ɑ n ɑ v ɑ i n ɑ ]_w
[_w t u k ɑ t i ]_w
[_w ɡ i b o k i ]_w
[_w w ɑ f ɑ ]_w
[_w k i n ɑ ʔ ɑ n i ]_w
[_w h e i ]_w
[_w t ɑ m ]_w
[_w v ɑ ʔ i d ɑ n ɑ ]_w
[_w ɑ ʔ ɑ m i n e ]_w
[_w m e j ɑ m ɑ ]_w
[_w ɡ ɑ v ɑ i n i ]_w
[_w k e l o d e ]_w
[_w u m i j ɑ m i ]_w
[_w j ɑ b u n e ]_w
[_w u m i j ɑ ]_w
[_w ɡ ɑ b ɑ l u k u ]_w
[_w w ɑ ɡ u ɑ t i ]_w
[_w w e h i ]_w
[_w ɡ ɑ n ɑ w o n ɑ ]_w
[_w ɡ ɑ j e w ɑ t i ]_w
[_w ɡ u v ɑ m o ʔ ɑ ]_w
[_w l i ʔ u ]_w
[_w f e j ɑ ]_w
[_w t o ʔ i d ɑ j o ]_w
[_w v e l o ]_w
[_w h i v e l e k u ]_w
[_w ɡ ɑ b u b u d ɑ ]_w
[_w ɡ i ɡ ɑ h e j ɑ ]_w
[_w h i ʔ o d i ]_w
[_w ɡ i w ɑ h i n ɑ ]_w
[_w b ɑ n ɑ ʔ e l ɑ ]_w
[_w ɑ ɡ ɑ i t o m ɑ ]_w
[_w ɑ i t ɑ ]_w
[_w n i b ɑ i m i ]_w
[_w ɡ i ɡ ɑ b u n e ]_w
[_w h i d o t o m ɑ ]_w
[_w ɡ o w ɑ ]_w
[_w ɑ ʔ ɑ u ʔ ɑ k e ]_w
[_w ɡ ɑ n ɑ b e ʔ u ]_w
[_w v e l u ]_w
[_w w ɑ d ɑ l e t i ]_w
[_w v e k i t e n ɑ ]_w
[_w ɡ i l o w o ɡ ɑ ]_w
[_w k i n ɑ ʔ o t ɑ ]_w
[_w w ɑ d e v ɑ t u ]_w
[_w w ɑ ʔ i t i n i ]_w
[_w w ɑ v e d i w e ]_w
[_w ɡ u f ɑ ]_w
[_w ɑ m ɑ ]_w
[_w t u b u d u ]_w
[_w ɡ ɑ h i h i ]_w
[_w i d i f o ]_w
[_w j o d e f ɑ t u ]_w
[_w f ɑ ʔ i m e j ɑ ]_w
[_w d e v e n i ]_w
[_w m ɑ n u b u d u ]_w
[_w t o t i k u l u ]_w
[_w m o l i d ɑ ]_w
[_w n e v e ʔ ɑ m ɑ ]_w
[_w m ɑ l ɑ m o n e ]_w
[_w n ɑ d u n ɑ ]_w
[_w n u w ɑ m i ]_w
[_w h ɑ k u ɑ u n ɑ ]_w
[_w h i n ɑ j e m u ]_w
[_w h i n ɑ ɡ o n ɑ ]_w
[_w ɡ i l u ɡ u m ɑ ]_w
[_w f e ɡ ɑ ]_w
[_w f ɑ t ɑ d e i ]_w
[_w n i m ɑ k ɑ ]_w
[_w u ʔ u d ɑ ]_w
[_w ɑ f ɑ i m i ]_w
[_w ɡ i v ɑ i d ɑ ]_w
[_w ɡ i ɡ u ɑ k e ]_w
[_w h i v e t o ]_w
[_w k i t ɑ k ɑ ]_w
[_w k ɑ v e l e ɡ u ]_w
[_w m ɑ n u t i j ɑ ]_w
[_w ɡ i h e k e n ɑ ]_w
[_w ɡ e l e l e ]_w
[_w f ɑ ʔ i d ɑ ]_w
[_w t i b u d ɑ ]_w
[_w w ɑ f ɑ i n ɑ ]_w
[_w w ɑ w o w o ]_w
[_w v ɑ i k ɑ u ]_w
[_w ɑ l u k u ]_w
[_w k ɑ ɡ o j o ]_w
[_w ɑ m ɑ ɡ ɑ ]_w
[_w w e ʔ o w e ʔ o ]_w
[_w v i l i t i ]_w
[_w b u ɑ i ]_w
[_w n o ɡ ɑ l i ]_w
[_w f e w ɑ b ɑ n ɑ ]_w
[_w ɡ i l u ɡ ɑ n ɑ ]_w
[_w w ɑ e ɡ ɑ ]_w
[_w e l ɑ i j o n ɑ ]_w
[_w d u w e l ɑ ]_w
[_w f e f e ]_w
[_w m i k ɑ l i j ɑ ]_w
[_w ɡ ɑ h u l u f ɑ ]_w
[_w u l u k ɑ ]_w
[_w u k ɑ h i t i ]_w
[_w t u b u k ɑ ]_w
[_w ɡ ɑ f ɑ i n ɑ ]_w
[_w m ɑ n u w e j ɑ ]_w
[_w j o ʔ o j o ʔ o ]_w
[_w k ɑ n ɑ ʔ ɑ n ɑ ]_w
[_w h i h o b u ]_w
[_w ɡ i l e l e j o ]_w
[_w h i t ɑ n ɑ ]_w
[_w h i n ɑ b e ʔ u ]_w
[_w k o l i n i d ɑ ]_w
[_w n u w ɑ ɡ o j o ]_w
[_w t ɑ l ɑ ]_w
[_w ɡ i j ɑ u t i ]_w
[_w k ɑ l e ɡ o j ɑ ]_w
[_w t ɑ l ɑ m i n e ]_w
[_w k u l e l e j o ]_w
[_w e w ɑ ]_w
[_w w ɑ n i ]_w
[_w f ɑ j ɑ t ɑ ]_w
[_w n i m ɑ t u j o ]_w
[_w k i d ɑ m i ]_w
[_w ɡ i d ɑ m i ]_w
[_w t o v e m ɑ t u ]_w
[_w t ɑ i j ɑ u d i ]_w
[_w f e t i t o ]_w
[_w ɡ i d e n i ]_w
[_w u ʔ u n e ]_w
[_w ɑ m i n ɑ ]_w
[_w f u ɑ j ɑ ]_w
[_w m i j u t ɑ ]_w
[_w ɡ ɑ ɡ ɑ ]_w
[_w t ɑ ʔ e j ɑ ]_w
[_w ɑ w ɑ ɡ ɑ ]_w
[_w b o k e d i ]_w
[_w k ɑ n ɑ u n ɑ ]_w
[_w j e t e ]_w
[_w t o ʔ ɑ l i ɡ ɑ ]_w
[_w w ɑ d i ]_w
[_w ɡ i l ɑ v ɑ n ɑ ]_w
[_w k i t e m i ]_w
[_w ɡ u l e l e ]_w
[_w l ɑ w ɑ n ɑ ]_w
[_w t ɑ i n i j ɑ ]_w
[_w b o w ɑ t i ]_w
[_w n ɑ k i n e ]_w
[_w m ɑ i k ɑ u ]_w
[_w ɡ ɑ d u b u d u ]_w
[_w i ɡ ɑ n i ]_w
[_w ɑ k ɑ i m i j ɑ ]_w
[_w v e t ɑ l ɑ ]_w
[_w m ɑ i ɡ ɑ u ]_w
[_w ɡ i t ɑ ɡ ɑ n i ]_w
[_w ɡ i v ɑ n i ]_w
[_w ɡ i n ɑ ɡ ɑ ]_w
[_w f i l i m o n i ]_w
[_w k o l i j ɑ ]_w
[_w i m e ]_w
[_w f i l i m i j ɑ ]_w
[_w h i b e l i ]_w
[_w h ɑ w ɑ n ɑ ]_w
[_w m ɑ k i ɡ i k u ]_w
[_w o ɡ o l ɑ ]_w
[_w ɡ u ɑ d u t i ]_w
[_w m o ɡ ɑ n e t i ]_w
[_w u j u j u ]_w
[_w j o n i ]_w
[_w f e l e ɡ u ]_w
[_w k i l o w o ɡ ɑ ]_w
[_w w e t e ]_w
[_w ɑ ɡ o d u ]_w
[_w k i k ɑ h e j o ]_w
[_w l ɑ u v ɑ d i ]_w
[_w o d o v ɑ ]_w
[_w h ɑ n ɑ l ɑ ɡ ɑ ]_w
[_w k ɑ t ɑ k ɑ n i ]_w
[_w h i b u b u d i ]_w
[_w ɡ i k o f ɑ d i ]_w
[_w ɑ ɡ o n ɑ ]_w
[_w h i k ɑ ]_w
[_w k i f e t o ɡ i ]_w
[_w ɡ u m i n ɑ ]_w
[_w ɡ i k o v ɑ n ɑ ]_w
[_w i k ɑ ]_w
[_w h ɑ ɡ i h ɑ w ɑ ]_w
[_w i m e ʔ e j ɑ ]_w
[_w k ɑ v e j ɑ o ]_w
[_w m i ɡ ɑ i b e ]_w
[_w ɡ ɑ n ɑ k ɑ j o ]_w
[_w u ʔ i t ɑ ]_w
[_w ɡ ɑ n ɑ l e d e ]_w
[_w f ɑ ʔ i t ɑ n ɑ ]_w
[_w ɑ m i t i j ɑ ]_w
[_w t u f o n ɑ ]_w
[_w n o u t ɑ ]_w
[_w t u f o i t i ]_w
[_w l u k ɑ f o i ]_w
[_w w ɑ l o v ɑ ]_w
[_w ɑ t e v ɑ m ɑ ]_w
[_w h i f ɑ d i ]_w
[_w t o ʔ ɑ l i j ɑ ]_w
[_w b e l ɑ m ɑ n ɑ ]_w
[_w t e f i t ɑ ]_w
[_w o d ɑ ]_w
[_w k o n i j ɑ ]_w
[_w u ʔ u n ɑ d i ]_w
[_w e t i j ɑ ]_w
[_w l u ɡ e ]_w
[_w h i k ɑ b u n ɑ ]_w
[_w w ɑ ʔ ɑ ɡ o n ɑ ]_w
[_w l e h ɑ ɡ ɑ ]_w
[_w v e h ɑ w ɑ ]_w
[_w ɡ i t ɑ u j ɑ ]_w
[_w i t i ]_w
[_w k i m ɑ ɡ ɑ ]_w
[_w m i t ɑ i ɡ u ]_w
[_w j o ʔ o j ɑ ]_w
[_w m ɑ h ɑ l i n ɑ ]_w
[_w l ɑ ɡ ɑ n ɑ ]_w
[_w ɑ d e ʔ ɑ d e ]_w
[_w h i ʔ ɑ m ɑ ]_w
[_w t ɑ m e ]_w
[_w h i d e k u ]_w
[_w k ɑ m ɑ ɡ ɑ ]_w
[_w ɑ w ɑ d i ]_w
[_w h i m u l ɑ ]_w
[_w n u w ɑ t e m ɑ ]_w
[_w ɡ e v ɑ ]_w
[_w t o ʔ u d o ]_w
[_w ɡ i k o v ɑ d i ]_w
[_w ɑ d i k ɑ ]_w
[_w f e l e j o ]_w
[_w h i n ɑ ɡ ɑ ]_w
[_w ɡ i n ɑ u l u ]_w
[_w j ɑ t i ]_w
[_w k o n i t e l o ]_w
[_w ɡ i n ɑ v ɑ n e ]_w
[_w t i l i j o ]_w
[_w j o k o t i m o ]_w
[_w b ɑ j ɑ d ɑ ]_w
[_w k i t ɑ l ɑ ]_w
[_w ɡ u k u j o ]_w
[_w b ɑ h i m i n ɑ ]_w
[_w w ɑ l ɑ ]_w
[_w ɡ i v e d o ]_w
[_w k u ɑ u n ɑ ]_w
[_w h i n ɑ ʔ ɑ n i ]_w
[_w u n o k ɑ n ɑ ]_w
[_w k o l i ɡ o n ɑ ]_w
[_w m e t e m i ]_w
[_w h i k ɑ h e m i ]_w
[_w ɑ f ɑ i n ɑ ]_w
[_w v i l i m o n e ]_w
[_w f ɑ i ɡ o h i ]_w
[_w ɑ i n ɑ ]_w
[_w u n ɑ k ɑ h e ]_w
[_w t i ɡ u ɑ ]_w
[_w v ɑ i k o h i ]_w
[_w t o m u l i n e ]_w
[_w l o m u ]_w
[_w l u d i u l e ]_w
[_w ɑ i t e n i j o ]_w
[_w k i u l u ]_w
[_w m ɑ i k ɑ w ɑ ]_w
[_w ɑ ʔ ɑ u ʔ ɑ ɡ e ]_w
[_w ɑ i t u h e j ɑ ]_w
[_w t ɑ v ɑ ]_w
[_w ɡ i n ɑ m i t i ]_w
[_w b i j ɑ ]_w
[_w t ɑ v ɑ l ɑ ]_w
[_w h i n ɑ ɡ o t u ]_w
[_w ɑ k ɑ i j ɑ ]_w
[_w d ɑ m ɑ n ɑ ]_w
[_w w ɑ m i j ɑ m i ]_w
[_w h ɑ ʔ ɑ m i n ɑ ]_w
[_w u n ɑ d i ]_w
[_w n u w ɑ l ɑ ɡ ɑ ]_w
[_w ɡ ɑ b ɑ d ɑ ]_w
[_w k ɑ d ɑ n e ]_w
[_w w ɑ k ɑ n i ]_w
[_w h ɑ k i ]_w
[_w ɑ ɡ e d i ]_w
[_w t ɑ ʔ e j ɑ n ɑ ]_w
[_w k i m ɑ ɡ u ]_w
[_w h i t e f ɑ t u ]_w
[_w ɡ i t ɑ d i ]_w
[_w h i d ɑ ɡ u ]_w
[_w n ɑ i n ɑ t i ]_w
[_w ɑ b o d ɑ ]_w
[_w ɡ i n ɑ l ɑ k ɑ ]_w
[_w t ɑ ɡ e t i j ɑ ]_w
[_w t i j o ]_w
[_w ɡ ɑ b u n ɑ ]_w
[_w ɡ o l i j ɑ ]_w
[_w m e l ɑ l i n ɑ ]_w
[_w h ɑ f u n e ]_w
[_w m i j ɑ o ]_w
[_w f ɑ l o l o ]_w
[_w k i t e d ɑ ]_w
[_w k ɑ ɡ ɑ h e d i ]_w
[_w j o n ɑ ]_w
[_w f i l i ɡ ɑ ]_w
[_w ɡ i j ɑ ]_w
[_w j e m ]_w
[_w k i t ɑ d e n ɑ ]_w
[_w b o u n ɑ ]_w
[_w t u k ɑ d i ]_w
[_w t ɑ u b ɑ d ɑ ]_w
[_w o ʔ o l ɑ ]_w
[_w k i t u w ɑ ]_w
[_w l i d i ]_w
[_w ɑ i t i ]_w
[_w t i v i t ɑ ]_w
[_w u m i t i j o ]_w
[_w ɑ k ɑ i b e ]_w
[_w ɑ i w ɑ b u ]_w
[_w h i h e k e ]_w
[_w k i k o j o m i ]_w
[_w h i h u j ɑ j o ]_w
[_w h i b u b u n ɑ ]_w
[_w w ɑ v e d o ]_w
[_w ɡ i t ɑ u t i ]_w
[_w ɑ i d e j ɑ ]_w
[_w t o ɡ e t ɑ n i ]_w
[_w ɡ i ʔ ɑ b i n ɑ ]_w
[_w h i t e n ɑ m ɑ ]_w
[_w k i ɡ ɑ h e ɡ e ]_w
[_w ɡ i m o n e ]_w
[_w ɑ l o w o k u ]_w
[_w ɑ l ɑ ]_w
[_w ɡ i h ɑ k i ]_w
[_w v e h ]_w
[_w h i v ɑ i t ɑ ]_w
[_w j e d u ]_w
[_w ɑ b ɑ f e j ɑ o ]_w
[_w k ɑ n ɑ ʔ e ]_w
[_w l i l i m i j ɑ ]_w
[_w ɑ w ɑ m i ]_w
[_w b ɑ l ɑ b ɑ ]_w
[_w t ɑ m o ]_w
[_w v i l i v i j o ]_w
[_w u d o u d o ]_w
[_w w ɑ n o k ɑ l ɑ ]_w
[_w f ɑ l i j ɑ ]_w
[_w d o v e l u k ɑ ]_w
[_w w ɑ l ɑ ʔ ɑ ]_w
[_w ɡ i n ɑ ʔ o d ɑ ]_w
[_w ɡ o l i n ɑ ]_w
[_w i t i d i ʔ u ]_w
[_w k i n ɑ v i t ɑ ]_w
[_w u d u n ɑ ]_w
[_w ɑ w ɑ d ɑ ]_w
[_w o f ɑ d i j ɑ ]_w
[_w k i m u ]_w
[_w v e v i n e ]_w
[_w k i n ɑ l u k u ]_w
[_w ɑ l ɑ k ɑ ]_w
[_w k ɑ v ɑ n ɑ ]_w
[_w ɡ i ʔ i d ɑ ]_w
[_w ɡ i t ɑ m ɑ m ɑ ]_w
[_w f e h ]_w
[_w k u w ɑ d ɑ ]_w
[_w ɑ k ɑ i t o m ɑ ]_w
[_w ɡ ɑ k ɑ h e ɡ e ]_w
[_w k ɑ h ]_w
[_w ɑ l i f ɑ n i ]_w
[_w h i ʔ i d ɑ n ɑ ]_w
[_w l u k ɑ k ɑ ]_w
[_w m ɑ ɡ i k i d i ]_w
[_w ɡ i l ɑ u d i ]_w
[_w m ɑ n u w ɑ v ɑ ]_w
[_w t ɑ ɡ i j o ]_w
[_w k u w ɑ ]_w
[_w t o m ɑ ]_w
[_w t u ʔ e n ɑ ]_w
[_w h i d e m i t ɑ ]_w
[_w n o u d i ]_w
[_w h i n ɑ ʔ ɑ ]_w
[_w f u e f u e j ɑ ]_w
[_w d i j o n i ]_w
[_w v i l i k e j ɑ ]_w
[_w ɡ i n ɑ u n ɑ ]_w
[_w ɑ d ɑ m o ]_w
[_w t ɑ f ɑ k i n e ]_w
[_w d ɑ m o ]_w
[_w f e d i t o ]_w
[_w ɑ i w ɑ b u ɡ o ]_w
[_w t ɑ j ɑ k e ]_w
[_w w ɑ t ɑ k ɑ j o ]_w
[_w f e v e ]_w
[_w j ɑ b u n ɑ ]_w
[_w h o t ɑ n ɑ ]_w
[_w ɑ ʔ ɑ u ʔ ɑ m ɑ ]_w
[_w b o w ɑ d i j o ]_w
[_w ɑ k u f ɑ ]_w
[_w ɡ ɑ v ɑ n ɑ ]_w
[_w u ʔ i d ɑ d i ]_w
[_w k u ɑ m ɑ n ɑ ]_w
[_w ɡ i d u b u d ɑ ]_w
[_w t ɑ m e l i j ɑ ]_w
[_w b o n ɑ ʔ ɑ ]_w
[_w o t o v ɑ h ɑ ]_w
[_w m e l i j ɑ ]_w
[_w w ɑ l ɑ v ɑ ]_w
[_w n u w ɑ m ɑ ]_w
[_w ɡ i l ɑ ɡ ɑ ]_w
[_w ɑ i h ɑ l ɑ ]_w
[_w ɡ i n ɑ d i ]_w
[_w ɡ ɑ ʔ i w ɑ ]_w
[_w h i n ɑ u n ɑ ]_w
[_w k i h i ]_w
[_w b o n ɑ t e n ɑ ]_w
[_w t u ʔ u n ɑ ]_w
[_w ɡ i d ɑ ɡ ɑ ]_w
[_w ɑ n ɑ ʔ ɑ n i ]_w
[_w t i u l e ɡ ɑ ]_w
[_w u m i t i ]_w
[_w ɡ i v e t o ]_w
[_w m ɑ t ɑ ɡ ɑ j o ]_w
[_w b e ʔ e n ɑ ]_w
[_w ɑ j ɑ ɡ e ]_w
[_w n o u n e j ɑ ]_w
[_w w ɑ h u j ɑ j o ]_w
[_w ɡ i n ɑ m u n u ]_w
[_w v ɑ v ɑ n ɑ ]_w
[_w v ɑ ʔ i l ɑ ʔ ɑ ]_w
[_w w ɑ l o f i t ɑ ]_w
[_w h i j e ]_w
[_w v ɑ f ɑ l o l o ]_w
[_w ɑ t i k ɑ i b e ]_w
[_w t o w ɑ ]_w
[_w ɡ ɑ n ɑ j u n ɑ ]_w
[_w h i ɡ ɑ j o ]_w
[_w b u l ɑ v ɑ ]_w
[_w v e ɡ ɑ ]_w
[_w k i d ɑ ɡ u j ɑ ]_w
[_w ɡ ɑ f ɑ i d ɑ ]_w
[_w t o v e l u ]_w
[_w w o w o d i j ɑ ]_w
[_w w ɑ ʔ i d ɑ t i ]_w
[_w k i n ɑ u n ɑ ]_w
[_w ɡ ɑ l ɑ ]_w
[_w h i h i t i ]_w
[_w m ɑ i l i t o ]_w
[_w t ɑ l i ]_w
[_w f i l i d i j ɑ ]_w
[_w h i n ɑ ɡ o d u ]_w
[_w n ɑ t u ]_w
[_w ɑ d e ʔ ɑ t e ]_w
[_w k i f i d ɑ ]_w
[_w t ɑ k ɑ d ɑ n ɑ ]_w
[_w b u h i ]_w
[_w k e l ɑ d i t i ]_w
[_w ɑ m i j ɑ ]_w
[_w ɡ i d e n ɑ ]_w
[_w v ɑ l e j ɑ ]_w
[_w u d i k u l u ]_w
[_w f i k i ]_w
[_w ɡ i n ɑ n ɑ ]_w
[_w h i w ɑ n ɑ n ɑ ]_w
[_w l o k ɑ ]_w
[_w t ɑ j ɑ ɡ i n ɑ ]_w
[_w b ɑ n ɑ ʔ ɑ n ɑ ]_w
[_w m o ɡ ɑ n e d i ]_w
[_w h i j ɑ ɡ e ]_w
[_w n u w ɑ k o j o ]_w
[_w u n ɑ ɡ ɑ j o ]_w
[_w h i n ɑ k ɑ j o ]_w
[_w n i m ɑ ɡ ɑ ]_w
[_w ɡ ɑ n ɑ t e j ɑ ]_w
[_w t ɑ f ɑ k u n ɑ ]_w
[_w b i d i ]_w
[_w f i n i ɡ e d i ]_w
[_w k ɑ v e b u d u ]_w
[_w b u ɑ j ɑ ]_w
[_w w ɑ k u j ɑ ]_w
[_w d ɑ m o j ɑ ]_w
[_w ɡ ɑ w ɑ v i n ɑ ]_w
[_w ɑ i l ]_w
[_w l ɑ m u v ɑ ]_w
[_w w ɑ i ]_w
[_w ɡ i ɡ ɑ h e ]_w
[_w l ɑ i ]_w
[_w f ɑ f i n e ]_w
[_w t o n i v ɑ ]_w
[_w ɡ i ɡ ɑ h e m ɑ ]_w
[_w t ɑ ɡ e d i ]_w
[_w k i l u k u ]_w
[_w k i n ɑ ɡ i ]_w
[_w h i m ɑ d i d ɑ ]_w
[_w i h i ]_w
[_w h i t ɑ m ɑ n ɑ ]_w
[_w ɑ k o d u ]_w
[_w ɡ ɑ n ɑ ʔ e l ɑ ]_w
[_w w ɑ n ɑ b ɑ d ɑ ]_w
[_w h i v e l e ɡ u ]_w
[_w w ɑ n ɑ l e l e ]_w
[_w t o v e j ɑ ]_w
[_w t ɑ b ɑ n ɑ ʔ e ]_w
[_w ɡ ɑ t ɑ k u j ɑ ]_w
[_w e d ɑ ʔ u f o ]_w
[_w h i d e f ɑ m ɑ ]_w
[_w h ɑ ɡ i ]_w
[_w k ɑ m i j ɑ ]_w
[_w m e d e t e m i ]_w
[_w ɑ n ɑ u w e ]_w
[_w w ɑ m i ]_w
[_w u f e l e ]_w
[_w v e l e m o n i ]_w
[_w ɑ n u n u t i ]_w
[_w h i j ɑ u n ɑ ]_w
[_w ɑ n ɑ l u k u ]_w
[_w k i t ɑ u n i ]_w
[_w ɡ ɑ d u ]_w
[_w h i l e l i ]_w
[_w ɡ i ɡ ɑ n ɑ d i ]_w
[_w ɡ ɑ h e k e d i ]_w
[_w t o n ɑ ɡ i ]_w
[_w l ɑ h i ]_w
[_w u m i t i j ɑ ]_w
[_w f ɑ f ɑ l i j ɑ ]_w
[_w ɡ u v e j ɑ ]_w
[_w j ɑ i l o t i ]_w
[_w ɑ ʔ i d e j ɑ ]_w
[_w ɡ i ʔ i l o v ɑ ]_w
[_w h i f e j ɑ ]_w
[_w ɡ ɑ i f i l ɑ ]_w
[_w ɑ k e ɡ u ]_w
[_w k ɑ h i n ɑ d i ]_w
[_w l ɑ u w ɑ v ɑ ]_w
[_w t u m o ]_w
[_w h i t ɑ l u k u ]_w
[_w k ɑ m ɑ ]_w
[_w t ɑ ɡ e ]_w
[_w ɑ ɡ ɑ i d i ]_w
[_w v e d ɑ w ɑ ]_w
[_w m u n u n e ]_w
[_w ɡ ɑ v e b u t u ]_w
[_w h o d i ]_w
[_w h i n ɑ d ɑ ]_w
[_w u ʔ e l ɑ ]_w
[_w k ɑ d e n i d i ]_w
[_w k ɑ n ɑ d e n ɑ ]_w
[_w w ɑ n ɑ j e m u ]_w
[_w k i d e m ɑ ]_w
[_w ɑ f o l o t i ]_w
[_w ɡ i n ɑ t i ]_w
[_w ɑ n ɑ d e n ɑ ]_w
[_w ɡ u f ɑ d ɑ ]_w
[_w v ɑ i ɡ o h i ]_w
[_w h i v ɑ d i ]_w
[_w ɑ k o t u ]_w
[_w k ɑ ʔ i ]_w
[_w h ɑ n ɑ l u k u ]_w
[_w t i m o d i ]_w
[_w t e t i ]_w
[_w ɡ ɑ l i f ɑ ]_w
[_w ɑ n ɑ v ɑ t i ]_w
[_w k ɑ n ɑ m i t i ]_w
[_w w ɑ ʔ e ]_w
[_w ɡ i l ɑ ʔ ɑ ]_w
[_w ɡ i n ɑ ɡ o n ɑ ]_w
[_w i n ɑ k e n ɑ ]_w
[_w j e d e ]_w
[_w v ɑ j ɑ ]_w
[_w ɡ o l ɑ ]_w
[_w ɡ i l i k u j ɑ ]_w
[_w h ɑ v i v i l ɑ ]_w
[_w v ɑ ʔ i n ɑ ]_w
[_w ɡ i n ɑ b o t ɑ ]_w
[_w u t e n i j o ]_w
[_w m ɑ ɡ i ɡ u ]_w
[_w f e k e ɡ e ]_w
[_w k i j u v e n ɑ ]_w
[_w n i m ɑ ɡ u j ɑ ]_w
[_w n u w ɑ t e m i ]_w
[_w e l ɑ d i d ɑ ]_w
[_w f ɑ i v i l ɑ ]_w
[_w ɡ i k ɑ b u ]_w
[_w ɑ w ɑ l ɑ v ɑ ]_w
[_w m e t e t e l o ]_w
[_w t ɑ i t ɑ t i ]_w
[_w ɡ i v ɑ i ]_w
[_w ɑ ɡ ɑ i t e w ɑ ]_w
[_w ɡ i t e t e ]_w
[_w m e ʔ ɑ m ɑ ]_w
[_w l i ʔ u l i ]_w
[_w o v ɑ t i m o ]_w
[_w b o k i ]_w
[_w j ɑ d ɑ ]_w
[_w i f i ]_w
[_w ɡ ɑ d ɑ d e n i ]_w
[_w w ɑ v e l e ]_w
[_w t ɑ u n i ]_w
[_w ɡ ɑ n ɑ l u k u ]_w
[_w k i d e ]_w
[_w h i ɡ o j o ]_w
[_w ɡ ɑ b u n e ]_w
[_w k i j o ɡ o t i ]_w
[_w k ɑ n ɑ j e m u ]_w
[_w m e t e m i d ɑ ]_w
[_w ɑ k e m ɑ ]_w
[_w ɡ i d ɑ d e n ɑ ]_w
[_w h i t e v ɑ m ɑ ]_w
[_w k o j o m ɑ ]_w
[_w n e f e ʔ ɑ ]_w
[_w h i ʔ ɑ u ʔ ɑ ]_w
[_w b o w ɑ t i k o ]_w
[_w j ɑ w ɑ i m i ]_w
[_w t ɑ i m o ]_w
[_w ɑ ɡ e m ɑ ]_w
[_w w o l i v e ]_w
[_w ɡ i l ɑ u t i ]_w
[_w ɡ o l i n i t i ]_w
[_w m ɑ n u b u t i ]_w
[_w ɡ i k ɑ b u n e ]_w
[_w ɡ ɑ n ɑ ɡ ɑ h e ]_w
[_w ɡ i k ɑ h e n ɑ ]_w
[_w n u w ɑ f ɑ ]_w
[_w n ɑ t u l u n ɑ ]_w
[_w l e h ɑ k ɑ n i ]_w
[_w ɑ i k o h i ]_w
[_w t o v e f e ]_w
[_w ɡ ɑ u v e j ɑ o ]_w
[_w d ɑ l i j e ]_w
[_w b o n ɑ ɡ o n ɑ ]_w
[_w o n e t i m o ]_w
[_w u m i j ɑ o ]_w
[_w m u l i n e ]_w
[_w k ɑ n ɑ j o ]_w
[_w n ɑ k i ]_w
[_w b ɑ v ɑ ɡ ɑ ]_w
[_w t o t i ]_w
[_w ɡ e l i t o ]_w
[_w e i t ɑ ]_w
[_w w ɑ ɡ e j o ]_w
[_w ɡ i n ɑ k ɑ n i ]_w
[_w ɑ l i v ɑ ]_w
[_w ɑ i j e d ɑ ]_w
[_w l ɑ u w ɑ n e ]_w
[_w ɡ ɑ t ɑ ]_w
[_w m e l ɑ l i n e ]_w
[_w h i j ɑ k ɑ d i ]_w
[_w n i m ɑ k i ]_w
[_w h i d ɑ n ɑ ]_w
[_w h i d ɑ u j ɑ ]_w
[_w k i k o f ɑ d ɑ ]_w
[_w f ɑ i v i ]_w
[_w k ɑ l o w ɑ t i ]_w
[_w f e l u ɡ ɑ ]_w
[_w f o w ɑ ]_w
[_w u f ɑ i d ɑ ]_w
[_w k o m o l ɑ ]_w
[_w ɡ ɑ v ɑ d i m o ]_w
[_w k ɑ h e n ɑ o ]_w
[_w j u d ɑ d i ]_w
[_w v ɑ v i n e ]_w
[_w k i ɡ ɑ b u n ɑ ]_w
[_w b o n ɑ d e n ɑ ]_w
