[_w ɑ b ɑ ɾ ɑ l e l ]_w
[_w v e ɾ æ dʒ æ l i ]_w
[_w j ɑ x ɯ n ]_w
[_w t æ d b i ɾ ]_w
[_w t y ʃ y b ]_w
[_w t ɑ i m i ]_w
[_w v ɾ ɑ n s ɑ ]_w
[_w ɑ ɾ d ɯ n d ɑ ]_w
[_w b ɑ ɾ l ɯ x ɯ ]_w
[_w æ ɾ ɑ s i n i ɾ ]_w
[_w m y æ l l i ]_w
[_w ɑ l t ɑ j ]_w
[_w i b æ k ]_w
[_w o x l u ]_w
[_w dʒ ɑ j ɯ ]_w
[_w m æ k s æ d i ]_w
[_w i l i n æ ]_w
[_w m i n d æ ]_w
[_w ɟ e d ]_w
[_w d o l l ɑ ɾ ɯ ]_w
[_w ɡ æ b u l ]_w
[_w ɑ ɾ ɑ z ɯ ]_w
[_w æ f f æ l ]_w
[_w ɡ u ɾ ɑ n d ɑ ]_w
[_w e n e ɾ ɑ l t ɯ ]_w
[_w j ɑ x ɯ ]_w
[_w t æ n i z ]_w
[_w k ɑ s ɯ n d ɑ ]_w
[_w s u l ɑ ɾ ɯ ]_w
[_w b ɑ ɡ ɯ d ɑ ]_w
[_w m y ɑ z i ɾ i ]_w
[_w ɑ b ʃ d ɑ ]_w
[_w k ɯ z ɑ ]_w
[_w i ɾ æ l i ]_w
[_w p i l t i ]_w
[_w i n s ɑ n ɑ n ]_w
[_w i n ɟ ]_w
[_w k u ɾ b ɑ n ɯ ]_w
[_w ɾ æ ɡ s ]_w
[_w e t m æ j i ]_w
[_w f u ɾ u ɾ ]_w
[_w ʃ æ ɾ ɡ ]_w
[_w v o n d u ]_w
[_w i l l æ ɾ ]_w
[_w e l m l æ ɾ ]_w
[_w t ɑ ʃ ɯ ]_w
[_w b i ɾ i n ]_w
[_w h ɑ m ɯ ]_w
[_w p ɑ j d ɑ d ɑ ɾ ]_w
[_w ɡ i l s æ n i n ]_w
[_w t ɑ b ɑ ]_w
[_w s æ f æ ɾ ]_w
[_w j æ n i ]_w
[_w dʒ i s m i ]_w
[_w o n l ɑ ɾ ]_w
[_w œ l k æ ]_w
[_w æ s ɟ æ ɾ ]_w
[_w t æ k t i j i ]_w
[_w ɑ l ɯ n m ɯ ʃ ]_w
[_w b ɑ n k ɯ ]_w
[_w b æ x ʃ ]_w
[_w s b b dʒ ]_w
[_w ɑ ɣ ɯ s t ɑ ]_w
[_w s i z ]_w
[_w ɑ tʃ ɯ ɾ ]_w
[_w ɡ i d ɑ b l ɑ ɾ ]_w
[_w ʃ e j ɣ ]_w
[_w j ɑ z ɯ dʒ ɯ s ɯ ]_w
[_w dʒ æ k m æ ɡ ]_w
[_w dʒ æ k i l i b ]_w
[_w ʃ u ʃ ɑ ]_w
[_w s ɑ d ɯ ɡ ]_w
[_w d œ v l æ t i n ]_w
[_w t ɑ h ɑ ]_w
[_w z ɑ h æ l æ ]_w
[_w i dʒ ɾ ɑ ]_w
[_w m æ n i m ]_w
[_w x i l ɑ s ]_w
[_w o dʒ l ]_w
[_w b d u n u n ]_w
[_w e d æ ɾ ɡ ]_w
[_w i k i n d æ ]_w
[_w tʃ ɑ j ɯ ]_w
[_w ɡ æ ɾ b i ]_w
[_w t y ʃ y n dʒ æ ]_w
[_w œ n dʒ æ ]_w
[_w ɟ i l ɑ n ]_w
[_w ɑ ɾ d ɯ ]_w
[_w m y h ɑ k i m i ]_w
[_w e l m æ ]_w
[_w ʃ æ x s l æ ɾ i ]_w
[_w e t æ k ]_w
[_w v u ɾ x u n ]_w
[_w v e ɾ ɟ i l æ ɾ ]_w
[_w e t i b ]_w
[_w ɑ l m ɑ n ]_w
[_w x ɑ n ɯ m ɑ ]_w
[_w æ l ɑ k æ t æ ɾ ]_w
[_w t æ ɾ æ n ]_w
[_w o n u ]_w
[_w j e h o v ɑ j ɑ ]_w
[_w ʃ d ɑ d ɯ n ]_w
[_w ʃ ɑ u l ]_w
[_w d æ z j i ɡ i ]_w
[_w l i t e ɾ i ɑ l ]_w
[_w k e tʃ m æ k ]_w
[_w d æ s i ]_w
[_w d y ʃ m æ n i m ]_w
[_w k o n ʃ u ]_w
[_w u s ɑ n ɑ ]_w
[_w k ɑ ɾ ɑ p ɑ ɣ ɑ ]_w
[_w æ ɾ i ]_w
[_w d ɑ ɣ d ]_w
[_w v æ x ɾ i ]_w
[_w m u z e j i ]_w
[_w m o n k o l ]_w
[_w o l u n d ɑ n ]_w
[_w d æ k ]_w
[_w æ f æ s i ɾ ]_w
[_w m æ b l æ x i ]_w
[_w z i m v o l u ]_w
[_w x i d m æ t d æ ]_w
[_w ɟ œ z d æ ɾ t i ]_w
[_w s y l h ]_w
[_w ɑ n ɑ s ɯ ]_w
[_w m e j l ]_w
[_w ɑ d l ɑ ɾ ɯ ]_w
[_w s o n u n ]_w
[_w f e ɾ i l d i ]_w
[_w j u n ɑ n ]_w
[_w n o j ɑ p ɾ ]_w
[_w y s t y n ]_w
[_w f ɑ ɾ l ɯ ɡ ]_w
[_w s u t ɑ ]_w
[_w ɑ b t u l l ɑ ]_w
[_w d æ ɡ d i ɾ ]_w
[_w ɟ i ɾ i b ]_w
[_w ɟ æ l m æ s i ]_w
[_w ɑ ɡ d i ɡ ]_w
[_w b i ɾ i ]_w
[_w f i z i k ɑ ]_w
[_w æ m æ l ]_w
[_w k u ɾ u l m u ʃ ]_w
[_w s i l ɑ h i ]_w
[_w ʃ æ k i l ]_w
[_w i k i ]_w
[_w d æ k l i n d æ ]_w
[_w m y d l æ v i ]_w
[_w m e x ɑ n i k i ]_w
[_w tʃ i n ]_w
[_w œ z y ]_w
[_w ɟ y n l æ ɾ ]_w
[_w j e ɾ i ]_w
[_w f o k ɑ l ]_w
[_w æ m æ ɡ ]_w
[_w ɡ ɑ ɾ ɑ n ]_w
[_w ɑ b ɑ ɾ ɯ b ]_w
[_w z y b u t ]_w
[_w t e m æ k t æ b ]_w
[_w ɑ l l ɑ h t ɑ n ]_w
[_w d æ f æ ]_w
[_w u ɣ ɾ u n d ɑ ]_w
[_w d o ɾ p ɑ k ]_w
[_w œ l k æ d æ ]_w
[_w ɾ s ɑ ]_w
[_w m ɑ ɑ ɾ i f ]_w
[_w j ɑ ɾ ɑ n ɑ n ]_w
[_w s b dʒ d ]_w
[_w e t ɑ m ]_w
[_w s y n i ]_w
[_w m i l l i ]_w
[_w f i l m i ʃ ]_w
[_w t u d u ɾ ]_w
[_w s æ v æ v i ]_w
[_w n y m ɑ j i ʃ ]_w
[_w ɟ o ɾ ɑ n b o j ]_w
[_w k i m j ɑ ]_w
[_w i ɾ ɑ n ]_w
[_w i t ɑ l j ɑ n ]_w
[_w e t æ ɾ ]_w
[_w ɟ æ l ]_w
[_w s ɑ ɾ ɑ j ɯ n ɯ ]_w
[_w x æ b æ ɾ l æ ]_w
[_w æ s l i n d æ ]_w
[_w o l ɑ ɾ ]_w
[_w ɡ u ɾ d u ]_w
[_w ʃ æ ɾ k i ]_w
[_w n æ v æ ɾ ]_w
[_w z ɑ t ɯ ɡ ]_w
[_w p o j n u n ɑ ]_w
[_w ɾ u h ]_w
[_w o ɣ u j u ɾ ]_w
[_w æ s ɑ z l ɯ ]_w
[_w ɟ æ l æ ]_w
[_w s y ɾ y ɾ ]_w
[_w ɡ i m j ɑ ]_w
[_w e t i l æ ɾ ]_w
[_w j o l l ɑ ]_w
[_w d ɑ n ɯ n ɯ ɾ ]_w
[_w m æ h s u l u ]_w
[_w s s ɾ i ]_w
[_w ɟ œ ɾ m y ʃ ]_w
[_w m æ h s ]_w
[_w m ɑ ɟ i z d ɾ ]_w
[_w s i n f i n æ ]_w
[_w o ɾ i ʃ i n i n ]_w
[_w ɑ l ɯ n ɯ ɾ ]_w
[_w ɟ œ ɾ k æ m l i ]_w
[_w b ɑ l ɑ ]_w
[_w m y æ j j æ n ]_w
[_w d e ɑ d ɾ ɯ n ]_w
[_w d e z l i k ]_w
[_w i l e ]_w
[_w ʃ æ ɡ i l d æ ]_w
[_w p i l t i ɾ ]_w
[_w dʒ i s m i d i ɾ ]_w
[_w f æ v ɑ d ]_w
[_w h ɑ l t ɑ n ]_w
[_w ɾ ɑ j o n u n ]_w
[_w n i ʃ ɑ n ɯ ]_w
[_w ɟ æ l i ɾ l æ ɾ ]_w
[_w t æ ɾ i ɾ ]_w
[_w k u b ɑ t l ɯ ]_w
[_w b ɑ ʃ l ɑ m ɯ n ]_w
[_w t æ dʒ i l i b ]_w
[_w tʃ e j m s ]_w
[_w i n k i ]_w
[_w t y ʃ d y ]_w
[_w tʃ œ ɾ æ k ]_w
[_w e d æ n d ɑ ʃ ]_w
[_w ɾ u z i j ɑ ]_w
[_w i ɾ ɑ n ɑ n ]_w
[_w m y ʃ ɑ j i æ t ]_w
[_w o n t ɑ ]_w
[_w ɟ æ l i ɾ t i ]_w
[_w k e tʃ i ɾ æ n ]_w
[_w ɟ æ t i ɾ ]_w
[_w s ɑ p ]_w
[_w t æ ɾ æ f i n æ ]_w
[_w æ l i n ]_w
[_w b i l æ dʒ æ ]_w
[_w s œ j l æ ]_w
[_w ɑ k t j o ɾ ]_w
[_w v o n d u n u n ]_w
[_w s s e n ɑ ɾ i ]_w
[_w h e j v ɑ n ɯ n ]_w
[_w ɑ b ʃ ɯ n ]_w
[_w d ɾ ɑ m ]_w
[_w ɑ z i j ɑ ]_w
[_w b ɑ u l ]_w
[_w n y v æ ]_w
[_w d æ k dʒ æ ]_w
[_w k ɑ l ɣ ɯ ]_w
[_w o l ɑ ɾ d ɑ n ]_w
[_w ɟ e t m æ k ]_w
[_w o l u n ɑ n ]_w
[_w o l m u ɾ ]_w
[_w ɑ b b ɑ ɾ ]_w
[_w b i ɾ l i k ]_w
[_w ɑ t ɑ m l ɑ ɾ ɯ ]_w
[_w s e tʃ i l i b ]_w
[_w d y n j ɑ ]_w
[_w ɡ æ t æ ]_w
[_w k ɾ u b u n ]_w
[_w u x u ɾ l ɑ ]_w
[_w j ɑ ʃ ɯ l ]_w
[_w y m i t ]_w
[_w t ɑ n ɯ ʃ ɑ n ]_w
[_w ɟ y n y n ]_w
[_w z æ k k i z ]_w
[_w j e d i ɾ t i ]_w
[_w v æ z ɑ i d i ]_w
[_w v e ɾ i l i b ]_w
[_w b ɑ s ɑ z ɯ ]_w
[_w d u t u ɾ ]_w
[_w m æ dʒ l i s i ]_w
[_w i o ɾ t ɑ n ]_w
[_w f æ k i l ]_w
[_w y s v ]_w
[_w v i k ɾ æ t ]_w
[_w b ɑ ʃ ɑ ]_w
[_w h œ ɾ m æ d ]_w
[_w n œ v y ]_w
[_w j ɑ n v ɑ ɾ ]_w
[_w s ɑ ɾ ɑ j ɯ ]_w
[_w b ɑ ɡ ɯ j ɑ ]_w
[_w tʃ æ k t i m i ɾ ]_w
[_w y s ɾ æ ]_w
[_w h æ m ]_w
[_w h æ dʒ m l i ]_w
[_w h æ n d æ ]_w
[_w d œ v ɾ i ]_w
[_w ʃ æ x s i ]_w
[_w b o tʃ t ]_w
[_w b u n d ɑ ]_w
[_w p ɑ ʃ ɯ n d ɑ n ]_w
[_w e n i ]_w
[_w ɑ m m ɑ ]_w
[_w ɟ e t æ ]_w
[_w æ s k i ]_w
[_w j o l d ɑ n ]_w
[_w x ɑ l tʃ ɑ ]_w
[_w ʃ æ n b æ j i ]_w
[_w tʃ æ k i b ]_w
[_w i f ɑ tʃ ɯ z ɯ ]_w
[_w p e ɾ l i ]_w
[_w m æ ɾ h u m ]_w
[_w ɡ ɑ ɾ ɑ n m ɯ ʃ ]_w
[_w ɾ ɑ b i d ]_w
[_w t u n dʒ ]_w
[_w ɾ z ɑ ]_w
[_w i d i l æ ɾ æ ]_w
[_w m y t ɑ v i æ ]_w
[_w ɑ n ɑ z ɯ ]_w
[_w s æ dʒ t æ ]_w
[_w d æ k i ɡ æ ]_w
[_w p y d œ v ]_w
[_w d æ j j ɑ ɾ æ ]_w
[_w p e l æ dʒ æ ]_w
[_w j e d i ɾ l æ ɾ ]_w
[_w m o s k v ɑ j ɑ ]_w
[_w z e j i ɾ ]_w
[_w u z ɑ n ɯ n d ɑ ]_w
[_w i ʃ æ ]_w
[_w ɑ ɾ d ɯ ɾ ɯ ɾ ]_w
[_w ɟ y n æ ʃ ]_w
[_w l e n i n ]_w
[_w s o l o ]_w
[_w i ɡ l i m ]_w
[_w ɡ ɑ z ɯ b ]_w
[_w ɡ o l u ]_w
[_w h i k m æ t ]_w
[_w ʃ æ h æ ɾ ]_w
[_w n y v u z ]_w
[_w ɑ l i ]_w
[_w s æ b d ]_w
[_w j e ɾ i n d æ ]_w
[_w m i l l æ ɾ ]_w
[_w i tʃ m ɑ ]_w
[_w f æ f ɑ d ]_w
[_w b æ j ]_w
[_w n æ f æ ɾ l i ]_w
[_w ɡ e j ɾ i ɑ d i ]_w
[_w b i z i m ]_w
[_w ɟ œ ɾ y n y ɾ ]_w
[_w ʃ œ h ɾ æ d i ]_w
[_w t y tʃ ɑ ɾ ]_w
[_w v l ɑ t ɯ n ɯ ]_w
[_w t ɑ ɣ l ɑ ɾ ɯ ]_w
[_w ɡ ɑ b ɯ ]_w
[_w z æ n ]_w
[_w h e s ɑ b l ɑ ]_w
[_w ɑ v ɡ u z d ]_w
[_w j ɑ j ]_w
[_w t e k ɑ p ɾ ɯ n ]_w
[_w u l u ]_w
[_w t ɑ ɣ ]_w
[_w u s ɑ n ɑ n ]_w
[_w n ɑ s i m i ]_w
[_w d œ j y ʃ æ ]_w
[_w ɡ ɑ l i b i ]_w
[_w m y æ l l i m ]_w
[_w ɑ l æ m i ʃ æ ]_w
[_w æ ɾ ɑ s i ]_w
[_w y tʃ y n dʒ y ]_w
[_w s u v ɑ ɾ m ɑ ɡ ]_w
[_w p u n t ɑ ]_w
[_w ɑ k i f ]_w
[_w æ h ɑ t æ t ]_w
[_w e d d i k dʒ æ ]_w
[_w b ɑ l d ɑ ]_w
[_w i l d i ]_w
[_w j ɑ ɾ ɑ d m ɑ ɡ ]_w
[_w p e d ɑ k o ʃ i ]_w
[_w i k i n d i ɾ ]_w
[_w s e n d ]_w
[_w ɾ u h ɑ n i ]_w
[_w b ɑ ɾ ɑ n d ɑ ]_w
[_w s æ n ɑ j e z i ]_w
[_w t ɑ f u d ɑ ]_w
[_w æ l i n d æ ]_w
[_w b ɑ x ɯ ]_w
[_w h ɑ l ]_w
[_w b ɑ m p ɯ ɡ ]_w
[_w j o l ɑ ]_w
[_w tʃ ɑ ɾ ]_w
[_w ɑ i t ]_w
[_w ɑ ɣ d ɑ m ]_w
[_w ɡ i d ɑ b d ɑ ]_w
[_w v e v ɾ ɑ l ]_w
[_w æ s æ ɾ l æ ɾ ]_w
[_w i n k i l ɑ p ]_w
[_w x i t m æ t i ]_w
[_w ɟ e ɾ i ]_w
[_w j e ɾ l æ ɾ ]_w
[_w f i k ɾ i n æ ]_w
[_w d ɑ n ɯ n ]_w
[_w p æ ɾ k ]_w
[_w ʃ æ h ɑ d æ t ]_w
[_w b ɾ i n s i b i ]_w
[_w t o s ]_w
[_w l i f i ]_w
[_w d e ɑ t ɾ ]_w
[_w o k t j ɑ b ɾ ]_w
[_w f ɑ k t l ɑ ɾ ]_w
[_w æ s ɾ d æ ]_w
[_w ɑ l tʃ ɑ l ɑ ɾ ]_w
[_w f ɾ ɑ n z ɑ t ɑ ]_w
[_w v ɑ ɾ s ɑ ]_w
[_w t ɑ x i l i ]_w
[_w m e t ɑ l ]_w
[_w o k e ɑ n ]_w
[_w ɟ y n d æ ]_w
[_w y z ɾ æ ]_w
[_w k u ɾ ɑ n ]_w
[_w y z d y n ]_w
[_w s i j ɑ z i ]_w
[_w ɟ y dʒ y n dʒ y ]_w
[_w m ɑ j ɯ n ]_w
[_w t æ k ]_w
[_w v i ɡ i ɾ l æ ɾ ]_w
[_w t i k i ]_w
[_w ɑ ɾ t ɯ ɾ m ɑ ɡ ]_w
[_w i s k æ n d i ]_w
[_w ɟ e d æ n l æ ɾ ]_w
[_w ɑ d l ɑ n t ɑ ]_w
[_w k ɾ u p u n u n ]_w
[_w ɑ b i t æ n i ]_w
[_w f i l o s o v ]_w
[_w ɡ u ɾ m u ʃ t u ]_w
[_w z ɑ ɾ ɯ ]_w
[_w b o j u ]_w
[_w i ʃ i n ]_w
[_w j ɑ b o n ]_w
[_w ɑ l m ɑ k ]_w
[_w u ʃ ɑ ɣ ɯ ]_w
[_w x o ʃ b æ x t ]_w
[_w ɡ ɑ j n ɑ ɾ ]_w
[_w d i ɡ i l æ n ]_w
[_w m u s i k i ]_w
[_w j ɑ ʃ ɑ t ɯ x ɯ ]_w
[_w ɟ œ ɾ y n æ n ]_w
[_w e t m æ ]_w
[_w p ɑ b ɑ j e v ]_w
[_w d æ d ɡ i ɡ ]_w
[_w b o ʃ ]_w
[_w u x u ɾ l ɑ ɾ ]_w
[_w ɟ æ l m i ʃ ]_w
[_w ɾ e ʃ i m i ]_w
[_w ɡ u ɾ u l u ʃ ]_w
[_w o ɡ t j ɑ b ɾ ]_w
[_w o d u s ]_w
[_w s t ɾ ɑ d e ʃ i ]_w
[_w b o b u l j ɑ ɾ ]_w
[_w ɑ ɣ dʒ ɑ b æ d i ]_w
[_w æ s ɾ ]_w
[_w ɟ æ l æ n ]_w
[_w m æ n b æ z i ]_w
[_w o j n ɑ j ɑ n ]_w
[_w i n k ɑ ɾ ɑ ]_w
[_w m æ ɾ h æ l æ ɾ ]_w
[_w v e ɾ i l i ɾ ]_w
[_w k ɑ ɾ æ t ]_w
[_w ɑ j ɑ ɣ ɑ ]_w
[_w ɡ y l l i ]_w
[_w b e ʃ ]_w
[_w x æ s æ ɾ i f ]_w
[_w j u m ʃ ɑ ɡ ]_w
[_w ɑ j ɯ ]_w
[_w o ɾ ɡ ɑ n ɯ n ]_w
[_w œ l ɡ æ n i n ]_w
[_w x ɑ l tʃ ɑ z ɯ ]_w
[_w dʒ i n ]_w
[_w d y ʃ m æ n ]_w
[_w ɡ u l u ]_w
[_w m æ ʃ ɡ tʃ i z i ]_w
[_w æ d ɑ l æ t l i ]_w
[_w n i j æ ]_w
[_w ɑ j ɾ ɯ tʃ ɑ ]_w
[_w h i n d ]_w
[_w n æ t i ɾ æ ]_w
[_w b u l ]_w
[_w æ s ɑ z ɯ ]_w
[_w œ l y l æ ɾ ]_w
[_w d ɑ n ɯ ]_w
[_w j ɑ k u b u n ]_w
[_w x i t m æ t æ ]_w
[_w ɡ o ɾ i ]_w
[_w y s j ɑ n ]_w
[_w y z y n d æ n ]_w
[_w dʒ e v ɾ i l i b ]_w
[_w i l k ]_w
[_w d æ ɾ s t æ ]_w
[_w m æ ɾ u s ]_w
[_w t ɑ ɾ i x tʃ i ]_w
[_w b ɑ ʃ tʃ ɯ s ɯ ]_w
[_w ɾ s ɑ j e v ]_w
[_w k e tʃ i ɾ i ɾ ]_w
[_w s ɑ l e h ]_w
[_w j o l l ɑ ɾ ]_w
[_w j ɑ ɾ ɑ n ]_w
[_w ɟ y n æ ]_w
[_w m æ k s æ ɾ ]_w
[_w s æ h i j j æ ]_w
[_w b i o l o ʒ i ]_w
[_w b u d u ɾ ]_w
[_w t u ɾ ʃ u z u ]_w
[_w s o v e t l æ ɾ ]_w
[_w f e ɾ i l æ n ]_w
[_w h æ s æ n ]_w
[_w ɑ m e ɑ n ɯ n ]_w
[_w ʃ æ ɾ æ v i n æ ]_w
[_w s æ b æ b d æ ]_w
[_w d y ʃ y ɾ ]_w
[_w ɟ œ z d æ ɾ i b ]_w
[_w b u t u ɾ ]_w
[_w x o ɾ ɑ s ɑ n ]_w
[_w i ʃ d i ɾ ɑ ɡ ]_w
[_w e d d i ɾ d æ ]_w
[_w p ɑ ɾ æ n ]_w
[_w ʃ æ h æ ɾ d æ n ]_w
[_w m e t ɾ ]_w
[_w ɑ n l ɑ ɾ ]_w
[_w b ɑ x ɑ ]_w
[_w v ɑ n ]_w
[_w m y b ɑ ɾ i s ]_w
[_w h y s e j n i ]_w
[_w i ʃ ɑ ɾ æ ]_w
[_w æ b æ d i ]_w
[_w h e k t ɑ ɾ ]_w
[_w ɑ l t ɯ ]_w
[_w s æ h æ ɾ l æ ɾ ]_w
[_w m y x b i ɾ ]_w
[_w f e ɾ ]_w
[_w t œ j y ʃ ]_w
[_w ɟ œ ɾ y ɾ y ɡ ]_w
[_w ɡ o m b l e k s ]_w
[_w b ɑ ʃ l ɑ n ɑ n ]_w
[_w æ d æ b i l æ n ]_w
[_w h e tʃ ]_w
[_w v u t b o l ]_w
[_w j e d i ɾ ɑ f ]_w
[_w d æ m æ l æ k ]_w
[_w ʃ æ k æ ɾ ]_w
[_w ʃ i æ ]_w
[_w s s ɾ i t æ ]_w
[_w m y h ɑ ɡ i m æ ]_w
[_w o ɣ l u x u ]_w
[_w d i b l æ ɾ ]_w
[_w i m ɑ n ]_w
[_w e t d i ]_w
[_w d i b b i ]_w
[_w v ɑ i z ]_w
[_w u s u n ]_w
[_w i m k ɑ n ɯ n ]_w
[_w œ l d y ɾ m æ k ]_w
[_w b ɑ ʃ ɯ n ɑ ]_w
[_w h ɑ l ɯ ]_w
[_w i l d æ ]_w
[_w y s v l æ ɾ i ]_w
[_w ɑ l d ɯ x ɯ ]_w
[_w d æ ɾ æ f t æ n ]_w
[_w e ʒ i t i b ]_w
[_w t æ ɾ i n æ ]_w
[_w s ɑ m ɑ n t ɑ ]_w
[_w o ɣ l u n u n ]_w
[_w b e ʃ æ ]_w
[_w t o ɾ b ɑ ɡ d ɑ ]_w
[_w n ɑ i l ]_w
[_w h æ t i j i ]_w
[_w m æ ɟ æ ɾ ]_w
[_w t ɑ x ɯ ]_w
[_w t y s ɟ y n ]_w
[_w m æ s dʒ i d i ]_w
[_w t æ k i l d i ]_w
[_w d y n j ɑ j ɑ ]_w
[_w j ɑ ʃ ɯ ]_w
[_w j ɑ n ɯ n ]_w
[_w k ɯ l ɯ n dʒ ]_w
[_w n ɑ m ɑ s ɑ ]_w
[_w k ɑ ɾ d ɑ ʃ ]_w
[_w z æ b æ s i ]_w
[_w o l u n u ɾ ]_w
[_w b y d y n ]_w
[_w i k i n dʒ i l ]_w
[_w j o l u n d u ]_w
[_w s t ɑ d u s u ]_w
[_w s ɑ l ɯ ɾ ]_w
[_w h e s ɑ p ɯ n ]_w
[_w s ɑ ɣ l ɑ ɾ ]_w
[_w j ɑ s ɑ n ]_w
[_w d y ɾ ɡ l æ ɾ ]_w
[_w ɑ b ɾ e l ]_w
[_w v l ɑ t i m ]_w
[_w u ɡ ɾ ɑ j n ɑ ]_w
[_w v i s i k ɑ ]_w
[_w f e ɾ i b ]_w
[_w ɡ ɑ ɾ l ]_w
[_w j ɑ s t ɯ ɾ ]_w
[_w æ m l ɑ ɡ ]_w
[_w s ɯ ɾ ɑ ]_w
[_w m æ s ɑ v æ t æ ]_w
[_w k æ n d ]_w
[_w m æ s u l ]_w
[_w d i dʒ ɑ ɾ æ d ]_w
[_w s æ ɾ i n ]_w
[_w s ɑ ɡ i t ]_w
[_w ɑ l i m ]_w
[_w n æ ʃ ɾ ]_w
[_w x ɯ ɯ ]_w
[_w ɡ æ ɾ p ]_w
[_w ɡ æ n d i n æ ]_w
[_w d y ɾ b æ z i ]_w
[_w d y ʃ m y ʃ ]_w
[_w m æ s i ]_w
[_w ʃ ɑ m ]_w
[_w æ ɾ æ b ]_w
[_w s ɑ b i ɾ ]_w
[_w d y n j ɑ d ɑ ]_w
[_w j ɑ ɾ ɑ d ɑ ]_w
[_w j ɑ ʃ ɑ j ɯ ɾ ]_w
[_w p i ɾ i ]_w
[_w j ɑ z ɯ dʒ ɯ z ɯ ]_w
[_w ɑ ɾ i f ]_w
[_w v ɑ ɾ t ɯ m ]_w
[_w s u ɾ i j ɑ ]_w
[_w m æ k t æ b ]_w
[_w h ɑ n s ɯ s ]_w
[_w b i d i ]_w
[_w ʃ æ k i ]_w
[_w ɑ l i m i ]_w
[_w m y h y m ]_w
[_w t æ ɾ z ]_w
[_w s y f ɑ ɾ i ]_w
[_w ʒ u ʃ ɑ d ɑ ]_w
[_w t œ k y l y ɾ ]_w
[_w t o ɣ ɾ u ]_w
[_w e d m i ʃ d i ]_w
[_w t o n ]_w
[_w v e ɾ æ ɾ ]_w
[_w i s t i k l ɑ l ]_w
[_w i s m ɑ j ɯ n ]_w
[_w ɟ æ l i n æ ]_w
[_w ɡ i ʃ i ]_w
[_w m ɑ ɾ k ]_w
[_w ɟ u j ɑ ]_w
[_w b i s ɑ n ɯ n ]_w
[_w ɑ ɾ ɑ s ]_w
[_w ɡ ɑ ɾ ɑ ]_w
[_w o l u ɾ d u ]_w
[_w æ l ɑ ɡ ]_w
[_w ɡ u b ]_w
[_w ɾ ɑ t i o ]_w
[_w b ɑ ɡ ]_w
[_w h æ j ɑ d ɑ ]_w
[_w p ɑ l d ɑ ]_w
[_w t æ t æ n ]_w
[_w s æ ɾ h æ l æ ]_w
[_w k ɑ tʃ d ɯ ]_w
[_w s ɑ ɾ ɯ ]_w
[_w s o n ɾ ɑ ]_w
[_w t i ɟ æ ɾ ]_w
[_w i ʃ ɣ ɑ l ]_w
[_w j ɑ ɣ ɯ n d ɯ ]_w
[_w b æ s æ k ]_w
[_w ɡ æ b æ l æ ]_w
[_w o n d ɑ n ]_w
[_w i n ɡ i l ɑ b ]_w
[_w v ɾ ɑ n s ɑ d ɑ ]_w
[_w e d m æ j æ ]_w
[_w j e ɾ ɑ l ]_w
[_w m y d i ɾ ]_w
[_w b i l i k ]_w
[_w b i ɾ dʒ æ ]_w
[_w tʃ ɑ f ɑ d ]_w
[_w k ɯ ɾ ɣ ]_w
[_w b i d ɡ i l æ n ]_w
[_w d u l ]_w
[_w æ s i ɾ ]_w
[_w m i s ]_w
[_w o l u n ɑ dʒ ɑ ɡ ]_w
[_w ɾ æ b b ]_w
[_w ɑ ɣ ɑ ]_w
[_w t ɑ ʃ l ɑ n ɑ n ]_w
[_w o l u n m u ʃ ]_w
[_w ɑ l l ɑ ]_w
[_w k o m p l e k s ]_w
[_w f æ x ɾ i ]_w
[_w ɑ b ʃ t ɑ ]_w
[_w t œ ʃ ]_w
[_w ʃ ɑ i ɾ ]_w
[_w l ɑ ɡ i n i ]_w
[_w s æ b æ b t æ ]_w
[_w ɾ o l ]_w
[_w ɡ ɑ ɾ ʃ ɯ ]_w
[_w v æ ɾ ɾ u ɣ ]_w
[_w x æ l i l o v ]_w
[_w ʃ æ x s ]_w
[_w v ɑ ɣ d ɯ n d ɑ ]_w
[_w m y s b æ t ]_w
[_w t o s t l u ɡ ]_w
[_w j ɑ z ɯ tʃ ɯ ]_w
[_w n o ɾ v e tʃ ]_w
[_w ɟ æ l d i k t æ ]_w
[_w tʃ ɑ j ɯ n ɯ n ]_w
[_w t æ k i b ]_w
[_w ɑ n ɑ l i s i n ]_w
[_w ɑ l l ɑ ɾ ɯ ]_w
[_w d i n i ]_w
[_w s e v æ n ]_w
[_w ɑ t ɑ l ɑ n ]_w
[_w ɾ e ɑ l ]_w
[_w k u ɾ d u ]_w
[_w f u ɾ d u ]_w
[_w n o ɾ m ɑ d ɑ n ]_w
[_w k e tʃ i ɾ ]_w
[_w ɑ p ɾ e l ]_w
[_w ɑ v ɾ i k ɑ ]_w
[_w œ z æ l ]_w
[_w t e j i l æ n ]_w
[_w s œ z y n ]_w
[_w j ɑ x ʃ ɯ ]_w
[_w ɑ t ɯ ]_w
[_w d œ v l æ d ]_w
[_w ɡ ɑ dʒ t ɯ ]_w
[_w ɑ d æ d æ ]_w
[_w m æ n i ]_w
[_w ɡ ɑ s ɑ n ]_w
[_w ɑ l b ]_w
[_w s u l ɑ ɾ ]_w
[_w m ɑ h n ɯ ]_w
[_w h æ m i n æ ]_w
[_w ɑ ʃ ɑ ɣ ɯ ]_w
[_w s æ n æ d l i ]_w
[_w k ɑ t i b i ]_w
[_w i ɾ i ]_w
[_w l ɑ d ɯ ]_w
[_w p ɑ l ]_w
[_w tʃ ɑ t ɯ ɾ ]_w
[_w ɡ ɑ s ɑ ɣ ]_w
[_w k ɯ s l ɑ ɾ ɯ ]_w
[_w ʃ e i ɾ l æ ɾ ]_w
[_w m æ i ʃ æ d ]_w
[_w m ɑ d d i ]_w
[_w m æ z m u n u ]_w
[_w e v i n ]_w
[_w h œ k m d ɑ ɾ ɯ ]_w
[_w dʒ ɑ j ɯ n ]_w
[_w æ l b æ d d æ ]_w
[_w e d i l d i ɾ ]_w
[_w s i l ɑ h l ɯ ]_w
[_w dʒ ɑ j l ɑ ɾ ɯ ]_w
[_w j ɑ z m ɯ ʃ ]_w
[_w d u d u b e ]_w
[_w e d ɑ m ]_w
[_w h ɑ b e l æ ]_w
[_w d e x n i ɡ i ]_w
[_w f e ɾ i l t i ]_w
[_w i n dʒ æ ]_w
[_w s æ h æ ɾ ]_w
[_w s o x ɑ n ]_w
[_w e d d i j i n æ ]_w
[_w i d m ɑ n ]_w
[_w b ɑ x l ɯ ɡ ]_w
[_w e t d i m ]_w
[_w ʃ æ ɾ ɑ i d ]_w
[_w j e ɾ l æ ʃ i ɾ ]_w
[_w s æ h n æ j æ ]_w
[_w t i l ]_w
[_w dʒ æ h t ]_w
[_w ɑ z ɑ d l ɯ ɡ ]_w
[_w n ɯ n ]_w
[_w s æ b æ b ]_w
[_w k ɑ n ]_w
[_w d i k k æ d ]_w
[_w s o v e d ]_w
[_w b u j u ɾ t u ]_w
[_w h æ s ɾ ]_w
[_w d y n d ]_w
[_w v ɑ ɾ d ɯ ]_w
[_w b i l æ n ]_w
[_w dʒ ɑ j ɯ n ɯ n ]_w
[_w p ɑ b ɑ z ɯ ]_w
[_w t æ z l i n d æ ]_w
[_w b l ɑ n ]_w
[_w j e ʃ ɑ j ɑ ]_w
[_w t æ j æ ɾ i ]_w
[_w l o n d o n ]_w
[_w m æ n f i ]_w
[_w m æ l u m ɑ d ]_w
[_w ɡ ɯ s ɑ ]_w
[_w ɡ i j m æ d i ]_w
[_w p æ l k æ ]_w
[_w ɟ œ n d æ ɾ ]_w
[_w e t m æ t i ]_w
[_w e t i l m æ s i ]_w
[_w ɑ ɾ ɑ d m ɯ ʃ ]_w
[_w m y n h e n ]_w
[_w ɑ d ɑ s ɯ ]_w
[_w l ɑ ɡ i n ]_w
[_w ʃ i ɾ k æ t ]_w
[_w i n s ɑ n ]_w
[_w s ɑ ɣ l ɑ j ɯ ɾ ]_w
[_w i ʃ l æ ɾ i ]_w
[_w s œ z l æ ɾ l æ ]_w
[_w m æ n b æ j i ]_w
[_w n æ s i ]_w
[_w v e ɾ d i ]_w
[_w æ s ɑ z ]_w
[_w ɟ e t i ɾ i k ]_w
[_w h e s ɑ b ]_w
[_w b i l i ɾ ]_w
[_w i s t æ j i ɾ ]_w
[_w ɡ e tʃ i ɾ d i ]_w
[_w ɑ ʃ ɑ ɣ ɯ n t ɯ ]_w
[_w ʃ e j d æ ]_w
[_w ɾ ɑ m ɑ d i k ]_w
[_w s ɑ n ɡ i ]_w
[_w d ɑ m ɑ ʃ ɑ tʃ ɯ ]_w
[_w ɑ l d ɯ ]_w
[_w i z d æ ]_w
[_w x ɑ z ]_w
[_w œ t æ n ]_w
[_w i f ɑ dʒ ɯ s ɯ ]_w
[_w k æ s b ]_w
[_w ɑ ɾ s u s u ]_w
[_w e t d i j i n i ]_w
[_w d ɑ ɣ ɯ l l ɯ ]_w
[_w b u ɣ ɑ ɾ ɯ ɾ ]_w
[_w n e tʃ æ ]_w
[_w b œ l ɟ æ ]_w
[_w t ɑ v u t ]_w
[_w t o p ]_w
[_w o l ɑ ɾ t ɑ n ]_w
[_w m æ n d æ ]_w
[_w æ l l æ ɾ ]_w
[_w m æ m m æ l ]_w
[_w ɡ ɑ l ɑ dʒ ɑ ɡ ]_w
[_w d e j i l i ɾ ]_w
[_w v ɑ x t t ɑ ]_w
[_w v ɑ l i ]_w
[_w ʃ æ ɾ d i ]_w
[_w m æ n ʃ æ l i ]_w
[_w s i n i ]_w
[_w h æ m i d ]_w
[_w m ɑ j ]_w
[_w æ l e j h i ]_w
[_w k ɑ n ɯ ]_w
[_w j u ɣ ɑ ɾ ɯ d ɑ ]_w
[_w ɡ ɑ z ɯ n t ɑ n ]_w
[_w t i ɡ ɡ æ d ]_w
[_w d æ k t i m ]_w
[_w d ɑ i m ɑ ]_w
[_w v ɑ x t ɯ ]_w
[_w o l m ɑ d ɯ ]_w
[_w s i n v i ]_w
[_w ɡ i m j æ f i ]_w
[_w n æ t i dʒ æ s i ]_w
[_w ɑ m e ɾ i k ɑ ]_w
[_w m æ h k u m ]_w
[_w m æ ɾ k æ ɾ t æ ]_w
[_w ɾ e ɟ i o n ɑ l ]_w
[_w æ s æ ɾ ]_w
[_w m ɑ t d ɑ ]_w
[_w d æ l æ ɾ ]_w
[_w tʃ ɑ h ɑ n ]_w
[_w m ɑ l i ]_w
[_w m œ v ɡ e j i ]_w
[_w h ɑ m ɯ s ɯ ]_w
[_w v e ɾ i b ]_w
[_w t æ ɾ h ɑ l ]_w
[_w k l u b ]_w
[_w e l ɑ n ]_w
[_w i n s ɑ n ɯ ɾ ]_w
[_w h æ v d æ ]_w
[_w b l ɑ s t i k ]_w
[_w æ z ɟ æ ɾ ]_w
[_w m æ k t æ b i ]_w
[_w o l d u ɡ d ɑ ]_w
[_w d æ ɾ h ɑ l ]_w
[_w ɡ ɑ l m ɯ ʃ ]_w
[_w z u j u n ]_w
[_w b ɑ x ]_w
[_w z y n i ]_w
[_w ɡ ɑ j ɯ d ɯ ɾ ]_w
[_w y s v y d y ɾ ]_w
[_w t y ʃ m æ n i ]_w
[_w p o e d i k ]_w
[_w j ɑ s ɯ ɾ ]_w
[_w b u ɣ ɑ ɾ ɯ ]_w
[_w t æ d æ ]_w
[_w n o v ɾ u z ]_w
[_w ɾ ɑ d i o ]_w
[_w i ʃ l æ ɾ æ ]_w
[_w s ɑ x ]_w
[_w s b m ]_w
[_w t i k k æ d i ]_w
[_w æ d æ b æ j ]_w
[_w i ʃ d æ ]_w
[_w m æ k d æ b ]_w
[_w n æ v æ ɾ æ ]_w
[_w dʒ i n ɑ j æ t i ]_w
[_w ɾ æ n ɟ d æ ]_w
[_w ɑ v ɾ o p ɑ j ɑ ]_w
[_w h e j v ɑ n ]_w
[_w o ɣ l u n ɑ ]_w
[_w ɟ y tʃ y ]_w
[_w j o l ]_w
[_w n o ɾ m ɑ l ]_w
[_w ɡ ɑ l ɯ ɾ ]_w
[_w h æ k i k ]_w
[_w b ɾ o s e s ]_w
[_w i l l i ]_w
[_w t ɑ l e j i ]_w
[_w ɡ ɑ h i n ]_w
[_w ɑ i l æ ]_w
[_w ɟ æ n dʒ l æ ɾ ]_w
[_w k æ ɾ i b æ ]_w
[_w x v ɯ ]_w
[_w ɟ œ m ɾ y n y ɾ ]_w
[_w o l u n ]_w
[_w f o n d u ]_w
[_w ɾ æ f t æ ]_w
[_w tʃ o x ]_w
[_w i n k i ʃ ɑ f ɯ ]_w
[_w o ɣ l u n u ]_w
[_w j ɑ ɣ ɯ n d ɑ ]_w
[_w j ɑ ʃ ɯ n ɑ ]_w
[_w æ ɟ æ ɾ ]_w
[_w o l m ɑ z ]_w
[_w o l m u ʃ ]_w
[_w b i o l o ʃ i ]_w
[_w ɡ ɑ tʃ ɑ ɾ ]_w
[_w y s æ ]_w
[_w s b dʒ t ]_w
[_w e l e m e n d ]_w
[_w m y d d æ t i ]_w
[_w k o ɾ u j u b ]_w
[_w t æ ɾ z æ ]_w
[_w ʃ i ɾ ]_w
[_w ɡ æ n d ]_w
[_w ɑ l l ɑ h ]_w
[_w f ɑ i z i ]_w
[_w ɑ b b ɑ ɾ l ɯ ɡ ]_w
[_w ɟ y m ɑ n ]_w
[_w j ɑ d ]_w
[_w b m d ]_w
[_w ɑ t ɑ s ɯ n ɯ ]_w
[_w s o n u n dʒ u ]_w
[_w x e j i ɾ d u ɑ ]_w
[_w m æ s dʒ i t ]_w
[_w j ɑ j ɯ l ɑ n ]_w
[_w i dʒ i n æ ]_w
[_w ɟ œ z l æ ɾ i ]_w
[_w m y m ɡ y n ]_w
[_w m æ ɾ k æ ]_w
[_w ɡ ɯ ʃ ]_w
[_w x æ b æ ɾ i ]_w
[_w b æ l ɑ ]_w
[_w æ l æ ]_w
[_w ʃ ɑ h ]_w
[_w ɟ e t d i j i ]_w
[_w œ l k æ t æ ɾ ]_w
[_w f ɑ z i l ]_w
[_w ɑ n l ɑ ɾ ɯ ]_w
[_w ɟ e t d i m ]_w
[_w x i t m æ d æ n ]_w
[_w œ z y n d æ ]_w
[_w tʃ i n i n ]_w
[_w k u ɾ u l ɑ n ]_w
[_w ɡ ɑ l ɑ f ɾ ]_w
[_w h e z ɑ b ]_w
[_w dʒ o ɾ tʃ ]_w
[_w tʃ æ l b ]_w
[_w œ z y n y n d æ ]_w
[_w p i ɾ i n i ]_w
[_w ɑ ɣ ɯ ]_w
[_w e d i ɾ ɑ ɡ ɯ ]_w
[_w k e tʃ æ n ]_w
[_w f æ s ɑ i t ]_w
[_w d æ l æ b æ ]_w
[_w ʃ æ ɾ u ɾ i ]_w
[_w n æ h æ n ɟ ]_w
[_w ɡ o l ]_w
[_w ɡ ɾ u b u n ]_w
[_w b æ n s æ j i ɾ ]_w
[_w v æ ɾ h ɑ l ]_w
[_w d ɑ ɾ i x d æ ]_w
[_w dʒ ɯ x ɯ b ]_w
[_w dʒ ɑ ɾ ɯ ]_w
[_w b ɑ k ɯ d ɑ ]_w
[_w m æ k d i ɾ ]_w
[_w h ɑ tʃ ɯ j e v ]_w
[_w h æ k i k æ ]_w
[_w k u l u ]_w
[_w ɟ œ z ]_w
[_w s æ m i m i ]_w
[_w t y ɾ k ]_w
[_w i m d i n ɑ ]_w
[_w tʃ ɯ x m ɯ ʃ ]_w
[_w ɡ ɑ d i b ]_w
[_w j ɑ ɾ d ]_w
[_w b i l m i n ]_w
[_w ɡ i ʃ i n d æ n ]_w
[_w n æ s i m i ]_w
[_w t i l d æ n ]_w
[_w o x u m ɑ x ɑ ]_w
[_w h y s e j n i n ]_w
[_w k ɑ l ɑ z ɯ ]_w
[_w ɡ ɑ n u n ]_w
[_w z y l ɑ l æ z i ]_w
[_w ɟ e d æ ɾ z æ ]_w
[_w s ɑ h æ s i s ]_w
[_w æ k s i n i n ]_w
[_w ɾ æ h b æ ɾ i ]_w
[_w k o j ɑ n ]_w
[_w o l d u l ɑ ɾ ]_w
[_w p ɑ j ]_w
[_w b æ s t ]_w
[_w m e m ɑ ɾ l ɯ ɡ ]_w
[_w h y ɡ u ɡ ]_w
[_w æ ɾ ɑ s i m i ]_w
[_w s æ n æ ]_w
[_w m æ n ]_w
[_w o ɾ d ɑ ]_w
[_w n ɑ s i l æ ]_w
[_w f e ɾ ɟ i ]_w
[_w s æ s ]_w
[_w æ z æ ɾ i ]_w
[_w b y ɾ y n dʒ ]_w
[_w p ɑ k ]_w
[_w n æ t i tʃ æ ]_w
[_w ʃ æ x s æ ]_w
[_w ɟ æ n dʒ æ ]_w
[_w d æ ɾ æ dʒ æ ]_w
[_w f æ ɾ ɡ ]_w
[_w d ɑ l e j i ]_w
[_w ɑ i d ]_w
[_w i ʃ i n æ ]_w
[_w s æ n ɟ i ]_w
[_w t e m i k ]_w
[_w f i ɡ ɾ i ]_w
[_w ɑ l ɯ b ]_w
[_w s æ d ɾ ]_w
[_w t ɑ l ɑ ɾ ɑ ]_w
[_w m ɑ n e ]_w
[_w o l ɑ n ]_w
[_w e ɾ m æ n i ]_w
[_w d ɑ x l ɑ m ]_w
[_w i m ɑ m ]_w
[_w m i n l æ ɾ ]_w
[_w ʃ æ ɾ ɑ p æ ɾ ]_w
[_w k u ɾ b ɑ n o v ]_w
[_w h æ t d ɑ ]_w
[_w n æ s æ ɾ æ ]_w
[_w d œ ɾ d y j y ]_w
[_w x ɑ l ɡ ɯ n ɯ ]_w
[_w y z t y n l y k ]_w
[_w k ɑ s ɯ m d ɯ ɾ ]_w
[_w dʒ o n ]_w
[_w x e j i ɾ d i ]_w
[_w e l æ dʒ æ k ]_w
[_w ɟ e t i ɾ i b ]_w
[_w h ɑ n s ɯ s ɑ ]_w
[_w ɡ æ s e d ]_w
[_w k o j u ɾ ]_w
[_w ɡ u ɾ u ɾ ]_w
[_w ɑ l m ɯ ʃ ]_w
[_w o j n ɑ d ɯ x ɯ ]_w
[_w b ɑ p ɑ ]_w
[_w b ɑ ʃ l ɯ dʒ ɑ ]_w
[_w ɟ y dʒ l y ]_w
[_w o l m ɑ s ]_w
[_w o l m u ʃ d u ɾ ]_w
[_w t i ɟ æ ɾ i ]_w
[_w j e ɾ i n ]_w
[_w k ɑ ɾ ɑ ]_w
[_w d æ b ɾ i s æ ]_w
[_w j æ k i n ]_w
[_w æ s i ɾ o v ]_w
[_w ɑ v ɾ o b ɑ ]_w
[_w d æ b i ]_w
[_w t ɑ n ]_w
[_w d e j i ɾ æ m ]_w
[_w n æ h ɑ j æ d ]_w
[_w ɡ æ t i ]_w
[_w t e j i ɾ ]_w
[_w tʃ ɑ l ɯ ]_w
[_w i z d æ j i ]_w
[_w tʃ æ ɡ æ n ]_w
[_w ɡ ɑ l x t ɯ ]_w
[_w s æ l tʃ u k ]_w
[_w s æ n ɟ i n ]_w
[_w m y d i ɾ i ɾ ]_w
[_w æ s æ ɾ i ]_w
[_w t o v i k ]_w
[_w i s ɾ ɑ i l ]_w
[_w d æ h ʃ æ d l i ]_w
[_w œ l tʃ y z y ]_w
[_w ɾ æ k s ]_w
[_w s ɑ l ɑ m ]_w
[_w s ɑ ɾ ɑ ]_w
[_w v ɑ i s i n ]_w
[_w æ l i n æ ]_w
[_w ɡ o dʒ ɑ ]_w
[_w x ɑ l k ]_w
[_w o l t u ]_w
[_w d ɑ t ɑ ɾ ]_w
[_w ɡ ɯ z ɑ l d m ɑ ]_w
[_w i n k ɑ ɾ ]_w
[_w e t m æ z i ]_w
[_w i ʃ l æ ɾ ]_w
[_w t æ j æ n ]_w
[_w b u n u ]_w
[_w æ s æ ɾ i n ]_w
[_w ɑ l ɯ n ɑ n ]_w
[_w l ɑ p ]_w
[_w b ɑ ɣ ]_w
[_w ɡ ɑ j n ɑ ]_w
[_w ɑ t ɑ l ɑ ]_w
[_w l æ x v ]_w
[_w ɡ e tʃ æ n ]_w
[_w t æ n ]_w
[_w i n s ɑ n ɯ ]_w
[_w œ l dʒ y t æ ]_w
[_w ɑ z t ɯ ]_w
[_w v i d e o ]_w
[_w s ɑ l j ɑ n ]_w
[_w æ s ɑ z ɯ n ɯ ]_w
[_w s e tʃ i l æ n ]_w
[_w ɡ u ɾ u ]_w
[_w ɑ tʃ d ɯ ]_w
[_w ɡ æ l b æ d d æ ]_w
[_w ɡ i s m i ]_w
[_w ɡ ɑ s ɯ b ]_w
[_w f i l ɑ j æ t ]_w
[_w j ɑ n f ɑ ɾ ]_w
[_w t i ɡ i n d æ n ]_w
[_w b ɑ d ʃ ɑ h ]_w
[_w tʃ o ɣ ]_w
[_w z æ n ɑ j e ]_w
[_w ɡ y d l æ k ]_w
[_w h æ l æ ]_w
[_w m ɑ h i ɾ ]_w
[_w m æ ɾ j æ m ]_w
[_w v ɑ ɡ d l ɑ ɾ ]_w
[_w t æ ʃ k i l i p ]_w
[_w k u ɾ p ɑ n o v ]_w
[_w ɾ o l l ɑ ɾ ɯ ]_w
[_w ɾ æ f ɑ n ]_w
[_w x ɑ l ɡ ɯ n ]_w
[_w ɑ ɣ ɑ tʃ ]_w
[_w o l d u ɡ t ɑ ]_w
[_w s ɑ l ɯ n t ɯ ]_w
[_w b i l d i ]_w
[_w v e ɾ æ n ]_w
[_w i l k i n ]_w
[_w x ɯ ɾ d ɑ ]_w
[_w ʃ i ɾ v ɑ n ]_w
[_w m æ ɡ t ɑ ʃ ɯ ]_w
[_w ɑ b ɑ ɾ ɯ ɾ ]_w
[_w m æ h æ m m æ l ]_w
[_w m i ɡ t ɑ ɾ ]_w
[_w æ m ɾ i ]_w
[_w æ s ɑ s æ n ]_w
[_w o ɣ u j ɑ n ]_w
[_w s ɑ l d ɯ x ɯ ]_w
[_w p o l ]_w
[_w ɑ tʃ ɯ ɡ ]_w
[_w l o n d o n d ɑ ]_w
[_w t œ v l æ t i ɾ ]_w
[_w h y s u ɾ u n ]_w
[_w b æ s ]_w
[_w l e ɾ i ɡ ɑ n ]_w
[_w s æ n i n ]_w
[_w t æ ɡ l i n d æ ]_w
[_w ɾ æ ɡ i b ]_w
[_w j æ h u t ɑ ]_w
[_w ɑ l m ɑ x ɑ ]_w
[_w k u ʃ ]_w
[_w m æ ʃ h u ɾ ]_w
[_w b u ɾ ɑ d ɑ ]_w
[_w j e n i ]_w
[_w i j ɾ æ n i ɾ ]_w
[_w ɟ e dʒ æ ]_w
[_w m æ ɾ h æ l æ ]_w
[_w ɾ æ m s i l ]_w
[_w v u d b o l ]_w
[_w m æ n ʃ æ j i ]_w
[_w d œ v ɾ ]_w
[_w ɾ u s l ɑ ɾ ɯ n ]_w
[_w t æ d ɡ i ɡ i ]_w
[_w d i b i ]_w
[_w ɡ o j u l u n ]_w
[_w ɑ l æ m d æ ]_w
[_w e v d æ ]_w
[_w e l d ɑ ɾ ]_w
[_w ʃ u ɾ n ɑ l ɯ ]_w
[_w dʒ o ɾ dʒ ]_w
[_w m œ v dʒ u t ]_w
[_w n æ ɾ i m ]_w
[_w æ ɾ ɑ z i n i ]_w
[_w t æ z l i m ]_w
[_w æ s i j j æ ]_w
[_w s o n d ɑ ]_w
[_w i p d i d ɑ i ]_w
[_w ʃ e j ]_w
[_w k ɑ l ɑ k t i f ]_w
[_w v u ɾ u ɾ ]_w
[_w j ɑ s ɯ dʒ ɯ ]_w
[_w i n d i k ]_w
[_w x ɑ d i ɾ æ n ]_w
[_w f e ɾ m æ d i ]_w
[_w d e j i l ]_w
[_w i s h ɑ ɡ ]_w
[_w n i s b æ t ]_w
[_w dʒ y m l æ d æ k ]_w
[_w ɟ æ n dʒ æ t æ ]_w
[_w k o ʃ u n ɑ ]_w
[_w o l u n u n ]_w
[_w e l m i ]_w
[_w t œ v ɾ y n y n ]_w
[_w d ɑ x i l i ]_w
[_w k i dʒ i k ]_w
[_w æ j ɑ l æ t ]_w
[_w b o j ɑ ]_w
[_w e v l æ n i ɾ ]_w
[_w ɑ j ɑ x ɑ ]_w
[_w t æ ɡ t i ɾ d i ]_w
[_w v ɑ z i d æ ]_w
[_w ɡ æ l æ ɾ i ]_w
[_w e h t i j ɑ ]_w
[_w b ɑ ʃ ]_w
[_w t u d d u ɣ u ]_w
[_w j ɑ ɾ ɑ d ɑ n ]_w
[_w ɡ o tʃ ]_w
[_w æ t ɾ ɑ v ɯ ]_w
[_w dʒ o x u ]_w
[_w i k i n dʒ i ]_w
[_w s ɑ x l ɑ j ɑ ]_w
[_w h æ f ɑ l æ ]_w
[_w s y l e j m ɑ n ]_w
[_w ɾ u z i j ɑ n ]_w
[_w ɡ æ ɾ æ m ]_w
[_w k e j d æ n ]_w
[_w h æ j ɑ d d ɑ ]_w
[_w t æ k dʒ æ ]_w
[_w s i j ɑ j ɑ ]_w
[_w ɡ ɑ l ɯ b ]_w
[_w p u n l ɑ ]_w
[_w ɡ ɑ s ɑ n ɯ n ]_w
[_w ɟ æ l i n d æ n ]_w
[_w æ m æ k t ɑ ʃ ɯ ]_w
[_w e d m æ s i ]_w
[_w k œ tʃ m y ʃ ]_w
[_w æ l i j e v ɑ ]_w
[_w ɡ u ɾ u l ɑ n ]_w
[_w o n u n dʒ u ]_w
[_w j ɑ ɣ ɯ n ]_w
[_w ɡ u l ɑ ɡ ]_w
[_w j o ɣ d u ɾ ]_w
[_w n æ v æ ɾ i n ]_w
[_w b ɑ l ɯ ɡ ]_w
[_w y z d y n æ ]_w
[_w e t m æ l i ]_w
[_w o l m ɑ m ɑ s ɯ ]_w
[_w t æ b i ]_w
[_w e ts æ ]_w
[_w o n ɑ ]_w
[_w m ɑ l i ɡ ]_w
[_w m u z i k i ]_w
[_w i ʃ i ]_w
[_w ɑ n ɑ ]_w
[_w ʃ æ ɾ ɡ i b i ]_w
[_w m y ɑ f i n i n ]_w
[_w s æ j ɑ h æ d æ ]_w
[_w i n k i l ɑ b ɯ ]_w
[_w m e m ɑ ɾ l ɯ ]_w
[_w z æ ɾ d æ n ]_w
[_w s e v i m l i k ]_w
[_w ɑ ɾ d ɯ m ]_w
[_w m ɑ h n ɯ z ɯ ]_w
[_w t æ j i ʃ æ n ]_w
[_w ɡ æ ɾ ɑ n ]_w
[_w t ɾ ɑ m ]_w
[_w x ɑ l k l ɑ ɾ ]_w
[_w o ɾ ɑ j ɑ ]_w
[_w k ɑ b ]_w
[_w o p e ɾ ɑ ]_w
[_w h e j æ t i ]_w
[_w n æ v æ ɾ o v ]_w
[_w v u ɾ d u ɣ u ]_w
[_w m y d ɾ i ɡ ]_w
[_w h ɑ l b u k i ]_w
[_w h ɑ l ɯ n m ɯ ʃ ]_w
[_w d œ v ɾ y n y ]_w
[_w ɡ i t ɑ b ɯ ]_w
[_w k y l l i ]_w
[_w e n e ɾ ɑ l ]_w
[_w j e ɾ l i ]_w
[_w v ɾ ɑ n s ɯ z ]_w
[_w d ɑ ʃ ]_w
[_w æ n æ n æ f i ]_w
[_w j ɑ ɾ ɯ s ɯ ]_w
[_w m y æ l l i f i ]_w
[_w ɑ n ɑ d ɑ n ]_w
[_w e t m æ k ]_w
[_w s ɑ h i p ]_w
[_w i m ɑ m ɯ n ]_w
[_w b i ɾ l i ɡ ]_w
[_w p i l æ ɾ æ ]_w
[_w ɡ ɑ d i b i ]_w
[_w k ɑ j ɯ d ]_w
[_w æ f f æ l tʃ æ ]_w
[_w ɑ ɾ ɑ z ]_w
[_w ɑ z d ɯ x ɯ ]_w
[_w æ l i ]_w
[_w ɑ l m ɑ ɡ l ɑ ]_w
[_w j e m æ j i n ]_w
[_w t æ z v i ɾ ]_w
[_w j ɑ z d ɯ x ɯ ]_w
[_w ʃ œ h ɾ æ t i ]_w
[_w ɟ æ d æ ]_w
[_w m y ɑ v i n i ]_w
[_w d ɑ m ɑ ʃ ɑ dʒ ɯ ]_w
[_w d æ ɾ æ ]_w
[_w ʃ d ɑ d ɯ n ɯ n ]_w
[_w ɟ y n y ]_w
[_w m y ɾ æ ɡ ɡ æ b ]_w
[_w ɾ ɑ m i s æ d i ]_w
[_w ɑ p i d æ ]_w
[_w k i j m æ d i ]_w
[_w s u ɾ æ t d ]_w
[_w u l d u s t u n ]_w
[_w f ɑ ɾ s dʒ ɑ ]_w
[_w t æ h l i l ]_w
[_w ɟ œ s l æ ]_w
[_w ɡ i n o ]_w
[_w d ɑ ɾ ]_w
[_w b ɑ ʃ l ɑ n d ɯ ]_w
[_w ɟ œ ɾ y l y b ]_w
[_w t æ h m ɑ z i b ]_w
[_w x ɑ h i ʃ ]_w
[_w f e ɾ i l i b ]_w
[_w k æ l æ b æ ]_w
[_w i ɾ ɑ n d ɯ ]_w
[_w ɟ y l ]_w
[_w m ɑ ɡ s i m u m ]_w
[_w k ɑ j d ɑ ɣ d ]_w
[_w æ t æ b æ ]_w
[_w v æ h l æ ]_w
[_w j e t d i ]_w
[_w s y ɾ æ n ]_w
[_w ɟ œ z æ l ]_w
[_w x ɑ ɾ ɑ n ]_w
[_w d o s t l ɑ ɾ ɯ ]_w
[_w f i l m ]_w
[_w dʒ ɑ v ɑ n ʃ i ɾ ]_w
[_w t æ ɾ t i ]_w
[_w k ɑ t ɯ ]_w
[_w x ɑ l ɡ ɑ ]_w
[_w s i s i n ]_w
[_w v æ ɣ ɾ i ]_w
[_w æ s i z ]_w
[_w b i ɾ i n dʒ i ]_w
[_w i ɾ ɑ n ɯ b ]_w
[_w p i s æ ]_w
[_w h y dʒ u m ɑ ]_w
[_w t e ɾ ɾ o ɾ ]_w
[_w h e n ɾ i ]_w
[_w ɑ x ɑ ]_w
[_w j ɑ ɾ ɑ n d ɑ ]_w
[_w b u j u ɾ ]_w
[_w d æ ɾ i ɾ ]_w
[_w ɟ œ m ɾ y ɡ ]_w
[_w s o f e t ]_w
[_w o s k ɑ ɾ ]_w
[_w f e ɾ m æ s i ]_w
[_w i z d i f ɑ ɾ ]_w
[_w ɡ ɑ j d ɑ ]_w
[_w ɑ x ɯ s ]_w
[_w o l u n u ]_w
[_w j ɑ l n ɯ s ]_w
[_w k æ ɾ i m ɑ n ]_w
[_w b æ d i i ]_w
[_w tʃ æ f æ ɾ ]_w
[_w œ m y ɾ ]_w
[_w d ɑ ɾ i x i ]_w
[_w p i l æ ɾ ]_w
[_w b o j u n dʒ ɑ ]_w
[_w v ɑ ɣ d ɯ ]_w
[_w i z d ɑ n b u l ]_w
[_w x ɑ n ɯ n ]_w
[_w t y n j ɑ d ɑ ]_w
[_w k æ l æ ɾ ]_w
[_w ʃ æ ɾ ɑ b ]_w
[_w m æ dʒ b u ɾ i ]_w
[_w d œ j y ʃ ]_w
[_w f ɑ x t d ɑ ]_w
[_w l i ɾ i ɡ ]_w
[_w s u v ɑ ɾ m ɑ k ]_w
[_w t o l l ɑ ɾ ɯ ]_w
[_w f i s i k i ]_w
[_w ɑ z l ɑ ɾ ɯ ]_w
[_w n æ s æ ɾ i ]_w
[_w b u n u n ]_w
[_w ɡ æ l æ ɾ ]_w
[_w h ɑ b e l æ dʒ æ ]_w
[_w b i l m æ j æ ]_w
[_w ɾ o m ɑ n ]_w
[_w f ɑ x d ɯ ]_w
[_w m i n d æ n ]_w
[_w s e j d u n ]_w
[_w j ɑ ɣ ɯ n t ɯ ]_w
[_w k u ɾ u dʒ u z u ]_w
[_w t ɑ h i ]_w
[_w u i l j ɑ m ]_w
[_w y m i d ]_w
[_w e v i n d æ n ]_w
[_w ʃ æ ɾ ɑ i d d æ ]_w
[_w s æ ɾ æ ]_w
[_w i s b ɑ n i z i ]_w
[_w ɟ œ ɾ y b ]_w
[_w ɑ n d ɑ ]_w
[_w j ɑ ʃ ]_w
[_w k e tʃ i ɾ t i ]_w
[_w æ ɾ æ b l æ x i ]_w
[_w s æ h æ ɾ i n æ ]_w
[_w u dʒ ɑ ]_w
[_w i f ɑ ]_w
[_w e t æ n ]_w
[_w ɑ j ɾ ɯ l m ɑ z ]_w
[_w t u ɑ ]_w
[_w ɑ ɣ dʒ ɑ p æ t i ]_w
[_w j ɑ ʃ ɑ m ɯ ʃ ]_w
[_w e t æ ɾ ɡ i n ]_w
[_w d æ x i ]_w
[_w m ɑ ɾ d ɯ ɾ ɯ ɾ ]_w
[_w k i l s æ z i ]_w
[_w ɡ ɾ u p u ]_w
[_w p ɑ m p ɯ ɡ ]_w
[_w i d ɑ l i j j æ ]_w
[_w k œ m æ j i ]_w
[_w j ɑ n d ɯ ɾ ]_w
[_w ɑ j ɾ ɯ dʒ ɑ ]_w
[_w x ɑ l k l ɑ ɾ ɯ ]_w
[_w n ɑ s i ɾ ]_w
[_w ɾ æ b b i ]_w
[_w s ɑ j ɯ l m ɯ ʃ ]_w
[_w tʃ æ l i l ]_w
[_w ʃ æ h i d ]_w
[_w s æ ɾ i n d æ ]_w
[_w b i ɾ i n i n ]_w
[_w i m k ɑ n ɯ ]_w
[_w z i j ɑ z i ]_w
[_w ɑ t ɑ n ]_w
[_w k æ ɾ ɑ n ]_w
[_w ɡ ɑ n ɯ n ɑ ]_w
[_w s ɑ l ɯ n ɑ n ]_w
[_w t ɑ m ɑ m ]_w
[_w œ n y n d æ ]_w
[_w b ɑ v e l ]_w
[_w ɡ ɑ n ]_w
[_w h æ b s ]_w
[_w f æ ɾ j ɑ d ]_w
[_w b ɑ l e d ]_w
[_w n œ v y d y ɾ ]_w
[_w z ɑ m ɑ n ]_w
[_w o ɾ t u l ɑ ɾ ]_w
[_w d ɑ ɣ d ɯ ]_w
[_w v e ɾ m æ n i ]_w
[_w ɡ u l i j e v ]_w
[_w t ɑ ɣ l ɯ ]_w
[_w ɑ ɣ dʒ ɑ b æ t i ]_w
[_w dʒ ɑ m ɑ ɑ t ɯ ]_w
[_w ɡ ɑ s ɑ n d ɯ ]_w
[_w i z d i n ɑ ]_w
[_w f i l m t æ ]_w
[_w ʃ æ m ɡ i ɾ ]_w
[_w n y f u s l u ]_w
[_w j ɑ ʃ ɑ j ɯ ʃ ]_w
[_w h æ ɡ ɡ ]_w
[_w i t ɑ ɾ æ ]_w
[_w f ɑ x t ]_w
[_w t y n j æ f i ]_w
[_w j ɑ ɾ ɯ m tʃ ɯ ɡ ]_w
[_w t i f l i s ]_w
[_w o l d u ɡ t ɑ n ]_w
[_w ɡ e j t ]_w
[_w æ v v æ l l æ ɾ ]_w
[_w y z y ]_w
[_w h e j k æ l i ]_w
[_w b i z i ]_w
[_w j ɑ ʃ ɑ j ɑ ]_w
[_w s æ h ]_w
[_w s e v ɟ i ]_w
[_w t e ɑ d ɾ ]_w
[_w x ɑ dʒ ]_w
[_w m æ m m æ t ]_w
[_w s æ v æ ɾ d i ]_w
[_w o ɾ i ʃ i n ]_w
[_w d æ ɾ p æ s i ]_w
[_w s e tʃ k i ]_w
[_w k ɑ b ɑ ɡ dʒ ɯ l ]_w
[_w j y z l æ ɾ i ]_w
[_w e v l æ ɾ i ]_w
[_w s ɑ n k i ]_w
[_w j e ɾ d æ n ]_w
[_w d y n j æ v i ]_w
[_w ɑ l æ m i n ]_w
[_w l ɑ d ɯ n ]_w
[_w y ɾ æ j i ]_w
[_w i ɡ i ]_w
[_w l ɑ u ɾ e ɑ t ɯ ]_w
[_w j ɑ z ]_w
[_w t œ n y ɾ ]_w
[_w ɡ ɑ s ɯ m t ɯ ɾ ]_w
[_w d i ɑ m e d ɾ ]_w
[_w p i l æ ɾ i n ]_w
[_w i n d e ɾ n e d ]_w
[_w s ɑ t i ]_w
[_w h œ k m ]_w
[_w ɑ d æ d ]_w
[_w o t u n ]_w
[_w x ɯ v ]_w
[_w e ɾ m æ s i ]_w
[_w m æ dʒ l i s i n ]_w
[_w s æ ɾ b æ ]_w
[_w s æ s i ]_w
[_w k æ b æ l æ ]_w
[_w m æ h æ m m æ t ]_w
[_w s ɑ t i ɾ i b ]_w
[_w ɑ x tʃ ɑ b æ t i ]_w
[_w e d i l æ ɾ ]_w
[_w ɡ e dʒ æ n ]_w
[_w o s m ɑ n l ɯ ]_w
[_w d æ dʒ ɾ y b æ ]_w
[_w v o ɾ m ɑ ]_w
[_w y z y n d æ ]_w
[_w e j n i n ]_w
[_w p ɑ ʃ l ɑ n ɯ ɾ ]_w
[_w b i l æ ɾ i ]_w
[_w n œ v b æ t æ n ]_w
[_w y ɾ æ k k æ b ]_w
[_w b ɑ b ɑ ]_w
[_w ʃ æ h æ ɾ i n i ]_w
[_w o n l ɑ ɾ ɯ ]_w
[_w f æ ɾ j ɑ t ]_w
[_w m æ h æ b b æ ]_w
[_w œ t ɾ y ]_w
[_w ɟ e d m i ɾ ]_w
[_w b i n ɑ n ɯ n ]_w
[_w ɑ ɣ ɑ n ]_w
[_w t ɑ ɣ i l ]_w
[_w k o ɾ u m ɑ k ]_w
[_w v e ɾ ɟ i ]_w
[_w tʃ ɑ l ɯ ʃ ]_w
[_w ɑ dʒ ɯ l ɑ n ]_w
[_w i n dʒ ]_w
[_w ɟ œ t y ɾ y ɾ ]_w
[_w i z ɑ j ɑ ]_w
[_w s ɑ ɑ d ]_w
[_w d æ h z i l æ ɾ ]_w
[_w ɑ n l ɑ j ɯ ʃ ]_w
[_w t æ s i ]_w
[_w j e d d i j i ]_w
[_w o l i m p i j ɑ ]_w
[_w e t m æ z i n æ ]_w
[_w b u ɾ t ɑ ɾ ]_w
[_w k æ s æ ]_w
[_w o j n ɑ d ɯ ɣ ɯ ]_w
[_w f ɾ ɑ n s ɯ z ɑ ]_w
[_w t æ s ɑ d y v i ]_w
[_w n æ j æ ]_w
[_w k ɑ l x t ɯ ]_w
[_w t æ m i ɾ ]_w
[_w m æ k t i m i ]_w
[_w i z l ɑ m ɯ ʃ ]_w
[_w ʃ ɑ b ɾ ɑ n ]_w
[_w o x u m ]_w
[_w œ l tʃ y s y ]_w
[_w t ɑ x ɯ z d ɑ ]_w
[_w ʃ ɑ i ɾ i ]_w
[_w s o f e t i ]_w
[_w j ɑ s ɯ dʒ ɯ z ɯ ]_w
[_w i ʃ d i ɾ ]_w
[_w j e ʃ u ɑ ]_w
[_w æ ɾ ɑ z i m ]_w
[_w ɡ ɾ u b u n ɑ ]_w
[_w x ɯ ɾ t ɯ ]_w
[_w æ s l i ]_w
[_w j ɑ n ]_w
[_w tʃ æ t i n ]_w
[_w tʃ æ k i l ]_w
[_w m y b ɑ h i s æ ]_w
[_w h æ m i ʃ ]_w
[_w b u ɾ ɑ t ɑ ]_w
[_w æ s i s ]_w
[_w t œ v ɾ æ ]_w
[_w s æ i f ]_w
[_w dʒ æ ɾ æ j ɑ n ]_w
[_w m y h ɑ ɾ i b æ ]_w
[_w tʃ æ k i ɾ ]_w
[_w o x l u n ɑ ]_w
[_w k œ tʃ y ɾ ]_w
[_w œ z y n y ]_w
[_w ɡ o j u l ɑ n ]_w
[_w i s t i n ɑ ]_w
[_w k ɾ u p u ]_w
[_w i ʃ d i ]_w
[_w s æ z ]_w
[_w ɑ n ɑ l ɯ ɡ ]_w
[_w o l d u m ]_w
[_w p u n d ɑ n ]_w
[_w d ɑ f ɑ ]_w
[_w s æ n ɑ j e ]_w
[_w ɾ e d ɑ ɡ o k ]_w
[_w j ɑ ɣ l ɯ ]_w
[_w æ h m æ d o v ]_w
[_w y m u m i ]_w
[_w k o m e d ɾ ]_w
[_w ʃ i ɾ k æ d ]_w
[_w t e ɾ m i ʃ d i ]_w
[_w s s ɾ i d æ ]_w
[_w h æ m i n æ n ]_w
[_w b o l ʃ ɑ ]_w
[_w d æ h l i l ]_w
[_w t i l i n ]_w
[_w æ l ɑ ɡ æ t æ ]_w
[_w h æ d d æ ]_w
[_w ɡ æ l æ m ]_w
[_w b ɾ o ɡ ɾ ɑ m ]_w
[_w f e ɾ i l m i ʃ ]_w
[_w d y n j ɑ n ɯ n ]_w
[_w ɟ æ l m æ ɡ ]_w
[_w d i b l o m u ]_w
[_w t æ k ɑ ɾ ]_w
[_w ɑ dʒ ɯ ɾ ]_w
[_w y s æ ɾ i n i n ]_w
[_w y z v y ]_w
[_w ɟ y dʒ y n ]_w
[_w ʃ e i ɾ ]_w
[_w m æ b æ t i ]_w
[_w ɡ o m ɑ n ɯ ]_w
[_w ɡ ɾ ɑ l ]_w
[_w ʃ e j l æ ɾ ]_w
[_w o l ɑ ]_w
[_w s ɑ j l ɯ ɡ ]_w
[_w m ɑ ɟ i s t ɾ ]_w
[_w ɟ æ l i p ]_w
[_w n ɑ ɾ ɑ k t i f ]_w
[_w s ɑ x l ɑ m ]_w
[_w e t i l i ]_w
[_w h ɑ k k ]_w
[_w n t æ ]_w
[_w e d i l i ɾ ]_w
[_w j o l d ɑ ]_w
[_w t æ x m i n æ ]_w
[_w i l i ]_w
[_w s œ s y n y n ]_w
[_w s ɑ h æ d ]_w
[_w ɡ i l s æ n i ]_w
[_w k u b ɑ d l ɯ ]_w
[_w t u t d u ]_w
[_w ɑ ɣ ɑ j e v ]_w
[_w f e d e ɾ ]_w
[_w ɡ i dʒ i ]_w
[_w t i f l i s t æ ]_w
[_w i ɾ z ]_w
[_w æ l i n t æ ]_w
[_w k o ɾ ]_w
[_w s y ɾ æ t l i ]_w
[_w d ɑ f ɑ m l ɯ ]_w
[_w ɡ y f f æ ]_w
[_w k æ ɾ b d æ n ]_w
[_w b æ s i l æ s i ]_w
[_w x ɑ n ]_w
[_w e l æ dʒ æ ]_w
[_w m y z ɑ v ɑ t ]_w
[_w ɑ d ɑ s ɯ n ɯ ]_w
[_w ɡ ɑ l x ɯ b ]_w
[_w f ɾ ɑ n s ɑ ]_w
[_w ɑ d ɑ m l ɑ ɾ ɑ ]_w
[_w t ɑ i ɾ æ ]_w
[_w m æ k ɑ l æ ]_w
[_w b i s i m ]_w
[_w d œ v ɾ y n ]_w
[_w v æ l i ]_w
[_w e t m æ j æ ]_w
[_w o d u ɾ u ɾ ]_w
[_w b æ s i ]_w
[_w dʒ ɑ n ]_w
[_w m æ n æ f f y ɾ ]_w
[_w ɑ n dʒ ɑ ɡ ]_w
[_w s œ z l æ j i ɾ ]_w
[_w o l u n u ɾ d u ]_w
[_w ɡ o j u l m u ʃ ]_w
[_w j e ɾ l æ ʃ æ n ]_w
[_w s o n u ]_w
[_w æ dʒ n æ b i ]_w
[_w n ɟ dʒ ]_w
[_w b i l d i ɾ i ]_w
[_w f æ s i l l i ]_w
[_w v ɑ i s i ]_w
[_w x y s u s i l æ ]_w
[_w e ts i n l æ ɾ ]_w
[_w i tʃ ɾ ɑ ]_w
[_w e v i n i ]_w
[_w tʃ œ ɾ æ ɡ ]_w
[_w m œ h k æ m ]_w
[_w ɟ œ l ]_w
[_w o n u n ]_w
[_w t æ l æ b i ]_w
[_w m y t i ɾ ]_w
[_w j ɑ ʃ ɑ t ɯ ]_w
[_w tʃ ɯ x ɯ ʃ ]_w
[_w u ʃ ɑ k l ɑ ɾ ]_w
[_w k ɑ n ɑ l i s i ]_w
[_w s ɑ ɡ i n i ]_w
[_w d y ɾ p æ s i ]_w
[_w ɡ æ n t i n æ ]_w
[_w ɑ l m ɯ ʃ t ɯ ]_w
[_w æ k i n ]_w
[_w v ɾ ɑ n s ɯ s ɑ ]_w
[_w ɡ e j ɾ i ]_w
[_w s æ i d ]_w
[_w s æ m æ d l i ]_w
[_w ɟ œ ɾ y ɾ d y ]_w
[_w h æ b i b ]_w
[_w ɑ x ɯ ɾ t ɯ ]_w
[_w i z v e tʃ ]_w
[_w i ɾ ɑ n ɯ s t ɑ ]_w
[_w i j u n u n ]_w
[_w h æ ɾ æ k ]_w
[_w n æ t i ]_w
[_w æ h ɑ d æ t ]_w
[_w i b t i ɾ ]_w
[_w æ z æ ɾ d ]_w
[_w d e k ɑ p ɾ ɯ n ]_w
[_w m i ɾ s æ ]_w
[_w s ɑ h i l ]_w
[_w p ɑ ɾ i s ]_w
[_w n o b e l ]_w
[_w j e m æ k d æ b ]_w
[_w d e s t e s ]_w
[_w æ z ɑ s ɯ n d ɯ ]_w
[_w m æ h k æ m æ ]_w
[_w t u ɾ u ɾ ]_w
[_w ɟ œ m ɾ y ]_w
[_w tʃ æ k i l æ n ]_w
[_w œ z l æ ɾ i ]_w
[_w tʃ ɑ t ɑ n ]_w
[_w j e ɾ d æ ]_w
[_w ɑ l t ɯ n ɑ ]_w
[_w f æ h ʃ i ]_w
[_w i s t æ ]_w
[_w tʃ ɑ ɣ ɯ ɾ ]_w
[_w p e l æ ]_w
[_w s i j ɑ ]_w
[_w i s t æ ɾ z t æ ]_w
[_w p i l s i n ]_w
[_w æ m æ l æ ɡ ]_w
[_w b u n ɑ ]_w
[_w s ɑ j ]_w
[_w s ɑ d ɯ n ]_w
[_w o ɾ i ʒ i n ]_w
[_w n æ z æ ɾ i f ]_w
[_w ɟ œ z d æ ɾ i ɾ ]_w
[_w ɡ ɑ x ɯ z ]_w
[_w ɑ l ɯ n ɑ ]_w
[_w ɟ e n e ɾ ʃ i ]_w
[_w k ɑ m ɑ l ]_w
[_w d e ɑ d ɾ d ɑ ]_w
[_w s æ s l æ n ]_w
[_w m æ s m u n u ]_w
[_w ɑ d ɯ n ]_w
[_w ɟ æ l d i j i ]_w
[_w ɑ m e ɾ i k ]_w
[_w ɟ æ l i n d æ ]_w
[_w o l ɑ n l ɑ ɾ ɑ ]_w
[_w b i l d i ɾ æ n ]_w
[_w y z v y t y ɾ ]_w
[_w y s t y ]_w
[_w i n d i j æ ]_w
[_w s ɑ l ɯ b ]_w
[_w d ɑ v u d ɑ ]_w
[_w ɟ œ ɾ y ɾ ]_w
[_w m i l l i k ]_w
[_w k æ n t i n i ]_w
[_w j ɑ ʃ ɯ n ɯ ]_w
[_w d œ v l æ ɾ i ]_w
[_w o ɾ k ɑ n ]_w
[_w e d æ ɾ ]_w
[_w j u m u ɾ t ɑ ]_w
[_w ɟ œ l y ]_w
[_w ɟ ɑ h ]_w
[_w ʃ ɑ m u e l ]_w
[_w œ j ɾ æ n dʒ ]_w
[_w m y m k y n ]_w
[_w j ɑ j ɯ l ɯ ɾ ]_w
[_w k ɑ j ɯ l ]_w
[_w l ɑ j i k ]_w
[_w s ɑ v o d u ]_w
[_w m i ɡ d ɑ ɾ ]_w
[_w k æ f f ɑ ɾ æ ]_w
[_w d e x n i k i ]_w
[_w v æ d æ n d æ ]_w
[_w e m i n ]_w
[_w x æ b æ ɾ ]_w
[_w ɟ œ z æ ]_w
[_w ɟ e d i ɾ ɑ f ]_w
[_w s b dʒ ]_w
[_w t ɑ ʃ l ɑ ɾ ]_w
[_w ʃ e j t ɑ n ]_w
[_w ɟ i l ]_w
[_w t æ n k i d ]_w
[_w h æ t i s ]_w
[_w h e s ɑ p ]_w
[_w ɑ l ɯ n d ɑ n ]_w
[_w s ɑ l ɯ n ]_w
[_w h ɑ ɡ ɡ ɯ ]_w
[_w d ɑ x ɯ ]_w
[_w j ɑ s ɑ n ɑ ]_w
[_w ɡ ɑ s ]_w
[_w o d u ɾ ]_w
[_w k i l o f ]_w
[_w e t t i k t æ ]_w
[_w b ɾ o s e s i ]_w
[_w s o n ]_w
[_w s i s t e v ɑ ]_w
[_w d e j i ɾ ]_w
[_w s æ ɾ d æ ]_w
[_w b u ɾ ɑ ]_w
[_w m y s t æ m ]_w
[_w ɑ l æ m i ]_w
[_w æ l d æ ]_w
[_w d æ n i ]_w
[_w p i ɾ i n i n ]_w
[_w ɡ o ʒ u n u ]_w
[_w p æ x ʃ ]_w
[_w ɡ ɾ u b u n u n ]_w
[_w ɑ l ɑ ɾ ɯ ]_w
[_w l i ɾ i k ]_w
[_w ɟ i ɾ i ʃ ]_w
[_w æ h ɑ l i ]_w
[_w v i l m d æ ]_w
[_w u j ɣ u n ]_w
[_w dʒ ɑ d d ɯ m ]_w
[_w k ɑ l ɯ n d ɯ ]_w
[_w ʃ y b h æ s i z ]_w
[_w tʃ e v ɾ i l i b ]_w
[_w ʃ d ɑ d l ɑ ɾ ɯ ]_w
[_w p ɑ j d ɑ ]_w
[_w i s ɾ ɑ i l i n ]_w
[_w b u n l ɑ ]_w
[_w p i s ɑ n ɯ n ]_w
[_w u ɣ u ɾ ]_w
[_w s æ ɾ k æ s ]_w
[_w æ m i ɾ ]_w
[_w k i m ]_w
[_w d i ɾ e k t o ɾ ]_w
[_w ɑ ɾ ɑ l ɯ ]_w
[_w æ l e j h i n æ ]_w
[_w y n s i j j æ ]_w
[_w o b ɾ ɑ z ɯ ]_w
[_w u ɣ u ɾ z u z u ]_w
[_w d æ ɾ i n d æ n ]_w
[_w m æ ʃ ɣ u l ]_w
[_w s æ l tʃ u ɡ ]_w
[_w i ʃ tʃ i s i ]_w
[_w tʃ ɑ j l ɑ ɾ ɯ ]_w
[_w t æ k i l d æ ]_w
[_w b ɑ k ]_w
[_w x æ s t æ s i ]_w
[_w tʃ æ m i l ]_w
[_w t ɑ p m ɑ k ]_w
[_w t u t u l ɑ ɾ ]_w
[_w l ɑ z ɯ m ]_w
[_w t æ dʒ h i s ]_w
[_w ʃ i ɾ i n i ]_w
[_w ɾ i ɑ j æ t ]_w
[_w ɑ b ɑ ɾ m ɑ ɡ ]_w
[_w tʃ i n ɟ i l i s ]_w
[_w m æ s æ l æ ]_w
[_w ʃ i f ɑ h i d i ]_w
[_w b æ d æ n d ɑ ʃ ]_w
[_w y z d y n d æ ]_w
[_w e t m æ s i ]_w
[_w h y ɡ u k ]_w
[_w n æ s æ ɾ ]_w
[_w d œ ɾ d ]_w
[_w i tʃ i n t æ ]_w
[_w m y ɡ æ t d æ ]_w
[_w e h d i ]_w
[_w d æ k t i m i ɾ ]_w
[_w i n ɑ m ]_w
[_w s æ ɡ ɡ i z ]_w
[_w ɾ æ s s ɑ m ]_w
[_w d o m ɑ z ]_w
[_w ɟ œ j ]_w
[_w ɟ œ ɾ y ɾ t y ]_w
[_w œ l k æ l æ ɾ ]_w
[_w u l t u z d u n ]_w
[_w b i l m æ s ]_w
[_w i m s ɑ ]_w
[_w m æ n æ f i ]_w
[_w f ɑ l i z ]_w
[_w m y h i t ]_w
[_w s o l ]_w
[_w s e v d i j i ]_w
[_w x ɑ l ɡ ɯ n ɯ n ]_w
[_w ɡ ɑ b ]_w
[_w tʃ ɑ j ɯ n ɑ ]_w
[_w m i n l i k ]_w
[_w m æ l æ k ]_w
[_w e t n i k ]_w
[_w b o ɾ tʃ ɑ l ɯ ]_w
[_w s æ ɾ æ ɾ ]_w
[_w e t æ ɾ æ f ]_w
[_w b æ ɾ ɡ ]_w
[_w s u v i ]_w
[_w m æ n æ ]_w
[_w e d i p ]_w
[_w o l ɑ ɾ s ɑ ]_w
[_w ʃ ɑ i ɾ l æ ɾ ]_w
[_w d ɑ ɣ i l i ]_w
[_w ɑ ɾ ɑ s ɯ ]_w
[_w ɡ i d ɑ b ]_w
[_w n y v u s l u ]_w
[_w s ɑ j ɯ n ɯ n ]_w
[_w t œ ɾ d y n dʒ y ]_w
[_w k i n o ]_w
[_w f o n t u ]_w
[_w ʃ œ h ɾ æ d ]_w
[_w n ɑ d i ɾ i b ]_w
[_w tʃ ɑ h ɑ n ɟ i ɾ ]_w
[_w p i s ]_w
[_w u ɣ u ɾ l u ]_w
[_w dʒ æ h æ t d æ s ]_w
[_w d æ s t æ l i ɡ ]_w
[_w d æ m æ l ]_w
[_w ɾ o m ɑ ]_w
[_w ɑ j ɾ ɯ ]_w
[_w æ z ɑ b ]_w
[_w s æ h n æ ]_w
[_w e d i ɾ l æ ɾ ]_w
[_w ɡ ɑ ɾ ɯ ʃ ɯ ɡ ]_w
[_w ɑ ɾ ɑ d ɯ b ]_w
[_w ɡ o m p y d e ɾ ]_w
[_w s i s i n i ]_w
[_w v e ɾ ]_w
[_w d y ʃ æ n ]_w
[_w ɟ œ j æ ]_w
[_w j e ɾ ɑ l d ɯ ]_w
[_w k ɑ l ɑ z ɯ m ]_w
[_w ɡ i j ɑ m ]_w
[_w m i n l æ ɾ l æ ]_w
[_w d æ ɾ æ v ]_w
[_w t u t m ɑ k ]_w
[_w ɾ u s i j ɑ d ɑ ]_w
[_w o l d u x u ]_w
[_w k ɾ ɑ l ]_w
[_w æ s ɾ l æ ɾ ]_w
[_w s e v i m l i ]_w
[_w k œ m æ j i n ]_w
[_w s ɑ l ɯ n dʒ ]_w
[_w ɑ d ɑ l ɑ ɾ ]_w
[_w s u v ɑ ɾ m ɑ ]_w
[_w dʒ ɯ x ɑ ɾ ɑ n ]_w
[_w d y ʃ d y ]_w
[_w f i l m i ɾ ]_w
[_w ɾ æ h b æ ɾ ]_w
[_w e v i n dʒ ]_w
[_w n æ k l ]_w
[_w k e j d æ ɾ ]_w
[_w t ɑ l ɯ ʃ ]_w
[_w ɡ ɯ z ]_w
[_w x ɑ n ɯ n m ɯ ʃ ]_w
[_w h æ v ɑ l æ ]_w
[_w d ɑ v ɑ m l ɯ ]_w
[_w dʒ ɑ n l ɯ ]_w
[_w ɑ i l æ n ]_w
[_w b ɑ ɣ d ɑ ʃ ]_w
[_w e d æ k ]_w
[_w o l u b l ɑ ɾ ɯ ]_w
[_w z ɑ d ɯ n ]_w
[_w ɡ ɑ n ɑ d ]_w
[_w s u ɾ æ d d æ ]_w
[_w œ l d y ɾ y ɾ ]_w
[_w i n dʒ i ]_w
[_w m y ɾ ɑ dʒ i æ d ]_w
[_w m æ n i n ]_w
[_w j ɑ ɣ ]_w
[_w ɑ d ɑ n ]_w
[_w s æ j ɑ h æ t æ ]_w
[_w ɑ d l ɯ ɡ ]_w
[_w m æ n i m l æ ]_w
[_w ɑ l ɯ ɾ ]_w
[_w f ɑ k t ]_w
[_w ɡ y d ɾ æ d l i ]_w
[_w m æ s l æ n i ]_w
[_w m ɑ h n ɯ n ɯ n ]_w
[_w s i j ɑ d ɑ ]_w
[_w œ l ɡ æ z i n æ ]_w
[_w s u l t ɑ n ]_w
[_w m æ ɡ d æ ]_w
[_w æ k s i n i ]_w
[_w s ɑ s ɑ n ɯ ]_w
[_w e ɾ ɡ æ n ]_w
[_w x o ɾ ]_w
[_w v ɑ ɾ l ɯ ɡ ]_w
[_w i k i n d i ]_w
[_w o l m ɑ m ɑ s ]_w
[_w d i tʃ ɑ ɾ æ t ]_w
[_w ɡ e tʃ i ɾ t i ]_w
[_w œ ɾ d y j y ]_w
[_w s œ z y ]_w
[_w tʃ ɯ x t ɯ ]_w
[_w d e d i m ]_w
[_w œ l k æ l æ m æ ]_w
[_w ɡ y t l æ k ]_w
[_w f ɑ ɣ d ɑ d ]_w
[_w v i l m i n i n ]_w
[_w e d æ n ]_w
[_w ʃ i ɾ k æ t i ]_w
[_w o l m u ʃ d u ]_w
[_w i t ɑ æ d ]_w
[_w ɾ ɑ j o n ]_w
[_w x ɑ l k ɯ n ɯ n ]_w
[_w æ f æ s ]_w
[_w n o ɾ m ɑ ]_w
[_w d e ɑ t ɾ d ɑ ]_w
[_w ɑ ɾ s u z u ]_w
[_w k æ n d i n æ ]_w
[_w k ɑ l m ɯ ʃ ]_w
[_w ʃ æ ɾ h ]_w
[_w k ɑ l ɯ ɾ ]_w
[_w t ɑ j v ɑ z ɯ ]_w
[_w j ɑ j d ɑ l ɯ ʃ ]_w
[_w o l m ɑ l ɯ ]_w
[_w d e m i ʃ d i ɾ ]_w
[_w dʒ æ m i l ]_w
[_w ɡ ɑ l ɯ n ɯ ɾ ]_w
[_w s ɑ ɡ i ɾ ]_w
[_w j y s i l i n ]_w
[_w j u x ɑ ɾ ɯ d ɑ ]_w
[_w m æ s æ l æ n ]_w
[_w s y ɾ æ d l i ]_w
[_w t i l i ɾ ]_w
[_w k ɑ ɾ d ɑ ]_w
[_w k o j ]_w
[_w s i j ɑ n ]_w
[_w d i l æ ɾ ]_w
[_w ɑ t ɯ j l ɑ ]_w
[_w d ɑ h ɑ ]_w
[_w ʃ i m ɑ l ]_w
[_w tʃ ɑ ɾ ɯ ]_w
[_w n i k o l ɑ j ]_w
[_w k ɑ j t ɑ ɣ d ɑ ]_w
[_w j e d d i ]_w
[_w ɡ y v v æ l tʃ æ ]_w
[_w v æ v ɑ d ]_w
[_w h e k t ɑ ɾ ɯ ]_w
[_w h i z s æ d æ ]_w
[_w i k t i ɾ ]_w
[_w j y k s æ k ]_w
[_w æ s ɾ l æ ɾ æ ]_w
[_w i d ɑ æ d ]_w
[_w t æ h z i l i n ]_w
[_w ɑ m ɑ n ɯ ]_w
[_w v æ k i l d æ ]_w
[_w x o ʃ ]_w
[_w æ d æ t ]_w
[_w h æ m i n ]_w
[_w h y z e j n o v ]_w
[_w ʃ æ ɾ æ v i ]_w
[_w ɑ l d ɯ l ɑ ɾ ]_w
[_w j o l u n ]_w
[_w d œ v ɾ y n d æ ]_w
[_w d ɑ i ɾ æ ]_w
[_w o l d u ɣ u n ɑ ]_w
[_w t æ x i ]_w
[_w ʃ i ɾ i n dʒ æ ]_w
[_w ɟ œ l y n y n ]_w
[_w t œ ɾ d ]_w
[_w l æ n ɡ æ ɾ ɑ ɾ ]_w
[_w æ l ɑ m æ t i ]_w
[_w ɟ ɾ p ]_w
[_w v ɑ s i t æ ]_w
[_w m æ ɾ ɑ s i s i ]_w
[_w k æ l æ m ]_w
[_w f ɑ l i ]_w
[_w ɟ e tʃ æ ]_w
[_w s i s t e m ]_w
[_w t æ ʃ æ m ]_w
[_w ɑ d ɑ m ]_w
[_w x ɑ ɾ ɑ k d i ɡ ]_w
[_w s u j u ]_w
[_w s ɑ x l ɑ ɾ ]_w
[_w k æ n d i n ]_w
[_w ɡ i m i d i ɾ ]_w
[_w ɟ æ ɾ æ k ]_w
[_w m œ v s u ]_w
[_w b ɑ k ɯ n ɯ n ]_w
[_w x ɑ ɾ ɑ k d e ɾ ]_w
[_w dʒ æ k i ɾ ]_w
[_w ɑ l i m l i k ]_w
[_w t æ v æ ]_w
[_w e j n i ]_w
[_w dʒ æ k i l i ]_w
[_w ɾ o l u n u n ]_w
[_w ʃ u ɾ n ɑ l ɯ ɡ ]_w
[_w e d m æ ɡ t æ ]_w
[_w b u j u ɾ d u ]_w
[_w b œ l ɟ æ t æ ]_w
[_w k u b ɑ t ]_w
[_w m i l j ɑ s ]_w
[_w ɑ d ɑ m ɑ m ]_w
[_w d y j m æ ]_w
[_w d æ ɾ æ f ]_w
[_w i d i l æ ɾ ]_w
[_w i f ɑ z ɯ n ɯ ]_w
[_w s ɑ x l ɑ j ɑ n ]_w
[_w æ z æ ɾ æ ]_w
[_w i f ɑ n ]_w
[_w k o j d u ]_w
[_w tʃ ɯ x m ɑ ɡ ]_w
[_w k i dʒ i ]_w
[_w e d i l s i n ]_w
[_w k ɑ ɾ æ t i ]_w
[_w p u j u ɾ u ɾ ]_w
[_w j o ɣ ]_w
[_w j e n æ ]_w
[_w ɾ æ ʃ i d ]_w
[_w t y s ]_w
[_w d ɑ ɾ i x tʃ i ]_w
[_w e t t i n dʒ ]_w
[_w p ɾ o s e s ]_w
[_w p ɑ ʃ k ɑ ]_w
[_w j æ h j ɑ ]_w
[_w z æ n æ d ɡ ɑ ɾ ]_w
[_w h æ d i s ]_w
[_w h ɑ z ɯ ɾ l ɯ ɡ ]_w
[_w v o ɾ m ɑ s ɯ ]_w
[_w o l u n d u ]_w
[_w e t d i j i ]_w
[_w o l d u l ɑ ɾ ɯ ]_w
[_w ɑ z ɑ t l ɯ ɡ ]_w
[_w j ɑ j ɯ l m ɯ ʃ ]_w
[_w p i z æ ]_w
[_w ɟ œ ɾ y ɾ y k ]_w
[_w d æ ɾ s æ ]_w
[_w k o n ɡ ɾ e t ]_w
[_w æ l ɑ ɡ æ t ɑ ɾ ]_w
[_w æ m æ k ]_w
[_w m u z d ɑ d ]_w
[_w h æ ɾ b i ]_w
[_w b œ j y k ]_w
[_w æ h t ]_w
[_w æ h ɑ t æ d æ ]_w
[_w o l u n t ɑ ]_w
[_w i ʃ ɯ ɡ ]_w
[_w b i ɾ i n dʒ æ ]_w
[_w dʒ ɑ m ɑ ɑ d ɯ ]_w
[_w ɟ æ d i ɾ æ m ]_w
[_w b u ɾ ɑ t ]_w
[_w b e t ɑ k o ʃ i ]_w
[_w k ɑ b ɑ ɡ ]_w
[_w h æ l ɑ k ]_w
[_w i n s ɑ n l ɑ ɾ ]_w
[_w æ l ɑ ɡ æ l i ]_w
[_w t œ v ɾ y n ]_w
[_w j ɑ s ɯ ]_w
[_w ɡ o j d u l ɑ ɾ ]_w
[_w dʒ æ k i l ]_w
[_w n æ f æ s ]_w
[_w s ɑ h i b i ]_w
[_w ɡ ɑ s ɯ m ]_w
[_w ɑ t ɑ z ɯ ]_w
[_w n ɑ ɣ dʒ ɯ v ɑ n ]_w
[_w e d i l d æ ]_w
[_w ɑ d ɯ ɾ ]_w
[_w m i ɾ z æ ]_w
[_w m æ h ɾ u m ]_w
[_w k æ s e t i ]_w
[_w t e t i l æ ɾ ]_w
[_w n æ z æ ɾ i ]_w
[_w s ɑ p i t i ɾ ]_w
[_w ʃ i ɾ v ɑ n ɑ ]_w
[_w k ɑ j ɯ d ɯ b ]_w
[_w m e j d ɑ ]_w
[_w t u t u l u b ]_w
[_w t i k k æ t i n ]_w
[_w dʒ o x ]_w
[_w b æ j ɑ n ]_w
[_w æ l l i m ]_w
[_w s u j ɑ ]_w
[_w d ɑ x ɯ z d ɑ ]_w
[_w d œ ɾ t ]_w
[_w b ɑ j d ɑ x t ]_w
[_w t i l d æ ]_w
[_w j u s i f ]_w
[_w ɑ l tʃ ɑ k ]_w
[_w t æ k t i ɾ ]_w
[_w y dʒ y n dʒ y ]_w
[_w ɡ ɾ u b ]_w
[_w æ s ɑ z ɯ n d ɑ ]_w
[_w ɡ o ɾ u j u b ]_w
[_w m o n ɡ o l ]_w
[_w n æ d i dʒ æ t æ ]_w
[_w ɟ æ l i ɾ d i ]_w
[_w æ v æ z i n æ ]_w
[_w s æ l i m ]_w
[_w m ɑ ɾ ɑ ɡ ]_w
[_w ʃ æ ɾ ɡ d æ ]_w
[_w t e s æ k ]_w
[_w t i n i n ]_w
[_w j ɑ z ɯ l ɑ ɾ ]_w
[_w e t æ ɾ æ k ]_w
[_w ɑ t ɯ n ]_w
[_w s u ɑ l ]_w
[_w z æ n d æ n ]_w
[_w m æ b æ t i i ]_w
[_w dʒ ɯ x m ɯ ʃ ]_w
[_w ɑ ɾ ɑ n m ɯ ʃ ]_w
[_w k ɑ b ɯ s ɯ ]_w
[_w ɟ œ n d æ ɾ i ɾ ]_w
[_w j ɑ s ]_w
[_w i n d i ]_w
[_w t o x ɾ u ]_w
[_w d y j y ]_w
[_w j o l d ɑ ʃ ɯ ]_w
[_w v i t e o ]_w
[_w o x u l u p ]_w
[_w n æ ʃ ɾ i ]_w
[_w ɾ i ɑ j æ d ]_w
[_w o ɾ ɡ ɑ n ɯ ]_w
[_w i ɾ z i ]_w
[_w t æ ɾ dʒ y m æ ]_w
[_w t o b ]_w
[_w k ɯ s l ɑ ɾ ]_w
[_w b æ h s ]_w
[_w i ɾ ɑ n ɯ ]_w
[_w f æ k i l æ n ]_w
[_w b ɑ ɾ æ n ]_w
[_w ɟ e t m i ʃ ]_w
[_w o b e ɾ ɑ ]_w
[_w d ɾ o p i ɡ ]_w
[_w ʃ ɑ m i l ]_w
[_w b l ɑ z d i ɡ ]_w
[_w ɡ ɯ s l ɑ ɾ ]_w
[_w ɑ t ɑ m ]_w
[_w ɑ l m ɑ ɡ ]_w
[_w v e ɾ z i n ]_w
[_w i ʃ l æ j i ɾ ]_w
[_w ɡ y v v æ ]_w
[_w e h t i j ɑ t ɑ ]_w
[_w k ɯ z l ɑ ɾ ]_w
[_w tʃ ɑ f ɑ n ʃ i ɾ ]_w
[_w v e ɾ æ ɾ æ k ]_w
[_w tʃ ɯ x ɑ n ]_w
[_w x ɑ n ɯ m ɯ n ]_w
[_w æ h ɑ l i n ]_w
[_w j e m æ k ]_w
[_w ɑ dʒ l ɯ ɡ ]_w
[_w æ z ɾ l æ ɾ ]_w
[_w b ɑ n ɡ ]_w
[_w z æ h ]_w
[_w d æ l i k ]_w
[_w h æ ɾ b i n d æ ]_w
[_w v ɯ ɯ ɯ ]_w
[_w k ɑ s ɑ n ɯ ]_w
[_w d æ ɾ z l i k ]_w
[_w s æ n d æ n ]_w
[_w h æ n d i ]_w
[_w t y dʒ ɑ ɾ ]_w
[_w v æ k i l o v ]_w
[_w dʒ o ɣ l ɑ ɾ ɯ n ]_w
[_w e t i n ]_w
[_w o x u j ɑ n ]_w
[_w m ɑ ɾ d ɯ ɡ ]_w
[_w s æ b æ s i ]_w
[_w v i ɾ ɑ n ]_w
[_w i z d æ t i j i ]_w
[_w ɡ æ n ɑ ɾ ɑ ]_w
[_w m œ v ɡ e ]_w
[_w s t ɑ d u z u ]_w
[_w d ɑ i ɾ æ v i ]_w
[_w ɾ u s l ɑ ɾ ]_w
[_w ɑ d l ɑ ɾ ]_w
[_w t y ʃ m æ n i m ]_w
[_w ɑ ʃ ɑ ɣ ɯ n d ɑ ]_w
[_w d e j i b ]_w
[_w œ l tʃ y ]_w
[_w d i k k æ t i ]_w
[_w m y l k i ]_w
[_w n æ s t i ɡ ]_w
[_w t æ n i s i ]_w
[_w i s p ɑ n i j ɑ ]_w
[_w dʒ ɯ ɣ ɯ b ]_w
[_w e d d i ɾ ]_w
[_w v ɑ s i l ]_w
[_w l ɑ j i h æ ]_w
[_w t æ ʃ k i l i b ]_w
[_w œ l ɡ æ j æ ]_w
[_w i k l i m ]_w
[_w ɑ ɾ z u s ]_w
[_w j e ɾ i n d æ n ]_w
[_w d e p u t ɑ d ɯ ]_w
[_w e d i l æ n ]_w
[_w b æ z æ n o v ]_w
[_w l ɑ s ɯ n d ɑ n ]_w
[_w ɑ ɾ d ɯ n dʒ ɑ ]_w
[_w d ɑ i ɾ æ f i ]_w
[_w tʃ ɑ d ɑ n ]_w
[_w e d d i ɾ d æ n ]_w
[_w p æ s i ]_w
[_w d e m æ k ]_w
[_w ʃ u ɾ n ɑ l ]_w
[_w n œ k t æ s i ]_w
[_w ɡ ɯ z ɯ n ɯ n ]_w
[_w o b e ɾ t ]_w
[_w s œ z y n y ]_w
[_w s i m f o n i k ]_w
[_w t o ɾ b ɑ ɣ ɯ ]_w
[_w o ɾ k ɑ n ɯ ]_w
[_w j ɑ ɾ ɑ d m ɯ ʃ ]_w
[_w ɡ e tʃ i ɾ i ɾ ]_w
[_w s ɑ j t ɑ ]_w
[_w b m t ]_w
[_w p i j ɑ ]_w
[_w e m ɑ l ]_w
[_w t ɑ ɑ l ɑ ]_w
[_w m i n ]_w
[_w b ɾ o ɡ ɾ ɑ m ɯ ]_w
[_w d æ ɾ æ n n y m ]_w
[_w n o j ɑ b ɾ ɯ n ]_w
[_w d æ k d i s ɑ t ]_w
[_w m i s ɑ l ]_w
[_w p d u ]_w
[_w m æ d b u ɑ d ]_w
[_w s ɯ ɾ v ]_w
[_w i s ɑ n ɯ n ɯ ɾ ]_w
[_w t ɑ ɾ i x i n i ]_w
[_w s y l ɑ l æ z i ]_w
[_w ɡ æ z i ]_w
[_w ɡ u l l u ɡ ]_w
[_w ɑ ɾ ɑ ]_w
[_w ɑ f ɡ u s t ]_w
[_w s o f e d ]_w
[_w k u l ɑ ɡ ]_w
[_w s ɑ t i ɾ ]_w
[_w ɟ æ ɾ ɟ i n ]_w
[_w h ɑ s ɯ ɾ d ɑ ]_w
[_w ɑ l ɑ ɾ ]_w
[_w d o ɾ p ɑ ɡ d ɑ ]_w
[_w s æ h æ ɾ t æ n ]_w
[_w dʒ æ t i n ]_w
[_w i ʃ l æ m i ʃ æ ]_w
[_w h e j d æ ɾ ]_w
[_w h æ ɡ i m ]_w
[_w ɑ l d ɯ n ɑ ]_w
[_w h y s e j n o v ]_w
[_w d æ ʃ k i l ]_w
[_w ɑ l ɑ ]_w
[_w i l l æ t i n ]_w
[_w s æ j ]_w
[_w tʃ ɑ j l ɑ ɾ ɯ n ]_w
[_w ʃ i f ɑ h i d æ ]_w
[_w m y x æ n n i ]_w
[_w s i s t e m i n ]_w
[_w x ɑ n ɑ ]_w
[_w d ɑ x ɯ l ]_w
[_w ɡ y ɾ ]_w
[_w s æ n i ]_w
[_w l ɑ u ɾ e ɑ d ɯ ]_w
[_w o ɾ u dʒ u ]_w
[_w h i dʒ ɾ i ]_w
[_w t i dʒ ɑ ɾ æ t ]_w
[_w dʒ i dʒ æ ɡ ]_w
[_w i ɡ i n dʒ i ]_w
[_w s t ɾ ɑ d ]_w
[_w j ɑ ɾ d ɯ n dʒ ɑ ]_w
[_w dʒ ɑ ɣ ɯ ɾ ɯ ɾ ]_w
[_w tʃ æ f æ ɾ i ]_w
[_w m æ dʒ l i z i ]_w
[_w m y s t æ k ]_w
[_w k ɑ l ɑ ]_w
[_w b ɑ b æ k ]_w
[_w d y n j æ f i ]_w
[_w ɟ æ n dʒ ]_w
[_w d æ ʃ ɡ i l ]_w
[_w ɑ ɣ ɯ ɾ ɯ ɾ ]_w
[_w ɡ o j m ɑ ɡ ]_w
[_w m y ɑ l i dʒ æ ]_w
[_w ɡ o j m u ʃ ]_w
[_w o l u ɾ l ɑ ]_w
[_w æ s æ ɾ d æ n ]_w
[_w m ɑ ɾ d ]_w
[_w ɡ o n ɡ ɾ e t ]_w
[_w j u ɣ ɑ ɾ ɯ b ]_w
[_w o l m ɑ j ɯ b ]_w
[_w o ɾ d e n ]_w
[_w ɡ ɑ l ɯ n ɑ ]_w
[_w dʒ o x l u n ɑ n ]_w
[_w h ɑ m i l ]_w
[_w j e d m i ɾ ]_w
[_w t æ b i æ d ]_w
[_w s b ɑ b ]_w
[_w y z v i ]_w
[_w o l u n m ɑ x ɑ ]_w
[_w u s t ɑ f ɑ ]_w
[_w ɡ ɑ v ɡ ɑ z ]_w
[_w ɡ i j m æ t ]_w
[_w d æ l æ ɾ æ ]_w
[_w n i f ɾ æ d ]_w
[_w e d m æ z i ]_w
[_w z ɑ ɑ d ]_w
[_w t æ b ɾ i s ]_w
[_w i ɟ i t ]_w
[_w x æ b æ ɾ l æ ɾ ]_w
[_w z æ n i ]_w
[_w t e j i l i ɾ ]_w
[_w d ɑ ɾ i x i n ]_w
[_w t u t u l u ɾ ]_w
[_w s u d ɑ ]_w
[_w u s ɑ n ɯ n ]_w
[_w i s l ɑ m ɯ ʃ ]_w
[_w o n l ɑ ɾ l ɑ ]_w
[_w ɡ æ ʃ f ]_w
[_w e ɾ k æ n ]_w
[_w s o ɾ u ʃ d u ɾ ]_w
[_w t æ dʒ i l i ]_w
[_w t i l l æ ɾ æ ]_w
[_w d æ n ]_w
[_w j ɑ ʃ ɑ m ɑ k ]_w
[_w m y ʃ ɑ h i d æ ]_w
[_w m æ n ɑ z ɯ ]_w
[_w k i m æ ]_w
[_w ɑ s ɯ l ɯ ɾ ]_w
[_w ɑ ɾ ɑ t ɑ ]_w
[_w d o n ]_w
[_w t e j i l ]_w
[_w b æ t æ n ]_w
[_w e t n i ɡ ]_w
[_w j ɑ ɾ ɑ d ɯ b ]_w
[_w m y s ɑ k i n i ]_w
[_w æ ʃ j ɑ l ɑ n ]_w
[_w tʃ ɯ x ɑ ɾ ɑ ɡ ]_w
[_w ɑ tʃ ɯ l ɯ ɾ ]_w
[_w ɑ t i ]_w
[_w d y ɾ k ]_w
[_w s ɑ m ɑ n d ɑ ]_w
[_w ɾ æ s m ]_w
[_w u ʃ ɑ ɡ l ɯ ɡ ]_w
[_w p ɑ ʃ ]_w
[_w ɑ ɡ t j o ɾ u ]_w
[_w k ɑ tʃ ɯ b ]_w
[_w tʃ æ ɡ i s i ]_w
[_w m æ l u m ]_w
[_w m y z d æ z i ]_w
[_w s t ɑ t u s u ]_w
[_w j e ʃ ɑ j ɑ n ]_w
[_w n e v d ]_w
[_w n j u j o ɾ ɡ ]_w
[_w d æ l i f æ ]_w
[_w j e d i ɾ ]_w
[_w u x u ɾ z u s ]_w
[_w k œ n y l ]_w
[_w æ l ɑ v æ ]_w
[_w d ɑ m ɑ m ]_w
[_w ɟ æ l i n i n ]_w
[_w m ɑ ɾ ɑ x ɑ ]_w
[_w ɡ ɑ z ɯ n ]_w
[_w m y s t æ m o f ]_w
[_w e d i b ]_w
[_w k u l ɑ tʃ ]_w
[_w d o ɾ b ɑ ɣ ɯ ]_w
[_w u s ɑ n ɯ ɾ ]_w
[_w h œ k m d ɑ ɾ ]_w
[_w o j n ɑ j ɯ ɾ ]_w
[_w f æ s i ɾ ]_w
[_w d e m æ ɡ ]_w
[_w s ɑ d i k ]_w
[_w ɟ i s l i k l æ ]_w
[_w ɑ ɾ v ɑ t ]_w
[_w k o j t u l ɑ ɾ ]_w
[_w t æ z j i ɡ i ]_w
[_w d æ ɡ ]_w
[_w m y ɡ ɑ v i l æ ]_w
[_w æ v æ n d ]_w
[_w s ɑ l d ɯ l ɑ ɾ ]_w
[_w o ɾ ɑ ]_w
[_w m æ ɾ ɡ æ z ]_w
[_w ʃ æ ɾ k ]_w
[_w s æ n ]_w
[_w k o j m ɑ k ]_w
[_w d æ t b i k i ]_w
[_w z y l e j m ɑ n ]_w
[_w m æ n s u p ]_w
[_w t ɑ j ɑ ]_w
[_w t e j æ n ]_w
[_w v æ z i ɾ o v ]_w
[_w ɟ e n e ɾ ɑ l ]_w
[_w m ɑ t d æ ]_w
[_w œ l tʃ y l y ]_w
[_w d æ d ɡ i k ]_w
[_w ɟ e d d i ]_w
[_w t æ ɾ tʃ ]_w
[_w j ɑ ʃ l ɯ ]_w
[_w i ʃ l æ n m i ʃ ]_w
[_w n æ f æ ɾ i ]_w
[_w t æ ɾ æ f d ɑ ɾ ]_w
[_w o l m ɑ t ɯ x ɯ ]_w
[_w i l æ ]_w
[_w n æ v æ ɾ i ]_w
[_w t æ ɾ æ ]_w
[_w s ɑ ɡ i ɾ æ ]_w
[_w t æ h z i l æ ɾ ]_w
[_w b i ɾ b ɑ ʃ ɑ ]_w
[_w ɑ ɣ ɯ ɾ d ɯ ]_w
[_w x u d ɑ v æ n d ]_w
[_w f æ s i n ]_w
[_w ɡ ɑ ɾ ]_w
[_w i n ɡ ɑ ɾ ɑ j ]_w
[_w j ɑ k u p ]_w
[_w æ d ɾ ɑ f ɯ ]_w
[_w f i s i k ɑ ]_w
[_w dʒ æ n u b i ]_w
[_w ɑ d ɑ m ɯ ]_w
[_w s æ t h i ]_w
[_w o l d u k dʒ ɑ ]_w
[_w t i ɡ i ]_w
[_w k æ s i ]_w
[_w t ɑ l x ɑ ]_w
[_w m œ v s u s u ]_w
[_w ɾ æ h i m ]_w
[_w i n k i ʃ ɑ f ]_w
[_w k æ d i ]_w
[_w œ z l æ j i ɾ ]_w
[_w i f ɑ d æ ]_w
[_w tʃ i s m i d i ɾ ]_w
[_w m æ l æ ]_w
[_w i d ɑ l i n i ]_w
[_w ɑ ʃ ɯ ɡ ]_w
[_w ɟ œ n d æ ɾ d i ]_w
[_w t ɑ ɾ i x ]_w
[_w p ɑ ʃ tʃ ɯ l ɯ ɾ ]_w
[_w œ l d y ɾ y b ]_w
[_w d o m ɑ s ]_w
[_w e d m æ j i ]_w
[_w m u z e j ]_w
[_w tʃ æ l æ b æ ]_w
[_w ɑ k ɑ d e m i n ]_w
[_w x æ l i l ]_w
[_w æ s æ ɾ i n d æ ]_w
[_w y s y n y ]_w
[_w d o s ]_w
[_w ɑ ɾ ɣ ɑ ]_w
[_w b ɑ n i j ɑ ]_w
[_w j ɑ j ɯ n ]_w
[_w j o l t ɑ n ɯ ʃ ]_w
[_w i s b ɑ n ]_w
[_w t æ m æ l ]_w
[_w x æ d d i ]_w
[_w d ɑ i m ]_w
[_w tʃ æ m i ]_w
[_w ɑ l b o m u ]_w
[_w f e ɾ æ n ]_w
[_w s æ b æ b i ]_w
[_w d ɑ h i ɾ ]_w
[_w t o ɣ u l ɑ n ]_w
[_w h æ n t i ]_w
[_w d e j æ n ]_w
[_w b ɑ x ɯ ɾ ɯ b ]_w
[_w m æ n i m l æ ɾ ]_w
[_w b i ɾ l i j i ]_w
[_w ɾ u s ]_w
[_w d æ k ɾ i b æ n ]_w
[_w x v ɯ ɯ ]_w
[_w t y n j ɑ n ɯ ɾ ]_w
[_w t o ɾ b ɑ x ɯ ɾ ]_w
[_w n æ s l i n i ɾ ]_w
[_w s ɑ ɣ s ɯ ]_w
[_w ɾ ɑ z ɯ n t ɑ ]_w
[_w j ɑ ɡ u b ]_w
[_w s ɑ l ɯ n ɑ ]_w
[_w ɑ ɣ d ɑ ]_w
[_w s œ j l æ j i b ]_w
[_w ɡ o n s e ɾ d ]_w
[_w s æ h i j j æ d ]_w
[_w m œ v z u ]_w
[_w s i m f o n i ɡ ]_w
[_w o d ɑ x ɯ l l ɯ ]_w
[_w t u t t u ɣ u ]_w
[_w n æ f æ ɾ d i ]_w
[_w k y d l æ ɡ ]_w
[_w ɟ æ d i ɾ d i ]_w
[_w o l m u ʃ l ɑ ɾ ]_w
[_w b o ɾ dʒ ]_w
[_w k i j m æ t i ]_w
[_w e t æ ɾ æ v i ]_w
[_w i t d i ɾ d i ]_w
[_w t æ b i æ d i ]_w
[_w i ʃ l æ n i n ]_w
[_w x æ b æ ɾ t ɑ ɾ ]_w
[_w s æ f i ɾ i ]_w
[_w m i x ɑ i l ]_w
[_w p ɑ ɡ i s t ɑ n ]_w
[_w s œ h b æ t ]_w
[_w y s y n d æ n ]_w
[_w o ɾ u dʒ ]_w
[_w m ɑ j ɯ b ]_w
[_w v æ d æ n ]_w
[_w e l m ]_w
[_w œ s y n ]_w
[_w i b n i ]_w
[_w m æ h d u t ]_w
[_w h ɑ dʒ ɯ ]_w
[_w i l i n d æ ]_w
[_w ɾ æ s m i ]_w
[_w v æ k i l ]_w
[_w k æ s i n æ ]_w
[_w h æ j ɑ d ɯ n ɑ ]_w
[_w h i k m æ d ]_w
[_w ɑ v ɡ u s t u n ]_w
[_w tʃ æ n u b d ɑ ]_w
[_w h ɑ k i m i n ]_w
[_w i ʃ l æ d i n ]_w
[_w ɑ l æ t ]_w
[_w u ʃ ɑ k l ɑ ɾ ɯ ]_w
[_w ɑ dʒ ɯ ]_w
[_w ɡ u ɾ u l u ʃ u ]_w
[_w s ɯ x ]_w
[_w m æ x s u z ]_w
[_w æ n æ n æ v i ]_w
[_w ɑ x ɯ ]_w
[_w ɑ ʃ ɑ ɣ ɯ n ]_w
[_w ʃ æ h æ ɾ æ k ]_w
[_w n æ d i ]_w
[_w ɑ ɾ d ɯ ɣ ɯ ]_w
[_w f u t b o l ]_w
[_w ɑ n ɑ l i s i ]_w
[_w ɡ ɯ z l ɑ ɾ ɯ ]_w
[_w s i s i ]_w
[_w p i l æ n ]_w
[_w ɟ œ ɾ y n y n ]_w
[_w n i ɡ o l ɑ j ]_w
[_w j ɑ s m ɯ ʃ ]_w
[_w d æ s i ɾ i ]_w
[_w ɟ œ ɾ y l æ n ]_w
[_w d œ j y ʃ t æ ]_w
[_w h i s s æ ]_w
[_w ʃ æ b æ k æ z i ]_w
[_w k ɑ z ɑ n i ]_w
[_w ɡ ɯ s ɯ n ɯ ]_w
[_w v æ s i ]_w
[_w ɟ œ z y ]_w
[_w m i k ɑ j ɯ d ]_w
[_w s æ m æ t ]_w
[_w s o s i ɑ l ]_w
[_w tʃ æ m i j j æ ]_w
[_w d æ ɾ æ k ]_w
[_w ɡ u ɾ m ɑ ɡ ]_w
[_w v i l m i ʃ ]_w
[_w t æ ɾ m ɑ n ]_w
[_w ɡ u ʃ u ]_w
[_w d æ z d æ s i ]_w
[_w t ɑ x l ɑ j ɑ ]_w
[_w ɑ x ɯ l l ɯ ]_w
[_w s o ɾ u ʃ d u ]_w
[_w f æ t ]_w
[_w f ɑ i s ]_w
[_w o n u n l ɑ ɾ ]_w
[_w v æ ɾ k l i ]_w
[_w d æ k ɾ i b æ ]_w
[_w ɟ œ z d æ ɾ z ]_w
[_w ɡ ɑ l ɑ n ɯ ɾ ]_w
[_w l ɑ b ]_w
[_w b ɑ j ɯ ]_w
[_w tʃ æ s u ɾ ]_w
[_w ɡ o ɾ ]_w
[_w h ɑ ɾ ɑ t m ɯ ʃ ]_w
[_w b ɑ ʃ l ɯ tʃ ɑ ]_w
[_w d œ j y ʃ tʃ y ]_w
[_w ɟ æ l i b ]_w
[_w ɑ b ɑ ɾ t ɯ ]_w
[_w t æ dʒ i l i ɾ ]_w
[_w d æ ɾ k ]_w
[_w m ɑ ɾ ɑ ɣ ɑ ]_w
[_w ɡ i m i ]_w
[_w o l u ɾ t u ]_w
[_w ʃ ɑ m ɑ k ]_w
[_w æ z æ ɾ l æ ]_w
[_w ɑ d ɑ ]_w
[_w b e ɾ l i ]_w
[_w ʃ i ɾ æ s i ]_w
[_w h æ l l i m ]_w
[_w k ɑ v ɡ ɑ z ɑ ]_w
[_w j ɑ z m ɑ ɣ ɑ ]_w
[_w h y dʒ u m ]_w
[_w j ɑ l ɑ n ]_w
[_w j ɑ p o n ]_w
[_w d ɑ m ɑ m i l ]_w
[_w æ ɾ ɑ s i s i n ]_w
[_w p u ɾ ɑ d ]_w
[_w v e v ɾ ɑ l ɯ ]_w
[_w h ɑ n z ɯ s ]_w
[_w m y v æ v v æ k ]_w
[_w l ɑ j i ɡ ]_w
[_w e l m i n d æ ]_w
[_w ɡ ɑ ɾ ɑ t ɑ ]_w
[_w m u s ɑ ]_w
[_w s i j ɑ s i ]_w
[_w z e j d u n ]_w
[_w t ɑ ɾ i x i n ]_w
[_w v æ t æ n ]_w
[_w ɡ e tʃ d i k dʒ æ ]_w
[_w ɡ e j d ]_w
[_w z y l h ]_w
[_w i l æ d æ n ]_w
[_w y z t ]_w
[_w ɟ æ n dʒ æ d æ ]_w
[_w m y s ɑ ɡ i ɾ æ ]_w
[_w d æ s t æ k ]_w
[_w h ɑ ɡ i m i ]_w
[_w k y l æ k ]_w
[_w p i ɾ l i j i ]_w
[_w æ ɾ ɑ s i s i ]_w
[_w d æ m s i l ]_w
[_w n æ s ɑ ɾ æ t ]_w
[_w o n l ɑ ɾ d ɑ ]_w
[_w o l m ɑ ɣ ɑ ]_w
[_w æ l ɑ ɡ æ ]_w
[_w j u s i f i n ]_w
[_w f æ s i f æ ]_w
[_w ɾ o l l ɑ ]_w
[_w m y h ɑ f i z æ ]_w
[_w t o k d o ɾ ]_w
[_w ɑ x ʃ ɑ m ]_w
[_w m e j d ɑ n ]_w
[_w h æ ɾ ]_w
[_w m e d ɾ i ]_w
[_w x e j i ɾ ]_w
[_w b i ɾ i n i ]_w
[_w ʃ i ɾ i n ]_w
[_w ɡ æ z æ ]_w
[_w b æ d i n ]_w
[_w e d m æ l i ]_w
[_w m æ k d u b ]_w
[_w m ɑ h n ɯ n ɯ ɾ ]_w
[_w s i s æ ]_w
[_w e ts i n l æ ]_w
[_w s o n ɾ ɑ ɡ ɯ ]_w
[_w ɡ ɑ t ɯ n ]_w
[_w d ɑ i m i ]_w
[_w t e m æ k ]_w
[_w x ɑ ɾ i tʃ ]_w
[_w m e h d i m ɑ i ]_w
[_w v e ɾ æ ]_w
[_w v e ɾ i n ]_w
[_w m æ ɾ k æ z ]_w
[_w e m ɑ l ɯ ]_w
[_w d œ v l æ d i n ]_w
[_w j e t t i ]_w
[_w i t m ɑ n ]_w
[_w ʃ ɑ h ɯ ]_w
[_w b y ɾ dʒ y ]_w
[_w tʃ ɯ ɣ ɯ b ]_w
[_w dʒ ɑ d ɑ n ]_w
[_w t o v u z ]_w
[_w ɡ y f f æ j æ ]_w
[_w d e s ]_w
[_w t ɑ i m ɑ ]_w
[_w œ l tʃ y d æ ]_w
[_w j e n i dʒ æ ]_w
[_w œ l t y ɾ m æ k ]_w
[_w y s t y n t æ ]_w
[_w n æ z l i n æ ]_w
[_w f o n t u n u n ]_w
[_w o l s ɑ ]_w
[_w i ɾ ɑ n ɯ ɾ ]_w
[_w x æ l i f æ ]_w
[_w k æ s æ b æ s i ]_w
[_w ɡ u l ]_w
[_w æ ɾ æ ]_w
[_w s æ ɾ b æ n d ]_w
[_w t ɑ ɾ i x l i ]_w
[_w f e ɾ æ dʒ æ ]_w
[_w i f ɑ z ɯ ]_w
[_w m y d ɾ i k ]_w
[_w ʃ æ ɾ ɑ i t i ]_w
[_w t u ɾ u b ]_w
[_w v e ɾ m æ ɡ ]_w
[_w dʒ ɑ b b ɑ ɾ ]_w
[_w t œ j y ʃ t æ ]_w
[_w ɟ œ ɾ m æ k ]_w
[_w æ ɾ s i n d æ ]_w
[_w m æ x l u b ]_w
[_w dʒ i n d æ n ]_w
[_w t ɑ ɣ l ɯ ɡ ]_w
[_w n ɑ t i ɾ ]_w
[_w ɾ ɑ b i t æ ]_w
[_w z ɑ m ɑ n d ɑ ]_w
[_w ɟ œ s l æ ɾ ]_w
[_w m u ɣ ɑ m ]_w
[_w z ɑ j l ɯ ]_w
[_w h y tʃ u m ]_w
[_w i tʃ æ ɾ i ]_w
[_w ɟ e ɾ i j æ ]_w
[_w j ɑ k u b ]_w
[_w i ɾ s i ]_w
[_w ɡ o m ɑ n t ɑ ]_w
[_w ɡ ɑ m ɑ l ]_w
[_w ɑ t d ɯ ]_w
[_w i ʃ l æ j æ n ]_w
[_w b i ɾ ɟ æ ]_w
[_w p ɑ v e l ]_w
[_w o x u j u b ]_w
[_w ɾ æ m z i ]_w
[_w ɑ n ɑ t o l u ]_w
[_w ɑ f ɾ o p ɑ j ɑ ]_w
[_w t æ b ɾ i ]_w
[_w p ɑ d ʃ ɑ h ɯ ]_w
[_w e l m i n i ]_w
[_w æ l ɑ f æ ]_w
[_w m y k ɑ j i s æ ]_w
[_w e v i ]_w
[_w n æ dʒ æ f ]_w
[_w s o n ɾ ɑ k ɯ ]_w
[_w m ɑ ɾ i j ɑ ]_w
[_w h e j f ɑ n ]_w
[_w s i b i ɾ ]_w
[_w j e m æ j i ]_w
[_w t e m æ k d ɑ ɾ ]_w
[_w ɑ j ɾ ɯ l ɯ ɾ ]_w
[_w æ ʃ j ɑ l ɑ ɾ ɑ ]_w
[_w e l æ dʒ æ ɡ ]_w
[_w i b ɑ t æ t æ n ]_w
[_w ɑ ɾ ɑ z ɯ n d ɑ ]_w
[_w ʃ æ ɾ ɑ i t ]_w
[_w œ m ɾ y n y n ]_w
[_w v e d e ɾ ɑ l ]_w
[_w o ɾ ɑ d ɑ ]_w
[_w m ɑ h n ɯ l ɑ ɾ ]_w
[_w i l l æ d ]_w
[_w œ l ɡ æ ]_w
[_w j e t d i k dʒ æ ]_w
[_w h ɑ l b u ɡ i ]_w
[_w i d i l æ ]_w
[_w æ z æ ɾ i n ]_w
[_w t o l u ]_w
[_w j o l u n u n ]_w
[_w h æ ɡ i k ]_w
[_w h æ ɾ æ ɡ ]_w
[_w æ z ɟ æ ɾ i ]_w
[_w œ v l ɑ d ]_w
[_w e f i n æ ]_w
[_w k æ n d d æ ]_w
[_w t o l l ɑ ]_w
[_w x ɑ l k ɯ n ɑ ]_w
[_w h æ l l ]_w
[_w dʒ ɑ ɣ ɯ ɾ ]_w
[_w o l u n m ɑ s ɯ ]_w
[_w y s u l u ]_w
[_w n æ d i ɾ ]_w
[_w b i ɾ i t i ɾ ]_w
[_w f æ h l æ ]_w
[_w æ z i ɾ ]_w
[_w n æ s æ ɾ l æ ɾ ]_w
[_w t u t m ɑ ɡ ]_w
[_w ɑ s l ɑ ɾ ɯ ]_w
[_w s e v i n i ]_w
[_w b u ɾ ɑ n ɯ ]_w
[_w o s m ɑ n ]_w
[_w d œ ɾ d y ]_w
[_w æ m i n ]_w
[_w m y x t æ l i ]_w
[_w b i n ɑ z ɯ ]_w
[_w s ɑ k i d ]_w
[_w tʃ ɯ ɣ ɑ ɾ m ɑ ɡ ]_w
[_w tʃ ɑ j l ɑ ɾ ]_w
[_w p ɑ ɾ d i j i ]_w
[_w h ɑ d i s æ ]_w
[_w m æ b æ d i ]_w
[_w b i t k i ]_w
[_w s ɑ h æ n i n ]_w
[_w m ɑ ɾ d ɯ n d ɑ ]_w
[_w æ s l ]_w
[_w i n d e ɾ n e t ]_w
[_w œ l k æ s i ]_w
[_w u e v ɑ ]_w
[_w v ɑ ɣ d d ɑ n ]_w
[_w b ɑ ɣ ɑ ]_w
[_w f i ɡ ɾ i n dʒ æ ]_w
[_w s i s ]_w
[_w o j n ɑ t ɯ x ɯ ]_w
[_w p i ɾ i t i ɾ ]_w
[_w j e t d i ɾ t i ]_w
[_w æ ɾ æ b dʒ æ ]_w
[_w b ɾ ɑ k d e ɾ ]_w
[_w ɡ ɑ z ɯ m ]_w
[_w j o l l ɑ ɾ ɯ n ]_w
[_w i l l æ ɾ i ]_w
[_w o l m ɑ x ɯ ]_w
[_w k ɑ dʒ ɯ b ]_w
[_w z i j ɑ h ɯ j ɑ ]_w
[_w æ m i s ]_w
[_w t e j m u ɾ ]_w
[_w o l m ɑ x ɑ ]_w
[_w j o l t ɑ n ]_w
[_w ɑ t l ɑ ɾ ɯ ]_w
[_w ʃ æ k i l i b ]_w
[_w tʃ y n ɡ i ]_w
[_w ɟ e t i b ɑ ɾ ]_w
[_w j y ɾ y ʃ ]_w
[_w b e ʃ i n dʒ i ]_w
[_w m i l j o n ]_w
[_w d æ ɾ dʒ y m æ ]_w
[_w ɟ i ɾ d i ]_w
[_w f i ɾ o n ]_w
[_w ɡ e tʃ m i ʃ d i ]_w
[_w ɾ ɑ m ɑ s ]_w
[_w j ɑ z m ɑ x ɑ ]_w
[_w ɑ s ɑ t l ɯ ]_w
[_w j ɑ ɾ ɑ n ɯ b ]_w
[_w t æ j æ ɾ ]_w
[_w d e j i l d i ]_w
[_w h ɑ ɾ u n ]_w
[_w b œ l m æ s i ]_w
[_w b æ s æ n ]_w
[_w p m t ]_w
[_w b ɑ ʃ tʃ ɯ ]_w
[_w h æ l ɑ k æ ]_w
[_w n æ z i ]_w
[_w ɑ f ɡ u z d u ɾ ]_w
[_w h y ɡ u ɡ i ]_w
[_w t u t ɑ n ]_w
[_w æ d æ b i ]_w
[_w n æ h ɑ j æ t ]_w
[_w ɡ æ ɾ ɑ ɾ ɑ ]_w
[_w d o x u l u b ]_w
[_w t i p ]_w
[_w t i ɾ e k t o ɾ ]_w
[_w b ɑ ʃ l ɑ j ɑ n ]_w
[_w b e ʃ æ k ɑ ɾ ]_w
[_w i d ɑ ɾ æ ]_w
[_w p i l m æ s ]_w
[_w m æ l u m d u ɾ ]_w
[_w k œ h n æ ]_w
[_w v e ɾ m æ j æ ]_w
[_w ɡ ɑ ɾ ɑ b ɑ x ɑ ]_w
[_w y s æ ɾ i n æ ]_w
[_w tʃ æ h t ]_w
[_w ɟ i s l i ]_w
[_w ɡ æ v v ɑ ɾ æ ]_w
[_w ɑ l æ d ]_w
[_w ɡ ɑ z ɑ n m ɑ ]_w
[_w d æ z æ ]_w
[_w l i m o n ]_w
[_w t æ ɾ æ dʒ æ s i ]_w
[_w k ɑ p ]_w
[_w j e ɾ ]_w
[_w ɟ æ t i ɾ m æ ɡ ]_w
[_w ɡ u ɾ b ɑ n o v ]_w
[_w tʃ o x l u ]_w
[_w ɡ ɯ z l ɑ ɾ ]_w
[_w ɡ æ s e d i n ]_w
[_w ʃ e j æ ]_w
[_w dʒ y n ɡ i ]_w
[_w d æ n æ f i ]_w
[_w ɡ ɑ t ɯ n ɑ ]_w
[_w tʃ i n s i b i ]_w
[_w n ɑ ɾ ɑ h ɑ d ]_w
[_w o l u n ɑ ɾ ɑ ]_w
[_w s œ s y n y ]_w
[_w ɾ æ v ɑ n ]_w
[_w m y v ɑ f i k ]_w
[_w b u j u ɾ u ɾ ]_w
[_w d o s t l ɑ ɾ ]_w
[_w j y s ]_w
[_w e l m i n ]_w
[_w d e m i ʃ d i ]_w
[_w p ɑ ʃ ɯ n ɑ ]_w
[_w i n k i l ɑ d ]_w
[_w s ɑ h æ n i ]_w
[_w e v i n æ ]_w
[_w b i d ɡ i ]_w
[_w s b ɑ ]_w
[_w j ɑ s t ɯ x ɯ ]_w
[_w i b d i d ɑ i ]_w
[_w o t u ɾ ]_w
[_w b e d ɑ k t o ɾ ]_w
[_w p u ɣ ɑ ɾ ɯ ]_w
[_w e d æ ɾ s t æ ]_w
[_w ʃ æ ɾ ɑ i d i ]_w
[_w ɑ l m ɑ ]_w
[_w v e ɾ m æ n i m ]_w
[_w d æ v æ ]_w
[_w h i z s i ]_w
[_w v æ l s æ f i ]_w
[_w b i d i ɾ ]_w
[_w o n d ɑ ]_w
[_w f æ l i ]_w
[_w m u s i k i l i ]_w
[_w p l ɑ n ɯ ɾ ]_w
[_w o ɾ d u s u ]_w
[_w s œ s l æ ɾ ]_w
[_w i k i s i ]_w
[_w s ɑ ɣ ]_w
[_w i n s i n æ ]_w
[_w d u ɑ ]_w
[_w b u n d ɑ n ]_w
[_w v ɑ i s ]_w
[_w t e j i l d i ]_w
[_w m æ n ɑ d ɑ ]_w
[_w ɑ i l æ s i n æ ]_w
[_w b u ɾ d ɑ ɾ ]_w
[_w tʃ æ k i s i ]_w
[_w ɑ s ɯ l ɯ d ɯ ɾ ]_w
[_w œ v l ɑ t ɯ n ]_w
[_w n æ s l i n i n ]_w
[_w d æ s t i ]_w
[_w j ɑ s ɯ l ɯ ]_w
[_w i f ɑ t æ ]_w
[_w f e ɾ i l i ɾ ]_w
[_w æ h ɑ l i n i ɾ ]_w
[_w s ɑ h æ t ]_w
[_w ɑ l ɯ n ɯ b ]_w
[_w ɡ æ s æ b æ s i ]_w
[_w s ɑ ɡ ɑ t ɑ ]_w
[_w ɾ æ n ɟ i ]_w
[_w k æ ɾ ɑ ɾ ]_w
[_w æ s ɑ z æ n ]_w
[_w k i t ɑ b l ɑ ]_w
[_w o l ɑ ɾ d ɯ ]_w
[_w s ɑ h æ l æ ɾ ]_w
[_w i n ɡ i ʃ ɑ v ɯ ]_w
[_w y z y n æ ]_w
[_w s æ t ɾ i n i ]_w
[_w b i z l i ɡ l æ ]_w
[_w ɡ ɑ d ɯ n ɑ ]_w
[_w s i z æ ]_w
[_w tʃ ɑ t ɯ b ]_w
[_w k i m z æ ]_w
[_w j y z ]_w
[_w tʃ i n ɑ j æ d ]_w
[_w t æ ɡ t i m ]_w
[_w ɡ ɑ z ɑ n ɑ n ]_w
[_w t æ ʃ ɡ i l ɑ b ]_w
[_w t ɑ x ]_w
[_w f æ d æ l i m ]_w
[_w s ɑ j ɯ l ɑ n ]_w
[_w t æ m i s ]_w
[_w ʃ ɑ ɟ i ɾ d ]_w
[_w k œ k ]_w
[_w s t ɾ ɑ t ]_w
[_w h i z s ]_w
[_w m y æ s s i s ]_w
[_w ɑ n ɑ d ]_w
[_w ɡ o j d u ]_w
[_w e d m æ k ]_w
[_w ɡ u ɾ ɑ n d ɯ ]_w
[_w e l m l æ ɾ i ]_w
[_w m y ɡ ɑ v ɑ d ɑ ]_w
[_w h ɑ k i m i ]_w
[_w ɟ œ ɾ ɡ æ m l i ]_w
[_w j ɑ ɾ d ɯ m ]_w
[_w j ɑ l n ɯ z ]_w
[_w o l ɑ ɾ z ɑ ]_w
[_w b i s ]_w
[_w s o n ɑ ]_w
[_w k æ s e t i n ]_w
[_w i n s ɑ n ɑ ]_w
[_w m y ɑ v i n i n ]_w
[_w k æ s e t ]_w
[_w j y s l æ ɾ i ]_w
[_w x y z u s i ]_w
[_w ʃ æ h æ ɾ i n ]_w
[_w m y æ l l i f ]_w
[_w ɑ ɣ ɑ dʒ ɯ ]_w
[_w t æ b l i x ]_w
[_w i ɡ l i m i ]_w
[_w ʃ ɑ h ɯ n ]_w
[_w o ɾ d u l ɑ ɾ ]_w
[_w o ɾ d ɑ j ɑ k ]_w
[_w s æ ɾ u ɾ i ]_w
[_w ɑ p ɑ ɾ d i j i ]_w
[_w ɯ ɯ ɯ ]_w
[_w ɾ u s l ɑ ɾ ɯ ]_w
[_w v i s i ɡ ɑ ]_w
[_w b ɑ b ɑ j e v ]_w
[_w dʒ ɑ ɣ ɯ ɾ o f ]_w
[_w e d æ ɾ k i b ]_w
[_w k o ɾ e j ɑ ]_w
[_w j ɑ s ɯ tʃ ɯ s ɯ ]_w
[_w dʒ ɑ l ɯ ʃ m ɯ ʃ ]_w
[_w u l d u ]_w
[_w ɟ i ɾ t i ]_w
[_w y s t ]_w
[_w ɟ œ z d æ ɾ i n ]_w
[_w k æ ɾ b i ]_w
[_w m y h æ n d i ]_w
[_w n y f u s ]_w
[_w n o v ɾ u s ]_w
[_w d ɑ ʃ d ɑ n ]_w
[_w tʃ ɯ ɣ m ɯ ʃ ]_w
[_w n i n ]_w
[_w ɑ b ɾ e l i n i ]_w
[_w b e t e ɾ ]_w
[_w d e p u t ɑ t ɯ ]_w
[_w i n ɡ i ]_w
[_w s o n ɾ ɑ l ɑ ɾ ]_w
[_w ɑ i l æ d æ ]_w
[_w x ɑ ɾ i dʒ i ]_w
[_w k i l s æ ]_w
[_w v ɯ ɯ ]_w
[_w ɾ e ʒ i z s o ɾ ]_w
[_w i tʃ i n æ ]_w
[_w h æ ɾ p i ]_w
[_w ɑ l tʃ ɑ ]_w
[_w b ɑ l ɑ tʃ ɑ ɡ ]_w
[_w v o ɾ m ɑ z ɯ ]_w
[_w tʃ ɑ t d ɯ ]_w
[_w ɡ æ n ɑ ɾ d ɑ n ]_w
[_w t o j ]_w
[_w d æ b ɾ i s t æ ]_w
[_w b u ɾ t ɑ ]_w
[_w ɟ e d m æ k l æ ]_w
[_w j ɑ n ɯ n ɯ n ]_w
[_w j ɑ j ɯ l ]_w
[_w ɑ s l ɑ ɾ ]_w
[_w e d i b l æ ɾ ]_w
[_w k ɑ t ɯ n d ɑ ]_w
[_w ɑ ɾ ɑ s ɯ n ɯ ]_w
[_w b œ l m æ z i n ]_w
[_w t æ ɾ k i n d æ ]_w
[_w t y n j ɑ j ɑ ]_w
[_w ɡ e tʃ i b ]_w
[_w j ɑ ɣ ɯ ʃ ]_w
[_w ɑ x ɑ j e v ]_w
[_w j ɑ t ɑ ]_w
[_w x æ t d i ]_w
[_w m ɑ t e ɾ i ]_w
[_w p ɑ ʃ d ɑ n ]_w
[_w k ɑ l x ɯ ]_w
[_w ɑ j ɾ ɯ l ɑ n ]_w
[_w b o j n u n ɑ ]_w
[_w d œ n y ɾ ]_w
[_w l ɑ t ɯ n ]_w
[_w ɑ ʃ ɑ x ɯ ]_w
[_w æ l i j e v ]_w
[_w o j u n ]_w
[_w z ɑ f ɑ t l ɯ ]_w
[_w f i l m d æ ]_w
[_w i l æ t æ k ]_w
[_w tʃ æ ɡ i b ]_w
[_w i ʃ t æ ]_w
[_w j ɑ n ɯ m ]_w
[_w j u n ]_w
[_w e d i l i n ]_w
[_w k ɑ s ɑ n ]_w
[_w ɡ e tʃ m i ʃ t i ]_w
[_w e h t i m ɑ l ]_w
[_w ɡ ɑ f ɡ ɑ s ɯ m ]_w
[_w ʃ t ɑ t ɯ ]_w
[_w œ m æ ɾ ]_w
[_w h ɑ t i s æ ]_w
[_w m æ t b u ɑ d ]_w
[_w k i m i ]_w
[_w ɡ l u b u ]_w
[_w j e ʒ u ɑ ]_w
[_w ɑ d i ]_w
[_w d æ v æ d ]_w
[_w b ɑ ʃ k ɑ ]_w
[_w s s ɾ ]_w
[_w o ɾ d u l ɑ n ]_w
[_w ɾ e ʒ i s s o ɾ ]_w
[_w o l u n d u x u ]_w
[_w k ɑ l ɑ s ɯ n ]_w
[_w b e l æ ]_w
[_w p u n u n ]_w
[_w p i d æ ]_w
[_w ʃ œ b æ z i s ]_w
[_w m i s i ɾ d æ ]_w
[_w y tʃ y n y ]_w
[_w x ɑ l tʃ ɑ ɡ ]_w
[_w h ɑ f ɑ ]_w
[_w t æ n i z i n ]_w
[_w i d i ]_w
[_w i ʃ i n i ]_w
[_w t e j æ ɾ æ ɡ ]_w
[_w y z d y ]_w
[_w d æ ɾ æ f æ ]_w
[_w dʒ ɯ ɣ m ɯ ʃ ]_w
[_w m æ s l æ n ]_w
[_w o t u ɾ u b ]_w
[_w dʒ ɑ t ɯ b ]_w
[_w t i b i ]_w
[_w b i l m i n i n ]_w
[_w m u s e j ]_w
[_w i s ɟ æ n d æ ]_w
[_w s e j n i ]_w
[_w ɡ ɑ d ɯ ]_w
[_w t o l l ɑ ɾ ]_w
[_w ɑ l m ɑ k l ɑ ]_w
[_w j o l u n m u ʃ ]_w
[_w ɑ l i h i ]_w
[_w e d i ɾ i b ]_w
[_w i z d e v ɑ ]_w
[_w æ l ɑ k æ ]_w
[_w k ɑ l i b i ]_w
[_w k i m s æ ]_w
[_w i l æ d æ ]_w
[_w j ɑ n ɯ ɾ ]_w
[_w k o m p y d e ɾ ]_w
[_w e d d i ɾ æ n ]_w
[_w o l u ɾ ]_w
[_w ɑ p i d æ s i ]_w
[_w ɟ æ l æ n i ɾ ]_w
[_w j y n ɟ y l ]_w
[_w tʃ ɑ m ɑ ɑ d ]_w
[_w œ v l ɑ t i m ]_w
[_w æ z ɾ i n ]_w
[_w o l d u ɣ u ]_w
[_w f e ɾ d i l æ ɾ ]_w
[_w j ɑ n ɑ ʃ ɯ ]_w
[_w æ l i n i n ]_w
[_w i z d i l i n ]_w
[_w æ d ɑ l æ t ]_w
[_w d ɑ i ɾ ]_w
[_w k ɑ d ɯ n ɑ ]_w
[_w b i s l i ɡ l æ ]_w
[_w h ɑ ɡ i m ]_w
[_w y z u l ]_w
[_w d i l i ɡ ]_w
[_w d i b b ]_w
[_w b æ z i ]_w
[_w h ɑ l l ɑ ɾ ɯ ]_w
[_w i s t i l i k ]_w
[_w i ʃ l æ n i ɾ ]_w
[_w j ɑ z ɯ ɾ t ɯ ]_w
[_w b ɑ ɾ tʃ ɑ ]_w
[_w o ɣ l ɑ n ]_w
[_w ɑ s ɑ d l ɯ ]_w
[_w b ɾ o k ɾ ɑ m ɯ ]_w
[_w d o ɡ ɡ u s ]_w
[_w ɾ y d b æ s i ]_w
[_w ɡ ɑ d ɯ n d ɑ ]_w
[_w k e tʃ i b ]_w
[_w b æ j i ]_w
[_w ɾ u z ]_w
[_w ɑ x ɯ ɾ ]_w
[_w h æ ɾ æ ]_w
[_w ɑ l ɯ n m ɑ s ɯ ]_w
[_w f u ɾ ɑ n ]_w
[_w h ɑ z ɯ ɾ d ɑ ]_w
[_w k i l o v ]_w
[_w i n d i ɾ ]_w
[_w æ z ɑ s ɯ n ɯ n ]_w
[_w ɟ æ m i ]_w
[_w t y n j ɑ n ɯ n ]_w
[_w e d i ɾ æ ]_w
[_w v æ t h ]_w
[_w k æ s i n ]_w
[_w v l ɑ d ɯ ]_w
[_w e ɾ m æ s i n i ]_w
[_w t i b l i ]_w
[_w ʃ æ h æ ɾ l æ ɾ ]_w
[_w l e j l i ]_w
[_w y z d ]_w
[_w b i n ]_w
[_w ɑ n k ɑ ɾ ]_w
[_w d u t m ɑ ɡ ]_w
[_w m i s i ]_w
[_w d u z ]_w
[_w ʃ e j t æ n ]_w
[_w t e s l i k l æ ]_w
[_w h æ k k ]_w
[_w t y j y ]_w
[_w ɑ dʒ ɯ l ɯ ɾ ]_w
[_w ɾ o l u n u ]_w
[_w t æ ɾ ɡ ]_w
[_w d e z ]_w
[_w ɡ ɑ l ɑ tʃ ɑ k ]_w
[_w e d d i m ]_w
[_w ɑ k t ɾ i k ]_w
[_w b i l i b ]_w
[_w ɡ æ ɾ ɑ ɾ ɯ n ɑ ]_w
[_w m y d l æ z i ]_w
[_w ɟ e n i ʃ ]_w
[_w i ʃ i n d æ ]_w
[_w æ l ɑ k æ l i ]_w
[_w m i l j ɑ m ]_w
[_w y s y m ]_w
[_w d u t u ɾ d u ]_w
[_w b u l u ]_w
[_w d ɑ l ɯ ʃ ɑ n ]_w
[_w e d d i ]_w
[_w ɡ æ ɾ p d æ ]_w
[_w ɡ æ l æ b i ]_w
[_w i t d i f ɑ ɾ ]_w
[_w k æ l b æ d d æ ]_w
[_w t i b b ]_w
[_w ɟ y n ɑ h ]_w
[_w ɡ æ ɾ ɑ ɾ ɯ ]_w
[_w k o j m ɑ ɡ ]_w
[_w ɡ ɑ ɾ ɑ p ɑ ɣ ]_w
[_w ɟ y tʃ y n ]_w
[_w i ʃ l æ n i p ]_w
[_w ʃ y b h æ ]_w
[_w d e ɾ m i ʃ ]_w
[_w æ l ɑ k æ t ɑ ɾ ]_w
[_w tʃ ɑ l ɣ ɯ b ]_w
[_w d ɑ f u d ]_w
[_w ɡ ɑ z ɑ n d ɯ ]_w
[_w m u ɾ t ɑ ɾ ]_w
[_w t i l l æ ɾ ]_w
[_w l ɑ t ɯ n ɯ n ]_w
[_w i l l i ɡ ]_w
[_w ɑ ɾ ɑ s ɯ l ɯ ]_w
[_w tʃ ɑ x ɯ ɾ ]_w
[_w k ɾ u b ]_w
[_w t æ n i n ]_w
[_w m ɑ h n ɯ s ɯ ]_w
[_w tʃ ɑ n ]_w
[_w ɟ œ s l æ ɾ i n ]_w
[_w d æ h s i l i n ]_w
[_w e d i l i n æ ]_w
[_w m æ dʒ b u ɾ ]_w
[_w b i ɾ i n æ ]_w
[_w ɡ ɑ z ɑ ]_w
[_w i b d i ɾ ]_w
[_w v æ l s æ v æ ]_w
[_w t e x n i k ɑ ]_w
[_w b ɑ k ɯ ]_w
[_w h ɑ ɡ ɡ ]_w
[_w b ɑ ɾ ɑ l e l ]_w
[_w t e m æ ɡ ]_w
[_w i dʒ ɑ s æ ]_w
[_w m ɑ d d ɑ ]_w
[_w k æ ɾ i p æ ]_w
[_w ɾ i j ɑ ]_w
[_w ɑ j d ɯ n ]_w
[_w ɑ f ɾ o p ɑ ]_w
[_w m o l l ɑ ɾ ɯ ]_w
[_w b ɑ x t ɑ ]_w
[_w i s ɑ j ɑ ]_w
[_w ɡ v ɑ d ɑ ]_w
[_w æ h ɑ l i n i n ]_w
[_w dʒ i n s i b i ]_w
[_w o ɾ d u s u n ]_w
[_w tʃ æ n u p d ɑ ]_w
[_w d u ɾ ɑ n ]_w
[_w k u ɾ m u ʃ d u ]_w
[_w b o tʃ d ]_w
[_w e t m i ʃ ]_w
[_w k æ ɾ i m ]_w
[_w k e j t ]_w
[_w j ɑ ɣ ɯ ]_w
[_w d i p ]_w
[_w b ɑ b i l ]_w
[_w ɡ ɑ p ɑ k ]_w
[_w ɑ l ɯ n d ɑ ]_w
[_w i s v e tʃ ɾ æ ]_w
[_w ɡ o ʃ u n ]_w
[_w i x t i z ɑ s ]_w
[_w e t i l s i n ]_w
[_w h ɑ ɡ i m æ ]_w
[_w ɑ ɾ t ɯ n ]_w
[_w d y ɾ k l æ ɾ i ]_w
[_w ɡ ɑ d ]_w
[_w m ɑ n ɑ d ɑ n ]_w
[_w t o x ɾ u z u ]_w
[_w ɑ ɾ x ɑ ]_w
[_w i n k i l ɑ b i ]_w
[_w k ɑ tʃ m ɑ ɣ ɑ ]_w
[_w ɑ p ɑ ɾ d i j ɑ ]_w
[_w o l u p l ɑ ɾ ]_w
[_w ɑ t l ɯ ]_w
[_w æ f f æ l k i ]_w
[_w d æ k i l ]_w
[_w i s t i ɡ l ɑ l ]_w
[_w t œ v l æ d i n ]_w
[_w t ɑ p ɯ n ɯ ]_w
[_w p ɑ l e d ]_w
[_w s æ l l æ ɾ i ]_w
[_w j ɑ z ɯ ɾ ]_w
[_w d i ɑ m e t ɾ ]_w
[_w e h t i j ɑ tʃ ɯ ]_w
[_w k l ɑ s s i k ]_w
[_w k ɑ l i p ]_w
[_w t œ v ɾ ]_w
[_w u ʃ ɑ k l ɯ ]_w
[_w æ v v æ l ]_w
[_w i b ɑ d i l ]_w
[_w ʃ œ b æ s i l æ ]_w
[_w h y n d y ɾ ]_w
[_w h y k u ɡ i ]_w
[_w b æ t i ]_w
[_w ʃ œ h ɾ æ t ]_w
[_w d i l i b ]_w
[_w i l æ t æ ]_w
[_w ɡ o m p l e k s ]_w
[_w b i l m æ d i ]_w
[_w n i f ɾ æ t ]_w
[_w i b n ]_w
[_w e ɾ k æ k ]_w
[_w m æ k t u b ]_w
[_w z ɯ x o ɾ t ɑ ]_w
[_w i s ɟ æ n d æ n ]_w
[_w ɟ œ ɾ y ʃ ]_w
[_w i ʃ l æ ]_w
[_w v æ s i f æ ]_w
[_w e t æ ɡ ]_w
[_w ɑ l ɑ ɾ ɑ ]_w
[_w j ɑ ɾ ɑ n ɑ ]_w
[_w o x u l l ɑ ɾ ɯ ]_w
[_w ɑ l æ m t æ ]_w
[_w ɡ ɑ b ɯ z ɯ ]_w
[_w s œ s l æ ɾ i ]_w
[_w s ɑ d ɯ ʃ ɑ ]_w
[_w m i k t ɑ ɾ ]_w
[_w ʃ e j i n ]_w
[_w v e ɾ t i j i ]_w
[_w n ɑ m æ l u m ]_w
[_w n ɑ m i n æ ]_w
[_w b u n l ɑ ɾ ɯ ]_w
[_w v e o d ɑ l ]_w
[_w h ɑ l ɑ ]_w
[_w o ɣ l u n u ɾ ]_w
[_w d ɑ m ɑ ]_w
[_w e v æ ]_w
[_w i dʒ i n d æ ]_w
[_w œ l y m ]_w
[_w k ɑ z ɑ n m ɑ ɡ ]_w
[_w tʃ ɑ l ɯ ʃ ɯ b ]_w
[_w v æ ɾ ɡ ]_w
[_w h i s s æ t æ ]_w
[_w ɡ æ s æ ]_w
[_w t e j i b ]_w
[_w e d m æ t d æ z ]_w
[_w j ɑ s m ɑ ɣ ɑ ]_w
[_w s y d ]_w
[_w dʒ o ɣ d u ɾ ]_w
[_w i ʃ l æ ɾ i n i ]_w
[_w x o ʃ u n u ]_w
[_w v æ z i f æ ]_w
[_w ɡ o m e d i j i ]_w
[_w ɑ t ɑ z ɯ n ɑ ]_w
[_w j o l u ]_w
[_w ɡ l ɑ z s i ɡ ]_w
[_w s ɑ b i t æ n ]_w
[_w j e ɾ i n i n ]_w
[_w o n l ɑ ɾ d ɑ n ]_w
[_w ɡ æ s ]_w
[_w ɑ ɾ v ɑ d ]_w
[_w ɑ d ɯ ]_w
[_w ɑ f ɾ i ɡ ɑ ]_w
[_w i b d i t ɑ i ]_w
[_w ɾ ɑ s ɯ l ɯ ]_w
[_w j ɑ ɾ ɑ n m ɑ ]_w
[_w j o u t u p e ]_w
[_w o l m ɑ s ɯ n ɯ ]_w
[_w s y m y k ]_w
[_w v æ z i n æ ]_w
[_w ɾ æ ʃ i t ]_w
[_w ɾ æ i s i ]_w
[_w v l ɑ d i m i ]_w
[_w b i l m i ɾ ]_w
[_w æ h ɑ d æ ]_w
[_w t ɑ f u d ]_w
[_w j ɑ z ɯ dʒ ɯ ]_w
[_w e t t i j i ]_w
[_w d e j i l æ n ]_w
[_w ɑ n ɑ t o l i k ]_w
[_w i l l æ ɾ t i ]_w
[_w ɑ l d ]_w
[_w t y n j ɑ t ɑ ]_w
[_w e f i n d æ ]_w
[_w j e t t i ɾ i b ]_w
[_w d ɑ i ɾ æ f ɑ n ]_w
[_w f æ ɾ m ɑ n ɯ ]_w
[_w h e k d ɑ ɾ ]_w
[_w m y ɑ z i ɾ ]_w
[_w tʃ æ k æ n ]_w
[_w b ɑ j d ɑ x t ɯ ]_w
[_w t æ b i i ]_w
[_w b e l æ t i ]_w
[_w ɑ d æ t æ n ]_w
[_w b ɑ ʃ k ɑ ɾ ]_w
[_w m æ k t u b d ɑ ]_w
[_w u z ɑ ɡ ]_w
[_w v ɾ ɑ n s ɯ s ]_w
[_w j ɑ j ɯ n d ɑ ]_w
[_w f o ɾ m ɑ s ɯ ]_w
[_w f e ɾ m æ j æ ]_w
[_w ɡ ɾ ɑ l ɯ ]_w
[_w k ɾ u b ɑ ]_w
[_w m œ h k æ m æ ]_w
[_w o l d u ]_w
[_w ɑ l i m l æ ]_w
[_w d i k k æ d l æ ]_w
[_w æ s ɾ i n ]_w
[_w ʃ æ ɡ i l l i ]_w
[_w ɡ o j u p ]_w
[_w ɾ o l u ]_w
[_w ɡ ɑ z ɯ m t ɯ ɾ ]_w
[_w t e t i j i ]_w
[_w i l ɑ h ]_w
[_w y z u l u ]_w
[_w f i l m i ʃ d æ ]_w
[_w d æ ɣ i ]_w
[_w k ɑ b i d ]_w
[_w ʃ i ɾ i n dʒ i ]_w
[_w d e s æ k ]_w
[_w ɾ e k l ɑ m ]_w
[_w n æ s l i n d æ ]_w
[_w f e ɾ d i j ɑ ]_w
[_w k ɑ ɾ ɑ b ɑ ɣ ]_w
[_w ʃ t ɑ t ɯ n ]_w
[_w b ɑ ʃ l ɑ n ɯ ɾ ]_w
[_w o n u n d ɑ ]_w
[_w dʒ ɑ h ɑ n ɟ i ɾ ]_w
[_w e d i l æ ɾ æ ]_w
[_w ʃ t ɑ t ]_w
[_w d i n ]_w
[_w f ɑ s i d æ ]_w
[_w b y t y n ]_w
[_w ɡ ɑ n ɯ ]_w
[_w ɟ œ j tʃ ɑ j ]_w
[_w ɡ æ n d d æ ]_w
[_w x æ j ɑ n ]_w
[_w i n s ɑ n ɯ n ]_w
[_w x o ʒ ]_w
[_w ɑ ɾ ɑ n ]_w
[_w i z ɑ n ɯ n ]_w
[_w d æ ɾ h ɑ d ]_w
[_w i s t i ɑ n ]_w
[_w p u l u ]_w
[_w t y n j æ v i ]_w
[_w t u ɾ i s m ]_w
[_w d i l i ɾ ]_w
[_w s æ b æ z i ]_w
[_w ɡ e dʒ t i k dʒ æ ]_w
[_w m y s ɑ k i d ]_w
[_w j ɑ s m ɯ ʃ d ɯ ]_w
[_w d o k t o ɾ ]_w
[_w s æ ɾ u ɾ ]_w
[_w ɡ o ɾ ɡ u d ]_w
[_w ɡ æ z ]_w
[_w v ɑ z i t æ ]_w
[_w ɟ æ l t i j i ]_w
[_w k æ ɾ ɑ ɾ ɯ n ]_w
[_w t æ t b i k ]_w
[_w i s t e m i ]_w
[_w j ɑ ɾ ɑ n ɯ ]_w
[_w e t i b ɑ ɾ l ɯ ]_w
[_w j e t d i ɾ ]_w
[_w h æ d d ɑ ]_w
[_w æ l i n i ]_w
[_w ɡ u ʃ ]_w
[_w p ɑ ʃ l ɑ j ɯ ʃ ]_w
[_w ɡ i l s æ ]_w
[_w e d æ dʒ æ ]_w
[_w i j u l ]_w
[_w y s y ]_w
[_w ɡ o ʒ u n ɑ ]_w
[_w ɡ ɑ ɾ ɑ b ɑ ɣ ]_w
[_w æ ɾ æ b l æ ɣ i ]_w
[_w m y b ɑ ɾ i z æ ]_w
[_w x ɑ l ]_w
[_w t i n ]_w
[_w ɑ t d ɯ m ]_w
[_w ɑ ɡ ɑ d ɑ x ]_w
[_w m y h æ n d æ ]_w
[_w ʃ æ h æ ɾ d æ ɾ ]_w
[_w j ɑ ʃ ɑ j ɯ b ]_w
[_w j e t d i k t æ ]_w
[_w o l m ɑ z ɑ ]_w
[_w b i n ɑ ]_w
[_w k æ s ]_w
[_w m œ h t æ ʃ æ m ]_w
[_w m y ɣ d æ l i ɡ ]_w
[_w ɡ o n ɑ ɡ ]_w
[_w t u d ɑ n ]_w
[_w y s u l ]_w
[_w ɡ ɯ z ɑ ]_w
[_w d u d u l u b ]_w
[_w b ɑ j ]_w
[_w ɡ i f ɑ j æ t ]_w
[_w m æ l u m ɑ t ɯ ]_w
[_w m u ɾ ɑ d ɑ ]_w
[_w s æ f æ ]_w
[_w f e ɾ i ɾ ]_w
[_w o n l ɑ ɾ ɑ ]_w
[_w z æ f æ ]_w
[_w t ɑ n ɯ ʃ ɯ ɾ ]_w
[_w v i ɡ ɾ i n dʒ æ ]_w
[_w t ɑ f u t ɑ ]_w
[_w e l e k t ɾ o n ]_w
[_w m æ ʃ æ t i ]_w
[_w k o m ɑ n d ɑ ]_w
[_w dʒ ɑ d ɯ b ]_w
[_w v æ ɾ m ɑ n ]_w
[_w æ v v æ l tʃ æ ]_w
[_w d e m æ l i ]_w
[_w m æ h s u l ]_w
[_w œ l k æ n i n ]_w
[_w b l ɑ n ɯ ]_w
[_w ʃ æ h ɑ d æ d ]_w
[_w j o l u n u ɾ ]_w
[_w s u l d ɑ n o v ]_w
[_w e h d i j ɑ ]_w
[_w s ɑ l m ɑ k ]_w
[_w i j i ɾ m i ]_w
[_w b ɑ ɣ l ɯ ɡ ]_w
[_w ɑ s ɯ l ɯ ]_w
[_w i dʒ m ɑ ]_w
[_w t æ ɾ æ n n y m ]_w
[_w b i l i ɡ ]_w
[_w d ɑ ɾ i x ]_w
[_w k æ ɾ p d æ ]_w
[_w t o ɣ u l ]_w
[_w h æ l l i ]_w
[_w ɡ æ s i ]_w
[_w i m k ɑ n ]_w
[_w d œ k y l y ɾ ]_w
[_w h æ d i j i n æ ]_w
[_w æ m l ɑ k ]_w
[_w d ɑ ʃ ɯ ]_w
[_w ɑ d ɑ m l ɑ ɾ ]_w
[_w ɾ æ f d ɑ ɾ ]_w
[_w ʃ æ h æ ɾ l æ ]_w
[_w m i s i ɾ t æ ]_w
[_w ɟ œ z y n y n ]_w
[_w b u ɾ ɑ d ]_w
[_w j ɑ ɾ ɑ n m ɑ ɡ ]_w
[_w tʃ ɑ n ɯ n d ɑ ]_w
[_w d æ l i f ]_w
[_w m i z ɑ l ]_w
[_w j ɑ ɣ u t ]_w
[_w ɟ e tʃ ]_w
[_w s ɑ z ɑ n m ɑ ɡ ]_w
[_w æ s ɾ l æ ɾ i ]_w
[_w d æ t b i ɾ ]_w
[_w s y ɾ ɟ y n ]_w
[_w v i l ɑ j æ t ]_w
[_w t e h ɾ ɑ n ]_w
[_w h æ j ɑ d ]_w
[_w ɡ i z m i d i ɾ ]_w
[_w t i k k æ t ]_w
[_w b ɾ o b l e m i ]_w
[_w ʒ u ɾ n ɑ l ɯ ɡ ]_w
[_w p e ʃ æ ]_w
[_w t æ ɾ z l i k ]_w
[_w t œ v ɾ i ]_w
[_w d e d i j i ]_w
[_w k ɑ n ɑ l i z i ]_w
[_w k ɑ l ɑ s ɯ m ]_w
[_w k ɑ z ɑ n ɑ ]_w
[_w m æ n ɑ ]_w
[_w n o j ɑ b ɾ ]_w
[_w m y k æ t d æ n ]_w
[_w æ z l i ]_w
[_w m y s ɑ f ɑ t ]_w
[_w ɾ u z i j ɑ s i ]_w
[_w ɡ æ t æ ɾ ]_w
[_w k ɑ z ɑ n m ɯ ʃ ]_w
[_w dʒ ɯ x m ɑ s ɯ ]_w
[_w ɡ i ʃ i n ɑ l ]_w
[_w k u ɾ u ]_w
[_w ɟ œ s d æ ɾ ]_w
[_w h ɑ l l ɑ h ɯ n ]_w
[_w m y ɾ ɑ tʃ i æ d ]_w
[_w ɑ t ɑ m ɯ ]_w
[_w æ h l i l ]_w
[_w n œ v l æ d ]_w
[_w d ɑ n ]_w
[_w h ɑ n s ɯ ]_w
[_w t æ ɾ æ f ]_w
[_w ɑ ɾ d m ɑ s ɯ ]_w
[_w b ɑ b ɑ z ɯ ]_w
[_w d i n dʒ ]_w
[_w t ɑ v ɑ ]_w
[_w v ɑ k i f ]_w
[_w m u ɣ ɑ n ]_w
[_w t æ t ɾ i ]_w
[_w o l ɑ ɾ ɡ æ n ]_w
[_w i s ɑ n s ]_w
[_w j e n i tʃ æ ]_w
[_w e d i ɾ m æ k ]_w
[_w ɑ b d u l l ɑ ]_w
[_w m æ k d u b u ]_w
[_w b ɑ ʃ ɯ n ]_w
[_w i ɡ t i ɾ ]_w
[_w x o ɾ ɑ s ɑ n ɑ ]_w
[_w tʃ ɯ ɣ m ɑ k ]_w
[_w m æ k s æ t l æ ]_w
[_w b o s ]_w
[_w d o ɣ m ɑ ]_w
[_w x ɯ x ]_w
[_w i dʒ æ ɾ i ]_w
[_w d u t u l u ɾ ]_w
[_w n æ d i dʒ æ d æ ]_w
[_w ʃ æ k l i n d æ ]_w
[_w t æ l æ b æ ]_w
[_w t y n j ɑ ]_w
[_w d i ɟ æ ɾ ]_w
[_w k ɑ z ɑ n ɯ ]_w
[_w m i s i ɾ i n i ]_w
[_w i x ɾ ɑ tʃ ]_w
[_w ɾ æ b b i n ]_w
[_w ɟ æ t i ɾ m i ʃ ]_w
[_w m u s i k i s i ]_w
[_w p æ ɾ i ]_w
[_w ʃ e j t æ ɾ ]_w
[_w j e t i ʃ i ɾ ]_w
[_w l ɑ j i m ]_w
[_w tʃ ɑ v ɑ b ]_w
[_w ɡ e tʃ i ɾ æ n ]_w
[_w o ɾ ɑ d ɑ n ]_w
[_w k æ z e d ]_w
[_w j u z i f i n ]_w
[_w v ɾ ɑ n s ɑ t ɑ ]_w
[_w h æ ɾ æ ɡ æ d i ]_w
[_w s u j u n ]_w
[_w ɡ ɑ ɾ d ɑ ʃ ]_w
[_w v æ s i n æ ]_w
[_w h ɑ tʃ ɯ j e f ]_w
[_w d æ j i ]_w
[_w s o n z u s ]_w
[_w ɡ ɑ t o l i k ]_w
[_w æ l i j e v i n ]_w
[_w æ s l i n æ ]_w
[_w s e j i d ]_w
[_w i l i n i ɾ ]_w
[_w ɑ x ɯ l ]_w
[_w m u s e j i ɾ ]_w
[_w j ɑ n t ɯ ɾ m ɑ ]_w
[_w s ɑ j ɯ n ɑ ]_w
[_w t œ j y ʃ tʃ y ]_w
[_w p y d y n ]_w
[_w m æ l i ]_w
[_w i n z ɑ n ɯ ɾ ]_w
[_w ɡ u ɾ u dʒ u ]_w
[_w b e l dʒ i k ɑ ]_w
[_w t æ l æ ɾ ]_w
[_w n æ t i dʒ æ d æ ]_w
[_w dʒ ɑ v ɑ d ɑ ]_w
[_w o l m ɑ ]_w
[_w p i s i m ]_w
[_w s i n i n ]_w
[_w m æ k t ɑ ɾ ɯ ]_w
[_w m y x t æ l i ɡ ]_w
[_w b æ ɾ ɑ b æ ɾ ]_w
[_w p u n ɑ ]_w
[_w t æ j i ɾ ]_w
[_w u x u ɾ ]_w
[_w æ z æ t ]_w
[_w o l d u k t ɑ n ]_w
[_w e f i ]_w
[_w t ɑ l ɯ ]_w
[_w p ɑ ʃ tʃ ɯ ]_w
[_w œ l ɡ æ n i ]_w
[_w ɡ ɑ l ɑ ]_w
[_w b œ j y k t y ɾ ]_w
[_w ɑ l t m ɯ ʃ ]_w
[_w æ h ɑ l i s i n ]_w
[_w ɑ l i m l i ]_w
[_w t œ v ɾ d æ n ]_w
[_w ɑ dʒ m ɯ ʃ d ɯ ɾ ]_w
[_w d æ ɾ d i b ]_w
[_w i s t æ d i ]_w
[_w ɑ x u n d ]_w
[_w t ɑ ɾ i x i ]_w
[_w s e v i m l i ɡ ]_w
[_w ɾ y s t æ ]_w
[_w ɡ ɑ l t ɯ ]_w
[_w e d i l i ɾ æ m ]_w
[_w k ɑ l ɑ n ]_w
[_w s e tʃ i l m i ʃ ]_w
[_w e v l æ ɾ i n ]_w
[_w ʃ e j i ]_w
[_w ɡ ɑ z ɯ n ɯ ]_w
[_w m o d e l ]_w
[_w tʃ ɑ d d ɯ ]_w
[_w j ɑ ʃ ɑ j ɑ n ]_w
[_w ɑ d ɯ dʒ ɯ ]_w
[_w f æ ɾ d i ]_w
[_w ɡ ɑ l ɑ v ɾ ]_w
[_w d i l i n ]_w
[_w t æ s æ f f y z ]_w
[_w t y ɾ ɡ i j æ ]_w
[_w o ɣ l u d u ɾ ]_w
[_w æ s æ d ]_w
[_w j y ɡ s æ k ]_w
[_w k ɯ z l ɑ ɾ ɯ ]_w
[_w v i l m ]_w
[_w d e ɑ t ɾ t ɑ ]_w
[_w x ɑ n ɯ n d ɑ ]_w
[_w dʒ i tʃ æ k ]_w
[_w æ j j u p ]_w
[_w æ ɾ s ɑ k ]_w
[_w p ɑ x l ɑ m ɑ ɡ ]_w
[_w k æ b i l æ ɾ ]_w
[_w j u z i f ]_w
[_w œ j ɾ æ k ]_w
[_w f i k ɾ æ d ]_w
[_w b ɑ ɾ l ɑ ]_w
[_w ɡ ɯ s ɯ l ]_w
[_w æ l ɑ ɡ æ s i ]_w
[_w b i s æ ]_w
[_w x ɑ l k ɑ ]_w
[_w y ɾ æ j i n ]_w
[_w æ s ɑ z l ɑ ɾ ]_w
[_w p u ɾ ɑ ]_w
[_w k ɑ n u n ]_w
[_w æ ɾ ɑ z i t æ ]_w
[_w m ɑ d d æ l æ ɾ ]_w
[_w tʃ i n s i ]_w
[_w m æ h t u t ]_w
