[_w d o k ə ]_w
[_w f i l m a t ]_w
[_w r i d e t ]_w
[_w k e ɟ ]_w
[_w m ə t e j ʃ m e ]_w
[_w r i t u ɾ ]_w
[_w v a m i l j a ɾ ]_w
[_w m b a h e j ]_w
[_w a l b u m i ]_w
[_w e ɟ i p t i ]_w
[_w k ua d ɾ a ]_w
[_w p i n d u ɾ ]_w
[_w a s a j ]_w
[_w s t u t i m i n ]_w
[_w p ɾ a n i ʃ ə m ]_w
[_w ɡ u f i j v e ]_w
[_w ɡ o m b i ]_w
[_w j e t a ]_w
[_w i l i ɾ ]_w
[_w k o h e t ]_w
[_w d ɾ e j t ]_w
[_w m o ʃ ə s ]_w
[_w k ɾ i j o j ə ]_w
[_w h u m b j e n ]_w
[_w d ɾ a j t ua ɾ ]_w
[_w i l i ɾ ə v e ]_w
[_w e ʒ d ə ]_w
[_w p a s u ɾ i ]_w
[_w s e p s e ]_w
[_w s j e ɫ j e n ]_w
[_w m a l ə s ]_w
[_w a v ɾ i k ə n ]_w
[_w b a v a ɾ u ɾ ]_w
[_w b a ɾ ə ]_w
[_w f t e k j a ]_w
[_w n d o θ e t ]_w
[_w u tʃ k z ə ]_w
[_w a ɾ d ə s i ]_w
[_w ʃ ə ɾ b e n ]_w
[_w ɲ e ɾ ə s i t ]_w
[_w p e u ]_w
[_w f e ɾ θ ə ]_w
[_w f a ɾ u ɾ a ]_w
[_w s i k u ɾ o i ]_w
[_w ʃ f i ɫ i m i n ]_w
[_w k ə ɾ k e s a ]_w
[_w f a t m i ɾ ]_w
[_w a t ð e t a ɾ ]_w
[_w v i ʃ t a ]_w
[_w ɟ i m n a s i n ]_w
[_w p a s u ɾ i s ə ]_w
[_w t ɾ u ɾ i ]_w
[_w p a ɫ k a n i t ]_w
[_w p u ɾ k o z u ɾ ]_w
[_w a v d ə s ]_w
[_w k i n a ]_w
[_w ʃ t ɾ e s a ]_w
[_w p e n e ]_w
[_w d ə ʃ i ɾ a ]_w
[_w c e n d ɾ a ]_w
[_w p ə h e j ]_w
[_w p ɾ e m t ua ɾ ]_w
[_w v a ʒ d o j ə ]_w
[_w k ə n ɡ a ]_w
[_w z b o ɾ t a ]_w
[_w e n f e ɾ ə ]_w
[_w k e m i ]_w
[_w m a j ]_w
[_w p ɾ e j ]_w
[_w z a c ə ]_w
[_w k ɾ a h i n a ]_w
[_w t a n ə ]_w
[_w o s m a n ə ]_w
[_w ɟ e n d i t ]_w
[_w k i ʃ i n ]_w
[_w o v i ts e ɾ ]_w
[_w n ɡ a s e t a ɾ ]_w
[_w u j o ɾ e ]_w
[_w k u b d i m i d ]_w
[_w b a n o ɾ ə ʃ ]_w
[_w ɾ i z a j ]_w
[_w l e t ə ɾ ]_w
[_w tʃ m i m e ]_w
[_w k u f e n d o ɾ ]_w
[_w z o t i t ]_w
[_w m b a z ]_w
[_w p e z n i k ]_w
[_w p a s i ]_w
[_w p ə ɾ f i t ua ɾ ]_w
[_w f ə ɾ d e s ə ]_w
[_w a ɾ s ye j a ]_w
[_w m a l i n ]_w
[_w c ua j t u ɾ ]_w
[_w s i k u n ]_w
[_w v a ɡ t o ɾ e n ]_w
[_w ɲ ə j t i n ]_w
[_w k u ts i s ə ]_w
[_w n a t y ɾ o ɾ e ]_w
[_w k u ɾ ]_w
[_w k i ʃ e ]_w
[_w n d i ɡ o j n ə ]_w
[_w b a n ə ]_w
[_w f ɾ u d a ]_w
[_w m i l i o n ə ]_w
[_w p o t ue s e ]_w
[_w p ə n i ]_w
[_w b e ɾ ə n ]_w
[_w m p a h e j ]_w
[_w n ə n ʃ k ɾ ua n ]_w
[_w l e k ə ]_w
[_w m o n u m e n d ]_w
[_w s c e ð u ɾ a ]_w
[_w ʃ t e t ]_w
[_w v i ʃ t a ɾ e ]_w
[_w p o s i m ]_w
[_w a u d o ɾ ]_w
[_w v ɾ y m o ɾ e ]_w
[_w e m ə ɾ ua ]_w
[_w p ə ɾ v e dʒ ]_w
[_w e ð e ]_w
[_w l i s t ə ]_w
[_w a k t o ɾ ə t ]_w
[_w p ɾ e n d a ]_w
[_w t a ʃ ]_w
[_w t e o ɾ i n ]_w
[_w p l u ]_w
[_w a ɾ m i k ]_w
[_w n ɡ ɾ i h e n ]_w
[_w j e h o f a i n ]_w
[_w v i t ue s e ]_w
[_w z o t ]_w
[_w ʃ k a ɫ ə ]_w
[_w m a ɾ t e ]_w
[_w n ɡ a t a ]_w
[_w s c a t u ɾ ]_w
[_w k ə ʃ t u ]_w
[_w j e t ə ]_w
[_w r a ɫ a ]_w
[_w d u k e t ]_w
[_w p ə r e ð ]_w
[_w p u ʃ t o ]_w
[_w m a ɾ d e s a ]_w
[_w h a r ua ɾ ]_w
[_w v u n ə ]_w
[_w k ə n ɡ ə t ]_w
[_w m e ɟ e n ə z ]_w
[_w m ə t e j ʃ ə m ]_w
[_w p ɾ a n i ʃ m e ]_w
[_w f l a z i k ]_w
[_w n d j e ɲ ə ]_w
[_w m e s ə m ]_w
[_w p ə s ua ɾ ]_w
[_w d ɾ e ɡ ]_w
[_w ɡ a ɾ a ]_w
[_w f i k u ɾ ə n ]_w
[_w p ɾ i t i ]_w
[_w l ə v i z j e s ]_w
[_w ɲ o h j e s ]_w
[_w k a z e t ə z ]_w
[_w n i s ]_w
[_w p ɾ e s ]_w
[_w a n a ]_w
[_w l u f t ə s i ]_w
[_w a f t ə ]_w
[_w ʃ o ɡ ə ]_w
[_w j e p ]_w
[_w l u f t e ]_w
[_w h i s t o ɾ i ]_w
[_w m e ɟ e n ə ]_w
[_w p u ʃ i m ]_w
[_w b o l i ts i z ə ]_w
[_w c e ɾ ɟ i a ]_w
[_w i t a l i a n e ]_w
[_w h y ɾ j e n ]_w
[_w ts i l ə s i s ə ]_w
[_w p a ʃ k ua n ]_w
[_w ʃ t ɾ i v e ]_w
[_w m b a ɾ i m i n ]_w
[_w m ə n y ɾ ə s ]_w
[_w ʃ m a n ɡ u ɾ ]_w
[_w ʃ t ua ɾ ]_w
[_w p ə ɾ ɟ i ɟ e ]_w
[_w e n e ɾ c i ]_w
[_w n d ə ɾ t ua n ]_w
[_w v u ʃ a ]_w
[_w b ɾ e n d ʃ ə m ]_w
[_w s k e n a ]_w
[_w ɲ o v d o i ]_w
[_w l i ɾ i n ]_w
[_w a t a ]_w
[_w ʃ k ɾ i m i n ]_w
[_w c i θ a t ə ]_w
[_w l o s ]_w
[_w i n d e ]_w
[_w v o ɾ t ə ]_w
[_w b j e s a ]_w
[_w t ɾ o j e ɡ t ]_w
[_w d ə ɾ ə ]_w
[_w f c i ɲ e ]_w
[_w p ə ɾ b ə h e t ]_w
[_w s p e ts i a l e ]_w
[_w l ə v i s j e ]_w
[_w b ɾ e j ]_w
[_w k θ ye ]_w
[_w ɡ ɾ a f e ]_w
[_w ʃ k o ɫ a ]_w
[_w n a d y ɾ ə ]_w
[_w e m ɾ i t ]_w
[_w c e ɾ ]_w
[_w p u n e ]_w
[_w k o z o f ə z ]_w
[_w k i n e z e ]_w
[_w ɾ a t i t ə s ]_w
[_w i t e t ]_w
[_w ɟ e n d e d i t ]_w
[_w n t ɾ y ʃ i m ]_w
[_w t e j ]_w
[_w d i a ]_w
[_w c a ɫ a ]_w
[_w v e p ɾ ə s ]_w
[_w a u t o ɾ i ]_w
[_w k ɾ e k ə ]_w
[_w a f ɾ i k a n ]_w
[_w b e ɾ l i n i d ]_w
[_w ʃ e k u ɫ i t ]_w
[_w m o t ɾ a ]_w
[_w ɾ e c i m i t ]_w
[_w l a ɾ k o h e n ]_w
[_w ʃ p ɾ e h ]_w
[_w a s b e k t e ]_w
[_w v o ɾ m ə s ]_w
[_w ʃ t e t e t ]_w
[_w ts i l ə s ua ɾ ]_w
[_w n ɡ a t a l ə ]_w
[_w m o ʃ ə ]_w
[_w ʃ k ua ɾ ]_w
[_w v ə ʃ t i ɾ ə ]_w
[_w l u v d ə n ]_w
[_w f j e t ə s ]_w
[_w f e p ɾ i m e t ]_w
[_w m i ɾ ə n ]_w
[_w j e p e n ]_w
[_w l i n d j e ]_w
[_w ð ua j z e ]_w
[_w l i n d i n ]_w
[_w l i p ɾ a f e ]_w
[_w s p a ɲ a ]_w
[_w a n ə t a ɾ ə ]_w
[_w v e m ɾ a ]_w
[_w c y t e t a ɾ ]_w
[_w ɲ e ɾ i ]_w
[_w e k i p ]_w
[_w v l a z i k ]_w
[_w p ɾ i ɫ ]_w
[_w i t a l i ]_w
[_w ɾ a j o n ]_w
[_w l a ʃ t a ]_w
[_w n d o θ e ʃ i n ]_w
[_w f u ʃ ə s ]_w
[_w d o n e ]_w
[_w a s p a k ]_w
[_w d a n i ]_w
[_w ʃ f i ɫ i m i ]_w
[_w a f ɾ i k ə ]_w
[_w c u h e ]_w
[_w k o s o v e ]_w
[_w ʃ k o ɫ ə n ]_w
[_w ɟ o n ]_w
[_w ɡ i ʃ ə n ]_w
[_w a n e ]_w
[_w c e l i s a v e ]_w
[_w d ɾ e j t i ]_w
[_w v e p ɾ a t ]_w
[_w n d i k ]_w
[_w h a p j e n ]_w
[_w p ə ɾ f e tʃ ]_w
[_w k e t u ]_w
[_w s i ts ]_w
[_w v d e k j e s ]_w
[_w m u ɾ e v e ]_w
[_w ts a s t i ]_w
[_w f ə m i j a ]_w
[_w o b j e k t e d ]_w
[_w v o ɡ ə l ]_w
[_w c e ɟ ə s i ʃ t ]_w
[_w k a l ua ɾ a ]_w
[_w d i t ə n ]_w
[_w t a ʃ u ɾ ]_w
[_w k ɾ ua n ]_w
[_w f a m ə ]_w
[_w e ʒ d e ]_w
[_w k ə n ɡ ə s ]_w
[_w h e k u ɾ ]_w
[_w d e t i n ]_w
[_w z b u l i m i n ]_w
[_w a u d o ɾ i a ]_w
[_w k ɾ a h a s ]_w
[_w l i θ i n ]_w
[_w m i c ]_w
[_w v e p ɾ a ]_w
[_w ʃ p e j t ə s ]_w
[_w b o e s i n ə ]_w
[_w l a t i n ]_w
[_w ʃ e ɡ u j ]_w
[_w f a ʃ t ua n ]_w
[_w n d ə ɾ t a ]_w
[_w i ʃ t e ]_w
[_w a j ə ɾ ]_w
[_w z e p s e ]_w
[_w m a l e ]_w
[_w s y f e ]_w
[_w h a b ə s i ɾ ə ]_w
[_w j e p e t ]_w
[_w n d j e n ]_w
[_w ʃ o c ə ɾ o ɾ ]_w
[_w n a t y ɾ ə ]_w
[_w k ɾ ye s o ɾ e ]_w
[_w ue f a ]_w
[_w ʃ ə ɾ b e u ]_w
[_w k o l a ]_w
[_w p ə n i n ]_w
[_w l a ɾ ɡ o h ə ʃ ]_w
[_w s k ua d ɾ ə s ]_w
[_w k u b d o j n ə ]_w
[_w v ɾ a u ]_w
[_w f e p ɾ i m e ]_w
[_w f o ɾ m a l ]_w
[_w v e b ɾ ə n ]_w
[_w ɡ ə ɾ k o h e j ]_w
[_w θ ye n ]_w
[_w f a s ə n ]_w
[_w v a l ə ]_w
[_w s i s t e m i n ]_w
[_w t u h e j ]_w
[_w p ɾ o t u k t ]_w
[_w ʃ k o ɫ o ɾ ]_w
[_w ɟ ə n d ɾ i m a ]_w
[_w d o n ]_w
[_w f e ɾ i o ɾ e ]_w
[_w m a l e v e ]_w
[_w j o h n ]_w
[_w t ɾ a m ə ]_w
[_w k θ e n ]_w
[_w l u f t a ]_w
[_w d a ɡ o ɡ ]_w
[_w p u n o j n ə ]_w
[_w s u ɫ t a n i ]_w
[_w m p a j t ə ]_w
[_w m b l e ð ]_w
[_w v l o ɾ ə s ]_w
[_w j a n ə ]_w
[_w n ɡ ɾ i t ə ]_w
[_w p ɫ a k a ]_w
[_w d a ʃ ]_w
[_w v a i k ]_w
[_w p ə l c e n ]_w
[_w v e t a ]_w
[_w t ɾ a t i t ə n ]_w
[_w p e ʃ ə ]_w
[_w t ɾ e j t ]_w
[_w r e ɡ u ɫ i ʃ t ]_w
[_w ɟ e ɾ e ]_w
[_w tʃ a m i ]_w
[_w k ɾ a h i m ]_w
[_w s i k u ]_w
[_w ʃ k e n ts a ]_w
[_w n i v e l ]_w
[_w k i ʃ ə s ]_w
[_w ɡ o m p a n ]_w
[_w c i ð m o n ə ]_w
[_w v i t o ɾ ]_w
[_w ɡ ə n ɡ a ]_w
[_w p a t u ɾ ]_w
[_w n e ʃ ]_w
[_w ɟ i l a n ]_w
[_w d i s a ]_w
[_w p a ɾ ə ]_w
[_w s y ɾ a ]_w
[_w ɾ i ɲ ]_w
[_w ʃ ə ɾ b i ɟ e t ]_w
[_w ʃ k e n ts a f e ]_w
[_w b o t e ]_w
[_w a t l a n d i n ]_w
[_w v e j a ]_w
[_w m i c e n i ]_w
[_w ts i v ]_w
[_w u ʃ t a ɾ ə t ]_w
[_w b ə ɾ c i ɟ e ]_w
[_w d e d y ɾ ə s ]_w
[_w n a t e ]_w
[_w ɫ o j e v e ]_w
[_w s i s t e m e ]_w
[_w ts d o ]_w
[_w b ə ɾ b ə ɾ ə ]_w
[_w p u ɡ ə s ]_w
[_w f e n d i t ]_w
[_w a u t o ɾ ə n ]_w
[_w k a ɾ a d ə n ]_w
[_w f e ɾ i s a j ]_w
[_w p ɾ a n d a z e ]_w
[_w ʃ u m ]_w
[_w k ɾ i ʃ t ]_w
[_w v e n t o s e n ]_w
[_w p l a n e t ]_w
[_w k u c e ]_w
[_w ɲ i h e n ]_w
[_w t i t ə ]_w
[_w d e t y ɾ a t ]_w
[_w m ə ð a ]_w
[_w n i v e l i ]_w
[_w a ɾ ð u ɾ ]_w
[_w l a n ə ]_w
[_w v e n d i n ]_w
[_w n d e ɾ s a ]_w
[_w f i l o s o v i ]_w
[_w a n d ɾ e a ]_w
[_w p u r a v e ]_w
[_w f a ɾ a t ]_w
[_w m b e t i ]_w
[_w t i n i n ]_w
[_w p ɾ a k t e ]_w
[_w n ə p ə ɾ ]_w
[_w ɟ ua j t u ɾ ]_w
[_w d o ɾ e ]_w
[_w o ɾ ə s ]_w
[_w k ɾ u j ə z ]_w
[_w a ɾ t i s ə ]_w
[_w k i m i ]_w
[_w ʃ e ɲ a ]_w
[_w p ɾ o n a t ]_w
[_w d y t a ]_w
[_w ɡ ə t ə ]_w
[_w l a ɾ t ə ]_w
[_w p i ɾ ]_w
[_w f a ʃ t i m ]_w
[_w h a dʒ i ]_w
[_w j a p o n e s e ]_w
[_w ɲ i h e d ]_w
[_w k a t ə s ]_w
[_w m j e d ]_w
[_w k ə ɾ k o n d e ]_w
[_w h a b i ]_w
[_w ʒ d ɾ ua ɾ ]_w
[_w i t a l i n ]_w
[_w l a ɾ k ua n ]_w
[_w h y j n o ɾ e ]_w
[_w ʃ t e t i t ]_w
[_w f i ɫ o h e j ]_w
[_w m e s a t a ɾ e ]_w
[_w k ɾ e k ]_w
[_w t ɾ e j t a ]_w
[_w v u n t i n ]_w
[_w v e p ɾ o n ]_w
[_w p a c e s ]_w
[_w t a n i t ]_w
[_w m e n d j a ]_w
[_w p a z a t ]_w
[_w b o t ue s e ]_w
[_w r u ɡ ə v e ]_w
[_w j p ɡ ]_w
[_w l u v d e ]_w
[_w c a t ə s i a ]_w
[_w k ə ʃ i ɫ i n ]_w
[_w s e m ɾ a t ]_w
[_w p i b l ə s ]_w
[_w p a p a i ]_w
[_w j u k o ɾ e ]_w
[_w t i t u ɫ ]_w
[_w i s m a i l ]_w
[_w k a r ie ɾ ə n ]_w
[_w f o ɾ ts a ]_w
[_w e n ə ]_w
[_w m j e t ]_w
[_w f i l e ]_w
[_w ɡ a m ]_w
[_w k ɾ e c i ʃ t ]_w
[_w k o m u n a l e ]_w
[_w v e tʃ a n d e ]_w
[_w d y ʃ i m i ]_w
[_w ɲ o h i m ]_w
[_w ɾ u h e n ]_w
[_w k ɾ e u ]_w
[_w s ə ɾ ə ]_w
[_w z ə m u ɾ ə ]_w
[_w a n ə t a ɾ ]_w
[_w a u s t ɾ i ]_w
[_w v a t o s ]_w
[_w f i ɫ o n d e ]_w
[_w p a ʃ k u ]_w
[_w m b l e k s ]_w
[_w c i θ ə ]_w
[_w f a ʃ t o n i n ]_w
[_w k u f i j t ə ]_w
[_w i s l a m i k ]_w
[_w a n d a ɾ j e ]_w
[_w l a ɾ k ua ɾ ]_w
[_w u ð ə t i m i t ]_w
[_w d i m ɾ i t ]_w
[_w ʃ p e j t i m ]_w
[_w ɟ e n d j a ]_w
[_w f u ɫ n e t i n ]_w
[_w ɾ o m a ]_w
[_w a u d o ɾ ə n ]_w
[_w p o l i t ]_w
[_w n k ɾ ə n ə ]_w
[_w ɡ u f e n d ]_w
[_w t ɾ i t a ]_w
[_w a ɾ b e n i n ]_w
[_w v o ɾ ts ə s ]_w
[_w m u s e u ]_w
[_w m a j t ə n ]_w
[_w v e ɾ i n ə ]_w
[_w t j e t ]_w
[_w l u m e ɲ v e ]_w
[_w p ə ɾ b ə j n ə ]_w
[_w u ɾ a ]_w
[_w d ɾ e ɡ ua n ]_w
[_w c e l i s a f e ]_w
[_w v o k l a ]_w
[_w b a j t i m ]_w
[_w s j a r i ]_w
[_w f i z i n ]_w
[_w j e n i ]_w
[_w a r i t ə n ]_w
[_w a v ɾ o ]_w
[_w a n d ]_w
[_w p ə ɾ j e ]_w
[_w v ɾ a n dz e s ]_w
[_w m a r j e s ]_w
[_w f a ʒ d o j n ə ]_w
[_w v j e t ə ]_w
[_w d i ɾ e k t i ]_w
[_w t ɾ i t ]_w
[_w tʃ m i m i t ]_w
[_w f o ɾ ts ə n ]_w
[_w d ɾ e j t o ɾ ]_w
[_w b o p u ɫ o ɾ ]_w
[_w f o n ]_w
[_w m u ɾ ]_w
[_w d e k n i k e ]_w
[_w v u n d i ]_w
[_w m b a ɾ ə ]_w
[_w m u n d e t i ]_w
[_w m o s ]_w
[_w t i t ə s ]_w
[_w j a p ə ]_w
[_w e v ɾ o p ə n ]_w
[_w k o n d e ]_w
[_w p o ð ua j ]_w
[_w d ɾ u ɾ i t ]_w
[_w k u l t u ɾ a ]_w
[_w p a s a ]_w
[_w t o ɾ e j ]_w
[_w t e ɾ e ]_w
[_w f e ʃ u ɾ ]_w
[_w k o m b e t e t ]_w
[_w p a j t j e n ]_w
[_w k ɾ i j o h e t ]_w
[_w f o ɾ m i m i n ]_w
[_w f a m i l j e ]_w
[_w f j e t o n ]_w
[_w v e n d o z ə ]_w
[_w ʃ p a ɫ ]_w
[_w l u f t o i ]_w
[_w ɾ o m a n i ]_w
[_w ʃ f i ɫ i m i t ]_w
[_w u ʃ t ɾ i ɾ j e ]_w
[_w u tʃ k s ə ]_w
[_w l ua j t ə n ]_w
[_w k ɾ a h a s i m ]_w
[_w t a ʃ u ɾ i z ə ]_w
[_w k u ʃ t e f e ]_w
[_w d j e ]_w
[_w v i ɫ i m i ʃ t ]_w
[_w f a j z a ]_w
[_w n d i h m o j ə ]_w
[_w n ɟ y ɾ a ]_w
[_w ɡ ə n ɡ ə t a ]_w
[_w h o t i t ]_w
[_w d i p l o m ua ɾ ]_w
[_w d u h e t ]_w
[_w p u r i ]_w
[_w ʃ ə n ua ɾ ]_w
[_w n t o n ]_w
[_w b ɾ o j e ɡ t ]_w
[_w n e s e ]_w
[_w f o ɾ m a l e ]_w
[_w h u m b u ɾ ]_w
[_w b ɾ o ts e s i t ]_w
[_w m y s l i m a ]_w
[_w ɾ i s a ]_w
[_w d u ɾ n e ]_w
[_w b ɾ i v a t e ]_w
[_w j e t e ]_w
[_w p ə ɾ s ə ɾ i ]_w
[_w t a k i m ]_w
[_w p o l i ts o ɾ e ]_w
[_w m o i s i u d ]_w
[_w a n t a ]_w
[_w ʃ p a ɫ e t ]_w
[_w s i k u ɾ i t ]_w
[_w f ɾ a ɾ ə ]_w
[_w t a ʃ u ɾ i a ]_w
[_w p e s o n i t ]_w
[_w j a n e ]_w
[_w m u n ɡ o n ]_w
[_w p ɾ i v a t ]_w
[_w t a ʒ ]_w
[_w t j e ɾ a t ]_w
[_w l ə v i s i k ]_w
[_w p a ʃ k ə ]_w
[_w ɟ a t ə s ]_w
[_w l i s t ə n ]_w
[_w c y t e t i t ]_w
[_w u ð ə h e c ə s ]_w
[_w t ɾ e j t a f e ]_w
[_w z o n ə s e ]_w
[_w l a ɾ ɡ ua ɾ ]_w
[_w m u n k e s a j ]_w
[_w k ɾ i j o n ]_w
[_w e m ɾ a t ]_w
[_w p e l ɟ i k ə ]_w
[_w m e c i θ a ʃ ]_w
[_w m o t e l e ]_w
[_w p ə ɾ b ə n ]_w
[_w e ɾ ə s i ʃ ]_w
[_w ʃ e ɲ t a ]_w
[_w c ə ɾ a ]_w
[_w f a l ə ]_w
[_w t o k ə n ]_w
[_w v a ɾ ə ]_w
[_w v e n d e n ]_w
[_w k ua d ə ɾ ]_w
[_w p ɾ a n t ə ]_w
[_w θ u h e t ]_w
[_w s a k o n e t ]_w
[_w d ɾ e k ua n ]_w
[_w ɡ ə t o ]_w
[_w t a t ə s ]_w
[_w ɟ y t e t ]_w
[_w ts i l i ]_w
[_w i ʃ i m ]_w
[_w ʒ ə ɾ b i ɟ e t ]_w
[_w k ɾ a s n i c i ]_w
[_w k e t e ]_w
[_w f l e ɾ ə n ]_w
[_w b ɾ e s i ]_w
[_w m u n d j a ]_w
[_w ʃ ə ɾ p e u ]_w
[_w a t ð e u t ]_w
[_w f ə m i j ə ɾ a ]_w
[_w f e n d i m i ]_w
[_w d i t u ɫ i ]_w
[_w p e ɾ l i n ]_w
[_w v i j a ]_w
[_w m b a j t i m ]_w
[_w ɡ ɾ ye t a ɾ i d ]_w
[_w v l a s i m ]_w
[_w a ɾ s i m i t ]_w
[_w ʃ u m t a ]_w
[_w l a j m i ]_w
[_w k a z e t ə ]_w
[_w b i ɡ t u ɾ a ]_w
[_w a r i h e t ]_w
[_w p e m ə ]_w
[_w ʃ k u b i t ]_w
[_w l i n d ]_w
[_w u j i t ]_w
[_w k a p u ɾ a ]_w
[_w t ɾ e k i m e ]_w
[_w v e n d o z e n ]_w
[_w n d ɾ y ʃ e ]_w
[_w l u k a ]_w
[_w ɫ o j e t ]_w
[_w f e n d i ]_w
[_w d ɾ e j t ue s e ]_w
[_w p l a n i n ]_w
[_w ʃ e ɲ ə ]_w
[_w k ɾ ye s o ɾ ]_w
[_w r u ʃ i t ]_w
[_w d ə ɾ ɡ o j n ə ]_w
[_w p ɾ a k ]_w
[_w ɡ u ɾ s e ]_w
[_w t ɾ u p a v e ]_w
[_w k o z o f ə ]_w
[_w f ʃ a t a ɾ e ]_w
[_w k ə ɾ ɡ o h e n ]_w
[_w m i j ə ]_w
[_w s i ɫ t e ]_w
[_w n d ɾ y ʃ m e ]_w
[_w l o j a ]_w
[_w ʃ a b a n ]_w
[_w k o o k l e ]_w
[_w l ə ʃ o n ]_w
[_w z i k u ɾ t ə ]_w
[_w m a ɾ t o h e t ]_w
[_w a ɾ ð u ɾ a ]_w
[_w s j a r t ə ]_w
[_w m o ɾ i ]_w
[_w ð u h e t ]_w
[_w ʃ t e t i ]_w
[_w h i ɾ ]_w
[_w ɟ u h ə t ]_w
[_w m p a j t i ]_w
[_w i k u ]_w
[_w b a m u n d u ɾ ]_w
[_w o ɾ i ɟ i n ə ]_w
[_w θ j e ʃ t a ]_w
[_w s o t i n ]_w
[_w p o e t i t ]_w
[_w s a k o n ]_w
[_w z o ɡ u ]_w
[_w j e t o ɾ e ]_w
[_w a ɾ t i n ]_w
[_w t u ɡ u ɾ ]_w
[_w n d a ɾ j a ]_w
[_w b u ɡ u ɾ ]_w
[_w f i ɫ i m i ʃ t ]_w
[_w n a t ə ]_w
[_w p e ɾ i u ]_w
[_w p ə ɾ f ʃ i n ]_w
[_w s e ɾ i o s e ]_w
[_w p a j ɾ a m ]_w
[_w p ɾ o j e v e ]_w
[_w d e ɾ m i ]_w
[_w ʃ k ɾ i m e ]_w
[_w f e ʃ i n ]_w
[_w ɡ o n t e ]_w
[_w m e r e j ]_w
[_w p a n o ɾ ə ]_w
[_w h a b u ɾ ]_w
[_w j u ɡ o ɾ e ]_w
[_w d i t ə t ]_w
[_w v i ɫ o n t e ]_w
[_w p a ʃ ə ]_w
[_w n d o c i ]_w
[_w ɡ i ʃ ə s ]_w
[_w ʃ i k o ]_w
[_w a k a t e m i ]_w
[_w d o t a ]_w
[_w m b a j t ə ]_w
[_w k i ʃ t e ]_w
[_w m e n d i m i ]_w
[_w p o e t i k ]_w
[_w m e ɲ ə h e ɾ e ]_w
[_w m b ɾ o j n ə ]_w
[_w n ə n a ]_w
[_w s e m ɾ a ]_w
[_w b o a ʒ d u ]_w
[_w j a p o n i z ə ]_w
[_w f e p ɾ a d ]_w
[_w j a ʃ t ə ]_w
[_w z ə ɾ i ]_w
[_w m i ɾ i ]_w
[_w p j e t ə v e ]_w
[_w k u p t o j m ə ]_w
[_w k ɾ i b ə ]_w
[_w d ɾ i t ]_w
[_w ɡ ə s i m e ]_w
[_w f o k e l ]_w
[_w o s m a n ]_w
[_w h e ɾ a k l i u ]_w
[_w t e r i t o ɾ e ]_w
[_w n e v o j ʃ m e ]_w
[_w p e ɾ i ]_w
[_w b a ʃ k i m ]_w
[_w s p a ɲ ə ]_w
[_w h u m b i ]_w
[_w f l o ɾ a ]_w
[_w z a k ɾ e p ]_w
[_w s e l a n i ɡ ]_w
[_w f j a l a ]_w
[_w m e n t i m ]_w
[_w k ɾ ye t a ɾ i ]_w
[_w ɡ o j a ]_w
[_w p ə ɾ b ə h e d ]_w
[_w k ə t y ɾ e ]_w
[_w d ə ɾ k a c ]_w
[_w v l e n ]_w
[_w n d ə ɾ ]_w
[_w ɡ a m b i o n ]_w
[_w b o ɾ ]_w
[_w ʃ e ɡ ]_w
[_w ɟ u ɾ m ə t ]_w
[_w s c i θ u ɾ ]_w
[_w p u ɾ i m ]_w
[_w m e n d o n d e ]_w
[_w k u l t u ɾ e ]_w
[_w b a k ]_w
[_w s j a r ]_w
[_w ʃ k ɾ ua ɾ ]_w
[_w k o ɡ ə n ]_w
[_w l e j o h e n ]_w
[_w n i z i ]_w
[_w k a b ua ɾ ]_w
[_w m e n d o s i ]_w
[_w s o u ð ]_w
[_w k ɾ e c i a ]_w
[_w t j a l i t ]_w
[_w n d j e ]_w
[_w ɟ u h e t ]_w
[_w p u n o i ]_w
[_w d u k a c i n i ]_w
[_w v e n d i m i n ]_w
[_w t e ɾ m i ]_w
[_w m o ʃ a ]_w
[_w j e t o n ]_w
[_w m ə n y ɾ e ]_w
[_w ʃ k e n ts ə ]_w
[_w o ɾ k a n ]_w
[_w ʃ k e n ts o ɾ e ]_w
[_w ɟ i ɾ i n ə ]_w
[_w ʃ t e t e v e ]_w
[_w m u n d ʃ ə m ]_w
[_w c e v e ɾ i u n ]_w
[_w k u l t u ɾ o ɾ ]_w
[_w ɟ e ɾ m a n e ]_w
[_w k ə ɾ ɡ e s a j ]_w
[_w a s ɲ ə h e ɾ ə ]_w
[_w p a ʃ k i m ]_w
[_w v e ʃ i n ]_w
[_w v o ɾ m a l ]_w
[_w s t u d i m ]_w
[_w f u ʃ a ]_w
[_w ʃ t e z ə s ]_w
[_w b ə s o i ]_w
[_w s o n ə n ]_w
[_w s o d i ]_w
[_w m i l a n i t ]_w
[_w z i ɡ u ɾ ]_w
[_w r e θ a n a ]_w
[_w s y t ə ]_w
[_w ʃ c i b ə ɾ m e ]_w
[_w b u ɾ ɡ u n ]_w
[_w n d ə ɾ t ]_w
[_w v i l m i ]_w
[_w l e ʃ ə ]_w
[_w b ə ɾ t o ɾ e ]_w
[_w m a z ə ]_w
[_w l u k i n a ]_w
[_w l i ɟ i ]_w
[_w v ɾ y m ə ]_w
[_w ʃ i h t e ]_w
[_w ɟ e m a l i ]_w
[_w m ə s i m e ]_w
[_w a ʃ p ɾ a ]_w
[_w k u j t ]_w
[_w f o ɾ m ua ɾ ]_w
[_w ɲ o h ]_w
[_w t a n i a ]_w
[_w a p s t e n i m ]_w
[_w k o m u n a ]_w
[_w k ə n d ua ɾ ]_w
[_w z y ɾ d a ɾ e ]_w
[_w p e t ɾ i n ]_w
[_w ʃ p ə ɾ ð i m ]_w
[_w n d ɾ y ʃ i m ]_w
[_w p o t a ]_w
[_w v e n d ]_w
[_w l a t i n e ]_w
[_w ɾ u z e ]_w
[_w o ɾ i ɟ i n ə n ]_w
[_w t ə ɾ k o j ə ]_w
[_w b u n ə s ua ɾ ]_w
[_w e m ə ɾ ]_w
[_w ɾ u m a n i t ]_w
[_w d i t e ]_w
[_w f e n t e ]_w
[_w ɾ o m a k e ]_w
[_w m u h a m e d ]_w
[_w m o t e ɾ n e t ]_w
[_w m u n d ə ɾ t ]_w
[_w z e z o n i ]_w
[_w e n e ɾ ɟ i ]_w
[_w f i ɾ ɡ i n i a ]_w
[_w k e t ə ]_w
[_w k u ɾ i ʃ t i ]_w
[_w p i k a ]_w
[_w c ie ɫ i ]_w
[_w n t ɾ y ʃ e ]_w
[_w i ʃ u ɫ i ]_w
[_w n dz ə n ə s v e ]_w
[_w ɾ e tʃ e p ]_w
[_w e t j ]_w
[_w f t e s ]_w
[_w p l a n i k ]_w
[_w s e ɾ o ]_w
[_w θ u h e j ]_w
[_w n ə n ]_w
[_w r j e θ i m ]_w
[_w j e n e ]_w
[_w d e k ə v e ]_w
[_w v e n d e ]_w
[_w d e o ɾ i a ]_w
[_w ɟ i n t ]_w
[_w ʃ k o ɫ a t ]_w
[_w m e r ]_w
[_w k ɾ ye s i a ]_w
[_w ɟ e m a l i n ]_w
[_w t e p u d e t ]_w
[_w ʃ p e ʃ ]_w
[_w ɟ e n e ]_w
[_w v o ɾ t ]_w
[_w a l b a n i a ]_w
[_w ʃ k ɾ o i ]_w
[_w n d e ɾ ]_w
[_w m e c ə ]_w
[_w ɟ a k u ]_w
[_w ɟ y s m ə n ]_w
[_w u ʃ t a ɾ a k ]_w
[_w θ j e ʒ d a ]_w
[_w n d o n ]_w
[_w f l o ɾ ə s ]_w
[_w p o t ə n ]_w
[_w z ɟ o ð ]_w
[_w f i t e v e ]_w
[_w b a ɾ a ]_w
[_w d j e ɾ ə v e ]_w
[_w e u ɾ o ]_w
[_w k u f i ]_w
[_w z i m b o l ]_w
[_w f i j a ]_w
[_w d ɾ e j t e ]_w
[_w ɟ o n i d ]_w
[_w d ɾ e v a ]_w
[_w z ɟ e ð j e v e ]_w
[_w s e b s e ]_w
[_w m ə n ɟ e s ]_w
[_w p u n o n d e ]_w
[_w c u h ə s ]_w
[_w m u s e ]_w
[_w ɲ o h j e z ]_w
[_w t o m ]_w
[_w v e p ɾ i m i t ]_w
[_w m e ɟ ə ]_w
[_w b i k ə n ]_w
[_w k l i m a ]_w
[_w ʃ p ɾ e h u ɾ ]_w
[_w t m e r ʃ m e ]_w
[_w b e s n i ɡ e ]_w
[_w k u f i z ua ɾ ]_w
[_w a t ð e ]_w
[_w s u n d i m ]_w
[_w ð ua j ]_w
[_w p o s i t ə n ]_w
[_w n ɡ ɾ i t u ɾ ]_w
[_w k a h ]_w
[_w ɲ o h u ɾ ]_w
[_w b a ʃ k i m i n ]_w
[_w v o ɾ ts ə n ]_w
[_w p l e ɾ ə s ]_w
[_w e ɾ ə s i ]_w
[_w ʃ o h i n ]_w
[_w t i t ə v e ]_w
[_w l u f t ə n ]_w
[_w s o n ə ]_w
[_w c u h ə ]_w
[_w d ə ɾ ə s i ]_w
[_w v j a l a ]_w
[_w d y t i ]_w
[_w d o n a ]_w
[_w ts a k t ua ]_w
[_w i ʃ a ]_w
[_w ɲ ə j t a ]_w
[_w k ə s ua ɾ ]_w
[_w ɾ e z b e k t ]_w
[_w b o d ə n ]_w
[_w s k ua d ɾ a ]_w
[_w b e o k ɾ a t ə ]_w
[_w f a ʃ t o j ə ]_w
[_w b o s t i n ]_w
[_w b ɾ i ʃ t ]_w
[_w p u ɾ i m e v e ]_w
[_w s u l m e d ]_w
[_w n d j e ɲ a t ]_w
[_w n d a l ua ɾ ]_w
[_w v a j z a ]_w
[_w n d a ]_w
[_w b ə ɾ f e dʒ ]_w
[_w n t e ɾ i a ]_w
[_w b ə ɾ c i c e t ]_w
[_w o b j e ɡ t i ]_w
[_w d a ɫ o n ]_w
[_w c i θ ]_w
[_w c ua n ]_w
[_w b ɾ o ð i m i t ]_w
[_w v l e ɾ a t i t ]_w
[_w d i t a ]_w
[_w v a t ]_w
[_w t e t y ɾ ə s ]_w
[_w ɲ ə j t a t ]_w
[_w h o c i ]_w
[_w l i p ɾ i t i ]_w
[_w e θ e ]_w
[_w ʃ ə n d e t ]_w
[_w z e l i ]_w
[_w l a ɾ ɡ o ]_w
[_w l o j t a ɾ i ]_w
[_w v l e ɾ ə ]_w
[_w b ɾ o j t j e t ]_w
[_w f e n d e ]_w
[_w p a ɾ ə t o ]_w
[_w v e n d o h e t ]_w
[_w i s l a m e ]_w
[_w a l b e ɾ d ]_w
[_w o p j e k t e ]_w
[_w m a r a ]_w
[_w b ə ɾ b u ð j e ]_w
[_w d e ɡ ə v e ]_w
[_w n d a l ua ɾ a ]_w
[_w k ɾ i j i m i ]_w
[_w z j a r i ]_w
[_w t u k ʃ m e ]_w
[_w p ɾ a n ua n ]_w
[_w a n d i k e ]_w
[_w n a t ə s ]_w
[_w ɾ o l i ]_w
[_w p e ɾ ə n d ə r ]_w
[_w l u m i ]_w
[_w a s ɲ ə ]_w
[_w z u ɾ i s ə ]_w
[_w m b a ɾ o n ]_w
[_w ɟ i ð ə ]_w
[_w k θ i m i t ]_w
[_w d e o ɾ i k e ]_w
[_w m e z j e t ]_w
[_w z u l m ua ɾ ]_w
[_w k l u p e t ]_w
[_w k u ʃ t e t i ]_w
[_w k ə ɾ k e s ə ]_w
[_w t u ɾ ɡ e ]_w
[_w n d a j n ə ]_w
[_w a v ə ɾ s i ]_w
[_w c a s i m ]_w
[_w s t a t u s i n ]_w
[_w a s ɲ e ]_w
[_w l i θ j a ]_w
[_w e m ɾ a ]_w
[_w l i ð j e n ]_w
[_w m a ð e ]_w
[_w c y t e t e t ]_w
[_w a k t ua l ]_w
[_w c ua j t i ]_w
[_w j e t o i ]_w
[_w p ə ɾ t o ɾ ə ]_w
[_w a ɫ a h u ]_w
[_w v a ɾ ə s i ]_w
[_w e t n i ɡ ]_w
[_w ɟ a ɾ ɟ e ]_w
[_w k i n ə n ]_w
[_w a ɾ s i m i n ]_w
[_w θ ua ʃ ]_w
[_w d i k u ]_w
[_w l i p ə ɾ i ]_w
[_w ʃ f i ɫ ua ]_w
[_w p a z o j a t ]_w
[_w n ə s e ]_w
[_w i n d u ɾ ]_w
[_w c a ɾ d a ]_w
[_w ɡ ɾ i j ua ɾ ]_w
[_w d o k a ]_w
[_w p u n o n i n ]_w
[_w a n ə t ]_w
[_w m e ð a ]_w
[_w s e ts i l i n ]_w
[_w t e dz a s ]_w
[_w p i k a d ]_w
[_w ɾ u ɾ a l e l e ]_w
[_w u n ə ]_w
[_w n ɟ a ɾ j e ]_w
[_w h y n ə ]_w
[_w m a s ə s ]_w
[_w ɡ o n d ɾ ə s ]_w
[_w v l e ɾ a t ]_w
[_w ʃ t o h e t ]_w
[_w v i ɫ o ɾ e ]_w
[_w ɡ o m u n ə s ]_w
[_w m o t ɾ a n e ]_w
[_w v j e t o j n ə ]_w
[_w ɾ o m a n ]_w
[_w l i p ɾ a ]_w
[_w h a b e t ]_w
[_w l u i ɟ ]_w
[_w ʃ e ɡ u ɫ i ]_w
[_w k i ʃ a t ]_w
[_w ʃ ə n o i ]_w
[_w k a ɾ a k e ]_w
[_w v e t ə n ]_w
[_w k a n ə ]_w
[_w tʃ f a ɾ ə t ]_w
[_w ʃ p ɾ e h j e ]_w
[_w v ə ɫ a ]_w
[_w p a n o ɾ e ]_w
[_w s k ua d ɾ ə n ]_w
[_w ʃ k a ɫ a ]_w
[_w j e p e j ]_w
[_w a θ i n ə ]_w
[_w p e l c i ɡ ə ]_w
[_w a k a t e m i n ]_w
[_w p u b l i k ua ɾ ]_w
[_w k a t e m i a ]_w
[_w b ɾ i s t e ]_w
[_w ɟ a ɫ ə ]_w
[_w l i ð j e t o ɾ ]_w
[_w b ɾ a n d ə n ]_w
[_w d i m ə ]_w
[_w m u z i k ə s ]_w
[_w i t ɾ i s ə ]_w
[_w d i t u ɾ ]_w
[_w m u z i k a ]_w
[_w ɟ ua n ]_w
[_w k ɾ i ʃ t i t ]_w
[_w ɟ y t e t i ]_w
[_w t ɾ a ʒ ə ]_w
[_w v i l m a t ]_w
[_w m a r e ]_w
[_w d u k e ]_w
[_w b e h e t ]_w
[_w s e v ]_w
[_w f ə ɫ a ]_w
[_w v e ɾ i o z e ]_w
[_w p o b u ɫ o ɾ ]_w
[_w d ɾ u p ]_w
[_w ʃ f a ɟ e n ]_w
[_w v l o ɾ a ]_w
[_w t ɾ i m a ]_w
[_w f a ʃ t ue ʃ ə m ]_w
[_w a z i s ə ]_w
[_w b o l i t i k ]_w
[_w f ə ɫ a i ]_w
[_w v e tʃ s e ]_w
[_w i t e ]_w
[_w n e z ə ɾ ]_w
[_w p u n i m e ]_w
[_w v l i t e t ə s ]_w
[_w n u m ɾ i ]_w
[_w c e n ə z ]_w
[_w h u m p ]_w
[_w b u ɾ i m ]_w
[_w s t u t i m i ]_w
[_w a t j e ]_w
[_w b a s u ɾ ]_w
[_w n d o ɲ e ]_w
[_w m a r ]_w
[_w t j e ɾ ə v e ]_w
[_w k u l t u ɾ ə s ]_w
[_w s a n ]_w
[_w d e k ə n ]_w
[_w t o ɾ e ]_w
[_w d e m ə ]_w
[_w b o p u ɫ i ]_w
[_w s c o ð ]_w
[_w i l i ɾ i m i ]_w
[_w a r i n t e ɾ ]_w
[_w v i k u ɾ a d ]_w
[_w i ʃ u ɫ ]_w
[_w k u p t i m i n ]_w
[_w l i θ ]_w
[_w ɟ e ɾ ɟ i ]_w
[_w n d i k i m i ]_w
[_w k o z o v a ɾ e ]_w
[_w n t ə ɾ t ]_w
[_w m a s ə ]_w
[_w l i θ e t ]_w
[_w ʃ k o ]_w
[_w ɾ a s t i t ]_w
[_w b ɾ o n i n ]_w
[_w m a l e t ]_w
[_w p ɾ o b o j ə z ]_w
[_w ts i v i l e ]_w
[_w k o k a ]_w
[_w l i n d o ɾ ]_w
[_w m ə ð e ɲ ]_w
[_w s k e n a ɾ i d ]_w
[_w t o n ]_w
[_w p e n d i t ]_w
[_w a u t o ɾ ə ]_w
[_w ʃ t e p i ]_w
[_w m b ɾ e t ]_w
[_w f a ɾ ɟ e t ]_w
[_w m e t o t ə ]_w
[_w d a k i m ]_w
[_w n e v o j a ]_w
[_w p j e s ]_w
[_w l ə v i s j e s ]_w
[_w o ɾ ə ]_w
[_w ɾ e c i a ]_w
[_w f j e t i t ]_w
[_w i l i ɾ ə ]_w
[_w ɲ ə ɟ i n d ]_w
[_w m i ɾ ə ]_w
[_w d a l j e ]_w
[_w d a l i s ua ɾ ]_w
[_w k a s e t a ]_w
[_w m a ɾ i a ]_w
[_w f a k t e ]_w
[_w b o a ʃ t u ]_w
[_w s t u t i o n ]_w
[_w m a s e ]_w
[_w d i b l o m ua ]_w
[_w d a ɫ ua ɾ ]_w
[_w p ɾ o ts e s e t ]_w
[_w t i b i k e ]_w
[_w ʃ k o ɫ ə s ]_w
[_w d ɾ e j t o ɾ i ]_w
[_w l o ɾ e ]_w
[_w ʃ k ua n ]_w
[_w f ə ɫ i m e ]_w
[_w ɾ o m ə s ]_w
[_w m a j a ]_w
[_w p i m o ɾ e ]_w
[_w s v i ts ə ɾ ]_w
[_w n d i h m a ]_w
[_w f o ɾ m a ]_w
[_w b ɾ i ɫ ]_w
[_w n d j e ɡ i n ]_w
[_w ɾ a j o n i t ]_w
[_w k ɾ i p ə ]_w
[_w ʃ t y p ]_w
[_w p ə ɾ ɟ i ɟ e n ]_w
[_w s ə m u ɾ ə ]_w
[_w k l a s i m ]_w
[_w m a k i n ə n ]_w
[_w f i s e t ]_w
[_w s ɫ a v e ]_w
[_w f e z ə ]_w
[_w ʃ k a t ə ɾ ]_w
[_w ʃ c i p t i t ]_w
[_w k ɾ e ɟ i n ə ]_w
[_w ɲ ə s i d ]_w
[_w o p j e k t e t ]_w
[_w k ɾ a h i n ə s ]_w
[_w b ə ɾ t o ɾ u ɾ ]_w
[_w m e n d j e n ]_w
[_w m a r j e n ]_w
[_w k o m b i ]_w
[_w v u n d i t ]_w
[_w r e ð i ]_w
[_w p ɾ o s ə ]_w
[_w ʃ e ɲ t ə ]_w
[_w n d e ɾ ua ɾ ]_w
[_w ɾ o m a ɡ e ]_w
[_w ɾ a s t i ɾ ]_w
[_w k ɾ i t i k a ]_w
[_w t o p ə t ]_w
[_w ʃ k o ɫ e ]_w
[_w m e n y ɾ e ]_w
[_w f j a l ə v e ]_w
[_w d ɾ e j t a v e ]_w
[_w v j e t o n ]_w
[_w p i ɾ i t ]_w
[_w l i ɟ e n i t ]_w
[_w l ə n d ə n ]_w
[_w ð ə n a v e ]_w
[_w e k ɾ a ]_w
[_w l i ð j e v e ]_w
[_w k ɾ i j ua ]_w
[_w z b u l ua ɾ ]_w
[_w f i ɫ o i ]_w
[_w d u ɡ e ]_w
[_w u ɾ b a n e ]_w
[_w ʃ e ɡ u ɫ a ]_w
[_w f e n d o s e n ]_w
[_w h a v i s ]_w
[_w n e n i ]_w
[_w k ɾ i m e ]_w
[_w ɲ i h t e ]_w
[_w b u ɾ i m e ]_w
[_w c a s j e s ]_w
[_w ɡ u n d e t ]_w
[_w t e a d ɾ i a ]_w
[_w k ɾ a t ə ]_w
[_w b e s i m i ]_w
[_w l a ɾ t a ]_w
[_w j a m e z ]_w
[_w f a ts e p o o k ]_w
[_w t y t ə ]_w
[_w d a ɫ o h e t ]_w
[_w m a ɾ t e s a ]_w
[_w a ɾ t ]_w
[_w k o ɡ ə ]_w
[_w e t n i k ]_w
[_w θ e ɫ ə ]_w
[_w t m θ ]_w
[_w a k t ]_w
[_w c u h e n ]_w
[_w p e s i m ]_w
[_w p o ɾ t a ]_w
[_w m a s a f e ]_w
[_w n d ə ɾ d ]_w
[_w ʃ k ə l c ye ɾ ]_w
[_w h a p a ]_w
[_w f e p ɾ i m i t ]_w
[_w v a t m i ɾ ]_w
[_w n ɡ ɾ i t i k ]_w
[_w t i p a ɾ e t ]_w
[_w θ e m e l ue s ]_w
[_w b a ɾ t i ]_w
[_w h e ɟ u ɾ ]_w
[_w p u n ə v e ]_w
[_w ɾ o m a k ]_w
[_w ɡ ɾ i t i ]_w
[_w s t u t e n t ə ]_w
[_w j e t e ɾ ]_w
[_w p a ʃ a ]_w
[_w s a ɾ a n d ə ]_w
[_w f i t o i ]_w
[_w f a ʒ d ue ʃ ə m ]_w
[_w i l i ɾ e ]_w
[_w f l o ɡ ə t ]_w
[_w a k t ua l e ]_w
[_w b e ʃ ə ]_w
[_w p e z n i k ə ]_w
[_w p ɾ a n i a ]_w
[_w t i b i t ]_w
[_w l ə k u ɾ ə n ]_w
[_w h a ɾ t ua ɾ a ]_w
[_w n d ə ɾ s a ]_w
[_w a t e m i t ]_w
[_w j u ɡ o ɾ ]_w
[_w m o r i ]_w
[_w f i t i n ]_w
[_w c ə ɾ ə ]_w
[_w k o n ɡ ɾ e s i ]_w
[_w ɫ o j i ]_w
[_w v e dʒ a n d ə ]_w
[_w n t o c i ]_w
[_w a n ɡ l e s ]_w
[_w k u tʃ i ]_w
[_w m b ɾ e t i ]_w
[_w n dz ə n ə s ]_w
[_w m ua j i ]_w
[_w b ə ɾ t o ɾ i a ]_w
[_w d u h a n i d ]_w
[_w a t ɾ i o d ]_w
[_w a k u s ua ɾ ]_w
[_w f e ɾ s i o n ]_w
[_w ʃ i h e n ]_w
[_w ɟ ə n t ɾ o ɾ ]_w
[_w d e ʃ ]_w
[_w v a m i l j a ]_w
[_w ʃ c ua ɾ ]_w
[_w p ə ɾ m e n t e ]_w
[_w l u ɡ a ]_w
[_w p ɾ o ð i m i t ]_w
[_w o ɾ k a n e f e ]_w
[_w r e p t ə ]_w
[_w p u j a ɾ ]_w
[_w m b u l ua ]_w
[_w k a l o n ]_w
[_w m a ɾ t i z ə ]_w
[_w j e s u ]_w
[_w e r ə t ]_w
[_w m u ɾ i t ]_w
[_w p e s n i ɡ e ]_w
[_w b a t j e ]_w
[_w k ɾ ua ]_w
[_w b u k ə s i m ]_w
[_w f a ʃ t o n ]_w
[_w b o p u ɫ o ɾ e ]_w
[_w ɲ o h i n ]_w
[_w d e a t ɾ i ]_w
[_w z j e ɫ ]_w
[_w t a t o ɾ ]_w
[_w b u j a ɾ ]_w
[_w d a ʃ u ɾ i ]_w
[_w a n d ɾ e a m ]_w
[_w b u ʃ t e t ]_w
[_w p u r a t ]_w
[_w s j a r i n ]_w
[_w m e s a t ]_w
[_w h y s e n ]_w
[_w ʃ k u ɾ t ]_w
[_w l u t j e ]_w
[_w ɡ ə ɾ k e t ]_w
[_w m b ɾ o j t ə s ]_w
[_w t e t o f ə ]_w
[_w l o ð u ɾ ]_w
[_w n d i h m o i ]_w
[_w p i n d e ]_w
[_w ɾ i ɲ v e ]_w
[_w p a ɲ o ɫ e ]_w
[_w ʃ f a c e n ]_w
[_w p a n ə ]_w
[_w t e j e ]_w
[_w d e k a ]_w
[_w s t u t i o ]_w
[_w k a l i m i n ]_w
[_w k o n ts e p t ]_w
[_w f o ɾ m a v e ]_w
[_w d y t ə ]_w
[_w j a p o n i a ]_w
[_w v o ɾ ts ə ]_w
[_w t ə ɾ a t ]_w
[_w m ə n y ɾ ə n ]_w
[_w k l o p a l e ]_w
[_w v u d e n d ə ]_w
[_w b ɾ a ]_w
[_w v l o ɾ ə ]_w
[_w c e ɾ a ]_w
[_w ɡ ə ʃ i ɫ i n ]_w
[_w p e s a ]_w
[_w m a ɾ k o h ə n ]_w
[_w t i ɫ e ]_w
[_w p o l i t i k e ]_w
[_w a ɾ i t ]_w
[_w b o p u ɫ a t a ]_w
[_w n d i c t e ]_w
[_w m e n d o ɾ ]_w
[_w i n t i ]_w
[_w l i θ j e n ]_w
[_w ʃ u m i dz a ]_w
[_w ʃ t y p i n ]_w
[_w ɡ ɾ ye s o ɾ ]_w
[_w d a k o j n ə ]_w
[_w z o ɫ ə n ]_w
[_w d u d j e ]_w
[_w d e k s a ]_w
[_w k o h a ]_w
[_w m e n d i m ]_w
[_w l u f t o n i n ]_w
[_w m ua j i t ]_w
[_w ɾ a s t ]_w
[_w c u h ə s o ɾ ]_w
[_w k ə t o ]_w
[_w ɟ a k u n ]_w
[_w t o ɾ ə ]_w
[_w p a ʒ ə ]_w
[_w a t ə h e ɾ ə ]_w
[_w t o d ]_w
[_w m e s ð e ]_w
[_w v o n ]_w
[_w f j e n ə ]_w
[_w p i ɾ i ]_w
[_w t ɾ e j t o n ]_w
[_w s a j ]_w
[_w n ə n d o ɾ e j ]_w
[_w k u k ə s ]_w
[_w j e z u i n ]_w
[_w t j e ]_w
[_w p ə ɾ f ʃ i ]_w
[_w a ɾ ð ʃ m e ]_w
[_w t ɾ a d i t ]_w
[_w v a ɾ k u t ]_w
[_w ʃ f i ɫ ua n ]_w
[_w f i n a l e ]_w
[_w d o ɫ a ɾ ə ]_w
[_w ɡ ɾ ye j n ə ]_w
[_w v i t o ɾ e ]_w
[_w s t u d i o n ]_w
[_w f e t ə ]_w
[_w f a j s a ]_w
[_w r u k ə t ]_w
[_w d e r i t o ɾ e ]_w
[_w r e ð i n ]_w
[_w k ə t ə ]_w
[_w ɲ ə ɾ ə n ]_w
[_w v u d e n ]_w
[_w v e t m e ]_w
[_w ɾ a ð e ]_w
[_w z y n i m ]_w
[_w v a m ʃ ə m ]_w
[_w ʃ a r i t i ]_w
[_w ɡ u c ]_w
[_w l i n t i ]_w
[_w v d i ɟ ]_w
[_w b ə ɾ s ə ɾ i t ]_w
[_w ʃ k e n ts o ɾ ]_w
[_w d ua j a ]_w
[_w ʃ t u ɡ u ɾ ]_w
[_w f i ɫ ua n ]_w
[_w v a v o ɾ ʃ m e ]_w
[_w b a ɾ i ]_w
[_w p a c e ]_w
[_w tʃ l i ɾ i n ]_w
[_w p u b l i k u n ]_w
[_w j e n ə s e ]_w
[_w p o d ua ɾ ]_w
[_w m b a ɾ i m e ]_w
[_w k ɾ i j ue s e ]_w
[_w b ə ɾ ɟ i ɟ e ]_w
[_w p o t ə ɾ ]_w
[_w p ɾ o ð i m i ]_w
[_w ts a k t ua l e ]_w
[_w p j e s e ]_w
[_w k o m p e t e t ]_w
[_w a s i s ə ]_w
[_w m b ɾ o j e ɡ t ]_w
[_w p o z i ts i o n ]_w
[_w ɲ ə s i ]_w
[_w v j e t o ɾ ]_w
[_w m o t e ɾ n e ]_w
[_w m a ɾ d e s ə s ]_w
[_w p ɾ a n o j n ə ]_w
[_w h e ɾ ə ]_w
[_w m i n e ɾ a l ]_w
[_w s e ɾ p ə ]_w
[_w a f ə ɾ s i a ]_w
[_w s i s t e ]_w
[_w ɲ e ɾ i u ð ə s ]_w
[_w j e s u i ]_w
[_w p ɾ a n o i ]_w
[_w c i l a n ]_w
[_w v a ɡ t e ɾ ]_w
[_w f i ɫ o h e n ]_w
[_w ʃ i h ]_w
[_w ɾ u s ]_w
[_w n a t y ɾ ʃ m e ]_w
[_w j e t o j n ə ]_w
[_w m i c t ə ]_w
[_w a ɾ ð m e n ]_w
[_w i s l a m i ]_w
[_w v a m i l j e ]_w
[_w i ʃ e ]_w
[_w ɟ e c ə s ]_w
[_w n ɟ a ɾ j e v e ]_w
[_w i ʃ u j ]_w
[_w z j e ɫ j e n ]_w
[_w t e t ]_w
[_w k e o ɾ ɡ e ]_w
[_w s i k u ɾ ]_w
[_w ɡ ɾ a t ə n ]_w
[_w j o ɾ ɡ ]_w
[_w i t a l ]_w
[_w h e ɾ e ]_w
[_w p u n i m e v e ]_w
[_w b u n o j n ə ]_w
[_w ʃ t y p u ɾ ]_w
[_w ts h a ɾ l e s ]_w
[_w u l c i n i t ]_w
[_w v a i ɡ ]_w
[_w m i ɾ t i t ]_w
[_w ɡ i n e s e ]_w
[_w v i k u ɾ t ə ]_w
[_w a ɾ s ye ]_w
[_w v e ɾ i s ə ]_w
[_w dz o u n d y ]_w
[_w d i ɫ e ]_w
[_w f j e d ə s ]_w
[_w n d e ɾ ʃ ə m ]_w
[_w ʃ p e ʃ t a ]_w
[_w k ɾ e j t o n ]_w
[_w i n t e ]_w
[_w k u b d o j m ə ]_w
[_w d i tʃ k a ]_w
[_w m i n i s t ɾ i ]_w
[_w tʃ o j n ə ]_w
[_w θ j e ʃ t ]_w
[_w ð j e t o ɾ ]_w
[_w l i θ j e z ]_w
[_w l ə v i s j a ]_w
[_w p a s o h e t ]_w
[_w ʃ k o ɫ o ɾ e ]_w
[_w v a t i ]_w
[_w r u k a ]_w
[_w n d j e ɡ u ɾ ]_w
[_w t e k ə v e ]_w
[_w l a ɾ k o h ə ]_w
[_w a k t i n ]_w
[_w m a l a z e s e ]_w
[_w a l b e ɾ t ]_w
[_w l a c e n ]_w
[_w e ɡ i p i n ]_w
[_w k o j a ]_w
[_w ʃ t ɾ i a t i k ]_w
[_w d ɾ e j t a ]_w
[_w f e n d i n ]_w
[_w d o ɡ a ]_w
[_w f l o ɾ ə ]_w
[_w k ə ɾ k o j n ə ]_w
[_w n d e ʃ j e t ]_w
[_w p o d ue s e ]_w
[_w f e n t i m i n ]_w
[_w t u r ə s i ]_w
[_w ð e ɫ ə ]_w
[_w f o k ə l ]_w
[_w f ə n ə ]_w
[_w m b a h e n ]_w
[_w l i ɟ ]_w
[_w tʃ d o ]_w
[_w d i p i t ]_w
[_w j e n ə s ]_w
[_w e ɡ i p i ]_w
[_w t ə ɾ k a s i n ]_w
[_w e k i p i n ]_w
[_w f i t i t ]_w
[_w b ə ɾ ]_w
[_w k ɾ ye ɾ a ]_w
[_w ð ə n a f e ]_w
[_w p o p u ɫ s i a ]_w
[_w p a s u ɾ a ]_w
[_w v u n d i n ]_w
[_w ð i m i ]_w
[_w m a ɾ t ua ɾ ]_w
[_w o k b s ə ]_w
[_w d m θ ]_w
[_w d a d o ɾ ]_w
[_w m i ɾ a ]_w
[_w k u v i ɾ i t ]_w
[_w p ɾ e k u n ]_w
[_w e ɡ o n ]_w
[_w h ua j a ]_w
[_w p a s o j a ]_w
[_w v i t o ɾ e t ]_w
[_w ɡ a l ua ɾ ə n ]_w
[_w a k t o ɾ ə s ]_w
[_w s a k o n i n ]_w
[_w f e n d o j ]_w
[_w ɟ e n i ]_w
[_w ɾ a s t i n ]_w
[_w t e ɾ i s a ]_w
[_w k u ʃ t o ]_w
[_w v u n d i m ]_w
[_w s e ts i l i ]_w
[_w ð a n ə ]_w
[_w a u t o ɾ ]_w
[_w a t o ]_w
[_w k u ʃ t ]_w
[_w s a l i ]_w
[_w v i t ua ɾ ]_w
[_w i s l a m i k e ]_w
[_w t o k a ]_w
[_w p o d ə ɾ o ɾ ]_w
[_w θ ye ɾ ]_w
[_w ɡ ə t u ]_w
[_w d i b ə ɾ ]_w
[_w b a n o ɾ ə t ]_w
[_w b ɾ e n d a ]_w
[_w p o d i m i n ]_w
[_w m e s j e t ə n ]_w
[_w t e t i n ]_w
[_w k o k u ]_w
[_w ð o m a ]_w
[_w z e l a n i d ]_w
[_w j a m ]_w
[_w ʃ p e j t ə n ]_w
[_w n u m ɾ i n ]_w
[_w n i v e l e t ]_w
[_w m u n t i t ]_w
[_w d ɾ e j t o i ]_w
[_w ʃ t e t e ]_w
[_w v a ʃ t i m i n ]_w
[_w d a ɫ i m ]_w
[_w ʃ p i ɾ t i n ]_w
[_w i t e n ə ]_w
[_w k u r f a ɾ ə ]_w
[_w ɟ o n i ]_w
[_w r j e ð i n ]_w
[_w z i tʃ ]_w
[_w t o k ə s ]_w
[_w d a ʃ u ɾ i n ]_w
[_w c a ʃ t ə ]_w
[_w m o d e ɾ n e t ]_w
[_w ʃ k ɾ ua n ]_w
[_w k o r i k u t ]_w
[_w v e m ɾ a d ]_w
[_w p l a n ]_w
[_w p ə ɾ m e n ]_w
[_w e v ɾ o b i a n ]_w
[_w ɾ o l ]_w
[_w i ʃ i n ]_w
[_w ɾ ə n ie s ]_w
[_w c e n t ɾ a ]_w
[_w ɫ o j i t ]_w
[_w m a t ɾ i t ]_w
[_w c e v e ɾ i n ə ]_w
[_w s c a t i ]_w
[_w t ɾ e ɡ ue s ]_w
[_w b e s ə ]_w
[_w c ua j t ]_w
[_w p a f l i ]_w
[_w j e ʃ ]_w
[_w t j e ɾ ə ]_w
[_w p a ɫ ə ]_w
[_w s e m ɾ ə n ]_w
[_w ɟ i θ a t ə ]_w
[_w p ə ɾ b a ɫ ə ]_w
[_w z y ɾ d a ɾ ]_w
[_w p a ɾ a c i t ]_w
[_w b u n a ]_w
[_w ʃ t u k u ɾ ]_w
[_w b a n o ɾ ə v e ]_w
[_w k o s o f a ɾ ]_w
[_w n d ə ɾ d ua n ]_w
[_w m b ɾ e t i d ]_w
[_w v u t b o ɫ i ]_w
[_w i s u f ]_w
[_w ɟ e n t ɾ ə n ]_w
[_w l ə n d ə s i ]_w
[_w c e m a l i ]_w
[_w v a s i l ]_w
[_w t i u ]_w
[_w u ɾ ð ə ɾ o i ]_w
[_w m ə s o j m ə ]_w
[_w b ɾ o f a ]_w
[_w j u k u t ]_w
[_w m o m e n d ]_w
[_w ʃ e k u j ]_w
[_w b ə ɾ b ə h e n ]_w
[_w ʒ d e d i n ]_w
[_w m i ɾ ə p o ]_w
[_w d ɾ i ]_w
[_w l i n t o ɾ ]_w
[_w p i p l ə n ]_w
[_w z a k t ə ]_w
[_w ʃ t ɾ e z a ]_w
[_w j u k u ]_w
[_w l e k a ]_w
[_w f ʃ e h u ]_w
[_w a n ə s ]_w
[_w d o k ə n ]_w
[_w j u ɡ u t ]_w
[_w p ɾ o b o j ə s ]_w
[_w p a s ]_w
[_w f i s i t ]_w
[_w n ts ə n ə z ]_w
[_w ʃ k o i ]_w
[_w d ɾ e ɡ i m e ]_w
[_w k l a s ə ]_w
[_w p u ʃ t ua ɾ ]_w
[_w ʃ k o t ə ɾ ]_w
[_w t e ɾ ]_w
[_w n t ə ɾ t ua ɾ a ]_w
[_w r i t j e ]_w
[_w s i t o i ]_w
[_w s u n t i m ]_w
[_w m o t e l ]_w
[_w z e ɾ b ]_w
[_w n a t y ɾ e ]_w
[_w j e t o n i n ]_w
[_w l u m i t ]_w
[_w k ɾ u b i ]_w
[_w f e tʃ s e ]_w
[_w a l b u m e ]_w
[_w n u k ]_w
[_w s e s a ]_w
[_w p o z i t i v e ]_w
[_w b ɾ o ɡ ɾ a m e ]_w
[_w a t i j ]_w
[_w s o k u d ]_w
[_w f e ɾ i ]_w
[_w d e k l a ]_w
[_w d j e t e v e ]_w
[_w θ ə n a v e ]_w
[_w p u p l i k u ]_w
[_w ʃ k a d ə ɾ ]_w
[_w m b a j t u ɾ ]_w
[_w f a k t i v e ]_w
[_w n ɟ i t u ɾ ]_w
[_w v a ɾ e t ]_w
[_w j e s u s i ]_w
[_w b ə ɾ t o ɾ i ]_w
[_w ʃ o c ə ɾ i a ]_w
[_w n o ɾ m a ]_w
[_w b a ɫ ə ]_w
[_w k a t ʃ ə m ]_w
[_w a s p e k t ]_w
[_w b a ʃ k ua ]_w
[_w k a ʃ i ]_w
[_w n t ɾ y ʃ i m e ]_w
[_w t i d u ɾ ]_w
[_w k o h o ɾ e ]_w
[_w f i j o n ]_w
[_w v a ɾ ɡ u t ]_w
[_w v u c i ʃ ə m ]_w
[_w m ə v o n ʃ m e ]_w
[_w v o ɾ ts ua ɾ ]_w
[_w b ə ɾ d o ɾ ə ]_w
[_w k ə s a j ]_w
[_w n u m ɾ i d ]_w
[_w a l i ]_w
[_w f i n a l ]_w
[_w e t n i k e ]_w
[_w n ə n d ə v e ]_w
[_w f a s ə ]_w
[_w c a ɾ ɟ e t ]_w
[_w ʃ u m t i ]_w
[_w y ɫ i ]_w
[_w k o p j e ɡ ua ɾ ]_w
[_w p ɾ o v e s o ɾ ]_w
[_w n d a j ]_w
[_w c a t ə s ]_w
[_w p a ɫ k a n ]_w
[_w ɲ ə s i v e ]_w
[_w l e j ua ɾ ]_w
[_w f i t e o ]_w
[_w v u c i v e ]_w
[_w o ɾ k a n e ]_w
[_w b a p a i ]_w
[_w a n ɡ l i ʃ t ]_w
[_w f e m ɾ a t ]_w
[_w h u m p j e n ]_w
[_w p i s n e s i t ]_w
[_w f e n d o j m ə ]_w
[_w a n ɡ a ʃ ua ɾ ]_w
[_w l i ɾ ə t ]_w
[_w a f ɾ i k ə s ]_w
[_w b a p a ]_w
[_w j o n ə ]_w
[_w ɲ ə ɟ i n d e ]_w
[_w ʃ p a ɫ u ɾ ]_w
[_w ɡ i ʃ ə z ]_w
[_w m a n a s t i t ]_w
[_w p a t j e ]_w
[_w b u k ə s ]_w
[_w t e t y ɾ ua ]_w
[_w a ɫ ɫ a h u ]_w
[_w f i t e ʃ ]_w
[_w ɟ y t e t i n ]_w
[_w b ɾ e n d i t ]_w
[_w s o n a t ]_w
[_w ɾ e v e ɾ i u d ]_w
[_w p o d ə ɾ o ɾ ə ]_w
[_w k a l o j n ə ]_w
[_w l u f t o n ]_w
[_w θ ua j ]_w
[_w d o ɡ e ]_w
[_w c u h ə t ]_w
[_w k u j t e s ]_w
[_w u ʃ t ɾ i t ]_w
[_w f j a l ə t ]_w
[_w ɟ a d e ]_w
[_w a h m e t ]_w
[_w v i ɫ ua ɾ ]_w
[_w t i j a ]_w
[_w k a t o l i k e ]_w
[_w r e θ i n ]_w
[_w k ɾ u p e v e ]_w
[_w f a j z ə n ]_w
[_w p a v a ɾ u ɾ ]_w
[_w k θ e u ]_w
[_w v i t e o ]_w
[_w k e t i j ]_w
[_w ɡ i ʃ a t ]_w
[_w j e s u z i ]_w
[_w h u m b ə n ]_w
[_w ʃ k o t ə ɾ o ɾ ]_w
[_w k ɾ i j o j n ə ]_w
[_w s y n o n d e ]_w
[_w r j e θ ə n ]_w
[_w ʃ k o ɫ ə ]_w
[_w p ə ɾ a ]_w
[_w h e θ ]_w
[_w θ o m ə ]_w
[_w d ɾ e k t a ɾ e ]_w
[_w m o i z i u t ]_w
[_w ɟ i l a n i d ]_w
[_w v i k u ɾ ]_w
[_w p i k t u ɾ a ]_w
[_w n d o ð e t ]_w
[_w ɾ a θ ə t ]_w
[_w k ɾ e k ə t ]_w
[_w b ə ɾ h a b ]_w
[_w l i n t j e ɲ a ]_w
[_w a ɾ ɟ e n d ɾ a ]_w
[_w d o n d e ]_w
[_w a s p e ɡ t e ]_w
[_w e ʃ t ə ]_w
[_w m e n d j e ]_w
[_w a l b u m ]_w
[_w ʃ t ə p i a k e ]_w
[_w ʃ u m i ts ə ]_w
[_w v u c i n ə ]_w
[_w d i t ə s ]_w
[_w k e ʃ t u ]_w
[_w v i ɫ o i ]_w
[_w f a ʃ t o i ]_w
[_w n d o n ə s e ]_w
[_w m e j e ]_w
[_w ts i i i ]_w
[_w t i j ]_w
[_w ʃ f i ɫ i m e ]_w
[_w ʃ k e n ts a v e ]_w
[_w b ɾ a n o i ]_w
[_w t ə n ua ]_w
[_w n d a ɾ j e ]_w
[_w s c e ɾ i m i n ]_w
[_w c e n t e ]_w
[_w tʃ m i m i n ]_w
[_w a ɾ ð j e n ]_w
[_w e k o n o m i a ]_w
[_w f i i ]_w
[_w k a z e d a d ]_w
[_w b a ye ɾ n ]_w
[_w m a θ ə ]_w
[_w b a ɾ a l e ]_w
[_w b ye t ]_w
[_w d e p u t e t ]_w
[_w m e n t ]_w
[_w h e ɾ ʃ ə m ]_w
[_w t ɾ e k t e t ]_w
[_w n ɡ ɾ ə n ə ]_w
[_w f e ɾ i u ]_w
[_w l i p ɾ i ]_w
[_w p i p l ə s ]_w
[_w ð i r e t ]_w
[_w f i k u ɾ d ə ]_w
[_w p u ɫ ɡ a ɾ e ]_w
[_w l e d ɾ a ]_w
[_w p e n ]_w
[_w m b ɾ e t ə ɾ ]_w
[_w m u s t a v a ]_w
[_w d e t i ]_w
[_w t a n i ]_w
[_w ts a ɾ o l i ]_w
[_w f e p ɾ a ]_w
[_w ʃ k ɾ i m i t ]_w
[_w l a ɾ k ]_w
[_w k a z e ]_w
[_w k o t ]_w
[_w d i t o ɾ i ]_w
[_w f i n i n ]_w
[_w d o m e ð ə n ə ]_w
[_w ɡ a s e t ə ]_w
[_w b ə h e ʃ i n ]_w
[_w t ɾ e k o j ə ]_w
[_w d o m ]_w
[_w s u n d i n ]_w
[_w t ɾ a j n e ɾ ]_w
[_w k a ɾ a k t i f ]_w
[_w v a z ə ]_w
[_w f ɾ a n dz ə ]_w
[_w b ɾ e k u ɾ ]_w
[_w p u p l i k ]_w
[_w b ə ɾ ɟ i c ]_w
[_w ɾ o l i n ]_w
[_w f ə m i j ə ]_w
[_w k a m ]_w
[_w s u ɫ t a n ]_w
[_w d u r ə s i t ]_w
[_w v ɾ a ɾ ə ]_w
[_w s u l m ua ɾ ]_w
[_w a ɾ ð u ɾ a t ]_w
[_w b o ɾ d ]_w
[_w m e r n i n ]_w
[_w d i z i n ]_w
[_w y n ə ]_w
[_w v e tʃ ]_w
[_w tʃ f a ɾ ə ]_w
[_w p a c e n ]_w
[_w r e k u ɫ i n ]_w
[_w ts i l ə s i n ə ]_w
[_w p a l ə t ]_w
[_w tʃ ə ʃ t j a ]_w
[_w ʃ i h e d ]_w
[_w t o n d e ]_w
[_w l i n d j a ]_w
[_w m a l i ]_w
[_w t u r ə s i t ]_w
[_w tʃ e l a ]_w
[_w a k o m a n i a ]_w
[_w r u k ə n ]_w
[_w d e p e ɾ ]_w
[_w p a k u ]_w
[_w a ɾ ɟ e t ]_w
[_w f u t u ɾ ]_w
[_w p e j ə ]_w
[_w a s i n ]_w
[_w k o n d ɾ ə n ]_w
[_w d e o ɾ i ]_w
[_w ʃ p ɾ e s i n ]_w
[_w f i j ə ]_w
[_w v e n t i ]_w
[_w p e t e ɾ ]_w
[_w j e t o ɾ ]_w
[_w m a θ o ɾ e ]_w
[_w p ɾ o ts e s i t ]_w
[_w f ɾ u t a t ]_w
[_w n o ɾ m a v e ]_w
[_w f u ʃ ə ]_w
[_w a m e ɾ i k a ]_w
[_w f i t e ʒ ]_w
[_w r i t ]_w
[_w p ə ɾ t o ɾ u ɾ ]_w
[_w a s e m ]_w
[_w s o t ]_w
[_w ɾ e a l i t ]_w
[_w s t u t i ua ɾ ]_w
[_w z y n o n d e ]_w
[_w v i s i k ə ]_w
[_w n d i h m ə n ]_w
[_w ɾ e j a ]_w
[_w c e ɾ m a n e ]_w
[_w f o ɾ m u l a ]_w
[_w a ʃ t u ]_w
[_w d i p ɾ a f e ]_w
[_w b a ʒ ə s ]_w
[_w ɲ ə s e t ]_w
[_w p ɾ i c e t ]_w
[_w d u h e n ]_w
[_w c e f e ɾ ua ɾ ]_w
[_w n d i h m ə s ]_w
[_w f e t m ua ɾ ]_w
[_w ɟ i n t ɾ a t ]_w
[_w f e ɟ ə l ]_w
[_w ʃ u m i ts ə n ]_w
[_w ð j e t ɾ i n ]_w
[_w v i ɫ o j ]_w
[_w v i j ə n ]_w
[_w v i ɫ ua n ]_w
[_w r e ɡ u ɫ a v e ]_w
[_w ʃ t o i ]_w
[_w p a j i s u ɾ ]_w
[_w ʃ i ɡ o ]_w
[_w v a s a ]_w
[_w e u ɾ o p ə ]_w
[_w t ɾ e v e ]_w
[_w s o n e ]_w
[_w p a n o ɾ ]_w
[_w s e s o n i n ]_w
[_w k a l a j a ]_w
[_w b j e s e n ]_w
[_w k ɾ ye t a ɾ ]_w
[_w f e ɾ i o s e ]_w
[_w t i a ]_w
[_w r j e ð i m ]_w
[_w tʃ m ua ɾ ]_w
[_w d u ɾ ɡ ]_w
[_w m i l i o n a ]_w
[_w a f ə ɾ m i t ]_w
[_w ɲ e ɾ i u ð ə ]_w
[_w a j o ]_w
[_w l e ts o ]_w
[_w m a ɾ i n ]_w
[_w z e k s ua l e ]_w
[_w j e t ə ɾ ]_w
[_w v i ɫ i m i ]_w
[_w b u ɾ k ]_w
[_w j e n ə ]_w
[_w z a ɾ a n d ə ]_w
[_w l o n d ɾ a v e ]_w
[_w r i t e t ]_w
[_w k e o ɾ k e ]_w
[_w t e ɾ i ]_w
[_w p a m j e ]_w
[_w t i b ]_w
[_w s t u d i o i ]_w
[_w u ʃ t ɾ i a ]_w
[_w s k ə n d ua ɾ ]_w
[_w d ɾ e j t ue s ]_w
[_w z o t m e ]_w
[_w ɟ e ɾ ə s ua ɾ ]_w
[_w l u f t ə s ]_w
[_w b ɾ e t i t ]_w
[_w m b l e ð j e s ]_w
[_w ʃ c i p ]_w
[_w c i θ a ʃ ]_w
[_w ʃ k o j n ə ]_w
[_w m a z e ]_w
[_w s i k u ɾ i ]_w
[_w p a n o ɾ ə ʃ ]_w
[_w ʃ c i p t ]_w
[_w p l a k o s u ɾ ]_w
[_w c e t ə n ]_w
[_w v e t v e t e m ]_w
[_w a ɾ i d ]_w
[_w f i k u ɾ s e ]_w
[_w f i ɫ i m i ]_w
[_w p i p l i k ua ɾ ]_w
[_w a ɾ ð u ɾ a t ə ]_w
[_w c e n ]_w
[_w d o e n a ]_w
[_w m u n ɡ e s ə s ]_w
[_w b i j e ]_w
[_w a m e ɾ i k ə n ]_w
[_w b ɾ i t e t ə ]_w
[_w l u m t u ɾ ]_w
[_w k ə ʃ i ɫ t a ɾ ]_w
[_w ʃ e h u ]_w
[_w n ɡ a ɾ ɡ ua ]_w
[_w f u ɾ i ]_w
[_w f i s i t ə ]_w
[_w v e n d a ]_w
[_w n ə n ə n ]_w
[_w t i p i k ]_w
[_w r j e t i ]_w
[_w a n ɡ ]_w
[_w θ i r i ]_w
[_w t ə ɾ a ]_w
[_w e ɟ i p t a ɾ e ]_w
[_w k o s o f a ɾ e ]_w
[_w v i l m a d ]_w
[_w z i s t e m i ]_w
[_w k ɾ ye ]_w
[_w f e s ə ]_w
[_w a d o ]_w
[_w b ə ɾ b ə h e t ]_w
[_w v u n t i m e ]_w
[_w f ʃ e h t ə ]_w
[_w b a ɾ t i n ]_w
[_w v ə ɫ e s ə ɾ ]_w
[_w p a ɾ a f e ]_w
[_w h o ɫ ə ]_w
[_w e v ɾ o p a ]_w
[_w p s e ]_w
[_w l o ɡ a l ]_w
[_w t e t y ɾ ə ]_w
[_w ɟ y t e t a ɾ ]_w
[_w v e ɾ ə ]_w
[_w d e ɾ i a l ]_w
[_w v ɾ a s j e s ]_w
[_w ɲ ə ɾ a ]_w
[_w m b e t e j e t ]_w
[_w l e j o n ]_w
[_w z y n o n ]_w
[_w i ʃ u ɫ i t ]_w
[_w f i t o n ]_w
[_w a ʃ p ə ɾ ]_w
[_w r e ʃ t ]_w
[_w l e ʃ ə z ]_w
[_w p u n o n t e ]_w
[_w k ɾ a h i n a t ]_w
[_w v u ɫ n e t i n ]_w
[_w m b a j ə ]_w
[_w v i z e ]_w
[_w h y j n ə ]_w
[_w v ɾ a n ts a ]_w
[_w p l e ɾ ə s o ɾ ]_w
[_w p a ʃ ə s ]_w
[_w n t a ɾ a ]_w
[_w ɡ u l t u ɾ ə s ]_w
[_w b ə ɾ t o i ]_w
[_w l a ɾ ɡ o h e d ]_w
[_w t i p ɾ a ]_w
[_w m b a z i ]_w
[_w b i ɾ i n ə ]_w
[_w s t i l i t ]_w
[_w n ɡ a ]_w
[_w k a p u ɾ ]_w
[_w d e j e ]_w
[_w a f ɾ o ]_w
[_w k i n ə ]_w
[_w v d e k u ɾ ]_w
[_w m u n d u ɾ ]_w
[_w ʃ k ɾ i m i ]_w
[_w m j e t i ɡ ]_w
[_w i t e f e ]_w
[_w m ə s o i ]_w
[_w v j a l ə n ]_w
[_w k u ɡ ə s ]_w
[_w ɾ i l i n ]_w
[_w d ua j ]_w
[_w e c i b d a ɾ ə ]_w
[_w l i ɾ i m i n ]_w
[_w d ie ɫ i t ]_w
[_w b a ɾ a t ə ]_w
[_w f a n t a j ]_w
[_w m a ɾ d o h e t ]_w
[_w b o p u ɫ s i a ]_w
[_w t ɾ a j t ua ɾ ]_w
[_w l e t ə ɾ s i ]_w
[_w v a k t o ɾ ]_w
[_w p o s i t ə ]_w
[_w o ɾ i c i n ə n ]_w
[_w l e t ə ɾ i ]_w
[_w k ɾ e ɟ i ʃ t ]_w
[_w l u f t ə ɾ a ]_w
[_w k u ʃ t o i ]_w
[_w m ə p o ʃ t m e ]_w
[_w ɾ i ɲ t ə ]_w
[_w f o n e ]_w
[_w ɲ e ɾ ə s v e ]_w
[_w a f ɾ o h e t ]_w
[_w e m ɾ i ]_w
[_w d ə ɾ k ua ]_w
[_w m e n d i n ]_w
[_w k a t i v ]_w
[_w d e a t ɾ i o d ]_w
[_w k o h ə s ]_w
[_w p ɾ o v e s ]_w
[_w p o e z i ]_w
[_w v e p ɾ a v e ]_w
[_w e v ɾ o p i a n ]_w
[_w p u b l i k e ]_w
[_w b ɾ a n i ʃ ə m ]_w
[_w b ə ɾ t o ɾ e t ]_w
[_w ʃ t y p i ]_w
[_w ʃ p a ɫ i ]_w
[_w t ə m t ua ɾ ]_w
[_w m a l o ɾ ]_w
[_w p u z ə ]_w
[_w c i θ a ʃ t u ]_w
[_w p ə ɾ b o z ]_w
[_w s ue d i z ə ]_w
[_w p a ɾ a v e ]_w
[_w d u k j e ]_w
[_w s p u l o n ]_w
[_w d i p a ɾ e ]_w
[_w h o d i t ]_w
[_w d i n i n ]_w
[_w b e ɾ a t i t ]_w
[_w s k ə n d e ]_w
[_w m a r i n ]_w
[_w p ə ɾ s e ]_w
[_w j a b o n e s e ]_w
[_w p ə ɾ d o ɾ t e ]_w
[_w s c i ð e ]_w
[_w h i s t o n ]_w
[_w a u t o ɾ i k e ]_w
[_w tʃ m i m ]_w
[_w j a n a ɾ ]_w
[_w m i t i s ]_w
[_w ʃ k a c e ]_w
[_w ʃ o k ə v e ]_w
[_w n d i k e ]_w
[_w s o k u ]_w
[_w ɡ ɾ e ɾ ə t ]_w
[_w p u ʃ a t ]_w
[_w t e t a ɾ ]_w
[_w f a c e t ]_w
[_w b l a n e t ]_w
[_w b i k a ]_w
[_w ɲ i h e j ]_w
[_w t i l t e ]_w
[_w f ie ɾ i t ]_w
[_w e t n i ɡ e ]_w
[_w p o t ə ɾ o ɾ ]_w
[_w c i θ ə s e ]_w
[_w p ɾ i v a t e ]_w
[_w c u ɾ m ə ]_w
[_w t ɾ e j t u ɾ ]_w
[_w d i j ]_w
[_w ɲ e ɾ ə s ]_w
[_w h y ɾ i ]_w
[_w m i ʃ i t ]_w
[_w a ð i n ə s ]_w
[_w a k t ua l i ʃ t ]_w
[_w k u c ]_w
[_w t a ɫ ua ɾ ]_w
[_w p a p a i t ]_w
[_w l i n d i ]_w
[_w dz a ɾ o l i ]_w
[_w ʃ k o d ɾ a n e ]_w
[_w k l u b i n ]_w
[_w ʃ t ɾ i ɾ ə ]_w
[_w ɾ ua n ]_w
[_w a n ɡ l e z e ]_w
[_w ʒ v a c j e n ]_w
[_w m e ɟ i ð ə ]_w
[_w v l i t e t ]_w
[_w ð j e ʃ t a ]_w
[_w t i p i ɡ ]_w
[_w b ɾ o k ɾ a m ]_w
[_w k a t a ]_w
[_w l i ɟ o ɾ ]_w
[_w f a ɟ e ]_w
[_w v ɾ y m ə n ]_w
[_w c a t ]_w
[_w t i m ɾ i t ]_w
[_w m e s a ʃ i ]_w
[_w c ə ɾ a t ]_w
[_w c e d ə n ]_w
[_w l ə n t ə r ]_w
[_w u l ə t ]_w
[_w k ə n t e ]_w
[_w d j e ɾ ə ]_w
[_w k a r ie ɾ ə s ]_w
[_w d e ɡ l a ɾ ua ɾ ]_w
[_w n ɡ u ʃ t ua ɾ ]_w
[_w m o ɾ ə n ]_w
[_w ʒ ə ɾ b i m i ]_w
[_w k ɾ a h a s ua ɾ ]_w
[_w d i t u ɫ ]_w
[_w f a t ]_w
[_w l e t ɾ a ɾ ]_w
[_w t i v a ɾ i t ]_w
[_w e k i p e t ]_w
[_w v j e t i z ]_w
[_w n i s u ɾ ]_w
[_w p ə ɾ h e ɟ ]_w
[_w p ɾ i t i k a ]_w
[_w k ə ʃ i ɫ i ]_w
[_w ʃ t ɾ i h e n ]_w
[_w k ə ʃ i ɫ i d ]_w
[_w ɾ u h e t ]_w
[_w m e r e t ]_w
[_w p ə j n ə ]_w
[_w v o ɡ l a ]_w
[_w p ɾ a k t i k ə ]_w
[_w b ə n i n ]_w
[_w v e t m ua ɾ ]_w
[_w p e ɾ ə n t ə r ]_w
[_w k a n a d a ]_w
[_w o p j e ɡ t e t ]_w
[_w ð e m e l ua ɾ ]_w
[_w f l a s i k ]_w
[_w ɾ o l e t ]_w
[_w t ə n d e t ]_w
[_w b ɾ o t u ɡ t ]_w
[_w v e ɾ i ]_w
[_w ɡ ɾ i ʃ t ]_w
[_w ɡ u ɡ ə s ]_w
[_w v a k t e ]_w
[_w m b a s e ]_w
[_w b e n e ]_w
[_w z e m ɾ ə n ]_w
[_w k e ʃ ]_w
[_w θ e k s ua ɾ ]_w
[_w m b ɾ o n a d ]_w
[_w ʃ c i p t a ɾ e ]_w
[_w ʃ a r i t ]_w
[_w b ɾ o ts e s i ]_w
[_w b ɾ o f ]_w
[_w r e z i k ʃ m e ]_w
[_w c ə n d ɾ ua ɾ ]_w
[_w a p o ]_w
[_w m a t j e ]_w
[_w v d o h t ə ]_w
[_w h e ɾ o i k e ]_w
[_w n d ɾ y ʃ o i ]_w
[_w z ɟ e ɾ ua ɾ ]_w
[_w p u r i t ]_w
[_w f i j e ]_w
[_w s i t ua d ə ]_w
[_w d u ɡ e t ]_w
[_w l a ɾ k o h e t ]_w
[_w b e ɾ a t ]_w
[_w ɟ e t ə n ]_w
[_w k o n ts e ɾ t e ]_w
[_w p j e s e n ]_w
[_w f o ɾ ts ə ]_w
[_w l a ɾ ɡ ua n ]_w
[_w t e a t ɾ i ]_w
[_w ɟ e n t ɾ o j ə ]_w
[_w p ə ɾ m e ]_w
[_w j e t ə ɾ i ]_w
[_w c e n d e j ]_w
[_w p i m ə s ]_w
[_w ɟ a s i m ]_w
[_w p u n i m e t ]_w
[_w p u n ə n ]_w
[_w m ə s i m i t ]_w
[_w ɾ o m ə ]_w
[_w r e k u ɫ a ]_w
[_w ɡ ɾ u b e d ]_w
[_w j a n a ɾ i ]_w
[_w k o s o f e ]_w
[_w n d o ð ə ]_w
[_w ʃ t a t ə ]_w
[_w m a ɫ ɾ a f e ]_w
[_w e ɾ ð i ]_w
[_w k ə ɾ ɡ e s a t ]_w
[_w k e t o ]_w
[_w k a p ]_w
[_w l i ð u ɾ ]_w
[_w d ɾ e v a t ]_w
[_w i b ɾ a ]_w
[_w k ə s i m ]_w
[_w p ɾ a p ə ]_w
[_w p e s o j n ə ]_w
[_w s e ɾ p ə v e ]_w
[_w f i k t o ɾ ]_w
[_w r u k ə v e ]_w
[_w v ə m i j ə t ]_w
[_w m u ɾ i n ə ]_w
[_w k o h o ɾ ]_w
[_w p u ɾ ɡ u n ]_w
[_w j a m e s ]_w
[_w t ɾ i n ]_w
[_w v ə ɾ t e t ə ɾ ]_w
[_w m e n d o s e t ]_w
[_w ɟ e n d ɾ o ɾ e ]_w
[_w v j a l ə t ]_w
[_w c y c ]_w
[_w p o ʃ t m e ]_w
[_w ʃ k e n dz a f e ]_w
[_w d o ɡ ə s ]_w
[_w r e k u ɫ t ]_w
[_w ʃ t ɾ i t ]_w
[_w m b ɾ o n a t ]_w
[_w p e z o n ]_w
[_w u ʃ t ɾ ua ɾ ]_w
[_w f i t i ]_w
[_w j e h o v a i n ]_w
[_w ɟ ə n d ɾ o n ]_w
[_w v ə ɾ t e t ə ]_w
[_w d ɾ a j n e ɾ ]_w
[_w d a t ə ]_w
[_w s p u l ua ]_w
[_w i l i ɾ i s ə ]_w
[_w b u r i t ]_w
[_w u n d ]_w
[_w d a k o n i n ]_w
[_w m i l i a ɾ t ə ]_w
[_w b ɾ o ð o n ]_w
[_w ʃ c i b e ]_w
[_w ɾ a m a ]_w
[_w m b u l o i ]_w
[_w i ʃ u ɫ i n ]_w
[_w ɾ o m a k ə t ]_w
[_w v ua j t j e n ]_w
[_w f i j n ə ]_w
[_w ɾ a p o ɾ t a ]_w
[_w v e t a ɾ ]_w
[_w v i s i ɡ e ]_w
[_w f a k t o ɾ ]_w
[_w t e t y ɾ a ]_w
[_w c a k u ]_w
[_w k u p t o j n ə ]_w
[_w m a r ə ð ə n ie ]_w
[_w p u k u ɾ i ]_w
[_w v e n d o s e n ]_w
[_w a ɾ s ye t ]_w
[_w k a l o n i n ]_w
[_w p i j e ]_w
[_w p e s ə ]_w
[_w m e ɡ a n i t ]_w
[_w ʃ e k u ɫ a ]_w
[_w v a j z ə z ]_w
[_w b i m ə ]_w
[_w p e ɾ ə n t a ]_w
[_w k o ɾ tʃ ə ]_w
[_w ɟ e n d j e ɲ ə ]_w
[_w t i s a ]_w
[_w c e n e ɾ ɟ i ]_w
[_w o f ɾ o n ]_w
[_w f o ɾ ts a t ]_w
[_w f j e dʒ a ɾ ]_w
[_w ɡ o h ə s ]_w
[_w p o h o n ]_w
[_w p e ɾ i u t ]_w
[_w m b ɾ e t i t ]_w
[_w d i j e s ]_w
[_w d e ɾ f i ʃ ]_w
[_w i t a l i ʃ t ]_w
[_w r e ð ua ɾ ]_w
[_w v a s ə n ]_w
[_w dz i l ə t ]_w
[_w k ə m p ə ]_w
[_w v i s e t ]_w
[_w k ə ɾ k e t ]_w
[_w p u n o j ə ]_w
[_w b ɾ e t ə ]_w
[_w ɾ e ɟ i n ə n ]_w
[_w θ e ɫ a ]_w
[_w n ɟ a ʃ m e ]_w
[_w p j e z ə s ]_w
[_w l i ɟ e n ]_w
[_w k o r i k ]_w
[_w n d a h e n ]_w
[_w t ə ʃ i ɾ ə n ]_w
[_w r ə ɲ ə ]_w
[_w j e p t e ]_w
[_w v i ɫ o j n ə ]_w
[_w p a s ə ]_w
[_w t e t i ]_w
[_w v l a m u ɾ i d ]_w
[_w f e p ɾ i m i ]_w
[_w ʃ f i ɫ o h e n ]_w
[_w θ ə n a ]_w
[_w s p u l ua ɾ ]_w
[_w f e t e ɾ ]_w
[_w ʃ f i ɫ ua ɾ ]_w
[_w p o l i ts i z ə ]_w
[_w a v d ə s i ]_w
[_w t a l i a ]_w
[_w c e l i s a t ]_w
[_w ʃ p ə d o i ]_w
[_w k ə ɾ k e z a ]_w
[_w t j e t ɾ a ]_w
[_w m b a j n ə ]_w
[_w b i b l i k u t ]_w
[_w ɡ ɾ ye ɾ a ]_w
[_w m e k a n i ɡ ]_w
[_w j a n ]_w
[_w b a s ]_w
[_w k a ɾ a k t e ɾ ]_w
[_w m e n d j e ɲ ə ]_w
[_w n i s i ]_w
[_w v i ɫ o n ]_w
[_w a r i t ]_w
[_w b ɾ o d u k t e ]_w
[_w ɡ ɾ i ʃ t i n ə ]_w
[_w n i v e l i t ]_w
[_w ɲ e ɾ i u ]_w
[_w v l e ɾ a ]_w
[_w t a ʃ m ə ]_w
[_w e k i p i ]_w
[_w dz i l ə v e ]_w
[_w m e t ɾ a ]_w
[_w ʃ t a p i t ]_w
[_w ʃ e k u ɫ ]_w
[_w l e dz o ]_w
[_w p u k u ɾ ]_w
[_w ð e ɫ a ]_w
[_w b o d i m i ]_w
[_w p o p u ɫ ]_w
[_w ɡ o s o v a ]_w
[_w k o m u n ə ]_w
[_w ɲ e ɾ ə s i ʃ t ]_w
[_w d j e t ]_w
[_w i m a m ]_w
[_w p u n a ]_w
[_w t i ɾ a n ə ]_w
[_w ʃ u m i ts a ]_w
[_w z o t i ]_w
[_w k i ʃ ə n ]_w
[_w m u n d ʃ m e ]_w
[_w t ɾ e j t ue s ]_w
[_w a l i u ]_w
[_w d m e r ʃ m e ]_w
[_w k i m i n ]_w
[_w r e s i k ʃ m e ]_w
[_w m e n d o z ə n ]_w
[_w v e p ɾ i m i n ]_w
[_w b u r ə ]_w
[_w a t ð e t a ɾ e ]_w
[_w k a z e t a ɾ ]_w
[_w θ a ʒ ə ]_w
[_w b a k ua ɾ ]_w
[_w p e t e j a ]_w
[_w v ɾ a n ə s ]_w
[_w h e ɾ ə t ]_w
[_w v o ɾ m o j n ə ]_w
[_w a n ɡ a ]_w
[_w b u n o n i n ]_w
[_w m u z i ɡ ə ]_w
[_w c u h e t ]_w
[_w b e ɾ l i n ]_w
[_w n d o ʃ t a ]_w
[_w b e z ə ]_w
[_w a m e ɾ i k ə ]_w
[_w d a ʃ m e ]_w
[_w l i ɾ a ]_w
[_w z e ɾ b ə ]_w
[_w d ɾ e a ]_w
[_w ʃ o ɡ ]_w
[_w ʒ d ɾ e s a ]_w
[_w t ɾ u b i n ]_w
[_w a s o k o h e j ]_w
[_w ʃ u m ə ]_w
[_w k ɾ i j ua ɾ ]_w
[_w ʃ u m t ə ]_w
[_w v i i ]_w
[_w ɟ e n d e j ]_w
[_w a t i ]_w
[_w e ɾ θ ə ]_w
[_w s j a r i t i ]_w
[_w ʃ t ɾ ua ɾ ]_w
[_w d ɾ e j t a t ]_w
[_w d e ɾ e ]_w
[_w m b l e ð j e z ]_w
[_w c u h ə s o ɾ e ]_w
[_w f e ɾ ð ə ]_w
[_w b u ɾ i m i n ]_w
[_w p a h ]_w
[_w n ə n ə ]_w
[_w θ e m e l ua ɾ ]_w
[_w ð e m e l ue s ]_w
[_w ɟ e n e ɾ ɟ i ]_w
[_w j e t o ɾ i ]_w
[_w t e k n i k ə ]_w
[_w ɟ y t e d i t ]_w
[_w p ɾ o t u k t e ]_w
[_w l u v d o i ]_w
[_w t ə ɾ h e ɾ ə ]_w
[_w θ ə n ə ]_w
[_w f a t i ]_w
[_w ð j e t ə ɾ s a ]_w
[_w c a ɡ o v ə s ]_w
[_w f i l m a ]_w
[_w ɟ e n d e ]_w
[_w d ə ʃ i ɾ o n ]_w
[_w ɲ e ɾ i u t ]_w
[_w z e ɾ p ə v e ]_w
[_w v u ʃ t r i ]_w
[_w m a θ e ]_w
[_w p ɾ e k u ɾ ]_w
[_w ð i r j e ]_w
[_w k u f i ɾ i n ]_w
[_w d ɾ a m a ]_w
[_w p ɾ e ɾ ə t ]_w
[_w a n t i k i m ]_w
[_w ɲ o h u ɾ i ]_w
[_w b e t e j ə s ]_w
[_w f j e t i ɡ ]_w
[_w ʒ d ua ɾ ]_w
[_w p a v a ɾ u ɾ a ]_w
[_w a m t a ɾ e ]_w
[_w s c ua ɾ ]_w
[_w ð e m e l ua ]_w
[_w ɲ ə z i v e ]_w
[_w m i j ə z ]_w
[_w m e d a l ]_w
[_w k e n ə ]_w
[_w d u k e j ]_w
[_w n d ə ɾ k o n ]_w
[_w u l u ɾ ]_w
[_w o p j e ]_w
[_w p ə ɾ ts j e ɫ ə ]_w
[_w n e v o j ʃ ə m ]_w
[_w m e n d e ]_w
[_w z ɟ a t i ]_w
[_w s u l m ]_w
[_w m a l ]_w
[_w m u n d ]_w
[_w a t y ]_w
[_w t i t a ]_w
[_w l i n d o ɾ e j ]_w
[_w n o ɾ m a t ]_w
[_w f e n d a z ]_w
[_w r i t j a ]_w
[_w z o n a ]_w
[_w n e k a t a l ə ]_w
[_w ʃ o c a t ə s ]_w
[_w f e t e s ə s ]_w
[_w a j ɾ i t ]_w
[_w b o s ]_w
[_w θ i r e t ]_w
[_w k ɾ u p i t ]_w
[_w m i ts h a e l ]_w
[_w p j e ɫ o ɾ e ]_w
[_w l o k a l e ]_w
[_w s u l m e v e ]_w
[_w r ə ɲ ə t ]_w
[_w e v ɾ o b a ]_w
[_w ʃ p ə t o i ]_w
[_w v a n ]_w
[_w p j e z ]_w
[_w ɡ u b d ua ɾ ]_w
[_w f i h e t ]_w
[_w t u ɾ c i ]_w
[_w n ts ə n ə s v e ]_w
[_w m a ɫ ɾ a v e ]_w
[_w l o ɾ e n dz ]_w
[_w v e ɾ ə s i ʃ t ]_w
[_w b ɾ o n ə ]_w
[_w l i ɟ i n a l e ]_w
[_w t ɾ e j t a t ]_w
[_w f i ɡ u ɾ t ə ɾ ]_w
[_w s k e n ə ]_w
[_w k ə n ɡ ə t a ]_w
[_w f u ʃ a v e ]_w
[_w k ə n ɡ ə n ]_w
[_w l e t ə ɾ s a ]_w
[_w n d i k ua ɾ ]_w
[_w a n i j e ]_w
[_w s i k u ɾ a v e ]_w
[_w a s p e ɡ t ]_w
[_w ɾ e d a k t o n ]_w
[_w p e s o j m ə ]_w
[_w k u f i ɾ i t ]_w
[_w k ə m b ə l ]_w
[_w ʃ o c ə ɾ o ɾ e ]_w
[_w c e v e ɾ ua ɾ ]_w
[_w n t o ð e ʃ i n ]_w
[_w ɟ e ɾ m a n ə ]_w
[_w k o m u n ə n ]_w
[_w f u ʃ t r i ]_w
[_w z i k u ɾ a f e ]_w
[_w f i ɫ o ɾ e ]_w
[_w s o ɫ i ]_w
[_w p ə r e θ ]_w
[_w y m e ɾ ]_w
[_w b a m j e n ]_w
[_w m b e t ]_w
[_w m b a ɾ i m ]_w
[_w v o ɾ m ə n ]_w
[_w a t e ]_w
[_w p ɾ o ð i m i n ]_w
[_w n ə n d o ɾ e ]_w
[_w u ð ə h e c u ɾ ]_w
[_w t e n d ə ]_w
[_w u ʃ t a ɾ ə ]_w
[_w m e t a l ]_w
[_w t i t e ]_w
[_w m j e t i z i n ]_w
[_w a k t ua ]_w
[_w l e h t ə ]_w
[_w dʒ a m i s ə ]_w
[_w k ɾ ye j n ə ]_w
[_w ʃ o c a t ə ]_w
[_w ʃ t ɾ i ]_w
[_w h a p u ɾ ]_w
[_w v e ɾ ð ə ]_w
[_w s t i l i n ]_w
[_w v a ɫ e ]_w
[_w ʃ ə ɾ b i m i ]_w
[_w f y t y ɾ ə n ]_w
[_w p e t ɾ i t ə ]_w
[_w k u l m i n ]_w
[_w t o ɫ a ɾ ə ]_w
[_w m o ʃ ua ɾ ]_w
[_w ɟ u h ə n ]_w
[_w ʃ t ə p i v e ]_w
[_w i d a l i ]_w
[_w n t o ʃ t a ]_w
[_w m j a f t ]_w
[_w v ə ɫ a i t ]_w
[_w v e t a ɾ e ]_w
[_w c e ɾ m a n ə t ]_w
[_w p ə j m ə ]_w
[_w e ɾ ð ə ]_w
[_w v d ua ɾ ]_w
[_w ʃ p j e k t i n ]_w
[_w v i s e v e ]_w
[_w k θ e h e t ]_w
[_w ʃ t ə p i a ]_w
[_w ɟ e n d j e s ]_w
[_w m j e t i s ]_w
[_w k ɾ i j ua n ]_w
[_w k o h e n ]_w
[_w d ɾ e t ə ɾ o ɾ ]_w
[_w v e t e ]_w
[_w k o r i ɡ ]_w
[_w ts i l ə z i s ə ]_w
[_w ʃ t y ɾ ə s ]_w
[_w l i ɟ i t ]_w
[_w f e t a ]_w
[_w m ə s o j n ə ]_w
[_w f e d e m ]_w
[_w k u b ə s ]_w
[_w s a s i ]_w
[_w l a ɾ k i m ]_w
[_w j u ʃ ]_w
[_w m o d e ɾ n ]_w
[_w d i t u ɫ i n ]_w
[_w a r i j n ə ]_w
[_w b i j t ə ]_w
[_w z o t ə m ]_w
[_w o s e ]_w
[_w t ə c ua ɾ ]_w
[_w m o i z i u ]_w
[_w p a k t a ]_w
[_w p a n o j n ə ]_w
[_w a k t o ɾ e ]_w
[_w b ɾ a n o h e t ]_w
[_w k o s o v ə ]_w
[_w a ʃ t ]_w
[_w v e n d o s i ]_w
[_w p ə ɾ k a ɟ ]_w
[_w t ə ʃ m ua ɾ ]_w
[_w k ə t u ]_w
[_w k ɾ ye n ]_w
[_w s o ɡ ]_w
[_w p ɾ e s i t ]_w
[_w b e ɾ i u ð a ]_w
[_w f e ɾ ə s i ʃ t ]_w
[_w p a s t ə ɾ ]_w
[_w p o p u ɫ o ɾ ]_w
[_w t o k ə ]_w
[_w v i t i t ]_w
[_w ʃ f a ɟ u ɾ ]_w
[_w ɡ l u b i n ]_w
[_w e ɟ i p t a ɾ ]_w
[_w d e ɾ ]_w
[_w t i t u ɫ i n ]_w
[_w u n e ]_w
[_w ɾ e v i s t a ]_w
[_w k ə t a ]_w
[_w z e m ɾ a t ]_w
[_w k a ɾ ə ]_w
[_w ɟ e l i s a ]_w
[_w v o ɾ m i m i n ]_w
[_w r e s i k u n ]_w
[_w p ə ɾ c a t ə s ]_w
[_w p o s i t i v ]_w
[_w v e p ə ɾ ]_w
[_w p a u l ]_w
[_w d a ʃ m ə ]_w
[_w s i m o ɾ e ]_w
[_w l i c e ]_w
[_w p i j t ə ]_w
[_w ɟ y t e t a ɾ e ]_w
[_w ʃ p i ɾ t i t ]_w
[_w n t a j ]_w
[_w f a c e n ]_w
[_w l a ɾ k i m i n ]_w
[_w ts i l ə n ]_w
[_w p e s o j ]_w
[_w k a p i m ]_w
[_w s ə ɾ i ʃ t ]_w
[_w m a n d ə ]_w
[_w s u k z e s i t ]_w
[_w f e n d e ʃ ]_w
[_w v j e tʃ a ɾ e ]_w
[_w v i t e ]_w
[_w f l e t ]_w
[_w k i ʃ t e ɾ ə ]_w
[_w m ə s ue s ]_w
[_w m u n k o n ]_w
[_w i p n ]_w
[_w p a ɾ a l e ]_w
[_w v i ɫ o h e j ]_w
[_w o ɾ ɡ a n ]_w
[_w k ɾ i j o h e n ]_w
[_w ɡ l a s i ɡ e ]_w
[_w m i ɟ e n ]_w
[_w n d o ð ]_w
[_w f ɾ y m o ɾ e ]_w
[_w j u ɾ i t ]_w
[_w d o m e θ ə n ]_w
[_w ɡ o k a ]_w
[_w t i j e ]_w
[_w d e ɡ a ]_w
[_w v l a z i k e ]_w
[_w t ɾ e ɡ o i ]_w
[_w ɟ u h ə s ]_w
[_w t i t u ɫ ua ɾ ]_w
[_w j a n i n ]_w
[_w o p j e ɡ t e ]_w
[_w l i ð e t ]_w
[_w o s m a n ə v e ]_w
[_w v j e n ]_w
[_w m b a ɾ ua ɾ ]_w
[_w t a k ua ɾ ]_w
[_w z e s a ]_w
[_w p a k ]_w
[_w f ə ɫ i m e t ]_w
[_w ʃ p ɾ e h e t ]_w
[_w ɟ y t e t e v e ]_w
[_w j e m ]_w
[_w n ə n ʃ k ɾ ua ɾ ]_w
[_w l ə n ə ]_w
[_w ɾ e ɟ i a ]_w
[_w m a l o ɾ e ]_w
[_w s i p ə ɾ ]_w
[_w n t ɾ y ʃ o i ]_w
[_w f o ɾ m ə n ]_w
[_w u j i n ]_w
[_w f ɾ y m ə n ]_w
[_w d y ɾ e ]_w
[_w f e n d o n ]_w
[_w d a l e n d ua ɾ ]_w
[_w f ɾ ə n ɟ i ʃ t ]_w
[_w d ɾ a t ]_w
[_w m a ɾ t ua ]_w
[_w ɾ a j o n i n ]_w
[_w ɲ o h j e n ]_w
[_w a ɾ ð ʃ ə m ]_w
[_w ɡ o ɡ ə ]_w
[_w p a ɾ ð i ]_w
[_w ɲ ə ɾ i n ]_w
[_w b a s o h e t ]_w
[_w h a p e d ]_w
[_w ɟ o n i t ]_w
[_w d ə ʃ m o j n ə ]_w
[_w k a l ua ɾ ]_w
[_w p a s o j a t ]_w
[_w m u s i k a ]_w
[_w n d a ɾ j e t ]_w
[_w b o l i ts o ɾ e ]_w
[_w d ə ʃ i ɾ ə n ]_w
[_w p u r a d ]_w
[_w v ə m i j a ]_w
[_w b ə ɾ t o ɾ ]_w
[_w s ə ɾ i ]_w
[_w b u ʃ t ua n ]_w
[_w θ a dʒ i ]_w
[_w d i ɫ a ]_w
[_w m o m e n d o n ]_w
[_w f i ɫ o j ]_w
[_w b a ɾ ð i ]_w
[_w t e p e ɾ ]_w
[_w h o ð ə n ]_w
[_w s u l m ua n ]_w
[_w s c e ɾ ua ɾ ]_w
[_w p u ʃ t ue s i t ]_w
[_w tʃ a m ə ɾ i s ə ]_w
[_w ʃ p i ɾ t ]_w
[_w u ɾ θ ə ɾ o i ]_w
[_w s j e ɫ ]_w
[_w m e r e n ]_w
[_w f j e n ]_w
[_w t e k l a ɾ ua ɾ ]_w
[_w p e s i m i t ]_w
[_w p e h e t ]_w
[_w d y t e ]_w
[_w n d j e k u ɾ ]_w
[_w ɟ a t e ]_w
[_w ʃ t ɾ i a ]_w
[_w m ua j ʃ ]_w
[_w d ɾ e k o j ə ]_w
[_w n d a n ə ]_w
[_w z o d i ]_w
[_w p o t ə s ]_w
[_w m u h a m e t ]_w
[_w m u n ɡ e z ə n ]_w
[_w s e z ə ]_w
[_w l i k a ]_w
[_w a ɾ t ə s i ]_w
[_w ɾ i k θ e h e j ]_w
[_w u j i ]_w
[_w c e ɾ ɟ i s ə ]_w
[_w p e ɾ ə n d i ]_w
[_w i ɡ u ]_w
[_w ɟ e ɾ ə s ]_w
[_w d j e k u ɾ ]_w
[_w n ts i t u ɾ ]_w
[_w k a c ]_w
[_w t j e ɾ a ʒ ]_w
[_w t e o ɾ i a ]_w
[_w a ɾ b ɾ i t j e ]_w
[_w k ə ʃ i ɫ i t ]_w
[_w m b a n ]_w
[_w f u c i t ə ]_w
[_w ɟ y t e t e t ]_w
[_w ʃ k u p ]_w
[_w n ə n ʃ t ɾ ua ɾ ]_w
[_w d e r e n ]_w
[_w ʃ k u ɾ t i ]_w
[_w v e ɾ ə s ]_w
[_w ɾ i n i t ]_w
[_w f e t m e ]_w
[_w d e a t ɾ i n ]_w
[_w ʃ i t j e ]_w
[_w z e ts i l a ]_w
[_w f e p ɾ ə n ]_w
[_w p e s n i k e ]_w
[_w m ə s i m o ɾ e ]_w
[_w s e s o n d e ]_w
[_w b ye t i ]_w
[_w f e n t a ]_w
[_w v u t b o ɫ ]_w
[_w ɲ ə ɾ i ]_w
[_w ɡ ə n a c u ɾ ]_w
[_w j e t e n ]_w
[_w p ə ɾ k a c ]_w
[_w ɾ u ɾ a ]_w
[_w d u ɾ ɟ ]_w
[_w ɾ e k o j ə n ]_w
[_w v u c i t ə ]_w
[_w k ə ɾ k o n ]_w
[_w l a d i n e ]_w
[_w t a t a ]_w
[_w n ts ə n ə s i t ]_w
[_w v o d a v e ]_w
[_w f t ua ɾ ]_w
[_w v u t b o ɫ i t ]_w
[_w v ə ɾ d ]_w
[_w b ə ɾ h a p ]_w
[_w b ɾ o k ɾ a m i ]_w
[_w s i m e ]_w
[_w n o ɾ ð ]_w
[_w b ə n d e ]_w
[_w t ɾ e ɡ o j n ə ]_w
[_w s i k u ɾ t i ]_w
[_w p o t ua ɾ ]_w
[_w l o ɾ e n ]_w
[_w p u ʃ t e t e t ]_w
[_w t e k s a ]_w
[_w p ɾ e n d ʃ m e ]_w
[_w k u ʃ ]_w
[_w z o d i t ]_w
[_w a ɾ t e s a ]_w
[_w h y n ]_w
[_w d j e ɾ e ]_w
[_w p l o t ə s ua ɾ ]_w
[_w ʃ f i ɫ ua ɾ a ]_w
[_w v i k u ɾ d ]_w
[_w t j e t e ]_w
[_w k e s a j ]_w
[_w l u d e ]_w
[_w b a z e ]_w
[_w h a p e t ]_w
[_w n e v o j ə ]_w
[_w m a s a t ]_w
[_w f ə ɾ t ]_w
[_w a n d i a k o ]_w
[_w n d o ð e n ]_w
[_w ʃ ə ɾ b e j n ə ]_w
[_w l i c o ɾ e ]_w
[_w k u l t u ɾ ə ]_w
[_w p ə n ]_w
[_w b e s ua ɾ ]_w
[_w v l o ɾ i t a ]_w
[_w p ə ɾ h e ɾ ə ]_w
[_w m a j t ə ]_w
[_w b ɾ a n d a ɾ d ]_w
[_w b a j ɾ a m ]_w
[_w ɡ o ɾ tʃ ə s ]_w
[_w ɡ ə ɾ ɡ ua ɾ ]_w
[_w d ɾ e k t ]_w
[_w ʒ i h n i ]_w
[_w l a ɾ d a ]_w
[_w k o s o f ə n ]_w
[_w v e t a ɾ ə v e ]_w
[_w s a k ɾ e p ]_w
[_w p ə ɾ f ʃ i ɾ ə ]_w
[_w t j e ɾ a ]_w
[_w ʃ p i ɾ t i ]_w
[_w m ə p a ɾ ʃ ə m ]_w
[_w m e n d ]_w
[_w p a b a i ]_w
[_w k ɾ e ɾ ə d ]_w
[_w m i n i s t ə z ]_w
[_w ɟ e v e ɾ i o ɾ ]_w
[_w z a k o n e t ]_w
[_w b ə z ua ɾ ]_w
[_w k o k ə s o ɾ e ]_w
[_w b i j v e ]_w
[_w l u k i n ə n ]_w
[_w d i m e ]_w
[_w l a j m e d ]_w
[_w p l o d a ]_w
[_w f i l i p ]_w
[_w b ɾ a n o n i n ]_w
[_w ʃ c i b o ɲ a ]_w
[_w o v ɾ o j n ə ]_w
[_w ʃ k ɾ i m t a ɾ ]_w
[_w k ə z a j ]_w
[_w b o e t i k e ]_w
[_w ʃ f i ɫ o i ]_w
[_w f i t ue s ]_w
[_w v ə m i j ə ]_w
[_w b e n a l e ]_w
[_w a t ə ]_w
[_w f o k l a ]_w
[_w p e n s i o n ]_w
[_w t i ɾ e ɡ t ]_w
[_w k ɾ o a ts i ]_w
[_w t a k s a ]_w
[_w f a ʃ t o j n ə ]_w
[_w ɡ ɾ i j ua ]_w
[_w ɟ e l b ə ɾ ]_w
[_w m e c i ð ə s e ]_w
[_w t o p ]_w
[_w f u ʃ t r i s ə ]_w
[_w e ɾ ð ə n ]_w
[_w p ə ɾ i ]_w
[_w p ɾ o θ i m i t ]_w
[_w c e n e ]_w
[_w k o h e ]_w
[_w ɾ e s p e k t ]_w
[_w p o s ]_w
[_w ʃ b ə ɾ ð i m ]_w
[_w m u n d ə s i ]_w
[_w c a k ]_w
[_w ə n t ə s i ]_w
[_w k a l o n d ɾ a ]_w
[_w d ɾ e j t i m i ]_w
[_w p o b u ɫ s i a ]_w
[_w ə ʃ t ə ]_w
[_w m b i ]_w
[_w f i t e t ]_w
[_w s t u d i m e ]_w
[_w ts o u n d e t ]_w
[_w p o e t i ]_w
[_w t e ts a s ]_w
[_w ʃ f a c e t ]_w
[_w ʃ e ɡ u ɫ t ]_w
[_w a ɾ t e z ə s ]_w
[_w t ɾ e j t ə ]_w
[_w b ə ɾ f e tʃ ]_w
[_w i s a ]_w
[_w p ɾ o n d e ]_w
[_w ɲ e ɾ i u n ]_w
[_w f a k t o i ]_w
[_w k ɾ ye ɾ ]_w
[_w t e a t ə ɾ ]_w
[_w k a z e t a ]_w
[_w f e d a ]_w
[_w f e tʃ a n d e j ]_w
[_w m e z i n ]_w
[_w n a t ə n ]_w
[_w v j e dʒ a ɾ e ]_w
[_w u ʃ t ɾ i t ə ]_w
[_w b o t ə ɾ o ɾ e ]_w
[_w f l e ɾ a d ]_w
[_w m a ɾ t ua ɾ a ]_w
[_w k o m i t e t ]_w
[_w p ɾ o θ i m ]_w
[_w p o l i ts i s ə ]_w
[_w p i k ə ɾ i ʃ t ]_w
[_w b ə ɾ f ʃ i ɾ ə ]_w
[_w n dz e h t ə ]_w
[_w m o ʃ ə n ]_w
[_w b o s i t ə ]_w
[_w d e o ɾ i n ]_w
[_w c y k a d ə s ]_w
[_w p i p l i k e ]_w
[_w ʃ k ua ɾ a ]_w
[_w m ə z i m e ]_w
[_w k a l o i ]_w
[_w k l i m ə ]_w
[_w z b o ɾ t ]_w
[_w z j a r i n ]_w
[_w k a f ʃ ə t ]_w
[_w v o k ə l ]_w
[_w d o l i ]_w
[_w m b y ɫ u ɾ ]_w
[_w ʃ t a t o ɾ ]_w
[_w θ j e t ə s ]_w
[_w a n k l e s e ]_w
[_w v j e tʃ ]_w
[_w a ɾ t i a ]_w
[_w s o t i t j e ]_w
[_w ɲ e ɾ ə s o ɾ e ]_w
[_w z b a t ua ɾ ]_w
[_w b ə ɾ d o ɾ ə t ]_w
[_w ɟ e n ə ]_w
[_w r e k u ɫ ]_w
[_w ɾ e s p e k t i ]_w
[_w m a ð ]_w
[_w p u n ə t o ɾ ə ]_w
[_w ʃ p a ]_w
[_w p a p a ]_w
[_w c ə ɫ i m i n ]_w
[_w v i ɫ i m e ]_w
[_w ɟ u h e j ]_w
[_w v i t o j ə ]_w
[_w t o p i n ]_w
[_w c y s m a ]_w
[_w b a s e ]_w
[_w tʃ ə ʃ t j e s ]_w
[_w f a r e s a t ]_w
[_w k ə ɾ ɡ ua ɾ ]_w
[_w o z e ]_w
[_w b ɾ o n d e ]_w
[_w h u m b j e ]_w
[_w s j e ɫ j e ]_w
[_w j a ʃ t m e ]_w
[_w j a b o n i a ]_w
[_w m j e t e s ]_w
[_w ʃ ə n t e ɾ ]_w
[_w k ɾ i m e t ]_w
[_w θ u n ə ]_w
[_w c a z i m ]_w
[_w ʃ i t j e n ]_w
[_w ɾ e a l ]_w
[_w t e t o ɾ ]_w
[_w p e t e j ə ]_w
[_w m e n d e t ]_w
[_w v ɾ a s j e ]_w
[_w t e n d u ɾ ]_w
[_w v o ɾ m a l e t ]_w
[_w v i s i t ]_w
[_w u l ə t a ]_w
[_w m u z e u ]_w
[_w f u ɫ n e t i t ]_w
[_w ʃ p ə ɾ θ i m ]_w
[_w j e z u ]_w
[_w v a c e ]_w
[_w b ɾ o ts e s e t ]_w
[_w t i t ə ʃ ]_w
[_w l ə n d ə ]_w
[_w v ə ɾ d e d ə ]_w
[_w d ua n ]_w
[_w l i s t ə ɾ ]_w
[_w n ɡ ɾ i t i k a ]_w
[_w t a t ə n ]_w
[_w m b e t e j ə ]_w
[_w l u f t ə ɾ a t ]_w
[_w ɾ ə n ie n ]_w
[_w p u k u ɾ a ]_w
[_w p i k ]_w
[_w ɟ u h ə v e ]_w
[_w m i l i o n ]_w
[_w b u ɾ i m i t ]_w
[_w k u f i j v e ]_w
[_w p ɾ a p a ]_w
[_w k l a s a ]_w
[_w ɡ u f i j t ə ]_w
[_w b l a ɡ o z u ɾ ]_w
[_w p a ʃ k i m i t ]_w
[_w m a ð o ɾ e ]_w
[_w n ɡ u ʃ t e ]_w
[_w p a s a ɾ ð ə ]_w
[_w d a ɫ o h e n ]_w
[_w f l i t e t ]_w
[_w t e k a ]_w
[_w k ɾ u p e d ]_w
[_w t ɾ e t ə ɾ ]_w
[_w b ɾ i c e t ]_w
[_w p ɾ o p o s ua ɾ ]_w
[_w h a ɾ t ua ɾ ]_w
[_w f ie ɾ ]_w
[_w m e n t i ]_w
[_w a n ɡ l i ]_w
[_w t ɾ e v a t ]_w
[_w ɾ u z ]_w
[_w p ɾ a k t i k e ]_w
[_w c ə ɫ i m i ]_w
[_w m j e t e ɾ ]_w
[_w p ɾ o p l e m i ]_w
[_w p ɾ u k s e l ]_w
[_w b ɾ a n ə ]_w
[_w c e n d ɾ o i ]_w
[_w p ə ɾ p ə ɾ ə ]_w
[_w f a ʃ t o n i ]_w
[_w d ə n ua ɾ ]_w
[_w ʃ c i p e s ]_w
[_w v a ɾ a d ]_w
[_w b o l i ts i s ə ]_w
[_w ʃ k a k ]_w
[_w b i b l ə s ]_w
[_w ɡ l i m a ]_w
[_w k i ʃ a ]_w
[_w j e t o j ə ]_w
[_w v ɾ y m a ]_w
[_w k ɾ i j o i ]_w
[_w b ɾ o θ o n ]_w
[_w b o t ə ɾ o ɾ ə ]_w
[_w t j u ]_w
[_w p ɾ o j e t ]_w
[_w ʃ o h i m ]_w
[_w t u r ə s ]_w
[_w ɟ e v e ɾ i n ə ]_w
[_w ɡ l a s ə ]_w
[_w h y n d e ]_w
[_w p o ɾ ]_w
[_w p o e s i n ]_w
[_w ɡ ɾ a h a s ]_w
[_w f ɾ a ʃ ə ]_w
[_w b u n i m e ]_w
[_w k θ i m i ]_w
[_w θ e m i ]_w
[_w p ɾ o ts e s ]_w
[_w p a ɡ t a ]_w
[_w k ua n d i k e ]_w
[_w ʃ k o n t ɾ ə s ]_w
[_w s t u t i m e ]_w
[_w k ɾ a f e ]_w
[_w a f t ə s i ]_w
[_w a u d o ɾ i ]_w
[_w p e ɾ ə n ]_w
[_w r i t e n ]_w
[_w m b i j e t ua ɾ ]_w
[_w n e b e ɾ ]_w
[_w s o d i t ]_w
[_w v e t i ]_w
[_w s o n a l e ]_w
[_w m b u ʃ u ɾ ]_w
[_w k ɾ u p e t ]_w
[_w m a ɾ s ]_w
[_w b e t ɾ i t ]_w
[_w m u z i k ə ]_w
[_w p e ɾ a t ]_w
[_w p j e s ə s ]_w
[_w b a l ə ]_w
[_w p ɾ o ð o n ]_w
[_w p ə ɾ ɟ i c ]_w
[_w ts i l a d ]_w
[_w m e n d i t ]_w
[_w j a v ə ]_w
[_w a u s t ɾ i a ]_w
[_w d e a d ɾ i ]_w
[_w n ɡ u ʃ t ]_w
[_w s j e ɫ ə ]_w
[_w tʃ ə ʃ t j e v e ]_w
[_w d e k n i k ə ]_w
[_w s i t ua d a ]_w
[_w n d i k o j n ə ]_w
[_w a ɾ d ə ]_w
[_w i i i ]_w
[_w v i ɡ u ɾ i ]_w
[_w p j e t ə ]_w
[_w s o n a ]_w
[_w ɟ ua j t i ]_w
[_w v i s i k ]_w
[_w v i z i t ]_w
[_w f e m ə ɾ ]_w
[_w l o j t a ɾ ə ]_w
[_w f i ʃ t a ɾ a k ]_w
[_w m o ɾ a l e ]_w
[_w n t i h m ua ɾ ]_w
[_w l e j e ]_w
[_w k o h ə ]_w
[_w v i l i p ]_w
[_w k i m i t ]_w
[_w d a t o ɾ ]_w
[_w p a ɾ t i z ə ]_w
[_w k a t ə z ]_w
[_w k ɾ ye s i ʃ t ]_w
[_w b o l i t i ɡ e ]_w
[_w k ɾ a h i n ə ]_w
[_w l ə ʃ ua ɾ ]_w
[_w e v e ɡ t ]_w
[_w s j e ɫ i n ]_w
[_w ʃ t e b i ]_w
[_w ɟ e t ə ]_w
[_w b a m u n d ]_w
[_w v ə ɾ t ]_w
[_w ʃ t ə p i n ə ]_w
[_w f l a m u ɾ ]_w
[_w p e s i m i ]_w
[_w p a f a ɾ u ɾ ]_w
[_w s ə ɾ i t ]_w
[_w ɾ u s i s ə ]_w
[_w ɟ a ɾ k u ]_w
[_w v j e t e ]_w
[_w p ə ɾ t o ɾ t e ]_w
[_w m e c e n ə ]_w
[_w d ie ɫ ]_w
[_w s e s o n i t ]_w
[_w s c i ð j e ]_w
[_w m u ɾ e t ]_w
[_w k o m b e f e ]_w
[_w ɟ ə ɫ i m e t ]_w
[_w m o i s i u ]_w
[_w p a ʃ k i m i ]_w
[_w e ɾ ə ]_w
[_w t u ɾ ɟ i a ]_w
[_w p ə ɾ k a s i n ]_w
[_w p l a k ]_w
[_w p e s o n i ]_w
[_w p ɾ o ]_w
[_w ɡ ɾ ye ɾ ]_w
[_w v a v o ɾ ]_w
[_w j a ʒ d ə ]_w
[_w d u k e n ]_w
[_w ɟ e n ie ]_w
[_w v a ɟ e t ]_w
[_w c a t ə ]_w
[_w a r i t i ]_w
[_w i t e j a ]_w
[_w d e k n i k a ]_w
[_w f e p ə ɾ ]_w
[_w f i z e v e ]_w
[_w n t i h e t ]_w
[_w ɟ e v e ɾ i z ə ]_w
[_w d o ɾ ə ]_w
[_w f a ɡ t o ɾ ]_w
[_w c e l i s ə s ]_w
[_w v l e ɾ ə s ua ɾ ]_w
[_w e v ɾ o b ə ]_w
[_w n k ɾ i t ]_w
[_w e v ɾ o p ə ]_w
[_w r e k u ɫ i ʃ t ]_w
[_w e p ə ɾ ]_w
[_w b e n s i o n ]_w
[_w p a ɟ e n ]_w
[_w m b ɾ a p ə ]_w
[_w s u ɾ i ]_w
[_w s p u l i m i n ]_w
[_w n t a ]_w
[_w d j e ɾ a t ]_w
[_w s a j ə ]_w
[_w j a p o n i ]_w
[_w p i b l ə n ]_w
[_w ɟ e f e ]_w
[_w d o t a l ]_w
[_w c e ɾ ʃ o ɾ ]_w
[_w a ɾ b e n ]_w
[_w p ə ɾ ]_w
[_w d e ɟ e j a ]_w
[_w a f ɾ i k a ]_w
[_w d ə ɾ a ]_w
[_w u ʃ t ɾ i ]_w
[_w v e m ɾ a t ]_w
[_w b ɾ e n t i ]_w
[_w k ɾ i m ]_w
[_w ɾ e c i ]_w
[_w ɟ a ɾ c e t ]_w
[_w k ɾ ye ɾ j e n ]_w
[_w k u ɾ ə n ]_w
[_w n ts j e r ]_w
[_w v a ʃ t o n i ]_w
[_w d i m ]_w
[_w l a ɾ k ə t ]_w
[_w ɾ o p e ɾ d ]_w
[_w b u ʃ t o ]_w
[_w v i ɫ o h e t ]_w
[_w p j e z a ]_w
[_w v o d a f e ]_w
[_w v u ʃ a t ]_w
[_w d i u ]_w
[_w m b ə ʃ t e t ə ]_w
[_w p o a ʃ t u ]_w
[_w a u s t ɾ i s ə ]_w
[_w s ə m u n d ə ɾ ]_w
[_w n ts j e r ə ]_w
[_w d y n e ]_w
[_w k u b d i m ]_w
[_w e v ɾ o p ə z ]_w
[_w s e ts i l a t ]_w
[_w s a s i a ]_w
[_w v i n i n ]_w
[_w d ɾ i m i t ]_w
[_w t i n d e ɾ s a ]_w
[_w a ɾ ð u ɾ a d ə ]_w
[_w h a p ]_w
[_w a d e ]_w
[_w n i p i ]_w
[_w l i ɟ i n ə ]_w
[_w v a z ə n ]_w
[_w a r i n ]_w
[_w m e ɲ ə h e ɾ ə ]_w
[_w ɡ o ɡ a ]_w
[_w l i b ɾ i ]_w
[_w ʃ k o ɫ a v e ]_w
[_w b ye t j e ]_w
[_w m b ɾ e t i n ]_w
[_w p e t a k o ɾ t ]_w
[_w ts i l ə v e ]_w
[_w r e ɡ u ɫ i d ]_w
[_w t ɾ e v a ]_w
[_w f ɾ a ]_w
[_w k a l ua n ]_w
[_w m u n t ʃ ə m ]_w
[_w b o d i m ]_w
[_w m e n d o j m ə ]_w
[_w f a z i l ]_w
[_w b o a ʃ d u ]_w
[_w l o j ə ]_w
[_w m e n d o s ə ]_w
[_w l i ɟ e n i ]_w
[_w p a ɾ t i a ]_w
[_w v e t e ɾ ]_w
[_w v i ʃ t ə ]_w
[_w ɟ i θ a ]_w
[_w v o k e l ]_w
[_w ts i l ə s ]_w
[_w ts i l ə t ]_w
[_w s p u l o i ]_w
[_w l e dz ue s i t ]_w
[_w p u ɾ k ]_w
[_w b a d ə n ]_w
[_w b u ɾ ɡ u ]_w
[_w n ɡ ɾ i t i ]_w
[_w t ɾ i t ə ]_w
[_w b ɾ e ʃ e v ə s ]_w
[_w ʃ k a ɫ ə n ]_w
[_w ʃ t y ɾ ə n ]_w
[_w p ɾ a n o n i n ]_w
[_w e ɾ θ ə n ]_w
[_w k u ɫ a t ]_w
[_w m u ɾ e v e ɾ i ]_w
[_w ɡ ɾ u j ə s ]_w
[_w n ɟ a ʃ ə m ]_w
[_w d e ɾ i a ]_w
[_w f ʃ a t i ]_w
[_w m i j ə t ]_w
[_w e l b a s a t ]_w
[_w n d ɾ y ʃ ə m ]_w
[_w a ɾ m i k u d ]_w
[_w k o ɡ ə s o ɾ e ]_w
[_w ɾ a j o n e ]_w
[_w k j o ]_w
[_w f j a l ə ]_w
[_w ɡ u c e ]_w
[_w f i ʃ t ə ]_w
[_w e k ə ɾ ]_w
[_w b o b u ɫ o ɾ ]_w
[_w ɾ e z u l t o n ]_w
[_w k θ i m i n ]_w
[_w ɟ ua j n ə ]_w
[_w v l e ɾ a t i o ]_w
[_w m b l e ð j e ]_w
[_w f ɾ a s j e ]_w
[_w k i n ə s ]_w
[_w p l o t e ]_w
[_w z y v e ]_w
[_w t o ɡ ə ]_w
[_w f a ɫ e ]_w
[_w c e n t ɾ o j ə ]_w
[_w s u l e j m a n ]_w
[_w k θ e h e j ]_w
[_w p ə ɾ ɟ i ɟ ]_w
[_w s t u d i m e t ]_w
[_w k ɾ a h i n ə n ]_w
[_w d ɾ i t ə ]_w
[_w r e ð e t ]_w
[_w m a ð ə ]_w
[_w t a d o ɾ ]_w
[_w v i j o n ]_w
[_w p e s ua ɾ ]_w
[_w d j e t ə ɾ ]_w
[_w h i s t o ɾ i m ]_w
[_w z e ɾ i ]_w
[_w k o t i t ]_w
[_w m b a ɾ o i ]_w
[_w e u ɾ o p ə n ]_w
[_w p ɾ e n t ʃ m e ]_w
[_w b ɾ o k ɾ a t ə ]_w
[_w t e t o ɾ e ]_w
[_w p ɾ o ts e z i ]_w
[_w s c a d ]_w
[_w m o z ]_w
[_w t u ɡ e j ]_w
[_w s k ua t ɾ a ]_w
[_w a v d ə ]_w
[_w a d a ]_w
[_w y o ɾ ɡ ]_w
[_w f a k t i v ]_w
[_w p a s t a j ]_w
[_w f e p ɾ a t ]_w
[_w v u ʃ ə ]_w
[_w s o d ]_w
[_w k u ʃ t ə ]_w
[_w h o ɫ a ]_w
[_w k u p t o h e d ]_w
[_w f l o ɾ i t ]_w
[_w f ə ɫ e s ə ɾ ]_w
[_w t i t u ɾ ]_w
[_w v l a m u ɾ ]_w
[_w l o k a l ]_w
[_w f o ɾ m o h e t ]_w
[_w m j e t e s ə s ]_w
[_w a s c ə ]_w
[_w l u f t ua n ]_w
[_w l ə v i z j a ]_w
[_w n d ə ɾ k ua ɾ ]_w
[_w v e n t i m i ]_w
[_w b a ʃ k o h e t ]_w
[_w ɡ a s e t a d ]_w
[_w f e n d o j n ə ]_w
[_w ʃ o c ə ɾ i n ]_w
[_w v e dʒ a n d a j ]_w
[_w j e z u i t ]_w
[_w t ə ɾ ɡ o n ]_w
[_w t i j ə ]_w
[_w k u ʃ t ua ɾ ]_w
[_w ɡ u ʃ t e v e ]_w
[_w n u m ɾ a v e ]_w
[_w l ua j n ə ]_w
[_w z o ts i a l ]_w
[_w m ə s ue s i t ]_w
[_w l i θ j e s ]_w
[_w v ɾ o n i n ]_w
[_w a r i t u ɾ ]_w
[_w n d a ɾ t ]_w
[_w v j e tʃ a ɾ ]_w
[_w u l e t ]_w
[_w n t j e ]_w
[_w v u n d i m i t ]_w
[_w z e v ]_w
[_w p ɾ a n d ə ]_w
[_w ʃ p ɾ e s i ]_w
[_w tʃ l i ɾ i ]_w
[_w t ɾ u ɾ i d ]_w
[_w p a ʃ k i m i n ]_w
[_w d u ɾ ɟ i s ə ]_w
[_w m b a z e ]_w
[_w n u m ɾ i t ]_w
[_w p ɾ e ʃ e v ə s ]_w
[_w c e j ə ]_w
[_w r i t j e n ]_w
[_w t e ɡ a t i ]_w
[_w ɾ e v i s t ə ]_w
[_w h a s a n ]_w
[_w k ɾ u b i t ]_w
[_w f a m i l j e n ]_w
[_w o p j e ɡ t ]_w
[_w u ʃ t ɾ i v e ]_w
[_w p e d e n ]_w
[_w p o p u ɫ o ɾ e ]_w
[_w p i p ə l ]_w
[_w c a t e ]_w
[_w ʃ i t u ɾ ]_w
[_w ɾ e ɟ i m i ]_w
[_w ʃ k e n dz o ɾ e ]_w
[_w θ i m i t ]_w
[_w t e c e j a ]_w
[_w b e n d i n ]_w
[_w t u h e t ]_w
[_w b e ɾ s o n ]_w
[_w v i t e t ]_w
[_w ʃ o c ə ɾ ua ɾ ]_w
[_w θ e k s o n ]_w
[_w θ o n ə ]_w
[_w p ə ɾ c i ɟ e ]_w
[_w ɡ ɾ e ɡ e ]_w
[_w dz i l ə s i n ə ]_w
[_w b ɾ i t ]_w
[_w n d ɾ y ʃ o n ]_w
[_w m i ɾ a t ua ɾ ]_w
[_w f a j ]_w
[_w ɟ i n d e ]_w
[_w k ɾ ua s ]_w
[_w k ɾ i ʃ t e ɾ ə ]_w
[_w p o s i t i v e ]_w
[_w k u b d ua ɾ ]_w
[_w m e z a t ]_w
[_w s o n ə s e ]_w
[_w ɡ u ɫ a ]_w
[_w s p o ɾ d a ]_w
[_w p a l ə ]_w
[_w ʃ c i b ə ɾ ]_w
[_w a ɾ s i m o n ]_w
[_w m e s i n ]_w
[_w i t a l i a ]_w
[_w t ɾ e j t ue s e ]_w
[_w f ɾ u t a ]_w
[_w ɡ l u p e t ]_w
[_w l i b ɾ i t u ɾ ]_w
[_w p o t ə ɾ o ɾ e ]_w
[_w v e n d i t ]_w
[_w d e t o f ə s ]_w
[_w s i b a s ]_w
[_w c a ɾ t ə ]_w
[_w r u ɡ ə ]_w
[_w t ɾ e k o j n ə ]_w
[_w l i ɾ i m i ]_w
[_w u ʃ t ɾ i h e j ]_w
[_w t a ʃ u ɾ i ]_w
[_w s e ɾ i ]_w
[_w f o ɾ m ua ]_w
[_w p e t e t ]_w
[_w θ o ʃ t e ]_w
[_w n a t y ɾ o ɾ ]_w
[_w t e t a ɾ e ]_w
[_w c e ɾ m a n ə ]_w
[_w e k i b ]_w
[_w k o t i t j e n ]_w
[_w ʒ ə ɾ b i m i d ]_w
[_w a ɾ t ə ]_w
[_w r e ð e d ]_w
[_w l i ð j a ]_w
[_w c a ɾ ɡ u t ]_w
[_w a k t i v ]_w
[_w n d i k o i ]_w
[_w c e t i ]_w
[_w f e ɾ ð ə n ]_w
[_w ɟ e n e ɾ c i a ]_w
[_w m ə s i m i n ]_w
[_w e ɡ i p i t ]_w
[_w ɲ ə ɟ i n t ]_w
[_w v i n d e ɾ s a ]_w
[_w c o n ]_w
[_w r a ð ə ]_w
[_w n t i k o n ]_w
[_w p e t ɾ i d ə ]_w
[_w n a d y ɾ ə s ]_w
[_w v e n d i ]_w
[_w k ə ɾ ɡ o n t e ]_w
[_w ð ua ʃ ]_w
[_w ɾ a s t e v e ]_w
[_w o s m a n i n ]_w
[_w z a ɾ a n d a s ]_w
[_w p a j i s j e t ]_w
[_w v e p ɾ o n i n ]_w
[_w b a s ə n ]_w
[_w b a t ə n ]_w
[_w p ɾ e n d i ]_w
[_w ɟ e l i s a t ]_w
[_w s j a r i t u ɾ ]_w
[_w n d ə ɾ d a ]_w
[_w v e ɾ ə n ]_w
[_w f ə ɾ t e t ə s ]_w
[_w k ə d a ]_w
[_w l u ʃ ɲ ə s ]_w
[_w θ e m e l o i ]_w
[_w k a n e t ]_w
[_w m a l i t e t ]_w
[_w p e j ə s ]_w
[_w v u ʃ t r i s ə ]_w
[_w f u n d i ]_w
[_w θ j e ʃ t e ]_w
[_w a ɾ a p e ]_w
[_w f i ɫ o j n ə ]_w
[_w v a ɾ a ]_w
[_w d o l ə n ]_w
[_w ʃ f a c e ]_w
[_w z b a t i ]_w
[_w b e j ]_w
[_w b ə j m ə ]_w
[_w v ə ɾ e h e t ]_w
[_w o ɾ a ]_w
[_w t ɾ u ɾ i t ]_w
[_w k o h ə v e ]_w
[_w n t o ð t e ]_w
[_w ɟ e v e ɾ i s ə ]_w
[_w f t o h t ə ]_w
[_w b a j t i ]_w
[_w t u h a n i t ]_w
[_w p ɾ i ʃ t ]_w
[_w ɟ ua j t ]_w
[_w f o ɾ t ]_w
[_w b o t ə ]_w
[_w b ə z o i ]_w
[_w ʃ t e t e f e ]_w
[_w c u h ə n ]_w
[_w ʃ a p a n ]_w
[_w j e t ua ɾ ]_w
[_w ɾ o p e ɾ t ]_w
[_w k a l ua ɾ ə n ]_w
[_w ʃ t ɾ i h e t ]_w
[_w m b e t u ɾ ]_w
[_w e v e k t ]_w
[_w m ə p a ɾ ʃ m e ]_w
[_w z e z o n ]_w
[_w k a m b i o n ]_w
[_w p ə j ə ]_w
[_w e c i b d ]_w
[_w d i n i ]_w
[_w k a ɾ l ]_w
[_w m o i s i u t ]_w
[_w d a ʃ u ɾ ]_w
[_w b j e ɫ o ɾ e ]_w
[_w c e n d ɾ o ɾ ]_w
[_w s t a t u z i n ]_w
[_w p ɾ i ɟ e t ]_w
[_w d ɾ a j t o n ]_w
[_w p ə ɾ m b a n ə ]_w
[_w l a ɾ t ə s i ]_w
[_w d j e ɾ a ]_w
[_w ɟ u h ə z o ɾ e ]_w
[_w s e m ɾ a d ]_w
[_w b u ʃ t o i ]_w
[_w ɡ ɾ a h u n ]_w
[_w d e o ɾ i k ]_w
[_w ʃ ə ɾ b i m ]_w
[_w p i p l i ɡ u n ]_w
[_w f a j z ə s ]_w
[_w p i b ə l ]_w
[_w t e p ə ɾ ]_w
[_w ɲ o h u ɾ i t ]_w
[_w c e l i s ə ]_w
[_w o ɾ i c i n ə ]_w
[_w z ɟ e ð j e ]_w
[_w f l a s i k e ]_w
[_w ʃ t y p j e s a ]_w
[_w v e ɾ i u θ ə ]_w
[_w s u n d i ]_w
[_w ɾ o ts k ]_w
[_w a n d e ]_w
[_w n t a ɾ j e ]_w
[_w m o m e n ]_w
[_w p u ɡ u ɾ ]_w
[_w r e s e ]_w
[_w i l i ɾ i ]_w
[_w s ɟ e ð u ɾ ]_w
[_w s u n d i m e d ]_w
[_w t o t ]_w
[_w u ʃ t ɾ i a k ]_w
[_w m e n d o z i n ]_w
[_w t i ɾ a n e ]_w
[_w f i t e ]_w
[_w ɟ e ɾ ʃ o ɾ ]_w
[_w m b u l ua ɾ ]_w
[_w j u z u v ]_w
[_w s e ɾ b i ]_w
[_w ɾ e n d ʃ ə m ]_w
[_w t o n a ]_w
[_w θ i r j e ]_w
[_w s a p o ]_w
[_w r e k u ɫ i t ]_w
[_w m e n d e n ]_w
[_w s o d m e ]_w
[_w m b a j t j e ]_w
[_w ɟ i ð ]_w
[_w v e m ɾ a f e ]_w
[_w k i ʃ a v e ]_w
[_w n k ɾ i t j e ]_w
[_w d ə ɾ k o n d e ]_w
[_w m ə s ue s i ]_w
[_w c e l i z a ]_w
[_w u ð ə t i m ]_w
[_w m ua j i n ]_w
[_w i n d e ɾ ua ɾ ]_w
[_w ʃ ə n ]_w
[_w v ɾ a ʃ ə ɾ i t ]_w
[_w n t o ð e n ]_w
[_w a n ə t a ɾ ə t ]_w
[_w ɾ u s i a ]_w
[_w p a z u ɾ a ]_w
[_w f e b ə ɾ ]_w
[_w s o t ə m ]_w
[_w c e n d ɾ o ɫ ]_w
[_w k ɾ i j o n t e ]_w
[_w p a s u ɾ i a ]_w
[_w b u ʃ a t ]_w
[_w f l e n ]_w
[_w c a ɾ ɟ e ]_w
[_w v a j ]_w
[_w ɾ a ð ə t ]_w
[_w e p i ɾ i t ]_w
[_w p a ye ɾ n ]_w
[_w a u s t ɾ i s ]_w
[_w p ɾ o n ]_w
[_w v l a m u ɾ i n ]_w
[_w m a j ə ]_w
[_w m a θ ]_w
[_w a s i z ə ]_w
[_w k ɾ i t j e n ]_w
[_w m b ɾ o n i n ]_w
[_w ɡ a ɾ l ]_w
[_w j ua j ]_w
[_w v a k t i ]_w
[_w f ʃ a t ɾ a f e ]_w
[_w a n ə s o ɾ ]_w
[_w t ə ɾ k a c ]_w
[_w n ə n d o ɾ ]_w
[_w p i j v e ]_w
[_w p a s c y ɾ ə ]_w
[_w m b a s ]_w
[_w m u ɾ i n ]_w
[_w t i k u ɾ o i ]_w
[_w k u l t u ɾ ə n ]_w
[_w a ð i n ə ]_w
[_w ʃ k e n ts ə z ]_w
[_w p u t ə ]_w
[_w k ua n d i k o i ]_w
[_w e ɟ i b d a ɾ ə ]_w
[_w k a n e ]_w
[_w h a s a n i ]_w
[_w ɲ o h u ]_w
[_w t ə ɾ h e ɟ u ɾ ]_w
[_w n ɡ a ɾ k ua ɾ ]_w
[_w f i ɫ i m ]_w
[_w t ɾ e k u ɾ i ]_w
[_w d o n t e ]_w
[_w j e r y ]_w
[_w s e l i ]_w
[_w n e k a t i ]_w
[_w r e ð ]_w
[_w a t ɾ i t ]_w
[_w m e r e ʃ i n ]_w
[_w ɾ e v o ɾ m ə n ]_w
[_w p ɾ a ]_w
[_w e c i b d a ɾ e ]_w
[_w ɲ ə s o j n ə ]_w
[_w b ə ɾ p ə ɾ ə ]_w
[_w ɟ u h a ]_w
[_w j e d e ɾ ]_w
[_w t i j e s ]_w
[_w f i ɫ o n ]_w
[_w b o ɾ t i v e ]_w
[_w m i n i s t ]_w
[_w e m ɾ i n ]_w
[_w n i v e l i n ]_w
[_w m e t o d a t ]_w
[_w s c o ð i ]_w
[_w k a f ʃ ə v e ]_w
[_w t ɾ e j t i m ]_w
[_w e ɡ i b e t ]_w
[_w f e ɾ i s ə ]_w
[_w ɟ e ð e ]_w
[_w ɡ e o ɾ ɡ e ]_w
[_w f i l i p i ]_w
[_w k ɾ a ]_w
[_w n a d y ɾ ʃ m e ]_w
[_w t ɾ e ɡ ua n ]_w
[_w b l e ɾ ə ]_w
[_w f i s n i ɡ ]_w
[_w n e k a d a l ə ]_w
[_w s u k s e s ]_w
[_w d i h e t ]_w
[_w i t a l i a n ]_w
[_w v a r i ]_w
[_w m b l e θ j e ]_w
[_w e k i b i ]_w
[_w m e t i a t ]_w
[_w d j a ð t ə ]_w
[_w ʃ t u k u ɾ a ]_w
[_w ʃ k ɾ i m e t ]_w
[_w n i s ə ]_w
[_w p o p u ɫ i t ]_w
[_w ʃ f i ɫ o h e t ]_w
[_w f e n d i m ]_w
[_w ɡ o j ə ]_w
[_w θ j e t ə ɾ a t ]_w
[_w b ɾ o p o s ua ɾ ]_w
[_w j a b i n ]_w
[_w b l a n i k ]_w
[_w z a k o n i n ]_w
[_w v i ʃ t a ɾ ə ]_w
[_w b u n ə s ]_w
[_w p j e z e ]_w
[_w ɟ e n d ɾ a t ə ]_w
[_w ɾ e v i s t ə ɾ ]_w
[_w ɟ ə n t ɾ o i ]_w
[_w a n d a j ]_w
[_w h y ɾ j e s ]_w
[_w ɡ u f i ]_w
[_w f o ɾ ts a v e ]_w
[_w f e t ]_w
[_w v i n t e ]_w
[_w k u ɾ t ə ɾ ]_w
[_w θ j e t ]_w
[_w j a p i n ]_w
[_w l o n d ɾ a ]_w
[_w a v ɾ i k a ]_w
[_w d u r ə s ]_w
[_w p a ɾ a s y ʃ ]_w
[_w p ɾ o f a ]_w
[_w t ɾ e j t ua ɾ ]_w
[_w n d a ɾ j e v e ]_w
[_w m o d ɾ a n e ]_w
[_w a p s o l u d e ]_w
[_w v i l m i t ]_w
[_w k u r ə ]_w
[_w l i ɾ i m i t ]_w
[_w c i ð e t ]_w
[_w a l b u m i n ]_w
[_w n e v o j a t ]_w
[_w p e t e n ]_w
[_w ʃ ə ɾ b i m e t ]_w
[_w b o t a ]_w
[_w m a c e t o n i ]_w
[_w m ə ʃ i ɾ o n ]_w
[_w m a n t e j ]_w
[_w k ɾ a h ]_w
[_w a k t ua ɾ ]_w
[_w p ɾ a n v e ɾ ]_w
[_w a u s d ɾ i ]_w
[_w k o h ə t ]_w
[_w ɟ e ɾ ɟ ]_w
[_w dz i v i l e ]_w
[_w o ɾ ɡ a n e v e ]_w
[_w ʃ k a ɟ e ]_w
[_w b ɾ i z ɾ e n ]_w
[_w a d y ]_w
[_w p e t ɾ o ]_w
[_w d o n ə s e ]_w
[_w d i d ə n ]_w
[_w p a ʃ k ua ɾ ]_w
[_w b i k ə ɾ i ʃ ]_w
[_w dz o p ə ]_w
[_w ɡ e n i ]_w
[_w f a i k ]_w
[_w p e z ə ]_w
[_w m p e t i ]_w
[_w f i z i k e ]_w
[_w t ɾ a m a ]_w
[_w c a k o f ə s ]_w
[_w i s p n ]_w
[_w d e k s t e ]_w
[_w n ə n t o ɾ ]_w
[_w m e d i ]_w
[_w a ɫ ɫ a h u t ]_w
[_w j a ʒ d e ]_w
[_w z e ɾ p ]_w
[_w l i n d u ɾ ]_w
[_w p j e s a ]_w
[_w f t e k j e n ]_w
[_w v e p ɾ i m e t ]_w
[_w p ɾ o j t u ɾ ]_w
[_w a j ɾ o ɾ e ]_w
[_w ɲ o h u ɾ a ]_w
[_w k θ ye ɾ ]_w
[_w ɟ e n ]_w
[_w r u ɡ ə t ]_w
[_w j a b ]_w
[_w o p j e k t i n ]_w
[_w d e ɾ i ]_w
[_w k ɾ e ɟ i a ]_w
[_w c a ɾ k u n ]_w
[_w p ɾ o ts e s e ]_w
[_w k ɾ e c i ]_w
[_w m i a ]_w
[_w p i m ə v e ]_w
[_w k o m b e v e ]_w
[_w ɟ y c ə s o ɾ e ]_w
[_w s u ɾ i s ə ]_w
[_w f e n o m e ]_w
[_w m e n t o s i ]_w
[_w p a m j e n ]_w
[_w c i ð ]_w
[_w θ j e t o ɾ ]_w
[_w s ue d i ]_w
[_w s i m e t ]_w
[_w ʃ i t j e s ]_w
[_w m b e t ə n ]_w
[_w a m e ɾ i k a n ]_w
[_w ɾ a s t e t ]_w
[_w d o n ə ]_w
[_w t i m e t ]_w
[_w a ɾ θ u ɾ a ]_w
[_w p ɾ i t u ɾ ]_w
[_w n d a h e t ]_w
[_w ɟ i θ m o n ə ]_w
[_w m o ɾ a l ]_w
[_w c a t ə z i ]_w
[_w l u v d ə s i ]_w
[_w a u d o ɾ ə t ]_w
[_w t ɾ e k o ɾ d ]_w
[_w ɡ o t i t u ɫ i ]_w
[_w ɾ o b e ɾ t ]_w
[_w d e t a ]_w
[_w l ə k u ɾ ə ]_w
[_w d e j ]_w
[_w θ j e t ɾ ə n ]_w
[_w p a ʃ k i s ə ]_w
[_w a k t ua ɾ a ]_w
[_w b a v a ɾ u ɾ a ]_w
[_w k u f i ɾ i ]_w
[_w d e j e t ]_w
[_w a ɾ t e ]_w
[_w f i ɡ t o ɾ ]_w
[_w k o m b ]_w
[_w m a l a s ə ]_w
[_w v i l m a v e ]_w
[_w m u n t ə ɾ ]_w
[_w j u k o ɾ ]_w
[_w b a m j e ]_w
[_w z i ɫ t e ]_w
[_w m ə n y ɾ ə ]_w
[_w t ɾ e ]_w
[_w ɾ e a l i s ua ɾ ]_w
[_w p e n d e v e ]_w
[_w k e o ɾ k i a ]_w
[_w k u j t e s i n ]_w
[_w m u s i k ə ]_w
[_w p o l i t i ɡ a ]_w
[_w ɾ ə n ə ]_w
[_w v i ɫ o h e n ]_w
[_w c e n d ɾ o ɾ e ]_w
[_w k θ e h e d ]_w
[_w v e m ə ɾ ua ]_w
[_w k ə ɾ ɡ ua n ]_w
[_w e ɾ ə z o ɾ e ]_w
[_w m a k i n a ]_w
[_w d ua m ]_w
[_w b ə j ]_w
[_w s y ɾ t a ɾ ]_w
[_w u j ə ]_w
[_w ɡ l a s a ]_w
[_w ʃ ə ɾ b i m i t ]_w
[_w d e ɾ e s ]_w
[_w f e n d i m i t ]_w
[_w m u s t a f a ]_w
[_w b u k u ɾ ]_w
[_w a n d e j ]_w
[_w o s m a n i ]_w
[_w p i ɡ a t ]_w
[_w t ɾ e j t ə s ]_w
[_w r i d u ɾ ]_w
[_w n d j e s ]_w
[_w t i j e n i ]_w
[_w b e ɾ ə n d i ]_w
[_w b a b a ]_w
[_w ɡ o h a ]_w
[_w a ɾ m i k u t ]_w
[_w p l o t ə ]_w
[_w d j e t ɾ ə n ]_w
[_w c e j n ə ]_w
[_w p a n ɡ a ]_w
[_w k u p ə s ]_w
[_w k e n i ]_w
[_w ɡ ɾ e k ə ]_w
[_w z u k s e s i n ]_w
[_w t a l ə ]_w
[_w d i j e n i ]_w
[_w t e t a j e ]_w
[_w ɡ ɾ e u ]_w
[_w n i z u ɾ ]_w
[_w p ə ɾ b ə ɾ ə ]_w
[_w v e tʃ a n d e j ]_w
[_w p i j e t ]_w
[_w t ɾ o j e ɡ t e ]_w
[_w f ə ɾ t e t ə n ]_w
[_w d i z a ]_w
[_w f e t a ɾ ]_w
[_w f j e t o ɾ ]_w
[_w ʃ p e j t ə ]_w
[_w r j e ð ə n ə ]_w
[_w ʃ k ɾ i m e v e ]_w
[_w ɾ a t i d a ]_w
[_w a k t o ɾ ]_w
[_w s i t ua t ə n ]_w
[_w ʃ c i p ə ɾ ]_w
[_w m o m e n t ua ɾ ]_w
[_w n t o ð i n ]_w
[_w j u ɡ ]_w
[_w t ua ɾ ]_w
[_w m a θ ə s i ]_w
[_w ɾ ə n t i ]_w
[_w ɟ i θ a ʒ d u ]_w
[_w l i n d o ɾ e ]_w
[_w s ə m u n d j a ]_w
[_w m b e t e j a ]_w
[_w t ɾ a t i t ]_w
[_w p u b l i ɡ ]_w
[_w m e ʃ k u j t ]_w
[_w o p o r i n ]_w
[_w v e n t e ʃ i n ]_w
[_w m e ɟ i θ ə s e ]_w
[_w v a j z ə ]_w
[_w d o ɾ ə n ]_w
[_w ʃ k a ɫ ə s ]_w
[_w b ɾ e n d ʃ m e ]_w
[_w p ɾ i t a n i t ]_w
[_w t i ɫ a ]_w
[_w k ɾ u j ə s ]_w
[_w m b y ɫ ]_w
[_w k u b d o n ]_w
[_w f e n t o s ə ]_w
[_w t ə ɟ o n ]_w
[_w f u t b o ɫ i t ]_w
[_w f u c i s ə ]_w
[_w c e n d j e ]_w
[_w a n ɡ l i a ]_w
[_w k u p t i m i ]_w
[_w k o o ɡ l e ]_w
[_w d ə n ua ]_w
[_w ɲ i h e t ]_w
[_w f i ɫ o j ə ]_w
[_w p i z n e s i t ]_w
[_w e ɟ i p t i t ]_w
[_w v j e t ɾ a ]_w
[_w k i ʃ ə ]_w
[_w ʃ k a k t ua ɾ ]_w
[_w b o d ə ɾ o ɾ ]_w
[_w ʃ t e t ə n ]_w
[_w p e ɾ ]_w
[_w n a p o l i t ]_w
[_w d e t y ɾ ə ]_w
[_w c i m n a z i n ]_w
[_w p a v a ɾ ə t ]_w
[_w u ɾ p a n e ]_w
[_w m u s i k o ɾ ]_w
[_w p ə ɾ t e t ə s ]_w
[_w ɡ a t ə r ua ɾ ]_w
[_w ð j e ʃ t ə ]_w
[_w d ɾ e k o j n ə ]_w
[_w ɾ e dʒ e p ]_w
[_w p i m ə ]_w
[_w l o ɡ a l e ]_w
[_w n t o n ə s ]_w
[_w ɡ ɾ ye s o ɾ e ]_w
[_w t i t u j ]_w
[_w p u r a ]_w
[_w n e k a t i v e ]_w
[_w s y v e ]_w
[_w k o k ə ]_w
[_w k o j ə ]_w
[_w l a c e ]_w
[_w d e t y ɾ ə n ]_w
[_w b e ɾ i u ð ə s ]_w
[_w l a ɾ d ə ]_w
[_w ɟ y k a t a ]_w
[_w b e j ə s ]_w
[_w f j a l ə s ]_w
[_w e ʃ t e ]_w
[_w k ɾ a d ə ]_w
[_w h u m b ]_w
[_w n d o θ e j ]_w
[_w a u t o ɾ ə s ]_w
[_w m j e t e ]_w
[_w v e t m i ]_w
[_w p ɾ o ts e z i t ]_w
[_w ɟ e ɾ ə ]_w
[_w u ʃ t ɾ i t a ]_w
[_w ɟ ə n t ɾ i m a ]_w
[_w k o n t e ]_w
[_w v ɾ u t a t ]_w
[_w ʃ c i b d a ɾ e ]_w
[_w v i t o ɾ i n ]_w
[_w p u ʃ t e t i ]_w
[_w s a m i ]_w
[_w ɾ e a l e ]_w
[_w k ɾ a h u n ]_w
[_w ɟ y s m a ]_w
[_w f o ɾ ts i m i n ]_w
[_w c e n d ɾ ə s ]_w
[_w b l a n i t ]_w
[_w k e o ɾ ɡ i a ]_w
[_w ɡ o h e t ]_w
[_w f ʃ a d a ɾ e ]_w
[_w a ʃ p ə ɾ ð i m ]_w
[_w d ə ʃ i ɾ ə s ]_w
[_w v a c e t ]_w
[_w d ɾ a ʃ ə ɾ i ]_w
[_w m o s k ə ]_w
[_w p u ʃ t i m i ]_w
[_w p ɾ a n ə ]_w
[_w i p ɾ a h i n a ]_w
[_w l u f t ua ɾ ]_w
[_w f a ʃ i s t ]_w
[_w a f ə ɾ s i ʃ t ]_w
[_w ɾ e ɟ i n ə ]_w
[_w p a n o n ]_w
[_w ʃ k ɾ ua n d e ]_w
[_w ð o d e ]_w
[_w j a n i n ə ]_w
[_w s e dz i l i ]_w
[_w l e dz ua ɾ ]_w
[_w p ye t j e ]_w
[_w c i m n a s i n ]_w
[_w b ə ɾ t o ɾ ə n ]_w
[_w d i n ə ]_w
[_w a ɫ a h u t ]_w
[_w f a ɾ u ɾ a l e ]_w
[_w ʃ o c a t a ]_w
[_w b u n ə v e ]_w
[_w p ə ɾ ʃ k ɾ ua n ]_w
[_w ɾ ə n d i ]_w
[_w ʃ t ɾ e s a t ]_w
[_w l a t ]_w
[_w ɟ ə ɾ ə ]_w
[_w b a ɾ a f e ]_w
[_w v o ɾ ts a ]_w
[_w t ɾ i ]_w
[_w θ e m ]_w
[_w f e ʒ ]_w
[_w t j e m t ə ]_w
[_w z b o ɾ t i v e ]_w
[_w ɟ y t e t i t ]_w
[_w n e k a t i v ]_w
[_w s j a r i d i ]_w
[_w j a b ə ]_w
[_w ɡ o m u n a l e ]_w
[_w p o ɾ t ]_w
[_w b a ɾ ð ə ]_w
[_w n e v o j a d ]_w
[_w e ɡ i b ]_w
[_w o v ɾ ua ɾ ]_w
