[_w b l i n u ]_w
[_w j s ou ]_w
[_w p s a ɲ iː ]_w
[_w m i z l iː m ]_w
[_w o s o b a ]_w
[_w d a l a ]_w
[_w t o b a t l o ]_w
[_w k i n a ]_w
[_w s t aː ]_w
[_w ɟ iː l i ]_w
[_w z i m ɲ iː ]_w
[_w j i r̝ iː ]_w
[_w u n t ]_w
[_w s a s p i ]_w
[_w z k r z ɛ ]_w
[_w t a ɲ o v iː ]_w
[_w p u d ɛ ]_w
[_w d o p ]_w
[_w ʒ b a t n iː ]_w
[_w v tʃ ɛ r a ]_w
[_w u s a ]_w
[_w ɦ r a c ɛ ]_w
[_w n a v iː ts ]_w
[_w o r ɡ aː n i ]_w
[_w v ɛ s m iː r u ]_w
[_w p iː v a l iː ]_w
[_w p r o d u k t u ]_w
[_w tʃ t v r t ɛ k ]_w
[_w p o l i ]_w
[_w v a ʃ ɛ ]_w
[_w n ɛ j ɛ n ]_w
[_w c i z iː ts ]_w
[_w ts ɛ n a ]_w
[_w m i m o ]_w
[_w m a d k i ]_w
[_w ts i s iː ]_w
[_w u v ɛ d ɛ ɲ iː k ]_w
[_w m i l o ʒ ]_w
[_w ɲ ɛ k o ɦ o ]_w
[_w v l o ʒ i t ɛː ]_w
[_w t ɛ n ɲ ɛ ]_w
[_w m uː ʒ ou ]_w
[_w j i n iː ]_w
[_w s t r a x ]_w
[_w ɛ r z d ɛ ]_w
[_w d ɛ n ɦ l ɛ ]_w
[_w v iː r o p k i ]_w
[_w a v ʃ a k ]_w
[_w p r o d o ]_w
[_w o ɡ r u ɦ u ]_w
[_w d o b i z u ]_w
[_w tʃ ɛ r v n a ]_w
[_w r o v ɲ ɛ ʃ ]_w
[_w p a t r̝ iː ]_w
[_w b o ɟ ɛ ʒ iː ]_w
[_w r o c i n a ]_w
[_w n u t ɲ ɛ ]_w
[_w v o t o ]_w
[_w k o m i s ɛ ]_w
[_w z n a ʃ iː m ]_w
[_w v i c ɛ l a ]_w
[_w t l ɛ ]_w
[_w m i n u l iː ]_w
[_w b ɛ t r a ]_w
[_w p ɛ n ɛ ʒ ]_w
[_w n a d o l i k ]_w
[_w k r ou b ]_w
[_w d o b ]_w
[_w d o m j ɛ r ɲ ɛ ]_w
[_w o b ts iː ]_w
[_w a r p i t r a ]_w
[_w o d aː z k a ]_w
[_w p r a v d u ]_w
[_w r̝ iː j n u ]_w
[_w m a l ɛː ]_w
[_w n o v a ]_w
[_w v a r i a n t a ]_w
[_w p r o t u ]_w
[_w uː s i l iː ]_w
[_w m ɛː ɟ i a ]_w
[_w p i ɟ ]_w
[_w t n ɛ s ]_w
[_w ts ɛ n n iː x ]_w
[_w v l aː t a ]_w
[_w m o z ɛ k ]_w
[_w s p r aː v o ]_w
[_w d r̝ i ]_w
[_w s ɛ b ou ]_w
[_w ʒ ɛ s t ]_w
[_w p ɛ d r a ]_w
[_w d ɛ ɟ ]_w
[_w c ɛ l a ]_w
[_w p r̝ ɛ s t o ʒ ɛ ]_w
[_w v iː b j ɛ r u ]_w
[_w k t ɛ r ɛː ]_w
[_w a p o d ]_w
[_w l ɛ t ɛ m ]_w
[_w m iː s t ]_w
[_w p ɛ r ɛ ts ]_w
[_w ɛ v r o b a ]_w
[_w r̝ ɛ tʃ i ]_w
[_w z i n ]_w
[_w n u d n o ]_w
[_w p ɛ s ]_w
[_w d ɛ s t i ]_w
[_w v i a l a ]_w
[_w p o b r̝ ɛ ]_w
[_w v ʃ ɛ m i ]_w
[_w t o s t ]_w
[_w s t ɛ j n ou ]_w
[_w z aː k l a d u ]_w
[_w v l a z ɟ i ]_w
[_w b o t a r̝ i l o ]_w
[_w t iː t ɲ ɛ ]_w
[_w v i t v o r̝ iː ]_w
[_w p uː j tʃ k a ]_w
[_w j ɛ n o m ]_w
[_w x i b iː ]_w
[_w p r̝ i n ɛ s l ]_w
[_w tʃ ɛ k a l ]_w
[_w n ɛ m uː ʒ u ]_w
[_w r o s c iː l ]_w
[_w t u ʃ ɛ ]_w
[_w o p r aː ]_w
[_w u ɟ ɛ l a ]_w
[_w ʒ k o l ɛ ɲ iː ]_w
[_w v i l m ]_w
[_w o b a ]_w
[_w p o ɦ l ɛ ]_w
[_w c i s k u s i ]_w
[_w d o b j ɛ v i l ]_w
[_w s u v ]_w
[_w ɟ ɛ m ]_w
[_w tʃ a z ]_w
[_w r o ɟ i ]_w
[_w k a r ɛ l ]_w
[_w k a ʒ d aː ]_w
[_w ɲ ɛ k o m u ]_w
[_w z i m j ɛ ]_w
[_w p r̝ ɛ tʃ c ɛ t ɛ ]_w
[_w o b j ɛ v iː ]_w
[_w p i l ]_w
[_w p ɛ t r ]_w
[_w u k a s u j ɛ ]_w
[_w z d r aː n k i ]_w
[_w ɦ r aː d ]_w
[_w p o j i ]_w
[_w p r a ɦ i ]_w
[_w ɦ o d n o d a ]_w
[_w s ɛ m a n ]_w
[_w n aː z o r i ]_w
[_w x c ɛ j iː ]_w
[_w tʃ iː m ʒ ]_w
[_w j ɛ t ɛ m ]_w
[_w n ɛu m iː ]_w
[_w l u p a ]_w
[_w o d x o d u ]_w
[_w v uː l ɛ ]_w
[_w m ɛ l i ]_w
[_w a k tʃ ɲ iː ]_w
[_w s i n a ]_w
[_w r i x l ɛ ]_w
[_w k d i ʒ ]_w
[_w ɦ l a v ɲ iː ]_w
[_w ts ɛ l ɛː m ]_w
[_w o tʃ iː x ]_w
[_w u l o ʒ i l ]_w
[_w d ɛ l ʃ iː ]_w
[_w m i l i a r d i ]_w
[_w d o v o l i tʃ uː ]_w
[_w o b r a s i t ]_w
[_w v i t a l i a ]_w
[_w v ʒ ɛ m ]_w
[_w b i l ]_w
[_w ɲ ɛ m ɛ ts k iː ]_w
[_w m l a t ɛː ]_w
[_w b r s i ]_w
[_w p u d u ]_w
[_w t ɛː l k a ]_w
[_w m a r ɛ k ]_w
[_w p o s t u b ɲ iː ]_w
[_w a k ɛ n d u ]_w
[_w p r̝ ɛ j i ]_w
[_w r̝ a ɟ ɛ ]_w
[_w p uː s o b u ]_w
[_w k l i t ]_w
[_w u ʃ ɛ d r̝ ɛ ɲ iː ]_w
[_w ɟ ɛ t s k ɛː ]_w
[_w p o ɟ iː l u ]_w
[_w ts i d i ]_w
[_w m o ʒ n o s t ]_w
[_w m iː z d o ]_w
[_w uː v j ɛ r ]_w
[_w v ɛ l k ɛː ]_w
[_w ɲ ɛ ts o ]_w
[_w z i t u a ts i ]_w
[_w l i s t ]_w
[_w n o v aː ]_w
[_w v i u ʃ i ɟ iː ]_w
[_w s a l o ʒ i t ]_w
[_w m o ɦ u ]_w
[_w j ɛ j i x ]_w
[_w v j ɛ t ]_w
[_w p o r̝ a c iː ]_w
[_w ɛ n ɛ r a ts i ]_w
[_w p o d o b n ɛː ]_w
[_w m i s l iː m ]_w
[_w a v a d a r m o ]_w
[_w m n o ɦ ɛː ]_w
[_w o p ts ɛ ]_w
[_w t uː m a ]_w
[_w s l ou ʒ i t ]_w
[_w j ɛ n ʒ ]_w
[_w l ɛ s a ]_w
[_w t o t a ts ɛ ]_w
[_w r ɛ aː l n ɛː ]_w
[_w p o tʃ iː d a tʃ ]_w
[_w m iː r a ]_w
[_w p r i ]_w
[_w p r o d u k d ]_w
[_w m uː ʒ ɛ t ɛ ]_w
[_w n ɛ j ]_w
[_w d ɛ l ɛ ]_w
[_w p r o t u k d i ]_w
[_w b i d uː ]_w
[_w k d ɛ r ɛː ɦ o ]_w
[_w n ɛ j a k iː ]_w
[_w p o r a ɟ i ts ɛ ]_w
[_w t a ɦ l ɛ ]_w
[_w ɲ ɛ k t ɛ r ɛː ]_w
[_w z t r aː n ts ɛ ]_w
[_w p o d o b ɲ ɛ ]_w
[_w tʃ aː s c iː ]_w
[_w j i r k a ]_w
[_w n ɛ v iː ]_w
[_w ɟ iː l ɛ m ]_w
[_w p a n a ]_w
[_w z iː ɟ i ]_w
[_w m o j ɛ ]_w
[_w m j ɛ s iː ts i ]_w
[_w a s o ts i a ts ɛ ]_w
[_w f o t a ]_w
[_w n ɛ s ]_w
[_w n a j ɛ v o ]_w
[_w ʃ i d uː ]_w
[_w j i s t ɛː m ]_w
[_w b o j ɛ ]_w
[_w d r u ɦ iː ]_w
[_w k a ʃ t aː ]_w
[_w s r t ts ɛ ]_w
[_w m j ɛ n i ]_w
[_w m l u v ]_w
[_w p o r d aː l u ]_w
[_w ɦ o t n ɛː ]_w
[_w ɟ i p ]_w
[_w z v ɛː m u ]_w
[_w ɦ d p ]_w
[_w o b j ɛ d ]_w
[_w m a r c i n a ]_w
[_w o r k aː n i ]_w
[_w n aː v r ɦ u ]_w
[_w p j ɛ ʃ n iː ]_w
[_w ɦ o m ɛ ]_w
[_w ɟ ɛ l a d ]_w
[_w z d aː v aː ]_w
[_w k o d d ]_w
[_w n ɛ b i l i ]_w
[_w k r aː s n iː ]_w
[_w r o z ɟ i ]_w
[_w s a j iː m aː ]_w
[_w n a ɦ r a ɟ ɛ ]_w
[_w p i l a ]_w
[_w j ɛ d n a k ]_w
[_w l u ts i ]_w
[_w ɲ ɛ j a k iː ]_w
[_w o b j ɛ f i l a ]_w
[_w n aː ɦ r a d ]_w
[_w ɲ i k o l i ]_w
[_w k d i ]_w
[_w l i n k a ]_w
[_w m a j ɛ t n aː ]_w
[_w l i p ɛ r ɛ ]_w
[_w o ts ɛ ɲ ɛ ]_w
[_w s i n ]_w
[_w p r o k r a m u ]_w
[_w p r a x i ]_w
[_w k u r z u ]_w
[_w z p o r t ]_w
[_w d ɛ l ɛ v i ]_w
[_w p r̝ ɛ d s ɛ d i ]_w
[_w p r̝ iː k l a t ]_w
[_w v i p l a c iː ]_w
[_w d aː v a t ]_w
[_w r o s t l i ]_w
[_w r̝ ɛ ʃ iː ]_w
[_w n ɛ b u d ɛ m ɛ ]_w
[_w a n a l iː s a ]_w
[_w ts ɛ s t a ]_w
[_w d o m u d o ]_w
[_w l o j s a ]_w
[_w n aː s o r i ]_w
[_w z l ou ʃ i t ]_w
[_w t ɛ x ɲ i k a d ]_w
[_w v j ɛ ts i ]_w
[_w m iː m ]_w
[_w p l n iː ]_w
[_w s p o r t ]_w
[_w s t a r iː ]_w
[_w o z d r a v iː ]_w
[_w r o s t o j iː t ]_w
[_w s v ou ]_w
[_w ɦ o n t a k t u ]_w
[_w k t ɛ r ɛː m ]_w
[_w p r o v ɛː z d ]_w
[_w p r v k i ]_w
[_w s t aː t ]_w
[_w l ɛː t a ]_w
[_w s ts i v i ts ]_w
[_w ts l a n k i ]_w
[_w t o t o ]_w
[_w ɡ aː m ɛ n ]_w
[_w p o m o ts iː ]_w
[_w k d ɛ ]_w
[_w tʃ ɛ x uː ]_w
[_w z a m tʃ ɛ n o ]_w
[_w n ɛ j s ɛ m ]_w
[_w d ɛ s i k n ]_w
[_w uː v a ɦ u ]_w
[_w tʃ aː s t ]_w
[_w s n a t ]_w
[_w p o ɦ i p ]_w
[_w ɦ o ɟ i n n iː ]_w
[_w r̝ ɛ k l a ]_w
[_w ʒ k o l u ]_w
[_w b j ɛ ɦ ]_w
[_w m l aː c iː ]_w
[_w a l ɛ ]_w
[_w ɦ r a t i ]_w
[_w s m j ɛ ɲ i l ]_w
[_w r o m a n ]_w
[_w p a r ou p ɛ k ]_w
[_w o b r a v i ]_w
[_w r aː d ]_w
[_w s iː s k a t ]_w
[_w o b d o b iː ]_w
[_w v ʃ ɛ m ]_w
[_w ɛ n ɛ r a ]_w
[_w u s n aː ɲ iː ]_w
[_w s t i l ]_w
[_w ɦ o t n o c iː ]_w
[_w f o n t uː ]_w
[_w s n aː d ]_w
[_w tʃ a s ]_w
[_w p r̝ i ʃ l a ]_w
[_w o ɦ l ɛ ]_w
[_w ts ɛ l k o v iː x ]_w
[_w d iː tʃ ɛ ]_w
[_w p i x ]_w
[_w u m o ʒ ɲ iː ]_w
[_w u tʃ iː ]_w
[_w d r ʒ iː ]_w
[_w j ɛ d ɛ v ]_w
[_w ɲ ɛ m ɛ ts k u ]_w
[_w v ʃ t i ts k i ]_w
[_w d a ɲ o v aː ]_w
[_w p a v l a ]_w
[_w z b o r̝ ɛ ]_w
[_w r ɛ z p ɛ k t ]_w
[_w m o ʒ n o ]_w
[_w ʃ i l ]_w
[_w v iː ɦ o d i ]_w
[_w d ɛ s iː d k i ]_w
[_w o z o b ɲ iː x ]_w
[_w d a k o v ou ]_w
[_w d a l ]_w
[_w n ɛ b o ]_w
[_w f ɛ d ɛ ]_w
[_w b o d a r̝ i l o ]_w
[_w tʃ ɛ s k u ]_w
[_w t o l a r ]_w
[_w l u d m i l a n ]_w
[_w k uː ʒ i ]_w
[_w ɛ n ɛ r ɡ i iː ]_w
[_w t iː t ɛ n ]_w
[_w j a k iː x ]_w
[_w p r̝ ɛ ɦ l ɛ t ]_w
[_w j a k s i ]_w
[_w m a p a ]_w
[_w tʃ ɛ r v ɛ n ɛ ts ]_w
[_w o p a ]_w
[_w ɟ i s k u ]_w
[_w ʃ i j iː ts iː ]_w
[_w v ɛ t ou ts iː ]_w
[_w v ɲ i t r a ]_w
[_w t r u ɦ aː ]_w
[_w m ɛ s i ]_w
[_w l i n k ]_w
[_w t a l a ]_w
[_w d ɛ n ]_w
[_w m j ɛ s t o ]_w
[_w j a k o ]_w
[_w m ɛː ɟ i iː ]_w
[_w a k c i v i t i ]_w
[_w s t a v u ]_w
[_w s t r a ɲ ɛ ]_w
[_w m o s n a d ]_w
[_w v i s o k iː ]_w
[_w d a l ʃ iː ]_w
[_w l ɛː k a r̝ ]_w
[_w t r ɛ s t u ]_w
[_w s iː s k a l a ]_w
[_w p r̝ iː r o t i ]_w
[_w b o tʃ ɛ t ]_w
[_w c i s k u ]_w
[_w j ɛ t n ou ]_w
[_w j a k ou ]_w
[_w n o v iː m ]_w
[_w a p l i k a ]_w
[_w t iː d n ɛ ]_w
[_w o d s t ]_w
[_w v j ɛ r̝ i t ]_w
[_w tʃ ɛ l ɛ m ]_w
[_w ʃ ɛː f a ]_w
[_w ɦ l a v ɲ iː m ]_w
[_w au t o r̝ i ]_w
[_w p ou s ɛ ]_w
[_w ɟ i s k n ou d ]_w
[_w ʃ ɛ n i ]_w
[_w t uː m ]_w
[_w d aː ɲ a ]_w
[_w v o r m a ]_w
[_w d a d o ]_w
[_w s c ɛ l ɛ ]_w
[_w t o m t o ]_w
[_w ɲ ɛ m ɛ ts k o ]_w
[_w ts o m ]_w
[_w a b o t ]_w
[_w p a n k ]_w
[_w k ɛ n ɛ r ɡ i iː ]_w
[_w ʒ ɛ n u ]_w
[_w v iː l ɛ t ]_w
[_w p r o p l ɛː m ]_w
[_w m o s ɛ k ]_w
[_w m aː m ɛ ]_w
[_w k ɲ iː ʒ ɛ ]_w
[_w ts o k o l o ]_w
[_w uː t o k u t ]_w
[_w d o ɦ o d o ]_w
[_w b r o v o s ]_w
[_w p o m j ɛ r u ]_w
[_w a t r ɛ s a ]_w
[_w s v o b o t a d ]_w
[_w z i l n aː ]_w
[_w d a l ɛ ]_w
[_w ɲ i tʃ ɛ m u ]_w
[_w p r o z i n ts ɛ ]_w
[_w p ɛ t ɛ r ]_w
[_w ʒ ɛ l ]_w
[_w p r o b l ɛ m ]_w
[_w m iː s t o ]_w
[_w d l u ɦ i ]_w
[_w uː tʃ t u ]_w
[_w p o z l a t ]_w
[_w uː tʃ a s t o ]_w
[_w p r̝ ɛ d ]_w
[_w ts ɛ z ]_w
[_w i n v l a ts ɛ ]_w
[_w n a s ]_w
[_w s ɛ b ɛ ]_w
[_w p o r a t ]_w
[_w r o ts ɛ s ]_w
[_w d r ɦ u ]_w
[_w j a k aː ]_w
[_w n ɛ x a l ]_w
[_w t n o ]_w
[_w u l o ʒ i d ]_w
[_w s t aː d ɲ iː ]_w
[_w ɦ r a ɲ iː ]_w
[_w p r u s ɛ l a ]_w
[_w o p j ɛ ]_w
[_w b r ou d u ]_w
[_w t o k o n ts ɛ ]_w
[_w z i l n ou ]_w
[_w v o t ou ]_w
[_w l ɛ n ]_w
[_w s ou s t a ]_w
[_w v z ɲ i k ]_w
[_w t iː tʃ ɛ ]_w
[_w z u v ]_w
[_w z a s ɛ b ]_w
[_w j ɛ ɦ o v a ]_w
[_w p r̝ i d a l ]_w
[_w tʃ s o b ]_w
[_w t o s t a t ɛ k ]_w
[_w m i r o z l a l ]_w
[_w k ɛ n ɛ r ɡ i ɛ ]_w
[_w s ou b o r ]_w
[_w j m ɛː n a ]_w
[_w n a p iː d ts ɛ ]_w
[_w z ɛ d ]_w
[_w p o t ɛ b s a l ]_w
[_w ts ɛ l ɛ k ]_w
[_w t v ɛ r̝ ɛ j ɲ ɛ ]_w
[_w s i l ɲ ɛ ]_w
[_w n ɛ b i l ]_w
[_w m aː d ɛ ]_w
[_w o ɦ l ɛ d ]_w
[_w ɦ r aː tʃ i ]_w
[_w m i l i a r t i ]_w
[_w a tʃ k o l i ]_w
[_w s p r a ɲ iː ]_w
[_w ɟ ɛ t s t v o ]_w
[_w tʃ ɛ s t ]_w
[_w p o k l ɛ s ]_w
[_w m a m i n k a ]_w
[_w p r s i ]_w
[_w d o m j ɛ ]_w
[_w a ɲ i ]_w
[_w ɲ ɛ j a k ]_w
[_w p o d r̝ ɛ b a ]_w
[_w m o ɦ l i ]_w
[_w ɦ a v ɛ l ]_w
[_w r ɛ a k ts iː ]_w
[_w z aː k o n ]_w
[_w p j ɛ ɦ ɛ m ]_w
[_w n ɛ ɲ iː ]_w
[_w ɟ ɛ ʒ k o ]_w
[_w ʃ ɛ n a ]_w
[_w n o v i n n ɛː ]_w
[_w v aː s ]_w
[_w t ts ɛ r i ]_w
[_w b i x ]_w
[_w d n ɛ s ]_w
[_w s ɛ f ɛ r ɲ iː ]_w
[_w n a d aː l ɛ ]_w
[_w k a p s i ]_w
[_w l ts f ]_w
[_w a n k ɛ t i ]_w
[_w t r̝ ɛ b a ]_w
[_w a v ʒ a k ]_w
[_w n o v i n aː l ɛ ]_w
[_w v a s p i ]_w
[_w u tʃ i t ]_w
[_w z aː j m u ]_w
[_w v ɛ t l ]_w
[_w m j ɛ l i ]_w
[_w p i s n i s ]_w
[_w z k u p i ɲ ɛ ]_w
[_w j ɛ ʒ iː ʒ ɛ ]_w
[_w k l i ɛ n ɟ i ]_w
[_w ɦ r̝ ɛ ]_w
[_w j ɛ l i ]_w
[_w v o r m i ]_w
[_w p o r a t n a ]_w
[_w t ɛ s ɛ ɟ i ]_w
[_w a k o r aː d ]_w
[_w ɦ l ɛ t ɛ n ]_w
[_w t ɛ x ]_w
[_w v j ɛ c iː ]_w
[_w v iː p j ɛ r ]_w
[_w ɟ iː c ɛ ]_w
[_w p a d ɛ s aː t ]_w
[_w a k ts i ]_w
[_w ɦ o n z a ]_w
[_w z k r iː t ]_w
[_w k o n ts ɛ r t ]_w
[_w ɦ r aː t ]_w
[_w z iː t l o ]_w
[_w l i s t i ]_w
[_w v aː l k i ]_w
[_w r̝ iː j n a ]_w
[_w ɟ ɛ t m i ]_w
[_w s n a m u ]_w
[_w v ɛ l k ɛː m ]_w
[_w j ɛ ɦ o ]_w
[_w v ɛ d l o ]_w
[_w z aː l o ɦ i ]_w
[_w v o n t i ]_w
[_w ɦ u t b i ]_w
[_w c ɛ s ɲ ɛ ]_w
[_w n ɛ ʃ ]_w
[_w m u s ɛ t ]_w
[_w p o t o b u ]_w
[_w p a v ɛ l ]_w
[_w tʃ ɛ x aː x ]_w
[_w m o ts i ]_w
[_w p l a d k i ]_w
[_w d iː d n ɛ x ]_w
[_w o d aː z k i ]_w
[_w z n a ʃ iː ]_w
[_w s i t u a ts ɛ ]_w
[_w v i ʃ ɛ l ]_w
[_w l i s t u s ]_w
[_w r u tʃ ɛ ɲ iː ]_w
[_w v iː ɦ l ɛ d ɛ n ]_w
[_w s v iː ʃ i t ]_w
[_w b iː v a t ]_w
[_w d r̝ ɛ c i n a ]_w
[_w ɟ ɛ ʃ k o ]_w
[_w s n a tʃ ɲ ɛ ]_w
[_w s l o ]_w
[_w f ɛ d l ]_w
[_w t r̝ iː v ]_w
[_w s ɛ p ou ]_w
[_w m a s a r i k ]_w
[_w m i ɲ i s t r ]_w
[_w p ɦ p ]_w
[_w s ou z d a v iː ]_w
[_w o s t r a ɲ ɛ ]_w
[_w a b i x ]_w
[_w a k ɛ n t a ]_w
[_w k a r c ɛ ]_w
[_w t ɛ s ɛ d ]_w
[_w o b r o ɟ i tʃ ɛ ]_w
[_w f i n a n ts iː ]_w
[_w k l i ɛ n t uː ]_w
[_w p r̝ ɛ d s ɛ t i ]_w
[_w ɛu r a ]_w
[_w r ɛ f o r m j ɛ ]_w
[_w ʒ i v j ɛ ]_w
[_w m a l aː ]_w
[_w d r̝ iː ]_w
[_w v a ʃ ɛ ɦ o ]_w
[_w d a k ɦ l ɛ ]_w
[_w ɲ i x ]_w
[_w n ɛ x aː b u ]_w
[_w tʃ a z o b i ]_w
[_w v iː j i m k ou ]_w
[_w n aː k u p ]_w
[_w u m iː ]_w
[_w s t u ɟ i u ]_w
[_w ts ɛ n d o ]_w
[_w o d ts ɛ ]_w
[_w l i t s k aː ]_w
[_w d ɛ p ɛ ]_w
[_w z r̝ ɛ j m ɛː n o ]_w
[_w b r o j ɛ k t i ]_w
[_w v i p a d a ]_w
[_w s l o v ɛ k ]_w
[_w d i b i ]_w
[_w p l a ts ɛ ɲ iː ]_w
[_w p l u s ]_w
[_w k r aː t ]_w
[_w i n f ɛ s t o r ]_w
[_w tʃ ɛ z k iː m ]_w
[_w ts ɛ l iː x ]_w
[_w m n o ɦ ɛ m i a ]_w
[_w v i n aː l ɛ ]_w
[_w au t o ]_w
[_w f o r m a ]_w
[_w b i p l i ]_w
[_w p a n ɛ ]_w
[_w v i t aː n o ]_w
[_w r o ɟ i tʃ uː ]_w
[_w ɲ ɛ m ]_w
[_w r o m a n a ]_w
[_w t ɛ r m iː n ]_w
[_w p r v ɲ iː ɦ o ]_w
[_w t r u ɦ ɛː ]_w
[_w t a t u m ]_w
[_w m i l i o n uː ]_w
[_w s t ɛ j ɲ ɛ ]_w
[_w m j ɛ z ɟ i ]_w
[_w p u d ou ts n a ]_w
[_w k o n ts ɛ ]_w
[_w s t r̝ ɛ d ɲ iː ]_w
[_w k r i s ɛ ]_w
[_w tʃ ɛ r n aː ]_w
[_w t uː v o d ɲ iː ]_w
[_w t aː l ɛ ]_w
[_w p o z i ts i ]_w
[_w z ɛ v ɛ r ɲ iː ]_w
[_w ʃ i j iː ]_w
[_w s t a r iː x ]_w
[_w m u s iː m ]_w
[_w r ɛ s p ɛ tʃ iː ]_w
[_w t a l ʃ iː m ]_w
[_w s p r aː v ]_w
[_w r ɛ a k ts i ]_w
[_w r̝ iː s ɛ ɲ iː ]_w
[_w s t a r ʒ iː ]_w
[_w v o z uː ]_w
[_w a k c i v ɲ ɛ ]_w
[_w d r v a l iː ]_w
[_w s t o v k i ]_w
[_w ts o ʒ ]_w
[_w m i d ]_w
[_w t v ou ]_w
[_w j ɛ s t ɛ ]_w
[_w k o n ɛ tʃ ɲ ɛ ]_w
[_w v s ɦ l ɛ t ]_w
[_w z a s ]_w
[_w s o m ]_w
[_w r i s i k o ]_w
[_w k u r z i ]_w
[_w ɦ a n a ]_w
[_w t a ɲ o v ɛː ]_w
[_w v iː b j ɛ ɦ ɛ m ]_w
[_w p o ɟ iː v a d ]_w
[_w r ɛ ʃ i m u ]_w
[_w ɛː tʃ k a ]_w
[_w s a z ɛ b ]_w
[_w u v ɛ t l ɛ ]_w
[_w p o s t o ]_w
[_w j ɛ n ʒ ɛ ]_w
[_w t a k ɛ ]_w
[_w m i ɲ i m u m ]_w
[_w b o tʃ ɛ d ]_w
[_w n a ʒ iː m ]_w
[_w l o ɟ ]_w
[_w tʃ t k ]_w
[_w o t ɛ ]_w
[_w n aː ɡ l a t i ]_w
[_w t o t ɛː ʒ ]_w
[_w p r̝ i ]_w
[_w s i ts ɛ ]_w
[_w z iː z k a l ]_w
[_w d n ɛ m ]_w
[_w p r̝ i t o m ]_w
[_w tʃ i l i ]_w
[_w b r̝ ɛ ɦ l ɛ t aː ]_w
[_w p a n ]_w
[_w k b ts ]_w
[_w t ɛ n ]_w
[_w p o ɟ ɛ ʒ iː ]_w
[_w p r̝ i j d ou ]_w
[_w z d r a x u ]_w
[_w k ɲ i s ɛ ]_w
[_w j a s i k a ]_w
[_w p o m j ɛ r ɛ m ]_w
[_w n ɛ c ɛ l i ]_w
[_w v ɛ r s ɛ ]_w
[_w k r aː s n ɛː ]_w
[_w d r u ɦ ɛː m u ]_w
[_w b o v i n i ]_w
[_w v l i v ɛ m ]_w
[_w v o l n ɛː ]_w
[_w z aː p a v a ]_w
[_w j a k ]_w
[_w ɛ m o ts i ]_w
[_w m ɛ l ]_w
[_w r o k ]_w
[_w n ɛ m aː m ɛ ]_w
[_w m j ɛ l o ]_w
[_w m i ɲ i z t r ]_w
[_w z v j ɛ d ɛ n ]_w
[_w p uː v o d ɲ iː ]_w
[_w v i ɟ ɛ d ]_w
[_w p r̝ i ʃ l o ]_w
[_w tʃ a z ɛ ]_w
[_w m i ʃ l ɛ n k u ]_w
[_w s p r aː v a ]_w
[_w x u ɟ ]_w
[_w j a k iː m ]_w
[_w j i ʃ ]_w
[_w v i d ɛ o ]_w
[_w m ɦ d ]_w
[_w p l n ou ]_w
[_w b a n ɛ ]_w
[_w s t r a v iː ]_w
[_w z d a v ]_w
[_w p o l i ɟ i k a ]_w
[_w tʃ ɛ x ]_w
[_w t o m o v ]_w
[_w z t a ʒ ɛ ɲ iː m ]_w
[_w j d ɛ ]_w
[_w uː r o k i ]_w
[_w tʃ t i r̝ i ]_w
[_w u ɲ i i ]_w
[_w v o t ]_w
[_w p r o d ɛ j ts ɛ ]_w
[_w p u d ou ]_w
[_w au t a ]_w
[_w a s i ]_w
[_w o x r a n u ]_w
[_w v r a n z ]_w
[_w n o v i n k i ]_w
[_w s t a v i d ]_w
[_w s l u ʒ ɲ ɛ ]_w
[_w x c ɛ l i ]_w
[_w p r̝ aː t ɛ l ]_w
[_w r o s ɦ o d ɲ ɛ ]_w
[_w ɟ ɛ m i t o ]_w
[_w k r a j ]_w
[_w p o v ɛ d ɛ ]_w
[_w ɲ ɛ j ]_w
[_w z l o v o ]_w
[_w d ɛ ɦ d i ]_w
[_w s o b r a s i t ]_w
[_w p o d ɲ i k i ]_w
[_w r ɛ v o r m ou ]_w
[_w d a ɲ iː x ]_w
[_w m a t k ou ]_w
[_w p ɛ n ɛ ʃ ]_w
[_w v ɛ l k iː x ]_w
[_w o d k a ]_w
[_w p r̝ ɛ k l ]_w
[_w ts iː c i d ]_w
[_w s a ɦ r a t u ]_w
[_w r̝ a t ]_w
[_w l i b ɛ r ɛ ts ]_w
[_w j ɛ c i ]_w
[_w p r aː ts ɛ ]_w
[_w ɲ ɛ m ɛ ts k ɛː ]_w
[_w v a m ]_w
[_w m ɲ ɛ ]_w
[_w d o z ɟ i ]_w
[_w s l u n ts ɛ ]_w
[_w p o l o v i ɲ ɛ ]_w
[_w n ɛ x a l i ]_w
[_w z k r aː t k ɛː ]_w
[_w s i l ɲ i ts ɛ ]_w
[_w s t r a v a ]_w
[_w p o d ɛ b s a l ]_w
[_w p o tʃ a z iː ]_w
[_w tʃ a z ɛ m ]_w
[_w s a m tʃ ɛ n o ]_w
[_w n a t ]_w
[_w u r tʃ i t ]_w
[_w k ɲ i ɦ a ]_w
[_w l ɛː p ɛ ]_w
[_w p r̝ iː m o ]_w
[_w m a s a ]_w
[_w s o b o d u ]_w
[_w v i p a d aː ]_w
[_w p l iː ʒ iː ]_w
[_w s a p l a ɟ iː ]_w
[_w ɟ ɛ l a t ]_w
[_w k a ʃ t iː ]_w
[_w z l o v a ]_w
[_w l ɛ d ɲ ɛ ]_w
[_w p r o j ɛ k t u ]_w
[_w uː p r a v d u ]_w
[_w d uː v o d ɲ iː ]_w
[_w s aː k o n ]_w
[_w ɟ ɛ ʃ iː ]_w
[_w o b ɛ ts ɲ ɛ ]_w
[_w z k u d ɛ tʃ ɲ ɛ ]_w
[_w t uː x o t ]_w
[_w s l ou ʒ i d ]_w
[_w o d m iː d aː ]_w
[_w d a ɲ o v iː x ]_w
[_w ts ɛ s k i ]_w
[_w z p r a ɲ ɛ ]_w
[_w b l aː n ]_w
[_w s ɛ s ]_w
[_w t r ɦ ]_w
[_w l ɛ d ɛ n ]_w
[_w j ɛ j iː ]_w
[_w n ɛ x c ɛ l ]_w
[_w p o r̝ aː t k u ]_w
[_w v i d aː n o ]_w
[_w p r̝ ɛ m i z ɛ ]_w
[_w j a r o m iː r ]_w
[_w d o b aː x ]_w
[_w j p k ]_w
[_w k u x i ɲ ɛ ]_w
[_w p r̝ i s n a d ]_w
[_w b r a v i ts ɛ k ]_w
[_w a s p o ɲ ]_w
[_w p a n ts ɛ ]_w
[_w p ɛ ɲ ɛ z i ]_w
[_w v aː m i ]_w
[_w p r̝ iː k a z ]_w
[_w j m ɛ n u ]_w
[_w o d aː s k u ]_w
[_w uː r̝ a t ]_w
[_w p o d l ɛ ]_w
[_w ɲ iː m ]_w
[_w v o r m ou ]_w
[_w c i z k u s ɛ ]_w
[_w a n ɡ l i ts k i ]_w
[_w m n o ɦ a ]_w
[_w p u d ou ts n u ]_w
[_w r̝ ɛ tʃ ]_w
[_w z u p i ]_w
[_w a n o ]_w
[_w v l i v ]_w
[_w z d aː ɟ ɛ ]_w
[_w v l aː d a ]_w
[_w m i n u l o s t ]_w
[_w ɛ m o ts ]_w
[_w tʃ i n n o s t ]_w
[_w n i ɲ iː ]_w
[_w ts ɛ n i ]_w
[_w m o ɦ l ]_w
[_w ɟ ɛ x ]_w
[_w p a k ]_w
[_w z a s p i ]_w
[_w c ɛ l o ]_w
[_w p r ou s a ]_w
[_w v o t ɲ iː ]_w
[_w ɦ r a t ]_w
[_w t v uː r ts i ]_w
[_w b a d r̝ iː ]_w
[_w c ɛ d ɛ ]_w
[_w f a ʒ ɛ m ]_w
[_w t o b o s u d ]_w
[_w v o s u ]_w
[_w ɡ o n a d ]_w
[_w au t o r ]_w
[_w r aː t a ]_w
[_w v i s ]_w
[_w m iː r̝ ɛ ]_w
[_w z ɛ r v ɛ r u ]_w
[_w o k a m ʒ i c ɛ ]_w
[_w p o d p o r n ɛː ]_w
[_w p o s l a t o ]_w
[_w o z u d ]_w
[_w z m j ɛ n i ]_w
[_w k ɛ n ɛ r a ts ɛ ]_w
[_w tʃ ɛ s ]_w
[_w i i i ]_w
[_w v i z o k ou ]_w
[_w ʃ k o l ɛ ɲ iː ]_w
[_w s p i t ɛ k ]_w
[_w z a tʃ aː t ɛ k ]_w
[_w t z v ]_w
[_w f ɛ n ]_w
[_w k r o m j ɛ r u ]_w
[_w u tʃ ɛ ɲ iː ]_w
[_w r uː s n iː x ]_w
[_w tʃ iː z ɛ l ]_w
[_w l o ɟ i ]_w
[_w s t r o j uː ]_w
[_w t o p u ]_w
[_w k a b s i ]_w
[_w tʃ ɛ s k iː ]_w
[_w s t a l a ]_w
[_w p r z a ]_w
[_w z l i ʒ ɛ l ]_w
[_w ʒ a n ts i ɛ ]_w
[_w s r u ʒ i d ]_w
[_w k o n t o ]_w
[_w k t i b i ]_w
[_w v iː r o b u ]_w
[_w r o s s a ɦ ]_w
[_w p r aː v a ]_w
[_w v a k t ]_w
[_w p r iː ]_w
[_w n ɛ s n aː ]_w
[_w p u s ɦ ]_w
[_w m u s ɛ l a ]_w
[_w p o ʒ d a ]_w
[_w d uː v o t ]_w
[_w j a s i k i ]_w
[_w p s tʃ ]_w
[_w v a ʒ ɛ ɦ o ]_w
[_w l i z d o r i ɛ ]_w
[_w v i u ʒ i c iː ]_w
[_w v l aː d i ]_w
[_w t u ɦ l ɛ ]_w
[_w z n a t n o ]_w
[_w v k l a d i ]_w
[_w r o ɟ i ɲ ɛ ]_w
[_w l ɛ ɦ ts ɛ ]_w
[_w o b j ɛ ]_w
[_w d i p ]_w
[_w j a n ]_w
[_w p o d v r ɟ i l ]_w
[_w v iː r i ]_w
[_w b o d p o r ou ]_w
[_w tʃ t i r̝ ]_w
[_w t r v a l ɛ ]_w
[_w d a k i ]_w
[_w u t aː l o z d ]_w
[_w b r̝ iː r o t a l ]_w
[_w i t aː l i ɛ ]_w
[_w u v ɛ d l o ]_w
[_w v j ɛ d ʃ i ɲ ɛ ]_w
[_w s ou k r o m j ɛ ]_w
[_w c ɛ x t o ]_w
[_w m i ʃ l ɛ n ɛ k ]_w
[_w t a ɲ o v iː x ]_w
[_w d r u ɦ aː ]_w
[_w z ts ɛ l a ]_w
[_w j ɛ m u ]_w
[_w p p ts ]_w
[_w m a j ɛ d k u ]_w
[_w k o n d a k d ]_w
[_w s v o ɲ iː k ]_w
[_w p a f ɛ l ]_w
[_w k r a j i ]_w
[_w s t r aː n ɡ i ]_w
[_w d aː l ɛ ]_w
[_w n ɛ x ts i ]_w
[_w s ɛ m iː x ]_w
[_w f i d v o r̝ iː ]_w
[_w t r o b n ɛː ]_w
[_w l i t o v k i ]_w
[_w v i ɟ ɛ l a l ]_w
[_w s t b ]_w
[_w ɟ i m ]_w
[_w s m l ou v a ]_w
[_w v z ɦ l ɛ t u ]_w
[_w z m j ɛ ɲ i d ]_w
[_w p uː s o b i s ]_w
[_w m o ʒ n o s c i ]_w
[_w j iː d l o ]_w
[_w s l u ʒ b j ɛ ]_w
[_w v i ɦ r aː l ]_w
[_w d n ɛ ʃ ɲ iː m ]_w
[_w j ɛ n ʃ ]_w
[_w n o v aː k ]_w
[_w b o t u ]_w
[_w p r̝ iː j m uː ]_w
[_w v o d ou ]_w
[_w s a tʃ a l a ]_w
[_w v iː ts ɛ ]_w
[_w tʃ a s ɛ ]_w
[_w s k r iː t ]_w
[_w ʃ ɛ n ]_w
[_w v a ʃ ɛ m ]_w
[_w uː s ɛ m iː ]_w
[_w d o z d a l ]_w
[_w a v a t a r ]_w
[_w uː r̝ a d i ]_w
[_w p r o j ɛ v ]_w
[_w t r o x u ]_w
[_w x v iː l i ]_w
[_w v i d ɛ l ]_w
[_w v i d ɛ l ɛ ]_w
[_w r̝ ɛ ɟ i n aː ]_w
[_w i v ɛ d a ]_w
[_w m a j iː ]_w
[_w s k u p i n a ]_w
[_w s a tʃ a l i ]_w
[_w p r o tʃ ]_w
[_w t ɛ x ɲ i k a ]_w
[_w l i z a b o n u ]_w
[_w m aː m ]_w
[_w j ɛ ɟ i n ɛː ]_w
[_w s a tʃ a l ]_w
[_w p r o j ɛ ]_w
[_w p ɛ ɲ iː s ɛ ]_w
[_w f l a s i t ]_w
[_w d o m aː ts iː ]_w
[_w s t aː l ]_w
[_w ɦ u d p a ]_w
[_w v ɛ s m ɛ ]_w
[_w b aː r ]_w
[_w o p r̝ iː ]_w
[_w v j ɛ k u ]_w
[_w p o d ɲ i k a ]_w
[_w n ɛ j l ɛː p ɛ ]_w
[_w ɲ i m i ]_w
[_w n ɛ m aː t ɛ ]_w
[_w k a r m a ]_w
[_w tʃ i n n o z ɟ i ]_w
[_w s iː d r a ]_w
[_w p l o x i ]_w
[_w s n aː m o ]_w
[_w b uː j tʃ k i ]_w
[_w b l o ɡ ]_w
[_w p aː n o v ɛː ]_w
[_w m o ʒ n aː ]_w
[_w tʃ iː z l a ]_w
[_w n a ʃ ɛ ɦ o ]_w
[_w z l u ʃ p u ]_w
[_w p uː j d ɛ ]_w
[_w s aː m j ɛ r ɛ m ]_w
[_w uː k o l i ]_w
[_w t a r̝ iː ]_w
[_w f a r i a n t a ]_w
[_w j i s c i t ]_w
[_w n aː k l ]_w
[_w z p a v i t ]_w
[_w m j ɛ l ]_w
[_w p aː t ɛ k ]_w
[_w s r b n a ]_w
[_w m iː s t i ]_w
[_w z aː v j ɛ ]_w
[_w v z ɲ i k aː ]_w
[_w m aː l o ]_w
[_w r o s u m ]_w
[_w uː ts t u ]_w
[_w t ɛ d ]_w
[_w p r a v iː ]_w
[_w d iː d ɲ ɛ ]_w
[_w o z o b ɲ ɛ ]_w
[_w j i ʃ ɲ iː ]_w
[_w tʃ a s i ]_w
[_w m l a t iː x ]_w
[_w z n a tʃ ɲ ɛ ]_w
[_w m o s n a ]_w
[_w n ɛ c ɛ l ɛ ]_w
[_w v iː v o j i ]_w
[_w d l u ɦ u ]_w
[_w l ɛː k a r̝ ɛ ]_w
[_w o b tʃ a n uː m ]_w
[_w r ɛ s p ]_w
[_w n a p iː t n ɛ ]_w
[_w n ɛ d aː ]_w
[_w v o d a v o n ɛ ]_w
[_w s i l ]_w
[_w t u x ]_w
[_w ɦ l a v ɲ iː x ]_w
[_w d o d a l ]_w
[_w s a ɟ iː m ts o ]_w
[_w n ɛ j s t ɛ ]_w
[_w r ɛ ts ɛ b d i ]_w
[_w ʒ aː t a t ]_w
[_w d ɛ j d ɛ ]_w
[_w z d a l a ]_w
[_w r ɛ v o r m i ]_w
[_w r̝ ɛ ʒ iː ]_w
[_w v iː r o tʃ iː ]_w
[_w s iː l u ]_w
[_w v o l b ou ]_w
[_w o b r aː z k i ]_w
[_w i n t ɛ ]_w
[_w v i c ɛ l ]_w
[_w v i b ]_w
[_w t o j d ɛ ]_w
[_w n ɛ ts o ]_w
[_w d n ɛ ʃ ɲ iː ]_w
[_w j a z n o ]_w
[_w z v j ɛ t ɛ n ]_w
[_w j i m ]_w
[_w t u x o v ɲ iː ]_w
[_w l ɛ d o ʒ ɲ iː ]_w
[_w p l aː n i ]_w
[_w b o j ]_w
[_w d aː m ]_w
[_w o p r aː z ɛ k ]_w
[_w ɦ l ɛ ɟ i s k ]_w
[_w m iː z t a ]_w
[_w s ou l a t u ]_w
[_w ʃ i j ɛ ]_w
[_w z a m ]_w
[_w tʃ ɛ r n ɛː ]_w
[_w d o t a ts ɛ ]_w
[_w d a ɲ ɛ ]_w
[_w z d aː l ɛ ]_w
[_w p o d i ]_w
[_w o n o ]_w
[_w r o s p j ɛ d ]_w
[_w b r ɛ d ]_w
[_w z uː z d a n ɛ ]_w
[_w t r ʒ ɲ iː ]_w
[_w n ɛ b u d a ts ɛ ]_w
[_w m i n u l ɛː m ]_w
[_w ɦ n ɛ d ]_w
[_w d o m uː ]_w
[_w m uː ʒ ɛ m ɛ ]_w
[_w tʃ i n i ]_w
[_w l ɛ d ɛ x ]_w
[_w k t ɛ r a ]_w
[_w tʃ i s c ɛ ]_w
[_w d v r t iː ]_w
[_w t r̝ i ]_w
[_w p r̝ ɛ z ]_w
[_w s i s t ɛː m ]_w
[_w k d ɛ r i ]_w
[_w p i b l ɛ ]_w
[_w u r tʃ i c ɛ ]_w
[_w j ɛ d ɲ iː ]_w
[_w m uː ʒ ɛ ʃ ]_w
[_w n a j d ɛ d ɛ ]_w
[_w p o m a l u ]_w
[_w m i l i o n i ]_w
[_w n a j iː d ]_w
[_w t v d ]_w
[_w p o d ɲ i k u ]_w
[_w a k o ]_w
[_w d iː d n u ]_w
[_w ɟ ɛ l ɛ ]_w
[_w p o d o m ]_w
[_w s k r z ɛ ]_w
[_w r o b i ]_w
[_w v l ɛ v o ]_w
[_w v iː p j ɛ ɦ ɛ m ]_w
[_w d o x aː z iː ]_w
[_w d v a ]_w
[_w u l i ts ɛ ]_w
[_w t iː d n uː ]_w
[_w s t a v iː ]_w
[_w ʃ ɛ l ]_w
[_w z v ɛ ]_w
[_w n ɛ v iː m ]_w
[_w j i s t ɛː m u ]_w
[_w p o s l ou x a t ]_w
[_w c ɛ d s t v o ]_w
[_w m i ʃ l ɛ n ɡ a ]_w
[_w s uː s t a n ɛ ]_w
[_w t a l ]_w
[_w s t aː v aː ]_w
[_w z p o r ]_w
[_w b r v ɲ iː x ]_w
[_w a d r ɛ s t ɲ iː ]_w
[_w s p r aː v i ]_w
[_w t ɛ r ]_w
[_w o p r a t r a ]_w
[_w s l o v o ]_w
[_w uː s p o r u ]_w
[_w r ɛ k i o n u ]_w
[_w j a k ɛː ]_w
[_w a p i s t ɛ ]_w
[_w b o n ɟ ɛ l iː ]_w
[_w r o s t o ]_w
[_w n u d ɲ ɛ ]_w
[_w z t aː t ɲ iː ]_w
[_w s t a r ɛː ɦ o ]_w
[_w p o ɟ iː ʃ ɛ ]_w
[_w v aː ɦ u ]_w
[_w s aː m ]_w
[_w x ts ɛ d ɛ ]_w
[_w ts i k l u ]_w
[_w tʃ ɛ s k ou ]_w
[_w s v j ɛ d ]_w
[_w t uː x o d ts i ]_w
[_w n ɛ m o ɦ u ]_w
[_w n aː m ]_w
[_w s n a ɦ a ]_w
[_w j i n t i ]_w
[_w ɦ o d l aː ]_w
[_w v ɛ d ou ]_w
[_w r ɛ k u l a ts ɛ ]_w
[_w p a n k a ]_w
[_w p r ɛ ]_w
[_w b j ɛ ʒ iː ]_w
[_w s ts ɛː n aː r̝ ]_w
[_w k l u b u ]_w
[_w m u s ɛ d ]_w
[_w s t ɛ j n ɛ ]_w
[_w l i t ɛ m ]_w
[_w t a d i ]_w
[_w d o z u d ]_w
[_w p r a v i t ]_w
[_w z p r aː v ]_w
[_w m ɛː m ]_w
[_w uː k o l i v ]_w
[_w v iː p o tʃ ɛ d ]_w
[_w m z d i ]_w
[_w uː tʃ ɛ l ɛ ]_w
[_w t a ɲ ]_w
[_w tʃ ɛ k a t ]_w
[_w v iː s n a r ]_w
[_w d r v a d ]_w
[_w s aː s a t i ]_w
[_w ts z k ]_w
[_w n a ʃ i l ]_w
[_w ʃ k o l ɲ iː ]_w
[_w m i n u d ]_w
[_w r i x a r d ]_w
[_w l a ɟ i t ]_w
[_w v ɛ l m i ]_w
[_w s ou k r o m ɛː ]_w
[_w ɲ ɛ k t i ]_w
[_w d n ɛ z ]_w
[_w p o b r v ɛː ]_w
[_w s ɛ v ɛ r u ]_w
[_w r ɛ k l a m i ]_w
[_w z p o r̝ ɛ ]_w
[_w r ɛ d a k ts ɛ ]_w
[_w ɲ iː z k ɛː ]_w
[_w n ɛ s n aː m iː x ]_w
[_w p o v a ʃ u j ɛ ]_w
[_w z a z ]_w
[_w l ɛ l ou x ]_w
[_w s k r iː d ]_w
[_w u k aː z a d ɲ ɛ ]_w
[_w v ʒ iː m ]_w
[_w r̝ ɛ c ɛ s ts ɛ ]_w
[_w x ts ɛ ]_w
[_w r u k u ]_w
[_w k o l ]_w
[_w p u d o v a t ]_w
[_w t o l a r uː ]_w
[_w tʃ ɛ m u ]_w
[_w z d ɛ ]_w
[_w n a p iː t k i ]_w
[_w p o t ɲ i k i ]_w
[_w p r aː d l a ]_w
[_w v r aː c iː ]_w
[_w t z n ]_w
[_w a k ts i o v ɛː ]_w
[_w s i l n iː ]_w
[_w p o b u l a ts ɛ ]_w
[_w d a l ʃ iː x ]_w
[_w v iː r u ]_w
[_w v aː l ts ɛ ]_w
[_w ɦ ɛ t v i ts ɛ ]_w
[_w m i n u t i ]_w
[_w b o t b o r ou ]_w
[_w a n k l i i ]_w
[_w r o s ɦ o d l a ]_w
[_w tʃ a s u ]_w
[_w n a r o ɟ i n a ]_w
[_w n aː z i l iː ]_w
[_w t o m u ]_w
[_w k a s t i ]_w
[_w z ɛ m ]_w
[_w s iː ɟ ɛ ]_w
[_w n ɛ m o ɦ ou ]_w
[_w t a k ]_w
[_w ɦ l a v iː ]_w
[_w m u ʒ ]_w
[_w j i r̝ iː ɦ o ]_w
[_w u ɦ l iː ]_w
[_w m a n ʒ ɛ l ɡ a ]_w
[_w ɲ i m ]_w
[_w p j ɛ d ]_w
[_w ɦ l a v j ɛ ]_w
[_w d o b r aː s k i ]_w
[_w s p o l ]_w
[_w s iː t l o ]_w
[_w z d aː d ]_w
[_w ɟ ɛ t ɛ ]_w
[_w tʃ l aː n ɡ u ]_w
[_w s x r aː n k i ]_w
[_w b r̝ iː b a d i ]_w
[_w ɟ i ɛ ]_w
[_w r o s p j ɛ x u ]_w
[_w p r v ɲ iː m ]_w
[_w ɦ ɛ z k i ]_w
[_w v l a z d ɲ ɛ ]_w
[_w t o p r̝ ɛ ]_w
[_w s ɛ c iː ]_w
[_w v ʃ t i ]_w
[_w s n aː t ɛ ]_w
[_w z k u b i n u ]_w
[_w b r aː ɲ iː ]_w
[_w k ou b i t ]_w
[_w s u z a n a ]_w
[_w p o ɦ u ]_w
[_w x i b u ]_w
[_w d uː x o d i ]_w
[_w ʒ aː t o s c i ]_w
[_w m a l iː ]_w
[_w s r p n a ]_w
[_w s ou ɦ l a s ]_w
[_w o b l a d k u ]_w
[_w v o l b i ]_w
[_w p r̝ iː j ɛ n ]_w
[_w t ɛ ɲ iː k ]_w
[_w ts o k o l i ]_w
[_w v iː t a j ɛ ]_w
[_w n ɛ s ɛ ]_w
[_w a k ts i ɛ ]_w
[_w p o l o v i ]_w
[_w n aː z v u ]_w
[_w s aː r o v ɛ ɲ ]_w
[_w p r o s iː m ]_w
[_w r ɛ ts ɛ n z ɛ ]_w
[_w i v a n ]_w
[_w ɦ ɛ s l a ]_w
[_w ʒ ɛ n i ]_w
[_w p r̝ iː b j ɛ r ]_w
[_w p l i n ]_w
[_w z d uː l ]_w
[_w b r̝ ɛ s t o ]_w
[_w v o l b j ɛ ]_w
[_w d v a ts ɛ ɟ i ]_w
[_w j ɛ ʃ c ɛ ]_w
[_w p i p l ɛ ]_w
[_w p o z n a ]_w
[_w d v r ɟ i l ]_w
[_w p o t ]_w
[_w ʒ i n aː k l ]_w
[_w b o d uː ]_w
[_w p o ɦ i b ]_w
[_w p o r̝ aː t ɲ ɛ ]_w
[_w d i b ]_w
[_w p j ɛ c ]_w
[_w i n v ɛ s t o ]_w
[_w n a v ʒ d i ɟ ]_w
[_w uː r o k ]_w
[_w z aː ʃ i d ɛ k ]_w
[_w ɦ r a ɲ i ts ]_w
[_w z a m a ]_w
[_w r̝ ɛ ʃ ɛ ɲ iː ]_w
[_w m j ɛ n aː x ]_w
[_w a n a l iː z a ]_w
[_w v iː k ɛ n t ]_w
[_w n u ɟ iː ]_w
[_w ts ɛ s k u ]_w
[_w l i z a p o n u ]_w
[_w o s o b ɲ iː ]_w
[_w ʒ k o l a ]_w
[_w b o r a t ts uː ]_w
[_w d a k o v iː m ]_w
[_w t iː d n ɛ x ]_w
[_w s ou tʃ a z n ɛː ]_w
[_w c i s k u s ɛ ]_w
[_w z iː z k a l i ]_w
[_w s p o r̝ i d ]_w
[_w p o ɦ ɛ m ]_w
[_w t a l o ]_w
[_w v ɛ z m iː ]_w
[_w uː tʃ t i ]_w
[_w tʃ s s s ]_w
[_w t n ɛ ]_w
[_w o d s ]_w
[_w v j ɛ r̝ iː m ]_w
[_w s l ɛ v u ]_w
[_w d aː v n o ]_w
[_w d u x a ]_w
[_w t r u ɦ ɛː m ]_w
[_w b r̝ ɛ ɦ l ɛ t u ]_w
[_w tʃ t ɛ n aː r̝ i ]_w
[_w s ɛ l ɛ n a ]_w
[_w v iː m ]_w
[_w s v iː r̝ a t ]_w
[_w j i n iː x ]_w
[_w b i l iː r̝ ]_w
[_w r̝ iː k a s ]_w
[_w x r aː ɲ iː ]_w
[_w o b r aː ]_w
[_w c ɛ k u j i ]_w
[_w l i t ɛː ]_w
[_w ɛ v r o b i ]_w
[_w z a tʃ a l o ]_w
[_w tʃ i n ]_w
[_w ɦ o c i n i ]_w
[_w d a j n ɛː ]_w
[_w t o p aː x ]_w
[_w r o s s ]_w
[_w z d a l ɛ k a ]_w
[_w v j ɛ c ɛ ]_w
[_w tʃ l ɛ n i ]_w
[_w f r aː c i t ]_w
[_w d r a ɟ i t ]_w
[_w uː r o v ɛ ɲ ]_w
[_w b o m uː ʒ ɛ ]_w
[_w a p i ]_w
[_w ɦ o t l ]_w
[_w v i ɦ r aː d ]_w
[_w n aː s t r o j ]_w
[_w d ɛ c i ]_w
[_w s t r̝ ɛ d a ]_w
[_w s a tʃ iː t ]_w
[_w uː r o v ɲ ɛ ]_w
[_w t a d a ]_w
[_w j ɛ ʃ ]_w
[_w k v a l i d i ]_w
[_w d a k o v a d ]_w
[_w m a j i d ɛ l ]_w
[_w k l u ts i ]_w
[_w k a m ]_w
[_w ɟ iː l ɛ ]_w
[_w l a n ts i ɛ ]_w
[_w p o v r x u ]_w
[_w l i ɟ iː ]_w
[_w p r̝ i n ɛ s s ]_w
[_w d r ɛ z d u ]_w
[_w o z o p i t ]_w
[_w b r̝ ɛ ɦ l ɛ t ]_w
[_w p r o ]_w
[_w z n a l ]_w
[_w tʃ l aː n k uː ]_w
[_w ʃ a n ts i a ]_w
[_w z l ɛ p ʃ iː m u ]_w
[_w s iː ɟ i ]_w
[_w uː s p j ɛ d ]_w
[_w r u s k a ]_w
[_w d o b a t n iː ]_w
[_w p a r v i ]_w
[_w d ɲ iː ]_w
[_w p o d r̝ ɛ b i ]_w
[_w n ɛ p o ]_w
[_w s o b r a n i ]_w
[_w v i c iː d ɛ ]_w
[_w r̝ ɛ ɟ i n i ]_w
[_w d i b u ]_w
[_w z aː m ]_w
[_w ɦ o d ɲ ɛ ]_w
[_w z m l u v ]_w
[_w v a j n ]_w
[_w d uː v o d ɲ ɛ ]_w
[_w d ɛ d a ]_w
[_w p ɛ ts i n a ]_w
[_w v j ɛ ɟ ɛ ]_w
[_w n aː k u b ]_w
[_w k u s ]_w
[_w z k v j ɛ l ɛ ]_w
[_w p r̝ ɛ ts ɛ ]_w
[_w p o k o ]_w
[_w z a tʃ a l i ]_w
[_w z d ɛ j n aː ]_w
[_w v j ɛ t n ou ]_w
[_w ɦ u d b a ]_w
[_w k t ɛ ]_w
[_w k ɲ i ɦ i ]_w
[_w p o t ɲ i k ]_w
[_w n ɛ b ɛ ]_w
[_w tʃ ɛ k aː ]_w
[_w d o z v iː d ɛ ]_w
[_w t ɛ x ɲ i k i ]_w
[_w a r x i v ]_w
[_w z a tʃ iː t ]_w
[_w d a k o v ɛː ]_w
[_w ʃ p a t n ɛ ]_w
[_w o z t r a ɲ ɛ ]_w
[_w n aː s o r uː ]_w
[_w r ɛ a k o v iː ]_w
[_w s a t a r ]_w
[_w n ɛ j d r̝ iː v ]_w
[_w p r o d ɛ j ]_w
[_w o d p a l ]_w
[_w t ɛ o r i ɛ ]_w
[_w ts iː c iː ]_w
[_w p a n k i ]_w
[_w p i l iː r̝ ]_w
[_w n ɛ k t o ]_w
[_w t a k ɦ l ɛ ]_w
[_w p i x o m ]_w
[_w r o s ɦ o d l aː ]_w
[_w b o l s k o ]_w
[_w v u n k ts iː ]_w
[_w s ou c ɛ ʃ ]_w
[_w s a p l a c iː ]_w
[_w i n t ɛ r n ɛ t ]_w
[_w p o v j ɛ k ]_w
[_w v ɛ t l a ]_w
[_w m j ɛ l a ]_w
[_w d o m aː ʃ ɛ ]_w
[_w o b r a t ]_w
[_w o b o r ]_w
[_w ts ɛ l k o v iː ]_w
[_w p r o v i l ]_w
[_w v i s o k ɛː ]_w
[_w d u x ]_w
[_w tʃ l ɛ n o f a ]_w
[_w d a r ]_w
[_w o d ɛ v r̝ ɛ ɲ ɛ ]_w
[_w v i d a l i ]_w
[_w s a m o d n ɛː ]_w
[_w z l u ʃ ɲ ɛ ]_w
[_w k l iː tʃ ]_w
[_w t a l ʃ iː x ]_w
[_w b o t ɛː k ]_w
[_w v z ɦ l ɛ t ɛ j ]_w
[_w o z o p ɲ iː x ]_w
[_w m o ɦ ou ]_w
[_w p r̝ ɛ t ɛ m ]_w
[_w j i s t o b a ]_w
[_w m a m ]_w
[_w d a k s ɛ ]_w
[_w tʃ iː z l o ]_w
[_w s ou b o r u ]_w
[_w v aː ʃ ]_w
[_w j i s t ɛː m i ]_w
[_w p r v ɲ iː ]_w
[_w v i b r a t r a ]_w
[_w s v j ɛ d u ]_w
[_w s p o l u ]_w
[_w t o m aː ts iː ]_w
[_w ts i s iː x ]_w
[_w v i b a t a t ]_w
[_w b i l a ]_w
[_w b ɛ ɲ iː ]_w
[_w d o t aː v aː ]_w
[_w v j ɛ ts ɛ x ]_w
[_w b o m o ts iː ]_w
[_w ɛ ɡ o n o m ]_w
[_w n a ʒ ɛ l ]_w
[_w p l a t k i ]_w
[_w s n aː m ɛː ]_w
[_w ʒ ɛ s c i ]_w
[_w z d p ]_w
[_w ɦ u m o r ]_w
[_w u k aː z a t ɲ ɛ ]_w
[_w p r̝ ɛ z t o ]_w
[_w s ɛ k ts ɛ ]_w
[_w m u s iː ]_w
[_w b o d r̝ ɛ b a ]_w
[_w p r ɛ d ]_w
[_w m n ɛ ]_w
[_w t r u ɦ iː ]_w
[_w l aː z k a ]_w
[_w v j ɛ ɟ ɛ l i ]_w
[_w j i s c i d ]_w
[_w r o z ɦ o d ɲ ɛ ]_w
[_w t uː x o t i ]_w
[_w v ʒ ɛ x n o ]_w
[_w ɦ ɛ r ]_w
[_w z v uː j ]_w
[_w ɦ r aː tʃ ɛ ]_w
[_w o b x o d ]_w
[_w uː k o l ]_w
[_w s t r o j ɛ ]_w
[_w d ɛː ɦ l ɛ ]_w
[_w p o s a c iː ]_w
[_w o n l i n ɛ ]_w
[_w z d u ɟ i iː ]_w
[_w k a l ou s k a ]_w
[_w d r v a l o ]_w
[_w tʃ ɛ ʃ c i n a ]_w
[_w t o b r ou ]_w
[_w p o s t u p ɲ iː ]_w
[_w s p o ʃ iː m ]_w
[_w m u z l i m uː ]_w
[_w z d a r ɛː ɦ o ]_w
[_w t aː l ]_w
[_w t r a m a ]_w
[_w m i x a ɛ l ]_w
[_w s t i k u ]_w
[_w p aː t ɛ m ]_w
[_w n ɛ l iː b iː ]_w
[_w n ɛ m a j iː ]_w
[_w l ts d ]_w
[_w v ɛ r s i ]_w
[_w k d i b i ]_w
[_w c i ɛ ]_w
[_w t a t o ]_w
[_w k d m ]_w
[_w v i r ɛ m ]_w
[_w d iː d n i ]_w
[_w a l ɛ s p o ɲ ]_w
[_w n o v i n i ]_w
[_w m u ʃ ɛ ]_w
[_w s k u p i ɲ ɛ ]_w
[_w n a ʃ iː m ]_w
[_w k d ɛ r ɛ ]_w
[_w p o r a d ]_w
[_w p o t r a v aː ]_w
[_w p r o d u ]_w
[_w t r z iː x ]_w
[_w j ɛ t n aː ]_w
[_w r o ts ɛ n d o ]_w
[_w p o d r u ɦ ]_w
[_w n ɛ j s p iː ʒ ]_w
[_w d o m u t o ]_w
[_w p t ɛ j d ɛ ]_w
[_w v l aː t n ɛ ]_w
[_w v i c iː ]_w
[_w r aː t ]_w
[_w p r̝ iː l i ʃ ]_w
[_w d aː v k i ]_w
[_w t r ɦ uː ]_w
[_w t aː r ɛ k ]_w
[_w n aː ɦ o d ou ]_w
[_w p o s l a t ]_w
[_w m o d ɛ r ɲ iː ]_w
[_w b o z i ts i ]_w
[_w k a ʒ d iː ]_w
[_w o s o p ɲ iː ]_w
[_w s ɛ j m ɛː n o ]_w
[_w tʃ ɛ ʃ c iː ]_w
[_w k o n tʃ i l a ]_w
[_w tʃ iː s ɛ l ]_w
[_w p o b i t ]_w
[_w p i t ]_w
[_w d o b r ɛ ]_w
[_w b r v ɲ iː ]_w
[_w l ɛ t n a ]_w
[_w p j ɛ ʒ n ɛː ]_w
[_w v a r i a n d i ]_w
[_w t i t o ]_w
[_w j a s n o ]_w
[_w z d ɛ ɲ ɛ k ]_w
[_w l u b a ]_w
[_w n aː ʒ ]_w
[_w n ɛ m o ts iː ]_w
[_w s n a tʃ n ɛː ]_w
[_w ʒ k o d i ]_w
[_w v o l ɲ ɛ ]_w
[_w p r aː v j ɛ r ]_w
[_w u z a ]_w
[_w p r n a ]_w
[_w ɦ i u n t a i ]_w
[_w j ɛ s c i ]_w
[_w j ɛ t n a ]_w
[_w d v r c iː ]_w
[_w p l ɲ ɛ ]_w
[_w z d r a v a ]_w
[_w o b tʃ a n uː ]_w
[_w ʃ a n ts ɛ ]_w
[_w a m n ɛ s c i ts ]_w
[_w l o n t iː ɲ ɛ ]_w
[_w t iː d n u ]_w
[_w r̝ a d i ]_w
[_w r ɛ n a d ]_w
[_w m a b a ]_w
[_w ɟ iː k i ]_w
[_w ɛ m a i l ]_w
[_w k o r u n ]_w
[_w d i t o ]_w
[_w k r i s i k o ]_w
[_w ts s s ]_w
[_w s m i s l iː m ]_w
[_w r a d ɲ i ts ɛ ]_w
[_w p r a v ɛ ]_w
[_w ɦ r u ]_w
[_w v u n ɡ u j ɛ ]_w
[_w t iː m ]_w
[_w d ou v aː m ]_w
[_w z ɛ r v i s ]_w
[_w o d k a s i ]_w
[_w ɲ ɛ k t o ]_w
[_w s m j ɛ ɲ i t ]_w
[_w c ɛ j i ]_w
[_w s iː s k a l i ]_w
[_w p o r̝ aː d k u ]_w
[_w j ɛ t ɲ iː ]_w
[_w f l aː d ou ]_w
[_w r a ɟ iː ]_w
[_w f i r̝ ɛ ʃ i t ]_w
[_w p u t ɛ ʃ ]_w
[_w v j ɛ d ts i ]_w
[_w t o t a t ]_w
[_w k t ɛ r aː ]_w
[_w s t r̝ ɛ t a ]_w
[_w ɡ o n d r o l i ]_w
[_w p l iː ʃ iː ]_w
[_w c ɛ ʒ k o ]_w
[_w r ɛ k l a m u ]_w
[_w tʃ aː z t ]_w
[_w k o n t r o l u ]_w
[_w d o l uː ]_w
[_w l ɛ ʒ iː ]_w
[_w o r ɡ aː n ]_w
[_w r o z d ɛ ]_w
[_w n a b iː s iː ]_w
[_w b o d ɛː ]_w
[_w o d ɛ ʒ ɛ l ]_w
[_w t r a ʒ ʃ iː ]_w
[_w b i d l ɛ d ]_w
[_w d uː m a ]_w
[_w z r u ʒ i t ]_w
[_w ɦ r o s iː ]_w
[_w z n o v u ]_w
[_w p o d ɛː ]_w
[_w z n aː m ɛː ]_w
[_w n ɛ f i c iː ]_w
[_w ɟ i s k a ]_w
[_w m ɛː ɟ i iː x ]_w
[_w n ɛ j p r v ɛ ]_w
[_w u ɲ i ɛ ]_w
[_w l i ʃ k a ]_w
[_w k o n t a k t i ]_w
[_w p o l o ʒ k i ]_w
[_w k r v ɛ ]_w
[_w v iː ʃ ɛ ]_w
[_w ɦ o d n o ɟ iː ]_w
[_w b a n k ]_w
[_w z v j ɛ d ʃ iː ]_w
[_w p r̝ ɛ tʃ iː s t ]_w
[_w tʃ ɛ m ]_w
[_w t l u ɦ i ]_w
[_w r̝ ɛ k i ]_w
[_w n a b s a l ]_w
[_w s ou v i s iː ]_w
[_w d l a k ]_w
[_w n ɛ b o ɟ ]_w
[_w a b o d ]_w
[_w uː v j ɛ r uː ]_w
[_w n aː ʃ ]_w
[_w m o r̝ i ]_w
[_w s v aː t ɛ k ]_w
[_w s l a v ]_w
[_w b a v iː ]_w
[_w v o n t u ]_w
[_w v iː m ɛ ]_w
[_w p l ɲ ɛ ɲ iː ]_w
[_w x c ɛ l a d ]_w
[_w d ɛː m a t a ]_w
[_w x o c i t ]_w
[_w u b l n ɛ ]_w
[_w v iː ɦ l ɛ d u ]_w
[_w s t r o j ɛ m ]_w
[_w b r aː d ]_w
[_w v ɛ r̝ ɛ ]_w
[_w n a ɦ o r u ]_w
[_w z p o r̝ ɛ ɲ iː ]_w
[_w t a k s ɛ ]_w
[_w v uː l i ]_w
[_w k r a j ɛ ]_w
[_w p r o ts ɛ s u ]_w
[_w tʃ ɛ s k ɛː m ]_w
[_w t o k aː ʃ ɛ ]_w
[_w p u r z a ]_w
[_w k o ɦ o ]_w
[_w ts ɛ n t o ]_w
[_w m a j ɛ d n a ]_w
[_w m o ts ]_w
[_w au t o r a ]_w
[_w i n ts ]_w
[_w k o l ɛ ]_w
[_w i p ɦ o n ɛ ]_w
[_w b i t l ɛ d ]_w
[_w p o l o ʃ k i ]_w
[_w v l n a ]_w
[_w r o tʃ ɲ iː k u ]_w
[_w z m j ɛ n ]_w
[_w l aː t k i ]_w
[_w d o ɦ o d i ]_w
[_w ts l a n k u ]_w
[_w u v ɛ t l ]_w
[_w j ɛ z d i ]_w
[_w p j ɛ ʒ n iː ]_w
[_w m a ʃ ɛ ɡ ]_w
[_w a n k ɛ d i ]_w
[_w l ɛ d o v a t ]_w
[_w ɦ i s t o r u ]_w
[_w z a tʃ n ɛ ]_w
[_w m j ɛ s iː ts ɛ ]_w
[_w p o s t o r i ]_w
[_w d a ɦ l ɛ ]_w
[_w v i d aː ɲ iː ]_w
[_w p r o ts ɛ n t ]_w
[_w k o r u n u ]_w
[_w r o tʃ ɲ ɛ ]_w
[_w x c iː t ]_w
[_w t r̝ ɛ c i n i ]_w
[_w s ou d r u ɦ ou ]_w
[_w n ɛ t o z ]_w
[_w d ɛː m a ]_w
[_w m a j ɛ d ɛ k ]_w
[_w j ɛ s t i ]_w
[_w d ɛ n ɲ iː ]_w
[_w k l i ɛ n t ]_w
[_w m o ʒ n o z d ]_w
[_w s m ɛ d a n a ]_w
[_w s u p ɛ r ]_w
[_w s v j ɛ t ɛ n ]_w
[_w p o m o ɦ l ]_w
[_w s t a l ɛ k o ]_w
[_w uː r o v ɲ ɛ ʃ ]_w
[_w v i r ɛ m ɲ iː ]_w
[_w n aː s i l iː ]_w
[_w p o ɦ i p u ]_w
[_w s n aː m aː ]_w
[_w t o p r iː ]_w
[_w j ɛ t n o z t ]_w
[_w p o l i c i ]_w
[_w z d a r o s ɟ i ]_w
[_w ɲ ɛ k o l i f ]_w
[_w f o l f o ]_w
[_w o p i l ɛ ts ]_w
[_w p i l i ]_w
[_w s k o n tʃ iː ]_w
[_w c ɛ ʒ i t ]_w
[_w b o k o j ɛ ]_w
[_w p o d a r̝ i l o ]_w
[_w ɦ l aː z iː ]_w
[_w m aː t ɛ ]_w
[_w d ɛː l k a ]_w
[_w l ɛ d ]_w
[_w ɡ o o k l ɛ ]_w
[_w r o v ɲ ɛ ]_w
[_w v a c iː ]_w
[_w r o z d ou ts iː ]_w
[_w t o m i ]_w
[_w m a c ɛ j ɛ ]_w
[_w k u z ]_w
[_w o s u t ]_w
[_w s aː k a s ]_w
[_w ts ɛ n t r u m ]_w
[_w r o v n ou ]_w
[_w r̝ iː k a d ]_w
[_w p o v ɛ d l a ]_w
[_w ts ɛ l aː ]_w
[_w s n a ɦ i ]_w
[_w m l u v tʃ iː ]_w
[_w d o d o ]_w
[_w a m n ɛ s c i ]_w
[_w x c ɛ l ]_w
[_w k r o k ɛ m ]_w
[_w o b j ɛ v i l a ]_w
[_w k ou b i ]_w
[_w m l a d ʃ iː ]_w
[_w o b x o d ɲ iː ]_w
[_w v l o ʃ ɛ n o ]_w
[_w z t a v i d l a ]_w
[_w s u b ɛ r ]_w
[_w o s v tʃ ]_w
[_w d o s t a l ]_w
[_w n a o b a k ]_w
[_w a l ɛ n a ]_w
[_w o s t r a n ou ]_w
[_w n a c ɛ j i ]_w
[_w t ɛ l ɛ f o n i ]_w
[_w z a ɦ r a d ]_w
[_w t i d o ]_w
[_w r ɛ n a t ]_w
[_w s x o b ɛ n ]_w
[_w p l o k u ]_w
[_w k l aː r a ]_w
[_w c ɛ l ɛ ɲ iː ]_w
[_w t n ɛ ʃ ɲ iː ]_w
[_w z n a tʃ n ɛː ]_w
[_w z iː c i ]_w
[_w z d r̝ ɛ d ɲ iː m ]_w
[_w i v o ]_w
[_w z d i l u ]_w
[_w ts iː c iː m ]_w
[_w n ɛ v a ɟ iː ]_w
[_w p o b l a s c iː ]_w
[_w b o d s t ]_w
[_w t a d o ]_w
[_w s aː ʒ i t ɛ k ]_w
[_w n a p r o z ɟ i ]_w
[_w d a ɲ o v ɛː ]_w
[_w r̝ i ɟ i tʃ ɛ ]_w
[_w p o z l a v ]_w
[_w s aː p a v a ]_w
[_w p r̝ iː b a ɟ ɛ ]_w
[_w c ɛ ɟ i ]_w
[_w m i r o s l a d ]_w
[_w v a ʒ i ]_w
[_w s i z k u s ɛ ]_w
[_w ts ɛ l ɛː ɦ o ]_w
[_w d o z d a t ]_w
[_w tʃ ɛ s k a ]_w
[_w uː p l ɲ ɛ ]_w
[_w s ɛ ɦ n a t ]_w
[_w f ɛ r z i ]_w
[_w z n a ʒ iː ]_w
[_w s ou k r o m iː ]_w
[_w s n aː ]_w
[_w p r a ɦ a ]_w
[_w o p j ɛ m u ]_w
[_w ts iː l ɛ ]_w
[_w r aː n o ]_w
[_w j i n a k ]_w
[_w tʃ a z u ]_w
[_w r iː s n a r ]_w
[_w m a j ɛ d ɛ n ]_w
[_w r uː z d u ]_w
[_w ɦ o d n ɛː ]_w
[_w b ɛ s ]_w
[_w ɦ ɛ z l o ]_w
[_w k o r u n a ]_w
[_w s t r a ʒ ʃ iː ]_w
[_w s p iː ʒ ɛ ]_w
[_w o b r a v i d ]_w
[_w j i n ɛː ɦ o ]_w
[_w z m ɛ t a n a ]_w
[_w v o l i tʃ i ]_w
[_w ts ts a ]_w
[_w v o d u ]_w
[_w b r̝ i j d ou ]_w
[_w c i d o ]_w
[_w p o d s t ]_w
[_w s i l n ɛː ]_w
[_w p j ɛ ɟ i ɲ ɛ ]_w
[_w tʃ i n n o s c i ]_w
[_w r o c i n ]_w
[_w c iː l ɛ m ]_w
[_w s p l aː ts ɛ d ]_w
[_w d a k o v a t ]_w
[_w m uː ʒ ɛ d ɛ ]_w
[_w o b j ɛ t ]_w
[_w p iː v aː ]_w
[_w tʃ ɛ r v ɛ r ]_w
[_w n a b iː z iː ]_w
[_w ɲ i ts m ɛː ɲ ɛ ]_w
[_w v i c ɛ t ]_w
[_w s r u ʒ ɛ ɲ iː ]_w
[_w m i l a ]_w
[_w s a ɟ iː m ]_w
[_w p r o ts ɛ n t o ]_w
[_w l ɛː k a r̝ i ]_w
[_w ts ɛ l k ɛ m ]_w
[_w p o b l a t k i ]_w
[_w uː s t a v ]_w
[_w s ou d r u ɦ iː ]_w
[_w z t aː ɟ ɛ ]_w
[_w j i x ]_w
[_w s v o b o d u ]_w
[_w ʃ i v o d ɲ iː ]_w
[_w v s ɦ l ɛ t ɛ n ]_w
[_w r i x l iː ]_w
[_w tʃ c ɛ t ɛ m ]_w
[_w n a ʃ l a ]_w
[_w p r a ɦ u ]_w
[_w l i t s k iː x ]_w
[_w tʃ l aː n k u ]_w
[_w uː d a j ɲ ɛ ]_w
[_w ts o s ]_w
[_w k o n ɟ i ts ɛ ]_w
[_w j ɛ t n o ɦ o ]_w
[_w p l aː n u j ɛ ]_w
[_w s v j ɛ t ɛ v ]_w
[_w v u b ɛ ts ]_w
[_w d ɛː l ɡ a ]_w
[_w z v iː ʃ i t ]_w
[_w ɦ ɛ z l a ]_w
[_w s ɲ i ʃ u j ɛ ]_w
[_w m l u v iː ]_w
[_w v i l m u ]_w
[_w p o r a ]_w
[_w p l n ɛː ]_w
[_w s p o ʒ iː ]_w
[_w k a t ɛ r̝ i n a ]_w
[_w z iː z k a l a ]_w
[_w m i x a l ]_w
[_w s k o r o ]_w
[_w m a n ʃ ɛ l uː ]_w
[_w m a z a ]_w
[_w t a l ʃ iː ]_w
[_w p r̝ ɛ s ]_w
[_w d o s t a t ]_w
[_w n ɛ j s m ɛ ]_w
[_w o b l a s t ɲ ɛ ]_w
[_w p r n o ]_w
[_w b ou z ɛ ]_w
[_w v o l iː ]_w
[_w tʃ l aː n k ɛ m ]_w
[_w f i ts ɛ ]_w
[_w b r a v i d ɛ o ]_w
[_w b r a v d i ]_w
[_w p u d ou ts iː ]_w
[_w ʒ b a t n ɛː ]_w
[_w b r̝ iː r o ɟ ɛ ]_w
[_w ɡ o l ]_w
[_w d uː x o t ts ɛ ]_w
[_w u r tʃ i d iː x ]_w
[_w s n a ʃ iː m ]_w
[_w v j ɛ r u ]_w
[_w ts ɛ n t a ]_w
[_w ɟ ɛ l a l ]_w
[_w k r o m ɛː ]_w
[_w ʒ k o l ɲ iː ]_w
[_w p i o n ɛ ɛ r ]_w
[_w p r̝ iː z a d i ]_w
[_w t o s t a l ɛ ]_w
[_w z b l aː ts ɛ t ]_w
[_w t n ɛ s k a ]_w
[_w ts ɛ n u ]_w
[_w tʃ ɛ r n iː ]_w
[_w p r̝ i b a d aː ]_w
[_w r uː s t ɛ m ]_w
[_w p o d ɛː k ]_w
[_w p a d ɛ z aː d ]_w
[_w k r aː z n aː ]_w
[_w u v ɲ i d r̝ ]_w
[_w n a ʃ i m ]_w
[_w d ɛ n ɲ ɛ ]_w
[_w s iː s k aː ]_w
[_w p r o j ɛ m ]_w
[_w d iː t n ɛ x ]_w
[_w s ou c ɛ ʃ ɛ ]_w
[_w l iː s t k i ]_w
[_w d uː x o d ts i ]_w
[_w n ɛ v iː d ɛ ]_w
[_w a k ts ɛ ]_w
[_w k a r ɟ ɛ ]_w
[_w r o s ɦ o t ɲ ɛ ]_w
[_w p o l i ts i ]_w
[_w t n i ]_w
[_w a n ɛ b ]_w
[_w b u t ou ]_w
[_w ɲ ɛ j a k ɛː ]_w
[_w z o b o t u ]_w
[_w b o d a ]_w
[_w ɛ f r o p a ]_w
[_w r̝ iː k aː ]_w
[_w s l u ʒ b a ]_w
[_w ts ɛ z d u ]_w
[_w s v o j iː ]_w
[_w s m j ɛ n u j ɛ ]_w
[_w t o m ɦ l ɛ ]_w
[_w s ɛː r i ɛ ]_w
[_w o ɦ l ɛ d ɛ x ]_w
[_w o p j ɛ v iː ]_w
[_w m o ʒ n iː x ]_w
[_w n aː z ɛ v ]_w
[_w p r̝ iː b a t u ]_w
[_w z a tʃ a l a ]_w
[_w b iː s m a ]_w
[_w t ɛ b a d a ]_w
[_w n ɛ m o ts ɛ ]_w
[_w n aː z ]_w
[_w r ɛ a k o v a t ]_w
[_w p r o ts ]_w
[_w d l ou ɦ o ]_w
[_w r o l ɛ ]_w
[_w p r o t o ]_w
[_w p l o k ]_w
[_w s p uː s o b i s ]_w
[_w p o d r u ɦ iː ]_w
[_w i n f ɛ s c i ts ]_w
[_w p r aː v j ɛ ]_w
[_w t ɛ s ɛ c i ]_w
[_w k aː m ɛ n ]_w
[_w a m ɛ r i k a ]_w
[_w v a k t a ]_w
[_w d n ɛ ʒ ɲ iː ]_w
[_w r̝ aː d u ]_w
[_w r o l i ]_w
[_w r a d ɛ ts ]_w
[_w z n a ɦ u ]_w
[_w p ɛː tʃ ɛ ]_w
[_w p o s i ts ɛ ]_w
[_w p r o d o ʒ ɛ ]_w
[_w z d aː t uː ]_w
[_w d a n ɛː ]_w
[_w c iː c ɛ d ɛ m ]_w
[_w d r ɦ ]_w
[_w t r u ɦ ɛː ɦ o ]_w
[_w p r̝ iː s t u p u ]_w
[_w ɟ ɛ ʒ iː ]_w
[_w s i l n ou ]_w
[_w uː tʃ t uː ]_w
[_w n ɛ ɟ ɛ l ɛ ]_w
[_w l o ɲ i ]_w
[_w v i r m u ]_w
[_w ts o b i ]_w
[_w p r̝ ɛ s t o ]_w
[_w t r u ɦ iː m ]_w
[_w s t aː t u ]_w
[_w d o b r aː c i d ]_w
[_w r ɛ f o l u ts ɛ ]_w
[_w s v j ɛ c ]_w
[_w ɦ l a v i ]_w
[_w p l a t ]_w
[_w d ɛ b ou ]_w
[_w r o s t l i n i ]_w
[_w d n uː ]_w
[_w s a p l a ɟ i t ]_w
[_w n a p iː d k a ]_w
[_w k v uː l i ]_w
[_w c i s k u z i ]_w
[_w z d aː t u ]_w
[_w ɲ ɛ j a k iː x ]_w
[_w j ɛ ɟ i n ou ]_w
[_w v ɦ o d n o d a ]_w
[_w p a r ]_w
[_w j ɛ d n u ]_w
[_w r ɛ a l i d u ]_w
[_w r̝ iː ts i ]_w
[_w v j ɛ k a ]_w
[_w tʃ a s t ]_w
[_w k r aː s ɲ ɛ ]_w
[_w uː v o t ɲ iː ]_w
[_w t o b r̝ ɛ ʒ iː ]_w
[_w d r̝ iː t i ]_w
[_w p uː s o p ]_w
[_w v j ɛ t ʃ i n ou ]_w
[_w z a tʃ aː d k u ]_w
[_w uː v j ɛ r a ]_w
[_w v aː z ]_w
[_w t ou d o ]_w
[_w tʃ a z ɟ i ]_w
[_w ɲ ɛ tʃ iː m ]_w
[_w ɡ l i ɛ n ɟ i ]_w
[_w v i c iː m ɛ ]_w
[_w b i l i ]_w
[_w k u l t u r a ]_w
[_w m j ɛ s iː ts ]_w
[_w t o b aː x ]_w
[_w d r̝ ɛ ɟ iː ɦ o ]_w
[_w v iː ʒ ɛ ]_w
[_w tʃ iː s t ]_w
[_w d r ʃ ɛ t ]_w
[_w v i t ɛ a ]_w
[_w v i b iː r a d ]_w
[_w p r o k r a m ]_w
[_w k ɲ i ɦ o v n i ]_w
[_w ɦ o r i ]_w
[_w n o v ɛː ]_w
[_w p r o z t o ]_w
[_w n aː s o r ]_w
[_w b r aː ts ɛ ]_w
[_w j a r o s l a l ]_w
[_w k o l i k ]_w
[_w m i s l iː d ɛ ]_w
[_w t ɛ c i ]_w
[_w b l aː n u ]_w
[_w s iː ɟ ]_w
[_w t o l i k a ts ɛ ]_w
[_w ɟ i s k u s t ɛ ]_w
[_w k ou p i l ]_w
[_w p i b l i ]_w
[_w s p a v i t l a ]_w
[_w s iː l i ]_w
[_w ɦ o d n o c ɛ ]_w
[_w n a j d ɛ ]_w
[_w k a ʒ d ɛː m ]_w
[_w v z a l i ]_w
[_w ɲ ɛ j a k iː m ]_w
[_w m uː ʒ ɛ ]_w
[_w d ɛː t o ]_w
[_w m l a t iː ]_w
[_w v a ʃ i x ]_w
[_w v ʃ a k ]_w
[_w m a l ou ]_w
[_w t a v i t a l ]_w
[_w n a ʃ iː ]_w
[_w z iː s k a l a ]_w
[_w d u x o v ɲ iː ]_w
[_w d o d aː v aː ]_w
[_w r u k a m a ]_w
[_w r̝ ɛ ʒ i t ]_w
[_w j ɛ ɦ o ʒ ]_w
[_w ts z ɛ x ]_w
[_w tʃ ɛ s k aː ]_w
[_w m aː l ɛ m ]_w
[_w a m n ɛ s c i t ]_w
[_w s a tʃ aː t ɛ k ]_w
[_w v iː s k u m ]_w
[_w z d a r ʒ iː x ]_w
[_w v ʃ u d ɛ ]_w
[_w f i ɟ iː ]_w
[_w p ɛ c i ts ɛ ]_w
[_w s p o r̝ i t ]_w
[_w p r̝ iː r o d a ]_w
[_w p i t uː ]_w
[_w ʒ i t uː ]_w
[_w s t a r ʃ iː ]_w
[_w k t i z ]_w
[_w m i n u d i ]_w
[_w v z iː d ]_w
[_w p o s o r ]_w
[_w f ɛ r s i ]_w
[_w v a n ou ʒ ts i ]_w
[_w o b x o t uː ]_w
[_w n ɛ v i ɟ ɛ l ]_w
[_w m uː j ]_w
[_w ɦ l ɛ d ]_w
[_w p r̝ iː b a t i ]_w
[_w k t ɛ r iː ]_w
[_w ɟ ɛ t ɛ m ]_w
[_w r̝ a c ɛ ]_w
[_w u m o ʒ ɲ u j ɛ ]_w
[_w f l o ʒ ɛ ]_w
[_w f o l b aː x ]_w
[_w j ɛ l i k o s t ]_w
[_w v ɛ t ɛ ]_w
[_w b o ɦ u ʒ ɛ l ]_w
[_w d a ɲ ɛ ɲ iː ]_w
[_w v z ɦ l ɛ d ]_w
[_w u r tʃ i t iː x ]_w
[_w o t s ou s ɛ n ]_w
[_w s ou ɦ l a z i ]_w
[_w s a s ɛ p ]_w
[_w ɲ ɛ m ɛ ts k a ]_w
[_w d o m t o ]_w
[_w d l a b k a ]_w
[_w s m l u v iː m ]_w
[_w s ɟ ɛ l ɛ ]_w
[_w ts ɛ l ou ]_w
[_w t o s l o v o ]_w
[_w s p o r̝ ɛ ɲ iː ]_w
[_w ɲ ɛ tʃ ɛ ɦ o ]_w
[_w p iː l ɛ k ]_w
[_w a n ɛ b o ]_w
[_w b d aː t ]_w
[_w r o k u ]_w
[_w m iː ɲ ɛ ɲ iː ]_w
[_w u l i ts iː x ]_w
[_w f i ʒ ʃ iː ]_w
[_w ʒ iː t ]_w
[_w v tʃ a z ]_w
[_w s r o v n ou ]_w
[_w p o ʒ aː t a d ]_w
[_w ɦ r a j ɛ ]_w
[_w tʃ l o v j ɛ k ]_w
[_w d a k t ]_w
[_w s t a l ]_w
[_w n a j d ɛ t ɛ ]_w
[_w i n d ɛ r n ɛ d ]_w
[_w tʃ t ɛ n aː r̝ ɛ ]_w
[_w v ʃ i x ɲ i ]_w
[_w u ɟ ɛ l a l i ]_w
[_w v o n d uː ]_w
[_w p o m aː ɦ aː ]_w
[_w j i t k a ]_w
[_w o b ou ]_w
[_w p r ɛ m i ɛː r ]_w
[_w p s a l ]_w
[_w k r ou p ]_w
[_w v uː d ts ɛ ]_w
[_w d o s t a l o ]_w
[_w m i n u l o z d ]_w
[_w n ɛ x a t ]_w
[_w s n aː m ]_w
[_w tʃ i s t iː ]_w
[_w v ɛ r z u s ]_w
[_w o p l a z d ɲ ɛ ]_w
[_w ts l o v ɛ k ]_w
[_w v l a s t ɲ ɛ ]_w
[_w m a z o ]_w
[_w v ʃ ɛ x n i ]_w
[_w i n f ɛ s c i ]_w
[_w uː tʃ a z ɟ ɛ j i ]_w
[_w ɲ ɛ k o l i ]_w
[_w s t aː t uː ]_w
[_w s t ɛ j n ɛː ]_w
[_w r i x l ɛː ]_w
[_w k ou p i t ]_w
[_w k t i p i ]_w
[_w k ɲ iː ʃ ɛ ]_w
[_w tʃ l aː n ɡ ɛ m ]_w
[_w m i ɲ i z d r ]_w
[_w k a r i ɛː r u ]_w
[_w ɦ l a v u ]_w
[_w a m n ɛ s ɟ i i ]_w
[_w t o ɦ l ɛ d ]_w
[_w b o v ɛ d ɛ ɲ iː ]_w
[_w b l z ɛ ɲ ]_w
[_w s ɛ v ɛ r ɲ iː ]_w
[_w p u c ]_w
[_w n u d n ɛː ]_w
[_w x ɛ l z ɛ a ]_w
[_w s k o n tʃ i l a ]_w
[_w l i p ɛ r ɛ ts ]_w
[_w j a k m i l ɛ ]_w
[_w m o ʃ n aː ]_w
[_w f aː ts l a v a ]_w
[_w j m ɛː n o ]_w
[_w a m n ɛ s ɟ i ɛ ]_w
[_w a l b u m ]_w
[_w s ou d r u ɦ ɛː ]_w
[_w ts ɛ s k ɛ ]_w
[_w v u n k tʃ ɲ iː ]_w
[_w b o ɟ iː l ]_w
[_w r a d ʃ i ]_w
[_w p l a d ɲ i ts ɛ ]_w
[_w p r̝ ɛ ɦ l ɛ d u ]_w
[_w s t a r ɛː ]_w
[_w r a t i ]_w
[_w m a j ɛ t ɛ n ɛː ]_w
[_w v j ɛ d ]_w
[_w ʒ k o d a ]_w
[_w o s o b ɲ iː m ]_w
[_w s t o l ɛ ]_w
[_w k r i s t u ]_w
[_w t u x u ]_w
[_w s p i t ɛ tʃ ɲ ɛ ]_w
[_w u c ɛ l a t ]_w
[_w a n t r o l i ]_w
[_w r a ɟ i tʃ ɲ ɛ ]_w
[_w ɟ i v aː k uː ]_w
[_w r ɛ n a t a ]_w
[_w n ɛ b u t ou ]_w
[_w n ɛ d o s ]_w
[_w v uː tʃ i ]_w
[_w n aː s ɛ f ]_w
[_w i t n ɛ s ]_w
[_w p r u s ɛ l u ]_w
[_w k d i s ]_w
[_w d uː v j ɛ r u ]_w
[_w j ɛ t n a t ]_w
[_w p r̝ iː j m i ]_w
[_w t s v ]_w
[_w p r̝ i j t ɛ ]_w
[_w j iː z d ]_w
[_w v l aː t ɲ iː ]_w
[_w m a t k a ]_w
[_w k a m p a ɲ ]_w
[_w z iː z k aː ]_w
[_w p r o s p j ɛ x ]_w
[_w ʒ ɛ d r̝ ɛ ɲ iː ]_w
[_w p r ou d u ]_w
[_w i n f l a ts ɛ ]_w
[_w j ɛ d ɛ k ]_w
[_w d o ɦ o ]_w
[_w ɦ u t b a ]_w
[_w t ɛ s ɛ t ]_w
[_w t ɛ n ɦ l ɛ ]_w
[_w r iː z n a m u ]_w
[_w j ɛ d n o ɦ o ]_w
[_w f o l b i ]_w
[_w v iː r o b ts ɛ ]_w
[_w b r iː ]_w
[_w t r̝ ɛ ɟ iː ]_w
[_w d o c i ʃ ]_w
[_w f a ʒ ɛ ]_w
[_w tʃ t v r t iː ]_w
[_w ɟ ɛ k u j i ]_w
[_w m a z a r i k a ]_w
[_w n a x aː s iː ]_w
[_w s n a d ]_w
[_w j i s t o b a d ]_w
[_w t o d n ɛ s ]_w
[_w tʃ iː m ]_w
[_w b r i tʃ ]_w
[_w m aː ʃ ]_w
[_w z v o l i tʃ i ]_w
[_w k a r d ou ]_w
[_w p o d p o v j ɛ ]_w
[_w k u l t u r i ]_w
[_w j a z n iː ]_w
[_w d a k t o ]_w
[_w p r a v i ]_w
[_w j d ou ]_w
[_w n ɛ t aː ]_w
[_w b uː j tʃ k a ]_w
[_w m iː x ]_w
[_w r o v ɲ i ]_w
[_w ɟ ɛ s ɲ ɛ ]_w
[_w s ɲ iː ʒ i d ]_w
[_w ɲ ɛ k t o r u ]_w
[_w o b j ɛ m u ]_w
[_w s t r aː n ts ɛ ]_w
[_w n a ʒ ɛ ɦ o ]_w
[_w k o d d a ]_w
[_w uː n o r u ]_w
[_w tʃ ɛ s k iː m ]_w
[_w s aː k o n a l ɛ ]_w
[_w p r o v o z u ]_w
[_w j a r o s l a t ]_w
[_w s v j ɛ c ɛ ]_w
[_w s ɛ b d a t ]_w
[_w v ɲ i d r a ]_w
[_w ɲ i k o ɦ o ]_w
[_w m iː s c ɛ ]_w
[_w v z a l ]_w
[_w s t r o j ]_w
[_w t a l i ]_w
[_w z v o j ɛ ]_w
[_w ʃ p a t ɲ ɛ ]_w
[_w s ɛ k t o ]_w
[_w p o tʃ iː t aː ]_w
[_w uː z b j ɛ t ]_w
[_w tʃ t ɛ n o ]_w
[_w k uː ʒ ɛ ]_w
[_w k l i d ɲ ɛ ]_w
[_w d a k o v iː ]_w
[_w p ou ʒ iː v a d ]_w
[_w n ɛ v iː t ɛ ]_w
[_w n a p iː d n ɛ x ]_w
[_w n ɛ x a d ]_w
[_w z k v j ɛ l ɛː ]_w
[_w v i b a d aː ]_w
[_w i n d ɛ r n ɛ t ]_w
[_w s a m ɛː ]_w
[_w z n aː m i l ]_w
[_w ɦ l a z i ]_w
[_w t o m ]_w
[_w z ts ɛː n aː r̝ ]_w
[_w b o r̝ aː t ɲ ɛ ]_w
[_w p r aː v u ]_w
[_w u k aː s a l ]_w
[_w p o ɟ iː v a t ]_w
[_w t o l uː ]_w
[_w n aː k l a ɟ ɛ ]_w
[_w p o ɦ a ]_w
[_w n aː m i l ]_w
[_w a l k o ɦ o ]_w
[_w j u d r ]_w
[_w o z d r a ]_w
[_w tʃ a s o p i ]_w
[_w uː t ɛ r iː x ]_w
[_w p o s l a v ]_w
[_w n ɛ m j ɛ l i ]_w
[_w s t a n ɛ ]_w
[_w p r̝ iː r o t a t ]_w
[_w z v j ɛ d a ]_w
[_w m a s a r i k a ]_w
[_w v iː n o ]_w
[_w tʃ a j o v n a ]_w
[_w o b s a ɦ ɛ m ]_w
[_w ʒ i v o t ɲ iː ]_w
[_w p r o k r a m i ]_w
[_w p o tʃ iː d a d ]_w
[_w d v aː r̝ iː ]_w
[_w k l u ts i ɛ ]_w
[_w l aː s k i ]_w
[_w p r o z i n ɛ ts ]_w
[_w ɲ ɛ ɦ o ]_w
[_w k a ʃ t ɛː ɦ o ]_w
[_w ɦ o t n ɛ ]_w
[_w ɟ i z k u z ɛ ]_w
[_w t ts ɛ r a ]_w
[_w j iː t ]_w
[_w n o v ou ]_w
[_w s p o l ɛ tʃ ɲ ɛ ]_w
[_w k t i ʒ ]_w
[_w ɦ v j ɛ s t ɛ ]_w
[_w n ɛ s t a ]_w
[_w o v ʒ ɛ m ]_w
[_w v ʒ u d ɛ ]_w
[_w v ʃ ɛ x n o ]_w
[_w j s t ɛ ]_w
[_w ɲ ɛ k o l i k ]_w
[_w s t ɛ ]_w
[_w f o d ]_w
[_w v ɛ r̝ ɛ j ɲ ɛ ]_w
[_w z v o b o t u ]_w
[_w o p r o ɟ i n i ]_w
[_w k o r u p ts i ]_w
[_w d r b iː ]_w
[_w ɦ l u p o k o j ]_w
[_w ɡ o r u n i ]_w
[_w p o t o p j ɛ ]_w
[_w n ɛ m uː ʒ ɛ m ɛ ]_w
[_w n ɛ b i l o ]_w
[_w v iː n a ]_w
[_w z iː ɟ ]_w
[_w z v iː r̝ a d ]_w
[_w r o s t ou ts iː ]_w
[_w s ou ɦ l a z ]_w
[_w v o d i ]_w
[_w t u ʒ i ]_w
[_w v iː d a j ɛ ]_w
[_w ts i t i ]_w
[_w v aː l k u ]_w
[_w k r aː l ]_w
[_w m i s l ]_w
[_w s t a r a d ]_w
[_w o r k aː n uː ]_w
[_w uː tʃ a z ɟ i ]_w
[_w ʒ k o l ɛ m ]_w
[_w p ou ʃ iː d ]_w
[_w s b o r̝ ɛ ɲ iː ]_w
[_w z n a d n ɛː ]_w
[_w v ʃ ɛ ]_w
[_w m n ou ]_w
[_w tʃ r o ]_w
[_w k a r l o v i ]_w
[_w p r̝ i n ɛː s t ]_w
[_w l iː t o ]_w
[_w p iː l ɛː ]_w
[_w p o d v r ɟ iː ]_w
[_w n a ʃ ɛ m ]_w
[_w v j ɛ t ɛ v ]_w
[_w v z d a ɦ u ]_w
[_w d v aː r̝ ɛ ]_w
[_w p ɛ d ɛ r ]_w
[_w b r a v ɛ ]_w
[_w tʃ i ɲ iː ]_w
[_w z aː k a s ]_w
[_w z j ɛ v ɛ ɲ iː ]_w
[_w v j ɛ d ʃ i n a ]_w
[_w s ɛ j m ɛː n ɛ m ]_w
[_w p o t u ]_w
[_w p o m o ts i ]_w
[_w ɦ ɛ r ts i ]_w
[_w p r aː v j ɛ r u ]_w
[_w t ɛ n d o ]_w
[_w ʒ i v o t ]_w
[_w ts iː l ]_w
[_w p l a ɟ iː ]_w
[_w p ɛ ɟ i ts ɛ ]_w
[_w p r a ʒ s k aː ]_w
[_w t ɛː m j ɛ r̝ ]_w
[_w tʃ ɛ s k i ]_w
[_w t aː d ]_w
[_w k ou z ɛ k ]_w
[_w ɡ l i ɛ ]_w
[_w t a k o v a t ]_w
[_w b l n aː ]_w
[_w m o d ɛ l u ]_w
[_w z r u ʃ ɛ ɲ iː ]_w
[_w j i n i x ]_w
[_w tʃ ɛ d l ]_w
[_w p r i n ts i b ]_w
[_w v ɛ d ɛ n ]_w
[_w d o j m i ]_w
[_w j i z d ɛː m ]_w
[_w b r a ʒ s k iː ]_w
[_w v j ɛ r̝ i d ]_w
[_w ɦ l ɛ t ]_w
[_w p r̝ i s n a t ]_w
[_w ɛ m a i l u ]_w
[_w s t r aː t i ]_w
[_w p ɛː tʃ i ]_w
[_w t ɲ iː ]_w
[_w d o i o d a ]_w
[_w z a m i ]_w
[_w a n k l i ts k i ]_w
[_w d ɛ d ]_w
[_w m j ɛ ɲ iː ]_w
[_w ɦ l a z ]_w
[_w p o d p o r ou ]_w
[_w c i s k ]_w
[_w n ɛ m o ɦ l ]_w
[_w p a n ɡ i ]_w
[_w b r a v i t ɛ l ]_w
[_w z v ɛː ɦ o ]_w
[_w x l ɛ b a ]_w
[_w v ʒ ɛ x n i ]_w
[_w j p ɡ ]_w
[_w s a a p ]_w
[_w n aː k u p u ]_w
[_w c ɛ m i d o ]_w
[_w z b j ɛ x ]_w
[_w t r u ɦ ɛː m u ]_w
[_w d o s t a l i ]_w
[_w s ou d ɛ m ]_w
[_w a k c i v i d ]_w
[_w r o z u m iː ]_w
[_w ɲ ɛ m u ]_w
[_w s p o r̝ ɛ ]_w
[_w j s ɛ m ]_w
[_w j o s ɛ v ]_w
[_w r o s ɦ o t l aː ]_w
[_w t n ɛ ʃ ɲ iː m ]_w
[_w l o k i ]_w
[_w l i t ɛ x ]_w
[_w n ɛ s m iː r u ]_w
[_w u t r p ɛ ɲ iː ]_w
[_w ɦ o v o v i ]_w
[_w b o b i z ]_w
[_w n a p iː d k u ]_w
[_w o k a m u r a ]_w
[_w o z d a l a ]_w
[_w p r̝ ɛ s ɛ n ]_w
[_w m a n ʒ ɛ l k a ]_w
[_w r o ɟ i n i ]_w
[_w p a b iː r uː ]_w
[_w m i l o ʒ ɛ ]_w
[_w r̝ aː d ]_w
[_w z i d u a ts ɛ ]_w
[_w b r n a ]_w
[_w d l ou ɦ aː ]_w
[_w ɦ l a z i t ]_w
[_w v j ɛ ɟ ɛ d ]_w
[_w s v j ɛ c ɛ d ]_w
[_w z ts i v i ts ]_w
[_w d o m u ]_w
[_w r ɛ a k o v aː ]_w
[_w r uː s t ]_w
[_w a d d ]_w
[_w d ɛ l ɛ v i s i ]_w
[_w r i x l o s t ]_w
[_w k a r l a ]_w
[_w tʃ ɛ z k ou ]_w
[_w ɟ iː l a ]_w
[_w s t r a n u ]_w
[_w uː tʃ a s c i ]_w
[_w l o ɲ s k ɛː m ]_w
[_w ɲ iː ʒ ]_w
[_w m o ɦ l a v ɲ iː ]_w
[_w v ʃ ɛ x n a ]_w
[_w n ɛ x aː p u ]_w
[_w p r o d a l ]_w
[_w b o m aː ɦ a t ]_w
[_w v i ɟ iː ]_w
[_w n ɛ b u d ɛ ]_w
[_w o b r a v iː ]_w
[_w o d v o d i ]_w
[_w z i z d ɛː m i ]_w
[_w j ɛ c i n iː ]_w
[_w a n ɡ l i ɛ ]_w
[_w r ɛ s p ɛ k t ]_w
[_w p u r s ɛ ]_w
[_w p uː j tʃ k u ]_w
[_w m iː r̝ iː ]_w
[_w t ɛ ɲ iː ]_w
[_w n a j d ɛ m ɛ ]_w
[_w ʃ ɛː f ]_w
[_w ɦ t m l ]_w
[_w r̝ ɛ ts k u ]_w
[_w s p iː ʃ ]_w
[_w k l u b ]_w
[_w ɡ a l ou s k a ]_w
[_w s i m j ɛ ]_w
[_w d a m ]_w
[_w j a k ɛː m ]_w
[_w ʃ ɛ z d ]_w
[_w tʃ ɛ z k ɛː ɦ o ]_w
[_w a m ɛ r i ts ɛ ]_w
[_w b o s l a t o ]_w
[_w l i t s t v a ]_w
[_w z m j ɛ r ]_w
[_w t r p iː ]_w
[_w z a m o d n ɛː ]_w
[_w a t r ɛ s u ]_w
[_w t n ɛ ʃ ɲ iː x ]_w
[_w d o d a s ]_w
[_w m iː r ɲ ɛ ]_w
[_w m u t r ]_w
[_w ɦ l a v a ]_w
[_w p o t o b n iː ]_w
[_w d a l ɛ k a ]_w
[_w o b ɛ n ]_w
[_w p r aː v j ɛ r uː ]_w
[_w s ɛ m iː ]_w
[_w b j ɛ ɦ ɛ m ]_w
[_w b s tʃ ]_w
[_w j i n iː m ]_w
[_w tʃ iː z d ]_w
[_w m o ɦ l o ]_w
[_w m o r k a n ]_w
[_w n aː z v ɛ m ]_w
[_w uː s p o r t ]_w
[_w s t a v b i ]_w
[_w v i s i ]_w
[_w d v ou ]_w
[_w ɲ ɛ tʃ ɛ m ]_w
[_w r̝ iː ʒ ɛ ]_w
[_w s k u p i n i ]_w
[_w j s m ɛ ]_w
[_w n o v j ɛ k ]_w
[_w s aː b a v a ]_w
[_w r o s u m iː ]_w
[_w p aː r ]_w
[_w z ɛ m a n ]_w
[_w r̝ iː z ɛ ɲ iː ]_w
[_w j a s i k ]_w
[_w m u d d ]_w
[_w ɦ r a t ɛ ts ]_w
[_w v ɛ l k ɛː ɦ o ]_w
[_w k d i p i ]_w
[_w tʃ t ɛ ɲ iː m ]_w
[_w p o t i ]_w
[_w d o b r̝ ɛ ʒ iː ]_w
[_w t o k aː ʒ iː ]_w
[_w u k aː z a l ]_w
[_w i n k ]_w
[_w v i t a l ]_w
[_w x i p u ]_w
[_w s ou ɦ l a s i ]_w
[_w o l o m ou ts ]_w
[_w tʃ ɛ s k ɛː ɦ o ]_w
[_w k u b o v a d ]_w
[_w s n o v u ]_w
[_w v i p l a ɟ iː ]_w
[_w s ou c ɛ ʒ ]_w
[_w n a ʒ i x ]_w
[_w z n aː ]_w
[_w o p r o c i ]_w
[_w t r ɛ n t ]_w
[_w ɦ uː r̝ ]_w
[_w n iː p r ʒ ]_w
[_w s i s k u s ɛ ]_w
[_w t o t n ɛ ]_w
[_w s ɛ m ]_w
[_w r o s p o r i ]_w
[_w m p a n k ou ]_w
[_w p r̝ ɛ m i ]_w
[_w r i x l o s c i ]_w
[_w z d u x l iː k ]_w
[_w p i l o ]_w
[_w p r̝ iː k a t ]_w
[_w a b i s t ɛ ]_w
[_w o b x o d i ]_w
[_w j a k iː ]_w
[_w k a m p a ɲ ɛ ]_w
[_w d a k ]_w
[_w z t r o j ɛ m ]_w
[_w p l a ts ɛ ]_w
[_w s n aː d ɛ ]_w
[_w m o r a v j ɛ ]_w
[_w j ɛ n ]_w
[_w tʃ i n u ]_w
[_w v ɛ l i k o ʒ ]_w
[_w z l i ʃ ɛ ]_w
[_w k o n ts ɛ r t u ]_w
[_w d aː l ]_w
[_w m j ɛ ]_w
[_w v l aː t u ]_w
[_w tʃ ɛ s k o ]_w
[_w m j ɛ z ɟ i d ]_w
[_w k a z d i ]_w
[_w s l u ʃ ɛ b ]_w
[_w s t a r m o ]_w
[_w v i r m a ]_w
[_w s t aː d ]_w
[_w v l a k ]_w
[_w o b r a s i ]_w
[_w z t aː t ]_w
[_w o m ɛ s ɛ ɲ iː ]_w
[_w p j ɛ ʃ ɲ ɛ ]_w
[_w o d p o r u ]_w
[_w uː v j ɛ r u ]_w
[_w d o p r aː c i d ]_w
[_w d r z iː x ]_w
[_w u s p ]_w
[_w o z o p ɲ iː m ]_w
[_w d a n a ]_w
[_w v i l m uː ]_w
[_w r ɛ s p ɛ k d ]_w
[_w f l o ʒ i t ɛː ]_w
[_w s aː s a c ɛ ]_w
[_w r o s ɦ o t l ]_w
[_w ʃ i n aː k l a t ]_w
[_w r ɛ a k ts i iː ]_w
[_w d o m ɦ l ɛ ]_w
[_w p r o b l ɛː m ]_w
[_w s m j ɛ n i ]_w
[_w s t r aː ts iː ]_w
[_w o x r a n a ]_w
[_w p o n ɟ ɛ l iː ]_w
[_w s v i ʃ u j ɛ ]_w
[_w v iː v o j ]_w
[_w o p r a z i t ]_w
[_w z v j ɛ t k u ]_w
[_w v iː z n a m ]_w
[_w u r tʃ i d ou ]_w
[_w ɟ i b ]_w
[_w v iː t ɛ ]_w
[_w ʃ ɛ z ɟ i i ]_w
[_w p o d o b n iː ]_w
[_w x i z t aː ]_w
[_w u c ɛ l a d ]_w
[_w o b tʃ a n i ]_w
[_w z l ɛ ]_w
[_w o n t r̝ ɛ j ]_w
[_w p r o p l ɛ m ]_w
[_w p a n ɡ a ]_w
[_w ɦ n u ɟ iː ]_w
[_w o t aː s k a ]_w
[_w a z o ts i a ts ɛ ]_w
[_w n ɛ b a t a ]_w
[_w k o n ts ɛ r d ]_w
[_w d r u ɦ uː ]_w
[_w s ɛ r i aː l ]_w
[_w m o b i l ]_w
[_w r o ɡ ɛ m ]_w
[_w o ɲ i ]_w
[_w s p o j u j ɛ ]_w
[_w p a t r ɲ ɛ ]_w
[_w m a n ʒ ɛ l a ]_w
[_w r a d u ]_w
[_w d r a ɟ i ts ɛ ]_w
[_w ɛ m a i l ɛ m ]_w
[_w m i n u l iː x ]_w
[_w u m j ɛ ɲ i t ]_w
[_w z m j ɛ n a ]_w
[_w b r̝ ɛ k l i ]_w
[_w p r ɲ ɛ ]_w
[_w o b tʃ a n ]_w
[_w ɦ o c i d ]_w
[_w ɟ iː l o ]_w
[_w k t m ]_w
[_w z d a r ʃ iː x ]_w
[_w l ɛ t ɲ ɛ ]_w
[_w m i l a n ]_w
[_w s aː l ɛ ʃ iː ]_w
[_w ɦ o t n o d a ]_w
[_w z d r aː t i ]_w
[_w m a j ɛ d ɛ m ]_w
[_w tʃ ɛ ʃ i ]_w
[_w p r̝ ɛ z d o ʒ ɛ ]_w
[_w n o v i n aː x ]_w
[_w v z ɛ x n o ]_w
[_w ʒ i j ɛ m ɛ ]_w
[_w s l ɛ d ]_w
[_w x i s t aː ]_w
[_w s ɲ ɛ ɦ u ]_w
[_w p o v ɛ t l o ]_w
[_w m iː z d ]_w
[_w o d aː z ts ɛ ]_w
[_w s c iː l ]_w
[_w s l u ʒ n ɛː ]_w
[_w s t r a n ]_w
[_w p o ɦ u ʃ ɛ l ]_w
[_w v iː s n a m ]_w
[_w p r̝ aː ɲ iː ]_w
[_w d a r̝ iː ]_w
[_w j a n a ]_w
[_w o p j ɛ ɟ iː ]_w
[_w p o tʃ iː d a t ]_w
[_w v aː n o ts ɛ ]_w
[_w o p aː l k a ]_w
[_w z n a ʃ i x ]_w
[_w z o b r a s ]_w
[_w p r̝ i d o m ]_w
[_w l ɛ t ɲ iː ]_w
[_w s t o ]_w
[_w o b j ɛ v u ]_w
[_w s a c iː m ts o ]_w
[_w d o b r ɛː ]_w
[_w s a j i z ɟ i t ]_w
[_w k l u p u ]_w
[_w v o t ɛ m ]_w
[_w s iː c i ]_w
[_w p r̝ ɛ s t o r i ]_w
[_w k o n d a k t ]_w
[_w t ɛ ɦ d i ]_w
[_w m iː r i ]_w
[_w t u d o v a t ]_w
[_w ɲ ɛ ɦ o ʒ ]_w
[_w z d u ɟ i u m ]_w
[_w c ɛ l a d ]_w
[_w p o m aː ɦ a t ]_w
[_w p r̝ ɛ s t o r ]_w
[_w b a ɲ iː ]_w
[_w v l a s c iː ]_w
[_w r u ts ɛ ]_w
[_w b r̝ ɛ ts i ]_w
[_w f i r ɛ m ɲ iː ]_w
[_w o d b ]_w
[_w a k c i v ɲ iː ]_w
[_w r i s i ]_w
[_w r ɛ b u t ou ]_w
[_w z t r aː ts iː ]_w
[_w t l u ɦ ]_w
[_w ɟ i s k u z ɛ ]_w
[_w d ɛ b ɛ ]_w
[_w r o z d l i ]_w
[_w p ou ʒ o v aː ]_w
[_w tʃ aː z d ]_w
[_w p a r k u ]_w
[_w ɡ a ʃ t ou ]_w
[_w ts l a n ɛ k ]_w
[_w s ɛ r v ɛ r u ]_w
[_w l ɛ t ]_w
[_w ɟ iː m ]_w
[_w d ɛː m j ɛ r̝ ]_w
[_w d iː m ]_w
[_w r o z ɦ o d l aː ]_w
[_w t r u ʒ s t v o ]_w
[_w d s n ]_w
[_w d ɛ j t ɛ ]_w
[_w k t ɛ r iː m i ]_w
[_w ts ɛ s t i ]_w
[_w o b tʃ a n ɛː ]_w
[_w n a ʃ ɛ ]_w
[_w ɛ n ɛ r a ts ɛ ]_w
[_w j i s t iː ]_w
[_w f ɛ r z ɛ ]_w
[_w j i s t ɛː ]_w
[_w s m z ]_w
[_w ɲ ɛ k iː m ]_w
[_w m ɛ n ʒ iː ]_w
[_w v aː ts l a v ]_w
[_w ɦ v j ɛ s t i ]_w
[_w a ɲ i ʃ ]_w
[_w v o r m u ]_w
[_w tʃ l aː n ɛ k ]_w
[_w r u k ou ]_w
[_w s ɛ m i ]_w
[_w m a i l ]_w
[_w c i s k n ou d ]_w
[_w a p l i k a ts ɛ ]_w
[_w k iː m ]_w
[_w z l ou ʃ i d ]_w
[_w ɲ i ts ]_w
[_w r̝ ɛ ts k o ]_w
[_w z a tʃ a l ]_w
[_w p o b i t u ]_w
[_w n a ʒ i ]_w
[_w l ɛ d ɛ j ]_w
[_w r̝ ɛ ʒ ɛ ɲ iː ]_w
[_w r o ɟ i l ]_w
[_w v iː k o n u ]_w
[_w s i l n aː ]_w
[_w p uː s o b ]_w
[_w u t k aː ɲ iː ]_w
[_w l iː d o ]_w
[_w r o s s a ɦ u ]_w
[_w t n ɛ z k a ]_w
[_w b i l o ]_w
[_w ɦ o d ɛ l ]_w
[_w k d i b i x ]_w
[_w z l a v ]_w
[_w p r z i ]_w
[_w d ɛ z d i ]_w
[_w ts ɛ n t ]_w
[_w m o z n a ]_w
[_w i d n ɛ s ]_w
[_w m u s l i m uː ]_w
[_w t a j iː ]_w
[_w d ɛ ɲ iː ]_w
[_w d r̝ ɛ ɟ i n aː ]_w
[_w n ɛ j t r̝ iː v ]_w
[_w v ɛ t l ɛ ]_w
[_w b o ɟ ɛ ʃ iː ]_w
[_w z d ɛ j n ɛː ]_w
[_w s u s a n a ]_w
[_w p o v a ʒ u j i ]_w
[_w z uː s t a l ]_w
[_w f a ʃ ɛ ɦ o ]_w
[_w x ts i ]_w
[_w s m r t ]_w
[_w n ɛ x ts ɛ ]_w
[_w c iː l a ]_w
[_w t o p o s u d ]_w
[_w v k l a t u ]_w
[_w o l k a ]_w
[_w o b l a z d ]_w
[_w p j ɛ k ɲ ɛ ]_w
[_w f ɛ l k iː m ]_w
[_w p r o s c iː l ɛ ]_w
[_w b l n ɛː ]_w
[_w d ts ɛ r a ]_w
[_w s v aː ]_w
[_w m j ɛ n ]_w
[_w ɦ o r a ]_w
[_w d aː r k i ]_w
[_w s v iː ʃ i ]_w
[_w t r ʒ ɛ t ]_w
[_w d r u ɦ ɛː m ]_w
[_w r o s m j ɛ n u ]_w
[_w ʒ b a d n ɛː ]_w
[_w ɦ o ɟ i n a ]_w
[_w x r aː ɲ i d ]_w
[_w ts iː c i t ]_w
[_w v r a n ts i a ]_w
[_w b o s n a ]_w
[_w b r̝ ɛ s ]_w
[_w z d aː t ]_w
[_w i tʃ o ]_w
[_w d a l s i ]_w
[_w s l o ʒ ɛ ɲ iː ]_w
[_w z d o j ɛ ]_w
[_w ɦ ɛ r ɛ ts ]_w
[_w ɛ m o ts iː ]_w
[_w s p uː z o p ]_w
[_w z m l u v i t ]_w
[_w z d o l ɛ ɟ iː ]_w
[_w s v j ɛ d ʃ iː ]_w
[_w c iː l ɛ ]_w
[_w s ts ɛː n i ]_w
[_w m ɛː ɦ o ]_w
[_w d r v a l ɛ ]_w
[_w f ɛ ʃ k ɛ r ɛː ]_w
[_w v i t v o r̝ i l ]_w
[_w b o l i c i k ]_w
[_w uː tʃ ɛ l ɛ m ]_w
[_w b r o p l ɛː m ]_w
[_w l ɛ n k a ]_w
[_w v z ɦ l ɛ d ɛ x ]_w
[_w d l u ɦ uː ]_w
[_w b iː d ]_w
[_w p o d s i m ]_w
[_w t a r ]_w
[_w ts ɛ z ɟ ɛ ]_w
[_w uː v j ɛ r i ]_w
[_w p r̝ ɛ m i s l i ]_w
[_w p r i n ts i b u ]_w
[_w t ɛ z iː t k i ]_w
[_w k a r l o v i n ]_w
[_w s ɛ s n a m ]_w
[_w u ɟ ɛ l a j iː ]_w
[_w v j ɛ t l a ]_w
[_w v i c ɛ l a d ]_w
[_w z v j ɛ ɟ ɛ l ]_w
[_w p uː ɦ ]_w
[_w j ɛ d n o z d ]_w
[_w t a ɲ i ɛ l ]_w
[_w ɲ i ʃ ʃ iː ]_w
[_w s t aː l a ]_w
[_w ɟ iː l ɛ d ]_w
[_w p r̝ ɛ t n o m ]_w
[_w au t o r uː ]_w
[_w v iː ʒ i d ]_w
[_w ɦ u d p u ]_w
[_w v aː ʃ ɲ ɛ ]_w
[_w n ɛ j a ɡ aː ]_w
[_w ɲ i j a k ]_w
[_w ʃ i v o d ɛ k ]_w
[_w m iː z d a ]_w
[_w z p a v i d ]_w
[_w b r̝ i d a t ]_w
[_w l ɛ t ɛ n ]_w
[_w i n v ɛ z t o ]_w
[_w z d a tʃ iː ]_w
[_w t uː v j ɛ r ]_w
[_w a d r ɛ z a ]_w
[_w z iː d l o ]_w
[_w t o s aː ɦ l ]_w
[_w a d r ɛ s u ]_w
[_w r̝ ɛ k l ]_w
[_w d o p r̝ ɛ ʒ iː ]_w
[_w c ɛ l a l a ]_w
[_w d aː v ɛ k ]_w
[_w r̝ iː c iː ]_w
[_w l s ɛ ]_w
[_w v o n t uː ]_w
[_w o ɡ o l o ]_w
[_w o s o b ɲ ɛ ]_w
[_w r̝ ɛ ɟ ɛ s ts ɛ ]_w
[_w n ɛ p o l i ts i ]_w
[_w p o p u l a ts ɛ ]_w
[_w j u t r ]_w
[_w l i p o r ]_w
[_w b ɛ v ɲ ɛ ]_w
[_w r ɛ ʃ i m ]_w
[_w t v a k r aː t ]_w
[_w t o m o v a ]_w
[_w t o d a t ]_w
[_w m o d r aː ]_w
[_w d o j iː ]_w
[_w n ɛ m j ɛ l ]_w
[_w b r̝ i s n a l ]_w
[_w m j ɛ s c ɛ ]_w
[_w j ɛ d n a ]_w
[_w r o tʃ ɲ iː ]_w
[_w s aː k o n ɛ ts ]_w
[_w j ɛ c i n i ]_w
[_w v ɛ l k aː ]_w
[_w z p r aː v j ɛ r ]_w
[_w d n o ]_w
[_w v ɛ r̝ ɛ j n ɛː ]_w
[_w s p ou s t a ]_w
[_w t o z ɟ i ]_w
[_w z k u s i ]_w
[_w o z t r a v iː ]_w
[_w p r̝ i j m ou d ]_w
[_w z t u x u ]_w
[_w n a p iː t k u ]_w
[_w ɦ r o z ɲ ɛ ]_w
[_w ʒ i l ]_w
[_w s p r aː v ɲ ɛ ]_w
[_w j i n ou ]_w
[_w v i d v o r̝ iː ]_w
[_w t a m ]_w
[_w z m l u v iː m ]_w
[_w v s ɲ i k aː ]_w
[_w p j ɛ t ]_w
[_w t ɛ z ɛ t ]_w
[_w ɲ ɛ j a k ɛː m ]_w
[_w s ou d i ]_w
[_w p r̝ iː p a d i ]_w
[_w b r aː v a ]_w
[_w p u s i n ɛ ts ]_w
[_w m i n ]_w
[_w k o o k l ɛ s ]_w
[_w z n aː m i ]_w
[_w z p o l ɛ z ɟ i ]_w
[_w o v ʃ ɛ m ]_w
[_w d v j ɛ m a ]_w
[_w d n ɛ s k a ]_w
[_w tʃ ɛ z d ]_w
[_w m u t t ]_w
[_w z a l o ]_w
[_w n aː ɦ r a t ]_w
[_w p l aː n u ]_w
[_w x ɛ l s ɛ ]_w
[_w ʒ ɛ n a ]_w
[_w b ou ʃ iː d ]_w
[_w s n a tʃ k i ]_w
[_w v j ɛ t a ]_w
[_w v i ɦ n ou d ]_w
[_w d o l a r ]_w
[_w b o s t ]_w
[_w o p j ɛ ɟ ]_w
[_w a d a m ]_w
[_w t a ɲ iː ]_w
[_w p u s i n ɛ s s ]_w
[_w ɦ v j ɛ s t ]_w
[_w d n ɛ z k a ]_w
[_w ɦ o v o r̝ iː ]_w
[_w b j ɛ t ]_w
[_w b a r v u ]_w
[_w l aː s k a ]_w
[_w x aː b u ]_w
[_w p o b l a t k u ]_w
[_w p o r a d n i ]_w
[_w r iː z n a m ]_w
[_w ts ɛ s t a tʃ iː ]_w
[_w d ɛ x ɲ i k i ]_w
[_w o t ɛ j iː d ]_w
[_w p ou ʒ i ɟ iː ]_w
[_w p r o z iː m ]_w
[_w z k o n tʃ i l a ]_w
[_w t o p r̝ ɛ ʃ iː ]_w
[_w p l u z ]_w
[_w m a l iː x ]_w
[_w ɲ i k t i ]_w
[_w p o s t o r i ɛ ]_w
[_w d o d a t ]_w
[_w r̝ iː j ɛ m ]_w
[_w l i s t u ]_w
[_w v i x aː z iː ]_w
[_w r a t ɛ ts ]_w
[_w p l z ɛ ɲ ]_w
[_w tʃ ɛ s k ɛː ]_w
[_w z j i s c i l ]_w
[_w uː s t a n ɛ ]_w
[_w v i r m i ]_w
[_w tʃ ɛ l ɛ ]_w
[_w r a t ɛ k ]_w
[_w m iː s t ɲ iː ]_w
[_w o s t a l ɛ k o ]_w
[_w s l ou ʃ i t ]_w
[_w v o r m j ɛ ]_w
[_w k o n t a k d u ]_w
[_w s v iː m i ]_w
[_w d ɛ t i ]_w
[_w o tʃ i m a ]_w
[_w s l o v ]_w
[_w ɦ ɛ s k i ]_w
[_w r a t o s t a d ]_w
[_w d o s v iː t ɛ ]_w
[_w o z o b i ]_w
[_w l iː b iː ]_w
[_w o d aː s ɛ ɡ ]_w
[_w s aː k o n i ]_w
[_w s p l aː ts ɛ t ]_w
[_w v u n k u j ɛ ]_w
[_w n o v j ɛ ]_w
[_w s n a ʒ iː ]_w
[_w s aː k l a ɟ ɛ ]_w
[_w v z ɲ i k l ]_w
[_w v ɛ l i ts ɛ ]_w
[_w m ɛː c i iː x ]_w
[_w s t r aː n k a ]_w
[_w n aː r o k ]_w
[_w o ɦ l ɛ t aː ]_w
[_w s v j ɛ d o m iː ]_w
[_w r̝ i c i tʃ ɛ ]_w
[_w b r ɛ m i ɛː r ]_w
[_w o b l a s ɟ iː ]_w
[_w a b l i k a ts i ]_w
[_w z d a v iː ]_w
[_w m i ʃ l ɛ n k a ]_w
[_w s l u ʒ b i ]_w
[_w d a k ɛː ]_w
[_w d a ɲ ]_w
[_w p r o t u k t i ]_w
[_w t ɛ p ɛ ]_w
[_w v l a s i ]_w
[_w v ʃ u t ɛ ]_w
[_w p o r t aː l ]_w
[_w b o k u d ]_w
[_w s l o v a ]_w
[_w ʒ b a d n ɛ ]_w
[_w p i t u ]_w
[_w n ɛ j v iː ts ɛ ]_w
[_w s a m a ]_w
[_w o s o p n o s t ]_w
[_w r o ɡ u ]_w
[_w ʒ aː d o z t a l ]_w
[_w p aː d ɛ ɡ ]_w
[_w s t r a v i t ]_w
[_w r̝ iː k aː m ]_w
[_w k d i k o l i v ]_w
[_w ts ɛ n ]_w
[_w s p o r ]_w
[_w p o tʃ a s iː ]_w
[_w k v a l i t ]_w
[_w r ɛ k l a ]_w
[_w ɦ r a c i m ]_w
[_w o t b o r̝ ɛ ]_w
[_w v i s o k aː ]_w
[_w m a j i t ɛ l ]_w
[_w s t o l ɛ ɟ iː ]_w
[_w o b r aː z ɛ k ]_w
[_w tʃ iː n a ]_w
[_w n a v ʃ t i c ]_w
[_w s i d u a ts ɛ ]_w
[_w ʃ k o l ɛ ]_w
[_w m i s l ɛ l ]_w
[_w tʃ i z ɟ ɛ ]_w
[_w p r̝ iː m ɛː ]_w
[_w m o r ɡ a n ]_w
[_w k t i ʃ ]_w
[_w s p a v i ]_w
[_w p r o s i n ts ɛ ]_w
[_w v aː ʒ ]_w
[_w z ɦ r u p a ]_w
[_w z d aː d ɲ iː ]_w
[_w ʃ k o d a ]_w
[_w m i l i a r t ]_w
[_w j ɛ ɦ o ʃ ]_w
[_w n o v ɛː ɦ o ]_w
[_w n ɛ ʒ ]_w
[_w k d ɛ r ɛː m ]_w
[_w n ɛ j s ou ]_w
[_w t n ɛ ʒ ɲ iː ]_w
[_w s t u t o v i ]_w
[_w v iː r a z ɲ ɛ ]_w
[_w ʒ aː d o s t ]_w
[_w z n a m ]_w
[_w j i n aː ]_w
[_w m n o ɦ ɛ m ]_w
[_w t v ɛ r̝ ɛ ]_w
[_w m a j ɛ t ɛ k ]_w
[_w t ou r ]_w
[_w tʃ a z o b i d ]_w
[_w p iː t ]_w
[_w ts o k o l iː ]_w
[_w n aː z o r ]_w
[_w b ɛ ɲ iː s ɛ ]_w
[_w o b o r u ]_w
[_w tʃ a s t o ]_w
[_w n a p s a t ]_w
[_w t o b r̝ ɛ ʃ iː ]_w
[_w p o s l ɛː s ɛ ]_w
[_w j i n t ɛ ]_w
[_w z iː s k a d ]_w
[_w d uː x o d u ]_w
[_w d a k o v aː ]_w
[_w j ɛ t ]_w
[_w n a d ]_w
[_w v iː z k u m u ]_w
[_w n ɛ p u d ɛ t ɛ ]_w
[_w k a m n a ]_w
[_w t uː k a s i ]_w
[_w b o c iː ʒ ɛ ]_w
[_w v z d a ɦ ]_w
[_w n o v ɛː m ]_w
[_w s v ɛː ɦ o ]_w
[_w a tʃ k o l i v ]_w
[_w z p iː ʃ ɛ ]_w
[_w ɛ m o ts ɛ ]_w
[_w z d r aː n ɛ k ]_w
[_w z ɛ z n a m ]_w
[_w b r aː ɲ i t ]_w
[_w k r o k ]_w
[_w s x o b n o s t ]_w
[_w p i d l ɛ ɲ iː ]_w
[_w z p l aː d k i ]_w
[_w b r o d ɛ j ts ɛ ]_w
[_w s p r aː v ɛ m ]_w
[_w ɟ i v a t ɛ l ]_w
[_w o b r aː ɟ i ]_w
[_w n ɛ j v iː ts ]_w
[_w r̝ a d u ]_w
[_w p u ɟ ]_w
[_w v j ɛ r i ]_w
[_w p t v ]_w
[_w a m n ɛ s c i ɛ ]_w
[_w o s t r a n a ]_w
[_w m u ʒ ɛ ]_w
[_w n a t aː l ɛ ]_w
[_w z a tʃ aː t k u ]_w
[_w p i t i ]_w
[_w uː b r a v d i ]_w
[_w p a t ɛ s aː d ]_w
[_w p r o ɡ r a m u ]_w
[_w m l u v iː m ]_w
[_w k l i ɛ n t a ]_w
[_w v u n k ts ɛ ]_w
[_w f i l i b ]_w
[_w v o d k i ]_w
[_w p r a ts u j iː ]_w
[_w z v j ɛ d l ɛ ]_w
[_w b r̝ i d o m ]_w
[_w p l s ɛ ɲ ]_w
[_w n ɛ j a k iː m ]_w
[_w b uː v o d u ]_w
[_w m u ʒ uː ]_w
[_w l i d ɛ x ]_w
[_w z a ɟ iː ]_w
[_w t r ɛ p a ]_w
[_w p r̝ ɛ ɦ l ɛ d ]_w
[_w m j ɛ s c iː ]_w
[_w t r̝ i ts ɛ t ]_w
[_w ɲ i k o m u ]_w
[_w j m ɛː n ɛ m ]_w
[_w uː r o v ɲ ɛ ʒ ]_w
[_w ɦ r o z iː m ]_w
[_w p o m j ɛ r ]_w
[_w l aː k aː ]_w
[_w m i l i a r d ]_w
[_w z iː c ɛ ]_w
[_w j ɛ j iː x ]_w
[_w j ɛ d n a t ]_w
[_w m l a ɟ iː ]_w
[_w t uː x o t ts ɛ ]_w
[_w d iː t n i ]_w
[_w o z o b u ]_w
[_w r o tʃ ɲ iː k ]_w
[_w o k o l i v ]_w
[_w ɲ ɛ k t ɛ ]_w
[_w t ɦ ɛ ]_w
[_w p o k o j ɛ ]_w
[_w o b ts ɛ ]_w
[_w t a k t i ]_w
[_w d o d a ts ɛ ]_w
[_w m i l i o n ]_w
[_w a l ɛ ʒ ]_w
[_w z v iː ʒ i ]_w
[_w p r o d a ]_w
[_w z d a ]_w
[_w n ɛ z m iː ]_w
[_w j ɛ n o v ɛː ]_w
[_w z d r o j ]_w
[_w d ɛ r ]_w
[_w b i x o m ]_w
[_w z d r aː n k u ]_w
[_w s a m i ]_w
[_w k d i k o l i ]_w
[_w v iː p o tʃ ɛ t ]_w
[_w o z o b ɲ iː ]_w
[_w v o l i tʃ ɛ ]_w
[_w n u t n o ]_w
[_w ɲ ɛ k t ɛ r̝ iː ]_w
[_w m a n ʒ ɛ l k i ]_w
[_w t iː t n ɛ ]_w
[_w ʃ k o l u ]_w
[_w k a r t i ]_w
[_w v o d a ]_w
[_w d aː r ɛ k ]_w
[_w m o t ɛ l ]_w
[_w n a ʒ ɛ ]_w
[_w o ɦ l ɛ t a t ]_w
[_w n ɛ j a k ɛː m ]_w
[_w v iː r a z ]_w
[_w ɟ i z k ]_w
[_w s p r aː v u ]_w
[_w s c ɛ l ɛ ɲ iː ]_w
[_w a t r ɛ s t ]_w
[_w i n v o ]_w
[_w s t aː l ɛ ]_w
[_w d o m i ]_w
[_w ɦ u d b i ]_w
[_w d o b ɛ ]_w
[_w z k u t ɛ tʃ ɲ ɛ ]_w
[_w tʃ l o v j ɛ k a ]_w
[_w t i ɦ l ɛ ]_w
[_w t l a b k a ]_w
[_w ɦ o d n o t u ]_w
[_w p r aː ɲ iː ]_w
[_w b r̝ ɛ t ]_w
[_w s k u s ɛ ]_w
[_w m iː t ]_w
[_w o ɦ l ɛ t ]_w
[_w ɟ i b i ]_w
[_w d a p u l k i ]_w
[_w s p ou s t u ]_w
[_w p o ɦ l ɛ t u ]_w
[_w d a k ʒ ɛ ]_w
[_w n a x aː z iː ]_w
[_w b a n a ]_w
[_w j i s t o r i ɛ ]_w
[_w t o z d a l ]_w
[_w k l i ɛ n t i ]_w
[_w s a m o ]_w
[_w s t ɛ j n iː ]_w
[_w m o ʃ n o ]_w
[_w v l aː d u ]_w
[_w n a ɟ ɛ j i ]_w
[_w p o d b o r ]_w
[_w b o ɦ o c ɛ ]_w
[_w tʃ l aː n ɡ i ]_w
[_w s l u ʒ ɛ b ]_w
[_w o b j ɛ v u j ɛ ]_w
[_w d r u ɦ u ]_w
[_w t r v a l o ]_w
[_w au t o r ɛ m ]_w
[_w ɟ ɛ j i ]_w
[_w p u d ɛ m ɛ ]_w
[_w s a j iː m a d ]_w
[_w v aː s ɛ ]_w
[_w m ɛː c i a ]_w
[_w p o ɲ ɛ k u t ]_w
[_w o r ɡ aː n uː ]_w
[_w k r aː t ts ɛ ]_w
[_w p l i n u ]_w
[_w t v r c i l ]_w
[_w b i p l ɛ ]_w
[_w d uː v o d i ]_w
[_w j iː t l o ]_w
[_w p r̝ i p a d aː ]_w
[_w v i p r a l ]_w
[_w v i l m i ]_w
[_w p r̝ ɛ d u ]_w
[_w v ɛ t ou ]_w
[_w c i s k o v ɛː ]_w
[_w v l a s t ɛ x ]_w
[_w d iː t ɛ n ]_w
[_w t l u ɦ uː ]_w
[_w t ɛː m a ]_w
[_w tʃ l ɛ n o v a t ]_w
[_w z l u ʃ n ɛː ]_w
[_w j i n iː m i ]_w
[_w t v j ɛ m a ]_w
[_w u v ɛ d ɛ ]_w
[_w d r v aː ]_w
[_w v o n d ]_w
[_w d r ɛ s t ɲ iː ]_w
[_w b r i n ts i ]_w
[_w d a v i a ]_w
[_w o k ɛ n ]_w
[_w d o z d a d ɛ k ]_w
[_w s t a v a ]_w
[_w ʒ i v o d ɲ iː ]_w
[_w b s a ]_w
[_w r ɛ a k o v a l ]_w
[_w z b r aː v a ]_w
[_w d o d n ɛ s ]_w
[_w z iː s k aː ]_w
[_w d a l ʃ iː m ]_w
[_w d o v o l ɛ n ou ]_w
[_w b a v ɛ l ]_w
[_w j s i ]_w
[_w s a tʃ iː n aː ]_w
[_w d ɛ l ɛ v o ]_w
[_w d i b uː ]_w
[_w z m z ]_w
[_w v z t u x l iː k ]_w
[_w s t u d o ]_w
[_w s a d a r ]_w
[_w p r o ts ɛ n d o ]_w
[_w u t r ʒ ɛ t ]_w
[_w m l a d ɛː ]_w
[_w s l ɛ v i s ɛ ]_w
[_w m ɛ d o d i ]_w
[_w s n a t n ɛː ]_w
[_w z a j i s ɟ ɛ ]_w
[_w p o l i c i k i ]_w
[_w ɟ i s k ]_w
[_w s v o b o d k a ]_w
[_w j a s ɲ ɛ ]_w
[_w t r ɛ s u ]_w
[_w l ts t ]_w
[_w z o m ]_w
[_w d u p ɛ n ]_w
[_w j ɛ t ɲ iː m ]_w
[_w r ɛ a l i d a ]_w
[_w o d aː z k ou ]_w
[_w s ou l a d u ]_w
[_w o n i ]_w
[_w tʃ aː z ɟ iː ]_w
[_w t a k ɛː ]_w
[_w z aː k o n i ]_w
[_w z ɛ b d a d ]_w
[_w v i ʒ ʃ iː ]_w
[_w k o l i v ]_w
[_w x ts ɛ m ɛ ]_w
[_w m j ɛ s c i ɛ ]_w
[_w f u n k u j ɛ ]_w
[_w s t a tʃ iː ]_w
[_w z d u ɟ i u ]_w
[_w v j ɛ ɟ ]_w
[_w k l au s ɛ ]_w
[_w ɦ v j ɛ s ɛ ɲ iː ]_w
[_w s v o b o d a ]_w
[_w v i b r a l ]_w
[_w s n aː m ɛ ]_w
[_w n ɛ m j ɛ ]_w
[_w j ɛ j iː ʒ ]_w
[_w p r̝ ɛ k l i ]_w
[_w r o z ɦ o d l a ]_w
[_w s ou d ts uː ]_w
[_w b r̝ ɛ ɦ l ɛ d u ]_w
[_w p r o s t o j ]_w
[_w j iː s t ]_w
[_w n ɛ z m i s l ]_w
[_w z r̝ ɛ j m ɛː ]_w
[_w l z ɛ ]_w
[_w b u ɟ ]_w
[_w z ɲ iː ʒ i t ]_w
[_w x o v aː ɲ iː ]_w
[_w n aː p a t ]_w
[_w o b ɛ ts n ɛː ]_w
[_w z v aː d k i ]_w
[_w v r aː c i d ]_w
[_w f a ʃ ɛ ]_w
[_w c i t u l ]_w
[_w k o n tʃ i l ]_w
[_w ʒ iː r̝ iː ]_w
[_w d uː x o t u ]_w
[_w u z d ]_w
[_w r̝ ɛ k l i ]_w
[_w b r̝ iː j ɛ m ]_w
[_w d ts ɛ r u ]_w
[_w v a k d ]_w
[_w v o r m aː d u ]_w
[_w j ɛ d n ou ]_w
[_w n ɛ p o l i ɟ i ]_w
[_w t a ɲ i ts ɛ ]_w
[_w j i s c ɛ ]_w
[_w ts i v i ]_w
[_w k a ʃ t ɛː m ]_w
[_w d r ɛ b a ]_w
[_w o d p o r ou ]_w
[_w o k a m ʒ i k ]_w
[_w d ɛː m a d a ]_w
[_w p o d v r c iː ]_w
[_w p o t a ]_w
[_w d ɛ s iː d ɛ k ]_w
[_w k r aː s n aː ]_w
[_w r̝ a d ]_w
[_w ɟ ɛ l a ]_w
[_w uː n o r ]_w
[_w z l ɛ v ou ]_w
[_w m uː ʒ u ]_w
[_w b l i n ]_w
[_w p ɛ n ts ]_w
[_w b r o z iː m ]_w
[_w p r a v ɛː ]_w
[_w d l ɛ ]_w
[_w s v o j ]_w
[_w s k u p i n u ]_w
[_w d o j iː d ]_w
[_w o b tʃ a s ]_w
[_w t ɛ n ɲ iː ]_w
[_w p aː n o v ɛː m ]_w
[_w c ɛ d ɛ m ]_w
[_w ɛu r o ]_w
[_w z t r a v a ]_w
[_w ɲ ɛ m ʒ ]_w
[_w b o ɟ iː ʃ ɛ ]_w
[_w o d x o t u ]_w
[_w ʒ a n ts ɛ ]_w
[_w t o b r iː x ]_w
[_w ɟ i s iː ts ɛ ]_w
[_w tʃ iː s l o ]_w
[_w b r̝ ɛ t n o s t ]_w
[_w v o d ɛ m ]_w
[_w d o z d ]_w
[_w v uː b ɛ ts ]_w
[_w p o r t u ]_w
[_w tʃ l ɛ n uː ]_w
[_w ts ɛ s t ]_w
[_w f i c iː ]_w
[_w u v ɛ d l ɛ ]_w
[_w p r̝ iː j ɛ m ]_w
[_w tʃ ɛ z k u ]_w
[_w s a z ]_w
[_w j ɛ j i x ʒ ]_w
[_w b o d o m ]_w
[_w d u ʃ ɛ ]_w
[_w p u t o v a d ]_w
[_w s t a tʃ i l o ]_w
[_w ʃ i v o d ]_w
[_w ɦ o ɟ iː ]_w
[_w m z d a ]_w
[_w ts ɛ l k u ]_w
[_w p o s n a d ]_w
[_w n ɛ v i ɟ iː m ɛ ]_w
[_w v iː t a j uː ]_w
[_w tʃ t v r t ɛ ɡ ]_w
[_w r ɛ v o l u ts ɛ ]_w
[_w v aː z ɛ ]_w
[_w j i ʒ ɲ iː ]_w
[_w s p o r̝ i ts iː ]_w
[_w d r a ɟ i d ]_w
[_w p o ɡ o j ]_w
[_w b r a t ]_w
[_w n ɛ m u s iː m ]_w
[_w x i p a ]_w
[_w p r̝ iː r o t a l ]_w
[_w m ɛ n u ]_w
[_w v a r i a n t i ]_w
[_w p o l o f i ]_w
[_w ɟ ɛ l a l a ]_w
[_w ɦ o t ɲ ɛ ]_w
[_w t ts ɛ r u ]_w
[_w ɦ o d ɛ l i ]_w
[_w s a p iː v a t ]_w
[_w v a ʃ iː ]_w
[_w ʒ ɛ z ɟ i ɛ ]_w
[_w v ɛ n ]_w
[_w k o n ts ɛ m ]_w
[_w ʒ i j iː ]_w
[_w s m j ɛ ɲ i d ]_w
[_w m l a t ʃ iː ]_w
[_w z d a ʃ ɛ ɲ iː m ]_w
[_w j i n i ]_w
[_w p o d ]_w
[_w z a p iː v a l iː ]_w
[_w p r a v i d ]_w
[_w ɦ a v l a ]_w
[_w p r o s c ɛ j i ]_w
[_w p r a ts o v a t ]_w
[_w ɟ i s ]_w
[_w r̝ iː c i t ]_w
[_w t ɛ l ɛ v o n ]_w
[_w t r̝ iː v ɛ ]_w
[_w s k v j ɛ l ɛ ]_w
[_w n a p iː d n ɛ ]_w
[_w m n o ɦ o ]_w
[_w b a k ]_w
[_w b r i n ts i b u ]_w
[_w c i p i ]_w
[_w p r ou z a ]_w
[_w d l u ɦ ]_w
[_w r o z m j ɛ r i ]_w
[_w d o b u ]_w
[_w l iː z t k i ]_w
[_w k o r u p ts ɛ ]_w
[_w v i d v o r̝ i t ]_w
[_w m a j i ]_w
[_w t o b ɛ ]_w
[_w v j ɛ ts iː ]_w
[_w o p l a z d ]_w
[_w r̝ ɛ k l a m i ]_w
[_w s a l o ʒ i l ]_w
[_w v ɲ i d r̝ ɲ iː ]_w
[_w m o j i ]_w
[_w s n a ɦ u ]_w
[_w b r̝ iː r o t a ]_w
[_w s n aː m iː x ]_w
[_w u d r ʒ ɛ d ]_w
[_w v s t i ]_w
[_w s l i ʒ ɛ d ]_w
[_w s m j ɛ r ɲ ɛ ]_w
[_w v o d o ]_w
[_w ɦ l a v ou ]_w
[_w o t ts ɛ ]_w
[_w ɟ i t o ]_w
[_w o b j ɛ ɟ i n i ]_w
[_w b r̝ ɛ s ɛ n ]_w
[_w s ou d u ]_w
[_w n o k i a ]_w
[_w tʃ ɛ s k iː x ]_w
[_w v o t i ]_w
[_w v l a z d ]_w
[_w b r aː ts i ]_w
[_w t u ʒ a n ]_w
[_w z b o j ɛ ɲ iː ]_w
[_w p l aː n ]_w
[_w s m ɛ ]_w
[_w k t i b i x ]_w
[_w r a d a ]_w
[_w k o l f ]_w
[_w v l o ʒ ɛ n o ]_w
[_w d r̝ ɛ b a ]_w
[_w d r̝ ɛ c iː ]_w
[_w s iː c ]_w
[_w p o l ɛ s c i ]_w
[_w p j ɛ ʃ iː ʃ ]_w
[_w v o l ɛ p ]_w
[_w o z t a d ɲ ɛ ]_w
[_w r o s p j ɛ x ]_w
[_w s n aː m i ]_w
[_w b r o j iː t ]_w
[_w d r a ʒ ɲ ɛ ]_w
[_w z t r a v iː ]_w
[_w d a ɡ o v a t ]_w
[_w p r o t ɛ j iː t ]_w
[_w m ɦ t ]_w
[_w ɛ v a ]_w
[_w s l ou ʒ iː ]_w
[_w z d a r t u ]_w
[_w d a ɡ o v iː ]_w
[_w s ɛ r v i z ]_w
[_w z t u d ɛ n t o ]_w
[_w m iː s ɟ ɛ ]_w
[_w k t i z i ]_w
[_w a tʃ k o l i k ]_w
[_w s k u b i ɲ ɛ ]_w
[_w b i t i ]_w
[_w j ɛ v iː ]_w
[_w s p uː s o b i ]_w
[_w p o tʃ ɛ t ]_w
[_w o t aː z k a ]_w
[_w p o m j ɛ ]_w
[_w d aː v a j iː ]_w
[_w ɦ o ɟ i t ]_w
[_w ʃ i v o t u ]_w
[_w v ʒ a k ]_w
[_w d n ɛ x ]_w
[_w d r ɛ z a ]_w
[_w n aː z o r u ]_w
[_w ɦ o ɟ i n i ]_w
[_w z n aː m aː ]_w
[_w k o l ɛ ɲ iː ]_w
[_w z d r a ɲ ɛ ]_w
[_w d o b i z ]_w
[_w p a r t n ɛ r ]_w
[_w m a z a r i k ]_w
[_w t v a ]_w
[_w ts o k o l i v ]_w
[_w ɦ o t n o t a ]_w
[_w p l a t ɛ k ]_w
[_w p o r a t n i ]_w
[_w d r o x u ]_w
[_w s l o ʒ i t ɛː ]_w
[_w b r o d u k d u ]_w
[_w tʃ ɛ z k ɛː ]_w
[_w d a ɲ iː ]_w
[_w d uː m ]_w
[_w b o r a c i d ]_w
[_w l i d s t v iː ]_w
[_w o t k u d ]_w
[_w s t i k ]_w
[_w n o v i n a ]_w
[_w z a s ɛ ]_w
[_w f o d i ]_w
[_w t a k t o ]_w
[_w r̝ ɛ tʃ ɛ n o ]_w
[_w s p o j ɛ ]_w
[_w ɲ i x ʒ ]_w
[_w uː tʃ a z d ]_w
[_w ɟ ɛ z ɲ ɛ ]_w
[_w j ɛ z ɟ iː ]_w
[_w v a ɟ iː ]_w
[_w p r a v ou ]_w
[_w v aː s i ]_w
[_w p r̝ ɛ s n u ]_w
[_w d ɛ s ɛ c i ]_w
[_w s ou p o r uː ]_w
[_w p o ɡ l ɛ s ]_w
[_w v s ɦ uː r u ]_w
[_w v i s o k ou ]_w
[_w t ɛ t i ]_w
[_w v i ʃ ʃ iː ]_w
[_w o k a m ʒ i ɟ ɛ ]_w
[_w v i r m j ɛ ]_w
[_w v j ɛ d i ]_w
[_w p ɛ ɲ iː ]_w
[_w b r̝ iː k l a t ]_w
[_w r i s i k a ]_w
[_w d uː k a s i ]_w
[_w ɦ i s t o r i ]_w
[_w ɛ v ɛ k d ]_w
[_w z d r aː ts iː ]_w
[_w f i n aː x ]_w
[_w n a p a t l o ]_w
[_w m o ʒ n o z t ]_w
[_w p uː j tʃ k i ]_w
[_w p ɛ tʃ l i v j ɛ ]_w
[_w p o ɦ ɛ m i a ]_w
[_w d o b r iː ]_w
[_w ʒ i v o d ɲ ɛ ]_w
[_w s p iː ʒ ]_w
[_w t aː t ]_w
[_w p r v ɛː ]_w
[_w tʃ ɛ ʒ i ]_w
[_w p a n u ]_w
[_w v aː ʒ ɲ ɛ ]_w
[_w d a d ]_w
[_w n ɛ s m i s l u ]_w
[_w u v a ʃ o v a d ]_w
[_w n ɛu s t aː l ɛ ]_w
[_w j a k u p ]_w
[_w d r u ɦ ɛː ]_w
[_w p o j ]_w
[_w v i z d a v ]_w
[_w r o k ɛ m ]_w
[_w p a v iː ]_w
[_w n ɛ j d ɛ ]_w
[_w s t a v b u ]_w
[_w m a n ʃ ɛ l k a ]_w
[_w p o m j ɛ r ɲ ɛ ]_w
[_w p r̝ ɛ t ]_w
[_w s a tʃ n ou ]_w
[_w r o b ɛ r a ts ɛ ]_w
[_w p r a ʒ s k iː ]_w
[_w ɦ n u c iː ]_w
[_w z v o b o t a ]_w
[_w r ɛ ʒ i m u ]_w
[_w ʃ p a t n ɛː ]_w
[_w b i z ]_w
[_w b i s n i s ]_w
[_w s n a k uː ]_w
[_w ɦ o d ]_w
[_w p o b i z ]_w
[_w z iː l i ]_w
[_w d ɛ s ɛ t ]_w
[_w j d u ]_w
[_w d o b o s u d ]_w
[_w s uː s t a l ɛ ]_w
[_w b i t l ɛ ɲ iː ]_w
[_w ɛ k i p t ]_w
[_w d o m o v ]_w
[_w ɟ iː v a t ]_w
[_w ɲ ɛ k d ɛ r̝ iː ]_w
[_w p r a ts o v a l ]_w
[_w c i s k a ]_w
[_w s v i ʒ u j ɛ ]_w
[_w n ɛ v i c ɛ ɲ iː ]_w
[_w j a z n ɛː ]_w
[_w o s o b u ]_w
[_w v o l ɛ b ]_w
[_w b r o tʃ ]_w
[_w s t r a v i d ]_w
[_w m o b i l ɲ iː ]_w
[_w b l o k ]_w
[_w n aː r uː z t ]_w
[_w z d o j iː d ]_w
[_w s t a r aː ]_w
[_w o b l a z ɟ i ]_w
[_w j i ʒ ]_w
[_w k r aː d ts ɛ ]_w
[_w ts iː l ɛ m ]_w
[_w n a j ɛ f o ]_w
[_w k t ɛ r iː x ]_w
[_w z l o ʒ k a ]_w
[_w s l o v i ]_w
[_w s t aː t i ]_w
[_w c ɛ l a t ]_w
[_w n a b j ɛ ɟ iː ]_w
[_w p o d p o r i ]_w
[_w k o n d a k t i ]_w
[_w ɛ m i s ɛ ]_w
[_w c i b i ]_w
[_w ɲ iː ʒ ɛ ]_w
[_w s ou d k i ɲ ɛ ]_w
[_w p r̝ ɛ d n o m u ]_w
[_w f i ʃ l o ]_w
[_w o p r o ɟ i tʃ uː ]_w
[_w n ɛ j d r̝ iː v ɛ ]_w
[_w ɦ o n d a k d i ]_w
[_w d r a ɦ ɛː ]_w
[_w ɡ r aː d ts ɛ ]_w
[_w t r aː b iː ]_w
[_w r ɛ t a k ts ɛ ]_w
[_w z t a r ʃ iː x ]_w
[_w r i x l ɛ j i ]_w
[_w r̝ ɛ k l a d uː ]_w
[_w s ɛ o ]_w
[_w r u b r i k a ]_w
[_w p o d aː ɲ iː ]_w
[_w j a z i k i ]_w
[_w z ɛ t ]_w
[_w r o s ɦ o v o r ]_w
[_w b o l i c i ts i ]_w
[_w d ou r ]_w
[_w o t ɛ v r̝ ɛ ɲ ɛ ]_w
[_w j ɛ s t l i n i ]_w
[_w p j ɛ k n iː ]_w
[_w f l a s t ɲ ɛ ]_w
[_w v iː n o s ]_w
[_w t ɛ l ɛ f i s ɛ ]_w
[_w p o v ɛ d l ɛ ]_w
[_w b o d r̝ ɛ p i ]_w
[_w s p r aː v j ɛ ]_w
[_w p a t ɛ s aː t ]_w
[_w s ɲ iː ]_w
[_w b i s t ɛ ]_w
[_w t a k ʒ ɛ ]_w
[_w r ɛ a k ts ɛ ]_w
[_w p a r v u ]_w
[_w ɦ r a j iː ]_w
[_w r o z ɟ ɛ ]_w
[_w d i d o ]_w
[_w r o z d o j ɛ ]_w
[_w n a ʃ ɛ l ]_w
[_w l iː z d k i ]_w
[_w b l ɛ s k ]_w
[_w n ɛ s m iː ]_w
[_w z p o r i ]_w
[_w m i r o s l a t ]_w
[_w n ɛ b a t a t ]_w
[_w s t a v i t a t ]_w
[_w v z d a ɦ uː ]_w
[_w f l aː d a ]_w
[_w k o n t a k d i ]_w
[_w t o s t a d ]_w
[_w s ɛ r v i s ]_w
[_w z a l o ʒ i t ]_w
[_w n ɛ m uː ʒ ɛ ]_w
[_w z d u d ɛ n d o ]_w
[_w l a b ɛ m ]_w
[_w z t r a x u ]_w
[_w z ɛ l ɛ n ɛː ]_w
[_w u ɟ ɛ l a t ]_w
[_w j ɛ s t ]_w
[_w d o d a z ]_w
[_w p i v o ]_w
[_w l i s t uː ]_w
[_w tʃ iː ɲ ɛ ]_w
[_w t ɛ t ]_w
[_w ts o s i ]_w
[_w ɲ i k o l i k ]_w
[_w p r a d ]_w
[_w p ɛ n z ɛ ]_w
[_w p o z d u b i ]_w
[_w z k u b i ɲ ɛ ]_w
[_w ɲ ɛ k o l i v ]_w
[_w s n a tʃ ɛ k ]_w
[_w ɟ i v a d l a ]_w
[_w n ɛ m aː m ]_w
[_w ʒ k o l ɛ ]_w
[_w o b l a s t ɛ x ]_w
[_w ɦ u t ɛ b ɲ iː ]_w
[_w p r o t u k d u ]_w
[_w k a ʒ d ɛː m u ]_w
[_w d u ɟ iː ʒ ]_w
[_w p i c ]_w
[_w l iː p ]_w
[_w a ɲ i ʒ ]_w
[_w s l i ʃ ɛ ]_w
[_w o b aː l k a ]_w
[_w p l n aː ]_w
[_w r aː ɟ i t ]_w
[_w b r o z iː ]_w
[_w n a ɟ ɛ j ɛ ]_w
[_w k o n ɛ ts ]_w
[_w uː tʃ ɛ d ]_w
[_w v r a n ts i i ]_w
[_w s aː m j ɛ r i ]_w
[_w n ɛ k t o r u ]_w
[_w b o s o r ]_w
[_w r aː m ts i ]_w
[_w j ɛ d n o ]_w
