[_w b a d̪ ɾ e s ]_w
[_w e s t̪ a ]_w
[_w s i e m b ɾ e ]_w
[_w b a ʎ e ]_w
[_w a ɾ b o n ]_w
[_w k a d̪ e t̪ ɾ a ]_w
[_w p a p o ɾ ]_w
[_w k a ɾ k a ]_w
[_w o ɾ i h e n o ]_w
[_w i n t̪ i ]_w
[_w o k a ɾ ]_w
[_w a n a ]_w
[_w k o n o s e ɾ ]_w
[_w h u l i o ]_w
[_w e n b o l b e ]_w
[_w p i d̪ a ]_w
[_w m a n a ]_w
[_w a k o ɾ t̪ e s ]_w
[_w p ɾ i m e ɾ ]_w
[_w m e s e t̪ a ]_w
[_w a u n ]_w
[_w a b a n t̪ e s ]_w
[_w p ɾ a n ]_w
[_w t̪ ɾ e s ]_w
[_w ɾ e d̪ u s i ]_w
[_w s e ɾ i a l ]_w
[_w ts i n o s ]_w
[_w s o b ɾ a ]_w
[_w p u k a ]_w
[_w n u e s t̪ o ]_w
[_w d̪ i s k u ɾ o ]_w
[_w i b s ]_w
[_w p ɾ i n s i b a ]_w
[_w s i ɡ u e ɾ p o ]_w
[_w u ɾ b a n o ]_w
[_w p u e l b e ]_w
[_w o ɾ e h a ]_w
[_w u l t̪ i m o ]_w
[_w k a s t̪ i ɡ a ]_w
[_w a s t̪ a ]_w
[_w d̪ i b i d̪ i ]_w
[_w p u e n o ]_w
[_w ɾ e b e n s a ]_w
[_w e l i s a b e l ]_w
[_w l e ŋ u a h e ]_w
[_w p e ɾ t̪ ]_w
[_w a n a k ]_w
[_w t̪ a d̪ a ]_w
[_w d̪ o m a ɾ ]_w
[_w a s u l ]_w
[_w i s ɾ a e l i ]_w
[_w l i b e ɾ t̪ i ]_w
[_w l e ɡ t̪ o s ]_w
[_w p i s i o n ]_w
[_w a n n ]_w
[_w p a h a ]_w
[_w i n d̪ e ɾ a ]_w
[_w t̪ e b e n ]_w
[_w p a ɾ i a p l e ]_w
[_w p a b e l ]_w
[_w i d̪ ɾ o h e n o ]_w
[_w k u e n t̪ a l ]_w
[_w l u ts a ]_w
[_w d̪ u m p a ]_w
[_w k o ɾ a s ]_w
[_w l i b ɾ e ]_w
[_w b ɾ e ɡ u ɾ a ɾ ]_w
[_w s e ɲ a l ]_w
[_w t̪ i ɾ e k t̪ o s ]_w
[_w a ʎ a ]_w
[_w s i p ɾ e ]_w
[_w p o ɾ m a s ]_w
[_w t̪ u s m u ɡ ]_w
[_w s o l o m b i a ]_w
[_w k a ɾ o n ]_w
[_w p i ʎ b o a ɾ d̪ ]_w
[_w m a n d̪ o ]_w
[_w b o b ɾ e ]_w
[_w ɾ o s a ]_w
[_w m u s i ɡ ]_w
[_w d̪ e m a s ]_w
[_w s i e ɾ t̪ o ]_w
[_w p i i i ]_w
[_w u n o ]_w
[_w l a k o ]_w
[_w o u d̪ ]_w
[_w n o ɾ d̪ e s ]_w
[_w s i n k o ]_w
[_w e ts o s ]_w
[_w t̪ i a ]_w
[_w s u p ɾ e ]_w
[_w e s t̪ a k a n o ]_w
[_w u j a ]_w
[_w e s a s ]_w
[_w s o l o ]_w
[_w s a ɡ o ]_w
[_w b a t̪ a ʎ o n ]_w
[_w p o n e ]_w
[_w a n a s ]_w
[_w a n t̪ a ]_w
[_w k l o ɾ i a ]_w
[_w b u e n a ]_w
[_w s i n e ]_w
[_w s u e l o s ]_w
[_w p u e b l o ]_w
[_w p a m i l i o ]_w
[_w k a s a s ]_w
[_w k l a s e ]_w
[_w d̪ e s n u t̪ o ]_w
[_w k u i a ]_w
[_w h e n t̪ e ]_w
[_w t̪ i p i t̪ i d̪ o ]_w
[_w e h t̪ e n t̪ o ]_w
[_w l o ɡ o ]_w
[_w s i ɾ e n e s ]_w
[_w s a ŋ u d̪ ]_w
[_w b ɾ o e d̪ d̪ e n ]_w
[_w a l ɡ u n a ]_w
[_w s e k t̪ a ɾ e a ]_w
[_w k a l t̪ e ]_w
[_w n u e b a ]_w
[_w m e ɾ i k a ]_w
[_w e s p a s i b a ]_w
[_w u s t̪ e t̪ ]_w
[_w p e s t̪ o ]_w
[_w d̪ o m i n a s ]_w
[_w h u t̪ i o ]_w
[_w p e l i o ]_w
[_w ɾ u s o ]_w
[_w ɡ o l b o ]_w
[_w p ɾ e b a h a ]_w
[_w p ɾ o j e k t̪ o ]_w
[_w a l t̪ a s ]_w
[_w a l a ]_w
[_w k u l d̪ o ]_w
[_w e s t̪ a d̪ a ]_w
[_w k o n s e ]_w
[_w n e w ]_w
[_w a b i e ɾ n e s ]_w
[_w b i b e ]_w
[_w l a d̪ i k a ]_w
[_w o ɾ i ʎ a ]_w
[_w n o b i a s ]_w
[_w m a n t̪ u p o ]_w
[_w d̪ e s a ]_w
[_w l e o n ]_w
[_w l u s i o n ]_w
[_w a b a b o ɾ ]_w
[_w d̪ u m b u k ]_w
[_w t̪ ɾ o b i a ]_w
[_w b i n a ]_w
[_w a n k l a ]_w
[_w h o p e n e n o ]_w
[_w a s e ɾ a ]_w
[_w p o k a ]_w
[_w a ɾ t̪ i t̪ o ]_w
[_w a n d̪ ɾ e ]_w
[_w k ɾ e j e s ]_w
[_w a s i d̪ o ]_w
[_w p a j a n ]_w
[_w p a s i k o s ]_w
[_w s e ɡ u ɾ a ]_w
[_w a b ɾ o p i a ]_w
[_w u ɾ p a n a s ]_w
[_w l a t̪ i p a ]_w
[_w n o ts e ]_w
[_w p ɾ a k a s ]_w
[_w u s i k a ]_w
[_w p e ɾ l a s ]_w
[_w k o l o ɾ o s o ]_w
[_w o ɾ i e n t̪ a ]_w
[_w n a s i o n ]_w
[_w b e i s p o s a ]_w
[_w n u a j ]_w
[_w a m p u s l a o ]_w
[_w a ɾ a n k a ]_w
[_w s u p ɾ e m a ]_w
[_w o h a l a ]_w
[_w t̪ e h a ]_w
[_w a n t̪ i ɡ u l o ]_w
[_w m o d̪ i n ]_w
[_w e ɾ e d̪ a ]_w
[_w b e k e ɲ a ]_w
[_w e s p e h o ]_w
[_w s u a b e ]_w
[_w m i d̪ a t̪ ]_w
[_w d̪ o p ]_w
[_w ɾ e l a d̪ o ]_w
[_w k ɾ a s i a ]_w
[_w k u l d̪ u ɾ a ]_w
[_w p a ɾ e d̪ e ɾ a ]_w
[_w k l a ɾ a ]_w
[_w l e b ɾ a ]_w
[_w o e s t̪ e ]_w
[_w e n k a ]_w
[_w l o ɡ a ]_w
[_w b a s ]_w
[_w e s p i d̪ i ]_w
[_w m u n t̪ o s ]_w
[_w ts a l b a n j ]_w
[_w s e p i ʎ a ]_w
[_w s o n a s ]_w
[_w u l a n ]_w
[_w s i e n s a ɾ ]_w
[_w k ɾ a p i t̪ a ]_w
[_w s o l d̪ a ]_w
[_w w a d̪ ]_w
[_w t̪ e l a n t̪ o ]_w
[_w h i ɾ a ]_w
[_w o k u ɾ i o ]_w
[_w p e b ɾ e o ]_w
[_w a l ɡ o n ]_w
[_w p ɾ o k ɾ a ]_w
[_w k o s t̪ a o ]_w
[_w b o s e e ]_w
[_w t̪ ɾ i s i o ]_w
[_w p e n i k n o s ]_w
[_w s i e n t̪ o ]_w
[_w e h i d̪ o ]_w
[_w e h e m b l o ]_w
[_w k o ɾ d̪ s ]_w
[_w o p i n i o n ]_w
[_w a o ɾ a ]_w
[_w s u e l e ]_w
[_w a p a k a ]_w
[_w m a t̪ e ɾ a l ]_w
[_w p o ɾ t̪ e n a ]_w
[_w k a b a s ]_w
[_w h u t̪ i a ɾ i o ]_w
[_w b o ɾ t̪ o ]_w
[_w m i e n t̪ ɾ e ]_w
[_w p e d̪ s a i d̪ a ]_w
[_w t̪ a s a ]_w
[_w ɾ e s u l t̪ a ]_w
[_w ɡ o d̪ i s e ]_w
[_w s i s t̪ e m a ]_w
[_w p a b u j a ]_w
[_w t̪ ɾ a m o s o s ]_w
[_w b o p u l a ɾ ]_w
[_w t̪ i e m b ɾ e ]_w
[_w k o s e ts a ]_w
[_w m u s i ɡ a ]_w
[_w t̪ e s e a ]_w
[_w p a ɾ i a ]_w
[_w m e n o s ]_w
[_w a t̪ e m a s ]_w
[_w d̪ o t̪ a s ]_w
[_w m u h e ɾ ]_w
[_w p l a t̪ a ]_w
[_w e h t̪ e n d̪ o ]_w
[_w b u l u ɡ ]_w
[_w p i e s ]_w
[_w n u n k a ]_w
[_w e m b a ɾ ɡ a ]_w
[_w m o p e ]_w
[_w ɾ a s o n ]_w
[_w m o s t̪ ɾ a ]_w
[_w d̪ a s a s ]_w
[_w ɾ e h i o n e s ]_w
[_w k u j a s ]_w
[_w m a ɾ s a ʎ ]_w
[_w b l a d̪ o ]_w
[_w k ɾ u s ]_w
[_w t̪ e n i e ]_w
[_w m e d̪ ɾ o l a ]_w
[_w m u s i k a ]_w
[_w ʎ a b e ]_w
[_w a l u m n o s ]_w
[_w b a ɾ e d̪ a ]_w
[_w b i ɾ m i ]_w
[_w ɡ o n s e ]_w
[_w k a s t̪ o n ]_w
[_w m a s ]_w
[_w b l a n e t̪ e ]_w
[_w s e l e n ]_w
[_w k o m e d̪ i o ]_w
[_w b a d̪ ɾ e ]_w
[_w m i s m o s ]_w
[_w p l a n e s ]_w
[_w b ɾ o b i a ]_w
[_w l o t̪ o ]_w
[_w m i l e d̪ o ]_w
[_w m u s e o ]_w
[_w p i b e ]_w
[_w o d̪ ɾ a ]_w
[_w a ɾ a a l ]_w
[_w a t̪ u l t̪ o ]_w
[_w i d̪ e a ]_w
[_w p e k e ɲ a ]_w
[_w e s k ɾ i d̪ o ]_w
[_w s e k t̪ o ]_w
[_w s e ɡ u n ]_w
[_w h a p o n ]_w
[_w p a k o ]_w
[_w p a ɾ t̪ i t̪ o ]_w
[_w a b ɾ i l ]_w
[_w a ɾ m o n i m o ]_w
[_w k a m p o s ]_w
[_w p a n ]_w
[_w b e d̪ e ɾ n a ɾ ]_w
[_w e ɾ e d̪ e ɾ o ]_w
[_w l e j ]_w
[_w s e n t̪ ɾ a s ]_w
[_w p u e ɾ a ]_w
[_w l a t̪ i n a ]_w
[_w e n t̪ ɾ o l ]_w
[_w s i u d̪ a t̪ ]_w
[_w n o t̪ i s i a ]_w
[_w d̪ u ɾ a ]_w
[_w p e s o ]_w
[_w a s e ]_w
[_w s ts o o l ]_w
[_w p u b l i k o s ]_w
[_w h a i m e ]_w
[_w d̪ ɾ e s ]_w
[_w t̪ e l t̪ a ]_w
[_w o n ɾ a ]_w
[_w ɾ e ts a s o ]_w
[_w d̪ o ɾ e ]_w
[_w i k u a l e s ]_w
[_w s a d̪ a ]_w
[_w l o k a l ]_w
[_w k a ɾ n e ɾ o ]_w
[_w p ɾ e p a h a ]_w
[_w o m e n d̪ o ]_w
[_w a k t̪ o s ]_w
[_w e s p i k a t̪ o ]_w
[_w a b ɾ o b a ]_w
[_w k a s o l i n a ]_w
[_w s i l a ]_w
[_w k a l a s i k a ]_w
[_w o d̪ ɾ o s o ]_w
[_w p i p l i a ]_w
[_w e n o ɾ e s ]_w
[_w a l t̪ a d̪ o s ]_w
[_w h u d̪ a s ]_w
[_w p ɾ o d̪ u s i ]_w
[_w p ɾ a n k a ]_w
[_w k a m b i a ]_w
[_w k a n a ɾ i a s ]_w
[_w m a d̪ ɾ e ]_w
[_w u s a ]_w
[_w p o l s i ʎ o ]_w
[_w t̪ i s i a ]_w
[_w b ɾ e n d̪ a ]_w
[_w ɡ ɾ a b i o n ]_w
[_w h u t̪ i o s ]_w
[_w k a m e ]_w
[_w l e o b o l t̪ o ]_w
[_w ɾ e a l i t̪ a ]_w
[_w b u s u ɡ ]_w
[_w p e ts a ]_w
[_w a ɡ a b a ]_w
[_w p u e ɾ t̪ o ]_w
[_w u t̪ i l i m a n ]_w
[_w ɡ o m o ]_w
[_w l o ŋ h i t̪ u t̪ ]_w
[_w e s p a s i o n ]_w
[_w a s i a t̪ i ɡ a ]_w
[_w ɾ i n d̪ o ]_w
[_w b a i s e s ]_w
[_w d̪ e s t̪ ɾ a ]_w
[_w b e t̪ a ]_w
[_w i ɡ l e s i a ]_w
[_w p i s t̪ a t̪ i o ]_w
[_w l i t̪ e ɾ e n o ]_w
[_w k a n a ]_w
[_w i n k l u i a ]_w
[_w a u d̪ o b u s ]_w
[_w p o t̪ o s ]_w
[_w p i s t̪ i ]_w
[_w m a ɾ i n a ]_w
[_w m e h o ɾ e s ]_w
[_w l u i s ]_w
[_w t̪ e n t̪ i s i ]_w
[_w m u e ɾ t̪ o ]_w
[_w p e k e ɲ o s ]_w
[_w s a k i ɾ a ]_w
[_w k u e b a ]_w
[_w t̪ e m p l a s a ]_w
[_w s u s ]_w
[_w s u t̪ e s t̪ e ]_w
[_w p o s ]_w
[_w t̪ i ɾ e k t̪ a ]_w
[_w p u n t̪ o ]_w
[_w t̪ ɾ a b a s ]_w
[_w e k t̪ a ]_w
[_w b i e n ]_w
[_w o d̪ ɾ o ]_w
[_w d̪ a m a ɲ o ]_w
[_w p i s i ɡ o ]_w
[_w ɾ e t̪ u s i ]_w
[_w a b i e ɾ n o ]_w
[_w e s t̪ o ]_w
[_w t̪ e b e n t̪ e s ]_w
[_w a p a ɾ ]_w
[_w a ɾ t̪ e l ]_w
[_w n o ɾ e s ]_w
[_w p o s e e ]_w
[_w p i a h e ]_w
[_w p i s i o ]_w
[_w d̪ i ts o s ]_w
[_w p a ɾ i a s ]_w
[_w b e ɾ u a n o ]_w
[_w d̪ e p e ]_w
[_w n i ŋ u n a ]_w
[_w u m a n a ]_w
[_w i n s e n s i a ]_w
[_w p ɾ o m e t̪ e ]_w
[_w m u n d̪ i a ]_w
[_w p a i s e s ]_w
[_w m o n d̪ e ]_w
[_w ɡ o ɾ d̪ a ]_w
[_w h o n ]_w
[_w n o s ]_w
[_w t̪ e s a ]_w
[_w k ɾ a n i a ]_w
[_w s i e l o ]_w
[_w t̪ i s i a l ]_w
[_w a m e n a s ]_w
[_w s i e ɾ d̪ a ]_w
[_w k ɾ e s o ]_w
[_w k ɾ a d̪ u a s ]_w
[_w e s t̪ u d̪ i o ]_w
[_w s e n t̪ ɾ o s ]_w
[_w e b ɾ e ɾ o ]_w
[_w t̪ ɾ a s ]_w
[_w b ɾ i ʎ a ]_w
[_w u s a d̪ o ]_w
[_w ɡ a s a s ]_w
[_w p e s k a s a ]_w
[_w a k i ]_w
[_w a s u s d̪ a ]_w
[_w l o k ɾ o ]_w
[_w b a l a j a d̪ ]_w
[_w ɾ o m a n a ]_w
[_w b a b e l a ]_w
[_w e s t̪ e ]_w
[_w k a ɾ e j ]_w
[_w b u ɾ ɡ o s ]_w
[_w i b a ]_w
[_w h e n d̪ e ]_w
[_w ɡ ɾ e o ]_w
[_w a l e ɡ ɾ a ]_w
[_w h o n a s ]_w
[_w e s a ]_w
[_w p i s t̪ o ɾ b o ]_w
[_w p o l i d̪ i k o ]_w
[_w k ɾ a b o ]_w
[_w s u m i o ]_w
[_w k ɾ e a t̪ a ]_w
[_w ɡ a ɾ a ]_w
[_w p ɾ o p i k a ]_w
[_w m e s a ]_w
[_w k u l t̪ u ɾ a s ]_w
[_w a l k a n s e s ]_w
[_w k o n s i ɡ u i ]_w
[_w b a u h i t̪ a ]_w
[_w a s i d̪ a ]_w
[_w i k l e s i a ]_w
[_w b i a h a ]_w
[_w i n k l u j o ]_w
[_w d̪ e p o ɾ m a ]_w
[_w l o j o l a ]_w
[_w s i b ɾ i a n ]_w
[_w a d̪ e n t̪ o ]_w
[_w a p u j a ]_w
[_w m a n ]_w
[_w k o m e d̪ e ]_w
[_w k o l o n i a s ]_w
[_w k a b a ]_w
[_w ɡ u j o ]_w
[_w i s t̪ o ɾ i a ]_w
[_w p o ɾ ]_w
[_w a k t̪ o ɾ ]_w
[_w k o b i e ɾ n o ]_w
[_w d̪ ɾ o a s ]_w
[_w e ɾ o d̪ a ]_w
[_w a s u s t̪ a o ]_w
[_w ɡ a l a ]_w
[_w m a n t̪ a ]_w
[_w t̪ o p ]_w
[_w h e n e ɾ a d̪ o ]_w
[_w a n t̪ e ]_w
[_w ɾ a ŋ o ]_w
[_w b i l e s ]_w
[_w p ɾ i ʎ a ]_w
[_w s i d̪ u a n ]_w
[_w d̪ e l ]_w
[_w m u j ]_w
[_w ɡ o l o ɾ ]_w
[_w o ɾ a ]_w
[_w s e ɾ k a ]_w
[_w ʎ e k a ]_w
[_w m o ɾ a s ]_w
[_w a s u n t̪ o ]_w
[_w k u ɾ s o s ]_w
[_w b e s e ]_w
[_w a m i k a j ]_w
[_w p e ɾ ]_w
[_w m i e n s i o ]_w
[_w ʎ e k a n t̪ a ]_w
[_w a p l i k a ]_w
[_w k ɾ i a ]_w
[_w k a j o d̪ ]_w
[_w e s k o s ]_w
[_w b e s ]_w
[_w u p i k a d̪ a ]_w
[_w a m e ɾ i d̪ o ɾ ]_w
[_w ɾ e h i o ]_w
[_w i n k l u s o n ]_w
[_w p i h a ]_w
[_w s i e ɾ d̪ o ]_w
[_w l a ɾ ɡ a ]_w
[_w b l a n e s ]_w
[_w b a s t̪ o n ]_w
[_w e l e k s i o n ]_w
[_w k a l a ]_w
[_w t̪ a n t̪ e ]_w
[_w p a s i l ]_w
[_w s a k a ]_w
[_w w i ʎ i a m ]_w
[_w e ɾ e d̪ e ɾ a ]_w
[_w p o ɾ s a ]_w
[_w d̪ e ɾ s i o ]_w
[_w e s t̪ ɾ a ]_w
[_w t̪ o m a ɾ ]_w
[_w n i ŋ u n o s ]_w
[_w ɡ o n t̪ a ɾ ]_w
[_w e s p a ɲ o l ]_w
[_w m u s e o s ]_w
[_w k a n i a ]_w
[_w o p i n i ]_w
[_w p a m i l i a ɾ ]_w
[_w s e l u l a ɾ ]_w
[_w b i k u ɾ a o ]_w
[_w s t̪ a d̪ a ]_w
[_w p e ɡ a t̪ o ]_w
[_w o b i n i o n ]_w
[_w ʎ e ɡ o ]_w
[_w n e k ɾ o ]_w
[_w a b i b ]_w
[_w s i k n o ]_w
[_w a k u ɲ a ɾ ]_w
[_w a m o ɾ ]_w
[_w o t̪ i a n ]_w
[_w p o ɾ t̪ a n ]_w
[_w m a n e h a ]_w
[_w s o b e ɾ a d̪ o ]_w
[_w p i n a l ]_w
[_w k a l i d̪ a d̪ ]_w
[_w d̪ e s p u e s ]_w
[_w s e k u i t̪ a ]_w
[_w b a k e m o d̪ o ]_w
[_w p a ɾ t̪ i ]_w
[_w s e l u l a ]_w
[_w t̪ a a n ]_w
[_w a ɾ a n k o ]_w
[_w p e ɾ d̪ u ɾ a s ]_w
[_w a s e b t̪ o ]_w
[_w m i n e ɾ i a l ]_w
[_w n i ɲ o ]_w
[_w b a ɡ o ]_w
[_w ʎ e b a d̪ o ]_w
[_w l u n a ]_w
[_w u n i d̪ a ]_w
[_w a s i a s ]_w
[_w l e j t̪ e ]_w
[_w k a ɾ e d̪ ]_w
[_w s a l b i k a ]_w
[_w e n t̪ i d̪ o s ]_w
[_w k ɾ a d̪ o ]_w
[_w m i e l ]_w
[_w m e n o ]_w
[_w b o p ɾ e n d̪ e ]_w
[_w d̪ e n t̪ e ]_w
[_w h p i i i ]_w
[_w ɡ o b i a ]_w
[_w l e d̪ ɾ a s ]_w
[_w s a u l ]_w
[_w e m i s ]_w
[_w i b a n ]_w
[_w p u b l i k a ɾ ]_w
[_w t̪ i e ɾ a ]_w
[_w ʎ a n o s ]_w
[_w a l a b a ]_w
[_w k l e ɾ o ]_w
[_w d̪ a ɾ s o ]_w
[_w p a s a d̪ o ]_w
[_w s e m a n ]_w
[_w ɾ e s i b i l ]_w
[_w a i ɾ e ]_w
[_w ɾ i n t̪ i ]_w
[_w p a d̪ ɾ e s ]_w
[_w t̪ i o s ]_w
[_w ɡ o n s u m o ]_w
[_w s a b a ]_w
[_w d̪ i s e a ]_w
[_w a n u n s i a s ]_w
[_w a m o n ]_w
[_w d̪ i o h i d̪ o ]_w
[_w k ɾ e a o ]_w
[_w t̪ e m p l o ]_w
[_w p e s t̪ i l o ]_w
[_w e h e m b l o s ]_w
[_w ɾ i ɡ o ]_w
[_w s a b a d̪ o ]_w
[_w e l i a s ]_w
[_w h o b e ]_w
[_w l i t̪ e ɾ ]_w
[_w m e ɾ i k o ]_w
[_w e s k ɾ i b e ]_w
[_w p a k a n o ]_w
[_w d̪ a k i ]_w
[_w a m p o s ]_w
[_w a m b a l e s ]_w
[_w p u b l i k o ]_w
[_w e n l a s e ɾ ]_w
[_w b a ɾ a ]_w
[_w l a m b a l e s ]_w
[_w d̪ a n s e l a ]_w
[_w m i s m o ]_w
[_w e s t̪ i o n ]_w
[_w a h u n t̪ o ]_w
[_w k o p a ]_w
[_w m u ts o ]_w
[_w s i p i l e ]_w
[_w b ɾ o d̪ e s ]_w
[_w p u e b l o s ]_w
[_w p e m e n i n a ]_w
[_w u s t̪ e d̪ e s ]_w
[_w p e ɾ d̪ i ]_w
[_w b a m o s o s ]_w
[_w b o l b e ]_w
[_w ɡ o n d̪ ɾ a ]_w
[_w l a p a ]_w
[_w a n u a l e s ]_w
[_w d̪ i b i s i o ]_w
[_w ɡ a b i ʎ a ]_w
[_w l a ɡ o s ]_w
[_w k e b e k t̪ o ]_w
[_w h e p e ]_w
[_w i e ɾ o n ]_w
[_w b o n o ]_w
[_w b ɾ o k l a m o ]_w
[_w k a ʎ e ]_w
[_w a ɾ o j o s ]_w
[_w a ɾ t̪ i k u o ]_w
[_w d̪ e n o ]_w
[_w d̪ e ɾ s e ɾ o ]_w
[_w b o k o ]_w
[_w u m a n o ]_w
[_w m a l a p o ]_w
[_w b a j a n a ]_w
[_w o k u b a ]_w
[_w n u e b o ]_w
[_w b e s k a n s o ]_w
[_w n a s a ɾ ]_w
[_w b i ɡ t̪ i m a ]_w
[_w s i n t̪ a ]_w
[_w t̪ i a s ]_w
[_w o k t̪ u p ɾ e ]_w
[_w e s d̪ o ]_w
[_w ɾ o k a ]_w
[_w k u a n t̪ a ɾ ]_w
[_w s o l a ]_w
[_w m e t̪ i o ]_w
[_w h o s e p ]_w
[_w s e n s o ]_w
[_w ɾ e s i o ]_w
[_w o s k u ɾ o ]_w
[_w m i ɾ a ɾ ]_w
[_w s i m o n ]_w
[_w l a t̪ i n o ]_w
[_w s i u d̪ a t̪ o ]_w
[_w p a b a ]_w
[_w p i ʎ a ]_w
[_w k o m p l e ]_w
[_w u n i k o ]_w
[_w a l t̪ o ]_w
[_w s a l i ɾ ]_w
[_w a b u j ]_w
[_w s a l a s i a l ]_w
[_w a ɾ e a ]_w
[_w t̪ e s t̪ a b a o ]_w
[_w s o d̪ o m a s ]_w
[_w m i n a ɾ ]_w
[_w k o n d̪ ɾ o s a ]_w
[_w o ɾ k u ʎ o s o ]_w
[_w u p o ]_w
[_w a d̪ e n d̪ o ]_w
[_w p ɾ a n o ]_w
[_w a s e i t̪ u n a ]_w
[_w ɡ a p a ]_w
[_w i n k a ]_w
[_w k u i d̪ a ]_w
[_w a u m e n d̪ a ]_w
[_w s e ɲ a d̪ o ɾ ]_w
[_w s e ɾ ɡ a d̪ o ]_w
[_w a ɾ e s t̪ a d̪ o ]_w
[_w o l e ]_w
[_w p i s a j a s ]_w
[_w d̪ o t̪ a s i o n ]_w
[_w d̪ e b e ]_w
[_w s i l e n a ]_w
[_w k a n t̪ o ]_w
[_w a b ɾ e n d̪ e ]_w
[_w s a p o ɾ ]_w
[_w a ɡ a ɾ ]_w
[_w p a l a b a ]_w
[_w k a d̪ a ]_w
[_w s e n d̪ i o ]_w
[_w m a i s ]_w
[_w a b a h o s ]_w
[_w n o d̪ i s i o n ]_w
[_w h e s u ]_w
[_w n a s a ]_w
[_w p e ɾ m i d̪ e ]_w
[_w h p i ]_w
[_w e s k u a ]_w
[_w ɡ o s a ]_w
[_w ts i n o ]_w
[_w ɾ e k u ɾ a ]_w
[_w u s i k o s ]_w
[_w e h p ɾ e s e ɾ ]_w
[_w a l e m a n a ]_w
[_w u p a n ]_w
[_w d̪ i a ]_w
[_w b a b j ]_w
[_w d̪ u b o ]_w
[_w l a s a ]_w
[_w a k u s a d̪ o ]_w
[_w a n s i o n ]_w
[_w k o n t̪ a d̪ o s ]_w
[_w e d̪ i b o ]_w
[_w p a i s a h e ]_w
[_w t̪ ɾ o p a ]_w
[_w t̪ i a ŋ u e ]_w
[_w m e ɾ k a ]_w
[_w k o l b o ]_w
[_w p i d̪ a l i a ]_w
[_w b u d̪ i e n e s ]_w
[_w s e ɡ u i t̪ o ɾ ]_w
[_w s e n s i o n ]_w
[_w k o n t̪ a b a ]_w
[_w a l a p a n t̪ a ]_w
[_w e l i m i t̪ e ]_w
[_w k o ɾ t̪ e n e ]_w
[_w i n t̪ e ɾ a ]_w
[_w m a j o ɾ ]_w
[_w t̪ i e n t̪ a l ]_w
[_w t̪ i e n t̪ o ]_w
[_w ɡ ɾ a s o n ]_w
[_w t̪ e s t̪ a s ]_w
[_w o l a s ]_w
[_w e ɾ a ]_w
[_w d̪ a j a b a s ]_w
[_w p o l i s t̪ a s ]_w
[_w s u p l i k a ]_w
[_w h u e s ]_w
[_w k l i m a ]_w
[_w ɡ a n a l t̪ o ]_w
[_w s i e n s i a s ]_w
[_w p u n s i o ]_w
[_w d̪ i o s ]_w
[_w a l u m b i a ɾ ]_w
[_w i n i s i o n ]_w
[_w b ɾ o p i o s ]_w
[_w k a m b o ]_w
[_w o s k a ɾ ]_w
[_w a m a s ]_w
[_w a n d̪ e n e ]_w
[_w b a ɾ e s ]_w
[_w b a s i ]_w
[_w d̪ e s t̪ e ]_w
[_w k a l a s ]_w
[_w n e ɡ ɾ o ]_w
[_w ʎ e ɡ a d̪ o ɾ ]_w
[_w o b h e t̪ o ]_w
[_w e ɾ o t̪ i a n ]_w
[_w m e t̪ i s i a l ]_w
[_w n i n o ]_w
[_w p o t̪ a s ]_w
[_w b l o h o ]_w
[_w p ɾ e n t̪ a ]_w
[_w p o l ]_w
[_w p u d̪ i s a ]_w
[_w e n d̪ e ]_w
[_w t̪ e u d̪ a ]_w
[_w t̪ o n ]_w
[_w d̪ e ɾ e s ]_w
[_w p o d̪ e ]_w
[_w d̪ ɾ a b a h o ]_w
[_w d̪ i e ɾ o n ]_w
[_w e s t̪ i b a ]_w
[_w b u b l i ɡ a ɾ ]_w
[_w d̪ e ɾ m i d̪ e ]_w
[_w a p i s a ]_w
[_w d̪ a l e s ]_w
[_w s i d̪ o n ]_w
[_w a s e ɡ u ɾ s o ]_w
[_w t̪ u ɾ i s m o ]_w
[_w p i e d̪ ɾ a ]_w
[_w a ʎ i ]_w
[_w a s a m p l e a ]_w
[_w l a m a ]_w
[_w s e ɾ k a n o ]_w
[_w s a ŋ u i a ]_w
[_w e k u a d̪ ɾ o ]_w
[_w k i m i ɡ o ]_w
[_w e s k o n d̪ e s ]_w
[_w p e n d̪ i o ]_w
[_w ɾ o k a s i ]_w
[_w e n t̪ o s ]_w
[_w p u d̪ o ]_w
[_w m a d̪ a n ]_w
[_w o b ɾ e ]_w
[_w p e s a s ]_w
[_w k a m i n a ]_w
[_w t̪ e m a s ]_w
[_w o n e ]_w
[_w b i l i b i n a ]_w
[_w n a s i o ]_w
[_w t̪ o l o ɾ a o ]_w
[_w ɾ e ɡ l a m a ]_w
[_w ɾ i d̪ u ]_w
[_w p o n ]_w
[_w ɡ ɾ u s ]_w
[_w n i ɲ a ]_w
[_w t̪ e s n u t̪ o ]_w
[_w k ɾ u p o ]_w
[_w i n t̪ u ɾ a ]_w
[_w p e l e s ]_w
[_w k o n t̪ a n a o ]_w
[_w s i b i ]_w
[_w p i b a ]_w
[_w t̪ e s i d̪ e ]_w
[_w p o t̪ e ɾ n a ]_w
[_w d̪ u j a n ]_w
[_w d̪ e p i o ]_w
[_w ɡ o m e ]_w
[_w w o ɾ l t̪ ]_w
[_w p i b ]_w
[_w ɾ a d̪ i o ]_w
[_w m a o ]_w
[_w e k o n o s e ]_w
[_w b e n t̪ i t̪ o ]_w
[_w s i ɾ b e n ]_w
[_w ɾ e k l a ]_w
[_w p ɾ e m i o ]_w
[_w ɾ e s o ]_w
[_w p ɾ o b e s ]_w
[_w b a ɾ i a s ]_w
[_w e t̪ u a ɾ t̪ a ]_w
[_w ɾ i o s o ]_w
[_w o p e p ]_w
[_w p i e n e ]_w
[_w e s k ɾ i p i o ]_w
[_w k u a l ]_w
[_w s u b i ]_w
[_w l e d̪ ɾ a ]_w
[_w b ɾ o s e s o s ]_w
[_w ɡ u n a s ]_w
[_w d̪ u ɾ i s m o ]_w
[_w e s p i ɾ i t̪ u ]_w
[_w p a i s ]_w
[_w i i i ]_w
[_w p i ɾ m a s ]_w
[_w k a n a m o n ]_w
[_w a p ɾ o p e ts a ]_w
[_w b i l a ɾ ]_w
[_w d̪ i e s ]_w
[_w s a n ]_w
[_w ɡ a m a ]_w
[_w m u ts a s ]_w
[_w a p e n i t̪ o ]_w
[_w l o ŋ h i t̪ u d̪ ]_w
[_w e s t̪ i l o ]_w
[_w l o n d̪ ɾ a s ]_w
[_w ʎ e ɡ a ɾ ]_w
[_w ɾ e t̪ ]_w
[_w s a l u d̪ ]_w
[_w s e ɲ a d̪ o ]_w
[_w k a i p a s ]_w
[_w h o b e n e ]_w
[_w i h o ]_w
[_w n i k o ]_w
[_w a l ɡ a n s a ]_w
[_w a ɾ a p e ]_w
[_w d̪ o m o ]_w
[_w a ɾ m a d̪ a s ]_w
[_w b a b e l ]_w
[_w p e s a ɾ ]_w
[_w m i n e ɾ o ]_w
[_w k l u b ]_w
[_w a e ɾ e a ]_w
[_w b a d̪ a ]_w
[_w b a ɾ a o ]_w
[_w m a n t̪ o ]_w
[_w k o ɾ t̪ e s ]_w
[_w d̪ a l i a ]_w
[_w s o l i n a ]_w
[_w ɾ u m o ɾ e s ]_w
[_w a k a ]_w
[_w k o l u m p ɾ a ]_w
[_w t̪ ɾ e s e ɾ ]_w
[_w e n b u e l b e ]_w
[_w t̪ i b e ɾ t̪ i ]_w
[_w s a l b i ɡ a ]_w
[_w m a d̪ a ]_w
[_w a s p e ]_w
[_w e s o s ]_w
[_w k u i n t̪ a ]_w
[_w k e m a ]_w
[_w b e t̪ l e e m ]_w
[_w s o n ]_w
[_w t̪ o s ]_w
[_w h e ɾ s i o ]_w
[_w k i e b ]_w
[_w k o n d̪ u k t̪ o ]_w
[_w u n i d̪ o ]_w
[_w p a l o ɾ ]_w
[_w n o p i a ]_w
[_w p o m b i a ]_w
[_w k e ɾ e ɾ ]_w
[_w e s t̪ a s ]_w
[_w p u e l o s ]_w
[_w u s t̪ e d̪ ]_w
[_w d̪ a p a ]_w
[_w i n k l u i ɾ ]_w
[_w k a b i ʎ a ]_w
[_w p a t̪ a ʎ o n ]_w
[_w i h a ]_w
[_w p e ɾ n a ]_w
[_w e s t̪ a t̪ o ]_w
[_w k o l o n i a ]_w
[_w p i a ŋ ]_w
[_w t̪ e l u b i o ]_w
[_w b a l a j a ]_w
[_w a j u n a ]_w
[_w i ŋ l e s ]_w
[_w a b ɾ i a n ]_w
[_w t̪ i ɾ i h i o ]_w
[_w i n o s ]_w
[_w d̪ ɾ o b i a ]_w
[_w p a ɡ a ]_w
[_w p e ɾ t̪ o ]_w
[_w h a b o n ]_w
[_w b l a m e n ]_w
[_w e s t̪ a d̪ o s ]_w
[_w k o l p o s ]_w
[_w k o n s o ]_w
[_w i n t̪ e s k a o ]_w
[_w s i l i s o ]_w
[_w k i m i k o s ]_w
[_w b u e n ]_w
[_w ɾ e b l e h a ]_w
[_w p i s t̪ a ]_w
[_w ɾ e s e ]_w
[_w ɾ o m a ]_w
[_w t̪ e b e n t̪ o s ]_w
[_w p a s o s ]_w
[_w b e ɾ m i n a ɾ ]_w
[_w p i e s a ]_w
[_w p l a s e ɾ a ]_w
[_w a l e ɡ ɾ e ]_w
[_w l u ɡ u d̪ ]_w
[_w k o m p o n e ]_w
[_w s e n t̪ e ]_w
[_w n a b a l ]_w
[_w d̪ i b i ɡ o ]_w
[_w a u h e ]_w
[_w d̪ a t̪ a ]_w
[_w a b l a d̪ o s ]_w
[_w p e n d̪ i s i a ]_w
[_w s i m e o n ]_w
[_w k a e ]_w
[_w u n i t̪ o ]_w
[_w h o s e ]_w
[_w p e ŋ a ]_w
[_w b a ɾ i a ]_w
[_w ɾ u s s e ʎ ]_w
[_w l i p e ]_w
[_w b u b l i k a ]_w
[_w ɡ ɾ a n ]_w
[_w l a d̪ i t̪ u t̪ ]_w
[_w ɾ e s t̪ e ]_w
[_w a ɾ t̪ i d̪ o ]_w
[_w ɡ a s e ɾ ]_w
[_w e l i m i t̪ a ]_w
[_w o t̪ ɾ o s ]_w
[_w t̪ e b i d̪ a ]_w
[_w p a l o ]_w
[_w a ŋ h e l e s ]_w
[_w s e l e b a n ]_w
[_w n o m b ɾ e ]_w
[_w n a d̪ i o ]_w
[_w p ɾ o d̪ u s i ɾ ]_w
[_w p e l o ]_w
[_w k a s t̪ i m a ]_w
[_w l o s o b o ]_w
[_w k a ɾ a p e s a ]_w
[_w k u i d̪ o ɾ ]_w
[_w d̪ ɾ i b u n a l ]_w
[_w k o n b i a ]_w
[_w e l e ]_w
[_w d̪ o d̪ a l ]_w
[_w m a ɾ i d̪ o ]_w
[_w k u e n t̪ a h a ]_w
[_w s i ɾ k u l o ]_w
[_w t̪ e s i d̪ o ]_w
[_w ɾ e b a ɾ o n ]_w
[_w p a s o ]_w
[_w m u ɾ i ]_w
[_w b a ɡ a n o ]_w
[_w t̪ o ɡ t̪ o ɾ ]_w
[_w ɾ i n t̪ i a ]_w
[_w p a s k u a ]_w
[_w s u b e ɾ i a ]_w
[_w s u m i ]_w
[_w b o m b i a ]_w
[_w ts i n a ]_w
[_w a b i ɾ m a ]_w
[_w b e n t̪ i o ]_w
[_w ts i l e n o ]_w
[_w b o ɾ e s ]_w
[_w o ɾ i n o k o ]_w
[_w l o d̪ e ]_w
[_w m i ɾ a ]_w
[_w a u n k e ]_w
[_w s u s e t̪ i o s ]_w
[_w b e d̪ a n i a ]_w
[_w t̪ e s t̪ e ]_w
[_w k o l e h i t̪ o ]_w
[_w p u e n t̪ a s ]_w
[_w b a ɾ d̪ i s t̪ a ]_w
[_w t̪ u e ɲ o ]_w
[_w e d̪ k ]_w
[_w t̪ o ɾ n o ]_w
[_w a t̪ e n a s ]_w
[_w p e k a ]_w
[_w k a ɾ s i a ]_w
[_w o k a s i e n ]_w
[_w k u e ɾ a ]_w
[_w h u e k a ]_w
[_w e n t̪ o ]_w
[_w s i k l o ]_w
[_w k a ɾ ɡ a ]_w
[_w e k u a d̪ a s ]_w
[_w p u e ]_w
[_w h u n d̪ o ]_w
[_w ɾ e h i o n ]_w
[_w b ɾ o k ɾ a m a ]_w
[_w k a ɾ p o l e s ]_w
[_w t̪ a b a n t̪ a ]_w
[_w ɾ e k l a m a n ]_w
[_w a s i a ]_w
[_w ɾ e p o ɾ t̪ a ]_w
[_w ɡ a i b a s ]_w
[_w s i u d̪ a ]_w
[_w p a ɾ a o ]_w
[_w k ɾ a n ]_w
[_w k a m p u s ]_w
[_w m o n e d̪ a ]_w
[_w a k u s a t̪ o ]_w
[_w m e ɾ k a n o s ]_w
[_w k o m b l e h a ]_w
[_w o a s i s ]_w
[_w t̪ e p o ɾ d̪ a ]_w
[_w k a s o ]_w
[_w k a m p o ]_w
[_w k a ɾ ɡ o ]_w
[_w k o l o ɾ a o ]_w
[_w p a d̪ a ]_w
[_w e n ɾ i k e s a ]_w
[_w k u n a s ]_w
[_w a l i m e n ]_w
[_w e m p e s ]_w
[_w p ɾ o k l a m o ]_w
[_w d̪ e m b l o s ]_w
[_w e s p a t̪ a ]_w
[_w l o k o ]_w
[_w p e ɾ d̪ a d̪ ]_w
[_w e m p ɾ a ]_w
[_w k a ɾ m o n i o ]_w
[_w o i t̪ o ]_w
[_w d̪ o l ]_w
[_w m e d̪ a t̪ e s ]_w
[_w t̪ i s e a ]_w
[_w m e s ɡ l a p a ]_w
[_w p l a n d̪ e s ]_w
[_w ɾ o k k ]_w
[_w ɾ i ts a ɾ t̪ ]_w
[_w b u n t̪ a ]_w
[_w k e t̪ a ]_w
[_w k u l t̪ i b o s ]_w
[_w u n i k a s ]_w
[_w k o ɾ e ]_w
[_w p u e k o ]_w
[_w d̪ u ɾ o ]_w
[_w e ɾ a n o ]_w
[_w b i ɡ o ]_w
[_w i l a ]_w
[_w l i m b i a ]_w
[_w ts i l e n s i o ]_w
[_w h i i i ]_w
[_w k u a n t̪ a ]_w
[_w a l t̪ a t̪ ]_w
[_w a l p o n s o ]_w
[_w p e s e ]_w
[_w p ɾ e s a ]_w
[_w m u n t̪ i a l ]_w
[_w p o ɾ d̪ e s ]_w
[_w ɾ a i s e s ]_w
[_w s i d̪ i ]_w
[_w m a h i m o ]_w
[_w a s e t̪ i o ]_w
[_w t̪ i e n t̪ a ]_w
[_w l e t̪ i a ]_w
[_w p a ʎ e ]_w
[_w ɾ a m a i k ]_w
[_w e s p i ɾ i d̪ u ]_w
[_w l i m i t̪ a t̪ ]_w
[_w k o m u n ]_w
[_w ɾ e k u ɾ s o ]_w
[_w b u e ɾ d̪ o ]_w
[_w e n t̪ e ]_w
[_w p u e ɾ d̪ o n ]_w
[_w u b o ]_w
[_w s u e l e n ]_w
[_w e s k ɾ i b i ɾ ]_w
[_w a n i m a ]_w
[_w t̪ e p i o ]_w
[_w o k u ɾ e ]_w
[_w k a l t̪ e ɾ a l ]_w
[_w p o l u n t̪ a ]_w
[_w a l a t̪ ]_w
[_w ɾ o b a s ]_w
[_w t̪ i a ɾ ]_w
[_w d̪ i ɾ e ɡ t̪ o s ]_w
[_w s e b u ]_w
[_w m i n t̪ a ]_w
[_w a ɾ t̪ e ]_w
[_w e s p a ɲ o l a ]_w
[_w m a k a ]_w
[_w e l i m i n a ]_w
[_w a d̪ e m a s ]_w
[_w t̪ a l i a n o ]_w
[_w s u b ɾ e ]_w
[_w p i ɾ m i ]_w
[_w l u s o n ]_w
[_w s u l i a ]_w
[_w t̪ e s t̪ a ɾ ]_w
[_w p e n d̪ i t̪ o ]_w
[_w s u b ɾ i ɾ ]_w
[_w s u b e ɾ a n ]_w
[_w p ɾ o e d̪ d̪ e n ]_w
[_w a k s i o n ]_w
[_w m e n s o ]_w
[_w s i ɾ p e n ]_w
[_w m u ɾ i o ]_w
[_w m u s i ɡ o ]_w
[_w t̪ e b a n ]_w
[_w k o ɾ d̪ e ]_w
[_w d̪ e s i ɾ ]_w
[_w b u d̪ i s m o ]_w
[_w k a m a ɾ a ]_w
[_w k i e n ]_w
[_w ɾ e a l ]_w
[_w l u s o ]_w
[_w h e n t̪ e s ]_w
[_w b e k i n ]_w
[_w s u s e s o s ]_w
[_w d̪ ɾ e i n o ]_w
[_w i n p a s i ]_w
[_w p e ɾ i k a ]_w
[_w ɾ e s i p i k o ]_w
[_w a p o j o ]_w
[_w p a l e s ]_w
[_w e ŋ a ɲ o ]_w
[_w n o m b ɾ a d̪ o ]_w
[_w e s p e d̪ o ]_w
[_w s e ɾ i e ]_w
[_w a ɾ m a d̪ o ]_w
[_w ɾ a m o s a ]_w
[_w p a s a d̪ a ]_w
[_w k o l o ɾ e s ]_w
[_w s e i s ]_w
[_w a l a s i a s ]_w
[_w a ɾ t̪ a ]_w
[_w b a ɾ d̪ o ]_w
[_w ts ɾ i s t̪ e n ]_w
[_w e u ɾ o b e a ]_w
[_w a ɾ d̪ i s t̪ a ]_w
[_w t̪ a m a s ]_w
[_w s e n d̪ a ]_w
[_w p i n o ]_w
[_w i n d̪ e ]_w
[_w b ɾ e s e ]_w
[_w k u a j a n a ]_w
[_w e h i t̪ o ]_w
[_w o ɾ k a n o ]_w
[_w e ts a ]_w
[_w b a b o ɾ ]_w
[_w a u m e n d̪ a o ]_w
[_w d̪ i e n d̪ o s ]_w
[_w s e n t̪ o s ]_w
[_w p e n e ɾ h i a ]_w
[_w a k s e b t̪ a ]_w
[_w t̪ a ɾ l a ɡ ]_w
[_w a w a ɾ t̪ s ]_w
[_w s a l b a n j ]_w
[_w t̪ e h t̪ o s ]_w
[_w m o n a k a s ]_w
[_w m a n ts a ]_w
[_w l a n s o ]_w
[_w o ɾ a s o n e s ]_w
[_w m a k t̪ a n ]_w
[_w ɾ o p a s ]_w
[_w ɡ a ɾ s i a ]_w
[_w m a s i b a ]_w
[_w k o n s e h o s ]_w
[_w l a s ]_w
[_w d̪ o k a ]_w
[_w ɡ u l t̪ i b o s ]_w
[_w p ɾ e k u ɾ a o ]_w
[_w m i s m a ]_w
[_w s e ɾ p a s ]_w
[_w k u m p l i ]_w
[_w b i ɾ m a ]_w
[_w k o m p a ɲ i a ]_w
[_w l u e k o s ]_w
[_w p i e h a ]_w
[_w ɡ a n a ɾ i a ]_w
[_w l u k a s ]_w
[_w e s t̪ a t̪ o s ]_w
[_w t̪ ɾ a p i t̪ a l ]_w
[_w d̪ e h a ]_w
[_w a u d̪ e ]_w
[_w k a s i e n ]_w
[_w ɡ a t̪ a ]_w
[_w a u m e n t̪ a o ]_w
[_w k o l i n o ]_w
[_w t̪ u ɾ ɡ o ]_w
[_w s e ɾ p a ]_w
[_w e s t̪ u d̪ i a ɾ ]_w
[_w t̪ a l e ]_w
[_w k u l t̪ i m o n ]_w
[_w n i e b e ]_w
[_w a n u n s i o n ]_w
[_w t̪ e a t̪ ɾ o ]_w
[_w ɾ e i s ]_w
[_w n o ɾ t̪ e ]_w
[_w k o n t̪ a t̪ o ]_w
[_w l o h i k a n o ]_w
[_w p o n i t̪ o ]_w
[_w i s i e ɾ t̪ o s ]_w
[_w t̪ o l ]_w
[_w t̪ e s a ɾ ]_w
[_w ɾ a i s o ]_w
[_w h a p o n e ]_w
[_w e h e m p l o ]_w
[_w p e ɾ s e ]_w
[_w s u ɾ o e s t̪ e ]_w
[_w k a n a ɾ ]_w
[_w e k i p o ]_w
[_w s e ɾ ɡ a ]_w
[_w a n t̪ i a ]_w
[_w k o ɾ t̪ o b a ]_w
[_w p ɾ e s i o n ]_w
[_w b a ɾ i o ]_w
[_w p e n i d̪ o s ]_w
[_w p e j o n s e ]_w
[_w e s k u e l a s ]_w
[_w p a m o s a s ]_w
[_w s e ɾ i o ]_w
[_w k a s i ]_w
[_w ɾ e j ]_w
[_w s i e n ]_w
[_w a k o s ]_w
[_w p a l o m a ]_w
[_w d̪ e d̪ i ɡ a ]_w
[_w s u e ɾ t̪ o s ]_w
[_w s e ɾ ]_w
[_w t̪ ɾ i p u n a l ]_w
[_w ɾ e a l i s a ]_w
[_w k u a t̪ a s ]_w
[_w a ɾ o j o ]_w
[_w h u s k a ]_w
[_w k l o p o ]_w
[_w s i ɾ i a ]_w
[_w i n k l u i ]_w
[_w p i s t̪ o ]_w
[_w ɾ i o ]_w
[_w d̪ e s t̪ e b a n ]_w
[_w o b t̪ u p o ]_w
[_w t̪ a n s e s ]_w
[_w a n a ɡ ]_w
[_w k a p i t̪ a ]_w
[_w k a ɾ e s ]_w
[_w o m p ɾ e ]_w
[_w e h e ]_w
[_w d̪ a m b o s ]_w
[_w ʎ a n e d̪ a ]_w
[_w l i k a s ]_w
[_w a m a ]_w
[_w d̪ i ɾ e k t̪ o s ]_w
[_w a p i l i d̪ a ]_w
[_w d̪ e s t̪ a d̪ o ]_w
[_w s i e ɾ a ]_w
[_w k o s t̪ a s ]_w
[_w k u a l e s ]_w
[_w a ɾ m a s ]_w
[_w b i k t̪ o ɾ ]_w
[_w b a ɾ k e s ]_w
[_w p u k a l ]_w
[_w ɡ o l o ɾ o s o ]_w
[_w m e t̪ i a s ]_w
[_w p ɾ e s i o ]_w
[_w o u s e ]_w
[_w p ɾ o b a p l e ]_w
[_w m a n t̪ e ]_w
[_w t̪ e u d̪ a s ]_w
[_w ɾ i t̪ u a d̪ a s ]_w
[_w b a ɾ j u ]_w
[_w a s i e n ]_w
[_w e ʎ a s ]_w
[_w o t̪ ɾ o ]_w
[_w a ɾ b o l ]_w
[_w ʎ e ɡ a ]_w
[_w m a ɾ k a ]_w
[_w d̪ e m a ]_w
[_w h u ɾ a ]_w
[_w ɾ a b i k o s ]_w
[_w e s t̪ o s ]_w
[_w p l a n k o s ]_w
[_w s i p i ɾ ]_w
[_w m u ts a ]_w
[_w p a s e o ]_w
[_w a s u p ɾ i ɾ ]_w
[_w s o b ɾ a s ]_w
[_w a b e ]_w
[_w p o s t̪ o l ]_w
[_w ʎ e n a ]_w
[_w i s l a ]_w
[_w k a m b o k o ]_w
[_w o t̪ ɾ a s ]_w
[_w m e d̪ i a n ]_w
[_w d̪ a a n ]_w
[_w k u i t̪ o ]_w
[_w ɡ u e ɾ a n o s ]_w
[_w u l t̪ i m a ]_w
[_w s u b ɾ i ]_w
[_w l e k t̪ a s ]_w
[_w b l o ɾ ]_w
[_w t̪ i d̪ o ]_w
[_w a b e ɾ ]_w
[_w l i p i a ]_w
[_w p u e n o s ]_w
[_w p i s o ]_w
[_w b a m i l i a ]_w
[_w p e ɾ t̪ i d̪ a n ]_w
[_w a s e ɾ ]_w
[_w k o n d̪ a d̪ ]_w
[_w k o m b l e a ]_w
[_w s e k u n d̪ o ]_w
[_w a d̪ e m a ]_w
[_w m a l t̪ ɾ a t̪ a ]_w
[_w n a s a ɾ o n ]_w
[_w k a n e ]_w
[_w u m o ]_w
[_w d̪ i e k o ]_w
[_w l i n e a ]_w
[_w b a l i e n t̪ e ]_w
[_w d̪ i ɡ t̪ a ]_w
[_w m a s k o ]_w
[_w s u ɾ ]_w
[_w l o b e s i n o ]_w
[_w o d̪ ɾ o s ]_w
[_w p ɾ e b e ]_w
[_w o b i n i ]_w
[_w d̪ u k ]_w
[_w a n d̪ i ɡ u a s ]_w
[_w l e k t̪ o ]_w
[_w l a d̪ i n o ]_w
[_w d̪ i b i d̪ o ]_w
[_w a ɾ m a t̪ o ]_w
[_w k a d̪ e n t̪ o ]_w
[_w s u j o ]_w
[_w h u t̪ e a ]_w
[_w b u p l i ɡ a ]_w
[_w k a m b o s ]_w
[_w t̪ b t̪ ]_w
[_w b e t̪ o ]_w
[_w k a d̪ e ]_w
[_w a b e l e a ]_w
[_w p e ɡ a ]_w
[_w h i h ]_w
[_w d̪ i e ɾ a ]_w
[_w k o m e n a h e ]_w
[_w a b a ɾ d̪ e s ]_w
[_w n a n a ]_w
[_w ɾ o m a n o s ]_w
[_w m i ʎ o n e s ]_w
[_w s o l t̪ a o ]_w
[_w p a ɾ i o s o ]_w
[_w d̪ i b i k o ]_w
[_w p ɾ o m o p e ɾ ]_w
[_w m e t̪ ɾ o ]_w
[_w k l u b e s ]_w
[_w d̪ e ɾ m i d̪ i ]_w
[_w p u e ɾ ɡ o ]_w
[_w ɾ e s i a ]_w
[_w a m b o s ]_w
[_w d̪ i b i s i a ]_w
[_w k ɾ u s a ]_w
[_w i p e ɾ s i t̪ o ]_w
[_w k o n t̪ e ]_w
[_w t̪ a l a h i d̪ a ]_w
[_w t̪ e n i t̪ a ]_w
[_w b a s a h e ]_w
[_w e l e h i o n ]_w
[_w i s o ]_w
[_w a ɾ t̪ i ]_w
[_w t̪ e m b l o s ]_w
[_w t̪ a o ]_w
[_w s i s t̪ i ]_w
[_w s e t̪ e ]_w
[_w a j u d̪ a ]_w
[_w a t̪ o n n a ]_w
[_w t̪ ɾ i ɡ o ]_w
[_w l a b a ]_w
[_w ɾ i t̪ u ]_w
[_w i n i s t̪ ɾ o ]_w
[_w b i p l i a ]_w
[_w p a s a o ]_w
[_w ɾ e k ɾ e d̪ a ]_w
[_w k a b i d̪ a ]_w
[_w h u d̪ i a ]_w
[_w a b l a d̪ o ]_w
[_w i ŋ l e ]_w
[_w a e k ]_w
[_w s e ʎ o ]_w
[_w p u e n t̪ a ]_w
[_w t̪ o t̪ a s i o n ]_w
[_w p ɾ u d̪ a ]_w
[_w i n k l u i t̪ o ]_w
[_w m e t̪ i k a o ]_w
[_w a b l i k o ]_w
[_w d̪ o ɾ o ]_w
[_w b ɾ a k a ]_w
[_w s e n t̪ e ɾ a ]_w
[_w p o l b i t̪ a l ]_w
[_w l u k a ɾ e ɾ a ]_w
[_w h u e s e s ]_w
[_w l u s ]_w
[_w p i p ]_w
[_w t̪ ɾ a t̪ a ]_w
[_w s e k s i o n ]_w
[_w t̪ e b o ɾ t̪ e ]_w
[_w l e h o ]_w
[_w a u m e n t̪ o ]_w
[_w p o t̪ e ɾ ]_w
[_w t̪ e h t̪ o ]_w
[_w a ɾ a m a ]_w
[_w p e n s a ]_w
[_w h i i ]_w
[_w ɡ o p e ɾ ]_w
[_w a n a j ]_w
[_w t̪ i o s a ]_w
[_w h e n e s ]_w
[_w a b e l ]_w
[_w b ɾ a k t̪ i b o ]_w
[_w p o b ɾ e s o ]_w
[_w p i d̪ i ɾ ]_w
[_w s a k a t̪ e ]_w
[_w b e ɾ t̪ a ]_w
[_w a ɾ d̪ i k u a s ]_w
[_w e t̪ a b a o ]_w
[_w e h e ɾ ]_w
[_w b u b l i k o ]_w
[_w l i d̪ o ]_w
[_w ɾ u ɾ a l ]_w
[_w i m b u e s ]_w
[_w k ɾ i s i o n ]_w
[_w k o n d̪ ɾ o ]_w
[_w b o t̪ e ɾ n a ]_w
[_w s u b ɾ a h i o ]_w
[_w u s o ]_w
[_w e h s e b t̪ o ]_w
[_w a p ɾ o b a ]_w
[_w m i d̪ a ]_w
[_w s e h t̪ o ]_w
[_w t̪ e s i t̪ e ]_w
[_w k u l t̪ u ɾ a ]_w
[_w b e s a ɾ o ʎ o ]_w
[_w p ɾ o p o ]_w
[_w p u n s i o n ]_w
[_w s e ɲ a l a ]_w
[_w t̪ e k l a ]_w
[_w m i n a s ]_w
[_w a b l a n ]_w
[_w ɡ o m e n t̪ o ɾ ]_w
[_w i n s u l t̪ o ]_w
[_w ɾ e t̪ u s i ɾ ]_w
[_w m o t̪ e o ]_w
[_w k o m e ɾ s i o ]_w
[_w m a s k i n ]_w
[_w a w a ɾ d̪ s ]_w
[_w i d̪ a l i ]_w
[_w t̪ e l a ]_w
[_w s a ɾ a ]_w
[_w s e u s ]_w
[_w l a t̪ i n ]_w
[_w o b ɾ a ]_w
[_w k o l i n a ]_w
[_w ɾ e ɡ u n ]_w
[_w o n t̪ e ]_w
[_w n a t̪ a ]_w
[_w e s e ]_w
[_w e ŋ a ɲ a t̪ o ɾ ]_w
[_w k u l e b ɾ a ]_w
[_w d̪ i a s ]_w
[_w p i e ]_w
[_w ɡ a ɾ n e ɾ o ]_w
[_w p ɾ o n d̪ e ]_w
[_w p u n t̪ a ]_w
[_w e d̪ i s i a ]_w
[_w p ɾ o s e s ]_w
[_w s i m p l e a ]_w
[_w k u ɾ s o ]_w
[_w p a n t̪ a ]_w
[_w k a n a t̪ t̪ a n ]_w
[_w m a ɾ k o ]_w
[_w u n i d̪ a s ]_w
[_w ɡ o l o ɾ a o ]_w
[_w n u e b e ]_w
[_w ɡ a d̪ e m a ]_w
[_w a k s e t̪ e ]_w
[_w s i u d̪ a d̪ ]_w
[_w m i ɡ u e ]_w
[_w a p e n d̪ o ]_w
[_w p e s k a s e s ]_w
[_w a k t̪ u a ]_w
[_w s o b l a t̪ o ]_w
[_w s u e ɡ ɾ a ]_w
[_w e n t̪ ɾ a l ]_w
[_w m u ɾ i ɾ ]_w
[_w ɾ i d̪ o ]_w
[_w s e l a ]_w
[_w ɡ o m e n a h e ]_w
[_w a k l a ɾ i d̪ o ]_w
[_w a s e k u n t̪ a ]_w
[_w t̪ e n i a n ]_w
[_w e n k a ɾ k o s ]_w
[_w t̪ a ɾ l e s ]_w
[_w p e n i d̪ a t̪ ]_w
[_w k a l i s a ]_w
[_w p o s e e n ]_w
[_w s o p e ɾ ]_w
[_w e t̪ i b i ɡ o s ]_w
[_w s o b ɾ e ]_w
[_w p i l a d̪ o ]_w
[_w ɾ e h i o n a ]_w
[_w l u ɡ a ɾ e ɾ a ]_w
[_w m o i s e s ]_w
[_w n a t̪ u ɾ a s ]_w
[_w b a d̪ i ]_w
[_w s i l b a ]_w
[_w ɾ o j a l ]_w
[_w t̪ i o h i t̪ a ]_w
[_w p ɾ o s ]_w
[_w p e i ɡ u l o ]_w
[_w ɡ o n s o l a ]_w
[_w b e ɡ a d̪ o ]_w
[_w m u ts o s ]_w
[_w e h e m b l o ɾ ]_w
[_w s i s t̪ e ]_w
[_w e t̪ u a ɾ t̪ i a ]_w
[_w s e s i d̪ e ]_w
[_w a l t̪ o s ]_w
[_w l e o p o l t̪ o ]_w
[_w p i e ɾ n o ]_w
[_w a n s i n a ]_w
[_w p a m o s a ]_w
[_w e h t̪ e ɾ n o ]_w
[_w m e d̪ i s i o n ]_w
[_w k a s t̪ a ]_w
[_w d̪ a ɾ l a k ]_w
[_w p o n i d̪ o s ]_w
[_w d̪ e s p i k a ]_w
[_w t̪ ɾ a b a h o ]_w
[_w k o ɾ o n ]_w
[_w a l a b ɾ a ]_w
[_w d̪ i p e ɾ s o s ]_w
[_w o ɾ i h i d̪ a ]_w
[_w a b u h a n ]_w
[_w a m b i e n ]_w
[_w s i k l o s ]_w
[_w e n p i a ]_w
[_w b i ɾ a ]_w
[_w k o m e d̪ i d̪ a ]_w
[_w i m b a k t̪ o ɾ ]_w
[_w h e o b a ]_w
[_w m o t̪ o ]_w
[_w p u d̪ b o l ]_w
[_w i s a p e ɾ ]_w
[_w a p i b ]_w
[_w a ɡ a ]_w
[_w p e t̪ ɾ o s ]_w
[_w k u ts o ]_w
[_w t̪ ɾ a b a h a ]_w
[_w d̪ i e n e n o ]_w
[_w o l p i o ]_w
[_w t̪ ɾ o m b e d̪ a ]_w
[_w l i b e ]_w
[_w p a ɾ t̪ e ]_w
[_w d̪ i s i ]_w
[_w ɡ a n t̪ a d̪ o ]_w
[_w i n k l u i d̪ a ]_w
[_w e s b a ɲ o l a ]_w
[_w ɾ o l ]_w
[_w l e b i ]_w
[_w ɾ o b e s i n o ]_w
[_w a t̪ e n e ɾ a l ]_w
[_w e s k a b a ]_w
[_w p a ɾ a ]_w
[_w e s t̪ i b a o ]_w
[_w p a ɾ i ɡ a n ]_w
[_w k u a ɾ e s ]_w
[_w a k i n o ]_w
[_w s e n s i ʎ o ]_w
[_w p u t̪ a ]_w
[_w k ɾ i s i ]_w
[_w o b e b ]_w
[_w s u b ɾ i o ]_w
[_w ɾ i s a l ]_w
[_w s o l t̪ a ]_w
[_w e u ɾ o p e ts o ]_w
[_w n u e p o s ]_w
[_w i n t̪ u ]_w
[_w l o ɡ ɾ a ɾ ]_w
[_w ɾ e s u s i o n ]_w
[_w k o m e ]_w
[_w s e m p ɾ o s o ]_w
[_w ɡ u e ɾ d̪ o n a ]_w
[_w s e ɡ u i t̪ a ]_w
[_w m e t̪ a ]_w
[_w l i m i d̪ e ]_w
[_w s a n t̪ o ]_w
[_w ɾ e s a ]_w
[_w o t̪ ɾ a ]_w
[_w o p ɾ e s a ]_w
[_w ɾ e b a ɾ d̪ o ]_w
[_w a b a ɾ e s ]_w
[_w e s k u e l a ]_w
[_w e t̪ e ɾ a ]_w
[_w e t̪ a b a n t̪ o ]_w
[_w a ɾ i a ]_w
[_w e u ɾ o p e a s ]_w
[_w m a n d̪ i a l ]_w
[_w a s u m e ]_w
[_w e h t̪ i e n e s ]_w
[_w o m b ɾ a ]_w
[_w l o p e ]_w
[_w k a d̪ o ]_w
[_w ɾ i ɡ a n a ]_w
[_w m o n t̪ ɾ o ]_w
[_w h u s t̪ i n ]_w
[_w i n t̪ e n t̪ e ]_w
[_w ɡ ɾ i e ɡ o ]_w
[_w e n d̪ ɾ a ]_w
[_w m i l e t̪ o ]_w
[_w n a d̪ u ɾ a l ]_w
[_w k o m o ]_w
[_w ɡ o m p a ɲ a ]_w
[_w p e ts o ]_w
[_w s i n t̪ i ]_w
[_w t̪ u ɾ m i ]_w
[_w p ɾ i m e ɾ a ]_w
[_w k ɾ u p o s ]_w
[_w p a s ]_w
[_w d̪ i ɾ e ɡ t̪ o ]_w
[_w p a s i ]_w
[_w t̪ e ɾ s e ]_w
[_w h a m e s ]_w
[_w d̪ i b u d̪ o ]_w
[_w t̪ e k a ]_w
[_w ɾ e s i e ɾ a ]_w
[_w m o n d̪ ɾ a l ]_w
[_w o m p ɾ a ]_w
[_w l i d̪ e ɾ ]_w
[_w u e l k a ]_w
[_w e n e m i ɡ o ]_w
[_w s i k u e l a ]_w
[_w k o m p l e a ]_w
[_w a d̪ u l t̪ o s ]_w
[_w a m a s k i n ]_w
[_w m i ts a e l ]_w
[_w a k o ɾ d̪ e ]_w
[_w h o u b e ]_w
[_w d̪ i k t̪ a ]_w
[_w e h s e p t̪ a ɾ ]_w
[_w o p ɾ a ]_w
[_w u n i t̪ a ]_w
[_w s a l a s i o n ]_w
[_w ɡ ɾ i s i s ]_w
[_w s ɾ i ]_w
[_w a n s i n a i ]_w
[_w l e t̪ ɾ a l ]_w
[_w k u e n k a s ]_w
[_w b o s o ]_w
[_w m a t̪ a s ]_w
[_w s e ɾ i a ]_w
[_w a j u n ]_w
[_w m a ɡ n o ]_w
[_w k o n o s e ]_w
[_w k ɾ u d̪ o ]_w
[_w p e n o m i a ]_w
[_w a b i t̪ a t̪ ]_w
[_w p a ɡ b i l a ɾ ]_w
[_w a p l a t̪ o ]_w
[_w s e l o s ]_w
[_w d̪ i n e l ]_w
[_w b e d̪ ɾ o ]_w
[_w p e s i n o ]_w
[_w k a l m a o ]_w
[_w p e d̪ a ]_w
[_w m i l a ɡ ɾ o ]_w
[_w a l b a o ]_w
[_w e ʎ i e ]_w
[_w s u e ɾ t̪ o ]_w
[_w ɡ u l t̪ i m o ]_w
[_w p i b e n ]_w
[_w ʎ a m o ]_w
[_w h b i i ]_w
[_w s i k u i o ]_w
[_w b e d̪ a n i a s ]_w
[_w k a ʎ a ]_w
[_w s i k u i ]_w
[_w d̪ i ts o ]_w
[_w p i t̪ e o ]_w
[_w t̪ u e ɾ o n ]_w
[_w l e ɡ a l ]_w
[_w d̪ i s e ɲ o ɾ a ]_w
[_w a l t̪ a d̪ ]_w
[_w ɡ o b ɾ e ]_w
[_w m i n u d̪ i l ]_w
[_w d̪ e k l i b e ]_w
[_w p u e n d̪ o ]_w
[_w p ɾ i b a t̪ a ]_w
[_w b u u k ]_w
[_w s a ɡ ɾ a d̪ a ɾ ]_w
[_w m i l e s ]_w
[_w k a l e ]_w
[_w b ɾ u t̪ o ]_w
[_w p e t̪ a t̪ ]_w
[_w m o s t̪ ɾ a n ]_w
[_w l a p a n d̪ a ]_w
[_w e s p e t̪ a t̪ ]_w
[_w s a p a t̪ o ]_w
[_w t̪ ɾ o m p e s ]_w
[_w e n b e ɾ m o ]_w
[_w l a d̪ i d̪ o ]_w
[_w o k u p a t̪ a ]_w
[_w a s u m i ]_w
[_w a t̪ e m a ]_w
[_w k o n t̪ a ]_w
[_w e s k ɾ i b i o ]_w
[_w s e a ]_w
[_w s a l u t̪ a ]_w
[_w d̪ ɾ a m o n ]_w
[_w m u e ɾ d̪ o ]_w
[_w b i s o ]_w
[_w d̪ i h o ]_w
[_w ɾ u s a ]_w
[_w o t̪ t̪ ]_w
[_w o s e a n o ]_w
[_w s i d̪ o ]_w
[_w ɡ ɾ e a d̪ e s ]_w
[_w e ɾ e d̪ a b a o ]_w
[_w e n s e ɲ a ]_w
[_w s u s e d̪ e s ]_w
[_w k a d̪ i s ]_w
[_w m o n a n ]_w
[_w m a l t̪ ɾ a d̪ a ]_w
[_w b i ʎ a ]_w
[_w k a ɾ t̪ a ]_w
[_w k ɾ i t̪ a ]_w
[_w k a n a t̪ o ɾ ]_w
[_w ɾ e s i o n e s ]_w
[_w d̪ ɾ e n ]_w
[_w b o s ]_w
[_w l u m u s ]_w
[_w p i k t̪ o ɾ ]_w
[_w a t̪ e n s i a ]_w
[_w d̪ e n i a n ]_w
[_w a ɡ u ɲ a ɾ ]_w
[_w h e n i e n t̪ o ]_w
[_w k a p i d̪ a t̪ ]_w
[_w l e ɡ a s p i ]_w
[_w s e ɡ t̪ a ]_w
[_w m e n u t̪ o ]_w
[_w i s l a s ]_w
[_w b i n o ]_w
[_w e s t̪ i s o s ]_w
[_w u n i o ]_w
[_w l e p a n t̪ a ɾ ]_w
[_w k ɾ e e ]_w
[_w ɾ i k o ]_w
[_w e s a u ]_w
[_w s a l e ]_w
[_w k u a ɾ d̪ o ]_w
[_w k u e ɾ t̪ a ]_w
[_w i n i s i a ]_w
[_w ɾ e ɡ o ɾ t̪ o ]_w
[_w p a d̪ i ]_w
[_w t̪ e l ]_w
[_w d̪ i t̪ u l a ]_w
[_w e s k u e l ]_w
[_w d̪ e p u d̪ o ]_w
[_w b a ɾ k o s ]_w
[_w p u e n ]_w
[_w e l i h ]_w
[_w s a p a ]_w
[_w t̪ i s p e ɾ a ɾ ]_w
[_w e u ɾ o b e a s ]_w
[_w k ɾ e e n s i a ]_w
[_w t̪ e n d̪ e ]_w
[_w b i s e n t̪ ɾ o ]_w
[_w t̪ e n i a ]_w
[_w ɾ o m a n o ]_w
[_w a s e n ]_w
[_w n o p e l ]_w
[_w ɡ a l e ]_w
[_w l a k u n a s ]_w
[_w e t̪ k ]_w
[_w a b l a n k a ]_w
[_w s e m a n a ]_w
[_w u n a ]_w
[_w i s ɾ a e l ]_w
[_w p l a n e a ]_w
[_w t̪ o u ɾ ]_w
[_w p a ɾ k e ]_w
[_w b o b u l a ɾ ]_w
[_w t̪ i ɾ e ɡ t̪ o s ]_w
[_w b e l i o n ]_w
[_w p u e s ]_w
[_w s a l u t̪ ]_w
[_w m i t̪ i a ]_w
[_w h a ɡ o p ]_w
[_w b e s o s ]_w
[_w d̪ e n i a ]_w
[_w e l i h e ]_w
[_w m a d̪ e o ]_w
[_w s e ɲ a ]_w
[_w p ɾ i p a ]_w
[_w d̪ ɾ a t̪ a ]_w
[_w e h i b t̪ o ]_w
[_w h a b o n e s ]_w
[_w t̪ e n e ]_w
[_w s u e l o ]_w
[_w k o s i o n a ]_w
[_w a b l i k a ]_w
[_w p a ɾ e s ]_w
[_w a p a ]_w
[_w i m b e ɾ i o ]_w
[_w b o l i t̪ i k a ]_w
[_w l a ŋ o s t̪ a o ]_w
[_w a s i a l ]_w
[_w k a ʎ a o ]_w
[_w k o n t̪ a ɲ a s ]_w
[_w h a k o b ]_w
[_w k a l m a d̪ i a ]_w
[_w i b e ɾ t̪ i ]_w
[_w d̪ i e m p ɾ o s ]_w
[_w l i ŋ a s a ]_w
[_w k o ɾ a s o n ]_w
[_w t̪ u s m u k ]_w
[_w k a m b i d̪ o ɾ ]_w
[_w a m e ɾ i d̪ a ]_w
[_w s e n t̪ ɾ e s ]_w
[_w s e ɾ o ]_w
[_w k l o b o ]_w
[_w d̪ e s a ɾ o n ]_w
[_w s i e n t̪ e ]_w
[_w ʎ e n o ]_w
[_w ɾ e s i b i ]_w
[_w k o n s e s a ]_w
[_w d̪ i d̪ u d̪ ]_w
[_w p ɾ e ɡ u ɾ a ɾ ]_w
[_w k o m p o n e ɾ ]_w
[_w t̪ o ɾ e ]_w
[_w i s t̪ o ɾ ]_w
[_w a m a s o n ]_w
[_w a l b e o ]_w
[_w u n i o n ]_w
[_w k u a j ]_w
[_w e n s e ]_w
[_w p a ɾ a ŋ a j ]_w
[_w e d̪ a t̪ ]_w
[_w p a s i k a ]_w
[_w p e p i t̪ a ]_w
[_w a ɾ e a s i o n ]_w
[_w m e n u d̪ o s ]_w
[_w m a ɾ i a s ]_w
[_w k a s a ]_w
[_w p e ɾ u a n o ]_w
[_w e l e ɡ t̪ o ]_w
[_w k a m p i o ]_w
[_w p u ɾ o ]_w
[_w b a s a t̪ o ]_w
[_w a d̪ ɾ a ]_w
[_w k a n t̪ a ]_w
[_w a b o j o ]_w
[_w d̪ e l a n d̪ o ]_w
[_w n e k o s i o n ]_w
[_w a l k a n s a ]_w
[_w s o b ɾ e s a ]_w
[_w k o m i d̪ a ]_w
[_w k o n d̪ e n t̪ e ]_w
[_w l o ŋ ]_w
[_w p o p ɾ e s ]_w
[_w t̪ e b e ]_w
[_w a k u a n d̪ a s ]_w
[_w d̪ i e ɾ a s ]_w
[_w k a m p i a o ]_w
[_w ɾ e l a s i o n ]_w
[_w a p e ɾ s e ɾ ]_w
[_w p ɾ e b e l a ]_w
[_w k i e ɾ e ]_w
[_w k o ɾ o ]_w
[_w e ŋ ɾ a n t̪ a ]_w
[_w k o l o m e o ]_w
[_w e n e ɾ ]_w
[_w p a u d̪ i s t̪ a ]_w
[_w ɾ e b o ɾ d̪ o ]_w
[_w d̪ e l i ]_w
[_w k a s a o ]_w
[_w m e h o ɾ a ]_w
[_w d̪ e u t̪ a s ]_w
[_w k ɾ i t̪ i k a ]_w
[_w m e d̪ i k a ]_w
[_w k o m p ɾ a d̪ o ]_w
[_w s i ɾ b i ]_w
[_w p a s e ]_w
[_w s i e ɾ t̪ o s ]_w
[_w p ɾ e b a ɾ a ]_w
[_w l u ɡ a s ]_w
[_w e s k u d̪ o ]_w
[_w l e k a s p i ]_w
[_w d̪ ɾ i n a ]_w
[_w s a b i o ]_w
[_w e s k i ]_w
[_w a l t̪ e a s ]_w
[_w t̪ o m o ]_w
[_w h u d̪ e a ]_w
[_w e t̪ e ɾ o ]_w
[_w t̪ a m e n a h e ]_w
[_w t̪ e ɾ m i s o ]_w
[_w l a d̪ i t̪ u l a ]_w
[_w k ɾ i m e ɾ a ]_w
[_w d̪ e ɾ b e ]_w
[_w t̪ i e ɾ o n ]_w
[_w p i e l ]_w
[_w k a ɾ l ]_w
[_w m o l e s ]_w
[_w d̪ a n ]_w
[_w n o m b ɾ a ]_w
[_w k ɾ a n t̪ e ]_w
[_w a ɾ b o n o ]_w
[_w s u p u s o ]_w
[_w b a ɾ d̪ i n ]_w
[_w a m p a ɾ a o ]_w
[_w s a b o ɾ ]_w
[_w p l a n ]_w
[_w o s k u ɾ s o ]_w
[_w e m i l i o ]_w
[_w m e d̪ i a d̪ o ]_w
[_w o b d̪ u b o ]_w
[_w a l t̪ u ɾ a s ]_w
[_w h i ɾ l ]_w
[_w b i ɾ h e n ]_w
[_w ɾ e s u e ʎ o ]_w
[_w ɾ a i s ]_w
[_w k o n s i s t̪ e ]_w
[_w d̪ ɾ a t̪ a d̪ o ]_w
[_w d̪ ɾ a s ]_w
[_w b e ɾ d̪ a d̪ ]_w
[_w k a t̪ a ]_w
[_w a l t̪ a ]_w
[_w n o ɾ o e s t̪ e ]_w
[_w b u e n d̪ e ]_w
[_w b i l e ]_w
[_w k o ɾ i t̪ o ɾ ]_w
[_w a l a h i t̪ a ]_w
[_w k a n o s ]_w
[_w p a h o ]_w
[_w m o n a ]_w
[_w a k u e ɾ t̪ e ]_w
[_w e ɡ o n o m i a ]_w
[_w h a n e i ɾ o ]_w
[_w h p ɡ ]_w
[_w m e d̪ i d̪ a n ]_w
[_w d̪ e b i o ]_w
[_w ɡ a ʎ e ]_w
[_w b a s i l a n ]_w
[_w d̪ o m i ŋ o ]_w
[_w o d̪ e l o ]_w
[_w b i s i n a ]_w
[_w m i e n d̪ a ]_w
[_w n o b e l ]_w
[_w i n d̪ i ]_w
[_w t̪ a m e n k o ]_w
[_w d̪ e d̪ ɾ a ]_w
[_w o ɾ e h a s ]_w
[_w e ts o ]_w
[_w ʎ e k a p a ]_w
[_w s e n t̪ a ]_w
[_w d̪ ɾ a d̪ o ]_w
[_w s i u t̪ a d̪ o s ]_w
[_w d̪ e n t̪ o ]_w
[_w n u m e ɾ o s o ]_w
[_w k o ŋ ]_w
[_w d̪ ɾ o n o ]_w
[_w s e n d̪ e ]_w
[_w k o m p a ɲ a ]_w
[_w s o s i o n ]_w
[_w k e d̪ a ]_w
[_w s e k u ɾ s o ]_w
[_w n o m p ɾ a ]_w
[_w ɡ u l t̪ u ɾ a ]_w
[_w p a ɾ i e n t̪ o ]_w
[_w k a b ɾ i ɡ a ]_w
[_w p a s i l i a ]_w
[_w n o s o d̪ ɾ o ]_w
[_w h u d̪ i s i a ]_w
[_w i ŋ ɾ e s o ]_w
[_w k o i a s ]_w
[_w ɾ e p i d̪ i ]_w
[_w a m p i e n ]_w
[_w l i m i n a ]_w
[_w d̪ e ɾ s e ɾ ]_w
[_w m e s t̪ i ɡ o ]_w
[_w k i t̪ a ]_w
[_w k u i n t̪ a n ]_w
[_w p o d̪ i a ]_w
[_w k a l o ]_w
[_w k ɾ a s i o ]_w
[_w b a n t̪ a ]_w
[_w a n d̪ i o ]_w
[_w i p s ]_w
[_w s e d̪ e ]_w
[_w d̪ a ɾ l a ɡ ]_w
[_w d̪ i s e ɲ o ]_w
[_w m o l i n a ]_w
[_w t̪ a n s e s a ]_w
[_w ɾ i k e ]_w
[_w p o d̪ o s ]_w
[_w p l a n d̪ e ]_w
[_w s a ŋ ɾ e ]_w
[_w k ɾ i t̪ i ɡ a ]_w
[_w a m p o k o ]_w
[_w p e d̪ o ]_w
[_w p a b u j ]_w
[_w a m i s t̪ a ]_w
[_w s e k u n d̪ a o ]_w
[_w a p l a n ]_w
[_w p o l p e ɾ ]_w
[_w o m e n t̪ o ]_w
[_w s i ɡ u i t̪ a ɾ ]_w
[_w d̪ o l a ɾ e s e ]_w
[_w a k u s a ]_w
[_w a ɾ e n t̪ a o ]_w
[_w ts a b a k a ]_w
[_w k o d̪ i s i n a ]_w
[_w d̪ a m p i a ]_w
[_w b u e ɾ o ]_w
[_w e n k o ]_w
[_w i n b i t̪ a ]_w
[_w s e ɾ b i d̪ o ]_w
[_w n a t̪ u ɾ a ]_w
[_w p a s i l a n ]_w
[_w p e n d̪ a ]_w
[_w l o h i ɡ a ]_w
[_w k a b i t̪ e ]_w
[_w t̪ a ʎ i ]_w
[_w a k a p o ]_w
[_w d̪ a n d̪ o ]_w
[_w a m b u s ]_w
[_w k a n s a ]_w
[_w k a s t̪ i a ]_w
[_w s e t̪ a ]_w
[_w p l e i t̪ o ]_w
[_w e m b ɾ a ]_w
[_w k a s e ɾ ]_w
[_w s e ɡ t̪ o ɾ ]_w
[_w t̪ e l i ]_w
[_w h e s u s ]_w
[_w k o ɾ e ɡ t̪ a ]_w
[_w t̪ u j a n ]_w
[_w p ɾ i b a ]_w
[_w p ɾ e m i o s ]_w
[_w p e ɾ i o ɾ ]_w
[_w b o ɾ d̪ e ]_w
[_w m i n u d̪ o ]_w
[_w s i m b l e t̪ a ]_w
[_w s i ɾ p e ]_w
[_w b a u l i n a s ]_w
[_w b ɾ e ɡ u ɾ o ]_w
[_w k a n d̪ a ]_w
[_w d̪ e b e ɾ a n ]_w
[_w k a ɾ o s ]_w
[_w u m a n o s ]_w
[_w b e l e a ]_w
[_w n u e s t̪ ɾ o ]_w
[_w t̪ u ɾ m i t̪ i ]_w
[_w p o l b i o ]_w
[_w d̪ e b o ɾ s i ]_w
[_w p ɾ o p l e s a ]_w
[_w b a ɾ e s e ɾ ]_w
[_w a l a p l a ]_w
[_w a k o ɾ t̪ a ]_w
[_w p a ʎ e s ]_w
[_w e h t̪ i e n t̪ e ]_w
[_w p i u ɾ a ]_w
[_w s a p u t̪ ]_w
[_w a b o s t̪ ɾ a ]_w
[_w p ɾ e s ]_w
[_w a k u d̪ o ]_w
[_w k o ɾ e t̪ o ]_w
[_w i t̪ a l i ]_w
[_w e p ɾ e ɾ o ]_w
[_w p i k o s ]_w
[_w m a d̪ a ɾ ]_w
[_w b u e k o s ]_w
[_w o l o ɾ ]_w
[_w p i k t̪ o ɾ i a ]_w
[_w n o b e l a ]_w
[_w ɾ i k a s ]_w
[_w p o s i p l e ]_w
[_w e n t̪ e n d̪ ɾ o ]_w
[_w n u e s t̪ ɾ o s ]_w
[_w s i n ]_w
[_w e ɾ m a n a s ]_w
[_w d̪ i k t̪ a t̪ o ɾ ]_w
[_w i h o s ]_w
[_w m i e n s i o n ]_w
[_w k l a s e s ]_w
[_w o p e n s a ]_w
[_w t̪ e s i d̪ a ]_w
[_w m e h i k o ]_w
[_w p a h a ɾ ]_w
[_w o k a s ]_w
[_w a s i e n t̪ a ]_w
[_w p e n t̪ i t̪ a s ]_w
[_w i n t̪ o ]_w
[_w s a l a ]_w
[_w i k u a l ]_w
[_w a l a s ]_w
[_w s u s e t̪ e ]_w
[_w p e ɾ m i n o ]_w
[_w b a u d̪ ]_w
[_w a ɡ u a n t̪ o ]_w
[_w s i ɾ b e ]_w
[_w u l d̪ i m a s ]_w
[_w ɾ e i n a d̪ o ]_w
[_w d̪ o s ]_w
[_w p u e ɾ s a ]_w
[_w u k ɾ a n ]_w
[_w b o b ]_w
[_w s e l e p ɾ a ]_w
[_w t̪ o m i n a ]_w
[_w p e ɾ u ]_w
[_w m a h i m a s ]_w
[_w e s p e s i a ]_w
[_w p a u l o ]_w
[_w o u s t̪ o ]_w
[_w a n d̪ a ]_w
[_w k u j o s ]_w
[_w l e e ]_w
[_w m a ɾ ]_w
[_w s u e k ɾ a ]_w
[_w s a l u d̪ o s ]_w
[_w t̪ i p i d̪ i ɾ ]_w
[_w e ɡ o n o s ]_w
[_w o ɾ i e n t̪ o s ]_w
[_w p u ŋ u l ]_w
[_w l u k a ɾ ]_w
[_w ɾ e s t̪ a ]_w
[_w d̪ u ɾ i s m o s ]_w
[_w h e n e ɾ ]_w
[_w i n b e ɾ i o ]_w
[_w d̪ i u d̪ a t̪ o ]_w
[_w a b e n t̪ i t̪ a ]_w
[_w a l a b a n a ]_w
[_w p i l i p i a ]_w
[_w e t̪ n i a s ]_w
[_w e s t̪ a d̪ e ]_w
[_w s i m p o l o s ]_w
[_w e n l a s e ]_w
[_w ɾ e s u s ]_w
[_w e m p i e s a ]_w
[_w s e ɾ a ]_w
[_w t̪ e ɾ i a ]_w
[_w s e k u n ]_w
[_w a n t̪ ]_w
[_w h o p e n s a ɾ ]_w
[_w k a j ]_w
[_w t̪ o m a ɾ e s ]_w
[_w p e ɾ s o n a ]_w
[_w l i b ɾ o ]_w
[_w d̪ a m a s ]_w
[_w m e t̪ i ɡ a ]_w
[_w a ɾ d̪ i k u l o ]_w
[_w p l a n k a ]_w
[_w a k s e p t̪ a ]_w
[_w e s k ɾ i t̪ o ]_w
[_w k a n t̪ i k u o ]_w
[_w ʎ a n o ]_w
[_w b l a t̪ a ]_w
[_w a u t̪ e ]_w
[_w p o l i t̪ i ɡ a ]_w
[_w m a j o ]_w
[_w ɾ e t̪ e ɾ n o ]_w
[_w d̪ e s k o h e ]_w
[_w b ɾ o t̪ u s i ]_w
[_w o ɾ o ]_w
[_w s u s e s o ]_w
[_w k a t̪ o ]_w
[_w s e l e u k o ]_w
[_w t̪ o ɾ m e ]_w
[_w a b ɾ i o ]_w
[_w s u e s i a ]_w
[_w e s k u e s o ]_w
[_w m e h i ɡ a ]_w
[_w ɾ e p o ɾ m a s ]_w
[_w o p i s p o l ]_w
[_w p ɾ u e b a ]_w
[_w h o u p e ]_w
[_w s i e ɾ e ]_w
[_w n i ŋ u n ]_w
[_w p o s k e s ]_w
[_w a ŋ h e l ]_w
[_w t̪ o m a s ]_w
[_w b i s e n ]_w
[_w i n p i d̪ a ɾ ]_w
[_w m a j o ɾ i a ]_w
[_w p a m o s o ]_w
[_w e n d̪ ɾ a l ]_w
[_w d̪ i n e s ]_w
[_w l o ɾ t̪ ]_w
[_w ɡ u i t̪ o ɾ ]_w
[_w ɡ a d̪ a ]_w
[_w e h t̪ ɾ e m o ]_w
[_w a u ɾ o ɾ a ]_w
[_w a u t̪ o p u s ]_w
[_w b l a n k a ]_w
[_w ʎ e ɡ a t̪ o ]_w
[_w s u p ɾ i ]_w
[_w s o b l a d̪ a ]_w
[_w a b i s a ]_w
[_w m i l a k ɾ o ]_w
[_w d̪ ɾ i s t̪ i ]_w
[_w a b i e n e ]_w
[_w p ɾ o m o b e ]_w
[_w a ɡ u d̪ ]_w
[_w a d̪ ɾ a k o n ]_w
[_w d̪ a d̪ a ]_w
[_w s i s t̪ e n ]_w
[_w s a l ]_w
[_w k e ts u a ]_w
[_w ɾ e s e n ]_w
[_w k a m i n a ɾ ]_w
[_w o n d̪ e s ]_w
[_w o p t̪ u b o ]_w
[_w b t̪ o l o ɾ ]_w
[_w ts i n a s ]_w
[_w k a h a ]_w
[_w b u n d̪ a ]_w
[_w o p ɾ a s ]_w
[_w ɡ u ts o ]_w
[_w k o ŋ ɾ e s o ]_w
[_w a n t̪ ɾ e k a o ]_w
[_w a b e ɾ t̪ e ]_w
[_w t̪ ɾ o n ]_w
[_w a ɡ u s a d̪ o ɾ ]_w
[_w l o s ]_w
[_w p e n t̪ a ]_w
[_w i b h e ]_w
[_w k u m u t̪ ]_w
[_w b ɾ a n o s ]_w
[_w k o ɾ t̪ e ]_w
[_w p e n t̪ i d̪ o ]_w
[_w l i m p i a ]_w
[_w b o s i o ]_w
[_w k ɾ a n t̪ a ]_w
[_w m a t̪ ɾ e ]_w
[_w b i b ]_w
[_w e s d̪ a s ]_w
[_w p o ɾ m a ]_w
[_w d̪ i d̪ a s ]_w
[_w t̪ i s i b u l o ]_w
[_w e d̪ a d̪ ]_w
[_w b ɾ o h i m o ]_w
[_w ʎ e b o ]_w
[_w n i n o j ]_w
[_w p u s o ]_w
[_w a b a ɾ e s e ]_w
[_w p e ɾ b e ]_w
[_w m o n d̪ a d̪ o s ]_w
[_w k u i ʎ e ɾ m o ]_w
[_w a b ɾ i k a ]_w
[_w d̪ ɾ a b a e l ]_w
[_w ɾ e m o ]_w
[_w t̪ a l ]_w
[_w k ɾ e j e n t̪ e ]_w
[_w s e k t̪ a s ]_w
[_w k e s o n ]_w
[_w e h i s t̪ ɾ i a ]_w
[_w b o ɾ t̪ u k a l ]_w
[_w p a i a ]_w
[_w s t̪ a t̪ u a ]_w
[_w s a k e o ]_w
[_w m i l i a s ]_w
[_w t̪ u e l e ]_w
[_w m i d̪ i ]_w
[_w p a d̪ ɾ i s ]_w
[_w p i s i n a ]_w
[_w t̪ e n s i a l ]_w
[_w a ɡ a d̪ i s ]_w
[_w p i e h o ]_w
[_w a p l a ɾ ]_w
[_w ɾ e b a ɾ d̪ i ɾ ]_w
[_w p ɾ o d̪ u h o ]_w
[_w s a m p l e a ]_w
[_w ɾ e b i t̪ a s ]_w
[_w a d̪ m i t̪ i ]_w
[_w ɾ e a l i s t̪ a ]_w
[_w u ɡ o ]_w
[_w p a ɡ u t̪ o ]_w
[_w s u p e ɾ a ]_w
[_w e s p a n t̪ e ]_w
[_w b i e s a ]_w
[_w b e n s e ]_w
[_w l i m i d̪ a s ]_w
[_w a d̪ ɾ a ɡ o n ]_w
[_w k o n d̪ i n e l ]_w
[_w s a n d̪ o ]_w
[_w o b i s i a l ]_w
[_w d̪ i s e n d̪ e ]_w
[_w m ɡ a ]_w
[_w d̪ e k a t̪ a s ]_w
[_w a n t̪ i k a ]_w
[_w t̪ ɾ a d̪ o ]_w
[_w ɾ e l a d̪ i n o ]_w
[_w ɾ e b u e l p e ]_w
[_w m e t̪ i s i o n ]_w
[_w b e ɾ ]_w
[_w s i ɡ u i ɾ ]_w
[_w u p i k a ]_w
[_w k ɾ a s o n a ]_w
[_w p a ɡ t̪ o ɾ ]_w
[_w p e ɾ s a ]_w
[_w b i t̪ a ]_w
[_w k a ɾ a k o n ]_w
[_w k ɾ e a s ]_w
[_w i ŋ l e s a ]_w
[_w ɡ ɾ i a ]_w
[_w m a d̪ ɾ i s t̪ i ]_w
[_w m a n i a ]_w
[_w e s k a o ]_w
[_w i ts u ɾ a ]_w
[_w p a s a ɾ o ʎ a ]_w
[_w p u e ɾ t̪ a ]_w
[_w s i p i k o s ]_w
[_w k a l e n d̪ a ]_w
[_w a s u s t̪ a ]_w
[_w s i ɡ u i ]_w
[_w k u a t̪ ɾ o n o ]_w
[_w d̪ i ɾ i h i d̪ ]_w
[_w l i m i d̪ a d̪ ]_w
[_w b ɾ e s i o ]_w
[_w b a i l a ]_w
[_w b i s i o n ]_w
[_w a k a d̪ e ]_w
[_w e s p l i k a ]_w
[_w e n d̪ o ]_w
[_w d̪ e l a n t̪ o ]_w
[_w p ɾ e m o n i a ]_w
[_w t̪ e s t̪ a n d̪ e ]_w
[_w m e t̪ i a ]_w
[_w k ɾ i e k o ]_w
[_w k l u k o s a ]_w
[_w ɾ e s i t̪ a ]_w
[_w n i ɲ o s ]_w
[_w b e ɾ u ]_w
[_w m e d̪ i o ]_w
[_w b o e m a s ]_w
[_w e n t̪ i t̪ a ]_w
[_w e ɾ m o s u ɾ a ]_w
[_w s u e l t̪ o ]_w
[_w k a ɾ k a ɾ e j ]_w
[_w a s e b t̪ a ]_w
[_w d̪ o l e d̪ o ]_w
[_w e m p a ɾ k o s ]_w
[_w e m b a ɾ d̪ o ]_w
[_w b e ɾ t̪ e ]_w
[_w e n k a ɾ k o ]_w
[_w p a ɾ k a ]_w
[_w s e d̪ a ]_w
[_w ɡ a n i l a ]_w
[_w e h i l i o ]_w
[_w k a m i n o s ]_w
[_w b a s o ]_w
[_w i n s u l t̪ o s ]_w
[_w b e n d̪ i t̪ o ]_w
[_w l i k t̪ ]_w
[_w p ɾ a n s e ]_w
[_w o ɾ t̪ e ɾ o ]_w
[_w p u p l i k a ]_w
[_w p i s t̪ i n a ]_w
[_w p e k e ɲ a s ]_w
[_w a ɾ d̪ e ]_w
[_w h u n i o n ]_w
[_w b u ɾ k o s ]_w
[_w a ɾ m a d̪ o s ]_w
[_w p ɾ o i p i ]_w
[_w s e ɾ ɡ a t̪ o ]_w
[_w k l o ɾ i a s ]_w
[_w e s p e s i n o ]_w
[_w t̪ e ɾ s e j ]_w
[_w m i ɾ o n ]_w
[_w m u n t̪ a ]_w
[_w s a k ɾ a o ]_w
[_w o b e d̪ e s ]_w
[_w p l a n o ]_w
[_w p u e ɾ k o ]_w
[_w b i e s ]_w
[_w k o n s i n d̪ i ]_w
[_w ɾ e s i n o ]_w
[_w k a ɾ m o n a ]_w
[_w p i l u k ]_w
[_w e n k o n d̪ o ]_w
[_w k a m a ɾ a s ]_w
[_w k o s a ]_w
[_w p ɾ i m e ɾ o ]_w
[_w e m p a ɾ k o ]_w
[_w p e m e n t̪ o ]_w
[_w p e ɾ b u m e s ]_w
[_w k ɾ i e ɡ o ]_w
[_w t̪ e s i s i o ]_w
[_w s a m b a l e s ]_w
[_w b e l i k ɾ o ]_w
[_w k a n a t̪ o ]_w
[_w m a j o t̪ ]_w
[_w m a l i ŋ a s a ]_w
[_w m u e s t̪ o s ]_w
[_w b e l o ]_w
[_w a b ɾ i t̪ o ]_w
[_w k a ɾ k o ]_w
[_w m e s ]_w
[_w p ɾ i n k e ɾ ]_w
[_w a p u h a n ]_w
[_w ɡ o n ]_w
[_w a b ɾ a ]_w
[_w d̪ o ɡ t̪ o ɾ ]_w
[_w p a ɾ i o ]_w
[_w h a m a s ]_w
[_w d̪ e s t̪ a ]_w
[_w p a ɾ j u ]_w
[_w o t̪ o ɾ ɡ a ]_w
[_w k i n t̪ o ]_w
[_w m a n a s ]_w
[_w a m p o ]_w
[_w e ɡ t̪ a ɾ e a s ]_w
[_w a s i ]_w
[_w k a n d̪ a ɾ ]_w
[_w a n d̪ o ]_w
[_w s e k o ]_w
[_w p a s a h e ]_w
[_w b e l i ɡ ɾ o ]_w
[_w s u p e ɾ i o ɾ ]_w
[_w s i d̪ u a d̪ o s ]_w
[_w p l o d̪ a ]_w
[_w ɾ i k o s ]_w
[_w ɡ o n o s ]_w
[_w a ɾ a b a h o ]_w
[_w s e k u i d̪ a o ]_w
[_w a ŋ h e ]_w
[_w k o b i e n e ]_w
[_w k ɾ e a d̪ o ɾ a ]_w
[_w i s t̪ m o ]_w
[_w k ɾ i t̪ i ɡ a o ]_w
[_w p a k i s t̪ a l ]_w
[_w j o ɾ k ]_w
[_w i ɡ u e ]_w
[_w b u e n o s ]_w
[_w p a ɾ e d̪ a ]_w
[_w n a d̪ i p o s ]_w
[_w ts i l e ]_w
[_w p l a s o ]_w
[_w t̪ a ɾ d̪ e ]_w
[_w d̪ e a d̪ ɾ o s ]_w
[_w t̪ e p o ɾ s i ]_w
[_w p o n o ]_w
[_w i s k i e ɾ t̪ a ]_w
[_w ɡ u e n d̪ a ]_w
[_w e n k a b e s a ]_w
[_w m e s e s ]_w
[_w a b l a j a d̪ ]_w
[_w s e s a ]_w
[_w a m i k o ]_w
[_w e s t̪ o ɾ i a ]_w
[_w k o n t̪ ɾ a t̪ a ]_w
[_w k a l a j a ]_w
[_w b a ɾ i o s ]_w
[_w n e ɡ o s i o n ]_w
[_w o n u ]_w
[_w m t̪ b ]_w
[_w l i s t̪ ɾ i d̪ o ]_w
[_w a p o k a ]_w
[_w p ɾ o k ɾ a ɾ ]_w
[_w ɡ ɾ a p a e l ]_w
[_w p o k a s i e n ]_w
[_w p o ɡ o ]_w
[_w n o d̪ a ]_w
[_w ɡ o ɾ e ɡ t̪ a ]_w
[_w o n e s ]_w
[_w p i a ]_w
[_w p u d̪ u ɾ o ]_w
[_w a ɡ u s a t̪ o ]_w
[_w h a ɾ t̪ i ɾ ]_w
[_w b i e t̪ n a m ]_w
[_w a ɾ e n a ]_w
[_w u d̪ i l i s a ]_w
[_w p ɾ o m e d̪ e ]_w
[_w p i d̪ e ]_w
[_w m u e ɾ d̪ o s ]_w
[_w b a s i k o ]_w
[_w s e p a ɾ ]_w
[_w s a p i t̪ a t̪ ]_w
[_w t̪ u ɾ o n ]_w
[_w w e b ]_w
[_w n a s k a ]_w
[_w n o ɾ m e ]_w
[_w s o l ]_w
[_w t̪ e n t̪ o n a ]_w
[_w e h i s t̪ e ]_w
[_w e s t̪ a k a ɾ ]_w
[_w p a l a s i o ]_w
[_w t̪ e ɾ o t̪ a ]_w
[_w ts i l e n a ]_w
[_w t̪ i e m b o ]_w
[_w ʎ a m a ]_w
[_w b e s i a s ]_w
[_w a l ɡ a n s e ]_w
[_w p e d̪ s a ]_w
[_w t̪ i k t̪ a d̪ o s ]_w
[_w m a e s t̪ ɾ a n ]_w
[_w e s p l i k o s ]_w
[_w b o ɾ m a n ]_w
[_w b e ŋ a ]_w
[_w e s t̪ ɾ o ]_w
[_w d̪ a n t̪ e ]_w
[_w a m b i o ]_w
[_w b ɾ i n k e ɾ ]_w
[_w i s t̪ o ɾ i ɡ o ]_w
[_w e ɾ o s ]_w
[_w b a s k o ]_w
[_w l a n s a ]_w
[_w ɾ u s o s ]_w
[_w k u l t̪ o ]_w
[_w p i ɡ u ɾ a ]_w
[_w o k u p o ]_w
[_w w e s t̪ e ]_w
[_w o l i b i a ]_w
[_w t̪ o m i ŋ o ]_w
[_w b a ɾ ]_w
[_w t̪ a d̪ o ]_w
[_w d̪ a ŋ ]_w
[_w p i e d̪ ɾ a s ]_w
[_w a b e ɾ d̪ i d̪ o ]_w
[_w ɾ e p a h o ]_w
[_w m o d̪ a ]_w
[_w t̪ i u d̪ a j ]_w
[_w a k a s ]_w
[_w b l a s o ]_w
[_w b u e n t̪ e ]_w
[_w m e d̪ i ɡ a ]_w
[_w e ɾ m a n ]_w
[_w m e n o ɾ ]_w
[_w a ɡ a b o ]_w
[_w k a l e n d̪ o s ]_w
[_w m u s i k o s ]_w
[_w e s k ɾ i p i ɾ ]_w
[_w b a l a s i a ]_w
[_w p a t̪ a ʎ a ]_w
[_w ɾ e u n i o n ]_w
[_w m a d̪ a s ]_w
[_w ɾ e l a t̪ o ]_w
[_w k i d̪ a ]_w
[_w p a m i l i a ]_w
[_w k o m b a n j ]_w
[_w k ɾ i d̪ a ]_w
[_w a n d̪ e ]_w
[_w p e s o s ]_w
[_w t̪ u m p a ]_w
[_w a m p l i ]_w
[_w b i e h o ]_w
[_w a p i o n e s ]_w
[_w e ɾ e n o s ]_w
[_w n e k o s ]_w
[_w p e n t̪ e ]_w
[_w p a s i o ]_w
[_w l o k ɾ a m a ]_w
[_w e b o k a d̪ o ]_w
[_w p u e ɾ o ]_w
[_w s o l o m e o ]_w
[_w o ɾ a s o n ]_w
[_w d̪ a m p i e n e ]_w
[_w k u i n d̪ a ]_w
[_w e n t̪ ɾ a ]_w
[_w b a m o s ]_w
[_w s e ɡ u ɾ s o ]_w
[_w a s e ɡ u n ]_w
[_w t̪ e s i s ]_w
[_w t̪ ɾ i s i ]_w
[_w m a ɾ i a ]_w
[_w d̪ e m p l o s ]_w
[_w b a u l ]_w
[_w p a ɾ i e d̪ a d̪ ]_w
[_w p e k a t̪ o ]_w
[_w ɡ a p e s ]_w
[_w n o d̪ i s i a o ]_w
[_w p ɾ i b a d̪ o ]_w
[_w a k u a n t̪ o ]_w
[_w k a ɾ n e ]_w
[_w e ŋ a ɲ a ]_w
[_w e l i s a ]_w
[_w k a l a j ]_w
[_w a ɾ e k l a ]_w
[_w d̪ a m e n ]_w
[_w a b i ɾ m a s ]_w
[_w ʎ a m a d̪ o ]_w
[_w s a m b l e d̪ a ]_w
[_w p l e i d̪ o ]_w
[_w b a ɾ i s ]_w
[_w b e ɾ i o ]_w
[_w a t̪ o ɾ ]_w
[_w a l b o ]_w
[_w e n e ɾ a l ]_w
[_w t̪ a ʎ a ]_w
[_w b ɾ u t̪ a ]_w
[_w a ɾ m o n i o ]_w
[_w p e ɾ e a ]_w
[_w t̪ ɾ a b a e l ]_w
[_w k u l b a b l e ]_w
[_w i n t̪ i a ]_w
[_w b a p u j ]_w
[_w t̪ e ɡ n i k a ]_w
[_w u p a s ]_w
[_w n o ɾ t̪ e n a s ]_w
[_w e s p a n t̪ o s ]_w
[_w s a l i t̪ a ɾ ]_w
[_w d̪ i e m b ɾ a ]_w
[_w m e t̪ ɾ i o ]_w
[_w s i u d̪ a t̪ e ]_w
[_w k u e ɾ n o ]_w
[_w o ɾ ɡ u ʎ o ]_w
[_w a k t̪ o ]_w
[_w ɾ a s o s ]_w
[_w u p i k a l ]_w
[_w k ɾ e a t̪ o ]_w
[_w t̪ i n a ]_w
[_w h u n t̪ a ]_w
[_w ɾ a b i o ]_w
[_w u t̪ s o n ]_w
[_w a t̪ k ]_w
[_w ɡ u e n t̪ e ]_w
[_w k l i m a n ]_w
[_w d̪ u m b e s o s ]_w
[_w ts a p a ɡ a ]_w
[_w ɡ o ɾ t̪ e ɲ a ]_w
[_w ɡ o n t̪ ɾ a ]_w
[_w d̪ ɾ i s ]_w
[_w p a ɾ t̪ i a ]_w
[_w k ɾ e a t̪ a s ]_w
[_w ɡ l u p e s ]_w
[_w p ɾ o n d̪ e s ]_w
[_w b a m i l i a ɾ ]_w
[_w d̪ i s k o ]_w
[_w e ɡ t̪ a ]_w
[_w d̪ e b o t̪ o s ]_w
[_w t̪ ɾ e n e s ]_w
[_w p i e n ]_w
[_w d̪ o t̪ a l ]_w
[_w n a d̪ a ]_w
[_w m i e m b ɾ o ]_w
[_w m o n a ɾ k i a ]_w
[_w p a n k o ]_w
[_w a m a b l e ]_w
[_w l u e ɡ o ]_w
[_w i n t̪ i k u l o ]_w
[_w n u k l e o ]_w
[_w a ɲ o s ]_w
[_w p l a t̪ o ɾ e ]_w
[_w d̪ a t̪ o ]_w
[_w n a s i d̪ a ɾ ]_w
[_w a ɾ m o n i a ]_w
[_w d̪ ɾ i k o ]_w
[_w d̪ e t̪ i k a ]_w
[_w a n t̪ e n ]_w
[_w d̪ i p i s i o ]_w
[_w e h i t̪ o s ]_w
[_w k a ɾ p o n o ]_w
[_w b a n t̪ o ]_w
[_w i n t̪ e ]_w
[_w s a ɡ ɾ a p o ]_w
[_w p e ts a s o ]_w
[_w h u a ɾ e n a ]_w
[_w a l k o ]_w
[_w n a s i t̪ o ]_w
[_w t̪ o l a ɾ ]_w
[_w t̪ o ɾ e s ]_w
[_w p e ɾ t̪ o n ]_w
[_w p ɾ a k a s o s ]_w
[_w o ɡ u ɾ e ]_w
[_w a t̪ b ]_w
[_w ɾ o m a n t̪ e ]_w
[_w e s t̪ a s i o n ]_w
[_w l a j u ŋ ]_w
[_w m i l i o ]_w
[_w s i t̪ u a d̪ o s ]_w
[_w k a ɾ i ɲ o ]_w
[_w a m p i a ]_w
[_w h a ɾ t̪ i t̪ o ]_w
[_w d̪ a m b i o ]_w
[_w t̪ e s i ɾ ]_w
[_w k a ʎ o ]_w
[_w ʎ e p a ]_w
[_w ɾ i t̪ m o ]_w
[_w p a n t̪ o ]_w
[_w b u e n t̪ a ]_w
[_w p e ɡ a t̪ a ]_w
[_w o ɾ ɡ a n o ]_w
[_w o ts o ]_w
[_w e n k a ɾ ɡ a ]_w
[_w t̪ i t̪ u l a ]_w
[_w b ɾ e ɲ a d̪ a ]_w
[_w b ɾ e s a ]_w
[_w o s p i d̪ a ]_w
[_w m e n s a ]_w
[_w k o m i t̪ a s ]_w
[_w e s t̪ ɾ e ʎ a ]_w
[_w t̪ a l e s ]_w
[_w p i p i a ]_w
[_w s i e d̪ a t̪ e s ]_w
[_w b i p i a ]_w
[_w d̪ a p l o ]_w
[_w ɾ ɡ a ]_w
[_w o ɾ t̪ e ]_w
[_w u l d̪ i b o s ]_w
[_w k l a u s u l a ]_w
[_w k u l e p ɾ a ɾ ]_w
[_w s i t̪ o ]_w
[_w t̪ e n o m i a ]_w
[_w o ɾ ɡ u ʎ o s o ]_w
[_w o a s i ]_w
[_w d̪ i a ɾ i o ]_w
[_w a t̪ m i t̪ i ]_w
[_w m a ɾ ɡ o ]_w
[_w a ɾ a ɡ t̪ e ɾ ]_w
[_w k u a d̪ ɾ a ]_w
[_w k a b o ]_w
[_w ɾ e u n i ɾ s e ]_w
[_w d̪ i p i d̪ o ]_w
[_w d̪ u b i e ɾ t̪ a ]_w
[_w p i ʎ b o a ɾ t̪ ]_w
[_w i s l a m ]_w
[_w m o d̪ e l e s ]_w
[_w k ɾ e a ]_w
[_w p e e b o ]_w
[_w a d̪ o n ]_w
[_w b a s e s ]_w
[_w b i b i ɾ ]_w
[_w l a ɾ k a o ]_w
[_w ʎ e b a n t̪ e ]_w
[_w p l a n a l ]_w
[_w p u n t̪ o s ]_w
[_w k u h i ]_w
[_w s i ŋ l e s ]_w
[_w k o n o m i a ]_w
[_w p e n i d̪ a s ]_w
[_w ɡ a n a n s i a ]_w
[_w t̪ ɾ a d̪ a ]_w
[_w ɾ a m a s k o ]_w
[_w u n a s ]_w
[_w o p s t̪ a n t̪ o ]_w
[_w j o u ɾ ]_w
[_w k o d̪ o n ]_w
[_w m a l ]_w
[_w p e ɾ o ]_w
[_w d̪ i s e ]_w
[_w p i ɾ h e n ]_w
[_w m a t̪ e o ]_w
[_w l u s e n ]_w
[_w o ɾ ɡ a n o s ]_w
[_w s e b a ɾ a ]_w
[_w i n k l u j e n ]_w
[_w l a n s a ɾ ]_w
[_w p a s t̪ o n ]_w
[_w t̪ i t̪ u l o ]_w
[_w m o n a ɾ k a ]_w
[_w k o t̪ o s ]_w
[_w a ɾ p o l ]_w
[_w b ɾ o i p i d̪ i ]_w
[_w k o b ɾ e ]_w
[_w l a t̪ i t̪ o ]_w
[_w l o n t̪ ɾ o l a ]_w
[_w a k e l ]_w
[_w k a ɾ i a ]_w
[_w i n t̪ i k a o ]_w
[_w a ɾ e s e ɾ b a ]_w
[_w p e n d̪ a o ]_w
[_w p ɾ e d̪ e ]_w
[_w o s e a n ]_w
[_w e n t̪ ɾ o ]_w
[_w o k u p a ɾ ]_w
[_w e s t̪ a d̪ u a s ]_w
[_w n u e p e ]_w
[_w i ɾ o k e s e s ]_w
[_w p i s o s ]_w
[_w k o n s e h o ]_w
[_w ɡ ɾ i s i o ]_w
[_w k o s t̪ a ]_w
[_w o u t̪ ]_w
[_w a b o s ]_w
[_w m a s a ]_w
[_w ɡ u n ]_w
[_w m o t̪ i b o ]_w
[_w ɡ l o ɾ i a ]_w
[_w p a d̪ i ŋ ]_w
[_w b l a n a l ]_w
[_w d̪ e s k a b a ]_w
[_w d̪ i b i s i t̪ o ]_w
[_w t̪ i k t̪ a t̪ o ]_w
[_w l i n t̪ a ]_w
[_w s i t̪ j ]_w
[_w a i ɾ e s ]_w
[_w ɾ e p e l a ]_w
[_w d̪ e n e ]_w
[_w b a ɾ k o ]_w
[_w a n t̪ e o n ]_w
[_w m i n i m o ]_w
[_w e d̪ e ɾ a l ]_w
[_w a l ɡ u n a s ]_w
[_w l o b e s i a l ]_w
[_w s i o n ]_w
[_w k ɾ a d̪ a d̪ o s ]_w
[_w b i ɾ m a s ]_w
[_w d̪ o m a s ]_w
[_w a ɾ t̪ i t̪ o s ]_w
[_w k ɾ e a t̪ o ɾ ]_w
[_w b i b e n ]_w
[_w ɾ a s o n e s ]_w
[_w p i k u ɾ a ]_w
[_w m o d̪ e l o ]_w
[_w t̪ e ts o ]_w
[_w s i d̪ u a ]_w
[_w m a ɾ d̪ a ]_w
[_w m i e m p o s ]_w
[_w m e d̪ ɾ o l ]_w
[_w i ɡ u e n k a s ]_w
[_w b a n n o n ]_w
[_w l u ɡ a ɾ ]_w
[_w t̪ u ɾ i l ]_w
[_w o p e t̪ a ]_w
[_w d̪ e o ɾ i a ]_w
[_w k o m e n s i a ]_w
[_w m u n t̪ s ]_w
[_w e h p u l s a ɾ ]_w
[_w h u t̪ i s i a ]_w
[_w l i t̪ e ɾ e s ]_w
[_w a k ɾ i m i n a ]_w
[_w a p i a ]_w
[_w ɾ a m a ]_w
[_w a n u n s i a ]_w
[_w p e ɾ d̪ a ]_w
[_w ʎ e k a ɾ ]_w
[_w t̪ ɾ e s e ]_w
[_w n o ɾ m a t̪ o ]_w
[_w p i n ]_w
[_w ɾ e d̪ u s i ɾ ]_w
[_w s u b o n e s ]_w
[_w a l e ɡ t̪ o ]_w
[_w k a s k o ]_w
[_w ɾ a b i a ]_w
[_w k o ɾ o n t̪ o ]_w
[_w n u k l e o s ]_w
[_w b i u ɾ a ]_w
[_w p m i ]_w
[_w d̪ u t̪ a ]_w
[_w b ɾ a n o ]_w
[_w a l a d̪ ]_w
[_w ɾ e ɡ t̪ a ]_w
[_w t̪ i p e ɾ d̪ o ]_w
[_w d̪ o t̪ o ]_w
[_w d̪ i e n e ]_w
[_w p o l i b a ɾ ]_w
[_w k o p i a ]_w
[_w d̪ ɾ o m b e s ]_w
[_w p a k t̪ o ɾ i a ]_w
[_w a s e ɡ u ɾ a ]_w
[_w a k o ɾ d̪ s ]_w
[_w p o l u n d̪ a ɾ ]_w
[_w m u n d̪ a t̪ o s ]_w
[_w s o l a ɾ ]_w
[_w p e d̪ e s e o ]_w
[_w ɾ e p i s t̪ a s ]_w
[_w t̪ e s t̪ ɾ e ʎ a ]_w
[_w ɡ a ɾ t̪ a ]_w
[_w a k u i l e ɾ a ]_w
[_w p ɾ o p a ]_w
[_w p u e s t̪ o ]_w
[_w s t̪ ɾ i k t̪ o ɾ ]_w
[_w p u s ɡ a ]_w
[_w p o s o ]_w
[_w d̪ i b o ]_w
[_w ɾ e i n a ]_w
[_w l e p a n t̪ e ]_w
[_w e h e ɾ s i o n ]_w
[_w d̪ e s t̪ ]_w
[_w s u s e d̪ e ]_w
[_w e h t̪ e ɾ i a ]_w
[_w ɾ e s i b i ɾ ]_w
[_w s u p ɾ a h i o ]_w
[_w d̪ ɾ o m b e s a ]_w
[_w l a m b a s ]_w
[_w h e n e ɾ a ]_w
[_w l o k a ]_w
[_w b e ɾ l a s ]_w
[_w s u p l a ]_w
[_w k u a ɾ d̪ i n ]_w
[_w k a m p i e n e ]_w
[_w a m b i d̪ o ]_w
[_w u t̪ i l i s i a ]_w
[_w h e b e ]_w
[_w i k o n i a l ]_w
[_w d̪ i o s e s o ɾ ]_w
[_w ɡ o ɾ o ]_w
[_w e m b i e n ]_w
[_w p a d̪ a ŋ a s ]_w
[_w b o l i d̪ i k o ]_w
[_w o b h e t̪ o s ]_w
[_w p ɾ o b a b l o ]_w
[_w ʎ e p o ]_w
[_w p e ɾ m i t̪ i ]_w
[_w k ɾ u b o s ]_w
[_w b u e ɾ s a ]_w
[_w d̪ e ɾ o ]_w
[_w m a ɾ s i a ]_w
[_w s e ɾ i a s ]_w
[_w b ɾ a s i a ]_w
[_w ɾ o m u l o ]_w
[_w p e ɾ t̪ i t̪ o ]_w
[_w m a k n o ]_w
[_w d̪ i ɾ e k t̪ o ]_w
[_w k o l o s ]_w
[_w k ɾ a s i a s ]_w
[_w s u b e ɾ a s ]_w
[_w d̪ e ɾ o t̪ i a ]_w
[_w k l a s i a ]_w
[_w a ɾ t̪ e s ]_w
[_w ɡ ɾ i s t̪ e n ]_w
[_w p a ɾ i o s ]_w
[_w p a t̪ i o ]_w
[_w p a ɾ e s t̪ o s ]_w
[_w t̪ i h o ]_w
[_w ɾ e ɡ l o ]_w
[_w p a u n a ]_w
[_w i s a a k ]_w
[_w l o ɾ e n s o ]_w
[_w a l a p l a n o ]_w
[_w k a m p i e n ]_w
[_w ɾ e s i o s ]_w
[_w ɾ e d̪ e ɾ a ]_w
[_w t̪ e s k a s e ɾ ]_w
[_w d̪ u l s e ]_w
[_w l e j e n d̪ a s ]_w
[_w a w a ɾ d̪ ]_w
[_w p u b l i ɡ a ]_w
[_w ɾ e b e ]_w
[_w t̪ i e n d̪ e ]_w
[_w k o n d̪ a ɲ a s ]_w
[_w e d̪ s a ]_w
[_w m u e ɾ t̪ e ]_w
[_w ɡ a l m a o ]_w
[_w i n d̪ e n a ]_w
[_w m o d̪ e ɾ ]_w
[_w a ɾ e ɡ l a ]_w
[_w a p ɾ o b a s ]_w
[_w b e s k a s e s ]_w
[_w d̪ ɾ a b e ]_w
[_w a ɾ e k l a ɾ a ]_w
[_w a ɾ m o n i a s ]_w
[_w m a n e ɾ a d̪ o ]_w
[_w p ɾ u e b a s ]_w
[_w i n d̪ i h e n a ]_w
[_w h p i i ]_w
[_w k u l t̪ o s ]_w
[_w m e s e d̪ a ]_w
[_w ɡ l u b ]_w
[_w p ɾ o i b i ]_w
[_w ɡ o n s u e l o ]_w
[_w b a s i o n ]_w
[_w ɾ e d̪ a ]_w
[_w p u b l i k a ]_w
[_w t̪ i ɾ o ]_w
[_w s a m a ɾ i a ]_w
[_w k a n o ]_w
[_w b u e d̪ e n ]_w
[_w a l e ɾ d̪ o n a ]_w
[_w p u e ɾ t̪ o s ]_w
[_w a b a k a n o ]_w
[_w t̪ o d̪ o s ]_w
[_w b e n e ɾ h i a ]_w
[_w t̪ i b e ɾ t̪ i o ]_w
[_w ɡ a ɲ a ]_w
[_w a p a b o ɾ ]_w
[_w d̪ a ʎ i ]_w
[_w s e l e u ɡ o ]_w
[_w o n s e s ]_w
[_w p ɾ o t̪ e h e ]_w
[_w o s i o ]_w
[_w s i d̪ u a l e s ]_w
[_w a ɲ o ]_w
[_w t̪ e s i t̪ i o ]_w
[_w a ɡ l a ɾ o ]_w
[_w t̪ e s k a ]_w
[_w s u p o n e ɾ ]_w
[_w b a l a b a ]_w
[_w e s p a ɲ a ]_w
[_w p a j a n a ]_w
[_w a l s a ]_w
[_w a ɾ e k l o ]_w
[_w u b i k a l ]_w
[_w ɾ a m a i ɡ ]_w
[_w a k t̪ ɾ i n a ]_w
[_w p o n e n ]_w
[_w i n t̪ i a l e s ]_w
[_w e l e h i d̪ o ]_w
[_w b ɾ a k t̪ i b a ]_w
[_w p i s e n ]_w
[_w a b l a n t̪ a ]_w
[_w k o m b l e o ]_w
[_w k ɾ u t̪ o ]_w
[_w a m e ɾ i k a ]_w
[_w k u n ]_w
[_w t̪ e b o ɾ t̪ e s ]_w
[_w k ɾ a b a e l ]_w
[_w p ɾ e d̪ i ɡ a ]_w
[_w p a s e s ]_w
[_w b ɾ o p a d̪ a ]_w
[_w ɾ e b i d̪ a ]_w
[_w e d̪ e ɾ ]_w
[_w a d̪ o b d̪ a t̪ a ]_w
[_w k i n s e ɾ o ]_w
[_w i m a h e ʎ a n ]_w
[_w a l p e o ]_w
[_w n o b i o ]_w
[_w t̪ e b i a ]_w
[_w o m o n i o ]_w
[_w ɾ o ts e s t̪ e ɾ ]_w
[_w b e ɾ e s e ]_w
[_w e n s i m a s ]_w
[_w l a ɾ ɡ o ]_w
[_w p u e ɾ t̪ a s ]_w
[_w ɡ o n b e n t̪ o ]_w
[_w t̪ e ɾ a ]_w
[_w k o l e h i d̪ o ]_w
[_w ʎ e ɡ a b a ]_w
[_w b a d̪ i ŋ ]_w
[_w t̪ u ɾ a l ]_w
[_w i n p i d̪ a ]_w
[_w n a s a ɾ o ʎ a ]_w
[_w e s k u e s t̪ o ]_w
[_w e s t̪ u t̪ i o ]_w
[_w p a t̪ ɾ e s ]_w
[_w o ɾ k a n i l a ]_w
[_w p ɾ o p e o s ]_w
[_w k o ɾ e a ]_w
[_w e s k ɾ i t̪ a ]_w
[_w s i e ɾ d̪ o s ]_w
[_w k a ɾ i b e ]_w
[_w p u d̪ i e n e ]_w
[_w b u e ɾ t̪ o ]_w
[_w p o l b e ]_w
[_w a ɾ e ɡ l o ]_w
[_w n a d̪ u ɾ a ]_w
[_w b e ɾ s i t̪ o s ]_w
[_w ɡ l u k o s a ]_w
[_w k o n s u e l o ]_w
[_w a k a p a s ]_w
[_w m a n t̪ a ɾ ]_w
[_w k a t̪ a b i ]_w
[_w ʎ e ɡ a n t̪ o ɾ ]_w
[_w n o m p ɾ a d̪ o ]_w
[_w a ɡ t̪ o ɾ i a ]_w
[_w p o s i s i o n ]_w
[_w e n ɾ i k e ]_w
[_w p u t̪ u ɾ o ]_w
[_w s o n i d̪ o s ]_w
[_w ʎ e k a b a ʎ o ]_w
[_w a b l i k a s ]_w
[_w d̪ o n ]_w
[_w p ɾ o b e a ]_w
[_w d̪ i b e ɾ d̪ a ]_w
[_w a b e s a s ]_w
[_w ɡ a ɾ b o n ]_w
[_w p e ɾ m i n a ɾ ]_w
[_w l a ŋ ]_w
[_w h u n t̪ a d̪ ]_w
[_w s e n a d̪ o ]_w
[_w p a ɡ a n o ]_w
[_w l a d̪ i n a ]_w
[_w b ɾ o n t̪ e ]_w
[_w m u n d̪ i a s ]_w
[_w o k u b o ]_w
[_w s a m p a ɾ a s ]_w
[_w ʎ e p a n d̪ a ɾ ]_w
[_w d̪ a h o ]_w
[_w ɡ o n s i k o ]_w
[_w p i a s ]_w
[_w l u s e n a t̪ o ]_w
[_w d̪ e u t̪ a ]_w
[_w ɡ u a d̪ ɾ o s ]_w
[_w i b a ɲ e s ]_w
[_w a b i a ]_w
[_w ts a p a k a ]_w
[_w ɾ e p i e ɾ d̪ a ]_w
[_w m o n t̪ ɾ e s ]_w
[_w e h t̪ e n d̪ ɾ o ]_w
[_w ɾ a p i o ]_w
[_w d̪ e n e ɾ o ]_w
[_w i n i s i o s ]_w
[_w m i n i s i o ]_w
[_w s i t̪ u a l e s ]_w
[_w d̪ u ɾ a s i o n ]_w
[_w b l o t̪ a ]_w
[_w d̪ o l o ɾ e s ]_w
[_w a n t̪ i k u a s ]_w
[_w a b l a n k o ]_w
[_w k u e n d̪ e ]_w
[_w s u s e d̪ i o ]_w
[_w ɡ ɾ e a ɾ ]_w
[_w ɾ a m a s ]_w
[_w i n k l u s o ]_w
[_w s u p e ɾ a t̪ o ]_w
[_w l o k ɾ a ɾ ]_w
[_w s ɲ ɾ ]_w
[_w h e o ɾ h e ]_w
[_w a k i l a j a ]_w
[_w b e s o ]_w
[_w b e t̪ a t̪ ]_w
[_w s i n d̪ e ]_w
[_w ts a ɾ l e ]_w
[_w b a i s a h e ]_w
[_w s i e m b ɾ o ]_w
[_w m e s k l a o ]_w
[_w n o e ]_w
[_w l e ŋ u a ]_w
[_w k u i t̪ a ]_w
[_w d̪ i u t̪ a t̪ o ]_w
[_w a ɾ o s a ]_w
[_w p a n t̪ a ɲ a ]_w
[_w i n t̪ e n t̪ o ]_w
[_w p ɾ o w n ]_w
[_w s a d̪ a n s e ]_w
[_w l a b o ɾ ]_w
[_w e s t̪ i ɾ a ]_w
[_w t̪ ɾ a i d̪ o ɾ a ]_w
[_w l o s o j a ]_w
[_w a ɾ d̪ i k u a ]_w
[_w d̪ i t̪ u l o ]_w
[_w n u m e ɾ o ]_w
[_w p e n s a b a ]_w
[_w ɡ o m b o n e ɾ ]_w
[_w b i a h e s ]_w
[_w m u s i k ]_w
[_w p o p l a t̪ a ]_w
[_w s a b a n s a ɾ ]_w
[_w t̪ e b o ɾ m a s ]_w
[_w n e s e s ]_w
[_w s u t̪ e s t̪ ]_w
[_w s u i s a ]_w
[_w b u n t̪ o ]_w
[_w m i n u t̪ o ]_w
[_w p a h o s ]_w
[_w b e s i e ]_w
[_w p l a n k o ]_w
[_w d̪ u m b a ]_w
[_w ɡ a ɾ ɡ o ]_w
[_w p e p i d̪ a ]_w
[_w m a n t̪ e s ]_w
[_w s e ɡ u n d̪ a ]_w
[_w p i l i b i a ]_w
[_w d̪ a d̪ o ]_w
[_w m e n o ɾ e s ]_w
[_w n o m p ɾ e ]_w
[_w i s a b e ]_w
[_w ɾ e h i o n a l ]_w
[_w p e n e ]_w
[_w s o n a ]_w
[_w e m b e s ]_w
[_w o t̪ i a ]_w
[_w m o d̪ i b o ]_w
[_w m a d̪ e ɾ a ]_w
[_w ɾ e b e l a ]_w
[_w p ɾ o d̪ u s e o ]_w
[_w p u e n a ]_w
[_w i t̪ a l ]_w
[_w d̪ a b i ]_w
[_w s e k u ɾ a ɾ ]_w
[_w p ɾ u t̪ o ]_w
[_w p a n d̪ e s ]_w
[_w m o n t̪ e ]_w
[_w a b i d̪ a s ]_w
[_w h u n t̪ o ]_w
[_w b a b l o ]_w
[_w s a ŋ u i n e ]_w
[_w ɾ e s i o s o ]_w
[_w m a ɾ ts a ]_w
[_w d̪ a o ]_w
[_w b i l i b i a ]_w
[_w b u e l t̪ o ]_w
[_w a n i m a l ]_w
[_w d̪ e l t̪ a ]_w
[_w e b e s o ]_w
[_w p u n d̪ o ]_w
[_w u ɾ b a n a ]_w
[_w k o n p e ɾ t̪ e ]_w
[_w ɾ e b i s t̪ a ]_w
[_w k o ɾ a s o s ]_w
[_w k o ɾ d̪ e n ]_w
[_w ɾ i d̪ m o ]_w
[_w m e ɾ i k a n ]_w
[_w p ɾ o m o b e ɾ ]_w
[_w n a s e ɾ ]_w
[_w o n t̪ o ]_w
[_w u s i ɡ a ]_w
[_w i d̪ a l ]_w
[_w o d̪ ɾ a s ]_w
[_w s i t̪ a ]_w
[_w s e ɡ t̪ a s ]_w
[_w k a n t̪ o ɾ n o ]_w
[_w b ɾ o m e t̪ e ]_w
[_w ɾ e s t̪ ɾ e ʎ a ]_w
[_w k i m i k o ]_w
[_w a n s i a s ]_w
[_w h e n e ɾ o s ]_w
[_w p ɾ o b i o s ]_w
[_w p o s t̪ o ]_w
[_w ɾ o h o ]_w
[_w b e ɾ s a ]_w
[_w d̪ o u ɾ ]_w
[_w t̪ e ɡ l i b e ]_w
[_w a d̪ o ɾ ]_w
[_w k a ɾ o s a ]_w
[_w m e t̪ i t̪ a s ]_w
[_w p a ɾ t̪ i s t̪ a ]_w
[_w k u m u d̪ ]_w
[_w u j u n ]_w
[_w d̪ i e n e s ]_w
[_w e t̪ a b l e ]_w
[_w k a n a t̪ o n ]_w
[_w k u i d̪ o s ]_w
[_w ɡ ɾ e a s ]_w
[_w ɾ e b o ɾ d̪ a n ]_w
[_w i s k i e ɾ e ]_w
[_w p i s i ɡ a l ]_w
[_w b a b l e ]_w
[_w e b i d̪ o ]_w
[_w o ɾ i e n d̪ e ]_w
[_w o ɾ d̪ e ]_w
[_w k o l o ɾ a t̪ o ]_w
[_w a s e ɡ u ɾ o ]_w
[_w p ɾ u d̪ o ]_w
[_w t̪ e h o ]_w
[_w a ɾ a n e d̪ e ]_w
[_w d̪ i t̪ i a ]_w
[_w ɡ o n t̪ ɾ o ]_w
[_w s a b u d̪ ]_w
[_w a ɾ i k a ɾ ]_w
[_w m o t̪ a ]_w
[_w ɾ i t̪ o ]_w
[_w s e n s i b a ]_w
[_w k o n t̪ a d̪ o ]_w
[_w a d̪ ɾ e s ]_w
[_w o ɾ d̪ e s a l e ]_w
[_w s i p ɾ i a ]_w
[_w m a b i n i ]_w
[_w e n d̪ e ɾ a ]_w
[_w a d̪ a n ]_w
[_w b u ŋ u l ]_w
[_w a ɾ d̪ i d̪ o s ]_w
[_w d̪ a p a s ]_w
[_w a b l a n t̪ ]_w
[_w p e ɾ d̪ u ɾ a ]_w
[_w ɡ o l o m e o ]_w
[_w ɾ e l i e b e ]_w
[_w m e n d̪ o ]_w
[_w p e s a ]_w
[_w t̪ e m b l a s o ]_w
[_w d̪ i b e ɾ d̪ i ]_w
[_w m o d̪ o ]_w
[_w k l u ɡ o s a ]_w
[_w s i m p o ]_w
[_w ɾ u m b o ]_w
[_w t̪ ɾ u e n o ]_w
[_w k ɾ a t̪ o ]_w
[_w b i s i o ]_w
[_w p a i l e ]_w
[_w m u e s t̪ o ]_w
[_w a l k o n ]_w
[_w t̪ e s b u e s ]_w
[_w s e n d̪ ɾ o ]_w
[_w e ɾ i t̪ a ]_w
[_w p ɾ i m e ɾ a s ]_w
[_w d̪ e s o n ɾ a ]_w
[_w p e ɾ d̪ ]_w
[_w e s p e d̪ a d̪ ]_w
[_w a t̪ u b a ŋ ]_w
[_w t̪ i b i d̪ i ]_w
[_w m a l a s i o n ]_w
[_w a ɾ m a o ]_w
[_w i n e d̪ i t̪ a d̪ ]_w
[_w n o b l e ]_w
[_w p a t̪ ɾ e ]_w
[_w m o t̪ i p o ]_w
[_w b o l i s ]_w
[_w p ɾ i b a l ]_w
[_w p a ɾ ɡ o ]_w
[_w a p ɾ i k a ]_w
[_w k a n d̪ o ]_w
[_w n a d̪ i o n ]_w
[_w s i m b l e a ]_w
[_w a p a h a ɾ ]_w
[_w s i k l a s e ]_w
[_w k o m b a ɲ i a ]_w
[_w b l a n k o ]_w
[_w s e s i t̪ e ]_w
[_w k a n a d̪ a l ]_w
[_w p l o h o ]_w
[_w d̪ e b e n s a ]_w
[_w a p l i ɡ a ]_w
[_w t̪ e d̪ i k a ]_w
[_w a k s e s o ]_w
[_w n e ɡ o s i o ]_w
[_w a ɡ t̪ i b o ]_w
[_w ɾ e n d̪ a ]_w
[_w a ɾ i b e ]_w
[_w s i k u e ]_w
[_w p ɾ o n d̪ e ɾ a ]_w
[_w p e n t̪ a l u s ]_w
[_w a l u m p ɾ a ]_w
[_w a ɾ a n e d̪ a ]_w
[_w k l a s i a l ]_w
[_w b i a s ]_w
[_w d̪ e h a ɾ ]_w
[_w d̪ ɾ a b a ]_w
[_w ɾ a j ]_w
[_w s e n t̪ ɾ a ]_w
[_w a b i e ɾ d̪ a ]_w
[_w k a s t̪ i k a ]_w
[_w d̪ e ɡ l a ]_w
[_w ɡ a l t̪ e ɾ a l ]_w
[_w b o s i s i o ]_w
[_w k a ɾ e ɾ a ]_w
[_w b u s o ]_w
[_w k ɾ i e ɡ a ]_w
[_w m o d̪ i p o s ]_w
[_w u n i t̪ a s ]_w
[_w ɾ a p i d̪ a ]_w
[_w k o n s i n a ]_w
[_w t̪ i s k u b ɾ i ]_w
[_w p i s t̪ i n ]_w
[_w s e ɡ u n t̪ a ]_w
[_w ɾ e j e n d̪ e ]_w
[_w e s s e n a ]_w
[_w d̪ u ɾ a s ]_w
[_w u ɾ p a n o ]_w
[_w b ɾ a k t̪ e ɾ ]_w
[_w l o ɡ ɾ o ]_w
[_w ɾ o b a ]_w
[_w b u e ɾ a ]_w
[_w k l a ɾ o ]_w
[_w k u a t̪ ɾ o s ]_w
[_w b a ɾ e h a ]_w
[_w k ɾ i m i n a l ]_w
[_w a l t̪ e ɾ a ]_w
[_w a d̪ e n a o ]_w
[_w e s p a n d̪ o ]_w
[_w p e ɾ s e ɾ o ]_w
[_w ɾ u d̪ a s ]_w
[_w t̪ i s k u d̪ i ]_w
[_w o ɾ t̪ e n ]_w
[_w p o d̪ e ɡ a d̪ o ]_w
[_w a b o k a ]_w
[_w a p u e ɾ a s ]_w
[_w s e ɡ o ]_w
[_w s e m a n a d̪ a ]_w
[_w l i p ɾ a ]_w
[_w e s p e ɾ t̪ ]_w
[_w t̪ e n o ]_w
[_w u ɾ b a n o s ]_w
[_w ɾ e l a d̪ i n ]_w
[_w b e n t̪ o ]_w
[_w k u e n t̪ e ]_w
[_w a b a n s a ]_w
[_w p a s i l i a s ]_w
[_w e s p e s i a s ]_w
[_w t̪ e ɾ m i t̪ i ]_w
[_w k o ɾ t̪ s ]_w
[_w h e o p a ]_w
[_w l o b e ]_w
[_w a p o j a t̪ o ]_w
[_w p u e l t̪ o ]_w
[_w o d̪ i a s ]_w
[_w d̪ e s i e ɾ o n ]_w
[_w a l b e ɾ ɡ a ]_w
[_w h a b o n e n ]_w
[_w m a ɾ s o ]_w
[_w a ɾ e k l a m o ]_w
[_w a s e d̪ i o ]_w
[_w s u s i t̪ o s ]_w
[_w l i b e ɾ s e ɾ ]_w
[_w t̪ ɾ a p a h o ]_w
[_w e h i s t̪ ɾ a ]_w
[_w d̪ ɾ a p e s ]_w
[_w ɡ o m b o n e ]_w
[_w i n u d̪ o ]_w
[_w a b e ɾ s i o s ]_w
[_w d̪ i s k o s ]_w
[_w d̪ i e m b o ]_w
[_w n a s i d̪ o ]_w
[_w s i ɾ b i o ]_w
[_w k e m o d̪ o ]_w
[_w a h u n t̪ a o ]_w
[_w ɾ i t̪ u a d̪ o s ]_w
[_w k a n t̪ a o ]_w
[_w a t̪ ɾ a ]_w
[_w a p a ɾ e s i e ]_w
[_w l i n d̪ a ]_w
[_w ɾ e k o n o s ]_w
[_w d̪ i ɾ e k t̪ a ]_w
[_w b u e ɾ t̪ o s ]_w
[_w a m p i e n e ]_w
[_w s u ɾ h i o ]_w
[_w d̪ e p o s ]_w
[_w k o m i t̪ a ]_w
[_w l o ŋ h i d̪ u d̪ ]_w
[_w b a ɾ i ɡ a ]_w
[_w a n t̪ e ɾ a d̪ o ]_w
[_w ɾ e s i e s ]_w
[_w t̪ e b i o ]_w
[_w u e l ɡ a ]_w
[_w s i e t̪ a d̪ ]_w
[_w b u d̪ b o l ]_w
[_w a d̪ e n d̪ e s ]_w
[_w t̪ e t̪ i ɡ a ]_w
[_w h u d̪ i s a o ]_w
[_w k a ɾ o ]_w
[_w p u e l t̪ a ]_w
[_w ɡ ɾ i m a s ]_w
[_w p a s i b a ]_w
[_w p ɾ a s i a ]_w
[_w b e ɾ m i n o ]_w
[_w a s n o ]_w
[_w b l a n ]_w
[_w i t̪ l e ɾ ]_w
[_w e n t̪ ɾ e ɡ a ]_w
[_w k o n d̪ ɾ e s e ]_w
[_w k a b i t̪ a ]_w
[_w m a n d̪ e ]_w
[_w l a s t̪ i m a ]_w
[_w t̪ i ts a s ]_w
[_w k u l d̪ u ɾ a s ]_w
[_w t̪ e ɾ i a l ]_w
[_w k a n t̪ o n a o ]_w
[_w b a ɾ a p o b o ]_w
[_w k a s e s ]_w
[_w s a p i o n ]_w
[_w t̪ a l e n d̪ o ]_w
[_w ɾ o m a n a s ]_w
[_w k ɾ e a ɾ ]_w
[_w o s s i l a n ]_w
[_w b a l a j ]_w
[_w t̪ e ɾ m i n o ]_w
[_w s e s i t̪ a ɾ a ]_w
[_w s e ɾ d̪ e ]_w
[_w a l a p o s ]_w
[_w a l k a n s i a ]_w
[_w p i b i ]_w
[_w m o n t̪ ɾ o l ]_w
[_w a t̪ ɾ a s ]_w
[_w a s i e d̪ e ]_w
[_w p a i l a ]_w
[_w u s t̪ e ]_w
[_w e s k l a ]_w
[_w a b ɾ i a ]_w
[_w h u i s i a l ]_w
[_w ɾ e ɡ l a ɾ a ]_w
[_w d̪ e n s i b e ]_w
[_w e s t̪ a d̪ o ]_w
[_w i t̪ e a s ]_w
[_w h a b o n e ]_w
[_w i p a ]_w
[_w t̪ i s k o ]_w
[_w o h i h e n a ]_w
[_w t̪ a t̪ o s ]_w
[_w l e d̪ i a ]_w
[_w b i e l ]_w
[_w a ɾ o s ]_w
[_w d̪ e h a s ]_w
[_w i k l e s i a s ]_w
[_w t̪ e ɾ b e k t̪ o ]_w
[_w m a n t̪ u b o ]_w
[_w i n d̪ i o ]_w
[_w i n i s t̪ ɾ i d̪ ]_w
[_w p a m a ]_w
[_w e s k o h i d̪ a ]_w
[_w p a ɾ i a t̪ a ]_w
[_w e ŋ a ɲ a d̪ o ɾ ]_w
[_w t̪ e b o l b e ɾ ]_w
[_w s i l i d̪ a ɾ ]_w
[_w k u j a n ]_w
[_w s i t̪ u a t̪ a s ]_w
[_w b a t̪ a ]_w
[_w s i ɾ e n e ]_w
[_w p i h o ]_w
[_w m i k u e ]_w
[_w b a e s ]_w
[_w e s t̪ a b a ]_w
[_w p u p l i ɡ a ]_w
[_w i n t̪ e ɾ e s ]_w
[_w ɾ e p i e ɾ t̪ a ]_w
[_w p u d̪ i s t̪ a ]_w
[_w p i k t̪ o ]_w
[_w t̪ a t̪ a ]_w
[_w d̪ e ɾ e s t̪ o s ]_w
[_w t̪ ɾ o p i k a ]_w
[_w m a ɾ i n a s ]_w
[_w s i e ɾ t̪ a ]_w
[_w s a ɡ a ]_w
[_w d̪ ɾ u e n o ]_w
[_w k l u p e s ]_w
[_w i n s i p a ]_w
[_w h u s t̪ i s i a ]_w
[_w s o l i s t̪ a ]_w
[_w m o n t̪ e ɾ ]_w
[_w e s k ɾ i b i ]_w
[_w k o n m i k o ]_w
[_w k a m p i a ]_w
[_w ɾ e ɡ o ɾ i d̪ o ]_w
[_w p u e d̪ e ]_w
[_w h u d̪ i o s ]_w
[_w d̪ i b i s i l ]_w
[_w p a s i a ]_w
[_w ɾ e s u l d̪ a ]_w
[_w a l t̪ u ɾ a n ]_w
[_w d̪ i e n t̪ e ]_w
[_w t̪ e ɾ e s e ]_w
[_w b u e s ]_w
[_w p a t̪ a ]_w
[_w d̪ i p i s i n a ]_w
[_w t̪ e m o n i m o ]_w
[_w k o d̪ o s ]_w
[_w u s t̪ e t̪ e s e ]_w
[_w p a n t̪ a ɾ ]_w
[_w s e n t̪ ɾ o l ]_w
[_w k i n s e s a ]_w
[_w p l a d̪ o ]_w
[_w k a ɾ i b i o ]_w
[_w m e s k l a ]_w
[_w m a ɲ a n a ]_w
[_w ɾ u ɾ a l e s ]_w
[_w o n s e h o s ]_w
[_w s e n ]_w
[_w m a ɾ i t̪ o ]_w
[_w b l e i d̪ o ]_w
[_w i n d̪ u ɾ a ]_w
[_w k o ɾ o n t̪ e ]_w
[_w d̪ u ɾ m i ]_w
[_w t̪ a l a ɡ a ]_w
[_w p e n i t̪ a s ]_w
[_w w a t̪ ]_w
[_w s u ɾ e s t̪ o ]_w
[_w ʎ e k a d̪ a ]_w
[_w e n d̪ ɾ e ]_w
[_w p ɾ o t̪ u s e n ]_w
[_w k a s i o n ]_w
[_w a d̪ u p a ŋ ]_w
[_w ɡ a ɾ p o l e s ]_w
[_w b ɾ e m a ]_w
[_w l i p e ɾ a n o ]_w
[_w m a n d̪ a o ]_w
[_w ɡ a s a ]_w
[_w i ɾ l a t̪ ]_w
[_w k o m b ɾ e ]_w
[_w e s t̪ a d̪ i o ]_w
[_w t̪ o m i n a ɾ ]_w
[_w t̪ ɾ o a s ]_w
[_w d̪ o ɾ n o ]_w
[_w i s k i e ɾ ]_w
[_w k e b ɾ a ]_w
[_w s u p ɾ i t̪ o ]_w
[_w ɡ a n t̪ a ]_w
[_w o m e n o s ]_w
[_w d̪ e s i s i o ]_w
[_w k o ɾ i o ]_w
[_w a k a t̪ ɾ e ]_w
[_w t̪ e l u p i o ]_w
[_w b a l o m a ]_w
[_w e ɾ m a n t̪ e ]_w
[_w k a m i s t̪ a n ]_w
[_w s i t̪ a ɾ ]_w
[_w e s e n ]_w
[_w s e ɡ t̪ o s ]_w
[_w a ɾ i a b l e ]_w
[_w ɡ l a ɾ o ]_w
[_w a ɾ e a s ]_w
[_w k u a ɾ t̪ o ]_w
[_w e s p e d̪ a ]_w
[_w p e ts a s ]_w
[_w b u e l t̪ a ]_w
[_w u l t̪ i p a o ]_w
[_w p a l a s i o n ]_w
[_w l u s e n a ]_w
[_w t̪ e ɾ m i n o s ]_w
[_w a k a b a ]_w
[_w t̪ u ɾ a ]_w
[_w k a l i l e a ]_w
[_w k a n t̪ o n s e ]_w
[_w p e n t̪ a n ]_w
[_w ɡ o t̪ o n ]_w
[_w a p o s o ]_w
[_w d̪ e b o s i d̪ o ]_w
[_w b o s e e n ]_w
[_w s e ɲ o ]_w
[_w p e h e ɾ ]_w
[_w k u a d̪ ɾ o ]_w
[_w s o ɾ i a s ]_w
[_w ɡ o ɾ a s i o n ]_w
[_w k a b e s a ]_w
[_w b ɾ e s ]_w
[_w l u i s a ]_w
[_w h o ɾ h e ]_w
[_w o b t̪ e n e ɾ ]_w
[_w p e ɾ n a ɾ ]_w
[_w n e k o s i o ]_w
[_w ɾ a t̪ i o ]_w
[_w e s t̪ u t̪ i a ]_w
[_w k o n s i ɡ o ]_w
[_w ɾ e s t̪ o ]_w
[_w s i d̪ a ]_w
[_w m a l a ]_w
[_w p e t̪ s a i t̪ a ]_w
[_w ʎ e ɡ a d̪ o ]_w
[_w d̪ e n s i a s ]_w
[_w b i p i ]_w
[_w a b a ]_w
[_w l o h i a ]_w
[_w d̪ i b e ɾ s a ]_w
[_w s e n d̪ ɾ i a ]_w
[_w e u ɾ o p e a ]_w
[_w ɾ e a l e s ]_w
[_w p a ɾ ɡ a ]_w
[_w ɡ a ŋ u i a ]_w
[_w b e i s p o n e ]_w
[_w m a ɡ a ]_w
[_w b i k u ɾ a ]_w
[_w b ɾ o b e ts a ]_w
[_w e b i t̪ a ]_w
[_w e m b l o s ]_w
[_w b u n d̪ o ]_w
[_w i m b a ɡ t̪ o ]_w
[_w a b l i k o s ]_w
[_w d̪ ɾ i p u n a l ]_w
[_w k u l d̪ i b o ]_w
[_w p e n t̪ a h a ]_w
[_w o ɾ i n t̪ o ]_w
[_w d̪ i b i t̪ o ]_w
[_w k a p o ]_w
[_w a b l a ɾ ]_w
[_w s a l e h a ]_w
[_w a l t̪ i t̪ u l a ]_w
[_w ɡ a d̪ o ]_w
[_w a b ɾ e n d̪ a ]_w
[_w s o s i a l ]_w
[_w t̪ e m o n i a ]_w
[_w m a j o ɾ e s ]_w
[_w a b e n d̪ e ]_w
[_w s a b e ɾ s e ]_w
[_w d̪ u ɡ ]_w
[_w ɾ i o s ]_w
[_w a p ɾ i d̪ o ]_w
[_w k a n a l ]_w
[_w k o ɡ o ]_w
[_w s i n t̪ o ]_w
[_w s a l b a u d̪ ]_w
[_w s i d̪ u a l ]_w
[_w n a s e ]_w
[_w e ɾ m a n o s ]_w
[_w p i e n e n ]_w
[_w a k e ʎ a s ]_w
[_w a j u t̪ a ɾ ]_w
[_w d̪ ɾ a b i k o s ]_w
[_w s u p ɾ i ɾ ]_w
[_w m u s i ɡ a l ]_w
[_w m a ɾ ɡ a ]_w
[_w k o n s o l a ]_w
[_w p i h a s i o n ]_w
[_w s u s e s o ɾ ]_w
[_w n u m e ɾ o s ]_w
[_w n a s i t̪ a ]_w
[_w l i e ]_w
[_w e l e ɡ t̪ o s ]_w
[_w a u d̪ o n o m a ]_w
[_w k a s t̪ i k o ]_w
[_w n o ɾ t̪ e n a ]_w
[_w k ɾ a p a h o ]_w
[_w p e s t̪ i ɾ a ]_w
[_w p e s e s ]_w
[_w ɾ k a ]_w
[_w ʎ e p a n t̪ a ]_w
[_w ɾ e a l i d̪ a ɾ ]_w
[_w s i ɾ ɡ u l o ]_w
[_w s e t̪ e ɾ n a ]_w
[_w d̪ u e ɾ o n ]_w
[_w a b e n d̪ o ]_w
[_w b a ɡ b i l a ɾ ]_w
[_w d̪ e ɾ s i t̪ o n ]_w
[_w p u u k ]_w
[_w t̪ o k t̪ o ɾ ]_w
[_w k ɾ a b o b o ]_w
[_w p i ɾ m a ]_w
[_w b a l a s i k o ]_w
[_w k o n t̪ ɾ o s ]_w
[_w e ɾ m o ]_w
[_w u p i ɡ a l ]_w
[_w s a m b a ɾ a ]_w
[_w a b e n a s ]_w
[_w ɡ a n s i o ]_w
[_w p a l i e n t̪ o ]_w
[_w a u k u ɾ o ]_w
[_w l o k ɾ a d̪ u a ]_w
[_w e h i s t̪ ɾ o ]_w
[_w a s p e k t̪ o s ]_w
[_w h u s t̪ o ]_w
[_w k o n t̪ e n a ]_w
[_w s e ɡ t̪ o ]_w
[_w n e ɡ o s ]_w
[_w d̪ e ɾ i o ]_w
[_w s o ɾ i a ]_w
[_w m a ɾ i n o s ]_w
[_w m o n e d̪ a s ]_w
[_w b e p ɾ e ɾ o ]_w
[_w o t̪ o ɲ o ]_w
[_w k u l d̪ i b a o ]_w
[_w m u n t̪ o ]_w
[_w t̪ e s a ɾ o ʎ o ]_w
[_w d̪ o d̪ o s ]_w
[_w t̪ i ts o ]_w
[_w d̪ e s a d̪ a ]_w
[_w m a d̪ e ɾ i a s ]_w
[_w p u e s t̪ o s ]_w
[_w t̪ o l t̪ a o ]_w
[_w p e n s a h e ]_w
[_w p i o ]_w
[_w i n p a s i a l ]_w
[_w k a ɾ b o n o ]_w
[_w ɾ e l i h ]_w
[_w m u s i k a l ]_w
[_w h e n i e n t̪ e ]_w
[_w a b i a o ]_w
[_w ɾ o ts e s d̪ e ]_w
[_w e s t̪ u d̪ i a s ]_w
[_w l a t̪ ɾ o ]_w
[_w l o ɾ d̪ ]_w
[_w p i b l i a ]_w
[_w a t̪ e m i s ]_w
[_w p e o ɾ ]_w
[_w t̪ i a ɾ i o s ]_w
[_w a s e i d̪ e ]_w
[_w p u s ]_w
[_w p a n o ]_w
[_w b ɾ e n t̪ e ɾ a ]_w
[_w o b e p ]_w
[_w p a ɾ a i s ]_w
[_w k e m a o ]_w
[_w k a b e s a ɾ ]_w
[_w ɾ e d̪ i ɾ a d̪ o ]_w
[_w p e l i p e ]_w
[_w t̪ e s t̪ a ɡ a n ]_w
[_w s e p e t̪ e o ]_w
[_w d̪ o d̪ o ]_w
[_w e n k o n t̪ ɾ a ]_w
[_w a s e p t̪ a n ]_w
[_w m s n m ]_w
[_w b ɾ o h i m a s ]_w
[_w p o e m a ]_w
[_w i n d̪ e ɾ e s ]_w
[_w p ɾ u e p a ]_w
[_w u m e t̪ a t̪ ]_w
[_w u e s o ]_w
[_w b a m o s a ]_w
[_w l e p ɾ a ]_w
[_w p u d̪ a d̪ o s ]_w
[_w s i u d̪ a d̪ o s ]_w
[_w t̪ a l i a ]_w
[_w k o l o n ]_w
[_w b e n s a b a n ]_w
[_w m a t̪ e ɾ ]_w
[_w m i ɡ a ]_w
[_w a b i a n ]_w
[_w h u d̪ a i s m o ]_w
[_w t̪ a b l e ]_w
[_w k a n a ɾ i a ]_w
[_w p i n t̪ o ɾ ]_w
[_w o ɾ i e n t̪ e ]_w
[_w d̪ e s t̪ e ɾ ]_w
[_w a ɡ a ɾ a ]_w
[_w p a ʎ e d̪ ]_w
[_w i n d̪ i a l ]_w
[_w w i t̪ n e j ]_w
[_w a n t̪ a ɲ a s ]_w
[_w e s t̪ i t̪ o ]_w
[_w p o ɾ m e s ]_w
[_w m a n d̪ a ]_w
[_w d̪ e h o ]_w
[_w e b e n t̪ a ]_w
[_w s i e t̪ e ]_w
[_w i n a u k u ɾ o ]_w
[_w b l a b i o n ]_w
[_w b ɾ o b a s ]_w
[_w d̪ e s t̪ a s ]_w
[_w k o m e ɾ ]_w
[_w s e a n o ]_w
[_w a t̪ u p a ]_w
[_w a u t̪ o n o ]_w
[_w p o ɾ m e ]_w
[_w a n t̪ ɾ e k a ]_w
[_w p a k u t̪ o ]_w
[_w a s e k u n ]_w
[_w d̪ ɾ a p e ]_w
[_w b o s k e ]_w
[_w a m e n ]_w
[_w m e n s a ɾ ]_w
[_w p a t̪ i ɡ o ]_w
[_w ɾ i t̪ u a l ]_w
[_w s a b e l ]_w
[_w i p a n ]_w
[_w b u d̪ a ]_w
[_w l i s t̪ ɾ a ]_w
[_w p ɾ e ɡ u ɾ a o ]_w
[_w p ɾ o t̪ u h o ]_w
[_w s t̪ ɾ i ɡ t̪ o ]_w
[_w a b l i ɡ o s ]_w
[_w a b l a ]_w
[_w ɡ a b i d̪ a o ]_w
[_w k a s t̪ o ]_w
[_w d̪ a n s a ɾ ]_w
[_w a k u s a t̪ o ɾ ]_w
[_w k l o b o s ]_w
[_w b a s e o ]_w
[_w p o ɾ d̪ e n ]_w
[_w b a ɾ i ɡ a s ]_w
[_w ɾ e s t̪ o s ]_w
[_w b o n ]_w
[_w s i e n t̪ ɾ a ]_w
[_w l a b u l a ɾ ]_w
[_w h e s u s i d̪ a ]_w
[_w e h i s t̪ ɾ a ɾ ]_w
[_w e h b u l s a ɾ ]_w
[_w ɾ e l a d̪ o s ]_w
[_w s i e n s i p a ]_w
[_w s e k ɾ e ]_w
[_w p i t̪ a n i a ]_w
[_w b a s a d̪ o ]_w
[_w h e n i e n t̪ a ]_w
[_w s a n t̪ o ɾ ]_w
[_w u l d̪ i b o ]_w
[_w a m p ɾ e ]_w
[_w m i n a ]_w
[_w k o ɾ j ]_w
[_w n i b e l e s ]_w
[_w d̪ i s d̪ ɾ i a ]_w
[_w k a m a ]_w
[_w u n i t̪ a d̪ ]_w
[_w d̪ o l e t̪ o ]_w
[_w p u l i ŋ ]_w
[_w p ɾ e s k o ]_w
[_w ɡ l a u s u l a ]_w
[_w k o ɾ d̪ e n e ]_w
[_w d̪ a l ]_w
[_w p i i ]_w
[_w ɾ e s u l t̪ o ]_w
[_w s i m i ʎ a ]_w
[_w b ɾ e b a h o ]_w
[_w k ɾ i t̪ i k o ]_w
[_w p i d̪ e o ]_w
[_w s o l d̪ a d̪ ]_w
[_w k a ɾ e d̪ e s ]_w
[_w a l k u n a ]_w
[_w d̪ i ɾ i h i n a ]_w
[_w o p i s i l ]_w
[_w k o n t̪ i n e l ]_w
[_w m e ɾ i d̪ a ]_w
[_w p u l u k ]_w
[_w p i ɡ o ]_w
[_w ʎ e k o ]_w
[_w s u ɾ e s t̪ a ]_w
[_w b ɾ o i b i ]_w
[_w b i e ɾ o n ]_w
[_w a ɾ b o l e s ]_w
[_w b l a n o ]_w
[_w i n p a s i o ]_w
[_w a l a b l a ]_w
[_w k o s i n a ]_w
[_w e ʎ o ]_w
[_w p a ɾ e s e ɾ ]_w
[_w p ɾ i s i ]_w
[_w b i p o s ]_w
[_w t̪ e p e ɾ a n o ]_w
[_w u s t̪ e t̪ e s ]_w
[_w p ɾ o b a o ]_w
[_w a ɾ d̪ i d̪ o ]_w
[_w a ɡ t̪ i p o ]_w
[_w k o ɾ o n a t̪ o ]_w
[_w d̪ o d̪ a s ]_w
[_w m e ɾ k a n o ]_w
[_w p a k a n ]_w
[_w a l p o ]_w
[_w p l a s a ]_w
[_w p a ɾ i a b l e ]_w
[_w a k l a ɾ a ]_w
[_w a k t̪ u a l e s ]_w
[_w a l p u m ]_w
[_w s u t̪ e s t̪ a ]_w
[_w o k u p a ]_w
