[_w a r̪ ɔ m ɔ ɡ ]_w
[_w k a s i ]_w
[_w m a n̪ a n̪ ]_w
[_w t̪ i l̪ a ]_w
[_w l̪ a r̪ a j ]_w
[_w n̪ a u n̪ ɔ r̪ a n̪ ]_w
[_w n̪ a n̪ a j ]_w
[_w m i j ]_w
[_w p ɛ d̪ ɛ ɡ ]_w
[_w s u k ɔ ŋ ]_w
[_w l̪ ɛ t̪ a ɡ a n̪ ]_w
[_w n̪ a a r̪ a l̪ ]_w
[_w r̪ ɔ s a l̪ ]_w
[_w n̪ u n̪ ɔ t̪ ]_w
[_w d̪ a r̪ a j a n̪ ]_w
[_w l̪ u a ]_w
[_w k i n̪ ɛ r̪ ɛ l̪ ]_w
[_w i ɡ a m i ]_w
[_w a ŋ ɡ a t̪ ]_w
[_w k ɛ n̪ ]_w
[_w n̪ a ɡ a r̪ ɔ ɡ ]_w
[_w m a a m ɔ t̪ ]_w
[_w n̪ a k a l̪ a j ]_w
[_w p a ŋ u s ]_w
[_w a m a k a n̪ a ]_w
[_w s ɛ l̪ j ]_w
[_w l̪ ɔ r̪ ɛ m ]_w
[_w i n̪ ɔ m p u k ]_w
[_w t̪ j a ]_w
[_w a r̪ ɔ a n̪ ]_w
[_w s a k i d̪ a n̪ ]_w
[_w a m a t̪ ]_w
[_w n̪ a k a l̪ a ]_w
[_w n̪ i n̪ ɛ ŋ n̪ ɛ ŋ ]_w
[_w k ɔ r̪ n̪ ɛ l̪ i ɔ ]_w
[_w s a n̪ d̪ i a n̪ ]_w
[_w ɡ a b a d̪ ɛ j ]_w
[_w a p a l̪ s a ]_w
[_w k a s a m a n̪ ]_w
[_w t̪ ɛ ɛ n̪ ]_w
[_w n̪ ɔ a ɡ t̪ a ]_w
[_w n̪ a t̪ u s a n̪ ]_w
[_w t̪ a n̪ ]_w
[_w i j a n̪ ]_w
[_w m a u ɡ ɛ s ]_w
[_w i m p ɛ s ]_w
[_w n̪ i n̪ ɔ m p u k ]_w
[_w i b a p a l̪ a n̪ ]_w
[_w a n̪ t̪ a a n̪ ]_w
[_w t̪ ɔ ɔ ]_w
[_w t̪ ɔ a k ]_w
[_w p a ŋ d̪ a ]_w
[_w ɔ n̪ s a p i ]_w
[_w a n̪ t̪ ɔ ]_w
[_w d̪ i n̪ ]_w
[_w ɡ a w a ]_w
[_w a n̪ t̪ ɔ ɛ j ]_w
[_w a m a a r̪ a l̪ ]_w
[_w m a n̪ l̪ a m a ŋ ]_w
[_w k a a r̪ ɔ ]_w
[_w ɡ a m a l̪ ]_w
[_w p a l̪ ɛ k ]_w
[_w l̪ a j a ɡ ]_w
[_w m a a b i k ]_w
[_w i r̪ a t̪ ]_w
[_w s a n̪ i d̪ ɔ ]_w
[_w b a n̪ t̪ a j ]_w
[_w k ɔ p i ɛ r̪ n̪ ɔ ]_w
[_w s a l̪ a t̪ ]_w
[_w ɔ ɡ t̪ ɔ r̪ ]_w
[_w p a n̪ ɛ k n̪ ɛ k ]_w
[_w u n̪ ɔ ŋ ]_w
[_w l̪ i ŋ ɔ ]_w
[_w u n̪ ɔ r̪ ]_w
[_w s a l̪ m i ŋ ]_w
[_w m a ŋ a l̪ i ]_w
[_w p a t̪ u l̪ ɔ j ]_w
[_w a n̪ a k ɛ w ]_w
[_w a ɡ a ]_w
[_w ɔ r̪ a s ]_w
[_w u n̪ t̪ u m p ɔ k ]_w
[_w i i l̪ a l̪ ɔ n̪ ]_w
[_w s u m l̪ a ŋ ]_w
[_w s ɔ n̪ d̪ a j a n̪ ]_w
[_w i n̪ t̪ i l̪ ]_w
[_w p i l̪ a l̪ a j ]_w
[_w m a n̪ i l̪ a k ]_w
[_w m i a s a w a ]_w
[_w i j a ɡ ]_w
[_w s i ɡ a ]_w
[_w ɔ a l̪ a t̪ ]_w
[_w t̪ a k l̪ ɛ ɛ j ]_w
[_w b a j u ŋ ]_w
[_w u l̪ ɔ ɡ ]_w
[_w m a n̪ a ŋ a r̪ ɔ ]_w
[_w a n̪ t̪ i ]_w
[_w b u r̪ ɔ n̪ ]_w
[_w k a j a r̪ i a j ]_w
[_w i b ɛ l̪ j a ]_w
[_w m a s l̪ a k ]_w
[_w a ŋ k a ]_w
[_w n̪ a n̪ k i m ɛ j ]_w
[_w i r̪ a j a ]_w
[_w n̪ a n̪ a b ]_w
[_w p l̪ a n̪ ɔ ]_w
[_w l̪ i n̪ m a w a j ]_w
[_w l̪ a d̪ a j ]_w
[_w w a t̪ t̪ a d̪ ]_w
[_w m ɔ j ]_w
[_w i l̪ ɔ k ɔ ]_w
[_w k i w a s ]_w
[_w a b a j ]_w
[_w a ŋ ɡ a w a ]_w
[_w k a n̪ ɛ n̪ ]_w
[_w ɡ a p a j a r̪ i ]_w
[_w i n̪ a w a t̪ ]_w
[_w k r̪ i s i s ]_w
[_w n̪ a r̪ ŋ ɛ l̪ ]_w
[_w i n̪ i b ɔ n̪ ]_w
[_w b a t̪ ɛ j ]_w
[_w m a ŋ a r̪ ɔ ]_w
[_w i ŋ ɛ n̪ ]_w
[_w p i n̪ i l̪ i ]_w
[_w s ɛ ŋ ɛ ɡ ]_w
[_w ŋ a r̪ a n̪ ]_w
[_w k a t̪ a ]_w
[_w b a t̪ ɔ ]_w
[_w a s ɔ t̪ ]_w
[_w m a n̪ a l̪ ɔ ]_w
[_w i s t̪ i l̪ a ɡ ]_w
[_w a ɡ n̪ i ]_w
[_w m a ŋ a l̪ a ]_w
[_w s a r̪ a t̪ a ]_w
[_w m a n̪ a a n̪ ]_w
[_w a ŋ a n̪ ]_w
[_w p ɛ r̪ s ɔ n̪ a l̪ ]_w
[_w ɔ n̪ p a w i l̪ ]_w
[_w d̪ a ɡ l̪ ɛ ɛ j ]_w
[_w t̪ r̪ i n̪ ]_w
[_w p i d̪ u l̪ ɔ n̪ ]_w
[_w ɔ n̪ k i w a w a ]_w
[_w l̪ u ɡ a s ]_w
[_w s i k a d̪ ɔ j a ]_w
[_w k a m i ]_w
[_w m ɛ m b r̪ ɛ ]_w
[_w k a i l̪ i ]_w
[_w n̪ ɔ n̪ ɔ t̪ ɛ n̪ ]_w
[_w l̪ u r̪ ɛ m ]_w
[_w t̪ i a t̪ ]_w
[_w n̪ a k a n̪ ]_w
[_w s i t̪ ɛ ]_w
[_w p a s t̪ ɔ l̪ ]_w
[_w l̪ i ŋ w a n̪ ]_w
[_w ɡ a b ɔ a n̪ ]_w
[_w p r̪ u t̪ a s ]_w
[_w s h ɛ ɔ l̪ ]_w
[_w p a n̪ a n̪ a n̪ ]_w
[_w i m b a t̪ ɛ j ]_w
[_w r̪ a j a ]_w
[_w l̪ ɔ k ɔ s ]_w
[_w t̪ a w a ɡ ]_w
[_w a p a l̪ t̪ u a ]_w
[_w b i n̪ i l̪ i ]_w
[_w b i s k ɛ k ]_w
[_w k r̪ u s ]_w
[_w s u p r̪ i m ɛ n̪ ]_w
[_w u ŋ ɔ l̪ ]_w
[_w b ɛ l̪ a t̪ ]_w
[_w m a ɡ a a w a t̪ ]_w
[_w t̪ a n̪ t̪ ɔ ]_w
[_w i j a n̪ a k ]_w
[_w t̪ i n̪ a r̪ i ɔ ]_w
[_w d̪ i n̪ a w i d̪ ]_w
[_w s a l̪ a m ɔ r̪ ɔ ]_w
[_w l̪ i ŋ ɔ a n̪ ]_w
[_w t̪ i n̪ a l̪ s a j ]_w
[_w i ŋ ɛ t̪ ]_w
[_w t̪ a n̪ t̪ a a n̪ ]_w
[_w s u k i ]_w
[_w s a m p a ŋ ]_w
[_w ɡ a p u s ɔ l̪ ]_w
[_w p ɔ l̪ a i ŋ ]_w
[_w ɔ n̪ j ɔ r̪ u ŋ ]_w
[_w k a ɔ ɛ s ]_w
[_w a n̪ a k a i p a ]_w
[_w s i k a ]_w
[_w k r̪ i k ɔ ]_w
[_w k a ɔ n̪ a n̪ ]_w
[_w a j u j a ŋ ]_w
[_w w a t̪ j a r̪ i a ]_w
[_w p i n̪ a ɔ a ]_w
[_w a r̪ a m a n̪ ]_w
[_w b i l̪ a j ]_w
[_w a ŋ ɡ a w a m ]_w
[_w m a m a ɛ k a l̪ ]_w
[_w d̪ a ɡ ɛ l̪ ]_w
[_w i p a ŋ a d̪ ]_w
[_w p u l̪ ɔ j a n̪ ]_w
[_w s a n̪ l̪ i k ɛ t̪ ]_w
[_w i l̪ i w ]_w
[_w n̪ a u s a r̪ ]_w
[_w k ɔ n̪ t̪ r̪ a ]_w
[_w s a b a t̪ ]_w
[_w a s n̪ ɔ ɡ ]_w
[_w s a n̪ k a n̪ a ]_w
[_w s ɔ p u l̪ ]_w
[_w a m a ]_w
[_w k ɛ n̪ t̪ a n̪ ]_w
[_w n̪ a ɡ ŋ ɛ l̪ ]_w
[_w p ɔ n̪ u a n̪ ]_w
[_w i b a b a ɡ ]_w
[_w r̪ ɛ l̪ a s ]_w
[_w h ɛ h ɛ ]_w
[_w n̪ u b i ɔ ]_w
[_w t̪ a l̪ u s a n̪ ]_w
[_w ɔ m b a n̪ ɔ j ]_w
[_w p a t̪ ɔ n̪ ]_w
[_w i n̪ a w a m ]_w
[_w s a k ɔ ]_w
[_w d̪ a m p ɔ ]_w
[_w b a j b a j ]_w
[_w a n̪ d̪ i a n̪ ]_w
[_w l̪ a n̪ a ŋ a s i ]_w
[_w p a n̪ a ŋ ]_w
[_w u n̪ a a n̪ t̪ i ŋ ]_w
[_w ɔ n̪ b a w i ɛ n̪ ]_w
[_w s ɛ s a r̪ ɛ n̪ ]_w
[_w n̪ i b a w i l̪ ]_w
[_w s i ɡ u r̪ ɔ n̪ ]_w
[_w h ɛ r̪ ɔ d̪ ɛ s ]_w
[_w n̪ a ɔ l̪ i d̪ ]_w
[_w p ɛ r̪ n̪ a r̪ t̪ a ]_w
[_w m a m p u t̪ i n̪ ]_w
[_w t̪ ɛ ŋ ɛ l̪ ]_w
[_w a n̪ t̪ i d̪ a n̪ ]_w
[_w a k i n̪ ]_w
[_w ɔ n̪ k ɛ r̪ ɛ w ]_w
[_w b a l̪ k ɛ s ]_w
[_w s a k i d̪ ]_w
[_w a b ɛ b a n̪ ]_w
[_w a k t̪ a j ɔ r̪ ]_w
[_w a n̪ ɛ ŋ n̪ ɛ ŋ ]_w
[_w p i ɡ l̪ a ]_w
[_w l̪ i n̪ a w a ]_w
[_w b i l̪ u ŋ ɛ t̪ ]_w
[_w a b a j a ɡ ]_w
[_w p a l̪ ɛ ɡ ]_w
[_w p ɔ l̪ i s ]_w
[_w n̪ a a n̪ ]_w
[_w k a t̪ ]_w
[_w a n̪ a ɡ ]_w
[_w b a r̪ ɡ ɔ ]_w
[_w u l̪ n̪ ɔ s ]_w
[_w w ɔ r̪ l̪ t̪ ]_w
[_w s i n̪ u m l̪ a ŋ ]_w
[_w i ɡ u a n̪ t̪ a t̪ ]_w
[_w k i ɔ l̪ i ]_w
[_w w a l̪ a a n̪ ]_w
[_w k a j ]_w
[_w b a j a r̪ i a n̪ ]_w
[_w l̪ a t̪ a ]_w
[_w n̪ a a w a t̪ ]_w
[_w ɛ l̪ ɛ l̪ ]_w
[_w s i s t̪ ɛ m a ]_w
[_w b i b i ŋ ]_w
[_w u l̪ ɔ k ]_w
[_w n̪ a n̪ l̪ i k ɛ t̪ ]_w
[_w i b a k ]_w
[_w a m ɔ ]_w
[_w ɡ u s i n̪ a ]_w
[_w p n̪ ɔ j ]_w
[_w i s s n̪ ]_w
[_w ɔ m p i s k ɛ k ]_w
[_w m a n̪ ŋ a r̪ a ]_w
[_w i j a a m ɔ t̪ ]_w
[_w k l̪ i m a ]_w
[_w m a ɡ a s i ]_w
[_w i t̪ ɛ r̪ ]_w
[_w p a ŋ p a l̪ ɛ k ]_w
[_w t̪ u a n̪ ]_w
[_w i b ɔ l̪ i t̪ ]_w
[_w i j a p u l̪ ]_w
[_w t̪ a t̪ ]_w
[_w i s a p i t̪ ]_w
[_w t̪ ɔ n̪ j ]_w
[_w t̪ i a ɡ ɔ ]_w
[_w n̪ i a j ]_w
[_w b a ŋ a n̪ ]_w
[_w a m b ɛ l̪ a t̪ ]_w
[_w m a s i m ɔ n̪ ]_w
[_w w a t̪ j a ]_w
[_w ɔ m p a w a j ]_w
[_w i n̪ k u a n̪ ]_w
[_w k ɔ r̪ a ]_w
[_w i n̪ d̪ ɛ r̪ ɔ n̪ ]_w
[_w a r̪ a l̪ ]_w
[_w w a l̪ a n̪ ]_w
[_w i p a l̪ i t̪ a n̪ ]_w
[_w ɔ l̪ ɔ ]_w
[_w b a ŋ u l̪ ɔ j ]_w
[_w p a ɡ a ]_w
[_w a j a n̪ ]_w
[_w p ɔ p ɔ l̪ i t̪ ]_w
[_w n̪ a u n̪ ]_w
[_w ɛ b a d̪ ]_w
[_w k ɛ t̪ ɛ p ]_w
[_w k u w a r̪ t̪ a ]_w
[_w b a s i k ]_w
[_w t̪ a r̪ ɛ m ]_w
[_w i m b i r̪ n̪ ɔ ]_w
[_w l̪ ɛ ɡ a n̪ ]_w
[_w i d̪ a j ]_w
[_w m a k s a k ɛ j ]_w
[_w n̪ a d̪ ɔ ]_w
[_w a s i n̪ ]_w
[_w d̪ a j a ]_w
[_w j ɔ r̪ u ŋ ]_w
[_w a m a k ]_w
[_w n̪ a r̪ u m ɔ k ]_w
[_w k a s a l̪ ]_w
[_w k l̪ a s i ]_w
[_w n̪ ɛ n̪ ]_w
[_w d̪ a ɔ n̪ ]_w
[_w a s i p l̪ ɛ t̪ ]_w
[_w s a n̪ l̪ a b u ]_w
[_w s i b i ŋ ]_w
[_w p ɔ n̪ t̪ i ]_w
[_w p a n̪ a k i n̪ ]_w
[_w k u a n̪ t̪ a j ]_w
[_w d̪ a r̪ a j ]_w
[_w m a s a n̪ d̪ ɔ n̪ ]_w
[_w r̪ ɔ m a ]_w
[_w s a r̪ a ]_w
[_w t̪ ɛ d̪ a l̪ j a ]_w
[_w p i l̪ a j ]_w
[_w k a n̪ k a n̪ a ]_w
[_w i m p a k a n̪ ]_w
[_w i r̪ a j a n̪ ]_w
[_w k ɔ n̪ ɔ j ]_w
[_w p a s i k a s i ]_w
[_w u l̪ ɛ s ]_w
[_w p a m a n̪ ]_w
[_w i k u ɡ a ɔ ]_w
[_w s i l̪ ɛ w ]_w
[_w k a j a r̪ ]_w
[_w n̪ a ɡ a k i ɛ w ]_w
[_w ɔ ɔ n̪ u r̪ ]_w
[_w a r̪ m a d̪ a m ]_w
[_w i n̪ s a ɡ i t̪ i ]_w
[_w i ɡ a ɡ a m ]_w
[_w k a i p a k a ]_w
[_w ɡ a r̪ ɛ ɛ n̪ ]_w
[_w s u r̪ ]_w
[_w p ɔ s i b l̪ ɛ t̪ ]_w
[_w i n̪ s i p a j ]_w
[_w a n̪ d̪ ɔ ]_w
[_w b a k i s ɛ n̪ ]_w
[_w i m p ɛ n̪ ɛ ɡ ]_w
[_w p a a n̪ ]_w
[_w ɔ n̪ ɔ n̪ a ]_w
[_w m a s u l̪ ɔ ɡ ]_w
[_w m a s n̪ a k ]_w
[_w l̪ ɛ l̪ ɛ ɡ ]_w
[_w k r̪ i ɛ k ɔ n̪ ]_w
[_w b a n̪ a ɔ a ]_w
[_w ɔ n̪ ɔ n̪ a n̪ ]_w
[_w b ɔ s ɔ ]_w
[_w i ɡ a n̪ ]_w
[_w m i r̪ a n̪ ]_w
[_w i b a s ɛ n̪ ]_w
[_w i m p a a n̪ ]_w
[_w n̪ a p a ŋ a d̪ ]_w
[_w n̪ a b i k ]_w
[_w a l̪ a p ]_w
[_w l̪ u s ɛ ɡ ]_w
[_w a r̪ r̪ ɔ j ɔ ]_w
[_w b a t̪ i k ]_w
[_w m a n̪ ɔ ɛ n̪ ]_w
[_w l̪ a r̪ a ]_w
[_w ɛ b ɛ ɡ ]_w
[_w ɔ s b i t̪ a ]_w
[_w a k a j ɔ t̪ ]_w
[_w n̪ a ɔ m a n̪ ]_w
[_w k a r̪ a n̪ ]_w
[_w m i ɡ a s ]_w
[_w s a j a ]_w
[_w k a b i t̪ l̪ a ]_w
[_w m a n̪ ŋ a r̪ a j ]_w
[_w i n̪ a s i n̪ ]_w
[_w s i n̪ m i b u d̪ ]_w
[_w h ɛ b r̪ ɛ ɔ ]_w
[_w b ɔ r̪ ɔ ɔ a ]_w
[_w n̪ i b a w a j ]_w
[_w i n̪ a w a k ]_w
[_w m a n̪ k ɛ l̪ a w ]_w
[_w ɔ s a ɔ s a ]_w
[_w t̪ i l̪ i j ]_w
[_w a k i n̪ ɔ ]_w
[_w k ɛ r̪ ɛ w ]_w
[_w k u j a ]_w
[_w b ɛ r̪ n̪ a b ɛ n̪ ]_w
[_w p a n̪ d̪ a j ]_w
[_w k a n̪ t̪ i ]_w
[_w t̪ i n̪ ɛ ŋ ɛ n̪ ]_w
[_w i n̪ d̪ i l̪ a a n̪ ]_w
[_w s ɔ l̪ ɔ m ɔ n̪ ]_w
[_w m i s m ɔ ]_w
[_w t̪ r̪ i p u ]_w
[_w i n̪ j a ɡ ]_w
[_w d̪ i n̪ i p u k ]_w
[_w d̪ u a r̪ a ]_w
[_w p a d̪ ɛ j ]_w
[_w u r̪ a n̪ ]_w
[_w a k i p a ɡ i ]_w
[_w i m p a t̪ ɛ j ]_w
[_w h i ɡ h ]_w
[_w n̪ a a r̪ a l̪ ɛ n̪ ]_w
[_w l̪ i w a w a ]_w
[_w s a n̪ i t̪ r̪ i n̪ ]_w
[_w s a j ]_w
[_w a ŋ ɡ a n̪ ]_w
[_w a t̪ s i ŋ ]_w
[_w w a l̪ n̪ a ]_w
[_w d̪ ɛ s s i ɛ ]_w
[_w s i k a t̪ ɔ ]_w
[_w p ɛ ɡ ɛ t̪ ]_w
[_w m i k ɛ r̪ ]_w
[_w k a s i n̪ ]_w
[_w k a r̪ i ]_w
[_w l̪ a u t̪ ]_w
[_w p a ŋ a t̪ ]_w
[_w p a t̪ i r̪ ]_w
[_w b a ŋ ɡ a ]_w
[_w l̪ i m ]_w
[_w p i s i ŋ ]_w
[_w s ɔ n̪ i t̪ ɔ ]_w
[_w a r̪ a w i ]_w
[_w ŋ a r̪ a j a j ]_w
[_w w a l̪ a t̪ ɛ n̪ ]_w
[_w b i n̪ m a b i j ]_w
[_w a m ɛ r̪ i k a ]_w
[_w k i r̪ i n̪ ]_w
[_w s a r̪ a d̪ ]_w
[_w s ɛ ɛ d̪ ]_w
[_w l̪ i ŋ ɛ t̪ ]_w
[_w n̪ a a l̪ m ɔ a n̪ ]_w
[_w k a t̪ ɛ k a t̪ ]_w
[_w b a l̪ i ]_w
[_w d̪ u a k ]_w
[_w b a ŋ u s ]_w
[_w k a ɡ a k a r̪ ]_w
[_w k l̪ ɔ r̪ i a ]_w
[_w p a m p a l̪ ]_w
[_w b ɛ ŋ a t̪ ]_w
[_w d̪ i n̪ m ɛ j a ɡ ]_w
[_w k u l̪ d̪ u r̪ a n̪ ]_w
[_w t̪ a i ]_w
[_w m a p t̪ ɛ ɡ a n̪ ]_w
[_w a k d̪ a ]_w
[_w l̪ i ɔ a n̪ ]_w
[_w l̪ a b u t̪ ]_w
[_w a t̪ ɛ r̪ a l̪ ]_w
[_w s i k a r̪ a ɡ ]_w
[_w s a l̪ ɔ d̪ ɔ ]_w
[_w a r̪ ɔ n̪ ]_w
[_w w i n̪ ]_w
[_w u n̪ p ɔ ɛ m ɛ t̪ ]_w
[_w i n̪ a ŋ u p ]_w
[_w a l̪ i w a w a ]_w
[_w p i ɡ ɔ l̪ ]_w
[_w m ɛ t̪ l̪ a n̪ ]_w
[_w p ɛ b ɛ ]_w
[_w s i b a j ]_w
[_w s a l̪ i ɛ n̪ ]_w
[_w k ɛ b ɛ t̪ ]_w
[_w a r̪ i t̪ i ɔ s ]_w
[_w i ŋ ɡ a ]_w
[_w a l̪ ɔ ɡ ]_w
[_w a b u t̪ ]_w
[_w k r̪ a s j a ]_w
[_w i s i a ]_w
[_w l̪ ɛ t̪ a ɡ a ]_w
[_w k ɔ n̪ i ɡ ɔ n̪ ]_w
[_w p a r̪ a d̪ ]_w
[_w i i l̪ a l̪ ɔ ]_w
[_w a m a ɔ l̪ i ]_w
[_w l̪ i s t̪ a ]_w
[_w ɔ n̪ t̪ a n̪ ]_w
[_w a w i r̪ a n̪ ]_w
[_w a k a k a w ]_w
[_w h a l̪ ɔ h a l̪ ɔ ]_w
[_w l̪ a l̪ ɔ a n̪ ]_w
[_w u n̪ i ɔ n̪ ]_w
[_w a t̪ i l̪ a ]_w
[_w a a l̪ a ]_w
[_w s u p ɔ d̪ ]_w
[_w k a b ɔ ]_w
[_w k a r̪ w a h i ]_w
[_w ɛ t̪ ɔ m ]_w
[_w d̪ j u s ]_w
[_w k r̪ i s t̪ a ]_w
[_w b i l̪ i ]_w
[_w d̪ i ɔ s ]_w
[_w ɔ ɔ ɔ p s ]_w
[_w a ŋ i k a l̪ ]_w
[_w b u s a ]_w
[_w a ŋ h ɛ l̪ ]_w
[_w i k u a n̪ ]_w
[_w p a n̪ ɛ ɡ n̪ ɛ ɡ ]_w
[_w ɛ l̪ ɛ ŋ ]_w
[_w t̪ a n̪ a ɔ j ]_w
[_w a l̪ a k a ]_w
[_w i t̪ a k ]_w
[_w b i l̪ i n̪ ]_w
[_w ɔ t̪ ɛ l̪ ]_w
[_w s ɔ j ]_w
[_w i r̪ a b ]_w
[_w n̪ a i m a n̪ ɔ n̪ ]_w
[_w m a ɔ ŋ ]_w
[_w p i k a n̪ ]_w
[_w m a n̪ a n̪ a n̪ ]_w
[_w i m b a k a ɡ ]_w
[_w t̪ i ɡ a ]_w
[_w k u l̪ a p ]_w
[_w u n̪ ɛ j a k ]_w
[_w a m p u ŋ a j ]_w
[_w d̪ u a r̪ a n̪ ]_w
[_w i l̪ a b a t̪ i ]_w
[_w s i k a n̪ ]_w
[_w a k a b ɛ s ]_w
[_w i b a l̪ a ŋ ]_w
[_w l̪ i n̪ a k ]_w
[_w m a i m p i t̪ a ]_w
[_w b a ɡ k i a ɔ ]_w
[_w m a p l̪ i n̪ ]_w
[_w p a r̪ t̪ i a ]_w
[_w p i a n̪ ]_w
[_w k a ɡ a w a ]_w
[_w s i ɔ p a j ]_w
[_w d̪ i d̪ u l̪ ɔ n̪ ]_w
[_w s ɛ k s ɛ k a ŋ ]_w
[_w n̪ i t̪ u m a ]_w
[_w s a n̪ t̪ ɔ ɛ j ]_w
[_w n̪ a p a n̪ ]_w
[_w ɡ a p i a n̪ ]_w
[_w a n̪ a k ]_w
[_w k a u k ɔ l̪ a n̪ ]_w
[_w ɔ ɔ n̪ l̪ a ]_w
[_w p a m b u t̪ i n̪ ]_w
[_w a r̪ a r̪ ɔ k ]_w
[_w u l̪ b ɔ ]_w
[_w s a ŋ s a ŋ a n̪ ]_w
[_w p ɛ r̪ ɔ ]_w
[_w ɡ a l̪ a ]_w
[_w i m b a n̪ ]_w
[_w m a s ɛ ɛ t̪ ]_w
[_w b a r̪ n̪ a s u ]_w
[_w p r̪ ɔ s j u r̪ ]_w
[_w i ŋ ɡ a b ]_w
[_w k a l̪ a ]_w
[_w t̪ ɔ d̪ ]_w
[_w ɔ n̪ k a n̪ a k ɔ ]_w
[_w m a d̪ ]_w
[_w b a ŋ ]_w
[_w s i ɡ u r̪ a t̪ ɔ ]_w
[_w s a ɡ p a j ]_w
[_w i n̪ ɔ n̪ ]_w
[_w t̪ i p ɔ n̪ ]_w
[_w n̪ a n̪ a b ɛ ]_w
[_w s a l̪ u j ɔ t̪ ]_w
[_w t̪ a m a s k ɔ ]_w
[_w k u m a t̪ w a ]_w
[_w n̪ a i r̪ a b ]_w
[_w k r̪ u p ɔ ]_w
[_w i t̪ d̪ a n̪ ]_w
[_w k ɔ m u j ]_w
[_w n̪ i s u l̪ a t̪ ]_w
[_w t̪ ɔ d̪ ɔ ɔ d̪ ]_w
[_w d̪ i l̪ a ]_w
[_w ɔ n̪ ɔ n̪ a a n̪ ]_w
[_w t̪ a n̪ t̪ a ɡ ɔ t̪ ]_w
[_w m a n̪ l̪ a p u t̪ ]_w
[_w a ɡ ɛ w ]_w
[_w m a l̪ a j s a j ]_w
[_w d̪ u a ]_w
[_w s i r̪ a n̪ ]_w
[_w a p a j ]_w
[_w m a n̪ ɔ ]_w
[_w ɡ ɔ r̪ ɔ n̪ a ]_w
[_w d̪ a n̪ ]_w
[_w k u m a n̪ ]_w
[_w a w a r̪ a n̪ ]_w
[_w ɔ l̪ ɛ k ]_w
[_w i k u l̪ ]_w
[_w k i n̪ m a d̪ ]_w
[_w k a ɡ a l̪ ]_w
[_w r̪ ɛ ɡ i ɔ n̪ ]_w
[_w a m p a ŋ a ]_w
[_w d̪ i n̪ a ɡ ]_w
[_w s a n̪ ]_w
[_w k a n̪ j a n̪ ]_w
[_w t̪ a l̪ a n̪ t̪ s ]_w
[_w a w ɛ j ]_w
[_w m a a n̪ t̪ i ŋ ]_w
[_w t̪ a j t̪ a j ]_w
[_w m a n̪ a ]_w
[_w ɡ a r̪ ɡ a ]_w
[_w t̪ a b u l̪ ɔ j ]_w
[_w ɡ ɔ r̪ d̪ i ]_w
[_w a ɡ ɛ j ]_w
[_w i n̪ a t̪ ɛ t̪ ɛ l̪ ]_w
[_w m a n̪ d̪ i a j ]_w
[_w p ɛ k t̪ ɔ ]_w
[_w p i n̪ a j ɛ s ]_w
[_w a p ɔ ]_w
[_w p i s t̪ a j ]_w
[_w k a n̪ j a ]_w
[_w s i b ɔ r̪ ]_w
[_w a l̪ ɛ ɡ ]_w
[_w p ɛ ɡ t̪ a ]_w
[_w n̪ a t̪ a j ]_w
[_w ɡ a j a r̪ i a ]_w
[_w a n̪ d̪ ɔ r̪ a n̪ ]_w
[_w i m p a ]_w
[_w p i n̪ j ɔ n̪ ]_w
[_w ɡ a l̪ a ŋ ]_w
[_w ɔ n̪ u r̪ ɛ n̪ ]_w
[_w a b a l̪ a n̪ ɛ n̪ ]_w
[_w a p i l̪ a j ]_w
[_w s u s t̪ ɔ ]_w
[_w t̪ a ɡ a ]_w
[_w d̪ r̪ a ɡ ɔ n̪ ]_w
[_w l̪ i w a j ]_w
[_w h ɛ p r̪ ɛ ɔ n̪ ]_w
[_w i n̪ a ɔ ]_w
[_w k i n̪ a w a ]_w
[_w l̪ ɔ b u j ]_w
[_w a l̪ ɛ k ]_w
[_w p a r̪ i ]_w
[_w b i n̪ a p ɔ a n̪ ]_w
[_w b a n̪ ɔ ]_w
[_w a s a w a ]_w
[_w ɔ l̪ ɛ j ]_w
[_w s i r̪ i a ]_w
[_w a l̪ i m b a ]_w
[_w b ɛ a r̪ l̪ j ]_w
[_w ɔ n̪ d̪ a w a k ]_w
[_w i i d̪ ɛ r̪ ]_w
[_w l̪ a u t̪ l̪ a t̪ ]_w
[_w k r̪ ɛ d̪ a ]_w
[_w m a n̪ a m a n̪ ]_w
[_w b ɛ t̪ a ŋ ]_w
[_w t̪ u w ɛ ɡ ]_w
[_w d̪ a l̪ a k i ]_w
[_w d̪ i n̪ a r̪ a l̪ ]_w
[_w i ŋ ɡ a n̪ ɔ ]_w
[_w ɔ n̪ s i a n̪ ]_w
[_w l̪ ɔ k a n̪ ]_w
[_w l̪ a b i s k ɛ k ]_w
[_w m a a t̪ j a ŋ ]_w
[_w a b a l̪ a w ]_w
[_w k a m i n̪ ]_w
[_w a p r̪ i l̪ ]_w
[_w ɛ a s t̪ ɛ r̪ ]_w
[_w r̪ a j a n̪ ]_w
[_w n̪ a n̪ l̪ ɔ ŋ ]_w
[_w k a k a w a a n̪ ]_w
[_w t̪ a j ɔ ]_w
[_w s a n̪ s a l̪ a t̪ ]_w
[_w b u ɛ n̪ ɔ ]_w
[_w n̪ i b i i n̪ ]_w
[_w s ɛ s ɛ k ]_w
[_w k a r̪ a ]_w
[_w t̪ i n̪ a p l̪ i n̪ ]_w
[_w n̪ ɔ j n̪ ɔ j ]_w
[_w n̪ i t̪ ]_w
[_w k i n̪ ]_w
[_w i b a i ŋ a n̪ ɔ ]_w
[_w a k a p a r̪ a n̪ ]_w
[_w a s i ɡ a j ]_w
[_w k ɔ n̪ d̪ r̪ a ]_w
[_w m i l̪ a k r̪ ɔ n̪ ]_w
[_w s i k u r̪ ɔ j ]_w
[_w n̪ a b i t̪ u l̪ ɔ ]_w
[_w b i ɡ l̪ a n̪ ]_w
[_w i n̪ a ŋ u p a n̪ ]_w
[_w s a r̪ a m a j ]_w
[_w k r̪ i s t̪ ɔ ]_w
[_w n̪ a u ɡ i b ]_w
[_w p a n̪ a n̪ ]_w
[_w k a j a r̪ i ]_w
[_w t̪ a n̪ ɔ l̪ ]_w
[_w t̪ a ŋ ɔ a n̪ ]_w
[_w d̪ i n̪ a ɡ m a k ]_w
[_w m a n̪ d̪ ɛ j ]_w
[_w s i a n̪ ]_w
[_w ɡ a s i ]_w
[_w i m p a w i l̪ ]_w
[_w a r̪ i n̪ ]_w
[_w p ɛ n̪ ɛ ɡ ]_w
[_w s i m m a b i j ]_w
[_w s a m a k ]_w
[_w k a k a w a n̪ ]_w
[_w u n̪ l̪ a ]_w
[_w l̪ a m u t̪ ]_w
[_w b ɔ n̪ u a n̪ ]_w
[_w b a r̪ a ]_w
[_w p a ŋ t̪ a ]_w
[_w ɔ n̪ i a j ]_w
[_w t̪ a l̪ a n̪ ]_w
[_w t̪ a j a ]_w
[_w u r̪ i ŋ ]_w
[_w d̪ a l̪ u s a n̪ ]_w
[_w b a ŋ ɡ a j ]_w
[_w ɔ n̪ j a ]_w
[_w ɔ n̪ t̪ ɔ m b u k ]_w
[_w p u s a ]_w
[_w i n̪ d̪ a r̪ j a n̪ ]_w
[_w b i n̪ a b l̪ i ]_w
[_w p i l̪ b i l̪ a j ]_w
[_w a m a d̪ ɛ j ]_w
[_w m ɛ s i a s ]_w
[_w t̪ i m a j ]_w
[_w d̪ ɛ ŋ ɛ l̪ ]_w
[_w ɡ ɔ r̪ n̪ ɛ l̪ i ɔ ]_w
[_w d̪ i n̪ a j n̪ a j ]_w
[_w l̪ i m a ]_w
[_w d̪ a ɡ u b a n̪ ]_w
[_w l̪ ɔ t̪ ɛ r̪ ]_w
[_w ɔ n̪ ɔ l̪ i ]_w
[_w k a m p ɔ ]_w
[_w a m i n̪ ]_w
[_w k i n̪ ɛ n̪ ]_w
[_w n̪ i a m u d̪ ]_w
[_w k a s u m p a l̪ ]_w
[_w ɔ n̪ a p i t̪ ]_w
[_w d̪ a s t̪ a ]_w
[_w i n̪ a r̪ ɔ m ]_w
[_w m a m b i p ]_w
[_w d̪ u k a ]_w
[_w a b a t̪ a n̪ ]_w
[_w i r̪ a j ]_w
[_w i m i s ]_w
[_w k a j ɔ n̪ ]_w
[_w s a k ɔ r̪ ]_w
[_w b u ɛ r̪ d̪ a ]_w
[_w p a r̪ a m a j ]_w
[_w ɔ n̪ l̪ i n̪ ɛ ]_w
[_w ɛ ŋ l̪ i s h ]_w
[_w m a ɛ s t̪ r̪ a ]_w
[_w m a s a p i ]_w
[_w n̪ i r̪ a p ]_w
[_w b a ɡ i ]_w
[_w t̪ a j ]_w
[_w l̪ ɔ k a n̪ ɔ ]_w
[_w m i s j ɔ n̪ ]_w
[_w b a n̪ ]_w
[_w a k ɔ ]_w
[_w t̪ ɔ t̪ ɔ ɔ k ]_w
[_w s a n̪ a a n̪ ]_w
[_w i p a w a j ]_w
[_w a ŋ ɡ a ]_w
[_w p a d̪ ɔ ]_w
[_w m a n̪ l̪ a s u s ]_w
[_w i l̪ ɔ k ɔ s ]_w
[_w h i t̪ m a n̪ ]_w
[_w i l̪ a k a p ]_w
[_w a n̪ ɔ n̪ a ]_w
[_w m a n̪ i s i a ]_w
[_w u l̪ u p a ]_w
[_w ɔ n̪ ɔ r̪ a n̪ ]_w
[_w n̪ a l̪ i l̪ i ŋ ]_w
[_w m a t̪ a k ]_w
[_w b i s t̪ a ]_w
[_w n̪ i k ɔ r̪ i d̪ ]_w
[_w s i l̪ i r̪ ]_w
[_w t̪ a w i r̪ ɛ n̪ ]_w
[_w p i n̪ a p ɛ l̪ ]_w
[_w m a b u n̪ a n̪ ]_w
[_w p i l̪ l̪ ]_w
[_w i n̪ ɔ n̪ u r̪ a n̪ ]_w
[_w ɡ a b a n̪ ɔ j ]_w
[_w a s ɔ n̪ ]_w
[_w i ɡ a p a l̪ ]_w
[_w n̪ i r̪ a n̪ ]_w
[_w i l̪ a l̪ ɔ n̪ ]_w
[_w a ɡ k ɔ ]_w
[_w ɔ n̪ l̪ a ]_w
[_w p a ŋ i d̪ ]_w
[_w t̪ a j ɔ j ]_w
[_w ɡ a s a l̪ i t̪ a ]_w
[_w k a b i a n̪ ]_w
[_w m a n̪ a r̪ i a j ]_w
[_w p i n̪ a a d̪ ɛ j ]_w
[_w d̪ i j ɔ s ]_w
[_w k ɔ j ]_w
[_w i l̪ i k s i ɔ n̪ ]_w
[_w l̪ a b u ]_w
[_w a s a ɡ i t̪ ]_w
[_w d̪ a m a s k ɔ ]_w
[_w i b a b a r̪ i ]_w
[_w ɔ b i s i t̪ a ]_w
[_w ɔ n̪ i n̪ ɔ m ɛ n̪ ]_w
[_w tʃ i n̪ a ]_w
[_w i b i k a j ]_w
[_w a l̪ d̪ a n̪ ]_w
[_w k r̪ ɛ ɡ ɔ r̪ j ]_w
[_w s a j a n̪ i ]_w
[_w a k p a j a n̪ ]_w
[_w n̪ i r̪ a b ]_w
[_w a t̪ a n̪ ]_w
[_w n̪ a t̪ i l̪ a j ]_w
[_w d̪ a ɔ t̪ a ɔ n̪ ]_w
[_w p u s j ]_w
[_w p u ɛ r̪ ]_w
[_w s i j u d̪ a t̪ ]_w
[_w j a t̪ ]_w
[_w d̪ ɛ l̪ a p ]_w
[_w t̪ i t̪ ɔ r̪ a n̪ ]_w
[_w b i l̪ ɔ ŋ ]_w
[_w p a s n̪ u k ]_w
[_w k a d̪ ɛ k ]_w
[_w i m b ɛ s ]_w
[_w ɔ m b a n̪ j a n̪ ]_w
[_w i ŋ a l̪ ]_w
[_w t̪ a l̪ ɔ n̪ ]_w
[_w ɛ k s a ɡ ɛ j ]_w
[_w m a r̪ i a j ]_w
[_w k a r̪ a a n̪ ]_w
[_w ɡ a j a k a r̪ ]_w
[_w i n̪ d̪ i l̪ ]_w
[_w p u l̪ ɡ a t̪ a ]_w
[_w b a s t̪ a s i ]_w
[_w ɡ i ɛ w ]_w
[_w ɔ n̪ a p i l̪ a ]_w
[_w m a s j a d̪ ɔ ŋ ]_w
[_w p i ɔ ]_w
[_w a m a w i l̪ ]_w
[_w b a ɡ j ɔ ]_w
[_w m a n̪ a ɡ i s ]_w
[_w k a r̪ ɡ a j ]_w
[_w m a n̪ p i l̪ a ]_w
[_w a m a t̪ ɛ j ]_w
[_w m a i n̪ ɔ m a j ]_w
[_w b a ɔ l̪ j a r̪ ]_w
[_w s a r̪ a ɡ ]_w
[_w m a n̪ ɔ n̪ ]_w
[_w p a n̪ a u n̪ ]_w
[_w a a r̪ ɔ m ]_w
[_w p a ɔ l̪ i ɛ n̪ ]_w
[_w d̪ a b a n̪ ]_w
[_w i n̪ i s ]_w
[_w n̪ a t̪ u r̪ a l̪ ]_w
[_w p l̪ a t̪ ɔ ]_w
[_w m a n̪ s u l̪ a t̪ ]_w
[_w i n̪ s a n̪ ]_w
[_w s a r̪ a k ]_w
[_w l̪ i p r̪ ɔ ]_w
[_w m a k a a n̪ ]_w
[_w m u l̪ i ŋ ]_w
[_w ɡ a ɔ k ɔ l̪ a n̪ ]_w
[_w m a ɔ n̪ u r̪ ]_w
[_w k u l̪ a a n̪ ]_w
[_w m a d̪ i s ]_w
[_w b i n̪ a ɔ n̪ u r̪ ]_w
[_w w a t̪ i a ]_w
[_w k a n̪ d̪ a ɡ ]_w
[_w ɛ l̪ i a s ]_w
[_w r̪ ɔ p ɛ d̪ a ŋ ]_w
[_w a l̪ i w a n̪ ]_w
[_w i m b a k a n̪ ]_w
[_w ɛ h ɛ m ]_w
[_w m a t̪ w a a n̪ ]_w
[_w a a r̪ ɔ ]_w
[_w i j a j ]_w
[_w i b a p a ɡ a ]_w
[_w a l̪ i ɔ a n̪ ]_w
[_w a l̪ a ɡ ɛ j ]_w
[_w ɔ n̪ t̪ a l̪ j ɛ ]_w
[_w d̪ ɔ l̪ a ]_w
[_w m a m b a i t̪ ]_w
[_w m a k ɛ n̪ a b ]_w
[_w ɔ n̪ d̪ ɔ m b u k ]_w
[_w w ɛ b ]_w
[_w b i k l̪ a ]_w
[_w k a r̪ ɡ a ]_w
[_w m a n̪ t̪ a j ]_w
[_w a r̪ i s ɛ ɔ ]_w
[_w k a w a a j ]_w
[_w t̪ i a ]_w
[_w n̪ a n̪ a ɔ j ]_w
[_w t̪ a l̪ a j ]_w
[_w m a r̪ i a n̪ ]_w
[_w s a l̪ m ɔ a n̪ ]_w
[_w p u i r̪ t̪ a ]_w
[_w ɛ r̪ a s ]_w
[_w ɔ n̪ a l̪ a ɡ a ]_w
[_w s a k s a w a ]_w
[_w n̪ i p a w i l̪ ]_w
[_w i n̪ m ɔ n̪ a n̪ ]_w
[_w a n̪ d̪ i ɔ ]_w
[_w ɛ s t̪ ɔ ]_w
[_w d̪ i s t̪ r̪ i d̪ ɔ ]_w
[_w t̪ u m b ɔ k ]_w
[_w ɛ k i b s i ɔ ]_w
[_w l̪ a n̪ a ]_w
[_w a b ɛ l̪ a d̪ ]_w
[_w s a j a j ]_w
[_w l̪ a p u t̪ ]_w
[_w a ŋ i ɡ a l̪ ɛ n̪ ]_w
[_w k ɔ r̪ j ]_w
[_w s a l̪ ɔ j ]_w
[_w i b a s a ɛ n̪ ]_w
[_w a m a n̪ ]_w
[_w i m p ɛ n̪ ɛ k ]_w
[_w a m ɛ n̪ ]_w
[_w l̪ u a k ]_w
[_w p ɛ t̪ ɛ k ]_w
[_w m a d̪ ɔ n̪ ]_w
[_w m a n̪ t̪ a ]_w
[_w ɔ n̪ d̪ a l̪ ɔ n̪ ]_w
[_w ɡ u j a ɡ ]_w
[_w s a l̪ ɔ d̪ ]_w
[_w ɛ n̪ r̪ i l̪ ɛ ]_w
[_w t̪ a k a n̪ ]_w
[_w d̪ i r̪ i j ɔ s ]_w
[_w k a s u m b a l̪ ]_w
[_w k u a n̪ t̪ a m ]_w
[_w a n̪ d̪ i t̪ a d̪ ]_w
[_w p i p i i n̪ ]_w
[_w m a n̪ a n̪ ɔ s ]_w
[_w a m a j ]_w
[_w m a n̪ a k ɛ w ]_w
[_w a ɡ m ɔ a ɡ ]_w
[_w n̪ a k a l̪ a ŋ ]_w
[_w s a n̪ a n̪ i a ]_w
[_w p i i ]_w
[_w ɔ a l̪ a a n̪ ]_w
[_w k a w a j ]_w
[_w s i n̪ m a j a t̪ ]_w
[_w a m i n̪ j a ɡ a ]_w
[_w b a r̪ i ]_w
[_w ɔ n̪ t̪ ɔ l̪ u ɡ ]_w
[_w u t̪ a ŋ ]_w
[_w a p a ŋ ɔ n̪ u r̪ ]_w
[_w p a t̪ ɛ j ]_w
[_w m i k a ]_w
[_w p ɛ ɡ l̪ ɛ w ]_w
[_w s i r̪ i t̪ ]_w
[_w m a ŋ a ŋ k a ]_w
[_w m i l̪ m i l̪ a ]_w
[_w s i k u r̪ ɔ ]_w
[_w i n̪ a r̪ ɔ m ɔ ɡ ]_w
[_w ɛ m p i r̪ j ɔ ]_w
[_w u n̪ a a n̪ i ]_w
[_w m a n̪ a r̪ i a n̪ ]_w
[_w t̪ ɔ a ɡ ]_w
[_w t̪ u r̪ a l̪ ]_w
[_w l̪ a ɔ t̪ l̪ a ]_w
[_w m a ŋ i t̪ i l̪ a ]_w
[_w i t̪ i w ]_w
[_w i n̪ ɔ m p u ɡ ]_w
[_w i n̪ m ɔ ɔ b ]_w
[_w m i p a r̪ a t̪ ]_w
[_w b a l̪ a ŋ ]_w
[_w i n̪ l̪ a ɡ ɔ ]_w
[_w a l̪ t̪ a n̪ ]_w
[_w t̪ i t̪ ]_w
[_w k a l̪ a m ɛ d̪ ]_w
[_w w ɛ b s i t̪ ɛ ]_w
[_w p a j a ɡ ]_w
[_w n̪ a l̪ m ɔ ]_w
[_w b a s i ɡ a j ]_w
[_w l̪ a b u d̪ ]_w
[_w n̪ a j a r̪ j a n̪ ]_w
[_w l̪ ɛ l̪ ɛ k ]_w
[_w l̪ i n̪ a ɡ ]_w
[_w m a l̪ a s i j ]_w
[_w a a l̪ a ɡ ]_w
[_w a n̪ t̪ ɔ r̪ a n̪ ]_w
[_w s i b ɛ ɡ ]_w
[_w t̪ ɔ ŋ t̪ ɔ ŋ ]_w
[_w a l̪ a n̪ i ]_w
[_w p a s n̪ ɔ ]_w
[_w a p a t̪ i k a n̪ ]_w
[_w a l̪ k a l̪ a ]_w
[_w k a k a w a a j ]_w
[_w t̪ a r̪ a ]_w
[_w b i s t̪ a j ]_w
[_w h i n̪ t̪ i ]_w
[_w s i ɡ a r̪ a n̪ ]_w
[_w k a r̪ a t̪ a n̪ ]_w
[_w ɛ n̪ ɛ r̪ ɔ ]_w
[_w p a r̪ a t̪ ]_w
[_w p i l̪ i k ]_w
[_w n̪ a n̪ i r̪ ]_w
[_w i n̪ u s a r̪ ]_w
[_w n̪ a j a r̪ i n̪ ]_w
[_w p a l̪ b a l̪ ɛ k ]_w
[_w a k i ]_w
[_w b u l̪ ɔ k ]_w
[_w ɔ t̪ i t̪ ]_w
[_w a n̪ d̪ ]_w
[_w p u l̪ ɔ ŋ ]_w
[_w m a ŋ a a r̪ ɔ t̪ ]_w
[_w k a s i a n̪ ]_w
[_w a ɡ t̪ a ɡ ]_w
[_w ɛ ɡ a l̪ ]_w
[_w s a r̪ a j ]_w
[_w t̪ a p ɔ k ]_w
[_w m i s s ]_w
[_w b ɔ r̪ m a ]_w
[_w d̪ i n̪ m a l̪ ɛ j ]_w
[_w m a k ɛ l̪ ]_w
[_w a ɡ a k ]_w
[_w ŋ a l̪ ŋ a l̪ i w ]_w
[_w s ɔ l̪ a r̪ ]_w
[_w a w i d̪ ]_w
[_w i t̪ ɛ p ɛ t̪ ]_w
[_w m a a r̪ a p ɛ n̪ ]_w
[_w m a l̪ i n̪ ]_w
[_w b i r̪ l̪ a s ]_w
[_w t̪ u w a ]_w
[_w s a k b a j a k ]_w
[_w t̪ i j a ]_w
[_w a ŋ a w a t̪ ]_w
[_w l̪ a s i a n̪ ]_w
[_w ɔ l̪ u p a n̪ ]_w
[_w n̪ i a ]_w
[_w t̪ a j ɛ w ]_w
[_w p a l̪ i ]_w
[_w l̪ u b i r̪ ]_w
[_w a ŋ h i l̪ ]_w
[_w b n̪ ɔ j ]_w
[_w a ɡ u a l̪ ɛ s ]_w
[_w i n̪ t̪ a ]_w
[_w b ɔ l̪ i ]_w
[_w n̪ a k a w a d̪ ]_w
[_w a ɔ a ɔ ɛ j ]_w
[_w n̪ a p a i ŋ ]_w
[_w i b a ŋ a n̪ ]_w
[_w k a ɡ a k ]_w
[_w a j a j ɛ p ]_w
[_w l̪ i b r̪ ɔ n̪ ]_w
[_w m i l̪ a k ɔ ]_w
[_w i b a p a k a t̪ ]_w
[_w u u s a r̪ ]_w
[_w l̪ a b a j ]_w
[_w ɡ a r̪ i ŋ ]_w
[_w m a b a ɡ a d̪ ]_w
[_w i p a p a ɡ ]_w
[_w b ɛ r̪ n̪ a r̪ t̪ ɔ ]_w
[_w a n̪ d̪ ɔ j ]_w
[_w s a j a n̪ ]_w
[_w u l̪ ɔ ]_w
[_w b a ɛ ɡ a l̪ ]_w
[_w s a ɡ ɔ r̪ ]_w
[_w d̪ ɛ ŋ ɛ r̪ ]_w
[_w t̪ ɛ s s i ɛ ]_w
[_w n̪ a a n̪ d̪ i ]_w
[_w i s a i a s ]_w
[_w k a r̪ u ɡ s a ]_w
[_w m a n̪ a k ]_w
[_w n̪ i n̪ ]_w
[_w s i j a n̪ ]_w
[_w a l̪ i l̪ i ŋ ]_w
[_w k ɛ t̪ m a n̪ ]_w
[_w i j ɛ b a t̪ ]_w
[_w t̪ a n̪ ɔ ]_w
[_w a l̪ i ɔ a ɔ a ]_w
[_w k a l̪ a ŋ ]_w
[_w l̪ a ŋ i l̪ a ŋ ]_w
[_w b a l̪ i i s a n̪ ]_w
[_w b u t̪ ɔ ]_w
[_w p ɔ l̪ ɔ ŋ ]_w
[_w p ɔ s i s j ɔ n̪ ]_w
[_w i n̪ m ɔ n̪ a ]_w
[_w ɔ n̪ m a n̪ ]_w
[_w b a j ɔ ŋ ]_w
[_w a m p ɔ ]_w
[_w a ŋ i t̪ ɛ r̪ ]_w
[_w p a s ɛ n̪ ]_w
[_w s a n̪ t̪ a a n̪ ]_w
[_w a n̪ t̪ a ]_w
[_w k i n̪ a w a ɡ ]_w
[_w s i k a t̪ a ]_w
[_w b a s n̪ ɔ ]_w
[_w a ɡ a ɡ i n̪ ]_w
[_w s i ɔ b a ]_w
[_w s a l̪ a d̪ ]_w
[_w p a l̪ i t̪ a n̪ ]_w
[_w t̪ a w i r̪ a n̪ ]_w
[_w a l̪ i ɡ a n̪ ]_w
[_w ɡ a j a r̪ i n̪ ]_w
[_w k a u n̪ ɔ r̪ ]_w
[_w s i n̪ a k ]_w
[_w i j a ]_w
[_w ɡ ɔ m ɔ n̪ ]_w
[_w h ɛ h ɛ h ɛ ]_w
[_w n̪ a n̪ s a ]_w
[_w k ɔ m a ]_w
[_w s a l̪ i t̪ a r̪ ]_w
[_w ɡ a n̪ a n̪ ]_w
[_w i k u ɡ a w ]_w
[_w r̪ a t̪ ]_w
[_w s ɛ s l̪ ɛ ɡ a n̪ ]_w
[_w r̪ ɔ m u l̪ ɔ j ]_w
[_w ŋ a l̪ ŋ a l̪ i ]_w
[_w k u s i n̪ a l̪ i ]_w
[_w n̪ a a n̪ t̪ i ]_w
[_w m a n̪ ]_w
[_w m a n̪ d̪ a l̪ ɔ j ]_w
[_w k u a n̪ t̪ ɔ s ]_w
[_w l̪ a i ŋ ɛ t̪ ]_w
[_w s i n̪ m i r̪ u ŋ ]_w
[_w ɛ r̪ i k a ]_w
[_w p i r̪ l̪ a s ]_w
[_w i k a p a t̪ ]_w
[_w l̪ i n̪ a ɛ n̪ ]_w
[_w s a m i t̪ ]_w
[_w k a u m ɛ n̪ ]_w
[_w a n̪ a b ]_w
[_w u n̪ t̪ a ŋ ]_w
[_w b a s t̪ ɔ n̪ ]_w
[_w l̪ i b r̪ ɔ ]_w
[_w s a l̪ i w ]_w
[_w i p a s a ]_w
[_w s a m a n̪ ]_w
[_w a n̪ u n̪ a a n̪ ]_w
[_w k a p i a n̪ ]_w
[_w ɡ u a r̪ d̪ a ]_w
[_w m r̪ s ]_w
[_w b a k a u l̪ ɛ j ]_w
[_w u l̪ i r̪ a n̪ ]_w
[_w m ɔ m m j ]_w
[_w m a d̪ a n̪ ]_w
[_w p a l̪ ɛ d̪ ]_w
[_w m a ɡ a a r̪ ɔ n̪ ]_w
[_w l̪ i k a l̪ ]_w
[_w a ɡ i m ]_w
[_w n̪ i p a a ɡ a r̪ ]_w
[_w a n̪ t̪ ɔ j ]_w
[_w b a l̪ i ɡ ]_w
[_w i b a b a s ]_w
[_w a k a k i ]_w
[_w ɔ ɔ l̪ ɛ j ]_w
[_w n̪ a j a j ]_w
[_w s a r̪ a ɡ ɛ l̪ ]_w
[_w s i k a r̪ a n̪ ]_w
[_w n̪ a p ɔ l̪ u s ]_w
[_w ɡ i l̪ a ]_w
[_w t̪ a ɡ l̪ ɛ ɛ j ]_w
[_w k u l̪ a ŋ ]_w
[_w a s ɔ m p a n̪ ]_w
[_w m a i ŋ a l̪ ]_w
[_w i m b i t̪ ]_w
[_w k a d̪ i ɔ s ]_w
[_w t̪ i n̪ a k ]_w
[_w w a d̪ m a n̪ ]_w
[_w i b a ɡ a ]_w
[_w p ɔ k i ɡ ]_w
[_w a s ɛ k u r̪ ɔ ]_w
[_w i ɡ ɛ t̪ ]_w
[_w p ɛ p ɛ ]_w
[_w l̪ a ɡ i ]_w
[_w b a k a t̪ ]_w
[_w p i p i ŋ ]_w
[_w i n̪ m ɛ p a t̪ ]_w
[_w n̪ a n̪ a m ɛ s ]_w
[_w k a w a d̪ ]_w
[_w p a b i s ]_w
[_w p a l̪ i t̪ a j ɔ ]_w
[_w k u w a t̪ i a ]_w
[_w k u m ɔ n̪ ]_w
[_w ɔ n̪ l̪ ɔ l̪ ɔ ɔ b ]_w
[_w k a i p a ]_w
[_w t̪ a l̪ ɔ ]_w
[_w l̪ a i n̪ ɛ ŋ ɛ l̪ ]_w
[_w k u a n̪ ɛ n̪ ]_w
[_w d̪ i l̪ i j ]_w
[_w t̪ i m a n̪ ]_w
[_w m ɔ a ɡ ]_w
[_w p i l̪ i n̪ ]_w
[_w n̪ i m a n̪ ɔ ]_w
[_w b ɔ s i s j ɔ ]_w
[_w a n̪ l̪ ɔ ŋ ]_w
[_w d̪ a n̪ ɔ l̪ ɛ j ]_w
[_w n̪ i i t̪ ɛ r̪ ɛ w ]_w
[_w k a ŋ ɡ a n̪ ]_w
[_w s i n̪ i ŋ ɡ a d̪ ]_w
[_w k ɔ m ɔ j ]_w
[_w m a l̪ ɔ k ]_w
[_w n̪ i r̪ a ]_w
[_w i b a r̪ a ŋ ]_w
[_w l̪ a b a n̪ ɔ a ]_w
[_w a k a ɡ a l̪ ɔ ]_w
[_w i n̪ a d̪ a j ]_w
[_w ɛ b ɛ k ]_w
[_w i n̪ k ɔ r̪ i t̪ ]_w
[_w s i k a t̪ a j ]_w
[_w k a n̪ a ]_w
[_w i n̪ a l̪ ]_w
[_w i p a l̪ i ]_w
[_w n̪ i b a a n̪ d̪ i ]_w
[_w l̪ i n̪ a k a k ]_w
[_w k a t̪ ɔ ]_w
[_w d̪ u ɡ a r̪ ɔ ]_w
[_w n̪ a ɡ s a k ɛ j ]_w
[_w i n̪ j a n̪ ]_w
[_w p a l̪ i t̪ a ]_w
[_w a b i ɡ a j ɔ t̪ ]_w
[_w t̪ a a k a n̪ ]_w
[_w b ɛ t̪ r̪ ɔ ]_w
[_w a s a k ]_w
[_w p i m m a p i ]_w
[_w ɔ n̪ t̪ ɛ r̪ ]_w
[_w ɡ a l̪ a m ɔ r̪ ]_w
[_w m a ŋ u n̪ a ]_w
[_w m a k m a u ŋ ]_w
[_w s i k a r̪ a ]_w
[_w k a ɡ a n̪ ]_w
[_w i j a b u l̪ ]_w
[_w ɡ u k k u ɡ i p ]_w
[_w u k i p ]_w
[_w a ɡ a b ɔ ]_w
[_w a ɡ d̪ ɔ ]_w
[_w j ɔ n̪ ]_w
[_w i n̪ a ɡ ]_w
[_w l̪ ɔ ɔ p ]_w
[_w ɔ ɡ ɔ k a w ]_w
[_w a b r̪ a ]_w
[_w b a ŋ u l̪ ɔ ]_w
[_w m a t̪ a n̪ ɛ m ]_w
[_w m a n̪ k i m ɛ j ]_w
[_w k a n̪ t̪ i d̪ ]_w
[_w a ɡ t̪ a ]_w
[_w ɔ ɡ t̪ u l̪ ]_w
[_w b u ɛ r̪ ]_w
[_w p u k b u k ɔ r̪ ]_w
[_w m i ɡ u ɛ l̪ ]_w
[_w b i m m a w a j ]_w
[_w n̪ a r̪ u a n̪ ]_w
[_w s a l̪ i t̪ a ]_w
[_w k a s i l̪ i r̪ ]_w
[_w ɡ a m i l̪ j a ]_w
[_w t̪ ɛ b ɛ t̪ ]_w
[_w b i b i l̪ a ɔ ]_w
[_w n̪ i l̪ a a n̪ ]_w
[_w d̪ i n̪ m a ɔ a j ]_w
[_w i n̪ d̪ a ɡ ɛ p ]_w
[_w m a t̪ r̪ ɛ ]_w
[_w l̪ ɛ j ]_w
[_w n̪ a b ɔ n̪ a j ]_w
[_w k u m p a l̪ ]_w
[_w s i p ɔ r̪ ]_w
[_w i l̪ a p a s ɛ n̪ ]_w
[_w ɡ a b u s ɔ l̪ ]_w
[_w k a ɔ k i p ]_w
[_w i b a p a r̪ i ]_w
[_w m a ŋ j a k a r̪ ]_w
[_w m ɛ t̪ j a ]_w
[_w t̪ ɛ ɡ s t̪ ɔ ]_w
[_w l̪ a k a n̪ ]_w
[_w m i t̪ i ŋ ]_w
[_w u n̪ a n̪ ]_w
[_w n̪ a s j ɔ n̪ ]_w
[_w m a t̪ ɔ ɔ ]_w
[_w b a l̪ i m a j ]_w
[_w i k n̪ ɔ l̪ ]_w
[_w i s t̪ ɔ r̪ j a ]_w
[_w k a b j a ŋ a j ]_w
[_w k a t̪ u p a ɡ ]_w
[_w m a r̪ u n̪ ɔ ŋ ]_w
[_w s a l̪ a j u k ]_w
[_w k l̪ a s i ɔ ]_w
[_w n̪ a b a s ]_w
[_w i s ɔ ŋ ]_w
[_w p a l̪ i w ]_w
[_w a n̪ t̪ a j ]_w
[_w m a ŋ i r̪ a s ]_w
[_w t̪ a k a l̪ ɔ ]_w
[_w k l̪ a s s ]_w
[_w u ɡ i b ]_w
[_w ɔ n̪ d̪ a l̪ j ɛ ]_w
[_w a ɡ a w a a n̪ ]_w
[_w m a s i b l̪ ɔ ɡ ]_w
[_w a w a ]_w
[_w p a n̪ s a l̪ a j ]_w
[_w d̪ i n̪ m a w i l̪ ]_w
[_w s a ŋ a n̪ ]_w
[_w d̪ u m a ]_w
[_w l̪ i ɡ a ]_w
[_w a n̪ a l̪ ɔ n̪ ]_w
[_w i n̪ a t̪ ɔ r̪ ]_w
[_w b i k a r̪ a a n̪ ]_w
[_w a m a l̪ s a ]_w
[_w i l̪ a l̪ a k ɛ j ]_w
[_w i n̪ k a s a p i ]_w
[_w t̪ ɔ m b u ɡ ]_w
[_w d̪ ɔ n̪ i ]_w
[_w r̪ a l̪ i ]_w
[_w b a n̪ t̪ a ]_w
[_w r̪ ɛ s p ɛ t̪ ɔ ]_w
[_w k a b j a ŋ a n̪ ]_w
[_w d̪ ɛ k a ]_w
[_w p a n̪ d̪ a ɡ ]_w
[_w s a n̪ d̪ ɔ ]_w
[_w b i b i i ]_w
[_w t̪ i n̪ a j ɛ s ]_w
[_w d̪ i n̪ m a p i ɡ ]_w
[_w r̪ a m a j ]_w
[_w l̪ a l̪ a ɡ ɛ j ]_w
[_w ɔ n̪ t̪ a j ]_w
[_w b a l̪ ɔ a n̪ ]_w
[_w a m ɔ j ]_w
[_w ɡ a r̪ a k ]_w
[_w p a n̪ d̪ a ]_w
[_w k a u k u l̪ a ]_w
[_w m a ŋ ɛ k a l̪ ]_w
[_w p a ɡ a j a r̪ ]_w
[_w i s u s u l̪ a d̪ ]_w
[_w n̪ a d̪ u s a ɛ n̪ ]_w
[_w a b r̪ a h a m ]_w
[_w n̪ u p i ɔ ]_w
[_w a n̪ d̪ ɔ n̪ ]_w
[_w l̪ i n̪ m ɔ n̪ a ]_w
[_w s i p a j ]_w
[_w k a r̪ a j ]_w
[_w i d̪ a r̪ ]_w
[_w l̪ a s i ɔ ]_w
[_w a s ɛ ɡ a t̪ a ]_w
[_w m a n̪ a l̪ i s ]_w
[_w a k a j a t̪ ]_w
[_w i l̪ a p a s ]_w
[_w i m a h ɛ n̪ ]_w
[_w m a p i l̪ a j ]_w
[_w s i ŋ a n̪ ]_w
[_w t̪ i n̪ ɛ r̪ ]_w
[_w b u s j ]_w
[_w a l̪ i k ɛ t̪ ]_w
[_w i m p a w a j ]_w
[_w b ɔ s i s ]_w
[_w i t̪ d̪ a j ]_w
[_w b ɛ r̪ n̪ a r̪ d̪ a ]_w
[_w i b a ɡ a l̪ ]_w
[_w m a a w a t̪ ]_w
[_w k ɔ m a j ]_w
[_w a n̪ t̪ i ŋ ]_w
[_w ɛ m ɛ l̪ ]_w
[_w l̪ i p ɔ j ]_w
[_w t̪ a w a n̪ ]_w
[_w a l̪ a j ]_w
[_w m u s i a ]_w
[_w ɡ a t̪ a ]_w
[_w b a k a m ]_w
[_w ɔ r̪ i h i n̪ a ]_w
[_w d̪ u l̪ ɔ ]_w
[_w l̪ i ŋ a ]_w
[_w t̪ a k ]_w
[_w k a l̪ a s i ɡ ]_w
[_w a k a w a ]_w
[_w w a t̪ j a a ɡ ]_w
[_w t̪ a j n̪ a n̪ ]_w
[_w w a t̪ d̪ a t̪ ]_w
[_w m i n̪ t̪ ɔ ŋ ]_w
[_w a k t̪ ɔ ]_w
[_w t̪ a l̪ ɔ r̪ a n̪ ]_w
[_w l̪ a l̪ u ŋ ]_w
[_w ɔ n̪ d̪ a l̪ a n̪ ]_w
[_w b a l̪ u a n̪ ]_w
[_w k a s ɔ ]_w
[_w b u ɛ r̪ t̪ a ]_w
[_w m ɛ n̪ s a h ɛ ]_w
[_w k i n̪ a w a k ]_w
[_w s ɛ ɛ t̪ ]_w
[_w n̪ a ŋ ɡ ɔ ]_w
[_w a w i t̪ ]_w
[_w m a n̪ p a j a ɡ ]_w
[_w t̪ i m p l̪ ɔ ]_w
[_w s u ɡ i ]_w
[_w l̪ a b a s ]_w
[_w k a a b a j ]_w
[_w l̪ a i ŋ ]_w
[_w k ɛ p ɛ t̪ ]_w
[_w l̪ a m ɛ t̪ ]_w
[_w ɔ ɔ l̪ ɛ j a n̪ ]_w
[_w ɡ a l̪ ɡ a l̪ n̪ a ]_w
[_w d̪ u ŋ t̪ u ŋ ]_w
[_w l̪ u j a k ]_w
[_w k a n̪ i a s ]_w
[_w k ɔ m u n̪ ]_w
[_w i b u p u l̪ ɔ j ]_w
[_w a ɡ a j l̪ a n̪ ]_w
[_w m a s n̪ a ɡ ]_w
[_w s i k a t̪ ɔ j a ]_w
[_w m a u ŋ ]_w
[_w p a p l̪ ɔ ]_w
[_w k ɔ m b a l̪ ]_w
[_w a k m ɔ n̪ ]_w
[_w m i s a a k ]_w
[_w p ɛ l̪ a k ]_w
[_w a ɡ p a j ]_w
[_w t̪ a l̪ ɔ ɛ n̪ ]_w
[_w s a l̪ i d̪ a m ]_w
[_w p ɛ n̪ ɛ k ]_w
[_w p a b l̪ ɔ ]_w
[_w t̪ a b ɔ ]_w
[_w n̪ a n̪ ɛ j ]_w
[_w ɔ m b a t̪ ɛ j ]_w
[_w n̪ a n̪ d̪ ɛ j ]_w
[_w m a ŋ a n̪ ]_w
[_w p r̪ u d̪ a s ]_w
[_w a m t̪ a ]_w
[_w b a l̪ i w ]_w
[_w n̪ a l̪ m ɔ a n̪ ]_w
[_w ɛ n̪ ɔ k ]_w
[_w a p i l̪ ]_w
[_w u ɡ i p ]_w
[_w a k a ɡ ]_w
[_w b i n̪ m a l̪ i n̪ ]_w
[_w ɡ i n̪ a w a ]_w
[_w n̪ u ɡ l̪ i j a r̪ ]_w
[_w t̪ ɔ l̪ a j ]_w
[_w s i b a n̪ ]_w
[_w k a k i m ]_w
[_w d̪ u ɡ a j ]_w
[_w m a n̪ l̪ a p u ]_w
[_w d̪ i n̪ m u n̪ a n̪ ]_w
[_w t̪ ɔ d̪ ɔ ]_w
[_w m a p u n̪ a n̪ ]_w
[_w l̪ a t̪ ]_w
[_w i k a k a w a ]_w
[_w l̪ a ŋ i s ]_w
[_w m ɔ u n̪ t̪ a ŋ ]_w
[_w w a l̪ a t̪ ]_w
[_w k u a n̪ d̪ ɔ n̪ ]_w
[_w i i i ]_w
[_w i n̪ s a k l̪ a j ]_w
[_w a l̪ a p a n̪ ]_w
[_w a ɡ l̪ a ]_w
[_w d̪ a k l̪ a n̪ ]_w
[_w ɔ n̪ d̪ a n̪ ]_w
[_w ɡ a t̪ i l̪ a ]_w
[_w t̪ i a ɡ ɛ w ]_w
[_w i t̪ i ]_w
[_w n̪ i b a s a ɛ n̪ ]_w
[_w p a ɡ a d̪ ]_w
[_w s u j ɔ k ]_w
[_w l̪ a p u ]_w
[_w l̪ a m a ŋ ]_w
[_w m a n̪ i i r̪ a p ]_w
[_w n̪ a n̪ d̪ ɛ ŋ ɛ r̪ ]_w
[_w t̪ a ɡ a r̪ ]_w
[_w i b a k a m ]_w
[_w p i b i ŋ ]_w
[_w i b a k i s ]_w
[_w m u n̪ d̪ ɔ ]_w
[_w p i p l̪ i a ]_w
[_w a n̪ a k i s ]_w
[_w d̪ a j ]_w
[_w b a ŋ i n̪ a ɛ w ]_w
[_w i n̪ k a p a n̪ ]_w
[_w m i n̪ d̪ a k ɔ d̪ ]_w
[_w i m b a ɡ a j a ]_w
[_w t̪ a t̪ s i ŋ ]_w
[_w b i n̪ j ɔ n̪ ]_w
[_w m i r̪ a ]_w
[_w s i m ɔ n̪ ]_w
[_w s i r̪ ɔ ]_w
[_w t̪ i a k ɛ w ]_w
[_w b i l̪ l̪ i t̪ ]_w
[_w a n̪ ɛ m ]_w
[_w k a m a r̪ i ɔ ]_w
[_w b a k a d̪ ]_w
[_w w a t̪ j a ŋ ]_w
[_w ɔ k a w ]_w
[_w ɔ n̪ t̪ a ɡ ]_w
[_w n̪ a d̪ ɔ r̪ ]_w
[_w ɔ n̪ u ŋ ]_w
[_w k a p t̪ ɛ ɡ a t̪ ]_w
[_w a ɡ a l̪ a m ]_w
[_w m a ŋ a k a n̪ ]_w
[_w ɛ s t̪ a t̪ ɔ s ]_w
[_w d̪ a ɡ a ]_w
[_w a ŋ ɡ a p ɔ j ]_w
[_w i n̪ t̪ a ɔ ]_w
[_w a k a j ]_w
[_w i l̪ a l̪ ɔ ]_w
[_w k u a r̪ t̪ i ]_w
[_w i n̪ ɛ j a k ]_w
[_w ɛ s t̪ a ]_w
[_w ɡ ɔ l̪ ɡ ɔ l̪ a ]_w
[_w p i b i i n̪ ]_w
[_w t̪ i r̪ i j ɔ s ]_w
[_w a t̪ a l̪ a ɡ a n̪ ]_w
[_w a m a ɡ ]_w
[_w a r̪ i ]_w
[_w a d̪ s i k ]_w
[_w l̪ u p a k ]_w
[_w ɔ t̪ i n̪ ]_w
[_w d̪ r̪ a p a h ɔ ]_w
[_w i m b i l̪ a j ]_w
[_w k u m a t̪ l̪ ɔ ]_w
[_w t̪ i k i ŋ ]_w
[_w k u b a j ]_w
[_w w ɛ n̪ d̪ j i ]_w
[_w t̪ u l̪ ɔ ]_w
[_w m a ɡ a b a t̪ ]_w
[_w ɔ n̪ d̪ a j ]_w
[_w a r̪ i p ɛ n̪ ]_w
[_w l̪ a j ]_w
[_w p a l̪ ɛ j ]_w
[_w ɔ n̪ s a p i j ]_w
[_w ɡ a i s i p ɛ k ]_w
[_w b ɔ ɔ l̪ a n̪ ]_w
[_w k a r̪ n̪ ɛ r̪ ɔ ]_w
[_w m a ɡ a l̪ a w ]_w
[_w s a t̪ a n̪ ]_w
[_w i l̪ i k u t̪ ]_w
[_w a p i r̪ ]_w
[_w t̪ ɔ ɔ n̪ ]_w
[_w m a b i n̪ d̪ u a ]_w
[_w r̪ a j ]_w
[_w ɡ i r̪ i n̪ ɔ ]_w
[_w b a ɡ a t̪ a ]_w
[_w d̪ a j ɔ ]_w
[_w k a a r̪ a w i ]_w
[_w a ɡ i ɡ ]_w
[_w i n̪ a m ]_w
[_w a m a t̪ i s i r̪ ]_w
[_w ɡ r̪ i s t̪ ɔ s ]_w
[_w b a ɡ a n̪ ]_w
[_w p ɛ t̪ ɛ l̪ ]_w
[_w s i a ɡ ]_w
[_w k a ɡ a r̪ ]_w
[_w p a r̪ n̪ a s u ]_w
[_w m a j a t̪ ]_w
[_w s a n̪ a k i n̪ ]_w
[_w k a ɡ a w ɛ s ]_w
[_w s i r̪ a ]_w
[_w k a ɡ i ɛ ɔ a n̪ ]_w
[_w ɔ n̪ s ɔ p l̪ a j ]_w
[_w p a s k u a ]_w
[_w t̪ i ɔ s ]_w
[_w k a p a t̪ ]_w
[_w i ɡ a p a l̪ a ŋ ]_w
[_w s a ŋ k a n̪ ]_w
[_w p r̪ ɔ j ɛ ɡ t̪ ɔ ]_w
[_w s a j a w ]_w
[_w i n̪ d̪ ɛ r̪ ]_w
[_w m i ɡ ɛ a s ]_w
[_w i s u l̪ a t̪ ]_w
[_w d̪ a ɡ a j ]_w
[_w n̪ a ɡ a r̪ ]_w
[_w u k a ɔ ]_w
[_w l̪ a b a s a ɛ n̪ ]_w
[_w k m a ]_w
[_w m a n̪ a j a n̪ ]_w
[_w d̪ r̪ a i d̪ ɔ r̪ ]_w
[_w ɛ ŋ l̪ i s ]_w
[_w p a n̪ u m p a l̪ ]_w
[_w i l̪ ɔ ɡ ɔ ]_w
[_w k i n̪ ɛ r̪ a l̪ ]_w
[_w n̪ i m a n̪ ]_w
[_w ɔ n̪ a l̪ i t̪ a t̪ ]_w
[_w k a l̪ a k i ]_w
[_w m i l̪ a ]_w
[_w n̪ a ɛ r̪ ɛ l̪ ]_w
[_w b ɔ s i b l̪ ɛ ]_w
[_w m a n̪ l̪ i p ɔ n̪ ]_w
[_w s a l̪ i j a r̪ ]_w
[_w t̪ u a j ]_w
[_w s ɛ ɡ a d̪ ]_w
[_w b i l̪ ɔ ]_w
[_w a l̪ i m a n̪ ɔ n̪ ]_w
[_w d̪ i t̪ a d̪ ]_w
[_w k a u j ɔ s ]_w
[_w m a l̪ a j ]_w
[_w a m p a j a r̪ ]_w
[_w l̪ a ɡ a n̪ ]_w
[_w ɛ s b i r̪ i t̪ u ]_w
[_w a w i r̪ ]_w
[_w l̪ a m a t̪ a m ]_w
[_w m a k a u m ɛ n̪ ]_w
[_w ɔ n̪ a n̪ ]_w
[_w k u a r̪ t̪ a ]_w
[_w d̪ u s a ]_w
[_w n̪ a a j a m ]_w
[_w u m p a n̪ j a n̪ ]_w
[_w k a ɔ k i b ]_w
[_w b a n̪ s a l̪ ]_w
[_w k r̪ i ɡ ɔ ]_w
[_w m a m a ]_w
[_w b a l̪ b a ]_w
[_w m a j ɔ r̪ ɔ ŋ ]_w
[_w n̪ u n̪ ɔ d̪ ɛ n̪ ]_w
[_w a m i n̪ s a n̪ ]_w
[_w p a n̪ ɔ j ]_w
[_w i k l̪ i w a ŋ ]_w
[_w k u ŋ ]_w
[_w b r̪ i s ɔ ]_w
[_w i ɡ a ŋ k a b ɔ ]_w
[_w k r̪ ɛ k ɔ r̪ j ]_w
[_w a m a m ]_w
[_w ɔ n̪ a l̪ ]_w
[_w i n̪ j a ]_w
[_w u m b a l̪ ]_w
[_w i n̪ a r̪ a l̪ ɛ m ]_w
[_w m a s a n̪ ]_w
[_w n̪ a d̪ ɔ k ]_w
[_w m a n̪ u n̪ a ]_w
[_w ɛ k ɛ s ]_w
[_w m i s i s ]_w
[_w p u ɛ k ]_w
[_w d̪ u l̪ i s ]_w
[_w k l̪ a s ɛ ]_w
[_w m a m a u ŋ ]_w
[_w k u n̪ t̪ a i n̪ ]_w
[_w s a l̪ a j ]_w
[_w i n̪ m ɛ p a t̪ a ]_w
[_w b a n̪ d̪ a j ]_w
[_w b a n̪ a ŋ a s i ]_w
[_w b a a p i t̪ ]_w
[_w b a l̪ i m a ]_w
[_w ɔ n̪ t̪ a k ]_w
[_w a k a w a a n̪ ]_w
[_w p i k a s i a n̪ ]_w
[_w b ɛ t̪ ɛ k ]_w
[_w p a l̪ ɔ n̪ ]_w
[_w b ɔ ŋ a ]_w
[_w t̪ i n̪ a j ]_w
[_w s u b s u p ɔ ɡ ]_w
[_w k ɔ n̪ p i l̪ a j ]_w
[_w l̪ a k i ]_w
[_w m i t̪ ]_w
[_w p a n̪ t̪ a ]_w
[_w u ɡ a w ]_w
[_w ɔ n̪ a a k a r̪ ]_w
[_w i n̪ t̪ i l̪ a ]_w
[_w ɛ k a l̪ ]_w
[_w i t̪ a j ]_w
[_w ɔ n̪ u r̪ ]_w
[_w a m t̪ a ɛ n̪ ]_w
[_w n̪ a t̪ a n̪ ]_w
[_w s a m a j ]_w
[_w i ɡ a k a w a ]_w
[_w k a r̪ i t̪ a ]_w
[_w d̪ a j a n̪ ]_w
[_w b i r̪ a w a t̪ ]_w
[_w p i s i n̪ a l̪ ]_w
[_w d̪ ɛ t̪ ɛ l̪ ]_w
[_w i ɡ a l̪ ɛ n̪ ]_w
[_w r̪ ɔ s a s ]_w
[_w r̪ a m a n̪ ]_w
[_w m a s ɛ b ɛ k ]_w
[_w m i b i a ŋ a j ]_w
[_w n̪ i p ɔ n̪ ɛ n̪ ]_w
[_w a k k a ]_w
[_w t̪ a ɡ ɛ p ]_w
[_w m a s i k a j ]_w
[_w a b ɔ ]_w
[_w m a i s ]_w
[_w i b a b a ŋ a t̪ ]_w
[_w a n̪ t̪ a k ]_w
[_w a n̪ t̪ ɔ k ɛ j ]_w
[_w ɛ s p i r̪ i t̪ u ]_w
[_w p a l̪ ɔ l̪ a k i ]_w
[_w i p i k a n̪ ]_w
[_w m a n̪ d̪ i s ]_w
[_w m a n̪ a j ]_w
[_w k u n̪ ɔ j ]_w
[_w m u s i a n̪ ]_w
[_w s a ŋ i ]_w
[_w l̪ i k ɛ t̪ ]_w
[_w ɔ n̪ t̪ ɔ ]_w
[_w i b a n̪ ɔ a n̪ ]_w
[_w s ɛ r̪ k i ɔ ]_w
[_w b u s ɔ a n̪ ]_w
[_w b a ŋ i t̪ ɛ r̪ ]_w
[_w b a s i ɡ ]_w
[_w k u a n̪ d̪ a j ]_w
[_w i n̪ ɔ n̪ ɔ d̪ a n̪ ]_w
[_w w a t̪ m a n̪ ]_w
[_w d̪ a ɡ ɛ j ]_w
[_w p ɔ ɔ l̪ a n̪ ]_w
[_w i n̪ k i a n̪ a k ]_w
[_w m a b l̪ i n̪ ]_w
[_w b i i ]_w
[_w s i n̪ m a t̪ ]_w
[_w n̪ a p a j ]_w
[_w a j a j ]_w
[_w n̪ a w a l̪ a n̪ ]_w
[_w p a n̪ a r̪ u a n̪ ]_w
[_w u m a a n̪ ]_w
[_w k i n̪ a ɡ ]_w
[_w b a t̪ a n̪ ]_w
[_w p a ɔ l̪ i ]_w
[_w m a k u p a n̪ ]_w
[_w a l̪ k a l̪ a ŋ ]_w
[_w p a ɔ l̪ j a r̪ ]_w
[_w m a k t̪ ɛ n̪ ]_w
[_w n̪ a r̪ u m ɔ ɡ ]_w
[_w n̪ a ŋ ɛ l̪ ]_w
[_w n̪ a i t̪ d̪ a n̪ ]_w
[_w l̪ a l̪ ɔ ]_w
[_w i ŋ ɛ j ]_w
[_w d̪ a n̪ u m ]_w
[_w p i ɡ a s i a n̪ ]_w
[_w i n̪ ɛ b ɛ ɡ ]_w
[_w d̪ i n̪ ɛ r̪ ɛ w ]_w
[_w t̪ ɛ ŋ ɛ l̪ ɛ n̪ ]_w
[_w i m a n̪ ]_w
[_w p a n̪ t̪ a l̪ ɔ j ]_w
[_w s ɔ n̪ t̪ a w a ɡ ]_w
[_w b a l̪ a n̪ ]_w
[_w b a l̪ ɔ t̪ ]_w
[_w i n̪ k u a n̪ d̪ a ]_w
[_w i b a r̪ a ]_w
[_w d̪ i ɡ a ]_w
[_w p ɛ r̪ n̪ a b ɛ ]_w
[_w d̪ r̪ i p u ]_w
[_w s i k a j ɔ r̪ ]_w
[_w p a r̪ a a n̪ ]_w
[_w a l̪ i k n̪ a ]_w
[_w n̪ a r̪ a l̪ ]_w
[_w s a k ɛ j ]_w
[_w m a t̪ a n̪ i ɛ n̪ ]_w
[_w k r̪ i m ]_w
[_w a a r̪ ɔ n̪ ]_w
[_w a n̪ d̪ i a ɡ ɔ ]_w
[_w a k a ɡ i ]_w
[_w s u b ɔ k ]_w
[_w i b a r̪ a ŋ a j ]_w
[_w m a k a l̪ a ]_w
[_w ŋ a r̪ ɛ m ]_w
[_w a ɡ a p l̪ ɔ ]_w
[_w k a a n̪ d̪ i a j ]_w
[_w m a n̪ ŋ a r̪ a n̪ ]_w
[_w u l̪ i r̪ ɛ k ]_w
[_w s i ɔ p a ]_w
[_w d̪ ɛ l̪ ɛ b ɔ n̪ ɔ ]_w
[_w s a n̪ ɛ n̪ ]_w
[_w t̪ ɛ s i s ]_w
[_w m a n̪ l̪ a p u d̪ ]_w
[_w ɔ m p a l̪ ]_w
[_w p u s ɔ l̪ ]_w
[_w p u ɛ s t̪ ɔ ]_w
[_w l̪ i k ɔ ]_w
[_w ɡ a ŋ k a ]_w
[_w a b a ŋ a n̪ ]_w
[_w h u l̪ j ɔ ]_w
[_w p a ŋ ɔ n̪ ]_w
[_w i l̪ a ɡ ]_w
[_w b a t̪ i r̪ a ]_w
[_w p i a n̪ ɔ ]_w
[_w h ɛ n̪ ɛ r̪ ɔ ]_w
[_w ɛ l̪ l̪ j ]_w
[_w m a ŋ a s i ]_w
[_w a l̪ i i ŋ ]_w
[_w s a r̪ a t̪ a n̪ ]_w
[_w n̪ a r̪ ɔ ]_w
[_w i b a p a s ]_w
[_w l̪ i n̪ m a t̪ ]_w
[_w l̪ a b a n̪ ]_w
[_w m a t̪ a k a ]_w
[_w k ɔ m ɔ n̪ ]_w
[_w b a ŋ a t̪ ]_w
[_w t̪ u l̪ ɔ ɡ ]_w
[_w m a s i k a t̪ ɔ ]_w
[_w i n̪ j ɛ s a ɛ s ]_w
[_w s ɔ b u l̪ ]_w
[_w b a r̪ i n̪ ]_w
[_w d̪ ɛ l̪ a b ]_w
[_w n̪ a ɡ m a l̪ i s ]_w
[_w i r̪ a j a j ]_w
[_w ɡ a a b a j ]_w
[_w p r̪ ɔ p i t̪ a n̪ ]_w
[_w s ɔ n̪ t̪ a n̪ ɛ s ]_w
[_w m i l̪ a t̪ ]_w
[_w p i n̪ a b a j ]_w
[_w a l̪ ɔ k ]_w
[_w ɔ n̪ t̪ a n̪ a s ]_w
[_w s a r̪ a j a n̪ ]_w
[_w p a k a l̪ ]_w
[_w i n̪ d̪ ɛ ŋ ɛ l̪ ]_w
[_w i b a k a ]_w
[_w a k a n̪ ]_w
[_w t̪ ɔ l̪ a ]_w
[_w t̪ ɔ t̪ ɔ ɔ ]_w
[_w h ɔ l̪ i t̪ ]_w
[_w n̪ i s ɛ ŋ ɛ ɡ ]_w
[_w n̪ a s a b i j ]_w
[_w l̪ i n̪ d̪ a ɔ ]_w
[_w m a n̪ l̪ i k ɛ t̪ ]_w
[_w m a ŋ a l̪ t̪ a n̪ ]_w
[_w i b i l̪ a t̪ ɔ ]_w
[_w p i n̪ i l̪ i n̪ ]_w
[_w b ɛ n̪ b ɛ n̪ ]_w
[_w s i ŋ a a ɡ ]_w
[_w m a n̪ ɔ n̪ a ]_w
[_w d̪ i n̪ m a l̪ i w ]_w
[_w d̪ a l̪ a n̪ i ]_w
[_w n̪ a i m a n̪ ]_w
[_w l̪ a ŋ ɡ a b ɔ j ]_w
[_w b a ɛ k a l̪ ]_w
[_w a n̪ a l̪ i k ɛ t̪ ]_w
[_w n̪ i b a t̪ ɛ j ]_w
[_w ɡ a ɡ a a w a ŋ ]_w
[_w m a ɡ m a l̪ i w ]_w
[_w ɡ a l̪ s a r̪ a j ]_w
[_w ɔ a l̪ a ]_w
[_w n̪ i b u k ]_w
[_w k i ɔ l̪ i d̪ ]_w
[_w d̪ j a ]_w
[_w ɛ ɛ p a t̪ a n̪ ]_w
[_w a k k a m i j ]_w
[_w d̪ ɔ n̪ i a ]_w
[_w ɡ a l̪ s a n̪ ]_w
[_w m i k u ɛ l̪ ]_w
[_w m a t̪ a j ]_w
[_w ɛ l̪ ɛ k ]_w
[_w m i s a ]_w
[_w m a n̪ ɔ n̪ a n̪ ]_w
[_w t̪ r̪ i k ɔ ]_w
[_w p ɛ k l̪ ɛ j ]_w
[_w a m b ɛ d̪ ]_w
[_w i i l̪ a l̪ ɔ a n̪ ]_w
[_w l̪ i k a n̪ ]_w
[_w a p ɔ s t̪ ɔ l̪ ]_w
[_w m i p i a ŋ ]_w
[_w k i n̪ a w a d̪ ]_w
[_w k u a n̪ ]_w
[_w ɡ r̪ ɛ k ɔ r̪ j ]_w
[_w i k ɔ l̪ ]_w
[_w k ɔ t̪ ]_w
[_w m a s p a t̪ ɛ j ]_w
[_w a ŋ k a n̪ ]_w
[_w i n̪ t̪ a n̪ ɛ m ]_w
[_w l̪ a r̪ a k l̪ a ŋ ]_w
[_w s i m b a ]_w
[_w s a k b a j ]_w
[_w d̪ ɛ b ɛ d̪ ]_w
[_w a l̪ i ɡ ]_w
[_w k a t̪ a w a n̪ ]_w
[_w p u ɡ i k ]_w
[_w a ɡ u a l̪ ɛ s a ]_w
[_w k a n̪ s i j ɔ n̪ ]_w
[_w i p ɛ n̪ ]_w
[_w s i k a j ]_w
[_w s i m b ɔ l̪ ]_w
[_w l̪ a m l̪ a m a ŋ ]_w
[_w d̪ s i n̪ a ]_w
[_w l̪ i b a l̪ a ŋ ]_w
[_w m a r̪ a ]_w
[_w j ɔ j ]_w
[_w ɡ a a t̪ a p ]_w
[_w k a b i t̪ a a n̪ ]_w
[_w d̪ i a ɡ ɔ ]_w
[_w t̪ a ɡ u m ]_w
[_w a k a ]_w
[_w b a r̪ a n̪ ]_w
[_w b i l̪ a l̪ ɔ ]_w
[_w k a b a j ]_w
[_w b l̪ u m a ]_w
[_w a b u l̪ ]_w
[_w p a d̪ i ɡ ]_w
[_w i t̪ a j ɔ ]_w
[_w b a d̪ ɔ j ]_w
[_w s i ɔ p a m a t̪ ]_w
[_w d̪ a n̪ ɔ m ]_w
[_w k ɔ n̪ d̪ r̪ a t̪ a ]_w
[_w n̪ a n̪ s u l̪ a d̪ ]_w
[_w n̪ ɛ w ]_w
[_w a ɡ a d̪ a ]_w
[_w p i ɡ a r̪ a j ]_w
[_w l̪ i p a t̪ i t̪ ]_w
[_w n̪ a n̪ t̪ ɔ ]_w
[_w k u ɡ k u k i b ]_w
[_w a n̪ ɛ m i r̪ a ]_w
[_w s a n̪ i d̪ r̪ i n̪ ]_w
[_w k a n̪ t̪ i k ɛ j ]_w
[_w a n̪ d̪ a a n̪ ]_w
[_w i s a p i j ]_w
[_w n̪ a d̪ ŋ ɛ l̪ ]_w
[_w a ɡ a j a r̪ i ]_w
[_w k a n̪ i ]_w
[_w n̪ i i t̪ ɛ r̪ ]_w
[_w i p i k a s i ]_w
[_w k a n̪ ]_w
[_w n̪ a b ɔ a n̪ ]_w
[_w m a t̪ u w a n̪ ]_w
[_w b i n̪ d̪ u l̪ ɔ ŋ ]_w
[_w p u ŋ a ]_w
[_w a d̪ a l̪ ɔ n̪ ]_w
[_w m i p a k a ]_w
[_w n̪ a ɛ p a t̪ ]_w
[_w w a l̪ a j s a j ]_w
[_w m a n̪ a n̪ a ]_w
[_w m a b i ]_w
[_w d̪ a l̪ ɔ s ]_w
[_w i j ɛ p a t̪ ]_w
[_w t̪ u ɡ a ]_w
[_w s i n̪ a d̪ ɛ j a ]_w
[_w a r̪ a m a j ]_w
[_w n̪ a i k t̪ a n̪ ]_w
[_w s a n̪ t̪ i t̪ ]_w
[_w ɔ n̪ a b i t̪ ]_w
[_w a w i t̪ ɛ n̪ ]_w
[_w d̪ u l̪ t̪ a ]_w
[_w b a n̪ a ɔ k i p ]_w
[_w p i l̪ ɔ ]_w
[_w m a l̪ i r̪ ]_w
[_w s i ŋ a ]_w
[_w k a m a t̪ a m ]_w
[_w m a m a i r̪ a b ]_w
[_w a ŋ u p ]_w
[_w i n̪ a ɔ n̪ u r̪ ]_w
[_w w a l̪ a j ]_w
[_w d̪ a ŋ ɔ a n̪ ]_w
[_w h i n̪ d̪ i l̪ a ]_w
[_w t̪ i ɡ i t̪ ]_w
[_w s i r̪ i t̪ u ]_w
[_w m a ɡ n̪ a j ɔ n̪ ]_w
[_w a r̪ a b a n̪ ]_w
[_w t̪ u m a ]_w
[_w u n̪ i b ɛ r̪ ]_w
[_w l̪ i i ŋ ]_w
[_w m a ɡ d̪ ɛ n̪ ]_w
[_w t̪ i a d̪ ]_w
[_w t̪ u k s ɔ ]_w
[_w a p a l̪ ]_w
[_w m a s l̪ a k a n̪ ]_w
[_w t̪ a ɡ ɛ w ]_w
[_w t̪ ɛ k s t̪ ɔ ]_w
[_w k a s a l̪ i t̪ a ]_w
[_w s a k i t̪ ]_w
[_w ɡ u a n̪ k ɔ ]_w
[_w d̪ i a k ɛ w ]_w
[_w s s s ]_w
[_w i s b i r̪ i t̪ u ]_w
[_w s i m p l̪ i n̪ ]_w
[_w k a b w a s a n̪ ]_w
[_w i n̪ m a b ɔ d̪ ]_w
[_w t̪ u k a n̪ ]_w
[_w l̪ a j a n̪ ]_w
[_w n̪ i j ]_w
[_w b a n̪ a r̪ i ɔ ]_w
[_w n̪ a a l̪ a ɡ i ]_w
[_w m a n̪ l̪ i ɡ ɛ t̪ ]_w
[_w i t̪ i l̪ a a n̪ ]_w
[_w p a a b i ɡ ]_w
[_w i m b a ɡ a a n̪ ]_w
[_w a k i r̪ a ]_w
[_w a n̪ a w a ]_w
[_w i n̪ ɛ r̪ a l̪ ]_w
[_w a p u t̪ ]_w
[_w l̪ a p u d̪ ]_w
[_w k a j a r̪ i n̪ ]_w
[_w b a s u r̪ a ]_w
[_w k a l̪ a j ]_w
[_w d̪ i n̪ a w a k ]_w
[_w n̪ i b u ɡ ]_w
[_w s t̪ a r̪ ]_w
[_w ɔ n̪ d̪ a ɡ ɔ t̪ ]_w
[_w m a r̪ u ɡ ɛ j ]_w
[_w p a s ɔ ]_w
[_w n̪ a ɛ m ɛ l̪ ]_w
[_w k a p a n̪ ɔ ]_w
[_w a a l̪ a k a n̪ a ]_w
[_w s i n̪ t̪ i ]_w
[_w m a l̪ i w a ]_w
[_w s i ɔ p a t̪ ]_w
[_w b a n̪ d̪ a a n̪ ]_w
[_w b a n̪ a ŋ a r̪ ɔ ]_w
[_w l̪ a ŋ ɡ a j ]_w
[_w l̪ i k ɛ n̪ ]_w
[_w m a l̪ a s i n̪ ]_w
[_w s i k a l̪ a w ]_w
[_w a m t̪ a a n̪ a b ]_w
[_w k a r̪ u m ]_w
[_w k a d̪ ɛ r̪ a l̪ ]_w
[_w ɛ s t̪ ɛ p a n̪ ]_w
[_w s a ɡ s a ɡ ɛ j ]_w
[_w i n̪ k a l̪ b ɔ ]_w
[_w m a s u l̪ ɔ k ]_w
[_w d̪ a m ɔ r̪ ɔ ]_w
[_w b a w a ]_w
[_w a ɡ k a ]_w
[_w m a k a t̪ ]_w
[_w s i ɡ a n̪ ]_w
[_w i s a ɡ l̪ a ]_w
[_w b i p i i n̪ ]_w
[_w ɔ a l̪ a j ]_w
[_w m a ɡ s a n̪ ]_w
[_w s i j u t̪ a t̪ ]_w
[_w a b a n̪ ]_w
[_w a p ɔ j ]_w
[_w b a ɡ ɛ w ]_w
[_w ɡ u j a ŋ ]_w
[_w n̪ a n̪ l̪ i p ɔ ]_w
[_w ɔ n̪ a p i r̪ ]_w
[_w m a t̪ a ]_w
[_w p i n̪ i ]_w
[_w ɔ n̪ i n̪ ɔ n̪ ɔ t̪ ]_w
[_w b a p ɛ j ]_w
[_w b ɛ r̪ s ɔ ]_w
[_w l̪ u k a s ]_w
[_w tʃ i b r̪ ɛ ]_w
[_w s i m p a w a j ]_w
[_w n̪ a p ɛ n̪ ]_w
[_w m a n̪ m a l̪ ɛ d̪ ]_w
[_w t̪ ɔ k d̪ ɔ r̪ ]_w
[_w n̪ a n̪ l̪ a p u ]_w
[_w p a ŋ ɔ l̪ ɔ ]_w
[_w ɔ p i s p ɔ ]_w
[_w n̪ a d̪ a n̪ ]_w
[_w b a n̪ d̪ ɛ j ]_w
[_w a r̪ i t̪ a ]_w
[_w m a n̪ a w a n̪ ]_w
[_w p a l̪ ɛ t̪ ]_w
[_w p a l̪ ɔ a n̪ ]_w
[_w l̪ i n̪ a w a k ]_w
[_w k a ɔ k ɔ l̪ a n̪ ]_w
[_w n̪ a l̪ i k ɛ t̪ ]_w
[_w l̪ a l̪ a i ŋ ɛ n̪ ]_w
[_w n̪ a a ŋ u p ]_w
[_w k a ɡ a w ɛ n̪ ]_w
[_w k a s t̪ ɔ l̪ ]_w
[_w m a ɔ j a m ɔ ]_w
[_w u m a ]_w
[_w s i b ɛ n̪ ]_w
[_w b i n̪ u ɡ a j ]_w
[_w i n̪ a r̪ a l̪ ɛ n̪ ]_w
[_w s a r̪ a m a n̪ ]_w
[_w k a n̪ s i a ]_w
[_w ɛ l̪ ɛ ɡ ]_w
[_w m a l̪ i w ]_w
[_w b u i s ]_w
[_w k a a r̪ a l̪ ]_w
[_w ɔ m p a n̪ ɔ ]_w
[_w p i l̪ a ɔ ]_w
[_w t̪ a i s ɛ t̪ ]_w
[_w k i t̪ ]_w
[_w n̪ a j a m a n̪ ]_w
[_w l̪ ɛ w ɛ t̪ ]_w
[_w p a t̪ ɔ ]_w
[_w n̪ a k a w a ]_w
[_w t̪ ɛ p ɛ k ]_w
[_w p ɔ r̪ m a ]_w
[_w k r̪ u b ɔ j ]_w
[_w m a m i t̪ ]_w
[_w m a ŋ ɡ a p ɔ j ]_w
[_w s i k u r̪ a t̪ ɔ ]_w
[_w t̪ r̪ a k ɔ n̪ ]_w
[_w k a j a ɡ ]_w
[_w ɛ h ɛ m b l̪ ɔ n̪ ]_w
[_w t̪ a b ɔ ɡ ]_w
[_w ɡ l̪ ɔ r̪ i a ]_w
[_w n̪ i ɡ a s i a n̪ ]_w
[_w s a n̪ d̪ ɔ n̪ ]_w
[_w a j a ]_w
[_w n̪ a b a n̪ ]_w
[_w d̪ a n̪ d̪ a n̪ ]_w
[_w t̪ i n̪ a w a k ]_w
[_w n̪ i p a r̪ a ɡ ]_w
[_w a m b ɛ t̪ ]_w
[_w t̪ i n̪ m u l̪ ɔ j ]_w
[_w t̪ ɔ k t̪ ɔ r̪ ]_w
[_w a ɡ d̪ a j ɔ t̪ ]_w
[_w a r̪ a p ]_w
[_w a n̪ a n̪ ]_w
[_w s u p r̪ i ]_w
[_w s i t̪ ɔ n̪ ]_w
[_w ɔ ɡ a s j ɔ n̪ ]_w
[_w d̪ a r̪ ɛ m ]_w
[_w p ɛ ŋ a t̪ l̪ a n̪ ]_w
[_w n̪ a a l̪ m ɔ ]_w
[_w b a l̪ ɛ ɡ ]_w
[_w n̪ a n̪ ]_w
[_w p ɛ l̪ a ]_w
[_w b i l̪ i t̪ ]_w
[_w s a l̪ a m ɛ t̪ ]_w
[_w ɔ n̪ t̪ ɔ n̪ ]_w
[_w d̪ ɔ m p ɔ k ]_w
[_w p i k k i ŋ ]_w
[_w p u l̪ i s a j ]_w
[_w r̪ ɔ m u l̪ ɔ ]_w
[_w ɛ s p i n̪ ɔ j ]_w
[_w i b a s a ]_w
[_w k a r̪ i ŋ ]_w
[_w s a ɡ l̪ a n̪ ]_w
[_w k a w a ]_w
[_w n̪ a t̪ ɔ r̪ ]_w
[_w s a m b ɔ t̪ ]_w
[_w m a ŋ a j ]_w
[_w a b a t̪ ]_w
[_w l̪ a r̪ a j a ]_w
[_w k a r̪ a ɡ ]_w
[_w m a ŋ a s i ɡ ]_w
[_w b a a w ]_w
[_w i s i b ]_w
[_w a k t̪ a ]_w
[_w a r̪ m a d̪ ]_w
[_w s i m p a ]_w
[_w t̪ a r̪ l̪ a ŋ ]_w
[_w n̪ a d̪ ɛ r̪ a l̪ ]_w
[_w a l̪ a k ɛ j ]_w
[_w d̪ i n̪ m ɛ b a t̪ ]_w
[_w a ŋ i b a k a ]_w
[_w i l̪ a l̪ ɔ a n̪ ]_w
[_w k a s a l̪ i w ]_w
[_w p a ŋ a d̪ ]_w
[_w a n̪ i n̪ ɔ ]_w
[_w n̪ a ɛ r̪ ɛ b ]_w
[_w l̪ i l̪ j ]_w
[_w d̪ a ɡ a j ɔ ]_w
[_w i s a l̪ i t̪ a n̪ ]_w
[_w k a a p i k ]_w
[_w m a s i k ]_w
[_w ɔ n̪ t̪ a j ɛ w ]_w
[_w p a r̪ a t̪ a j ɔ ]_w
[_w k a ŋ ɡ a j ]_w
[_w t̪ a ɡ a n̪ ]_w
[_w a m ɛ r̪ i k ]_w
[_w m a r̪ s ɔ ]_w
[_w l̪ a ŋ ]_w
[_w m a s a ]_w
[_w p a p i l̪ a j ]_w
[_w ɛ t̪ k ]_w
[_w a w a w ɛ j ]_w
[_w t̪ ɔ ɡ d̪ ɔ ɡ ]_w
[_w m a ŋ ɡ a n̪ ]_w
[_w d̪ u ɡ a r̪ u ɡ a ]_w
[_w d̪ i a d̪ ]_w
[_w ɡ a t̪ a t̪ ɛ ŋ ]_w
[_w p a ŋ i t̪ ɛ r̪ ]_w
[_w l̪ a s i a ɔ ]_w
[_w n̪ a p ɔ n̪ a n̪ ]_w
[_w s a l̪ i d̪ a ]_w
[_w a b r̪ i l̪ ]_w
[_w ɔ n̪ k a n̪ a a n̪ ]_w
[_w k u r̪ a t̪ ɔ ]_w
[_w l̪ i n̪ m ɛ s a ]_w
[_w p a ɡ ɛ s ]_w
[_w u p s p ]_w
[_w t̪ u k a j ]_w
[_w b a t̪ a s ]_w
[_w d̪ ɔ t̪ ɔ ɔ n̪ ]_w
[_w k i ɔ a s ]_w
[_w i b a d̪ ɛ j ɛ n̪ ]_w
[_w a ŋ i p a ɡ a n̪ ]_w
[_w m a n̪ a r̪ i ]_w
[_w i b a n̪ ]_w
[_w n̪ a t̪ a n̪ i ɛ n̪ ]_w
[_w l̪ a m a j ]_w
[_w i p ɛ l̪ j a w ]_w
[_w k a r̪ u k a ]_w
[_w p a s t̪ ɔ n̪ ]_w
[_w u n̪ ɔ r̪ a n̪ ]_w
[_w a k a m i n̪ ]_w
[_w n̪ a r̪ a l̪ ɛ n̪ ]_w
[_w s ɔ t̪ ɔ m a s ]_w
[_w b ɛ k t̪ a ]_w
[_w a r̪ d̪ i k u l̪ ]_w
[_w a p ɛ n̪ ]_w
[_w a s ɛ k a t̪ ]_w
[_w m a t̪ u a a n̪ ]_w
[_w k ɛ t̪ a p ]_w
[_w k i ɛ w a n̪ ]_w
[_w i m p a s ɔ ]_w
[_w a l̪ i k a s ]_w
[_w i m a n̪ ɔ ]_w
[_w ɔ n̪ i n̪ ɔ m ]_w
[_w m u n̪ t̪ ɔ d̪ ]_w
[_w s i k a m i j ]_w
[_w h ɛ b r̪ ɛ ɔ s ]_w
[_w d̪ i n̪ ɛ ŋ n̪ ɛ ŋ ]_w
[_w s i t̪ j ]_w
[_w n̪ a n̪ l̪ a b i n̪ ]_w
[_w b a t̪ a l̪ a n̪ ]_w
[_w j a n̪ ]_w
[_w m a t̪ a a n̪ ]_w
[_w ɔ n̪ a p i d̪ ]_w
[_w t̪ a ɡ ɛ b ]_w
[_w k a b u s ɔ l̪ ]_w
[_w n̪ a b i r̪ b i r̪ ]_w
[_w d̪ ɔ ŋ t̪ ɔ ŋ ]_w
[_w p a ɡ j ɔ ]_w
[_w k ɔ l̪ a n̪ ]_w
[_w m a m p a j ɔ ]_w
[_w s i n̪ a l̪ a ]_w
[_w b a s ɛ n̪ ]_w
[_w a l̪ a ɡ a r̪ ]_w
[_w n̪ a p n̪ ɔ j ]_w
[_w t̪ i m ɔ s ]_w
[_w n̪ a t̪ u r̪ a n̪ ]_w
[_w b a j a w ]_w
[_w s i l̪ i ]_w
[_w p u k b u ɡ ɔ r̪ ]_w
[_w b ɛ p ɛ ]_w
[_w k a r̪ a t̪ ]_w
[_w b i s ɛ ]_w
[_w s i l̪ ɔ ŋ ɛ t̪ ]_w
[_w s a n̪ d̪ a j ɛ w ]_w
[_w i s l̪ a ]_w
[_w p ɛ r̪ s ɔ n̪ a ]_w
[_w p ɛ l̪ i k r̪ ɔ ]_w
[_w d̪ ɛ r̪ t̪ ɛ r̪ ]_w
[_w m a s i l̪ ]_w
[_w s i n̪ m a b ɔ ]_w
[_w d̪ i l̪ ɔ ]_w
[_w r̪ a n̪ ]_w
[_w i p a k a m ]_w
[_w ɡ a p u a s a n̪ ]_w
[_w m a ŋ i k a l̪ ɔ ]_w
[_w k a n̪ t̪ i l̪ a ]_w
[_w a j a m a n̪ ]_w
[_w l̪ a j a ]_w
[_w l̪ i ɡ u l̪ a n̪ ]_w
[_w i m b u j a n̪ ]_w
[_w a b i l̪ i ]_w
[_w l̪ i m ɡ a s ]_w
[_w p i p i i ɡ ]_w
[_w p i n̪ d̪ a ɔ ]_w
[_w a k a b a l̪ ]_w
[_w b ɛ r̪ j ɔ t̪ ɔ ]_w
[_w d̪ u a m p l̪ ɔ ]_w
[_w m ɛ j ɔ r̪ ]_w
[_w i n̪ ɔ m a j ]_w
[_w a p l̪ ɔ ]_w
[_w i s l̪ a k ]_w
[_w s i k a s i ]_w
[_w p a t̪ a n̪ ]_w
[_w t̪ u r̪ a n̪ ]_w
[_w p a d̪ ɔ n̪ ]_w
[_w i n̪ k a k a n̪ ɔ ]_w
[_w p i n̪ a b a n̪ ]_w
[_w a b a k ]_w
[_w t̪ i n̪ ɔ m ]_w
[_w p u k ɛ l̪ ]_w
[_w p i r̪ a w a t̪ ]_w
[_w k a h ɔ n̪ ]_w
[_w i n̪ a l̪ s a ]_w
[_w k a l̪ k a l̪ a ŋ ]_w
[_w d̪ a k u b i t̪ ]_w
[_w n̪ i b u l̪ ɔ j ]_w
[_w a ɡ i n̪ ]_w
[_w a l̪ a k ]_w
[_w i b a b a l̪ a ŋ ]_w
[_w a ɡ i s ]_w
[_w l̪ i n̪ m ɛ t̪ a w ]_w
[_w a t̪ s i k ]_w
[_w w a t̪ i a t̪ ]_w
[_w ɛ s a ɛ s ]_w
[_w i b a ɡ a j a t̪ ]_w
[_w n̪ a a ɡ i ]_w
[_w p ɛ t̪ a n̪ i ɛ l̪ ]_w
[_w k a m a u r̪ a n̪ ]_w
[_w i r̪ a n̪ ]_w
[_w ɡ a r̪ a n̪ ]_w
[_w ɡ a i l̪ i ]_w
[_w l̪ a n̪ t̪ ɛ p ɛ t̪ ]_w
[_w l̪ a m p ɛ t̪ a ]_w
[_w i t̪ a j ɔ t̪ ]_w
[_w a l̪ a ]_w
[_w ɔ n̪ ɔ n̪ ]_w
[_w a b i r̪ b i r̪ ]_w
[_w k a p i t̪ ]_w
[_w d̪ ɛ b ɛ k ]_w
[_w s i m b i ɡ a j ]_w
[_w n̪ a n̪ k a i l̪ i ]_w
[_w t̪ a l̪ u j ɔ n̪ ]_w
[_w k l̪ a s i n̪ ]_w
[_w p i n̪ a b l̪ i ]_w
[_w a ŋ ɡ a w a j ]_w
[_w a ɡ a ɔ n̪ a n̪ ]_w
[_w n̪ i p r̪ i n̪ d̪ ɔ ]_w
[_w m ɔ i s ɛ s ]_w
[_w ɡ a n̪ a ]_w
[_w p a l̪ b a ]_w
[_w i p ɛ l̪ j a ]_w
[_w ɡ ɛ t̪ ]_w
[_w n̪ a m b u ŋ a ]_w
[_w u m b a l̪ ɛ t̪ ]_w
[_w p a j ɔ ŋ ]_w
[_w s u m b a l̪ ]_w
[_w i m b a s ɔ ]_w
[_w a t̪ a b l̪ ɔ ]_w
[_w p a t̪ a n̪ a ]_w
[_w l̪ i b ɔ j ]_w
[_w i l̪ a ŋ ]_w
[_w t̪ a ɡ ɛ l̪ ]_w
[_w m a ɔ k ɛ s ]_w
[_w ŋ a l̪ ŋ a l̪ i n̪ ]_w
[_w ɡ a p a t̪ ]_w
[_w m a m a u r̪ a n̪ ]_w
[_w k u m b a l̪ ]_w
[_w k a l̪ i ŋ a ]_w
[_w s i ŋ a r̪ a ]_w
[_w k a a r̪ a b ]_w
[_w b i s i ŋ ]_w
[_w l̪ ɔ s ]_w
[_w l̪ a l̪ a i ŋ ]_w
[_w p a k a ɡ ]_w
[_w k a ɡ a j ]_w
[_w n̪ a a l̪ a ɡ ɛ j ]_w
[_w k a b ɔ j ]_w
[_w d̪ i l̪ i ]_w
[_w ɔ n̪ t̪ a l̪ j a ]_w
[_w i p a b a s ]_w
[_w b i n̪ a b ɛ l̪ ]_w
[_w ɡ a j a r̪ ]_w
[_w ɔ n̪ s a b i ]_w
[_w t̪ a w ɛ n̪ ]_w
[_w l̪ u ɡ a n̪ ]_w
[_w p a d̪ i k a ]_w
[_w p u ŋ a n̪ ]_w
[_w m a m i n̪ ɔ s ]_w
[_w a ɡ a r̪ ]_w
[_w a ŋ a l̪ a ]_w
[_w s u l̪ s u l̪ a t̪ ]_w
[_w m a t̪ ɛ j a ]_w
[_w l̪ i n̪ m ɛ j a ɡ ]_w
[_w p a r̪ a ]_w
[_w p ɛ t̪ a ]_w
[_w a a n̪ a p ɛ l̪ ]_w
[_w s a k a d̪ ]_w
[_w s i r̪ i n̪ ]_w
[_w s ɔ s i ɛ t̪ a d̪ ]_w
[_w a k i m ]_w
[_w a ɡ a j a n̪ ]_w
[_w d̪ i t̪ ɔ ]_w
[_w b ɛ t̪ ɛ l̪ ]_w
[_w s a r̪ a t̪ ]_w
[_w ɡ ɔ r̪ t̪ i r̪ ɔ ]_w
[_w l̪ a ɛ n̪ ]_w
[_w t̪ a s t̪ a ]_w
[_w m a n̪ a a j a d̪ ]_w
[_w k a b a t̪ ɛ j ]_w
[_w n̪ a n̪ l̪ a p u t̪ ]_w
[_w p a n̪ n̪ a ŋ i s ]_w
[_w i k l̪ i s ]_w
[_w k l̪ a s i k ɛ n̪ ]_w
[_w i n̪ a b ɛ l̪ a ]_w
[_w k a m a n̪ ]_w
[_w s a l̪ u j ɔ n̪ ]_w
[_w m a s i b l̪ ɔ k ]_w
[_w s ɔ m l̪ a ŋ ]_w
[_w n̪ i a n̪ ]_w
[_w a w a t̪ ]_w
[_w p r̪ ɔ b i t̪ a n̪ ]_w
[_w a k t̪ i b ɔ n̪ ]_w
[_w k i n̪ a b ɔ n̪ ]_w
[_w l̪ i n̪ m a l̪ ɛ j ]_w
[_w a m p a ŋ a t̪ ]_w
[_w u l̪ a d̪ ]_w
[_w i s t̪ ɔ s ]_w
[_w m a n̪ i i r̪ a b ]_w
[_w b a s a ɛ n̪ ]_w
[_w p ɛ ŋ ɛ r̪ ]_w
[_w n̪ a m b u t̪ ]_w
[_w n̪ a n̪ ɛ ŋ n̪ ɛ ŋ ]_w
[_w a m a l̪ i w ]_w
[_w a t̪ a w a n̪ ]_w
[_w p a t̪ i r̪ a n̪ ]_w
[_w a b ɔ t̪ ]_w
[_w n̪ ɛ ŋ n̪ ɛ ŋ ɛ n̪ ]_w
[_w n̪ a j a m ]_w
[_w l̪ i k n̪ a ]_w
[_w a ɡ a w a d̪ ]_w
[_w t̪ a r̪ ɔ ]_w
[_w a m i n̪ a l̪ ɛ s ]_w
[_w i n̪ j ɔ n̪ ]_w
[_w k b k p ]_w
[_w n̪ i a d̪ a k ɛ l̪ ]_w
[_w l̪ a m a n̪ ]_w
[_w r̪ a t̪ a n̪ ]_w
[_w t̪ a l̪ a ɡ i ]_w
[_w p a ɡ j ɔ n̪ ]_w
[_w b a r̪ i ɔ ]_w
[_w t̪ a ɡ u b ɛ n̪ a ]_w
[_w t̪ ɔ n̪ i a ]_w
[_w n̪ a n̪ d̪ ɛ b ɛ t̪ ]_w
[_w k i r̪ m a d̪ ]_w
[_w b i a n̪ ɔ ]_w
[_w b ɛ ŋ a d̪ ]_w
[_w l̪ a r̪ a n̪ i a n̪ ]_w
[_w k a l̪ a w ]_w
[_w k a r̪ ɛ ɛ n̪ a n̪ ]_w
[_w k a w a a n̪ ]_w
[_w d̪ a w a k ]_w
[_w i t̪ i l̪ a k ]_w
[_w l̪ i ɡ n̪ a k ]_w
[_w ɔ n̪ a l̪ a k i ]_w
[_w k a s a p i j ]_w
[_w i ɡ u a n̪ ]_w
[_w k u m u s t̪ a ]_w
[_w p ɛ r̪ s ]_w
[_w b ɛ k t̪ a n̪ ]_w
[_w i n̪ ɛ r̪ ɛ l̪ ]_w
[_w ɡ a m a n̪ ]_w
[_w s i ɡ a j ɔ ]_w
[_w b a m a j a m ]_w
[_w i p u l̪ i s ]_w
[_w b a j a r̪ i n̪ ]_w
[_w i s a b ɛ l̪ ]_w
[_w ɡ a w ɛ s ]_w
[_w n̪ a l̪ i s ]_w
[_w p u a ŋ ɛ s ]_w
[_w a r̪ a l̪ ɛ m ]_w
[_w p u ɡ ɛ n̪ ]_w
[_w i d̪ ɛ p ɛ l̪ ]_w
[_w b i i n̪ ]_w
[_w i n̪ s i b a n̪ ]_w
[_w b a l̪ i ŋ i d̪ ]_w
[_w m a n̪ i r̪ a b ]_w
[_w p i n̪ m a l̪ ɛ t̪ ]_w
[_w l̪ i n̪ j a ]_w
[_w d̪ a d̪ a l̪ ]_w
[_w s i n̪ a l̪ ɔ ]_w
[_w t̪ a b ɔ t̪ ]_w
[_w l̪ a r̪ a j a n̪ ]_w
[_w n̪ a t̪ a r̪ ɔ ]_w
[_w t̪ i k l̪ i s ]_w
[_w t̪ r̪ u m b i t̪ ]_w
[_w n̪ a b l̪ i k ɔ ]_w
[_w s i k l̪ ɔ ]_w
[_w s ɛ ŋ ɛ ɡ a l̪ ]_w
[_w d̪ a k a j ]_w
[_w p a l̪ i d̪ ɔ ɡ ]_w
[_w p a n̪ a a ɡ ɔ s ]_w
[_w m a m a d̪ ]_w
[_w p l̪ a d̪ ɔ ]_w
[_w b r̪ i n̪ t̪ ɔ ŋ ]_w
[_w i m b a b ɛ j ]_w
[_w d̪ r̪ i s ]_w
[_w u k i b ]_w
[_w k a l̪ s a d̪ a j ]_w
[_w i n̪ a w a n̪ ]_w
[_w p u j ɔ k ]_w
[_w w a t̪ j a t̪ ]_w
[_w d̪ ɔ s a s ]_w
[_w k a l̪ a m a n̪ ]_w
[_w p a r̪ d̪ ɛ ]_w
[_w k ɔ m u s t̪ a ]_w
[_w p i n̪ m a ɔ a j ]_w
[_w m a t̪ a m ]_w
[_w n̪ a n̪ l̪ i ɡ ɛ t̪ ]_w
[_w ɡ a t̪ a w a k ]_w
[_w n̪ a m b a ŋ a t̪ ]_w
[_w j ɔ l̪ a ]_w
[_w m a j ]_w
[_w s i p i ŋ ]_w
[_w d̪ ɛ l̪ ɛ ɡ ]_w
[_w m a l̪ i ɡ a ]_w
[_w k a n̪ t̪ i a j ]_w
[_w i n̪ d̪ a n̪ ]_w
[_w k ɔ n̪ d̪ u l̪ ɔ k ]_w
[_w n̪ a s j ɔ n̪ a l̪ ]_w
[_w k a b k a a n̪ ]_w
[_w b a t̪ i s ]_w
[_w a r̪ a w i d̪ ]_w
[_w i n̪ ɛ r̪ ɛ w ]_w
[_w l̪ i n̪ m ɔ ɡ a n̪ ]_w
[_w k ɔ n̪ b i l̪ a ŋ ]_w
[_w d̪ ɔ ɔ n̪ ]_w
[_w k a p ɔ j ]_w
[_w p a n̪ i i r̪ a p ]_w
[_w l̪ a w a s ]_w
[_w a m b u l̪ ɔ ŋ ]_w
[_w b i s i t̪ a ]_w
[_w i n̪ ɛ r̪ ]_w
[_w n̪ a j n̪ a n̪ ]_w
[_w i k a b a l̪ ]_w
[_w k a b ɛ s ]_w
[_w l̪ a r̪ a n̪ ]_w
[_w a t̪ a l̪ u s ]_w
[_w k a w a n̪ ]_w
[_w d̪ ɔ r̪ a n̪ ]_w
[_w a p ɔ d̪ ]_w
[_w k u j a ɡ ]_w
[_w s ɔ n̪ t̪ a ɡ ]_w
[_w s i ŋ a n̪ ɔ ]_w
[_w a m b a i t̪ ]_w
[_w m a b ɛ k t̪ ɔ ]_w
[_w k a r̪ k a ]_w
[_w s ɛ b ɛ k ]_w
[_w ɡ a w a a n̪ ]_w
[_w b i p a p a s a ]_w
[_w s a u l̪ ɔ ]_w
[_w s ɛ ɡ a t̪ ]_w
[_w i n̪ m u n̪ a n̪ ]_w
[_w a n̪ i n̪ a k ]_w
[_w k a l̪ i ]_w
[_w n̪ a t̪ ɔ ]_w
[_w k a a n̪ ]_w
[_w b a j a n̪ ]_w
[_w p r̪ ɛ m j ɔ ]_w
[_w n̪ a n̪ a ]_w
[_w u n̪ t̪ a n̪ ]_w
[_w m ɛ l̪ a ɡ ]_w
[_w k ɛ t̪ ]_w
[_w ɡ a p i a ŋ a n̪ ]_w
[_w k a p i ]_w
[_w k a d̪ a ]_w
[_w k a j a r̪ i a ]_w
[_w t̪ a ŋ l̪ a ]_w
[_w n̪ i j ɔ k ]_w
[_w a l̪ a ɡ ]_w
[_w ɔ n̪ s ɛ h ɔ ]_w
[_w b u s ɔ k ]_w
[_w d̪ i a t̪ ]_w
[_w u l̪ u p a n̪ ]_w
[_w p a j a r̪ i ]_w
[_w p i s n̪ i s ]_w
[_w t̪ i n̪ m a j a m ]_w
[_w ɡ u a n̪ ɛ n̪ ]_w
[_w m ɛ d̪ ]_w
[_w ɛ r̪ m i t̪ a ]_w
[_w s i k a d̪ u l̪ ɔ ]_w
[_w i r̪ a ]_w
[_w m a k m a l̪ i n̪ ]_w
[_w ɛ ɡ b a ŋ ]_w
[_w a ɡ a w a n̪ ]_w
[_w p a l̪ u a n̪ ]_w
[_w a ŋ ɡ a n̪ a ]_w
[_w l̪ i m ɔ t̪ ]_w
[_w p ɛ t̪ s a ]_w
[_w b a p i s k ɛ k ]_w
[_w ɔ n̪ l̪ i n̪ ɛ w ]_w
[_w ɡ a j a ɡ ]_w
[_w t̪ ɔ n̪ i a n̪ ]_w
[_w k a j a ]_w
[_w m i s a a n̪ ]_w
[_w n̪ a n̪ l̪ a n̪ ]_w
[_w w a d̪ i a ]_w
[_w k u a n̪ k ɔ t̪ ]_w
[_w i s r̪ a ɛ l̪ ]_w
[_w d̪ a ɡ u b i t̪ ]_w
[_w n̪ a t̪ u s ɛ ɔ ]_w
[_w t̪ ɛ l̪ a p ]_w
[_w a s ɔ m ]_w
[_w a k k a j ɔ n̪ ]_w
[_w p a r̪ ɡ ɔ s ]_w
[_w p ɔ ɛ t̪ r̪ j ]_w
[_w d̪ r̪ i ɡ ɔ ]_w
[_w s i m ɔ n̪ j ɔ ]_w
[_w a k k a m i ]_w
[_w s i n̪ u m b a l̪ ]_w
[_w a k a w ɛ s ]_w
[_w k i ɛ n̪ ]_w
[_w k a t̪ a ɔ a n̪ ]_w
[_w i ŋ ɡ a t̪ ]_w
[_w a r̪ a l̪ ɛ n̪ ]_w
[_w t̪ a k u b a n̪ ]_w
[_w k a p a r̪ a a n̪ ]_w
[_w i j a a m ɔ n̪ ]_w
[_w ɡ r̪ u b ɔ j ]_w
[_w m a ŋ a l̪ a j ]_w
[_w m a n̪ i s i a n̪ ]_w
[_w k a ɡ a p a d̪ ]_w
[_w ɔ n̪ l̪ ɔ ɔ p ]_w
[_w l̪ a w a r̪ a n̪ ]_w
[_w b ɔ ɡ ɛ l̪ ]_w
[_w b a p ɔ r̪ ]_w
[_w p u s a n̪ ]_w
[_w i m b u a s ]_w
[_w t̪ i l̪ a j ]_w
[_w b i ɡ a ]_w
[_w n̪ a t̪ ɛ j ]_w
[_w d̪ ɛ ɛ n̪ ]_w
[_w a ɡ i r̪ a ]_w
[_w p a r̪ a ɡ ]_w
[_w m a r̪ a k l̪ a ŋ ]_w
[_w a ɡ m ɔ n̪ ]_w
[_w a r̪ u m a n̪ ]_w
[_w t̪ i m b l̪ ɔ ]_w
[_w ɔ n̪ l̪ i i ŋ ]_w
[_w s i l̪ i s i a d̪ ]_w
[_w k ɛ n̪ d̪ a ]_w
[_w b r̪ ɔ b i t̪ a ]_w
[_w i s j u ]_w
[_w t̪ ɔ m p u ɡ ]_w
[_w k a b u s ɔ m ]_w
[_w k ɔ m p a l̪ ɛ k ]_w
[_w s a m a r̪ a n̪ ]_w
[_w k u w a r̪ t̪ ɔ ]_w
[_w l̪ a ŋ u l̪ ɔ ]_w
[_w d̪ ɔ d̪ ɔ ]_w
[_w b i n̪ a t̪ ɛ j ]_w
[_w t̪ a n̪ j ɔ ]_w
[_w k ɔ r̪ i t̪ ]_w
[_w d̪ u m a ŋ ]_w
[_w t̪ i d̪ ɔ r̪ ]_w
[_w k a t̪ u a n̪ ]_w
[_w k a w a ɛ n̪ ]_w
[_w l̪ a w a r̪ i ]_w
[_w n̪ a a j a t̪ ]_w
[_w ɡ a s t̪ ɔ l̪ ]_w
[_w p a n̪ a ŋ a r̪ ɔ ]_w
[_w n̪ a b u l̪ ɔ ŋ ]_w
[_w i n̪ ɛ p ɛ k d̪ ɔ ]_w
[_w m ɔ n̪ ]_w
[_w k a j ɔ t̪ ]_w
[_w d̪ ɛ ɡ a n̪ ]_w
[_w s a ɡ ɛ j ɛ t̪ ]_w
[_w k ɔ r̪ d̪ i r̪ ɔ ]_w
[_w d̪ u k a n̪ ]_w
[_w a r̪ m a s ]_w
[_w a l̪ a p a s a n̪ ]_w
[_w n̪ a n̪ s u l̪ a t̪ ]_w
[_w k a ŋ ɡ a ]_w
[_w s i k a r̪ a a n̪ ]_w
[_w d̪ a t̪ ]_w
[_w ŋ i p ɛ n̪ ]_w
[_w i l̪ u k ɔ ]_w
[_w n̪ u m ɛ r̪ ɔ n̪ ]_w
[_w s a n̪ ɔ ]_w
[_w l̪ ɛ ŋ u a h i ]_w
[_w l̪ a ɡ i n̪ ]_w
[_w i m p i t̪ ]_w
[_w d̪ ɔ k u l̪ a ŋ ]_w
[_w m a t̪ ɔ n̪ i ]_w
[_w n̪ a a ŋ u p a n̪ ]_w
[_w n̪ a b a i ŋ ]_w
[_w l̪ a n̪ t̪ i ɔ ]_w
[_w d̪ i n̪ m ɛ ŋ ɛ l̪ ]_w
[_w p i ɡ a s ]_w
[_w a k a t̪ a w a n̪ ]_w
[_w a l̪ i w ]_w
[_w b a j a r̪ i ]_w
[_w n̪ i w a l̪ a ]_w
[_w m a ŋ i t̪ ɛ r̪ ]_w
[_w m a m i r̪ b i r̪ ]_w
[_w r̪ ɛ h i ɔ n̪ ]_w
[_w k a s t̪ i l̪ a n̪ ]_w
[_w a ɡ a w a j ]_w
[_w p a s i ɡ a ]_w
[_w a b a l̪ ]_w
[_w t̪ ɔ l̪ j a n̪ ]_w
[_w m a ŋ a a w a t̪ ]_w
[_w t̪ a t̪ i n̪ ]_w
[_w a k l̪ a j ]_w
[_w i n̪ k a d̪ i ŋ ]_w
[_w ɡ a j a r̪ j a n̪ ]_w
[_w n̪ a b a ŋ ]_w
[_w m a r̪ u t̪ a s ]_w
[_w m a n̪ n̪ a ŋ i s ]_w
[_w k a u ɡ u l̪ a w ]_w
[_w n̪ a d̪ a j ]_w
[_w h ɛ p r̪ ɛ ɔ ]_w
[_w l̪ ɛ ɔ n̪ a r̪ t̪ a ]_w
[_w s a k ɔ b ]_w
[_w k a a r̪ ɔ t̪ ]_w
[_w d̪ a k ɛ w ]_w
[_w p a k ɛ j ]_w
[_w d̪ u a n̪ ]_w
[_w m a ŋ a a r̪ ɔ m ]_w
[_w k a i b a ]_w
[_w m a r̪ l̪ a ɡ ]_w
[_w ɡ a u ɡ s a a n̪ ]_w
[_w i s t̪ i l̪ ɔ ]_w
[_w m ɛ t̪ l̪ a j ]_w
[_w d̪ ɔ j ]_w
[_w b u ɛ k ]_w
[_w n̪ u r̪ s ɛ ]_w
[_w l̪ i k u t̪ ]_w
[_w t̪ ɔ d̪ ɔ ɔ j ]_w
[_w p ɔ s ɔ ]_w
[_w d̪ ɔ d̪ ɔ ɔ ɡ ]_w
[_w p a m i l̪ i ]_w
[_w n̪ ɛ n̪ s a h ɛ ]_w
[_w d̪ a a n̪ ]_w
[_w l̪ i n̪ m ɛ ɛ n̪ ]_w
[_w k i n̪ d̪ i ɔ ]_w
[_w k r̪ u p ɔ j ]_w
[_w m a r̪ ɛ ɛ n̪ a n̪ ]_w
[_w i p a t̪ ɛ j a ]_w
[_w t̪ i m ɔ n̪ ]_w
[_w a ɡ a w ɛ ɛ n̪ ]_w
[_w k a b i t̪ ]_w
[_w u k a l̪ i l̪ i ŋ ]_w
[_w a m b ɛ l̪ a ɡ ]_w
[_w a l̪ a ɡ a l̪ a ŋ ]_w
[_w p a r̪ ɛ h ɔ n̪ ]_w
[_w n̪ a d̪ ɔ ɔ ]_w
[_w i n̪ m ɔ l̪ i t̪ ]_w
[_w ɡ a i m i s ]_w
[_w b a ŋ t̪ ɛ m ]_w
[_w ɡ a k i k ]_w
[_w p a ŋ ɡ a a j ]_w
[_w i t̪ a j ɔ d̪ ]_w
[_w p i ɡ l̪ a n̪ ]_w
[_w b ɛ ŋ ɛ r̪ ]_w
[_w p a t̪ s ɛ b a ]_w
[_w l̪ a p a s ]_w
[_w d̪ u s a ɛ n̪ ]_w
[_w s i t̪ i ]_w
[_w b i n̪ a ɔ ]_w
[_w i k a ŋ ɡ a a j ]_w
[_w k a t̪ ɔ n̪ ]_w
[_w a ɡ d̪ a ]_w
[_w k ɔ l̪ ɔ r̪ ]_w
[_w k u m a t̪ l̪ ɔ n̪ ]_w
[_w b r̪ ɔ p i t̪ a n̪ ]_w
[_w a b i r̪ d̪ ɔ n̪ a ]_w
[_w i b a ɡ a k ]_w
[_w k a p a d̪ i r̪ a ]_w
[_w m a m p u l̪ ɔ j ]_w
[_w ɔ k a l̪ i ŋ a ]_w
[_w s ɛ p ɛ l̪ ]_w
[_w k a a r̪ ɔ n̪ ]_w
[_w i j a b u l̪ ɔ ŋ ]_w
[_w u t̪ ɛ ɡ ]_w
[_w n̪ a u n̪ ɔ r̪ ]_w
[_w n̪ a a r̪ a l̪ a n̪ ]_w
[_w t̪ a k l̪ a n̪ ]_w
[_w n̪ a b ɛ n̪ ]_w
[_w k a p a d̪ ɛ j ]_w
[_w b ɔ s i p l̪ ɔ k ]_w
[_w w a l̪ a a j ]_w
[_w a r̪ a w i t̪ ]_w
[_w b a l̪ k ɔ d̪ ]_w
[_w n̪ a n̪ a m ]_w
[_w d̪ ɛ b ɛ t̪ ]_w
[_w k i n̪ ɛ t̪ ]_w
[_w m a t̪ w a ]_w
[_w b a t̪ u r̪ a l̪ ]_w
[_w p a l̪ b a ŋ ɔ n̪ ]_w
[_w m a k a n̪ ɔ ]_w
[_w t̪ i m a n̪ ɔ ɛ n̪ ]_w
[_w t̪ i r̪ ɔ ]_w
[_w m a r̪ ɔ t̪ ]_w
[_w d̪ i k i t̪ ]_w
[_w s i d̪ i ]_w
[_w p a ŋ ɡ a j ]_w
[_w b a j ɛ s ]_w
[_w p a s ɔ ɔ t̪ ]_w
[_w d̪ u l̪ a ŋ ]_w
[_w d̪ a l̪ b a l̪ ɛ ɡ ]_w
[_w k a a r̪ a l̪ a n̪ ]_w
[_w b a k u i ɔ ]_w
[_w m ɔ a k ]_w
[_w b a l̪ s ɔ n̪ ]_w
[_w k a b a r̪ a a n̪ ]_w
[_w i b i l̪ a j ɛ n̪ ]_w
[_w a n̪ t̪ i a j ]_w
[_w d̪ i n̪ m ɛ t̪ a w ]_w
[_w i b ɔ l̪ u s ]_w
[_w l̪ i m a r̪ a ]_w
[_w l̪ i k a l̪ a ŋ ]_w
[_w k a ɔ ɡ ɔ l̪ a ]_w
[_w p ɛ ŋ u ɛ t̪ ]_w
[_w k u a n̪ d̪ a ]_w
[_w m a n̪ a ɔ n̪ u r̪ ]_w
[_w l̪ ɔ b u k ]_w
[_w i l̪ a b a n̪ ]_w
[_w a l̪ a k i n̪ ]_w
[_w k a s a p i ]_w
[_w ɔ s k a r̪ ]_w
[_w ɔ b i n̪ j ɔ n̪ ]_w
[_w a p a s a ɛ n̪ ]_w
[_w p i n̪ m a ɡ ɔ ]_w
[_w i m p i r̪ n̪ ɔ ]_w
[_w k a j ɔ ]_w
[_w ɔ t̪ i n̪ ɔ ]_w
[_w m a n̪ t̪ a t̪ ]_w
[_w p u ɛ r̪ s a ]_w
[_w t̪ a ɔ ɛ n̪ ]_w
[_w d̪ u a m b l̪ ɔ n̪ ]_w
[_w i n̪ l̪ a k ɔ ]_w
[_w b a l̪ ɔ d̪ ɔ n̪ ]_w
[_w p u r̪ ɔ n̪ ]_w
[_w s a m a r̪ a ]_w
[_w l̪ u p a ]_w
[_w s a k a t̪ ]_w
[_w b i n̪ j a k a r̪ ]_w
[_w a d̪ ɛ r̪ a l̪ ]_w
[_w n̪ a w a ɡ ]_w
[_w a n̪ d̪ i l̪ a k ]_w
[_w p u s ɔ a n̪ ]_w
[_w s a t̪ ɔ ɡ ]_w
[_w t̪ ɛ l̪ ɛ b ɔ n̪ ɔ ]_w
[_w w ɛ p ]_w
[_w i n̪ d̪ i r̪ ɔ ]_w
[_w a j a d̪ ]_w
[_w n̪ i p u l̪ ɔ j ]_w
[_w a k a w a ɛ n̪ ]_w
[_w m a n̪ ɛ p ɛ t̪ ]_w
[_w a n̪ d̪ a s i ]_w
[_w s i n̪ m a p i ɡ ]_w
[_w b a l̪ ɔ ŋ ]_w
[_w m a n̪ a ŋ a n̪ ]_w
[_w ɛ d̪ ɔ m ]_w
[_w d̪ u ɡ t̪ u w a ]_w
[_w s i r̪ i j ɔ s ]_w
[_w p a n̪ ɔ a ]_w
[_w i b a w i l̪ ]_w
[_w m a ŋ a w a t̪ ]_w
[_w a n̪ t̪ a m ]_w
[_w p u k ɔ r̪ ]_w
[_w t̪ ɔ r̪ a n̪ ]_w
[_w i m b a s a ]_w
[_w d̪ i n̪ a ɔ ]_w
[_w s a m b a j a ɡ ]_w
[_w k a p a w a ]_w
[_w m a n̪ ɔ n̪ ɔ t̪ ]_w
[_w ɔ k a l̪ i ]_w
[_w l̪ u s ɛ k ]_w
[_w l̪ u p a ɡ ]_w
[_w i n̪ d̪ a ]_w
[_w i n̪ s a p i ]_w
[_w n̪ a j n̪ a j ]_w
[_w a r̪ a j ]_w
[_w m i t̪ ɔ ŋ t̪ ɔ ŋ ]_w
[_w t̪ a l̪ ɔ s a n̪ ]_w
[_w b a d̪ i k ]_w
[_w d̪ i m ɔ s ]_w
[_w m a t̪ a l̪ ɔ r̪ ]_w
[_w d̪ a l̪ ɔ s a n̪ ]_w
[_w p ɔ r̪ t̪ a ]_w
[_w p i l̪ a ]_w
[_w l̪ a l̪ a i ŋ ɛ t̪ ]_w
[_w s a n̪ a ɡ ]_w
[_w k a ɔ l̪ ɛ j ]_w
[_w l̪ a p a j a n̪ ]_w
[_w a a l̪ a ɡ a ]_w
[_w m a ŋ a s i ɡ a ]_w
[_w b i l̪ ɛ j ]_w
[_w k a i s i b ɛ n̪ ]_w
[_w m ɔ t̪ ]_w
[_w m a b a k a l̪ a ]_w
[_w ŋ i b ɛ n̪ ]_w
[_w u u s a r̪ ɛ a ]_w
[_w p ɔ k ɔ r̪ ]_w
[_w n̪ a k s a n̪ ɔ ɡ ]_w
[_w u l̪ a t̪ ]_w
[_w a b a d̪ ɛ n̪ ]_w
[_w p a ŋ i t̪ ]_w
[_w t̪ i n̪ u ɡ a j ]_w
[_w a k i k ]_w
[_w ɡ a p i ]_w
[_w m a p i j ]_w
[_w p a ŋ u l̪ ɔ ]_w
[_w s i l̪ a s ]_w
[_w ɔ n̪ d̪ a ]_w
[_w l̪ i m a ɡ ]_w
[_w k ɔ p i a n̪ ɔ ]_w
[_w s i n̪ u m ɛ r̪ ɔ ]_w
[_w t̪ a n̪ u m ]_w
[_w a s i ŋ ɡ ɛ r̪ ]_w
[_w k a j a r̪ i a n̪ ]_w
[_w n̪ i l̪ ɔ ɡ ɔ ]_w
[_w d̪ u w ɛ k ]_w
[_w a t̪ a b ]_w
[_w l̪ a l̪ a j ]_w
[_w b ɔ ŋ a j ]_w
[_w m a i ŋ ɛ n̪ ]_w
[_w ɔ n̪ j a n̪ ]_w
[_w i s l̪ a n̪ d̪ ɛ m ]_w
[_w m a n̪ i s i a t̪ ]_w
[_w ɔ n̪ i a n̪ ]_w
[_w s i ɔ p a m a d̪ ]_w
[_w k a t̪ a ɡ ɛ l̪ ]_w
[_w i n̪ a w a ]_w
[_w i m p a ɡ a ]_w
[_w a s a ɡ u r̪ ]_w
[_w s a p a d̪ i r̪ a ]_w
[_w d̪ ɛ ɡ a b ]_w
[_w a k a s i a n̪ ]_w
[_w k a t̪ ɛ r̪ a l̪ ]_w
[_w k u m a d̪ w a ]_w
[_w l̪ i n̪ m a w i l̪ ]_w
[_w a b r̪ i s ɔ ]_w
[_w d̪ a s i ]_w
[_w n̪ i ɡ a n̪ ]_w
[_w p ɔ k ɛ n̪ ]_w
[_w k a i p a j ]_w
[_w d̪ ɔ n̪ i a j ]_w
[_w k i d̪ ]_w
[_w i n̪ m ɛ ɡ a l̪ ]_w
[_w s a n̪ ɔ k ]_w
[_w i d̪ ɛ r̪ ]_w
[_w l̪ i n̪ a w a n̪ ]_w
[_w b a t̪ u l̪ ɔ ]_w
[_w p a r̪ a n̪ ]_w
[_w b ɛ k l̪ ɛ j ]_w
[_w i p a n̪ t̪ a t̪ ]_w
[_w w a l̪ a ]_w
[_w j ɔ a ɡ ]_w
[_w p ɛ ɡ p ɛ ɡ ]_w
[_w m a k a ɔ k i b ]_w
[_w i m b a ɡ a ]_w
[_w i n̪ d̪ a j ]_w
[_w m a n̪ d̪ a j ]_w
[_w a k u l̪ a b ]_w
[_w ɡ a t̪ a t̪ ]_w
[_w p ɛ n̪ ɛ ɡ a n̪ ]_w
[_w s i n̪ u m ɛ n̪ ]_w
[_w n̪ ɛ ŋ n̪ ɛ ŋ ]_w
[_w p i ɡ k i ŋ ]_w
[_w m a a n̪ l̪ ɔ ŋ ]_w
[_w ɡ ɔ n̪ t̪ r̪ a ]_w
[_w k i n̪ d̪ i ]_w
[_w b r̪ ɔ p l̪ ɛ m a ]_w
[_w ɔ n̪ s a l̪ a t̪ ]_w
[_w s a n̪ d̪ ɔ j ]_w
[_w k a l̪ a ɡ ]_w
[_w k i n̪ m a b i j ]_w
[_w ɔ b i n̪ j a k a ]_w
[_w a n̪ i s i a ]_w
[_w i l̪ i k a s i ]_w
[_w s a m a j a t̪ ]_w
[_w k r̪ i m ɛ n̪ ]_w
[_w p a p a ŋ a t̪ ]_w
[_w i b a ɡ a n̪ ]_w
[_w j ɛ ɡ j ɛ k ]_w
[_w p a d̪ a n̪ ]_w
[_w a n̪ ɔ n̪ ]_w
[_w p ɛ t̪ s a i d̪ a ]_w
[_w d̪ u a j ]_w
[_w r̪ a m ɔ s ]_w
[_w m a n̪ a l̪ i i s ]_w
[_w n̪ a j a ]_w
[_w a d̪ u m b ɔ k ]_w
[_w ɛ m b i r̪ j ɔ ]_w
[_w s a l̪ i ]_w
[_w m a r̪ tʃ ]_w
[_w d̪ a m p ɔ t̪ i n̪ ]_w
[_w n̪ ɔ a ɡ ]_w
[_w i m p a ɡ i s ]_w
[_w a ŋ u b a n̪ ]_w
[_w r̪ i m a ]_w
[_w k ɔ n̪ ]_w
[_w w a t̪ d̪ a n̪ ]_w
[_w d̪ a l̪ a n̪ ]_w
[_w s i ɛ n̪ s i a ]_w
[_w n̪ a p a ɔ l̪ ɛ j ]_w
[_w r̪ a d̪ j ɔ ]_w
[_w t̪ u k t̪ a ]_w
[_w i s p a d̪ a s ]_w
[_w p a n̪ ɔ ]_w
[_w a n̪ a l̪ ɔ ]_w
[_w l̪ a b i ]_w
[_w u l̪ u b a n̪ ]_w
[_w m a r̪ ɛ ɛ n̪ ]_w
[_w n̪ a k m ɔ ]_w
[_w p a ŋ ɛ ɡ a l̪ ]_w
[_w k a u k ɔ l̪ a s ]_w
[_w a ɡ t̪ ɔ n̪ ]_w
[_w k w a r̪ t̪ ɔ ]_w
[_w m a p a s ɛ n̪ ]_w
[_w t̪ i l̪ ɔ ]_w
[_w b a n̪ a r̪ i a n̪ ]_w
[_w s i r̪ i j ]_w
[_w m a s a ɡ ]_w
[_w a ɡ a ɔ l̪ ɛ j ]_w
[_w b a n̪ ɔ j ]_w
[_w i n̪ k a d̪ ɔ ɔ ]_w
[_w b i s ɔ ]_w
[_w m a n̪ l̪ a b u d̪ ]_w
[_w ɡ ɔ r̪ t̪ i ]_w
[_w b a b i l̪ i ]_w
[_w a b ɛ p a n̪ ]_w
[_w m a n̪ s a ɡ ]_w
[_w t̪ a a n̪ ]_w
[_w b u l̪ a n̪ ]_w
[_w m a t̪ a n̪ i r̪ ]_w
[_w m a n̪ u n̪ ɔ d̪ ]_w
[_w i n̪ k u a n̪ k ɔ ]_w
[_w b u s ɔ j ]_w
[_w b a l̪ a ŋ a ]_w
[_w b i n̪ a b a s ]_w
[_w m a s j a ]_w
[_w i p a b a t̪ a n̪ ]_w
[_w m a ɡ s i l̪ ]_w
[_w p i k a r̪ a ɡ ]_w
[_w a r̪ a p ɛ n̪ ]_w
[_w k a ɔ ɡ i b ]_w
[_w s i k i ]_w
[_w m a ŋ a l̪ i n̪ ]_w
[_w ɡ a j a t̪ ]_w
[_w p a m b a i t̪ ]_w
[_w ŋ a r̪ a j a n̪ ]_w
[_w a b ɔ ŋ ]_w
[_w d̪ a r̪ a n̪ ]_w
[_w a n̪ a w a ɡ ]_w
[_w a p r̪ a h a m ]_w
[_w n̪ i l̪ a b a j ]_w
[_w k u a r̪ d̪ ɔ ]_w
[_w k ɛ n̪ t̪ i s ɛ ]_w
[_w b i n̪ i ]_w
[_w a s a p i ]_w
[_w b a s ɔ ]_w
[_w p a ɛ k a l̪ ɛ n̪ ]_w
[_w r̪ a s ɔ n̪ ]_w
[_w k l̪ a b ]_w
[_w k r̪ i s m a s ]_w
[_w l̪ a b a t̪ ]_w
[_w p a n̪ t̪ a a n̪ ]_w
[_w s i n̪ i s ]_w
[_w s a d̪ u s ɛ ɔ ]_w
[_w i n̪ ɛ ɡ a n̪ ]_w
[_w p a r̪ a b ɛ n̪ ]_w
[_w l̪ a l̪ a k ]_w
[_w m a m b u t̪ i n̪ ]_w
[_w p a n̪ a r̪ i ]_w
[_w p a b ɛ j ]_w
[_w i m b a s ɛ n̪ ]_w
[_w i m b a k ɛ s ]_w
[_w d̪ a l̪ ɔ r̪ a n̪ ]_w
[_w a n̪ d̪ a ]_w
[_w m a m b i l̪ a ]_w
[_w m a l̪ a s ]_w
[_w n̪ a n̪ a j ɔ n̪ ]_w
[_w p a ŋ ɡ a b ɔ j ]_w
[_w i n̪ a ɔ n̪ ]_w
[_w k a u m a a n̪ ɔ ]_w
[_w m a n̪ ɛ m ]_w
[_w b a r̪ t̪ ɛ ]_w
[_w u b a s ]_w
[_w i p a ŋ a t̪ ]_w
[_w d̪ ɔ ŋ d̪ ɔ ŋ ]_w
[_w r̪ ɛ l̪ i h j ɔ n̪ ]_w
[_w p ɔ t̪ ɔ s ]_w
[_w a b u l̪ ɔ ]_w
[_w a n̪ i d̪ ɔ s ]_w
[_w t̪ i n̪ i t̪ d̪ a n̪ ]_w
[_w l̪ i ŋ ɡ ɔ r̪ ]_w
[_w p a n̪ m ɔ r̪ i a ]_w
[_w i n̪ k u a n̪ t̪ ɔ ]_w
[_w n̪ a ɛ r̪ a s ]_w
[_w p i n̪ m a j a m ]_w
[_w ɡ a w a d̪ ]_w
[_w ɡ a ŋ ɡ a d̪ ]_w
[_w s i n̪ i s i a ]_w
[_w s a ɡ s a n̪ ]_w
[_w a ɡ m ɛ t̪ ]_w
[_w m i l̪ a k ]_w
[_w t̪ u l̪ t̪ a ]_w
[_w d̪ r̪ i k ɔ ]_w
[_w b a k a j a n̪ ]_w
[_w l̪ a p a t̪ ]_w
[_w m a s a r̪ a ]_w
[_w m ɛ t̪ i a ]_w
[_w a n̪ t̪ ɛ m ]_w
[_w i m b a d̪ ]_w
[_w k u k i p ]_w
[_w i b a a k a r̪ ]_w
[_w k a b a n̪ ]_w
[_w n̪ i p a l̪ ɔ a n̪ ]_w
[_w p a i ]_w
[_w ɡ a i p a ]_w
[_w a l̪ a m ɛ t̪ ]_w
[_w p i k a s ]_w
[_w b u i r̪ t̪ a ]_w
[_w d̪ ɔ n̪ j ]_w
[_w a r̪ ɔ ɛ n̪ ]_w
[_w ɡ r̪ i ɛ k ɔ ]_w
[_w t̪ u k u l̪ a n̪ ]_w
[_w i b a p a l̪ a t̪ ]_w
[_w b a p ɛ l̪ ]_w
[_w u ŋ ɔ t̪ ]_w
[_w m a k n̪ a j ɔ n̪ ]_w
[_w m a k a l̪ ɔ k ]_w
[_w l̪ i m a m ]_w
[_w m a t̪ u l̪ ɔ j ]_w
[_w i n̪ m ɛ ŋ ɛ l̪ ]_w
[_w p u p l̪ i k ]_w
[_w a t̪ ɛ p ]_w
[_w k a r̪ n̪ i r̪ ɔ n̪ ]_w
[_w i n̪ k u a n̪ ɛ n̪ ]_w
[_w ɔ n̪ i a ]_w
[_w a b u ŋ ]_w
[_w i n̪ t̪ i ɔ n̪ a l̪ ]_w
[_w u n̪ ɔ n̪ a ]_w
[_w s ɛ l̪ j a w ]_w
[_w k a b a ɡ a ]_w
[_w k ɔ l̪ a s ]_w
[_w n̪ i t̪ a n̪ ]_w
[_w n̪ a a k a r̪ ]_w
[_w p i k a r̪ a j ]_w
[_w p a b a ɡ ]_w
[_w i l̪ a l̪ a m a n̪ ]_w
[_w m i p a r̪ a a n̪ ]_w
[_w a k t̪ a ɡ ɛ j ]_w
[_w b ɛ l̪ a s ]_w
[_w ɔ p i n̪ j ɔ n̪ ]_w
[_w s u k a l̪ ]_w
[_w ɔ b i s p ɔ ]_w
[_w s a n̪ d̪ ɔ d̪ ]_w
[_w k a a r̪ u m a n̪ ]_w
[_w i s p i r̪ i t̪ ]_w
[_w a k m ɛ t̪ ]_w
[_w m a t̪ a j ɔ n̪ ]_w
[_w b a k i k ]_w
[_w a ŋ ɡ a j ]_w
[_w a k u s a ɛ n̪ ]_w
[_w s ɔ n̪ d̪ a l̪ a n̪ ]_w
[_w ɔ n̪ ɔ l̪ i d̪ ]_w
[_w ɡ a b ɛ s ]_w
[_w p a k a ]_w
[_w s a l̪ i ɡ ɛ t̪ ]_w
[_w t̪ i t̪ a d̪ ]_w
[_w k a p i t̪ l̪ a ]_w
[_w l̪ i n̪ a ɔ ]_w
[_w a n̪ d̪ a j a t̪ ]_w
[_w d̪ ɔ m a s ]_w
[_w s a m i ɔ ŋ ]_w
[_w b ɔ t̪ ɔ s ]_w
[_w s i j ɛ m p r̪ ɔ ]_w
[_w k a a t̪ a p ]_w
[_w k a ɡ a w a ɛ n̪ ]_w
[_w p i d̪ u l̪ ɔ ]_w
[_w i b a b a s a ɡ ]_w
[_w t̪ i ɡ l̪ i s i a ]_w
[_w a m b a l̪ ]_w
[_w ɔ ŋ ɡ ɛ n̪ d̪ a d̪ ]_w
[_w i l̪ ɛ t̪ n̪ ɛ ɡ ]_w
[_w d̪ ɛ k a t̪ ]_w
[_w t̪ i j ɔ s ]_w
[_w i n̪ a k ɔ ]_w
[_w k a a p u ŋ ]_w
[_w k i k i ɔ l̪ i ]_w
[_w b a r̪ a ŋ a j ]_w
[_w t̪ u l̪ a ŋ ]_w
[_w ɔ n̪ ɔ l̪ i t̪ ]_w
[_w l̪ i w a n̪ ]_w
[_w l̪ u a ɡ ]_w
[_w k a b a d̪ ]_w
[_w a r̪ ɔ ]_w
[_w l̪ i n̪ m ɔ n̪ a n̪ ]_w
[_w b i t̪ u m a ŋ ]_w
[_w i m a n̪ ɔ n̪ ]_w
[_w b a l̪ i t̪ a n̪ ]_w
[_w t̪ a ɡ ɛ j ]_w
[_w a ŋ k a w a ]_w
[_w m a a r̪ a l̪ ɛ m ]_w
[_w k a n̪ i a n̪ a ɡ ]_w
[_w k r̪ i ɛ ɡ ɔ ]_w
[_w p a j ]_w
[_w a n̪ d̪ ɔ t̪ ]_w
[_w ɔ n̪ t̪ a j n̪ a n̪ ]_w
[_w ɡ u m a t̪ w a ]_w
[_w ɡ a p a l̪ ɔ ŋ ]_w
[_w n̪ i i d̪ ɛ r̪ ]_w
[_w b i p l̪ i a ]_w
[_w t̪ a l̪ a k i n̪ ]_w
[_w b u n̪ i k a n̪ ]_w
[_w n̪ i m ɛ t̪ ]_w
[_w ɡ a s a p i t̪ ]_w
[_w d̪ ɔ t̪ ]_w
[_w m a ŋ a a w a ŋ ]_w
[_w b a n̪ k ɛ l̪ a w ]_w
[_w i s a l̪ i w ]_w
[_w ɡ a m i ]_w
[_w h ɛ b r̪ ɛ ɔ n̪ ]_w
[_w p a s i j ]_w
[_w a r̪ a w i n̪ ]_w
[_w k a r̪ k a j ]_w
[_w l̪ i p ɔ n̪ ]_w
[_w ɡ a d̪ a j ]_w
[_w p a i ŋ ]_w
[_w t̪ a r̪ a j ]_w
[_w t̪ a k ɛ j ]_w
[_w m a i m p i s ]_w
[_w p a r̪ t̪ ɛ ]_w
[_w t̪ a ɔ n̪ ]_w
[_w b a ɡ u i ɔ ]_w
[_w n̪ i d̪ ]_w
[_w b ɔ l̪ u s ]_w
[_w h ɔ l̪ ]_w
[_w j a j ]_w
[_w k i p ɔ ]_w
[_w p a r̪ i n̪ ]_w
[_w ɔ n̪ t̪ u l̪ ɔ ŋ ]_w
[_w p a w a j ]_w
[_w k a n̪ a j a r̪ i ]_w
[_w s a m u ɛ l̪ ]_w
[_w ɔ n̪ l̪ a t̪ ]_w
[_w p a ŋ t̪ ɛ m ]_w
[_w ɛ r̪ m ɛ n̪ ]_w
[_w i n̪ a w a ɡ ]_w
[_w n̪ a l̪ i i s ]_w
[_w i n̪ t̪ ɛ r̪ ɛ w ]_w
[_w n̪ a j a r̪ j ɔ ]_w
[_w i n̪ a ŋ k a w a ]_w
[_w a k b a l̪ ɔ t̪ ]_w
[_w m a ŋ ɡ a j ]_w
[_w ɔ ɡ u m ]_w
[_w ɔ n̪ s i ŋ ɡ ɛ r̪ ]_w
[_w n̪ i w a l̪ a t̪ ]_w
[_w n̪ i b a l̪ i t̪ a ]_w
[_w p a l̪ ɔ t̪ ]_w
[_w i d̪ a j ɔ j ]_w
[_w n̪ a k a l̪ ɔ ]_w
[_w d̪ i l̪ i n̪ ]_w
[_w t̪ i m p l̪ i n̪ ]_w
[_w k a w ɡ a w a n̪ ]_w
[_w b a b ɛ l̪ a ɡ ]_w
[_w d̪ ɛ b ɛ l̪ ]_w
[_w a s ɔ ]_w
[_w i k u a l̪ a n̪ ]_w
[_w m a i s t̪ r̪ ɔ ]_w
[_w i k ɛ t̪ ]_w
[_w ŋ a r̪ a ]_w
[_w p ɛ t̪ a ŋ ]_w
[_w s a m p a k a t̪ ]_w
[_w t̪ u l̪ ɔ n̪ ]_w
[_w k u p a n̪ ]_w
[_w i s b i r̪ i t̪ ɔ ]_w
[_w a n̪ a k a n̪ ]_w
[_w i n̪ k a t̪ ɔ j a ]_w
[_w s a b i ]_w
[_w i r̪ a p ]_w
[_w n̪ a b l̪ i ]_w
[_w i n̪ u m b a l̪ ]_w
[_w u l̪ ɛ j ]_w
[_w a p i l̪ a ŋ ]_w
[_w s a n̪ a a n̪ a b ]_w
[_w a k a j l̪ a j ]_w
[_w b a ɔ k ]_w
[_w s i s i a t̪ ]_w
[_w p a d̪ u r̪ a ]_w
[_w i m p a s ɛ n̪ ]_w
[_w p a t̪ i ]_w
[_w p ɔ l̪ ɔ a n̪ ]_w
[_w a ɡ i n̪ ɛ n̪ ]_w
[_w h ɛ r̪ ɔ t̪ ɛ s ]_w
[_w n̪ i ɡ a w ɛ s ]_w
[_w s i ɛ m b r̪ ɔ ]_w
[_w p r̪ i m a ]_w
[_w ɡ u m a t̪ l̪ ɔ j ]_w
[_w k u l̪ t̪ u r̪ a l̪ ]_w
[_w n̪ a n̪ l̪ a b u t̪ ]_w
[_w i n̪ d̪ i l̪ a k ɔ ]_w
[_w p a ŋ ɡ a w a m ]_w
[_w b a m p u ŋ a j ]_w
[_w n̪ a ɡ m ɔ ]_w
[_w n̪ a b n̪ ɔ ]_w
[_w ɔ m b a n̪ ɔ ]_w
[_w b a ɡ a k a t̪ ]_w
[_w i i t̪ ɛ r̪ ]_w
[_w m a p ɛ k ɛ t̪ ]_w
[_w l̪ u k a r̪ ]_w
[_w b a l̪ ɛ t̪ ]_w
[_w m i k a p ɔ a n̪ ]_w
[_w ɡ i l̪ a t̪ ]_w
[_w m a t̪ ɛ j ]_w
[_w a ɡ a n̪ ]_w
[_w p a j b a j ]_w
[_w a n̪ d̪ i t̪ ]_w
[_w n̪ a a n̪ d̪ i ŋ ]_w
[_w a d̪ a n̪ ]_w
[_w n̪ a ɡ m a u ŋ ]_w
[_w p ɔ l̪ ɔ ]_w
[_w b i k a s i ]_w
[_w i n̪ k a s a b i ]_w
[_w b a s t̪ ɔ s ]_w
[_w h ɛ p r̪ ɛ ɔ s ]_w
[_w n̪ a k a p ɛ s ]_w
[_w ɛ l̪ ɔ j ]_w
[_w l̪ a u t̪ l̪ a d̪ ]_w
[_w s a l̪ i t̪ a n̪ ]_w
[_w d̪ u s a n̪ ]_w
[_w m i p a p a t̪ ]_w
[_w t̪ ɔ m a s ]_w
[_w n̪ a k a w a t̪ ]_w
[_w s i ɡ a r̪ a j ]_w
[_w b i ɛ ɡ ]_w
[_w s i k ɛ ]_w
[_w p u k i k ]_w
[_w t̪ ɔ l̪ j a r̪ ]_w
[_w m a n̪ a r̪ a b ]_w
[_w p i s ɛ ]_w
[_w d̪ ɔ n̪ t̪ a n̪ ]_w
[_w n̪ a i t̪ d̪ a j ]_w
[_w b ɛ t̪ l̪ ɛ h ɛ m ]_w
[_w l̪ u b ɔ ɡ ]_w
[_w m a s ]_w
[_w j a l̪ i l̪ i ŋ ]_w
[_w t̪ ɛ t̪ ɛ l̪ ]_w
[_w r̪ i l̪ i h i ɔ n̪ ]_w
[_w l̪ i b a l̪ i w ]_w
[_w u l̪ ɛ ɡ ]_w
[_w ɔ n̪ ɔ ŋ ]_w
[_w r̪ a d̪ a n̪ ]_w
[_w k ɔ b i a ]_w
[_w m a a p i k ]_w
[_w i m b a k a ]_w
[_w m a l̪ m a r̪ i a ]_w
[_w i k a l̪ a ]_w
[_w i n̪ k u a j ]_w
[_w a m a a b i k ]_w
[_w l̪ ɔ k ɔ ]_w
[_w n̪ ɛ b ɛ ɡ ]_w
[_w b a r̪ a t̪ ]_w
[_w ɡ u m u s t̪ a ]_w
[_w i b u l̪ ɔ ŋ a n̪ ]_w
[_w p a j a w a s ]_w
[_w s a n̪ a a k ɔ m ]_w
[_w p i n̪ m a b i ]_w
[_w a n̪ i n̪ a ɡ ]_w
[_w n̪ i l̪ ɔ k ]_w
[_w n̪ a d̪ ɔ ɡ u l̪ ]_w
[_w s u ɡ a t̪ ]_w
[_w l̪ a l̪ a m ]_w
[_w m ɛ l̪ a k ]_w
[_w i b i l̪ a j ]_w
[_w m a l̪ a ɛ m ]_w
[_w a r̪ u m ɔ ɡ ]_w
[_w k a j ɔ j ]_w
[_w ɔ ŋ ɡ a p ɔ j ]_w
[_w s a n̪ a n̪ ]_w
[_w b a n̪ a ɔ j ]_w
[_w n̪ a b a a n̪ ]_w
[_w s tʃ ɔ ɔ l̪ ]_w
[_w a p a l̪ u d̪ ]_w
[_w k a ɔ k ]_w
[_w ɔ n̪ i n̪ ɔ ]_w
[_w i r̪ a j a n̪ i ]_w
[_w b a l̪ p a ŋ ɔ n̪ ]_w
[_w d̪ a w i d̪ ]_w
[_w b ɛ n̪ ɛ k ]_w
[_w u s a r̪ ]_w
[_w a ŋ a ŋ ɡ ɔ ]_w
[_w s a m a l̪ s a j ]_w
[_w m a p ɛ t̪ b ɛ d̪ ]_w
[_w n̪ i l̪ ɔ ɡ ɔ s ]_w
[_w l̪ i m m a w a j ]_w
[_w ɔ n̪ a a n̪ ]_w
[_w t̪ i r̪ ɔ n̪ ]_w
[_w t̪ ɔ m a ]_w
[_w k a p u j ]_w
[_w i n̪ m i r̪ u ŋ ]_w
[_w j ɔ u ]_w
[_w d̪ ɔ d̪ ɔ ɔ j ]_w
[_w k a n̪ d̪ i ŋ ]_w
[_w t̪ ɔ k t̪ ɔ ɡ ]_w
[_w d̪ a n̪ t̪ ɔ ]_w
[_w m a ŋ u u s a r̪ ]_w
[_w i n̪ ŋ a r̪ a ]_w
[_w i n̪ t̪ ɛ r̪ ]_w
[_w p a w i l̪ ]_w
[_w l̪ a b i s ]_w
[_w a ŋ ɡ a b ɔ n̪ ]_w
[_w k a w ɛ s ]_w
[_w k a i n̪ t̪ a ]_w
[_w m a ɡ a u l̪ ɛ j ]_w
[_w k a k a w a m ]_w
[_w i k u a n̪ ɛ n̪ ]_w
[_w n̪ a b ɛ l̪ ]_w
[_w i n̪ a t̪ a n̪ ]_w
[_w d̪ a r̪ a ]_w
[_w s i u t̪ a t̪ ]_w
[_w ɔ n̪ a a n̪ i ]_w
[_w i b a d̪ a n̪ ]_w
[_w i n̪ m u u n̪ a n̪ ]_w
[_w a d̪ ɛ b ]_w
[_w s a ŋ a ]_w
[_w a ɡ l̪ a j ]_w
[_w l̪ ɔ ɡ ɔ s ]_w
[_w s a n̪ a ɡ i s ]_w
[_w p r̪ i s ɔ w a n̪ ]_w
[_w t̪ a m ]_w
[_w t̪ a ɛ w ]_w
[_w b a t̪ a ŋ ]_w
[_w a n̪ d̪ a n̪ a ]_w
[_w t̪ ɔ n̪ i ]_w
[_w p r̪ i s ɔ ]_w
[_w k a b i ]_w
[_w m a n̪ i r̪ a ]_w
[_w d̪ i a j ]_w
[_w s i m b a ŋ ]_w
[_w m a n̪ u m p a l̪ ]_w
[_w d̪ a l̪ b a ]_w
[_w s a l̪ a t̪ j a ]_w
[_w n̪ i r̪ a j a j ]_w
[_w a p a t̪ i ]_w
[_w t̪ a ŋ a n̪ ]_w
[_w k a r̪ l̪ ɔ s ]_w
[_w b a d̪ a n̪ ]_w
[_w n̪ i p ɔ n̪ ]_w
[_w k a p ɛ s ]_w
[_w l̪ i n̪ m ɛ j a k ]_w
[_w l̪ i ɔ n̪ ]_w
[_w ɔ n̪ t̪ a ]_w
[_w p i s i k a t̪ a ]_w
[_w n̪ i p a r̪ a n̪ ]_w
[_w m a n̪ ɛ b ɛ ɡ ]_w
[_w p a p i s k ɛ ɡ ]_w
[_w l̪ ɔ ɡ ɔ ]_w
[_w k i l̪ a ]_w
[_w d̪ a ɡ a n̪ ɔ ]_w
[_w i l̪ ɛ t̪ n̪ ɛ k ]_w
[_w s a t̪ a ]_w
[_w a ŋ k a p ɔ t̪ ]_w
[_w k r̪ ɛ t̪ a ]_w
[_w m a t̪ a k ɛ l̪ ]_w
[_w i p a l̪ i w ɛ n̪ ]_w
[_w k u n̪ ɔ ]_w
[_w a n̪ t̪ i ɛ n̪ ]_w
[_w n̪ a s u m b a t̪ ]_w
[_w k a p ɛ k ɛ d̪ ]_w
[_w l̪ a p i ]_w
[_w s i b u l̪ ɔ ]_w
[_w k i n̪ ɛ r̪ ]_w
[_w p i b i p i i n̪ ]_w
[_w p a b ɔ r̪ ]_w
[_w a ɡ a ɔ a ]_w
[_w p u p l̪ i k ɔ ]_w
[_w l̪ u r̪ ɛ j ]_w
[_w p a n̪ ɔ n̪ ]_w
[_w t̪ i s i r̪ ]_w
[_w n̪ i b a a n̪ ]_w
[_w m ɛ m b r̪ ɔ ]_w
[_w d̪ ɛ m a ]_w
[_w m a ŋ i t̪ ]_w
[_w i j a k ɛ l̪ a w ]_w
[_w l̪ a n̪ a ŋ ]_w
[_w p u s ɔ m ]_w
[_w p i l̪ l̪ i t̪ ]_w
[_w m i d̪ ɔ ]_w
[_w l̪ a w a r̪ i n̪ ]_w
[_w ɔ m b i l̪ a j ]_w
[_w i t̪ a r̪ ]_w
[_w k ɔ b j ɛ r̪ n̪ ɔ ]_w
[_w b a n̪ i r̪ a b ]_w
[_w l̪ a s i j a n̪ ]_w
[_w a k ɛ j ]_w
[_w t̪ i n̪ a ɡ ]_w
[_w d̪ u l̪ a ]_w
[_w s i k a t̪ ɔ ɔ r̪ ]_w
[_w n̪ a t̪ a l̪ ]_w
[_w k i l̪ a w ]_w
[_w m a r̪ i t̪ a ]_w
[_w k i ɔ l̪ i t̪ ]_w
[_w t̪ a l̪ a ɡ ɛ j ]_w
[_w t̪ i n̪ m a ]_w
[_w s a r̪ a h ]_w
[_w s u l̪ a t̪ ]_w
[_w n̪ a t̪ a j ɔ j ]_w
[_w b a ŋ ɡ a n̪ ]_w
[_w a n̪ i t̪ r̪ i n̪ ]_w
[_w m a ɔ n̪ u r̪ a n̪ ]_w
[_w d̪ a k ɛ l̪ ]_w
[_w i n̪ a n̪ a k i s ]_w
[_w a ɡ k a j ɔ t̪ ]_w
[_w ɔ ɔ ɔ b s ]_w
[_w ɔ n̪ d̪ ɔ n̪ ]_w
[_w p i m m a t̪ ]_w
[_w l̪ i ɡ n̪ a ]_w
[_w m a ɡ a a n̪ ]_w
[_w p i n̪ a j n̪ a n̪ ]_w
[_w p ɛ l̪ a s j ɔ n̪ ]_w
[_w n̪ a n̪ l̪ i u b ]_w
[_w s a l̪ m ɔ ]_w
[_w m a s i m ɔ ɔ n̪ ]_w
[_w b a n̪ a ŋ ]_w
[_w b a ŋ t̪ a ]_w
[_w p a n̪ a ɔ a ]_w
[_w n̪ a d̪ u r̪ a ]_w
[_w b a p ɛ l̪ a s ]_w
[_w i n̪ t̪ ɛ b ɛ t̪ ]_w
[_w a r̪ i r̪ i p ɛ n̪ ]_w
[_w s i ɡ u r̪ ɔ ]_w
[_w b a a p i k ]_w
[_w i n̪ a n̪ ]_w
[_w k ɔ b i ɛ r̪ n̪ ɔ ]_w
[_w t̪ a n̪ i ɛ n̪ ]_w
[_w i b ɛ l̪ a ɡ ]_w
[_w a ŋ ɡ a w a ɛ j ]_w
[_w p a ŋ u l̪ ɔ a n̪ ]_w
[_w d̪ a k a j a r̪ ]_w
[_w i l̪ ɔ ɡ a n̪ ɔ ]_w
[_w s i k a m i ]_w
[_w m a ŋ k a n̪ ]_w
[_w m a b a s ]_w
[_w s i n̪ a t̪ ɛ j ]_w
[_w i n̪ a ŋ ɡ ɔ ]_w
[_w i n̪ k i ɔ l̪ i ]_w
[_w m a ɡ a ɔ n̪ u r̪ ]_w
[_w m a n̪ b a j a ɡ ]_w
[_w ɡ a p ɡ a a n̪ ]_w
[_w l̪ u ɡ a r̪ ɔ ɡ ]_w
[_w a k m ɔ ]_w
[_w a m t̪ a a j ]_w
[_w m a a n̪ d̪ i ɔ n̪ ]_w
[_w i n̪ a r̪ ɔ ]_w
[_w t̪ ɔ t̪ ɔ ɔ m ]_w
[_w a b a t̪ ɛ j ɛ n̪ ]_w
[_w k a u p a s ]_w
[_w a l̪ a ɛ n̪ ]_w
[_w b i n̪ t̪ u l̪ ɔ j ]_w
[_w b a r̪ t̪ ]_w
[_w t̪ i n̪ a j n̪ a n̪ ]_w
[_w a l̪ a n̪ ]_w
[_w k a ɔ ɡ ]_w
[_w b a n̪ ɛ k n̪ ɛ ɡ ]_w
[_w s i b u l̪ i s ]_w
[_w ɡ a s u m b a l̪ ]_w
[_w p a l̪ i k ɛ t̪ ]_w
[_w p i n̪ i l̪ i j ]_w
[_w l̪ a n̪ t̪ i ]_w
[_w ɡ a d̪ ]_w
[_w n̪ i p a w a j ]_w
[_w a n̪ a w ɛ t̪ ]_w
[_w r̪ a d̪ a j ]_w
[_w i s b i k ɛ n̪ ]_w
[_w k a ŋ ɡ a t̪ ]_w
[_w i n̪ m a j a t̪ ]_w
[_w n̪ a l̪ i w ]_w
[_w s i m p i d̪ a ]_w
[_w b ɛ r̪ ɔ ]_w
[_w b ɛ r̪ n̪ a r̪ d̪ ɔ ]_w
[_w t̪ i n̪ ɔ m p u k ]_w
[_w s i l̪ i s i a n̪ ]_w
[_w m a l̪ a n̪ ]_w
[_w p a n̪ d̪ a l̪ ɔ ]_w
[_w p a ɛ t̪ a n̪ ]_w
[_w m a ŋ a a r̪ ɔ ]_w
[_w a p a l̪ a d̪ ]_w
[_w i n̪ ɛ k a l̪ ɛ n̪ ]_w
[_w b i n̪ m a p i j ]_w
[_w s i k a j ɔ j ]_w
[_w s a ŋ b u d̪ ]_w
[_w ɡ i m ɛ j ]_w
[_w m a t̪ u n̪ ɔ ŋ ]_w
[_w a ɡ ɔ ]_w
[_w t̪ ɔ r̪ a j ]_w
[_w p a s ɔ ɔ d̪ ]_w
[_w a l̪ a ɡ ɛ j a ]_w
[_w s i j a t̪ ɔ j ]_w
[_w s i j u t̪ a d̪ ]_w
[_w ɛ t̪ i s j ɔ ]_w
[_w k a a n̪ a b ]_w
[_w n̪ a p a ɔ l̪ i ]_w
[_w n̪ a n̪ a n̪ ]_w
[_w d̪ a l̪ ɔ r̪ ]_w
[_w d̪ a n̪ t̪ a m ]_w
[_w i n̪ a ]_w
[_w b a ŋ ɔ n̪ a n̪ ]_w
[_w m a d̪ ɔ ]_w
[_w b i ɡ a b ɔ j ]_w
[_w s i n̪ t̪ i ɔ ]_w
[_w p a p a ɡ a ]_w
[_w s a k b u t̪ ]_w
[_w i m b a a n̪ ]_w
[_w m a l̪ ɛ k ]_w
[_w i l̪ ɔ k ]_w
[_w u n̪ s ɛ m b ɛ r̪ ]_w
[_w b a i r̪ a b ]_w
[_w s a m p u d̪ ]_w
[_w s a ŋ a p ]_w
[_w a s a b i ]_w
[_w i m p ɔ l̪ ]_w
[_w p i n̪ a ɔ l̪ i t̪ ]_w
[_w p a l̪ i m a ]_w
[_w p i n̪ a l̪ ]_w
[_w a s a w a m ]_w
[_w b ɛ ɡ p ɛ k ]_w
[_w t̪ i m p r̪ i ]_w
[_w i n̪ ɔ n̪ ɔ d̪ ]_w
[_w k a b a l̪ a ŋ ]_w
[_w ɛ h ɛ m p l̪ ɔ ]_w
[_w i n̪ m ɛ ɛ n̪ ]_w
[_w i m p a t̪ n̪ a ɡ ]_w
[_w l̪ i p a t̪ ɛ j ]_w
[_w p i s i t̪ a ]_w
[_w t̪ ɔ t̪ ɔ ɔ n̪ ]_w
[_w i n̪ j a n̪ a ɡ ]_w
[_w n̪ i b ɔ n̪ ]_w
[_w p a n̪ t̪ ɛ m ]_w
[_w k u l̪ a r̪ ]_w
[_w n̪ a a ɡ a r̪ ]_w
[_w n̪ a t̪ a j ɛ w ]_w
[_w i t̪ a j ɛ w ɛ n̪ ]_w
[_w k u l̪ d̪ u r̪ a j ]_w
[_w m a n̪ u l̪ ]_w
[_w m u l̪ a ]_w
[_w p a a n̪ ɔ s ]_w
[_w l̪ ɛ ɡ s i ɔ n̪ ]_w
[_w p ɛ d̪ a ŋ ]_w
[_w d̪ i d̪ a ]_w
[_w t̪ u l̪ i s ]_w
[_w a n̪ i n̪ ɔ m ]_w
[_w m a n̪ k a s i ]_w
[_w m a ɡ a n̪ ]_w
[_w a l̪ i i s ]_w
[_w k a s a m i ɔ ŋ ]_w
[_w i n̪ t̪ a p ɛ w ]_w
[_w t̪ a n̪ u l̪ ɛ j ]_w
[_w m a n̪ a n̪ a ɔ a ]_w
[_w m u n̪ t̪ ɔ ]_w
[_w n̪ a b ɛ l̪ a ]_w
[_w a j ɛ b ]_w
[_w m a a t̪ a p a ɡ ]_w
[_w ɛ l̪ ɛ ɡ s i ɔ n̪ ]_w
[_w ɡ a r̪ a j ]_w
[_w i p a p a l̪ a ŋ ]_w
[_w i k a m i j ]_w
[_w s ɔ n̪ t̪ a k ɛ l̪ ]_w
[_w k ɛ t̪ ɛ b ]_w
[_w d̪ a l̪ ɛ m ]_w
[_w p a t̪ u r̪ a j ]_w
[_w m ɛ t̪ l̪ a ]_w
[_w t̪ a s i ]_w
[_w s i j a n̪ a ɡ ]_w
[_w ɔ m p a w a k ]_w
[_w s a p a t̪ ]_w
[_w k a l̪ a b a n̪ ɔ ]_w
[_w l̪ a d̪ ]_w
[_w p a r̪ ɔ ŋ a n̪ ]_w
[_w n̪ i l̪ a ]_w
[_w i k a w ɛ n̪ ]_w
[_w d̪ a s i k ]_w
[_w m a n̪ a ɔ n̪ ]_w
[_w t̪ a ɡ ɔ d̪ ]_w
[_w ɔ m b a d̪ ]_w
[_w m a n̪ d̪ a ]_w
[_w i d̪ i ]_w
[_w b a l̪ i t̪ u k ]_w
[_w ɔ m b a w a j ]_w
[_w m a k a b ]_w
[_w n̪ u m ɛ n̪ ]_w
[_w p u l̪ ɔ k ]_w
[_w d̪ i n̪ ɔ m p u k ]_w
[_w d̪ u k a j ]_w
[_w a n̪ t̪ ɔ n̪ ]_w
[_w s i ɡ u r̪ a ŋ ]_w
[_w i m b a l̪ ]_w
[_w b i n̪ ɔ ]_w
[_w s a n̪ t̪ ɔ ]_w
[_w k a t̪ a l̪ a ]_w
[_w ɡ a p a d̪ ɛ n̪ ]_w
[_w p ɛ t̪ r̪ ɔ ]_w
[_w i ɡ ɔ l̪ ]_w
[_w ɔ m p a t̪ i ]_w
[_w i d̪ u l̪ ɔ ]_w
[_w p ɔ l̪ i s a j ]_w
[_w a k a w a t̪ ɛ n̪ ]_w
[_w l̪ i k ɔ t̪ ]_w
[_w n̪ ɔ ɛ ]_w
[_w ɡ a n̪ a t̪ ]_w
[_w k a b u j ]_w
[_w l̪ i w a w a j ]_w
[_w b ɔ n̪ t̪ i ]_w
[_w a ŋ ɡ a p ɔ ]_w
[_w n̪ a l̪ i k ]_w
[_w d̪ a ɡ ɛ m ]_w
[_w p a ŋ u l̪ ɔ j ]_w
[_w b ɛ ŋ u ɛ t̪ ]_w
[_w l̪ i n̪ i s i a ]_w
[_w k a r̪ s i ]_w
[_w k i n̪ a w a n̪ ]_w
[_w s a n̪ t̪ i a j ]_w
[_w k a l̪ s a ]_w
[_w p a n̪ d̪ i ɔ ]_w
[_w p i l̪ u ŋ ɛ t̪ ]_w
[_w k u l̪ t̪ u r̪ a ]_w
[_w t̪ ɛ r̪ a l̪ ]_w
[_w n̪ i b ɔ k t̪ u l̪ ]_w
[_w s i l̪ i p ɔ n̪ ]_w
[_w m ɛ t̪ ]_w
[_w k a b ɛ ɡ t̪ ɔ ]_w
[_w i p a p a k a ]_w
[_w p a l̪ ɔ t̪ ɔ ]_w
[_w b ɛ ɡ t̪ a ]_w
[_w m i n̪ i l̪ i ]_w
[_w a ŋ u p a n̪ ]_w
[_w k a b a k a d̪ ]_w
[_w p u l̪ ɔ j ]_w
[_w n̪ a ɛ b a t̪ a b ]_w
[_w a r̪ ɛ ŋ ɛ l̪ ]_w
[_w m a m b i b ]_w
[_w i n̪ a l̪ i i s ]_w
[_w t̪ u s a ]_w
[_w d̪ u n̪ ɔ ŋ ]_w
[_w s i n̪ a l̪ ɛ s ]_w
[_w ɛ s p a n̪ j ɔ ]_w
[_w ɔ n̪ a r̪ a r̪ i ]_w
[_w a b a s a n̪ ]_w
[_w t̪ i ɡ i ŋ ]_w
[_w p u n̪ t̪ ɔ d̪ ]_w
[_w d̪ a n̪ i ɛ l̪ ]_w
[_w k i m ɛ j ]_w
[_w k a b a r̪ i ɔ ]_w
[_w i n̪ a p ɔ n̪ ]_w
[_w s i ŋ a r̪ a j ]_w
[_w p a ŋ d̪ ɛ m ]_w
[_w b a p a l̪ d̪ u a ]_w
[_w h a m b a s a ]_w
[_w p i s l̪ a ]_w
[_w b a j ]_w
[_w u n̪ i t̪ ɔ ]_w
[_w s i n̪ d̪ i l̪ ]_w
[_w m a ɡ s a w a ]_w
[_w ɔ n̪ l̪ a d̪ ]_w
[_w m a ŋ ɡ a p ɔ ]_w
[_w a n̪ u n̪ a n̪ ]_w
[_w d̪ i d̪ a t̪ ]_w
[_w b u ŋ a j ]_w
[_w a k ɔ s ]_w
[_w s a n̪ d̪ ɔ ɛ j ]_w
[_w t̪ a j a t̪ ]_w
[_w n̪ a n̪ a j a j ]_w
[_w ɛ d̪ ɛ n̪ ]_w
[_w t̪ a k a ]_w
[_w m a n̪ a a ɡ ɔ m ]_w
[_w s i ɡ b ɔ d̪ ]_w
[_w i n̪ a d̪ ɔ ]_w
[_w b a l̪ i t̪ a m ]_w
[_w s i n̪ i b ɔ n̪ ]_w
[_w a t̪ i p ɔ n̪ ]_w
[_w ɡ u r̪ ɔ n̪ ]_w
[_w a p ɔ l̪ u k ]_w
[_w s a n̪ a k a r̪ ]_w
[_w ɡ u r̪ ɔ j ]_w
[_w l̪ i n̪ m ɔ ɔ b ]_w
[_w k u a n̪ t̪ a n̪ ]_w
[_w ɡ a t̪ i ŋ ]_w
[_w a m i j ]_w
[_w i n̪ i t̪ a n̪ ]_w
[_w ɔ k a s j ɔ n̪ ]_w
[_w n̪ a n̪ a k ɛ w ]_w
[_w i j a k ]_w
[_w a n̪ t̪ ɔ s ]_w
[_w p a b i s k ɛ k ]_w
[_w t̪ a m b i l̪ a j ]_w
[_w s a n̪ a a k i ]_w
[_w i b a ŋ a t̪ ]_w
[_w m a r̪ u t̪ a k ]_w
[_w m a s j a d̪ ɔ n̪ ]_w
[_w p a p i t̪ ]_w
[_w i n̪ a ŋ ɡ a n̪ ]_w
[_w p a i t̪ ]_w
[_w i n̪ t̪ i r̪ ɔ ]_w
[_w ɡ ɔ p i a n̪ ]_w
[_w p u k a ]_w
[_w k a j ɔ d̪ ]_w
[_w t̪ u k a ]_w
[_w b a ŋ u s a r̪ ]_w
[_w n̪ a a m t̪ a a n̪ ]_w
[_w l̪ i n̪ m a b i j ]_w
[_w t̪ a b a n̪ ɔ ɛ n̪ ]_w
[_w a r̪ u m ]_w
[_w ɔ p i s j a l̪ ]_w
[_w m i b a r̪ a a n̪ ]_w
[_w a p ɛ p a n̪ ]_w
[_w a n̪ d̪ i a j ]_w
[_w p ɔ s i s ]_w
[_w k a w a t̪ ]_w
[_w i r̪ a d̪ a ]_w
[_w p a ŋ u l̪ a ]_w
[_w k i l̪ i k ]_w
[_w p i k a r̪ a ]_w
[_w ɡ ɔ m u j ]_w
[_w l̪ i ŋ ɡ u a h i ]_w
[_w a ɡ a ɡ ]_w
[_w s u b ɔ k ɛ l̪ ]_w
[_w a k a s i ]_w
[_w u n̪ b ɔ ɛ m ɛ d̪ ]_w
[_w m a ɡ a p ]_w
[_w a r̪ a r̪ i ]_w
[_w s a n̪ l̪ i ɡ ɛ t̪ ]_w
[_w d̪ i n̪ m ɛ s a ]_w
[_w s a n̪ i t̪ ɔ s ]_w
[_w p a ɡ a ɔ n̪ a n̪ ]_w
[_w i p a ɡ i ]_w
[_w a ɡ u l̪ a n̪ ]_w
[_w i t̪ u t̪ u r̪ ɔ ]_w
[_w p l̪ a s a ]_w
[_w n̪ a i m a n̪ ɔ ]_w
[_w n̪ i a n̪ a k ]_w
[_w k a b w a s ]_w
[_w b a n̪ a ɔ ɡ i p ]_w
[_w a d̪ i l̪ a ]_w
[_w b r̪ ɛ m j ɔ ]_w
[_w i n̪ d̪ a j a t̪ ]_w
[_w n̪ a ɛ ɡ a l̪ ɛ n̪ ]_w
[_w i r̪ a d̪ ]_w
[_w m a a k ɔ s ]_w
[_w d̪ ɔ n̪ ]_w
[_w i d̪ a n̪ ]_w
[_w i ɡ l̪ i s i a ]_w
[_w m a ɛ r̪ m ɛ n̪ ]_w
[_w k u m a d̪ w a n̪ ]_w
[_w d̪ a t̪ i ]_w
[_w s i p a n̪ ɔ j ]_w
[_w i p ɔ l̪ u s ]_w
[_w t̪ i n̪ m a j ]_w
[_w p a n̪ a ɔ a ɡ ]_w
[_w a l̪ a j s a j ]_w
[_w k r̪ ɛ k ]_w
[_w p a m p u ŋ a n̪ ]_w
[_w m a ŋ u s a r̪ ]_w
[_w p a ɡ a ɡ i t̪ i ]_w
[_w n̪ a ɔ l̪ i t̪ ]_w
[_w b i s t̪ a l̪ ]_w
[_w ɔ m b a n̪ ]_w
[_w d̪ a k ɔ t̪ ]_w
[_w p a n̪ ɔ n̪ ɔ d̪ ]_w
[_w l̪ u i s i t̪ a ]_w
[_w ɔ ɡ ɔ m ]_w
[_w i t̪ a r̪ ɔ ]_w
[_w s a ɡ ɛ j ]_w
[_w l̪ i n̪ m a ]_w
[_w s i k a r̪ a j ]_w
[_w p ɛ k b ɛ ɡ ]_w
[_w a n̪ a p ɛ n̪ ]_w
[_w b l̪ a t̪ ɔ ]_w
[_w a n̪ a l̪ w a r̪ ]_w
[_w b i n̪ j a ɡ ]_w
[_w a n̪ ɔ j ]_w
[_w w a l̪ a d̪ ]_w
[_w l̪ a r̪ a ɡ ]_w
[_w p a r̪ a i s ɔ n̪ ]_w
[_w a k i b a k a ]_w
[_w t̪ a n̪ i a n̪ ]_w
[_w m a ɡ a u m ɛ n̪ ]_w
[_w t̪ a b u ɡ ]_w
[_w t̪ a l̪ a ɡ ]_w
[_w t̪ ɛ p ɛ d̪ ]_w
[_w m a a n̪ ɔ s ]_w
[_w m a m b u t̪ ]_w
[_w a ŋ ɡ a w a d̪ ]_w
[_w a n̪ d̪ ɔ r̪ a j ]_w
[_w n̪ a w a l̪ a a n̪ ]_w
[_w ɔ b i s b ɔ ]_w
[_w ɔ n̪ a b u l̪ ɔ ŋ ]_w
[_w k a a r̪ ɔ t̪ a ɡ ]_w
[_w l̪ i n̪ m ɔ ɔ p ]_w
[_w d̪ ɛ ɡ ɛ p ]_w
[_w n̪ a s ɛ k u r̪ ɔ ]_w
[_w ɡ a t̪ a j ]_w
[_w n̪ a l̪ a k a n̪ ɔ ]_w
[_w a ŋ i p a k a j ]_w
[_w s i m b a ɡ a k ]_w
[_w b i n̪ a b ɔ n̪ i ]_w
[_w ɡ a ɡ a j ɔ j ]_w
[_w w a d̪ j a t̪ ]_w
[_w m a i ŋ a n̪ ɔ ]_w
[_w d̪ i t̪ a n̪ ]_w
[_w m a m b i l̪ a ɡ ]_w
[_w b u ŋ a ]_w
[_w i l̪ i ɡ ]_w
[_w m a n̪ l̪ i b ɔ ]_w
[_w k a r̪ n̪ i r̪ ɔ ]_w
[_w t̪ i s t̪ r̪ i t̪ ɔ ]_w
[_w u m b a l̪ ɛ j ]_w
[_w i m a j ]_w
[_w t̪ i t̪ u l̪ ɔ ]_w
[_w m i l̪ a b a n̪ ]_w
[_w s ɔ k u ŋ ]_w
[_w k a u k u l̪ a r̪ ]_w
[_w i t̪ i l̪ a j ]_w
[_w b u b l̪ i k ]_w
[_w s u m p a l̪ ]_w
[_w b i k l̪ a t̪ ]_w
[_w s i k a l̪ a s i ]_w
[_w a k ɛ w ]_w
[_w d̪ i a b l̪ ɔ ]_w
[_w a ŋ ɛ s ]_w
[_w i m b ɔ l̪ ]_w
[_w d̪ ɔ k t̪ ɔ ɡ ]_w
[_w s i ɡ i ]_w
[_w s i k a l̪ ɛ n̪ ]_w
[_w b u s ɔ n̪ ]_w
[_w i d̪ i l̪ a ]_w
[_w m i k a t̪ ɔ j ]_w
[_w a k a b u a s ]_w
[_w i n̪ k a t̪ i ɔ n̪ ]_w
[_w k i n̪ a b ɔ a n̪ ]_w
[_w s a ɡ b a l̪ ɔ i ]_w
[_w i n̪ m u l̪ ɔ ]_w
[_w ɡ a r̪ n̪ ɛ r̪ ɔ ]_w
[_w a b i ŋ ]_w
[_w ɛ k a l̪ ɔ ]_w
[_w a d̪ ɔ ŋ ]_w
[_w i b a ɡ a ɡ i d̪ ]_w
[_w m i l̪ j a ]_w
[_w a k a t̪ a w a ɡ ]_w
[_w a n̪ t̪ i ɔ ɡ i a ]_w
[_w m a s a b i ]_w
[_w m a b ɛ ɡ t̪ a n̪ ]_w
[_w a p u l̪ ɔ ŋ ]_w
[_w d̪ a l̪ ɔ ]_w
[_w i n̪ s a n̪ a ɡ ]_w
[_w t̪ a l̪ ɛ m ]_w
[_w n̪ i l̪ ɔ ɡ a l̪ ]_w
[_w b a r̪ a i s ɔ ]_w
[_w b a s ]_w
[_w k a u ɡ s a ]_w
[_w p ɛ ɡ d̪ a ɛ w ]_w
[_w a s ɛ w ɛ k ]_w
[_w u p a s ]_w
[_w p r̪ i n̪ t̪ ɔ ŋ ]_w
[_w s a l̪ i ɡ n̪ a ]_w
[_w s a j a w a r̪ ]_w
[_w p a m b a ŋ a ]_w
[_w a b ɛ p a ]_w
[_w a n̪ d̪ i ]_w
[_w d̪ a ɡ ɔ ]_w
[_w l̪ u k a n̪ ]_w
[_w k i n̪ a w a m ]_w
[_w ɛ j a ɡ ]_w
[_w a m p a ɡ a ]_w
[_w b i k l̪ a n̪ ]_w
[_w t̪ u a m p l̪ ɔ ]_w
[_w s a k s a k ɛ j ]_w
