[_w j i l i ]_w
[_w q ɑ dʒ ɑ ]_w
[_w j e z ɑ ]_w
[_w b i r i ]_w
[_w j e ʃ i ]_w
[_w ɑ l æ m ]_w
[_w ʃ u ŋ ɑ ]_w
[_w b u n i ]_w
[_w y m i t ]_w
[_w m ɑ l ]_w
[_w s ɑ h æ ]_w
[_w o q u ʃ ]_w
[_w r ɑ s i ]_w
[_w ɑ k ɑ ]_w
[_w ɑ w ɑ m ]_w
[_w b o j i ]_w
[_w u tʃ u r ]_w
[_w t e s ]_w
[_w i k k i ]_w
[_w p e r i ]_w
[_w x e n i ]_w
[_w i l i ]_w
[_w d i n i ]_w
[_w s o t ɑ ]_w
[_w k ø p i ]_w
[_w e n i q ]_w
[_w ɡ i r i ]_w
[_w t e t i ]_w
[_w z ɑ t i ]_w
[_w j ɑ ŋ ]_w
[_w h æ m ]_w
[_w æ ʃ u ]_w
[_w q o l ]_w
[_w e t i q ]_w
[_w ɑ x i r ]_w
[_w b ɑ h ɑ ]_w
[_w m e n i ]_w
[_w m u s ɑ ]_w
[_w b u l ]_w
[_w t ɑ r i ]_w
[_w ʃ æ j ɣ ]_w
[_w q ɑ r i ]_w
[_w ɑ l t æ ]_w
[_w æ z l i ]_w
[_w i s m i ]_w
[_w æ p u ]_w
[_w s o r i ]_w
[_w l j u ]_w
[_w d y r ɡ ]_w
[_w ɑ ʃ q ɑ ]_w
[_w t i n i ]_w
[_w s ɑ n ]_w
[_w m i z ]_w
[_w l i q ]_w
[_w æ ɡ æ r ]_w
[_w u l u x ]_w
[_w x u ɑ ]_w
[_w d o s t ]_w
[_w dʒ ɑ r æ ]_w
[_w z ɑ æ t ]_w
[_w ɑ z i j ]_w
[_w ɑ ɣ i r ]_w
[_w z i r æ ]_w
[_w ʃ u n i ]_w
[_w p ɑ h ɑ ]_w
[_w t e x i ]_w
[_w i d d i ]_w
[_w æ q i l ]_w
[_w ɑ j ɑ l ]_w
[_w q ɑ r ɑ ]_w
[_w k y tʃ i ]_w
[_w m æ n ]_w
[_w e tʃ i ʃ ]_w
[_w h ɑ dʒ i ]_w
[_w d ɑ l ]_w
[_w i ʃ i k ]_w
[_w i l i m ]_w
[_w ɑ l d i ]_w
[_w w æ t æ ]_w
[_w e j i n ]_w
[_w m ɑ n ɑ ]_w
[_w j o l i ]_w
[_w dʒ æ m i ]_w
[_w p i r i ]_w
[_w n æ q ]_w
[_w ɑ s i j ]_w
[_w y z d i ]_w
[_w b u l i ]_w
[_w z o r i ]_w
[_w t i l i ]_w
[_w x æ l q ]_w
[_w i n q i ]_w
[_w ɑ t i l ]_w
[_w b i s ]_w
[_w n ɑ m i ]_w
[_w ɑ n ɑ ]_w
[_w k i r i ]_w
[_w x ɑ l i ]_w
[_w s m i s ]_w
[_w ɑ s ɑ s ]_w
[_w y s t i ]_w
[_w i j u n ]_w
[_w h e j d ]_w
[_w p u n i ]_w
[_w ɑ ʃ t i ]_w
[_w t u r ɑ ]_w
[_w o r u n ]_w
[_w æ z i r ]_w
[_w tʃ æ m i ]_w
[_w y n y m ]_w
[_w k ɑ t i ]_w
[_w r u s ]_w
[_w ø j ɡ æ ]_w
[_w æ n æ ]_w
[_w ɑ r z u ]_w
[_w ɑ d i l ]_w
[_w b æ r q ]_w
[_w j æ n æ ]_w
[_w e r i ʃ ]_w
[_w i ɡ æ n ]_w
[_w æ s i z ]_w
[_w s i j ɑ ]_w
[_w ɑ t æ m ]_w
[_w w æ q æ ]_w
[_w l ɑ m ɑ ]_w
[_w i tʃ i k ]_w
[_w i r ɑ n ]_w
[_w q i z i ]_w
[_w n i m æ ]_w
[_w æ r ɡ i ]_w
[_w i ɑ n æ ]_w
[_w d i r i ]_w
[_w j y æ n ]_w
[_w j æ n i ]_w
[_w h ɑ l æ ]_w
[_w m æ n i ]_w
[_w d y r k ]_w
[_w æ m m ɑ ]_w
[_w e ʃ i ʃ ]_w
[_w k ø z i ]_w
[_w u n d ɑ ]_w
[_w ɑ s ɑ z ]_w
[_w æ n d i ]_w
[_w s i z ]_w
[_w d æ w r ]_w
[_w æ h w ɑ ]_w
[_w ø z ɡ æ ]_w
[_w s æ w r ]_w
[_w j e s ɑ ]_w
[_w b e r i ]_w
[_w b æ s i ]_w
[_w æ j n i ]_w
[_w k ø p ]_w
[_w t i k æ ]_w
[_w ɑ d æ m ]_w
[_w ɑ l ɣ ɑ ]_w
[_w p o j i ]_w
[_w ɑ n tʃ æ ]_w
[_w ɑ t æ t ]_w
[_w u r u n ]_w
[_w e t i p ]_w
[_w i n ɑ q ]_w
[_w j ɑ k i ]_w
[_w w e n ]_w
[_w i n d i ]_w
[_w t æ b ]_w
[_w u r u q ]_w
[_w u l u ɣ ]_w
[_w l i n ]_w
[_w dʒ ɑ z ɑ ]_w
[_w ɣ æ l q ]_w
[_w i l ɣ ɑ ]_w
[_w k e tʃ æ ]_w
[_w r e ɑ l ]_w
[_w t ɑ x ]_w
[_w p i n ɑ ]_w
[_w j e r i ]_w
[_w ɑ j æ t ]_w
[_w i b n ]_w
[_w ʃ æ r d ]_w
[_w ɑ z d ɑ ]_w
[_w s ø z i ]_w
[_w r o l i ]_w
[_w æ s i r ]_w
[_w ɑ l i m ]_w
[_w ɑ s t ɑ ]_w
[_w b o z ]_w
[_w x o tʃ ɑ ]_w
[_w u r u ʃ ]_w
[_w t y r ɡ ]_w
[_w j ɑ w ɑ ]_w
[_w z i j ɑ ]_w
[_w d i l i ]_w
[_w k y n i ]_w
[_w i t t i ]_w
[_w k y tʃ ]_w
[_w k ø z ]_w
[_w o ɣ l i ]_w
[_w e l i ʃ ]_w
[_w q e n i ]_w
[_w j ɑ r ]_w
[_w k i ʃ i ]_w
[_w ɑ z ɑ d ]_w
[_w i ʃ i ]_w
[_w r o h i ]_w
[_w s ɑ n i ]_w
[_w x e l i ]_w
[_w i ʃ tʃ i ]_w
[_w p æ s i ]_w
[_w ø m æ r ]_w
[_w t i n dʒ ]_w
[_w ɑ l i j ]_w
[_w ɑ i t ]_w
[_w i ʃ t i ]_w
[_w i tʃ s æ ]_w
[_w h æ tʃ ]_w
[_w z ɑ n i ]_w
[_w ɑ t t i ]_w
[_w æ k æ r ]_w
[_w h ɑ z i ]_w
[_w m i ŋ ]_w
[_w s u ɣ ɑ ]_w
[_w æ m æ l ]_w
[_w b æ n ]_w
[_w p ɑ ʃ ]_w
[_w t o l ɑ ]_w
[_w ɑ i l æ ]_w
[_w h ɑ s i ]_w
[_w i j u l ]_w
[_w tʃ ɑ ŋ ]_w
[_w e l i ]_w
[_w b æ h r ]_w
[_w o q u ŋ ]_w
[_w x æ t ]_w
[_w ɡ y n ]_w
[_w u s u l ]_w
[_w ɑ s ɑ n ]_w
[_w w ɑ ŋ ]_w
[_w i d i q ]_w
[_w o r n i ]_w
[_w s ɑ d i ]_w
[_w r u s i ]_w
[_w tʃ ɑ s ɑ ]_w
[_w d ɑ r i ]_w
[_w n æ t æ ]_w
[_w ɑ z ɑ s ]_w
[_w b ɑ l ɑ ]_w
[_w ʃ e i r ]_w
[_w q o l i ]_w
[_w u l ɑ r ]_w
[_w u n t ɑ ]_w
[_w k ɑ s ]_w
[_w q ɑ tʃ ɑ ]_w
[_w ɑ w ɑ z ]_w
[_w s o d ɑ ]_w
[_w j u r d ]_w
[_w e x i r ]_w
[_w tʃ ɑ b ɑ ]_w
[_w ɑ j n i ]_w
[_w ʃ æ x s ]_w
[_w i q t i ]_w
[_w u n i ŋ ]_w
[_w j ɑ ʃ ]_w
[_w ø l ɡ æ ]_w
[_w y r y m ]_w
[_w u s u n ]_w
[_w b ɑ j ]_w
[_w t ɑ ʃ ]_w
[_w j ɑ s i ]_w
[_w r o z ɑ ]_w
[_w ɑ l t i ]_w
[_w m u s ]_w
[_w ɣ i t ɑ ]_w
[_w j e ŋ i ]_w
[_w ʃ i l i ]_w
[_w æ m ɡ æ ]_w
[_w i tʃ r ɑ ]_w
[_w q ɑ z ɑ ]_w
[_w t e z æ ]_w
[_w y tʃ y n ]_w
[_w ɑ d æ t ]_w
[_w i t i ]_w
[_w s i r d ]_w
[_w ɑ w ɑ s ]_w
[_w dʒ ɑ s ɑ ]_w
[_w ʃ ɑ r i ]_w
[_w t i r i ]_w
[_w q o j ]_w
[_w e r i q ]_w
[_w e t i r ]_w
[_w k æ p ]_w
[_w t ɑ s ɑ ]_w
[_w y m i d ]_w
[_w u n i ]_w
[_w b ɑ n ]_w
[_w d e t i ]_w
[_w q i s i ]_w
[_w t i n ]_w
[_w ɡ i l i ]_w
[_w d i ɡ i ]_w
[_w tʃ y m æ ]_w
[_w s i l æ ]_w
[_w q ɑ t i ]_w
[_w m i s ]_w
[_w ɑ t æ d ]_w
[_w dʒ ɑ b ɑ ]_w
[_w m ɑ ŋ ɑ ]_w
[_w b e ʃ i ]_w
[_w s o ɑ l ]_w
[_w n æ ʃ r ]_w
[_w ɑ m ɑ n ]_w
[_w e j i ]_w
[_w i n d ɑ ]_w
[_w tʃ ɑ p ɑ ]_w
[_w o j u n ]_w
[_w ø z y p ]_w
[_w ɑ ʃ u ]_w
[_w b i r ]_w
[_w dʒ æ t ]_w
[_w b ɑ z ɑ ]_w
[_w ʃ æ r q ]_w
[_w k y l ]_w
[_w dʒ e ɡ i ]_w
[_w t æ w r ]_w
[_w b ɑ ɑ l ]_w
[_w r o l ]_w
[_w tʃ æ l b ]_w
[_w ɑ tʃ t i ]_w
[_w u z u n ]_w
[_w k æ ŋ ]_w
[_w q o ʃ ]_w
[_w p ɑ l ɑ ]_w
[_w æ j s ɑ ]_w
[_w x i d ɑ ]_w
[_w i dʒ ɡ i ]_w
[_w n e m æ ]_w
[_w x i t ɑ ]_w
[_w ø l k æ ]_w
[_w i m z ɑ ]_w
[_w dʒ i n ]_w
[_w t ɑ i m ]_w
[_w ø z i ]_w
[_w ɑ t ɑ ]_w
[_w ø z d æ ]_w
[_w b ɑ x ]_w
[_w ɑ w ɑ l ]_w
[_w tʃ ɑ tʃ ]_w
[_w ɑ k i s ]_w
[_w m o ɣ ɑ ]_w
[_w æ l l æ ]_w
[_w ʃ ɑ h ]_w
[_w tʃ æ m ]_w
[_w ɡ i ʃ i ]_w
[_w s e n i ]_w
[_w e s i l ]_w
[_w tʃ e n ]_w
[_w d ɑ i r ]_w
[_w ɑ z ɑ z ]_w
[_w ø r b ]_w
[_w h ɑ t i ]_w
[_w t æ p ]_w
[_w i dʒ r ɑ ]_w
[_w ɑ j æ d ]_w
[_w tʃ o r tʃ ]_w
[_w æ r s ]_w
[_w b ɑ dʒ ]_w
[_w ɑ r ɑ n ]_w
[_w b ɑ s ɑ ]_w
[_w w ɑ s ]_w
[_w t o s t ]_w
[_w e k i s ]_w
[_w dʒ ɑ j ]_w
[_w æ l ɑ ]_w
[_w t o r ]_w
[_w b ɑ p ]_w
[_w i l d i ]_w
[_w k æ n d ]_w
[_w t y r k ]_w
[_w i d u q ]_w
[_w i p ɑ r ]_w
[_w x æ r p ]_w
[_w ø z y ʃ ]_w
[_w ø t t i ]_w
[_w æ s æ r ]_w
[_w ɑ q s u ]_w
[_w b æ ʃ ]_w
[_w æ r z ]_w
[_w k i n o ]_w
[_w dʒ i ŋ ]_w
[_w t æ w æ ]_w
[_w n i k ɑ ]_w
[_w ɑ k i z ]_w
[_w ʃ i l ]_w
[_w b i n ɑ ]_w
[_w q æ d æ ]_w
[_w h e tʃ ]_w
[_w d æ n ]_w
[_w tʃ æ t ]_w
[_w ɑ j l i ]_w
[_w b æ k ]_w
[_w j i l ]_w
[_w s æ b ]_w
[_w ø l y ʃ ]_w
[_w e j i t ]_w
[_w m u ʃ u ]_w
[_w j u r t ]_w
[_w i ʃ n i ]_w
[_w h ɑ w ɑ ]_w
[_w n u r ]_w
[_w e ŋ i ]_w
[_w dʒ o ŋ ]_w
[_w ɑ i d ]_w
[_w q i s ]_w
[_w h e z ]_w
[_w r æ i s ]_w
[_w æ b u ]_w
[_w k i l i ]_w
[_w p ɑ s ɑ ]_w
[_w dʒ ɑ w ]_w
[_w tʃ o ŋ ]_w
[_w t i ɡ æ ]_w
[_w ɑ j t ɑ ]_w
[_w r o s i ]_w
[_w æ s l i ]_w
[_w d e x i ]_w
[_w ɑ z d i ]_w
[_w ø l y p ]_w
[_w m o ʃ u ]_w
[_w i s i m ]_w
[_w w ɑ n ]_w
[_w i t ɑ r ]_w
[_w t ɑ r ]_w
[_w o r d ɑ ]_w
[_w j æ p ]_w
[_w q æ r æ ]_w
[_w t æ n ]_w
[_w s ɑ ŋ ɑ ]_w
[_w dʒ o r tʃ ]_w
[_w tʃ ɑ dʒ ]_w
[_w s æ p æ ]_w
[_w j ɑ r t ]_w
[_w b ɑ q ]_w
[_w ɡ ø ʃ ]_w
[_w t e z ]_w
[_w p æ r q ]_w
[_w n æ p ]_w
[_w s æ r p ]_w
[_w i p n ]_w
[_w ɣ æ d ]_w
[_w ɑ p i d ]_w
[_w h ɑ d i ]_w
[_w tʃ ɑ j ]_w
[_w r u z ]_w
[_w q u d ]_w
[_w t i w ɑ ]_w
[_w f e j ]_w
[_w t ɑ i r ]_w
[_w b æ x t ]_w
[_w i b n i ]_w
[_w ɣ ɑ s ]_w
[_w h e j t ]_w
[_w i tʃ k i ]_w
[_w t ø t ]_w
[_w æ z i s ]_w
[_w z æ b ]_w
[_w r æ d ]_w
[_w i ʃ q ɑ ]_w
[_w s o t ]_w
[_w ɑ l i ]_w
[_w t o r i ]_w
[_w t i ɡ i ]_w
[_w n ɑ d o ]_w
[_w j i d i ]_w
[_w r o ŋ ]_w
[_w q ɑ d i ]_w
[_w j ɑ r i ]_w
[_w ɑ j d ɑ ]_w
[_w n ɑ m ]_w
[_w j æ k æ ]_w
[_w d o l ɑ ]_w
[_w t æ r ]_w
[_w b ɑ ʃ ]_w
[_w s i r ]_w
[_w j ɑ z i ]_w
[_w e j i d ]_w
[_w d æ w æ ]_w
[_w o q u p ]_w
[_w s æ p ]_w
[_w t ɑ ɣ ]_w
[_w x ɑ t ɑ ]_w
[_w b ɑ tʃ ]_w
[_w æ m æ t ]_w
[_w æ m d i ]_w
[_w ɑ z ɑ n ]_w
[_w dʒ o n ]_w
[_w ø s y ʃ ]_w
[_w j æ r ]_w
[_w m u z ]_w
[_w r æ t ]_w
[_w o ɣ u l ]_w
[_w w æ d æ ]_w
[_w z i r ]_w
[_w i z i m ]_w
[_w tʃ ɑ n ]_w
[_w h æ dʒ ]_w
[_w ɑ l l ɑ ]_w
[_w ø j t æ ]_w
[_w ɣ e l i ]_w
[_w ɑ m i l ]_w
[_w dʒ e k i ]_w
[_w i n i ]_w
[_w m ɑ j ]_w
[_w k i m ]_w
[_w h æ r ]_w
[_w i tʃ i ɡ ]_w
[_w d o z d ]_w
[_w ɑ r ɑ ]_w
[_w z u ɣ ɑ ]_w
[_w ɣ o tʃ ɑ ]_w
[_w d y r ]_w
[_w z o d ɑ ]_w
[_w b æ z i ]_w
[_w tʃ æ d ]_w
[_w k y n ]_w
[_w b e tʃ i ]_w
[_w t o z d ]_w
[_w dʒ y m æ ]_w
[_w t o j ]_w
[_w x u t ɑ ]_w
[_w s æ r b ]_w
[_w j ɑ q ɑ ]_w
[_w n æ b ]_w
[_w ʃ æ r t ]_w
[_w ɑ tʃ q ɑ ]_w
[_w t y r i ]_w
[_w i r q i ]_w
[_w m u n u ]_w
[_w k o n ɑ ]_w
[_w ɣ æ w b ]_w
[_w d o r ]_w
[_w k ø k ]_w
[_w p ɑ z ɑ ]_w
[_w x u d ɑ ]_w
[_w ɑ n d i ]_w
[_w q i z ]_w
[_w n i ɡ ɑ ]_w
[_w m i n i ]_w
[_w o x l i ]_w
[_w d o r ɑ ]_w
[_w m u z ɑ ]_w
[_w ʃ ɑ m ]_w
[_w h æ l ]_w
[_w i d ɑ r ]_w
[_w x o l ]_w
[_w æ z æ r ]_w
[_w ɑ s t i ]_w
[_w u z u l ]_w
[_w t æ s ]_w
[_w w ɑ z ]_w
[_w z e n i ]_w
[_w r o z i ]_w
[_w u r u p ]_w
[_w i n t i ]_w
[_w ɑ d ɑ b ]_w
[_w æ k s ]_w
[_w t i l ]_w
[_w i k æ n ]_w
[_w o x u l ]_w
[_w æ m æ s ]_w
[_w o q u b ]_w
[_w j i d æ ]_w
[_w p æ k ]_w
[_w j y s i ]_w
[_w ɡ æ n t ]_w
[_w d y p ]_w
[_w ɑ d d i ]_w
[_w ɑ r q ɑ ]_w
[_w z i r t ]_w
[_w l i k ]_w
[_w e t i b ]_w
[_w y tʃ æ j ]_w
[_w k y j ]_w
[_w z m i s ]_w
[_w s æ b æ ]_w
[_w q ɑ s ɑ ]_w
[_w t ɑ z i ]_w
[_w b ɑ ɣ ]_w
[_w ø s y m ]_w
[_w æ s ɑ ]_w
[_w s ø s i ]_w
[_w t y r ]_w
[_w k ɑ d i ]_w
[_w q æ r z ]_w
[_w t e ɣ i ]_w
[_w h ɑ tʃ i ]_w
[_w u s ɑ q ]_w
[_w p æ n ]_w
[_w t i d i ]_w
[_w j ɑ r d ]_w
[_w s æ l ]_w
[_w d i ɡ æ ]_w
[_w b e t i ]_w
[_w æ w dʒ ]_w
[_w i ɡ æ ]_w
[_w k u dʒ ɑ ]_w
[_w ʃ ɑ i r ]_w
[_w i z m i ]_w
[_w d æ k ]_w
[_w r i ʃ i ]_w
[_w d ɑ z ɑ ]_w
[_w l i n i ]_w
[_w e l i p ]_w
[_w ø r y p ]_w
[_w x ɑ m ]_w
[_w d y r i ]_w
[_w h e s ]_w
[_w i t i m ]_w
[_w q ɑ r ]_w
[_w s i s ]_w
[_w j y z ]_w
[_w k ø ʃ ]_w
[_w i dʒ ɑ t ]_w
[_w t æ m ]_w
[_w ø t y ʃ ]_w
[_w i dʒ ɑ p ]_w
[_w ɡ e tʃ æ ]_w
[_w dʒ æ d ]_w
[_w dʒ æ ŋ ]_w
[_w ɑ l d ɑ ]_w
[_w j o q ]_w
[_w p ɑ j ]_w
[_w t ɑ k i ]_w
[_w x æ d ]_w
[_w t o k ]_w
[_w s o r ]_w
[_w s u n i ]_w
[_w q i l ]_w
[_w ø j i ]_w
[_w i tʃ ɑ d ]_w
[_w d i n ]_w
[_w b u ʃ ]_w
[_w d i w ɑ ]_w
[_w d i l ]_w
[_w i s t æ ]_w
[_w n ɑ t o ]_w
[_w ɑ t ɑ p ]_w
[_w p ɑ q i ]_w
[_w s ɑ t ]_w
[_w ɣ i d ɑ ]_w
[_w tʃ o n ]_w
[_w tʃ ɑ r i ]_w
[_w s o d ]_w
[_w m ɑ s ]_w
[_w x ɑ z ]_w
[_w x u ʃ ]_w
[_w w u d u ]_w
[_w ø z k æ ]_w
[_w ɡ ø p i ]_w
[_w ø t y p ]_w
[_w ɣ æ r b ]_w
[_w æ r k i ]_w
[_w ɑ dʒ i s ]_w
[_w p æ ʃ ]_w
[_w æ s i s ]_w
[_w t i n tʃ ]_w
[_w k u tʃ ɑ ]_w
[_w t æ ŋ ]_w
[_w r u z i ]_w
[_w d ɑ r ]_w
[_w r ɑ z i ]_w
[_w i p n i ]_w
[_w t ɑ l ]_w
[_w s ɑ æ t ]_w
[_w h ɑ l ]_w
[_w b e dʒ i ]_w
[_w h æ q ]_w
[_w æ z ɑ ]_w
[_w s ɑ t i ]_w
[_w ɑ l ɑ m ]_w
[_w ɑ d æ d ]_w
[_w d ɑ k i ]_w
[_w l u q ɑ ]_w
[_w i m ɑ n ]_w
[_w p i z ]_w
[_w dʒ ɑ dʒ ]_w
[_w d æ p ]_w
[_w dʒ ɑ p ɑ ]_w
[_w q æ t æ ]_w
[_w m ɑ ɑ ʃ ]_w
[_w i b ɑ r ]_w
[_w j y z i ]_w
[_w x ɑ s ]_w
[_w æ m k æ ]_w
[_w b ɑ r ]_w
[_w ɣ æ r p ]_w
[_w ɑ r s u ]_w
[_w e t i ]_w
[_w o j l ɑ ]_w
[_w ø z y m ]_w
[_w s y d ]_w
[_w æ n t i ]_w
[_w k r ɑ m ]_w
[_w p e tʃ i ]_w
[_w t u dʒ ]_w
[_w k o dʒ ɑ ]_w
[_w p i s ]_w
[_w ɑ m ɑ l ]_w
[_w t o b ]_w
[_w o x r i ]_w
[_w i ʃ t ɑ ]_w
[_w e l i b ]_w
[_w ʒ i l ]_w
[_w t o r ɑ ]_w
[_w ɑ m m ɑ ]_w
[_w ø l d i ]_w
[_w m ɑ r d ]_w
[_w p e ʃ i ]_w
[_w m o l ]_w
[_w t e d i ]_w
[_w o dʒ u q ]_w
[_w ɡ o tʃ ɑ ]_w
[_w p u l i ]_w
[_w ɡ ɑ n ]_w
[_w d i k i ]_w
[_w æ r æ p ]_w
[_w d e z æ ]_w
[_w j æ b ]_w
[_w u r u b ]_w
[_w t æ z ]_w
[_w b ɑ k ]_w
[_w t i k i ]_w
[_w tʃ i n ]_w
[_w d i k æ ]_w
[_w s i r t ]_w
[_w q i ʃ ]_w
[_w æ z d æ ]_w
[_w k e dʒ æ ]_w
[_w n i ŋ ]_w
[_w p i r ]_w
[_w l i ɡ ]_w
[_w d o j ]_w
[_w d u ɑ ]_w
[_w x e t i ]_w
[_w dʒ æ l p ]_w
[_w m ɑ l i ]_w
[_w j i t æ ]_w
[_w i n t ɑ ]_w
[_w d ɑ d ɑ ]_w
[_w n æ p s ]_w
[_w x ɑ d ɑ ]_w
[_w i d i ]_w
[_w r o h ]_w
[_w j o l ]_w
[_w b o s ]_w
[_w ɡ y n i ]_w
[_w ɑ b i d ]_w
[_w ɑ l d æ ]_w
[_w æ s t æ ]_w
[_w d ɑ ɣ ]_w
[_w z i r d ]_w
[_w u tʃ u n ]_w
[_w ɣ ɑ n ]_w
[_w k æ m ]_w
[_w i tʃ ɑ t ]_w
[_w ø j d æ ]_w
[_w b ɑ q i ]_w
[_w ʒ u n i ]_w
[_w s y t ]_w
[_w ɑ l t ɑ ]_w
[_w e x i z ]_w
[_w ø s y p ]_w
[_w æ l i ]_w
[_w t ɑ n æ ]_w
[_w j y k ]_w
[_w ɣ u d ɑ ]_w
[_w d o r i ]_w
[_w m ɑ w ]_w
[_w q ɑ n ]_w
[_w ɑ p i t ]_w
[_w b æ t ]_w
[_w tʃ ɑ z ɑ ]_w
[_w r i q ɑ ]_w
[_w p æ h r ]_w
[_w r æ ŋ ]_w
[_w t æ k ]_w
[_w e x i s ]_w
[_w tʃ i ŋ ]_w
[_w d ɑ s ɑ ]_w
[_w d o p ]_w
[_w t y p ]_w
[_w i m ɑ m ]_w
[_w æ r æ b ]_w
[_w ɑ z ɑ t ]_w
[_w d æ ŋ ]_w
[_w t o j i ]_w
[_w b i ɡ i ]_w
[_w s i dʒ ]_w
[_w x ɑ j æ ]_w
[_w s i tʃ ]_w
[_w dʒ ɑ r i ]_w
[_w t u tʃ ]_w
[_w o ɣ r i ]_w
[_w t ɑ d ɑ ]_w
[_w p o s ]_w
[_w ɣ o l ]_w
[_w d æ r ]_w
[_w ɑ n dʒ æ ]_w
[_w ɑ tʃ i z ]_w
[_w ɑ n t i ]_w
[_w t u ɑ ]_w
[_w æ m t i ]_w
[_w b i k i ]_w
[_w i m i n ]_w
[_w e l ɑ n ]_w
[_w k o tʃ ɑ ]_w
[_w t æ l ]_w
[_w d ɑ t ɑ ]_w
[_w ɑ d ɑ ]_w
[_w k æ b ]_w
[_w d æ m ]_w
[_w p u l ]_w
[_w s ø z ]_w
[_w ɑ s ɑ t ]_w
[_w x ɑ n ]_w
[_w ʃ æ j x ]_w
[_w d ø t ]_w
[_w p ɑ x ]_w
[_w k ø s ]_w
[_w t e m ɑ ]_w
[_w m e w æ ]_w
[_w x æ r b ]_w
[_w s ɑ æ d ]_w
[_w m ɑ z ]_w
[_w i t u q ]_w
[_w q u m ]_w
[_w z ɑ h æ ]_w
[_w i ʃ i ɡ ]_w
[_w x æ w b ]_w
[_w b i z ]_w
[_w t ɑ z ɑ ]_w
[_w y l ɡ æ ]_w
[_w j y ɡ ]_w
[_w i d i m ]_w
[_w m o x ɑ ]_w
[_w e ɣ i r ]_w
[_w i tʃ ɑ p ]_w
[_w n æ d æ ]_w
[_w dʒ ɑ n ]_w
[_w t æ r z ]_w
[_w p æ x t ]_w
[_w ɣ u t ɑ ]_w
[_w ø j k æ ]_w
[_w e ʃ i p ]_w
[_w d e ɣ i ]_w
[_w ɣ e t i ]_w
[_w ʃ u k i ]_w
[_w ɣ e n i ]_w
[_w s i r æ ]_w
[_w q u t ]_w
[_w p ɑ k ]_w
[_w e dʒ i ʃ ]_w
[_w ɡ y l ]_w
[_w ɑ s ɑ d ]_w
[_w z i l æ ]_w
[_w u z ɑ q ]_w
[_w p e t i ]_w
[_w s u x ɑ ]_w
[_w ɡ ɑ t i ]_w
[_w d ɑ n æ ]_w
[_w k ø ɡ ]_w
[_w r æ i z ]_w
[_w tʃ e ɡ i ]_w
[_w d i d i ]_w
[_w s æ n ]_w
[_w ɣ i l ]_w
[_w ø r p ]_w
[_w k ɑ z ]_w
[_w u dʒ u r ]_w
[_w ɡ u dʒ ɑ ]_w
[_w ø l y m ]_w
[_w tʃ æ ŋ ]_w
[_w e tʃ i b ]_w
[_w t e ŋ ]_w
[_w d u tʃ ]_w
[_w z i d i ]_w
[_w i dʒ i ]_w
[_w w u t u ]_w
[_w ɡ y tʃ i ]_w
[_w d æ l ]_w
[_w dʒ æ m ]_w
[_w ɡ ø z i ]_w
[_w ɣ æ t ]_w
[_w e z i l ]_w
[_w æ m æ z ]_w
[_w e ɡ i s ]_w
[_w ɡ ø k ]_w
[_w i k æ ]_w
[_w t ɑ t ɑ ]_w
[_w o tʃ u q ]_w
[_w k ɑ n ]_w
[_w ɡ y tʃ ]_w
[_w t e s æ ]_w
[_w dʒ æ l b ]_w
[_w z æ p æ ]_w
[_w k ø s i ]_w
[_w tʃ o r dʒ ]_w
[_w r ɑ z d ]_w
[_w d æ ɡ ]_w
[_w p ɑ q ]_w
[_w ɑ dʒ t i ]_w
[_w d æ b ]_w
[_w d i n dʒ ]_w
[_w dʒ e n ]_w
[_w d æ s ]_w
[_w e k i z ]_w
[_w d ɑ i m ]_w
[_w d e s æ ]_w
[_w e ʃ i b ]_w
[_w z ø z i ]_w
[_w r ɑ s t ]_w
[_w ɣ u ʃ ]_w
[_w o r t ɑ ]_w
[_w d i n tʃ ]_w
[_w i dʒ ɑ b ]_w
[_w x i l ]_w
[_w tʃ ɑ w ]_w
[_w dʒ ɑ ŋ ]_w
[_w i tʃ ɑ b ]_w
[_w tʃ ɑ r æ ]_w
[_w t i l ɑ ]_w
[_w t o p ]_w
[_w e ɡ i z ]_w
[_w i t i q ]_w
[_w p ɑ ɑ l ]_w
[_w j i t i ]_w
[_w z ɑ ŋ ɑ ]_w
[_w d e d i ]_w
[_w d æ r s ]_w
[_w p ɑ ɣ ]_w
[_w z o ɑ l ]_w
[_w i m s ɑ ]_w
[_w ɣ ɑ l i ]_w
[_w p ɑ n ]_w
[_w i dʒ i k ]_w
[_w b æ d ]_w
[_w x o dʒ ɑ ]_w
[_w tʃ e k i ]_w
[_w b ɑ b ]_w
[_w æ m æ d ]_w
[_w ɡ ɑ d i ]_w
[_w i tʃ i ]_w
[_w d o b ]_w
[_w p ɑ p ]_w
[_w b æ ɡ ]_w
[_w e ɣ i s ]_w
[_w j y s ]_w
[_w p æ t ]_w
[_w z ɑ d i ]_w
[_w z o t ]_w
[_w t ɑ s i ]_w
[_w d e m ɑ ]_w
[_w ɡ ø s ]_w
[_w z æ n ]_w
[_w ø l t i ]_w
[_w z æ w r ]_w
[_w ɑ d ɑ p ]_w
[_w ø s t æ ]_w
[_w z o d ]_w
[_w n æ b z ]_w
[_w e d i r ]_w
[_w k æ n t ]_w
[_w s ɑ d ]_w
[_w z æ b æ ]_w
[_w ɡ ø s i ]_w
[_w z æ l ]_w
[_w d ɑ x ]_w
[_w d æ r z ]_w
[_w ɑ tʃ i s ]_w
[_w q æ r s ]_w
[_w ɣ o dʒ ɑ ]_w
[_w p u ʃ ]_w
[_w d u r ɑ ]_w
[_w z æ r p ]_w
[_w m ɑ r t ]_w
[_w ø s k æ ]_w
[_w r o s ɑ ]_w
[_w e d i q ]_w
[_w d ɑ ʃ ]_w
[_w z i z ]_w
[_w p o z ]_w
[_w p æ z i ]_w
[_w e dʒ i p ]_w
[_w e tʃ i p ]_w
[_w s i t i ]_w
[_w e d i ]_w
[_w i q d i ]_w
[_w ɡ æ ŋ ]_w
[_w s i d i ]_w
[_w ɣ ɑ j æ ]_w
[_w ɡ o n ɑ ]_w
[_w i z d æ ]_w
[_w ɡ æ m ]_w
[_w z i s ]_w
[_w t æ r s ]_w
[_w j æ ɡ æ ]_w
[_w z ø z ]_w
[_w z æ r b ]_w
[_w i l t i ]_w
[_w d i t i ]_w
[_w z y t ]_w
[_w ɑ b i t ]_w
[_w ø s i ]_w
[_w ɡ ø p ]_w
[_w d ɑ s i ]_w
[_w d ɑ n i ]_w
[_w t ɑ n i ]_w
[_w p i k i ]_w
[_w d i l ɑ ]_w
[_w z ɑ t ]_w
[_w ɑ t ɑ b ]_w
[_w tʃ æ l p ]_w
[_w æ z i z ]_w
[_w u dʒ u n ]_w
[_w dʒ o r dʒ ]_w
[_w z ɑ d ]_w
[_w d o j i ]_w
[_w z o t ɑ ]_w
[_w y l k æ ]_w
[_w ɡ ɑ s ]_w
[_w p ɑ b ]_w
[_w z æ p ]_w
[_w ɡ r ɑ m ]_w
[_w dʒ ɑ tʃ ]_w
[_w t æ ɡ ]_w
[_w d u dʒ ]_w
[_w d æ z ]_w
[_w ɣ ɑ d ɑ ]_w
[_w b æ ɣ d ]_w
[_w d e z ]_w
[_w d e ŋ ]_w
[_w s ø s ]_w
[_w e ɣ i z ]_w
[_w ʒ u k i ]_w
[_w z i tʃ ]_w
[_w z m i z ]_w
[_w s m i z ]_w
[_w ɑ dʒ i z ]_w
[_w t i t i ]_w
[_w z u n i ]_w
[_w i dʒ i ɡ ]_w
[_w z ø s i ]_w
[_w ɡ u tʃ ɑ ]_w
[_w ɡ i n o ]_w
[_w d ɑ z i ]_w
[_w ɡ æ p ]_w
[_w ɡ y j ]_w
[_w ɡ ø z ]_w
[_w ɡ æ n d ]_w
[_w ɡ ɑ z ]_w
[_w p ɑ r ]_w
[_w p ɑ tʃ ]_w
[_w e dʒ i b ]_w
[_w x æ w p ]_w
[_w ɣ u ɑ ]_w
[_w ɣ ɑ m ]_w
[_w z u x ɑ ]_w
[_w p ɑ dʒ ]_w
[_w ɡ o dʒ ɑ ]_w
[_w e d i p ]_w
[_w h e dʒ ]_w
[_w x e d i ]_w
[_w d o k ]_w
[_w z o r ]_w
[_w b e d i ]_w
[_w i dʒ ɑ d ]_w
[_w ʒ u ŋ ɑ ]_w
[_w p i ɡ i ]_w
[_w ɡ i m ]_w
[_w z i t i ]_w
[_w z ɑ n ]_w
[_w ɡ æ b ]_w
[_w d e s ]_w
[_w ɣ ɑ z ]_w
[_w z i dʒ ]_w
[_w p æ ɣ d ]_w
[_w ɡ ø ɡ ]_w
[_w ʃ u ɡ i ]_w
[_w ʒ u ɡ i ]_w
[_w p æ d ]_w
[_w ɣ ɑ t ɑ ]_w
[_w ʒ i l i ]_w
[_w e d i b ]_w
[_w ɣ æ w p ]_w
[_w ɡ e dʒ æ ]_w
[_w z ø s ]_w
[_w z ɑ æ d ]_w
[_w p e dʒ i ]_w
[_w p e d i ]_w
[_w d o ɡ ]_w
[_w t o ɡ ]_w
[_w ɣ e d i ]_w
[_w z y d ]_w
[_w p æ ɡ ]_w
