[_w s e m j a t a ]_w
[_w m n o k o t o ]_w
[_w r a z v i t e ]_w
[_w m v f ]_w
[_w j a v j a ]_w
[_w z d a r a t a ]_w
[_w v i d ]_w
[_w t r u ɡ i ]_w
[_w v a ʒ i j a ]_w
[_w s t r u v a ]_w
[_w v i z o tʃ i ]_w
[_w k o ɫ e m i t e ]_w
[_w d e d a j ɫ i ]_w
[_w v k ɤ ʃ tʃ i ]_w
[_w m o i t e ]_w
[_w x a m a ɫ o ]_w
[_w r i p a ]_w
[_w s n a n i j a ]_w
[_w m a s n i ]_w
[_w e d n a ]_w
[_w o ɡ o ]_w
[_w p r i e m a ]_w
[_w x a m a ɫ z ɡ i ]_w
[_w t ɤ ɫ ɡ a ]_w
[_w x u p a v ]_w
[_w z e m i ]_w
[_w r u s e ]_w
[_w k ɫ a v i d e ]_w
[_w n a j m n o ɡ o ]_w
[_w s e ɫ e n ]_w
[_w u v a ʃ e t o ]_w
[_w o s o b e n o ]_w
[_w t o k o t o ]_w
[_w k o ɫ e k i t e ]_w
[_w v i t j a ]_w
[_w d r e p n i ]_w
[_w d j a ɫ o ]_w
[_w z v o b o t e ɫ ]_w
[_w n i j ]_w
[_w p i ʒ e ʃ ]_w
[_w o s i k u r n o ]_w
[_w i s t a n b u ɫ ]_w
[_w d u r i s m a ]_w
[_w s m ɤ r tː a ]_w
[_w v ɤ r v j a t ]_w
[_w z n a j a ]_w
[_w n a k r a j a ]_w
[_w ʒ i v a ]_w
[_w b o z i ts iː ]_w
[_w d a k o v a ]_w
[_w d b s ]_w
[_w k r i s a d ]_w
[_w r ɤ p a ]_w
[_w r e v o d a ]_w
[_w o b r a t n o ]_w
[_w k u p ]_w
[_w p o tʃ v a ]_w
[_w v i ʒ ]_w
[_w r e ɡ ɫ a m i ]_w
[_w v e z d n o ]_w
[_w r u m j a n a ]_w
[_w d o j d e ]_w
[_w m a j k ɤ ɫ ]_w
[_w ʒ i v o t ]_w
[_w p ɤ d i ]_w
[_w t n e v n i ts i ]_w
[_w s v o j a t a ]_w
[_w i m a m ]_w
[_w p ɤ ɫ n i ]_w
[_w m a t e ]_w
[_w v e s t e n i ]_w
[_w z d a n t a r ]_w
[_w n a p i ʃ a ]_w
[_w u s e d i ]_w
[_w s t a r ]_w
[_w n a r i tʃ a t ]_w
[_w p j u tʃ e d a ]_w
[_w a t a k a ]_w
[_w m i z ɫ j a ]_w
[_w b o k r i v a ]_w
[_w x u b a v o ]_w
[_w d e s t a t e ]_w
[_w m o m e n i m ]_w
[_w r a z b i r a ]_w
[_w m r e ʃ i x m e ]_w
[_w p o j a n ]_w
[_w s p i n ]_w
[_w v r e n s k i ]_w
[_w r a j n a ]_w
[_w r o m a d ]_w
[_w p o k o r e ]_w
[_w o s t a n a ɫ ]_w
[_w m i n a ɫ ]_w
[_w r a s ɫ o ]_w
[_w ɫ i ts e d o ]_w
[_w n a k ɤ t e ]_w
[_w o k o ɫ o v ]_w
[_w t e z e t k i ]_w
[_w ʃ i v o d ɤ d ]_w
[_w n a p ]_w
[_w p r e s ]_w
[_w f r ɤ s k i ]_w
[_w n e ɡ o v a ]_w
[_w j a f ɫ e n i ]_w
[_w s ɤ k ɫ a s ]_w
[_w ʒ e n s k i ]_w
[_w d ɫ ɤ ʒ n i ]_w
[_w t o b ]_w
[_w j a v n o ]_w
[_w k ɤ d e ]_w
[_w b o r a t a ]_w
[_w p o ʒ e ]_w
[_w r a s p e r e m ]_w
[_w ɫ i t e r i ]_w
[_w d v o j a t ]_w
[_w i v o ]_w
[_w a t a n a ]_w
[_w tʃ e d e n ]_w
[_w s t a r i j a ]_w
[_w p r i ɫ ]_w
[_w s m e n i j a ]_w
[_w tʃ e d i t e ]_w
[_w k r a d ]_w
[_w s ɤ b i t i e ]_w
[_w d r e d a t a ]_w
[_w p r i m e r ]_w
[_w k r a k ]_w
[_w n j a m a m ]_w
[_w n a ɫ a ]_w
[_w n e k o v ]_w
[_w s a e m a t a ]_w
[_w r a t o r ]_w
[_w o b i t a ]_w
[_w i m e t o d ]_w
[_w n a b i z a n e ]_w
[_w t o s a ]_w
[_w t r ɤ k v a ]_w
[_w i n t e r n o ]_w
[_w k r a t ɤ ɡ ]_w
[_w i t v a ]_w
[_w k o v o r i ]_w
[_w p ɫ o d o ]_w
[_w v a k t a ]_w
[_w b o r e d o ]_w
[_w t e ɫ e v o n ]_w
[_w d o k o ɫ ɡ o ]_w
[_w d r u ɡ a t a ]_w
[_w z a ʃ tʃ o t o ]_w
[_w t a m ]_w
[_w tʃ e r v e n i ]_w
[_w o d k r i t ]_w
[_w ɡ n i k a ɡ ɤ v ]_w
[_w m o ʒ e ʃ e ]_w
[_w p r o v ]_w
[_w m ɫ n ]_w
[_w s ɤ p r a n a ]_w
[_w m o r s k i ]_w
[_w a k e n ts i j a ]_w
[_w i v a n o v ]_w
[_w k o j a ]_w
[_w s ɤ p i r a n e ]_w
[_w p ɫ o tʃ a ]_w
[_w d ɤ r ʃ a v i ]_w
[_w tʃ u e ]_w
[_w s n a ts i j a ]_w
[_w ɡ o v o r a ]_w
[_w ɫ i p i j a ]_w
[_w n a z ɤ n ]_w
[_w i s t i n a ]_w
[_w t u r ts i t e ]_w
[_w p o ɫ i ts a ]_w
[_w u p e d e n ]_w
[_w n a ts i ]_w
[_w z ɤ z ]_w
[_w k r ɤ b ]_w
[_w r a z m i s ɤ ɫ ]_w
[_w s n a m e r i ]_w
[_w tʃ u v a ]_w
[_w s ɫ u tʃ a j n o ]_w
[_w o b j a v i ]_w
[_w s m j a x ]_w
[_w s a ʃ tʃ o ]_w
[_w k r u p i ]_w
[_w ɫ i tʃ n o ]_w
[_w t ɤ r ʒ a v n a ]_w
[_w o b r a z n i ]_w
[_w p o ɫ z v a d i ]_w
[_w t e ɫ ]_w
[_w s t o ɫ i ts a ]_w
[_w f ɤ n ʃ n i t e ]_w
[_w ts j a ɫ o ]_w
[_w d r i ]_w
[_w s i ɫ i e v a ]_w
[_w o b ʃ tʃ i ]_w
[_w v e s e ɫ i n ]_w
[_w ɡ r a j n a ]_w
[_w v m e s t a ]_w
[_w ʒ i v eː ]_w
[_w t a j ]_w
[_w tʃ ɫ e n ]_w
[_w k a d o ]_w
[_w d ɤ r z i m ]_w
[_w o r ɡ a n i t e ]_w
[_w ɡ ɤ r t i ]_w
[_w ɫ u ɡ o v ]_w
[_w p o ɡ a ʃ a ]_w
[_w m e d i ts a ]_w
[_w j a n u ]_w
[_w p r a v o ]_w
[_w n o s j a d ]_w
[_w s e d m i ts a ]_w
[_w o b i tʃ ]_w
[_w i d v a t ]_w
[_w t a ɡ a v a ]_w
[_w s t a n a x a ]_w
[_w a n k e ɫ o v ]_w
[_w o s t a ]_w
[_w ɡ ɤ m ]_w
[_w d o b ɤ r n a ]_w
[_w t a ɫ i j a ]_w
[_w d r u z ]_w
[_w v o r m a d a ]_w
[_w d u n a v ]_w
[_w s a t a ]_w
[_w n i k o ɫ o v ]_w
[_w n j a k o v a ]_w
[_w f ɤ r n e ]_w
[_w m ɫ a t e n ]_w
[_w v ɤ n ʃ n i ]_w
[_w s a t ]_w
[_w ɫ e k a r i n ]_w
[_w ɡ o s t i k n e ]_w
[_w s t r o v ]_w
[_w p a j ]_w
[_w b ɫ a ʒ ]_w
[_w b o s v o ɫ i ]_w
[_w p ɫ o k o v e ]_w
[_w v o r m a ɫ e n ]_w
[_w d i s a j n ]_w
[_w k u b j a t ]_w
[_w o ɡ a z a ]_w
[_w tʃ u v z d v a ]_w
[_w r a b o d a d a ]_w
[_w o t i t a ]_w
[_w v a ʒ i j a t a ]_w
[_w v o n t o f e n ]_w
[_w u s p eː ]_w
[_w m o ʒ e t e ]_w
[_w m a s ɫ o ]_w
[_w a r x i v ]_w
[_w b r o j a v a ]_w
[_w k o d i n a ]_w
[_w ts v e t o v n o ]_w
[_w p i s a x ]_w
[_w s t s ]_w
[_w t r e d a t a t ]_w
[_w ɡ a p i t a ]_w
[_w r e k ɫ a m i ]_w
[_w m a r t ]_w
[_w v e n t ɤ r ]_w
[_w z a b o v e ]_w
[_w p a r dʒ e ]_w
[_w b o t k r i v a ]_w
[_w n o v a d a ]_w
[_w z ɤ n ]_w
[_w k o ɫ k o s ]_w
[_w z v e t i ]_w
[_w s p o r n i ɡ ]_w
[_w z d a r a ]_w
[_w r e ʃ i s j o r ]_w
[_w m ɤ ʃ e ]_w
[_w o t d e ɫ j a ]_w
[_w p o ɫ u tʃ i ]_w
[_w m o j a t ]_w
[_w ɡ a k ]_w
[_w r o ɫ j a m ]_w
[_w k a ʃ e ]_w
[_w p ɤ d u v a t ]_w
[_w s m j a t a ]_w
[_w p a t a ]_w
[_w i z d i n s k a ]_w
[_w m a k a r ]_w
[_w t o b r o ]_w
[_w m n e n i e ]_w
[_w s n a m e r j a ]_w
[_w d i ʒ i n a ]_w
[_w r e s u ɫ t a t ]_w
[_w t o j ]_w
[_w k a ʒ e ʃ ]_w
[_w tʃ iː t o ]_w
[_w a z i j a ]_w
[_w d v a ]_w
[_w n a k r a t a ]_w
[_w m i ɫ i o n ]_w
[_w s ts e n i t e ]_w
[_w e s i k a ]_w
[_w ɡ u p u v a t ]_w
[_w s a m ]_w
[_w t e o r i j a ]_w
[_w p r a s n i ]_w
[_w x a r e s v a m ]_w
[_w tʃ i j d o ]_w
[_w n i s k a x ]_w
[_w p r e x o t a ]_w
[_w k r a j n a ]_w
[_w s p i ]_w
[_w p r i j a ]_w
[_w f a ʃ n a ]_w
[_w d a ɫ i ]_w
[_w s a t v o r ]_w
[_w n i v o ]_w
[_w z n i m k a ]_w
[_w p r o t e n ]_w
[_w m u s e j ]_w
[_w v r e m e ]_w
[_w k r i j a ]_w
[_w k u n e v a ]_w
[_w k ɫ a v a t a ]_w
[_w ɡ ɫ a v n i ]_w
[_w z a p a v n o ]_w
[_w o p i tʃ a d ]_w
[_w n a m e r i x ]_w
[_w ʒ e ɫ a e ]_w
[_w i z k a m ]_w
[_w e t n o ]_w
[_w ɡ o ɫ e m i ]_w
[_w s e ɫ o ]_w
[_w d v ɤ r t j a t ]_w
[_w s k o r o ]_w
[_w ɡ r i ʒ i ]_w
[_w tʃ a k a m e ]_w
[_w t o ʃ ɫ i ]_w
[_w o ɡ a s v a t ]_w
[_w o t n o ]_w
[_w b r o d e n ]_w
[_w tʃ e d i r i ]_w
[_w v o j s k i ]_w
[_w r e s u r s ]_w
[_w s a k o n ɤ t ]_w
[_w r e z u r s i ]_w
[_w k a k v a ]_w
[_w t o v e ]_w
[_w r a z x o d ]_w
[_w o b e r a ]_w
[_w r a j o n a ]_w
[_w i s t a t a ]_w
[_w p i d k i ]_w
[_w n j u ]_w
[_w s ɫ a k a ]_w
[_w f u d b o ɫ ]_w
[_w r e k i o n ]_w
[_w s p o d a t a ]_w
[_w m o m e n d i ]_w
[_w s a b a z i ]_w
[_w s a ɫ a ]_w
[_w p o j a v a m ]_w
[_w o d k r i v a ]_w
[_w s t r a n a ]_w
[_w a p r i m e r ]_w
[_w n o v ]_w
[_w p o ɡ a z v a ]_w
[_w v t o r a d a ]_w
[_w v r a t a ]_w
[_w s ɤ p i r a ]_w
[_w e s e n t a r ]_w
[_w n a j tʃ e z t o ]_w
[_w s p r j a ]_w
[_w u s e t e m ]_w
[_w k o n d r o ɫ a ]_w
[_w s k r a d a ]_w
[_w z n a n i e ]_w
[_w k r i z a ]_w
[_w t o r i ]_w
[_w v i n a ]_w
[_w f ɤ z d u x a ]_w
[_w d r o j a ]_w
[_w s v e t o f e ]_w
[_w o b a z n i n i ]_w
[_w ɡ u x n j a t a ]_w
[_w b e t i ]_w
[_w a k t u a ɫ n o ]_w
[_w n a p i s ]_w
[_w n i k a ]_w
[_w i s t a t e m ]_w
[_w tʃ e r n i k ]_w
[_w a k ts i j a ]_w
[_w f r a d a ]_w
[_w p o s t i ɡ a ]_w
[_w ɡ o r i ts a ]_w
[_w s m e ɫ o ]_w
[_w n o e ]_w
[_w i s r a z d v a ]_w
[_w p a s a t ]_w
[_w tʃ r e s ]_w
[_w o s t a v a ʃ e ]_w
[_w s ɫ u tʃ a i t e ]_w
[_w t i z a j n ]_w
[_w d j a x n o t o ]_w
[_w ɡ ɫ i e n t a ]_w
[_w o r k a n i ]_w
[_w p r e tʃ i ]_w
[_w i s v ɤ n ]_w
[_w n i k o k a ]_w
[_w p o s n a ]_w
[_w s ɫ ɤ n tʃ e v o ]_w
[_w m u s i k a ]_w
[_w tʃ ɫ e n o v e t ]_w
[_w v m e z d o ]_w
[_w d e j s t v i e ]_w
[_w b r a x ]_w
[_w s ɤ b u t i ]_w
[_w s ɤ j u s ]_w
[_w s ɫ u ʃ a m ]_w
[_w r a s p i r a ]_w
[_w s v o b o t n i ]_w
[_w k o ɫ i ]_w
[_w e t n a ]_w
[_w v ɤ b r o s a ]_w
[_w tʃ ɫ e n k i ]_w
[_w k o r a p a ]_w
[_w v a ʒ n o t o ]_w
[_w p i ɫ ]_w
[_w s t a n a ]_w
[_w p o n e ]_w
[_w z ɤ ʃ tʃ i ]_w
[_w d e b u d a t i ]_w
[_w p r o d e z d a ]_w
[_w p o k a t o ]_w
[_w v s e d o ]_w
[_w m i z ɫ e n e ]_w
[_w s t i v ɤ n ]_w
[_w s t o ɡ ]_w
[_w k u ɫ t u r a ]_w
[_w z b o r i d e ]_w
[_w s ɤ d p a t a d ]_w
[_w s ɫ o ʒ i ]_w
[_w o t tʃ e t i ]_w
[_w ɫ i tʃ n o s t ]_w
[_w z m i s ɤ ɫ a ]_w
[_w k ɫ a z o v ]_w
[_w p a v e ɫ ]_w
[_w o t n a ]_w
[_w ɫ e k a ]_w
[_w d u r i s ɤ m ]_w
[_w k u b ]_w
[_w r e s u r z i ]_w
[_w s o tʃ i ]_w
[_w s t a n b u ɫ ]_w
[_w p o ʃ i t a r ]_w
[_w n o r m a ]_w
[_w o d v a r j a ]_w
[_w z u p e r ]_w
[_w ɫ j a t a ]_w
[_w tʃ u t o ]_w
[_w p ɫ o ʃ tʃ a t a ]_w
[_w b o ɫ ɡ a ]_w
[_w u z e d i t i ]_w
[_w m o k a ]_w
[_w ɡ a ɡ v i ]_w
[_w n a j ]_w
[_w k a k t o ]_w
[_w ʒ i v o t n i ]_w
[_w ɡ o i ]_w
[_w s t i k a ]_w
[_w p o d ]_w
[_w i m o t i t o x ]_w
[_w s ɫ a ɡ a t ]_w
[_w t ɤ r s i ]_w
[_w s a ʃ tʃ o d o ]_w
[_w i z t a v i ]_w
[_w f ɫ a k a t ]_w
[_w tʃ i z d o v ]_w
[_w u s p j a ɫ o ]_w
[_w d o k o f o r i ]_w
[_w v t o r i ]_w
[_w s v e d ɤ d ]_w
[_w k i p ɤ r ]_w
[_w k ɤ s m e t k a ]_w
[_w r a z x o t ]_w
[_w r a b o d n i ]_w
[_w p u p ɫ i tʃ n a ]_w
[_w p r e m i e r ]_w
[_w o t p o r a n o ]_w
[_w o r t e n a ]_w
[_w p ɫ o ɡ ɤ r i ]_w
[_w i m e nː o ]_w
[_w v j a r v a m e ]_w
[_w i z k a ɫ n a ]_w
[_w x i ɫ ]_w
[_w s e ɫ e n a ]_w
[_w z d o d i ]_w
[_w b e r s o n a ]_w
[_w r ɤ k a ]_w
[_w n e k a ]_w
[_w ɡ o m i s i j a ]_w
[_w k ɫ a s a ]_w
[_w s r o ɡ ]_w
[_w v i t j a ɫ ]_w
[_w p e d ɤ ɡ ]_w
[_w i s k a t a ]_w
[_w i s t o r i t e ]_w
[_w f ɤ v e t a n e ]_w
[_w tʃ e t a ]_w
[_w v i r m a ]_w
[_w n a u tʃ n a ]_w
[_w d a t o x a ]_w
[_w d o s t a v i m ]_w
[_w p r e k ɫ a m a ]_w
[_w z r a m ]_w
[_w r e a k ts i j a ]_w
[_w t a ɡ o f e ]_w
[_w t r a v i ]_w
[_w b ɤ t j a ]_w
[_w t i a n a ]_w
[_w u s ɫ u ɡ i t e ]_w
[_w ts j a ɫ a ]_w
[_w m e d r a ]_w
[_w o d k ɤ t e ]_w
[_w r a s x o d ]_w
[_w s u m a t a ]_w
[_w s ɫ u tʃ a v a ]_w
[_w ʒ i v eː m ]_w
[_w m a r i n o z ]_w
[_w o ts e n t r o ɫ ]_w
[_w v z i tʃ k i t e ]_w
[_w k ɫ a v i ]_w
[_w d ɤ x ]_w
[_w s i ɡ u r i ]_w
[_w i s t i n a t a ]_w
[_w m o i d e ]_w
[_w t a n ɤ ts i ]_w
[_w j a z n a ]_w
[_w m i ɫ i ]_w
[_w tʃ i z d o r i ]_w
[_w p i ʃ e ʃ ]_w
[_w z t a ʒ ]_w
[_w t a n s ]_w
[_w k t b o b ]_w
[_w u s p e ɫ i ]_w
[_w t o v a ]_w
[_w b o z ɫ e ]_w
[_w p u s n a t ]_w
[_w p u s ɡ a ]_w
[_w s ɫ o f o t o ]_w
[_w ʃ a n s ]_w
[_w b a z i ]_w
[_w ʒ e v a ]_w
[_w s ɫ a p ]_w
[_w d o ɡ a v a ]_w
[_w t o p r o ]_w
[_w o d k r i t e ]_w
[_w n a b i z a ɫ ]_w
[_w m ɤ ʃ e d e ]_w
[_w n o v i t e ]_w
[_w j u n i ]_w
[_w s x e m a ]_w
[_w d ɤ r s e n e ]_w
[_w b o r i d e ]_w
[_w z ɤ s t a v a d ]_w
[_w v a ʃ n i ]_w
[_w u tʃ i t e ɫ i ]_w
[_w k ɫ a z o v e ]_w
[_w b i z a x ]_w
[_w o tʃ e v i t n o ]_w
[_w p o ɫ a ]_w
[_w p r o p ɫ e m a ]_w
[_w m e z e ts a ]_w
[_w p o r ɤ tʃ k a ]_w
[_w s ɤ d b a ]_w
[_w ɡ r a s i ]_w
[_w r a p o t a ]_w
[_w i v a n ]_w
[_w p o k a n a ]_w
[_w k a m ɤ n i ]_w
[_w s n a e d e ]_w
[_w k ɫ a z u v a j ]_w
[_w ɫ e k ts iː ]_w
[_w a s e n ]_w
[_w m o ʃ e ʃ ]_w
[_w p o i s k a ]_w
[_w p a r i tʃ a ]_w
[_w j o r d a t a ]_w
[_w v ɤ p r o z ɤ d ]_w
[_w r e j d i n k ]_w
[_w tʃ e r n o ]_w
[_w v e t n ɤ ʃ ]_w
[_w p r e d ]_w
[_w n o v i n a r ]_w
[_w k r a t k o ]_w
[_w r a s m e r ]_w
[_w t a j a d a ]_w
[_w k o ɫ a ]_w
[_w d u ʒ a ]_w
[_w d u r s k o ]_w
[_w k o r i v o ]_w
[_w n e k o v i ]_w
[_w k o j a t ]_w
[_w b t i ts a ]_w
[_w ts ɤ r k v a ]_w
[_w r ɤ s t ]_w
[_w s a p o tʃ v a ]_w
[_w e m i t e ]_w
[_w f r e m e n a ]_w
[_w ʃ tʃ e ʃ e ]_w
[_w m a j k a t a ]_w
[_w i t e j a t a m ]_w
[_w k u r z o v e ]_w
[_w o tː u k ]_w
[_w ɫ i ts e ]_w
[_w ɡ a r e d ]_w
[_w u tʃ i t e ]_w
[_w i m a x a ]_w
[_w m e r ɡ i j a ]_w
[_w n e j n i t e ]_w
[_w ɡ a n a t ]_w
[_w p r a v i m ]_w
[_w n a s a t ]_w
[_w i m a m e ]_w
[_w s p i r a t ]_w
[_w p e ɫ i ]_w
[_w i s k a ɫ a ]_w
[_w o d k o v o t o ]_w
[_w s v i t i e ]_w
[_w z r e t s t o i ]_w
[_w e b o x a ]_w
[_w d r e d i t e ]_w
[_w o b ɫ a z d i e ]_w
[_w k ɫ e t ]_w
[_w v ɤ b r o s i ]_w
[_w s v o i ]_w
[_w v o j n i ]_w
[_w ɡ o r i ]_w
[_w o p j a s n i ]_w
[_w v i ʒ t a ʒ ]_w
[_w s a t v o r i ]_w
[_w s t r a n i ts i ]_w
[_w s ɤ b i t i j a ]_w
[_w b r o s t o ]_w
[_w p r j a ]_w
[_w n a b r a v j a ]_w
[_w i z v e z t n o ]_w
[_w r i s k ]_w
[_w s p a s v a ]_w
[_w o b ʃ tʃ i n i ]_w
[_w v s e m a d a ]_w
[_w k a ɡ v o ]_w
[_w p r e t v i t ]_w
[_w k o ɡ a ]_w
[_w s ɫ e t n o ]_w
[_w s v o e ]_w
[_w m a z n i ]_w
[_w v r a t i o ]_w
[_w d ɤ r n o v o ]_w
[_w d a j ]_w
[_w r j a d ]_w
[_w r a z u m ]_w
[_w tʃ a z a ]_w
[_w k ɫ e d a t ]_w
[_w s ɫ u ʃ a ]_w
[_w s a e m a ]_w
[_w n a i z d i n a ]_w
[_w b r e t ]_w
[_w m p s ]_w
[_w i s i s k v a ]_w
[_w r a s x o t ]_w
[_w n e ʃ tʃ a m ]_w
[_w d ɤ r ʒ a v a t ]_w
[_w z b i s ɤ k a ]_w
[_w n t k ]_w
[_w n a tʃ a ɫ o ]_w
[_w r a p o t i ]_w
[_w b r i k a ]_w
[_w o z n o f a ]_w
[_w k r i j a t ]_w
[_w p a n k i ]_w
[_w r i x t e ]_w
[_w s a t o v a r i ]_w
[_w p i j a t ]_w
[_w e m i s i j a ]_w
[_w ɫ o v e ]_w
[_w z ɫ a b ]_w
[_w i t v a d ]_w
[_w b r o tʃ e t o x ]_w
[_w s ɫ e t ]_w
[_w j u ʒ n a ]_w
[_w i v e t ]_w
[_w m o s t ]_w
[_w m e n e ]_w
[_w v a ʃ i j a ]_w
[_w n j a ɡ a k ]_w
[_w m i n a ]_w
[_w ɡ ɫ a v e n ]_w
[_w f u d p o ɫ ]_w
[_w i d e i t e ]_w
[_w u ʃ i t e ɫ ]_w
[_w t a k a ]_w
[_w d u r z k o ]_w
[_w p o m o ʃ tʃ ]_w
[_w s a m a t ]_w
[_w z i m v o ɫ ]_w
[_w x r i z d o k i ]_w
[_w t o ɡ a n i ]_w
[_w d j a x n a ]_w
[_w b r i ɡ a ]_w
[_w b r e v o r m i ]_w
[_w m o e t o ]_w
[_w m e s e ts a ]_w
[_w ʃ e r t v i t ]_w
[_w j u ɫ i ]_w
[_w ɡ r a z i v i ]_w
[_w ɡ o j a ]_w
[_w ʃ tʃ o m ]_w
[_w i s r a e ɫ ]_w
[_w b r a s n i k ]_w
[_w b o e m e ]_w
[_w i s p o r e t ]_w
[_w z r j a t ]_w
[_w s a p o tʃ n e m ]_w
[_w m a j ]_w
[_w z j a k o j a ]_w
[_w ɡ a s v a ]_w
[_w p r e f o r m a ]_w
[_w tʃ a z d ɤ k ]_w
[_w m o m tʃ e d a ]_w
[_w p o n e ʃ e ]_w
[_w v o n ]_w
[_w p r a v i ɫ n o ]_w
[_w v i t e ]_w
[_w m o n t ]_w
[_w v s i tʃ k i ]_w
[_w b u t i k a ]_w
[_w s v e r a t a ]_w
[_w s r e ʃ tʃ o ]_w
[_w z e ɫ o ]_w
[_w r o m a n ]_w
[_w d ɤ n o t o ]_w
[_w z d r u m a ]_w
[_w p e b e d o ]_w
[_w n e p e t o ]_w
[_w i m a ɫ o ]_w
[_w ɡ a ʃ a ]_w
[_w r e k a ]_w
[_w m ɤ ʃ e t e ]_w
[_w n a ʃ i d e ]_w
[_w k e n ]_w
[_w d ɤ r ʃ a t ]_w
[_w x a r e z v a ]_w
[_w r e ʃ e n i j a ]_w
[_w m e z d o ]_w
[_w s ɫ ɤ n dʒ e v o ]_w
[_w r u z k i j a ]_w
[_w p o ɡ a t o ]_w
[_w m o ʃ e d e ]_w
[_w tʃ o v e ɡ ɤ d ]_w
[_w p r a v i ]_w
[_w ʒ i v o t ɤ d ]_w
[_w k u p j a t ]_w
[_w ɡ r a t ɤ t ]_w
[_w f r ɤ x ]_w
[_w d r i t e ]_w
[_w s n a e ]_w
[_w o b i tʃ a d ]_w
[_w o b i z v a t ]_w
[_w r e ts e b t i ]_w
[_w v a s o v a ]_w
[_w r a v n i ]_w
[_w n a tʃ a ɫ n i ]_w
[_w k o d i n k ]_w
[_w f e f r u a r i ]_w
[_w p r a v j a t ]_w
[_w i ɡ r a tʃ ]_w
[_w v t i ɡ n a ]_w
[_w d a d o x a ]_w
[_w t e ʃ k a ]_w
[_w s i n o v e d e ]_w
[_w s i n ]_w
[_w n a r a z d e ʒ ]_w
[_w tʃ u ʒ t i ]_w
[_w ɡ ɤ m s a ]_w
[_w n a tʃ a ɫ o t o ]_w
[_w m o ɫ j a ]_w
[_w ɡ ɤ r dʒ a ɫ i ]_w
[_w v i t a ]_w
[_w p a z a r a t ]_w
[_w s t a n t a r t ]_w
[_w v e tʃ e d o ]_w
[_w n o v o ]_w
[_w s v e t n ɤ ʃ ]_w
[_w v r e m e d e ]_w
[_w m i z ɫ i t e ]_w
[_w r a z b e r e ]_w
[_w k ɤ d e d o ]_w
[_w t u x a ]_w
[_w k u r s ]_w
[_w d v ɤ r t i ]_w
[_w t o ʒ ɤ ɫ ]_w
[_w p o ɫ n i ]_w
[_w t e n j a ]_w
[_w f i s o k i t e ]_w
[_w r a s m e r a ]_w
[_w s ts e n a t a ]_w
[_w m o ʒ e ʒ e ]_w
[_w p r o j ]_w
[_w z b o d a r ]_w
[_w d e d s k a d ]_w
[_w ts e n i t e ]_w
[_w s ɫ u ʒ i d e ɫ ]_w
[_w b r o v e r ɡ a ]_w
[_w z d a d i j a ]_w
[_w u s m i v ɡ i ]_w
[_w x v ɤ r ɫ j a d ]_w
[_w k v a r d a ]_w
[_w n i ʃ tʃ o ]_w
[_w s e ɫ a ]_w
[_w ɫ j a t ]_w
[_w p r o k u r o r ]_w
[_w o d k o v o r i ]_w
[_w ɡ a ʃ e ]_w
[_w ts j a ɫ a t a ]_w
[_w p r e v o r m a ]_w
[_w s ɤ r p i j a ]_w
[_w p e ɫ e n ]_w
[_w m o ʒ e ]_w
[_w ɡ ɤ d e ]_w
[_w n u ʒ d a ]_w
[_w p o ɫ z a ]_w
[_w t o k a d ]_w
[_w tʃ u v s t v o ]_w
[_w z v e t ɤ d ]_w
[_w m o j a d a ]_w
[_w b o n e ʃ e ]_w
[_w v a ʃ i ]_w
[_w s a d a tʃ i ]_w
[_w r e s u ɫ d a t ]_w
[_w ʃ i v ]_w
[_w a n k ɫ i j a ]_w
[_w o n i j a ]_w
[_w d e ɫ a ]_w
[_w i s p o r e t e ]_w
[_w m ɤ ʃ a ]_w
[_w d o n e s e ]_w
[_w ɡ r e b a ]_w
[_w o z d a v a ]_w
[_w k a s a ]_w
[_w r o b s t v e n ]_w
[_w m r e ʃ a t a ]_w
[_w k ɤ z n o ]_w
[_w p o s t ]_w
[_w n a r o t n i ]_w
[_w v e n o v e ]_w
[_w k ɤ r ts i t e ]_w
[_w o ts e n k a ]_w
[_w o v e r k a ]_w
[_w s ɫ e t e n e ]_w
[_w i n d e r n e t ]_w
[_w n e j n o t o ]_w
[_w m a j k a ]_w
[_w v o n t a ]_w
[_w a n a ɫ ]_w
[_w k r a z o t a ]_w
[_w d a d a ]_w
[_w p e t r o v a ]_w
[_w m i n ]_w
[_w n a r i tʃ a ]_w
[_w n o v a ]_w
[_w tʃ e r v e n ]_w
[_w ts e ɫ i ]_w
[_w k r a j a ]_w
[_w ɡ r a d a ]_w
[_w s t e ]_w
[_w ʃ i v e j a t a ]_w
[_w t n e v n i ɡ ]_w
[_w n i ɡ o ɫ a ]_w
[_w p r i n ts i p a ]_w
[_w t o j a d a ]_w
[_w b o ɫ u tʃ i t e ]_w
[_w v i t i t e ]_w
[_w z a d o v e ]_w
[_w t v a t ]_w
[_w p a r i ʃ ]_w
[_w p i t a ]_w
[_w i z d o ]_w
[_w n o v i n i ]_w
[_w m a ɡ a z i n a ]_w
[_w i s r a s t ]_w
[_w o t i t e ]_w
[_w s a e m ]_w
[_w n o e m v r i ]_w
[_w u m e n ]_w
[_w v e r s i j a ]_w
[_w e t a b ]_w
[_w r a s p i r a d ]_w
[_w d v e t e ]_w
[_w s n i m k a ]_w
[_w m i ɫ i o n a ]_w
[_w n e ɡ o f i ]_w
[_w i z d i n a ]_w
[_w r e a ɫ n o s t ]_w
[_w r e ɡ ɫ a m n i ]_w
[_w e v r o ]_w
[_w i n t e r e z ]_w
[_w i t v a m ]_w
[_w d o b a v i ]_w
[_w t e p u d a t ]_w
[_w z b a z v a ʃ ]_w
[_w d v ɤ r t i t e ]_w
[_w n o s a ]_w
[_w n a tʃ i n a ]_w
[_w b e r n i j a ]_w
[_w x a m a ɫ i ]_w
[_w tʃ o v e k a ]_w
[_w d n e ʒ n i ]_w
[_w d o s a ]_w
[_w v tʃ e r a ]_w
[_w v r a ts a ]_w
[_w d u r ts i j a ]_w
[_w o b i t e ]_w
[_w v a ʒ n o ]_w
[_w d a v a ]_w
[_w s t e ɫ ]_w
[_w t o z d o ]_w
[_w tʃ a z d ]_w
[_w s o ts i a ɫ n a ]_w
[_w n a r o t i v i ]_w
[_w x ɫ j a p ]_w
[_w d a n o v i t e ]_w
[_w s m ɤ r t ]_w
[_w o b ʃ tʃ a ]_w
[_w p r o z a ]_w
[_w p r e m i e r a ]_w
[_w tʃ a k ]_w
[_w r i m ]_w
[_w s ɤ n j a ]_w
[_w z a v i n a k i ]_w
[_w o d k o r e ]_w
[_w p o j ]_w
[_w ts e n a ]_w
[_w o b e k t ]_w
[_w n a ɡ r a j n a ]_w
[_w b o j a n ]_w
[_w b ɤ t e ɡ a ]_w
[_w t o s t o v e ]_w
[_w p a z a r a ]_w
[_w s a j d ]_w
[_w s t r ]_w
[_w z i n ]_w
[_w r a z tʃ i t a ]_w
[_w b o v e t e ]_w
[_w p o k o ɫ o ]_w
[_w s ɫ u tʃ v a t ]_w
[_w r a d i ]_w
[_w v t o r i j a ]_w
[_w s t o d i ts i ]_w
[_w p o t v ɤ n ]_w
[_w d r e t o ]_w
[_w o t i v ]_w
[_w o d k r i e ]_w
[_w n a p r a v j a ]_w
[_w t o ɡ ]_w
[_w d i p ]_w
[_w n o r m a t a ]_w
[_w p r o tʃ e d i ]_w
[_w p ɫ a ʒ ]_w
[_w s t a j a t ]_w
[_w b o ɫ e s n o ]_w
[_w a k ts iː ]_w
[_w u m i r a m ]_w
[_w r j a t ]_w
[_w t u r i z ɤ m ]_w
[_w ʃ i v a ]_w
[_w n a t i s k a m ]_w
[_w b r e d m e d ]_w
[_w z d i ɫ ]_w
[_w m o e ]_w
[_w k r i k o r ]_w
[_w m i s ɫ i z a ]_w
[_w ɫ j u b o v d a ]_w
[_w t o s t o j a n ]_w
[_w d ɤ r v o ]_w
[_w o k r o m n i ]_w
[_w s t a f j a ]_w
[_w p o d o b r i ]_w
[_w f t i ɡ n e ]_w
[_w r a j o n i ]_w
[_w f a ɡ d o r ]_w
[_w d j a n k a ]_w
[_w d u r s k i ]_w
[_w v s e m a ]_w
[_w tʃ e ɫ ]_w
[_w o b i t ]_w
[_w i m a ɫ ]_w
[_w o d i t e ]_w
[_w k o v o r ]_w
[_w o ɡ r o m n i ]_w
[_w m i n u t i ]_w
[_w s v e t ɫ i n a ]_w
[_w p e tʃ e ɫ i ]_w
[_w ts a r ]_w
[_w b o t o b n a ]_w
[_w a v t o r ]_w
[_w s i n ɤ d ]_w
[_w z t i v a ɫ ]_w
[_w p o r a ]_w
[_w s t r o e ʒ ]_w
[_w m a r d i tʃ k a ]_w
[_w x o d e ɫ i ]_w
[_w p i v ʃ ]_w
[_w m a n a ]_w
[_w k ɫ i e n t i ]_w
[_w v t o r ɤ t ]_w
[_w m j a z d o ]_w
[_w p i s a n i ]_w
[_w d o m a ʒ n i ]_w
[_w i m e n ]_w
[_w e t a v p ]_w
[_w p a r i ʒ ]_w
[_w s ɤ ʃ tʃ o t o ]_w
[_w a k r e s i j a ]_w
[_w u s ɫ u k i ]_w
[_w ts a r z d v o ]_w
[_w ts v e d a ]_w
[_w b ɫ o tʃ a ]_w
[_w t ɤ r s e n e ]_w
[_w b r o m j a n a ]_w
[_w f a ʃ n o ]_w
[_w b o tʃ i v k a ]_w
[_w r e tʃ ]_w
[_w k o n k u r s ]_w
[_w v ɫ i s a ]_w
[_w m o m tʃ e ]_w
[_w r a p o d i m ]_w
[_w r ɤ ts e ]_w
[_w ts v e t a n ]_w
[_w x a r e s a ]_w
[_w p o ɫ z v a m ]_w
[_w s v e t n a ]_w
[_w ʒ i v e j a ]_w
[_w t o n ]_w
[_w z e m j a t a ]_w
[_w z a x a ]_w
[_w p o ɡ e r ]_w
[_w r a z d v a ]_w
[_w ts i t a d ]_w
[_w k u p u v a t ]_w
[_w p e tʃ a ɫ b a ]_w
[_w ɡ ɤ z n o ]_w
[_w n a ɡ ɤ d e ]_w
[_w k o m i s i j a ]_w
[_w p ɫ o k a ]_w
[_w d o k o v o r ]_w
[_w v n e s a ]_w
[_w s r e ʃ tʃ u ]_w
[_w s ɫ ɤ n ts e d o ]_w
[_w n a d s o r ]_w
[_w tʃ a ʒ a ]_w
[_w n j a k a k v o ]_w
[_w t o s t o ]_w
[_w p t a ]_w
[_w z i k n a ɫ ]_w
[_w f a ʃ a e m i ]_w
[_w ɡ o p i e ]_w
[_w t e n ]_w
[_w m o j a d ]_w
[_w j a n u a r i ]_w
[_w p ɤ t e d o ]_w
[_w e f r o ]_w
[_w s ɤ z d a v i ]_w
[_w m a ɫ ɡ i ]_w
[_w i s i z k v a ]_w
[_w d e s e d i ]_w
[_w n e ɡ o v ]_w
[_w j a v o r ]_w
[_w o z n o ]_w
[_w n o v i j a ]_w
[_w ɡ o d ]_w
[_w v e tʃ e r t a ]_w
[_w v x o t ]_w
[_w b i s a ɫ ]_w
[_w o t p o r ]_w
[_w k a k v o ]_w
[_w d e m a ]_w
[_w d ɤ r s i ]_w
[_w v i ʒ d a m e ]_w
[_w k o k a d o ]_w
[_w s o n a ]_w
[_w d ɤ r ɡ o v ts i ]_w
[_w n a i s t i n a ]_w
[_w d r ɤ k v a ]_w
[_w ɫ i z d ]_w
[_w v i ʃ ]_w
[_w f e d n ɤ ʃ ]_w
[_w p a r i t e ]_w
[_w j u ʃ n a ]_w
[_w x r a n i e ]_w
[_w t a n o ]_w
[_w ʃ v e ts i j a ]_w
[_w u ɫ i ts i ]_w
[_w p o s ɫ e ]_w
[_w p o m o ɡ n a t ]_w
[_w v e f ]_w
[_w m o m e n i ]_w
[_w f r ɤ z k a t ]_w
[_w o tʃ i t e ]_w
[_w m o e d o ]_w
[_w e f e k t i ]_w
[_w ɫ i s t ]_w
[_w s a m o ɫ e t a ]_w
[_w i s ɫ i ʃ ]_w
[_w o b i t i j a ]_w
[_w u s ɫ u k i t e ]_w
[_w a k e n ts iː ]_w
[_w o r ɡ a n i ]_w
[_w t j a ɫ o d o v ]_w
[_w s t r u m a ]_w
[_w i z v e d i ]_w
[_w t o t o r o v ]_w
[_w s ɤ ɫ z i ]_w
[_w u m a ]_w
[_w n a u tʃ i m ]_w
[_w k ɫ u b o v ]_w
[_w r e t i m n o ]_w
[_w v e ɫ i k o ]_w
[_w p o ʃ tʃ a t ]_w
[_w p o s ɫ a n i e ]_w
[_w v d o r ɤ d ]_w
[_w ts e n i ]_w
[_w n i ɡ o ɫ a t ]_w
[_w t o s t ]_w
[_w f o e nː i ]_w
[_w ʒ i v o d ɤ d ]_w
[_w p j a x ]_w
[_w x i tʃ ]_w
[_w v i n o v e ]_w
[_w v o t a ]_w
[_w ɡ ɤ ʃ tʃ i ]_w
[_w s t a n e ]_w
[_w t r i ]_w
[_w k o s p o d e ɫ ]_w
[_w p ɤ r s i ]_w
[_w j o r t a ]_w
[_w m i x a i ɫ ]_w
[_w t u x ]_w
[_w n o m e r a ]_w
[_w p r i s n a j a ]_w
[_w x a r e s v a ]_w
[_w o b i t v a d ]_w
[_w p r a v i ɡ a ]_w
[_w tʃ o v e ʃ k o ]_w
[_w s k ɤ p i ]_w
[_w d e x n i j a ]_w
[_w p i ʃ e ]_w
[_w ɡ u d i j a ]_w
[_w o d v o r e n ]_w
[_w p a z a r n a ]_w
[_w p r o t i v i ]_w
[_w d a j a d ]_w
[_w p ɤ r v i j a ]_w
[_w o s o b e n ]_w
[_w s ɤ b r a n a ]_w
[_w b u ɡ a ]_w
[_w p a z a r dʒ i k ]_w
[_w z ɤ z t o i ]_w
[_w n t s v ]_w
[_w d o r t a n ]_w
[_w p o s ɫ e d v a ]_w
[_w tʃ e z d i ]_w
[_w t i s a j n ]_w
[_w n i t o ]_w
[_w s t r a ]_w
[_w p r o tʃ e t o x ]_w
[_w m o ɡ ɫ i ]_w
[_w r a j n a t a ]_w
[_w z a ɫ a ]_w
[_w ɫ j u p o v t a ]_w
[_w f a s ]_w
[_w p r i s ɤ m ]_w
[_w ɫ j u p i m ]_w
[_w s ɤ o b ʃ tʃ e ]_w
[_w t o s ]_w
[_w d v a m ]_w
[_w s e r i o t ]_w
[_w tʃ u ʒ t a t a ]_w
[_w r a s m e r i ]_w
[_w i z d o r iː ]_w
[_w s ɤ z d a v a ]_w
[_w k o ɫ e v ]_w
[_w r e ɡ a t a ]_w
[_w i n d e r e z ]_w
[_w d ɤ r k o v e ]_w
[_w r e ʃ i ]_w
[_w o z i ɡ u r n o ]_w
[_w k u t i j a ]_w
[_w ɫ i p s v a ]_w
[_w m o s ɤ k a ]_w
[_w p r e x o t ]_w
[_w x r a m a ]_w
[_w k r ɤ v ]_w
[_w n j a m a ʃ e ]_w
[_w s i k u r n a ]_w
[_w t ɤ r ʃ a v n a ]_w
[_w m a z a ]_w
[_w k o s t o ]_w
[_w v t o r o ]_w
[_w u b o r i ]_w
[_w d o p r e ]_w
[_w s m e ʒ d u ]_w
[_w f ɫ a z d ]_w
[_w n i z k i ]_w
[_w i z v ɤ n ]_w
[_w ʒ i ɫ i ʃ tʃ a ]_w
[_w ʃ tʃ e ]_w
[_w p o ɡ r a m a ]_w
[_w ts j a ɫ ]_w
[_w r a z b e k t i ]_w
[_w i z b e r e m ]_w
[_w d e x n i ]_w
[_w r e ts e n k i ]_w
[_w s t a t e m ]_w
[_w tʃ i z ɫ o ]_w
[_w p o r a n o ]_w
[_w tʃ a k a ]_w
[_w s v e t a ]_w
[_w p ɤ r v i ]_w
[_w u tʃ i ɫ ]_w
[_w u t a r i k ]_w
[_w p i ɫ i ]_w
[_w r u s k i ]_w
[_w i n t e r n e d ]_w
[_w r e ʃ i m ]_w
[_w ts e ɫ i j a ]_w
[_w tʃ e d e d o ]_w
[_w p i x ]_w
[_w d n e s ]_w
[_w s e k t o r ]_w
[_w s ɤ d ]_w
[_w ɡ a m ɤ n i ]_w
[_w v i d j a d ]_w
[_w s i ɫ n o ]_w
[_w ɡ i n o ]_w
[_w n o f i n ]_w
[_w u z m i v k a ]_w
[_w o s n o v n a ]_w
[_w p ɤ ɫ k a ]_w
[_w o k a z v a ]_w
[_w v u n k ts iː ]_w
[_w ɡ u t i j a ]_w
[_w k o r i ]_w
[_w tʃ e r v e n a ]_w
[_w t u m a ]_w
[_w p a s a r n a ]_w
[_w n i ɡ a ]_w
[_w o z o b e n o ]_w
[_w b o ɫ u tʃ i ɫ i ]_w
[_w n i e ]_w
[_w n o r m a ɫ n i ]_w
[_w d o m ]_w
[_w v ɤ n ʃ n i t e ]_w
[_w p ɫ o v t i v ]_w
[_w s v o b o t a ]_w
[_w ts v e d o ]_w
[_w p o t o k ]_w
[_w i m e ]_w
[_w p o e m e ]_w
[_w n u ʒ d a e ]_w
[_w s a d o v a ]_w
[_w n j a ɡ a ʒ ]_w
[_w z d a i ]_w
[_w p i e ]_w
[_w p o tʃ t i ]_w
[_w ɫ i ts a ]_w
[_w n j a k a ]_w
[_w p o s k o r o ]_w
[_w j a z n i ]_w
[_w p r i n o s ]_w
[_w k o n t r o ɫ ]_w
[_w d u ʒ a t a ]_w
[_w d r a k i j a ]_w
[_w t r u ɡ a ]_w
[_w p ɤ r v a t ]_w
[_w m e t iː ]_w
[_w r a j o n ]_w
[_w v u n k ts i j a ]_w
[_w o d k r i x ]_w
[_w p u s n a t i ]_w
[_w s t r e s ]_w
[_w s m e d k a ]_w
[_w u r o ts i ]_w
[_w r a z t ]_w
[_w b e r ɫ i n ]_w
[_w z a k o n ɤ t ]_w
[_w ʒ e n i e ]_w
[_w v o d a ]_w
[_w m i z ɫ j a t ]_w
[_w n j a m a t ]_w
[_w k n i k i ]_w
[_w v ɤ r v i ]_w
[_w x o r a t a ]_w
[_w d v o j a ]_w
[_w s a k o n ɤ d ]_w
[_w s ɫ e t j a ]_w
[_w ts v j a d ]_w
[_w ɡ v a r d a ]_w
[_w p o r i ]_w
[_w m e d iː ]_w
[_w n a tʃ i ]_w
[_w p o j a v i ]_w
[_w z r e d a ]_w
[_w v r ɤ z k i d e ]_w
[_w e v e ɡ d ]_w
[_w p o s ɫ e t ]_w
[_w n a m e r j a ]_w
[_w t e ts a t a ]_w
[_w n j a k o e ]_w
[_w k o s p o t a ]_w
[_w r o t e n ]_w
[_w d u r i z ɤ m ]_w
[_w s t i ɡ a ]_w
[_w r a t v a m ]_w
[_w b r o tʃ e t i ]_w
[_w tʃ o n ]_w
[_w s a k o n ]_w
[_w v r a n ts i j a ]_w
[_w v a k t ]_w
[_w k a z v a ]_w
[_w m ɤ ʃ ɤ t ]_w
[_w s r o ɡ a ]_w
[_w d o ɡ o ɫ ɡ o ]_w
[_w n a ɫ i ]_w
[_w p u z n a t ]_w
[_w r a s ɫ i tʃ e n ]_w
[_w s ɫ u ʒ i ]_w
[_w ɡ r a j n o ]_w
[_w m a ʃ i n a ]_w
[_w tʃ e r n i j a ]_w
[_w z d a d e ]_w
[_w s r o k a ]_w
[_w s ɤ t ɤ r ʃ a t ]_w
[_w j a z e n ]_w
[_w m i n a ɫ i tʃ i ]_w
[_w v i r m a t a ]_w
[_w t e j n o s t ]_w
[_w t v o j a t a ]_w
[_w n i k o ɫ o ]_w
[_w o t n o v o ]_w
[_w k ɤ m ]_w
[_w ɡ n i ʒ k a ]_w
[_w p u p ɫ i k a ]_w
[_w i z d a d e ]_w
[_w p j a x m e ]_w
[_w s v e r a ]_w
[_w z i n o v e t e ]_w
[_w p ɫ i s o s t ]_w
[_w m o n d ]_w
[_w m e s t n i ]_w
[_w i t e j a ]_w
[_w b e d j a ]_w
[_w j a z n i n i ]_w
[_w t a k ɤ v ]_w
[_w b r i j a ]_w
[_w z ɤ r b i j a ]_w
[_w z u m i ]_w
[_w m e s t n o ]_w
[_w o p i t a ]_w
[_w p r o tʃ e t i ]_w
[_w tʃ a z ]_w
[_w o ɡ ɫ e t a ]_w
[_w o b ʃ tʃ o ]_w
[_w p a r d iː ]_w
[_w m a ɫ k i ]_w
[_w x r a n e n e ]_w
[_w s a v ɤ r ʃ v a ]_w
[_w e d i n a ]_w
[_w v ɤ z n i k a ]_w
[_w t e s t a ]_w
[_w tʃ e z t o ]_w
[_w s p i z a ɫ ]_w
[_w t n e ʃ n a d a ]_w
[_w r e k ɫ e t ]_w
[_w a v t o r z k a ]_w
[_w f i n o v ]_w
[_w p r o t u ɡ d ]_w
[_w ʒ e r d v i t e ]_w
[_w a t a ɡ a ]_w
[_w p o t o ɫ u ]_w
[_w tʃ a s t ]_w
[_w d e n ]_w
[_w p a t n e ]_w
[_w p ɫ a n i e ]_w
[_w s o b o t a ]_w
[_w d n e f e n ]_w
[_w s a b o tʃ n a ]_w
[_w tʃ a s t v a ]_w
[_w ɫ i n iː ]_w
[_w p a n j a t a ]_w
[_w ɡ a ɡ ]_w
[_w s t a v j a ]_w
[_w o t p o r a ]_w
[_w s e d e m ]_w
[_w t e ɫ a ]_w
[_w d e ʃ k i ]_w
[_w n a s a t a ]_w
[_w tʃ a ɫ k a ]_w
[_w t u m a t a ]_w
[_w s ɤ r ts e ]_w
[_w t o ɡ a t o ]_w
[_w p e r s o n a ]_w
[_w s a m o d o ]_w
[_w tʃ a z t v a d ]_w
[_w p a t n a ]_w
[_w s ɫ e t n i t e ]_w
[_w s a z e k a ]_w
[_w v o r u m ]_w
[_w b ɤ r v o ]_w
[_w s ɤ r ts a ]_w
[_w ɡ ɫ o p a ]_w
[_w v o e nː i t e ]_w
[_w p e r ɫ i n ]_w
[_w x ɫ j a b ]_w
[_w x ɫ j a p a ]_w
[_w z ɫ u tʃ a i t e ]_w
[_w n j a m ]_w
[_w u s p e x i ]_w
[_w v a s ]_w
[_w t a n ts i j a ]_w
[_w m a r i ts a ]_w
[_w o t p r e d ]_w
[_w p r o d a ]_w
[_w p i ʃ a d ]_w
[_w f o n d o n ]_w
[_w s t a r a t a ]_w
[_w ɡ r a t o r ]_w
[_w b o ɫ e z n o ]_w
[_w s p o d ]_w
[_w p o d a ]_w
[_w t a ɡ i v a ]_w
[_w ts e ɫ t a ]_w
[_w m i z ɫ i ]_w
[_w n a m e ]_w
[_w n j a m a ɫ i ]_w
[_w d v o e t o ]_w
[_w i k r a d a ]_w
[_w ʃ tʃ j a x a ]_w
[_w t v o j a ]_w
[_w k a t o ]_w
[_w k ɫ i e n d i ]_w
[_w p r i tʃ ]_w
[_w t r e b n i ]_w
[_w d r u ɡ i j a ]_w
[_w k o r e m a ]_w
[_w k a n a ]_w
[_w t o s i ]_w
[_w s i m a t e ]_w
[_w n a r o t n o ]_w
[_w a d a n a ɫ ]_w
[_w o ɡ r o m n a ]_w
[_w m a ɫ ɡ i t e ]_w
[_w b o ɫ e s n a ]_w
[_w o ɡ d o r ]_w
[_w p o ɫ i ts a d a ]_w
[_w t r e d i ]_w
[_w z d e n a t a ]_w
[_w i s k a ɫ a t a ]_w
[_w d ɤ r s j a ]_w
[_w m o ɡ ɤ ɫ ]_w
[_w d a k ɤ v ]_w
[_w f i n a ɡ i ]_w
[_w j a s n o ]_w
[_w d r e x i ]_w
[_w k ɫ e t a ]_w
[_w r a z ɫ i tʃ n i ]_w
[_w b o b o v ]_w
[_w p r o j a v i ]_w
[_w ʃ tʃ o ]_w
[_w u s ɫ u ɡ i ]_w
[_w m a ɫ k a ]_w
[_w b i ɫ ]_w
[_w n a r ]_w
[_w b o e t ]_w
[_w s t a r i ]_w
[_w n a p o m n j a ]_w
[_w v a ɫ i ]_w
[_w p r i ]_w
[_w d a j n a ]_w
[_w n a d ]_w
[_w v i z o ɡ a ]_w
[_w d o n a ]_w
[_w s ɤ p o t a t a ]_w
[_w v e tʃ e t o ]_w
[_w m a t e r i a ɫ ]_w
[_w o t k a z a ]_w
[_w m o b i ɫ e t ]_w
[_w k o t i ʃ n a ]_w
[_w m a k a t a ]_w
[_w s t o k i ]_w
[_w ɫ e v ]_w
[_w t ɤ ɫ k ]_w
[_w ɡ o v o d o ]_w
[_w r a p o t j a d ]_w
[_w z t r a v i m ]_w
[_w k o e ]_w
[_w t o d o ]_w
[_w n j a m a ]_w
[_w v r ɤ z ɡ i t e ]_w
[_w m i n a ɫ a t a ]_w
[_w d r ɤ k n e ]_w
[_w ʒ e ɫ a n i e ]_w
[_w t a ɫ a n t ]_w
[_w p r a v j a ]_w
[_w d ɤ r ʒ i ]_w
[_w k ɫ a v n a ]_w
[_w t o p r e ]_w
[_w z n i m k i ]_w
[_w ɫ ɤ tʃ i ]_w
[_w z ts e n a t a ]_w
[_w p e d ɤ k ]_w
[_w p ɤ d e ʃ tʃ i ]_w
[_w o t ɫ i tʃ n i ]_w
[_w b o v o t o ]_w
[_w ɫ ɤ ʃ a ]_w
[_w n a tʃ i n i ]_w
[_w e t i k e t i ]_w
[_w e m i z i j a ]_w
[_w p o ɡ a n ]_w
[_w n o v i ]_w
[_w d e k e m v r i ]_w
[_w z n a tʃ i n a ]_w
[_w s ɫ a b o ]_w
[_w u tʃ e n i t e ]_w
[_w d ɫ ɤ ʃ n i ]_w
[_w o m r a z a ]_w
[_w ɫ i tʃ n i ]_w
[_w d o ɡ a n i d e ]_w
[_w r o m a n a ]_w
[_w d v ɤ r t o ]_w
[_w ɡ o r i v o ]_w
[_w p ɤ d e d e ]_w
[_w v a ʃ e n ]_w
[_w d e ɫ e v o n i ]_w
[_w s i n j a t ]_w
[_w o ts e n t ɤ r a ]_w
[_w t a ɫ e tʃ e ]_w
[_w m o p i ɫ n i ]_w
[_w n a u k i ]_w
[_w f i e ]_w
[_w u s ɫ o v o ]_w
[_w r a z b e r e m ]_w
[_w i m a x ]_w
[_w t a ʒ e ]_w
[_w v s i m a ]_w
[_w d ɤ r ʒ a ]_w
[_w p o d o p e t ]_w
[_w a d r e s ]_w
[_w d r j a b v a ]_w
[_w ɡ r a t a ]_w
[_w v ɤ s m o ʃ n o ]_w
[_w o tʃ a k v a m e ]_w
[_w k r j a x ]_w
[_w m o s ɡ v a ]_w
[_w d a nː i ]_w
[_w o ɡ ɤ n ]_w
[_w s i m v o ɫ ]_w
[_w k o ɡ o ]_w
[_w v ɫ a z d ]_w
[_w p r a v i t e ]_w
[_w s n a e m ]_w
[_w i ɫ i ]_w
[_w m n e n i j a ]_w
[_w s i m a d ]_w
[_w e t v a ]_w
[_w d o ʃ ɫ i ]_w
[_w ɫ e s n i ]_w
[_w p a r i tʃ a t ]_w
[_w k o ʃ a t a ]_w
[_w d o z ]_w
[_w n j a k o ]_w
[_w u tʃ a s t i e ]_w
[_w k o k o ]_w
[_w m o ʒ e d e ]_w
[_w a k t i d e ]_w
[_w v i e ]_w
[_w n j a k o j a d ]_w
[_w d ɤ r s j a t ]_w
[_w i s t i n s k a ]_w
[_w b r e f o r m i ]_w
[_w s t u d e n ]_w
[_w t o ʃ ɤ ɫ ]_w
[_w n i k o ɫ a ]_w
[_w m e s e ts ]_w
[_w p o ɡ r a m i ]_w
[_w ʃ e ɫ a e ]_w
[_w p a ɫ a n t ]_w
[_w m a ʒ i n a ]_w
[_w ɫ o ʒ a ]_w
[_w n o ʃ ]_w
[_w v o d e ʃ tʃ e ]_w
[_w d e k s t o v a ]_w
[_w n a r e t ]_w
[_w ts ɤ r ɡ v a ]_w
[_w p r o ts e n k i ]_w
[_w n o v i n i t e ]_w
[_w o t p r e t i ]_w
[_w m i s i j a ]_w
[_w ɡ o ɫ e ɫ o ]_w
[_w ɡ r i ʃ i ]_w
[_w r a b o t a t e ]_w
[_w ʃ tʃ e d i ]_w
[_w b ɤ r v i ]_w
[_w s t a r o ]_w
[_w ɡ r i e ]_w
[_w p o ɫ s v a n e ]_w
[_w o b r ɤ ʃ tʃ a ]_w
[_w u dʒ a d ]_w
[_w a k t ]_w
[_w d ɤ ɫ k o ]_w
[_w r e f o d i ]_w
[_w n a ʒ ]_w
[_w n a k o r a t i ]_w
[_w k a n a r dʒ e ]_w
[_w k o n ts e r t ]_w
[_w f i n o ]_w
[_w dʒ e r n o ]_w
[_w v ɤ n ʃ e n ]_w
[_w r e ʃ i x ]_w
[_w ʒ i v e j a d a ]_w
[_w s ɫ a t o ]_w
[_w n i ɡ o k a ]_w
[_w v i t i e ]_w
[_w v ɤ z n i ɡ v a ]_w
[_w p i v a t ]_w
[_w ɫ e ɡ ɫ o ]_w
[_w a ɡ e n ts i j a ]_w
[_w b o ɡ o ɫ ]_w
[_w b u b ɫ i k a ]_w
[_w k r a k a t ]_w
[_w tʃ a s o v e ]_w
[_w m a r ɡ a ]_w
[_w z d o ]_w
[_w m e s t n i ɡ ]_w
[_w b e tʃ a t ]_w
[_w ʃ tʃ o t o ]_w
[_w p o d o b r o ]_w
[_w s e s o n a ]_w
[_w s v ɤ r s v a ]_w
[_w t ɤ ʃ tʃ e r j a ]_w
[_w i k r i ]_w
[_w s ɫ i v e n ]_w
[_w ɡ ɫ e d a n ]_w
[_w b o ɫ e ]_w
[_w e n j o v t e n ]_w
[_w e ɫ e n i e ]_w
[_w p i ʃ a ]_w
[_w v i s o k i ]_w
[_w z n a e m ]_w
[_w f i t i m ]_w
[_w m a r i n ]_w
[_w d i b ]_w
[_w e ɫ e m e n d ]_w
[_w d a t e ]_w
[_w p e t ɤ k ]_w
[_w a t a k a v a ]_w
[_w t a ɫ a ]_w
[_w k ɫ a s i e ]_w
[_w b ɫ a n i e ]_w
[_w k o j ]_w
[_w d e ts a t a ]_w
[_w v e s t n i ]_w
[_w z i m e o n ]_w
[_w d o s ]_w
[_w b o s i ts i j a ]_w
[_w ɡ o r a p i ]_w
[_w s a p a t n e ]_w
[_w b r i ɫ ]_w
[_w ɡ a z v a ]_w
[_w n i k o ɡ a ]_w
[_w ʃ e r d v i t e ]_w
[_w s ɤ s t a v a d ]_w
[_w m o ɡ ɫ o ]_w
[_w r e f o r m i ]_w
[_w ɡ a n a ɫ a k a ]_w
[_w d r u ɡ a d e ]_w
[_w o v i z a ]_w
[_w d a n ɤ tʃ n o ]_w
[_w d ɤ ʒ d a ]_w
[_w k r a z i m i r ]_w
[_w r a z v i v a ]_w
[_w s a j a v i ]_w
[_w ɡ o j ]_w
[_w p ɤ d a t ]_w
[_w p e b e t o ]_w
[_w s i z d e m a ]_w
[_w o d i d e ]_w
[_w s a p a d n e ]_w
[_w a k t i ɡ a ]_w
[_w m i ɫ e n ]_w
[_w s v o j a ]_w
[_w ts e n i d e ]_w
[_w m ɫ a d i ]_w
[_w i s k a ]_w
[_w o b i tʃ a m e ]_w
[_w b o r b a t a ]_w
[_w s t a n ts i ]_w
[_w ʃ e n i t e ]_w
[_w i s t a ]_w
[_w ts e n t a ]_w
[_w ɡ o n t a ɡ d o ]_w
[_w s k i ]_w
[_w p o t r o b n o ]_w
[_w s e m i ]_w
[_w n o r m a ɫ n o ]_w
[_w tʃ u x ]_w
[_w n j a k o j ]_w
[_w k m e t a ]_w
[_w z r e ʃ tʃ o ]_w
[_w t a d e ɫ i t e ]_w
[_w v i n a k i ]_w
[_w m ɤ ʃ k i ]_w
[_w p i r t o b ]_w
[_w v e v ]_w
[_w e t i n ]_w
[_w ɡ ɫ a z a ]_w
[_w s a ɫ a d a ]_w
[_w t r u t n o ]_w
[_w t ɤ r ʃ i ]_w
[_w tʃ e s ]_w
[_w k o r d o ]_w
[_w p o t o b r e ]_w
[_w ɫ i k a ]_w
[_w v x o d a ]_w
[_w ɡ ɫ a s u v a j ]_w
[_w t r o j a ]_w
[_w p i t k a ]_w
[_w m e d i ]_w
[_w m e s t a ]_w
[_w p r o t o ]_w
[_w u t a r i j a ]_w
[_w r e k a t a ]_w
[_w o z v e n ]_w
[_w s n a ts i ]_w
[_w p e t ɤ r ]_w
[_w t e d e ]_w
[_w v n e s a p n o ]_w
[_w t u ʒ a d ]_w
[_w o s n o ]_w
[_w i t e i ]_w
[_w k r a ɡ a ]_w
[_w b e s ]_w
[_w k r a ɡ ]_w
[_w a v t o r a d a ]_w
[_w r j a z k o r o ]_w
[_w s i n o v e ]_w
[_w k r a ɫ ]_w
[_w z u d r i n d a ]_w
[_w d o b ]_w
[_w s t i ɡ n a ]_w
[_w p o ɫ e t a ʃ ]_w
[_w s a m i j a ]_w
[_w t o f a ]_w
[_w u s b j a x ]_w
[_w z d o j a n ]_w
[_w tʃ r e z ]_w
[_w k r ɤ v t a ]_w
[_w r ɤ z d i ]_w
[_w b r o tʃ e d i ]_w
[_w x u b a f ]_w
[_w o ɡ o ɫ o ]_w
[_w s j a k a k ɤ v ]_w
[_w r e a ɫ n o ]_w
[_w p o ɫ u tʃ i t e ]_w
[_w s ɫ e t n a ]_w
[_w d r u k i j a ]_w
[_w t r u ɡ i j a ]_w
[_w d r e d a ]_w
[_w p r i m e r a ]_w
[_w s p o r ]_w
[_w t e k s ]_w
[_w ɡ r a j a ]_w
[_w s r e t n o t o ]_w
[_w i m a ]_w
[_w k ɤ m s a ]_w
[_w s t r a nː o ]_w
[_w t a j n a ]_w
[_w s v o e t o ]_w
[_w p s p ]_w
[_w n a tʃ i n ]_w
[_w k e j ]_w
[_w v e s e ɫ o t o ]_w
[_w p o j a f i ]_w
[_w v o r m a ɫ n o ]_w
[_w o b i tʃ a ]_w
[_w b o s ɫ e ]_w
[_w n a r e d ]_w
[_w i z k a t a ]_w
[_w x o t j a d ]_w
[_w ɫ o ʃ ]_w
[_w s ɫ ɤ n tʃ e v ]_w
[_w s v o b o d a ]_w
[_w p o ɫ e ]_w
[_w r a z k a ʃ ]_w
[_w d e j n o s t ]_w
[_w i s x o t ]_w
[_w p r a d i ]_w
[_w b e t ɤ k ]_w
[_w p r e k a ]_w
[_w o t d a v n a ]_w
[_w t a k ɤ v d o ]_w
[_w d r u t n o ]_w
[_w p r e tʃ a d ]_w
[_w z b i r a t ]_w
[_w s t r a x a ]_w
[_w s i ɡ u r n o ]_w
[_w n a s o f ]_w
[_w s ɤ m n e n i e ]_w
[_w z b i z a x ]_w
[_w r a z ɫ i tʃ n o ]_w
[_w j u r u k o ]_w
[_w k a z a ]_w
[_w s ɤ p i t i j a ]_w
[_w p o z ɫ e ]_w
[_w ɫ e s n a ]_w
[_w n o r m i ]_w
[_w p o r t ]_w
[_w x a r a k t i ]_w
[_w v o d n o ]_w
[_w k o r t o ]_w
[_w s ɫ ɤ n ts e t o ]_w
[_w s ɫ e d ]_w
[_w v i n a n s o f ]_w
[_w o t k r i e ]_w
[_w m r e ʃ a ]_w
[_w p o b i t v a t ]_w
[_w s k r a d i n a ]_w
[_w i s x o d ]_w
[_w u s e ʃ tʃ a n e ]_w
[_w k r ɤ ɡ ]_w
[_w tʃ u v a m ]_w
[_w b o ʒ e ]_w
[_w ɡ ɫ a v a ]_w
[_w v ɤ r x u ]_w
[_w n a ʃ i t o v e ]_w
[_w d a t e n i ]_w
[_w n a u k a ]_w
[_w t a m i ]_w
[_w r u s k a ]_w
[_w ʒ e n i j a ]_w
[_w r a t v a ]_w
[_w s t e v a n ]_w
[_w ʒ e r t v i ]_w
[_w ɫ i p i j a d ]_w
[_w s n a tʃ a v a ]_w
[_w a k t j o r ]_w
[_w k o r i d o ]_w
[_w o d i t o x ]_w
[_w n a u tʃ i x a ]_w
[_w s a r a t i o ]_w
[_w z r e t n o t o ]_w
[_w o x r i t s k i ]_w
[_w z e k t o r ]_w
[_w p ɫ i z k i t e ]_w
[_w f i n a ]_w
[_w p r i tʃ i n a ]_w
[_w s t a r a ]_w
[_w n e j n o s t ]_w
[_w n u ʒ n o ]_w
[_w d o b r o ]_w
[_w i s t o r iː ]_w
[_w k a r t i r a j ]_w
[_w m o b i ɫ e n ]_w
[_w n a r e tʃ e n ]_w
[_w m i n i z d ɤ r ]_w
[_w n e ʃ tʃ a ]_w
[_w b ɤ d i ]_w
[_w m o ʒ e m ]_w
[_w v a ʒ e n ]_w
[_w ɡ r u b a d a ]_w
[_w m a r t i n a ]_w
[_w d j a t o ]_w
[_w s t a n d a r ]_w
[_w z ɤ z n a n i e ]_w
[_w p r o ts e s i ]_w
[_w v o e nː i d e ]_w
[_w s t e f a n ]_w
[_w v m e s t o ]_w
[_w p r a v i ʃ ]_w
[_w i z v a t i ]_w
[_w i s u s ]_w
[_w i z i z k v a ]_w
[_w s t o j a d a ]_w
[_w d o z d o ]_w
[_w s n a tʃ e ]_w
[_w s ɫ ɤ n ts e ]_w
[_w m o r e ]_w
[_w ɡ a r d i n ]_w
[_w d o b r e ]_w
[_w e z e n ]_w
[_w s ɤ v e d a ]_w
[_w o t tʃ i t a t ]_w
[_w p r j a k ]_w
[_w r e d o ]_w
[_w r a s k a z ]_w
[_w b r o t u k t i ]_w
[_w p e ʃ e ]_w
[_w p r a v ]_w
[_w o b i d a ]_w
[_w b r i e t e ]_w
[_w o p ɫ a s t ]_w
[_w r a z v i v a t ]_w
[_w s t a n ts i j a ]_w
[_w p o ɫ e s n o ]_w
[_w i s o b ʃ tʃ a t ]_w
[_w p ɫ o ɡ ]_w
[_w ɡ a k ɤ v ]_w
[_w p t v ]_w
[_w v i d i m ]_w
[_w m a ɫ ɡ a ]_w
[_w ɫ i tʃ i e ]_w
[_w t e ɫ e f o n i ]_w
[_w v ɤ s m o ʒ n a ]_w
[_w d r ɤ ɡ n e ]_w
[_w o tʃ a ɡ v a ]_w
[_w p e d k o v o r ]_w
[_w t e t s k i ]_w
[_w d e z e d k i ]_w
[_w p o z o tʃ v a t ]_w
[_w k e r o j ]_w
[_w o z n o v n i ]_w
[_w s i n a ]_w
[_w d e ts a d a ]_w
[_w v ɫ a k ]_w
[_w o k a ʒ e ]_w
[_w p o ɫ s v a ]_w
[_w o s n o v n i ]_w
[_w d o r t a n o v ]_w
[_w m a r d ]_w
[_w ɡ r ɤ v t a ]_w
[_w ɡ o n k u r s ]_w
[_w n u ʃ n o ]_w
[_w o p ɤ r n e ]_w
[_w u s m i v k i ]_w
[_w s p i r a ]_w
[_w s t r a z n i ]_w
[_w p r e m i ]_w
[_w a n t r e j ]_w
[_w ɡ r ɤ s t ]_w
[_w k a ɡ v a t a ]_w
[_w ɫ i x v i ]_w
[_w s a k o n i ]_w
[_w s ɤ z n a n i e ]_w
[_w s t o i ]_w
[_w d v a m a ]_w
[_w o k r o m n a ]_w
[_w p r i ɫ i tʃ a ]_w
[_w i z b r a ɫ i ]_w
[_w o b a z n i ]_w
[_w p r i n ts i p ]_w
[_w n a t b i s i ]_w
[_w k a p i n e t a ]_w
[_w p r e t ɫ a k a ]_w
[_w k o v o ]_w
[_w s ɫ e t n o t o ]_w
[_w x a o s ]_w
[_w n e t a ]_w
[_w o b ʃ tʃ o t o ]_w
[_w p r ɤ z t ]_w
[_w t r u ɡ ]_w
[_w s e k s ]_w
[_w s t r a v a t ]_w
[_w d ɤ r k o v ts i ]_w
[_w k ɫ a t a ]_w
[_w p o t o b e n o ]_w
[_w t v a ]_w
[_w s t e ɫ k i ]_w
[_w o s t a n a ɫ i ]_w
[_w p o s n a v a ]_w
[_w s ɤ v e d ]_w
[_w v ɤ r n e ]_w
[_w z a p i s ]_w
[_w n a ɫ a t a ]_w
[_w i z p o r n i k ]_w
[_w k o j t o ]_w
[_w i s ts j a ɫ o ]_w
[_w ʃ e n a ]_w
[_w f a k t o v e ]_w
[_w s a ɡ u p a ]_w
[_w o t k r i e d i ]_w
[_w d j a x ]_w
[_w k o k a ]_w
[_w t e ts a d a ]_w
[_w v i s o k ]_w
[_w t b s ]_w
[_w p o v i z o ɡ a ]_w
[_w tʃ e r n a ]_w
[_w i n d e r v j u ]_w
[_w s i ɡ n a ɫ ]_w
[_w d a n ɤ ts i ]_w
[_w ts e n t ɤ r ]_w
[_w p ɤ r s o ]_w
[_w p r a x ]_w
[_w z d o ɫ i tʃ n a ]_w
[_w s u m i ]_w
[_w d a k i v a ]_w
[_w b ɤ r v o t o ]_w
[_w p r e v o d i ]_w
[_w v r ɤ z k i t e ]_w
[_w s a k u b i ]_w
[_w n a r a z t e ɫ ]_w
[_w k a s v a t ]_w
[_w a v t o r a t a ]_w
[_w d e ɫ o t o ]_w
[_w s ɫ o v i j a ]_w
[_w p i s a t a ]_w
[_w k o r i t o ]_w
[_w i s ɫ e x ]_w
[_w z d s ]_w
[_w t r u k a ]_w
[_w s t r a nː i ]_w
[_w b r i r o d a ]_w
[_w k o ɫ a t a ]_w
[_w z a j t ]_w
[_w m a ɡ a t ]_w
[_w d ɤ r s i t e ]_w
[_w r o m a t ]_w
[_w s ɤ j u s a ]_w
[_w v m e s t o v e ]_w
[_w b r a v k a ]_w
[_w p u d i ]_w
[_w ɫ o ʒ i ]_w
[_w v d i k n e ]_w
[_w k a z a x ]_w
[_w t ɤ ɫ ɤ k ]_w
[_w t a d a ]_w
[_w o b r a s n i ]_w
[_w n j a k o ɡ o ]_w
[_w o b i z a n e ]_w
[_w p e d s t v o ]_w
[_w d a ɫ e tʃ ]_w
[_w t o t o ]_w
[_w p o r b a t a ]_w
[_w o b ʃ tʃ ]_w
[_w u s t n i ]_w
[_w v a s i ɫ ]_w
[_w v s i tʃ k o ]_w
[_w n a p i s a x ]_w
[_w k r a d u s a ]_w
[_w p e t r o v ]_w
[_w s a k ɫ a v e n ]_w
[_w t n e z ]_w
[_w f i r m i ]_w
[_w u s ɫ u ɡ a ]_w
[_w m e ɡ o ]_w
[_w o t ɡ r i t i ]_w
[_w a m e r j a ]_w
[_w d r u t a ]_w
[_w ʃ e v a ]_w
[_w r e a ɫ n i ]_w
[_w o b a s n o ]_w
[_w j a t e ɫ i ]_w
[_w k ɫ a z ]_w
[_w ɡ r i t i ]_w
[_w s m j a t a t ]_w
[_w j a k o ɫ k o ]_w
[_w n a t o ɫ u ]_w
[_w d e d s k i ]_w
[_w p o d o b n a ]_w
[_w m e ʒ d u ]_w
[_w r e ʃ e ]_w
[_w i s k r e n o ]_w
[_w i n a tʃ e n i e ]_w
[_w o t k o v ]_w
[_w n i k o ɡ a t ]_w
[_w z r e ʃ tʃ a ]_w
[_w f o r u m a ]_w
[_w s n a e x ]_w
[_w v i t i ]_w
[_w v ɤ n ʃ n a ]_w
[_w ɡ r o b a ]_w
[_w p o z n a ]_w
[_w p o m a ɡ a t ]_w
[_w u z e d i ]_w
[_w tʃ e t e t e d e ]_w
[_w m ɫ r t ]_w
[_w p ɤ r v o ]_w
[_w v ɤ v ]_w
[_w u b i j s t v a ]_w
[_w t v ɤ r t o ]_w
[_w p r o s ]_w
[_w s p o m e n t ]_w
[_w tʃ a s ɤ t ]_w
[_w n a j t o p r i ]_w
[_w t r u ɡ a t a ]_w
[_w p e tʃ a d ]_w
[_w p i s a n o ]_w
[_w v j a r a t ]_w
[_w n e j n i j a ]_w
[_w n a m e r i m ]_w
[_w k ɫ e t a m ]_w
[_w p o ɡ a s v a ]_w
[_w p ɫ a n ]_w
[_w k r a t k i ]_w
[_w r a p o d i ]_w
[_w a s p e r t ]_w
[_w b ɫ a ʃ tʃ a t ]_w
[_w p i ʒ a ]_w
[_w o ɡ r o m n o ]_w
[_w i k r a t ɤ t ]_w
[_w t o k ɫ a d ]_w
[_w r u s i j a ]_w
[_w p o v e tʃ e ]_w
[_w m o b i ɫ n i ]_w
[_w p o ɫ i ]_w
[_w k r a d i ]_w
[_w i s r a i ɫ ]_w
[_w m i n a ɫ i ]_w
[_w p i v ʃ i j a ]_w
[_w f e t n a k v i ]_w
[_w r a z b i r a d ]_w
[_w i m a ɫ a ]_w
[_w b r i e m a t ]_w
[_w k a k ]_w
[_w s e s t r i ]_w
[_w r a m o ]_w
[_w p e d n i ]_w
[_w s n i m k a t a ]_w
[_w ɫ i t e r a ]_w
[_w o p i z a ɫ ]_w
[_w b ɤ ɫ n a ]_w
[_w p o k a t a ]_w
[_w v ɫ a s tː a ]_w
[_w ɡ ɤ z m e t k i ]_w
[_w a ɫ ɡ o ]_w
[_w a v t o r i ]_w
[_w n e d a ]_w
[_w t o n a ]_w
[_w t o e s t ]_w
[_w i s k a ɫ i n ]_w
[_w x o t e ɫ j a ]_w
[_w ɡ r j a x ]_w
[_w m n o k o ]_w
[_w s t i ɫ ]_w
[_w j a m p o ɫ ]_w
[_w v ɤ r n a t ]_w
[_w d o ɡ u m e n ]_w
[_w v a s o v ]_w
[_w o s e m ]_w
[_w n a r o d n i ]_w
[_w u ɫ i ts a t a ]_w
[_w p r i e d i ]_w
[_w x i ɫ j a t ]_w
[_w j a k o e ]_w
[_w s v ɤ r ʃ i ]_w
[_w tʃ a s ]_w
[_w m a ɫ k o ]_w
[_w v e r i e ]_w
[_w f t o r i j a t ]_w
[_w r e s u ɫ t a d ]_w
[_w n e k o v o r a ]_w
[_w o s t a v i ]_w
[_w ɡ r e ʒ k i ]_w
[_w k a t a ]_w
[_w m ɫ j a k o ]_w
[_w z v o b o t ]_w
[_w i n d e r e s i ]_w
[_w ɫ e v s k i ]_w
[_w p o ɫ e s e ]_w
[_w ʒ i t e ɫ i ]_w
[_w m a ɫ ɡ i j a ]_w
[_w p o k a ʃ a t ]_w
[_w d e o r i j a ]_w
[_w u tʃ e n i e ]_w
[_w u b i t ]_w
[_w i s k a ʒ a d a ]_w
[_w d ɤ j ]_w
[_w o t v ɤ r d e ]_w
[_w o b j a z n i ]_w
[_w t e s e d ]_w
[_w u s ɫ u ɡ i d e ]_w
[_w ɡ o v o r i m ]_w
[_w k o r e ]_w
[_w o d k a ]_w
[_w s o tʃ i n a ]_w
[_w ts i t a t ]_w
[_w p u ɡ v i ]_w
[_w s i m e o n ]_w
[_w m a ɡ a ]_w
[_w m o k ɫ o ]_w
[_w d e n a ]_w
[_w s ɤ b o d a r ]_w
[_w p o z ɫ e t ]_w
[_w ɫ e k e n t a ]_w
[_w r a t o v a ]_w
[_w z o p s t v o ]_w
[_w s n a j a d ]_w
[_w v e tʃ n o ]_w
[_w k r a t a ]_w
[_w v i n a ɫ i ]_w
[_w k u b j a ]_w
[_w ɫ i b s v a t i ]_w
[_w p o ʃ a r ]_w
[_w v e n t ɤ r a ]_w
[_w e d n i t e ]_w
[_w p o m a k a z i ]_w
[_w s t a n a t ]_w
[_w z o p o t n o ]_w
[_w s a k o n a ]_w
[_w v k u s t ]_w
[_w n a p i s a ]_w
[_w a b r i m e r ]_w
[_w ɡ ɫ a z ]_w
[_w e ɫ e n e ]_w
[_w m a r i j a ]_w
[_w p ɤ t a t ]_w
[_w f o r u m ]_w
[_w k a ʃ a ]_w
[_w b ɫ j u z ]_w
[_w s o tʃ a d ]_w
[_w o b a m a ]_w
[_w s m j a d a ]_w
[_w m o ʃ e m ]_w
[_w t a v a t a ]_w
[_w t o z t ɤ p ]_w
[_w p o t r o b n i ]_w
[_w n i k o j ]_w
[_w s e p e ]_w
[_w r o b ɤ r s i ]_w
[_w b o m o ʃ tʃ i ]_w
[_w m a ʃ i n i ]_w
[_w i z d i n s k i ]_w
[_w k o ɫ k o ]_w
[_w n i v o d ɤ t ]_w
[_w p r o tʃ e d e ]_w
[_w r a t i ts iː ]_w
[_w ɡ n i ɡ a k v o ]_w
[_w z t a r i t e ]_w
[_w t o b ɤ r ]_w
[_w p r i m e r i ]_w
[_w s ɤ z d a d iː ]_w
[_w s n a m ]_w
[_w o b j a s n o ]_w
[_w i z b r a v ]_w
[_w v i t ]_w
[_w s t i x o ]_w
[_w p ɤ d e m ]_w
[_w z a m ]_w
[_w d a v a t ]_w
[_w m i n u d i ]_w
[_w k o r e ʃ tʃ n a ]_w
[_w s ɫ u tʃ i ]_w
[_w p o tʃ e s t o ]_w
[_w d j a ɫ ]_w
[_w b o k ɫ e t a ]_w
[_w tʃ u v s t v a ]_w
[_w e ɫ e n ]_w
[_w d o s t ]_w
[_w p r o tʃ e t e ]_w
[_w p a z a r a d ]_w
[_w r a z m i z ɤ ɫ ]_w
[_w r e t a ]_w
[_w p o b o v ]_w
[_w m r e ʃ a v a ]_w
[_w s t a n a ɫ ]_w
[_w d o v e d e ]_w
[_w i s k a ʃ ]_w
[_w s t r a n i e ]_w
[_w v r ɤ x ]_w
[_w p ɤ r v o t o ]_w
[_w i s p o r ]_w
[_w i t e i t e ]_w
[_w d r ɤ k n a ]_w
[_w s i n o v ]_w
[_w n a b i t a ɫ a ]_w
[_w o b a z v a ]_w
[_w s t a n d a ɫ ]_w
[_w s t o d i ]_w
[_w s i ɫ a d a ]_w
[_w r a s v i v a d ]_w
[_w e n e r a ɫ ]_w
[_w k a p i t a ɫ ]_w
[_w d i ʃ i n a ]_w
[_w r o d o ɡ ]_w
[_w v s e ɫ ]_w
[_w x o r a ]_w
[_w d v e ]_w
[_w i z d o tʃ n o ]_w
[_w n a p r o d o ɡ ]_w
[_w s t r a s t ]_w
[_w o p i t e ]_w
[_w s v e t n ɤ ʒ ]_w
[_w p e z ]_w
[_w p o i s k a m ]_w
[_w r a s ɡ a s a ]_w
[_w p o s i ts i ]_w
[_w p o t o b r a ]_w
[_w t n i ]_w
[_w t u k ]_w
[_w s n a tʃ i n ]_w
[_w b r a v ]_w
[_w t u ʃ i ]_w
[_w m a ɫ k o t o ]_w
[_w o d i d a d ]_w
[_w i z k r e n o ]_w
[_w u s p e x a ]_w
[_w r a t a t ]_w
[_w v a k t o f e ]_w
[_w s e r i o d a ]_w
[_w k a ʒ e ]_w
[_w b ɤ d e ʃ ]_w
[_w t e n j a d a ]_w
[_w p o m n j a ]_w
[_w t j a n k a r a ]_w
[_w t v e ]_w
[_w s ɤ p i t i ]_w
[_w ɡ a ʃ i ]_w
[_w s v u ɡ ]_w
[_w n i z k a t ]_w
[_w m a k n i t u d ]_w
[_w o b e m ]_w
[_w p o b ɤ r ]_w
[_w o v i s a ]_w
[_w p ɤ t u v a n e ]_w
[_w o d k ɤ d e ]_w
[_w ɫ e v a ]_w
[_w ɡ r e t i ]_w
[_w o n e z i ]_w
[_w m e k o ]_w
[_w ts e n a d a ]_w
[_w k ɫ o b a ]_w
[_w n j a k a k ]_w
[_w d o t o ]_w
[_w o b ɤ r n e ]_w
[_w n a m i r a t ]_w
[_w n a ɡ r a t ɤ t ]_w
[_w n o v o d o ]_w
[_w p r a f i t e ]_w
[_w t ɤ r v o ]_w
[_w s a p i s a ɫ ]_w
[_w n a j a ]_w
[_w f a ʒ i j a d ]_w
[_w p i s n e z a ]_w
[_w b r o t e s t ]_w
[_w k a n a ɫ i ]_w
[_w m o ɫ j a m ]_w
[_w o d k o v ]_w
[_w b i x a ]_w
[_w v a k t ɤ d ]_w
[_w ɡ a ɡ ɤ v ]_w
[_w ɡ ɤ d e t e ]_w
[_w v ɤ z m o ʃ n i ]_w
[_w e t o ]_w
[_w p o t o p n a ]_w
[_w b r o ɡ r a j a ]_w
[_w t a n o v ]_w
[_w e k i b ]_w
[_w d o b r i ]_w
[_w ts v e t a n e ]_w
[_w d v i ʒ e n ]_w
[_w tʃ i s t i ]_w
[_w u ʒ a z ]_w
[_w n a ʃ a ]_w
[_w v i s o k o ]_w
[_w t ɫ ɤ ʒ e n ]_w
[_w k a k ɤ v ]_w
[_w t ɤ n o t o ]_w
[_w m a ɫ ɡ o x o ɫ ]_w
[_w s p o t i n ]_w
[_w z d i k n a ]_w
[_w e d n i ]_w
[_w z ɫ e t n a ]_w
[_w v i z o ɡ i ]_w
[_w tʃ a ɡ a m ]_w
[_w i z k o d v j a ]_w
[_w d o z d ]_w
[_w d a t a ]_w
[_w ɡ o j a t a ]_w
[_w s t a t e ]_w
[_w v r ɤ ʃ tʃ a t a ]_w
[_w r o t ]_w
[_w n j a m a ʒ ]_w
[_w v j a r n o ]_w
[_w t e s t ]_w
[_w v z i tʃ k o ]_w
[_w d r u d ]_w
[_w f ɤ b r o s ]_w
[_w s a m o ]_w
[_w z a k u p a ]_w
[_w v a z o v o ]_w
[_w ts e n t ɤ r a ]_w
[_w b a n k a ]_w
[_w b r o v e ]_w
[_w z e f e r n a ]_w
[_w b r o t e n ]_w
[_w d e ɫ e n ]_w
[_w v ɫ a ɡ ]_w
[_w t v a m ]_w
[_w r e t ]_w
[_w a e ts ]_w
[_w d o ɡ ɫ a d ]_w
[_w v ɤ t r e ]_w
[_w o b r e ]_w
[_w d p s ]_w
[_w v i t i n ]_w
[_w z v o p o t n o ]_w
[_w d a m i ]_w
[_w t o b a v i ]_w
[_w p o k ɫ e d k i ]_w
[_w b r i tʃ i n i ]_w
[_w z ɫ a p ]_w
[_w v o t i ]_w
[_w tʃ u ʒ b i ]_w
[_w u z p j a x a ]_w
[_w s t a n a d a ]_w
[_w p ɤ ɫ n o ]_w
[_w ʒ i v o d n i ]_w
[_w n e b e ]_w
[_w b ɤ d e k a ]_w
[_w e t i n i t e ]_w
[_w t o p ]_w
[_w t r e d a ]_w
[_w ts e ɫ i t e r ]_w
[_w ɡ o m e n i ]_w
[_w t e ɫ o d o ]_w
[_w s t a ʃ ]_w
[_w d o ʒ ɤ ɫ ]_w
[_w s ɫ e t v a t ]_w
[_w d k a ]_w
[_w m o t e ɫ ]_w
[_w m a tʃ a ]_w
[_w e m o ts iː ]_w
[_w s t a n ts iː ]_w
[_w v s e m e ]_w
[_w u d a r i t e ]_w
[_w p a ɫ a n s ]_w
[_w p ɫ j u s ]_w
[_w ɡ o d i n a t a ]_w
[_w p a r k a ]_w
[_w u tʃ e p n i ]_w
[_w b ɤ t u v a t ]_w
[_w p o t o tʃ n o ]_w
[_w o b i tʃ a m ]_w
[_w t ɤ r z i d e ]_w
[_w p i x t e ]_w
[_w s ɤ b i d i ]_w
[_w f e t n a ]_w
[_w p i z n e z ]_w
[_w m o m i tʃ e ]_w
[_w p o e s i j a ]_w
[_w k r ɤ k ]_w
[_w a b e ]_w
[_w p r o t o ɡ ]_w
[_w tʃ a k a m ]_w
[_w e s i ɡ ]_w
[_w t a j n i t e ]_w
[_w s p o ɡ o r e ]_w
[_w p a t a t ]_w
[_w k o t i ʃ e n i ]_w
[_w b i ʃ e ]_w
[_w u m i r a t ]_w
[_w n i ɡ o ɡ a ]_w
[_w n a ɫ i j a ]_w
[_w s t r a v e ]_w
[_w d o s t ɤ p k i ]_w
[_w s a j d a ]_w
[_w o b i t v a m a ]_w
[_w tʃ u v a ɫ i ]_w
[_w z a e t i ]_w
[_w d v o j a t o ]_w
[_w v a k t o v e ]_w
[_w p o m i r ]_w
[_w r e v o t ]_w
[_w s ɫ u tʃ a d ]_w
[_w ɫ e k ɫ o ]_w
[_w s p o r t ]_w
[_w n e k o v a ]_w
[_w s v e t i ]_w
[_w s t r a x ]_w
[_w v i d o ]_w
[_w p r a v i ɫ a ]_w
[_w r a s k a s ]_w
[_w k o f o ]_w
[_w s ɫ a t n i ]_w
[_w r i b a ]_w
[_w m r e ʒ i ɫ ]_w
[_w s r e d s t v a ]_w
[_w v r ɤ ʃ tʃ a t ]_w
[_w m o r s k a t ]_w
[_w k r e ʒ k a ]_w
[_w u tʃ a z d i r ]_w
[_w o z o b e n ]_w
[_w n e d e ɫ ]_w
[_w r e ɡ a ]_w
[_w v ɫ i s a d ]_w
[_w ɫ e k ]_w
[_w z e ɫ i ]_w
[_w ɡ ɫ e d ]_w
[_w ʒ e ɫ a n i n a ]_w
[_w s t r a n i ts a ]_w
[_w ɫ i z d a v a ]_w
[_w m a j k i ]_w
[_w o b e k t i ]_w
[_w s v o e d o ]_w
[_w r ɤ ts e d e ]_w
[_w i m p e r i j a ]_w
[_w p ɤ d a ]_w
[_w ɡ o t o ]_w
[_w p ɤ t i ʃ tʃ a ]_w
[_w k r i t o ]_w
[_w ʒ i v o d a t a ]_w
[_w o p i tʃ a m ]_w
[_w z a j a v i ]_w
[_w ɡ o ɫ ]_w
[_w o t k r i x ]_w
[_w ʒ i v ]_w
[_w t o v o ɫ n i ]_w
[_w k r a n i ts a ]_w
[_w s a ɡ ɫ a v n a ]_w
[_w d a t a t a ]_w
[_w t ɤ r s i t e ]_w
[_w b o d a d e ]_w
[_w p o d o ts i ]_w
[_w p a s a r i ]_w
[_w ɡ o r a ]_w
[_w k a ɫ e n ]_w
[_w s a m a ]_w
[_w k o d ]_w
[_w m v r ]_w
[_w z ɫ u ʒ a t a ]_w
[_w m o z ɤ k ]_w
[_w i z r i tʃ n i ]_w
[_w n j a ɡ o ]_w
[_w e t a v a m ]_w
[_w d r u ɡ o ]_w
[_w v ɫ i z a n e ]_w
[_w k m e t ɤ d ]_w
[_w o t tʃ e d i ]_w
[_w ɫ e tʃ e ]_w
[_w r a b o d i t e ]_w
[_w m a ɫ k i j a ]_w
[_w p r e t ]_w
[_w s e r i j a ]_w
[_w o b i t a ɫ ]_w
[_w p r o tʃ i e ]_w
[_w z a p a z i ]_w
[_w ts ɤ r k v a t ]_w
[_w s a j t ]_w
[_w o t ɡ r i e d i ]_w
[_w t e b ]_w
[_w o d b o r a n o ]_w
[_w s a v i s i ]_w
[_w ɫ i tʃ n a ]_w
[_w n a r a z t v a ]_w
[_w r i t ɤ m ]_w
[_w r a d i o ]_w
[_w v o ɡ u z ]_w
[_w m a r i n o f ]_w
[_w v i t i ʃ ]_w
[_w j a j ts a ]_w
[_w s o p s t v o ]_w
[_w z d u d e n t i ]_w
[_w n i ɡ o ɫ a j ]_w
[_w k o d o f a ]_w
[_w i n a tʃ e ɫ o ]_w
[_w v r ɤ z ɡ i ]_w
[_w i m a t ]_w
[_w p ɫ a ʃ tʃ a t a ]_w
[_w n a ʃ a t ]_w
[_w k u x n j a t ]_w
[_w x o t e ɫ a ]_w
[_w z b i ]_w
[_w p o s t a n a ]_w
[_w o tʃ i ]_w
[_w t o s t i ɡ a ]_w
[_w r e ʃ a t a ]_w
[_w p r i m e r n o ]_w
[_w z e k s a ]_w
[_w f ɫ a z d i ]_w
[_w k ɫ e d ]_w
[_w z a m i ]_w
[_w o n a s i ɫ i ]_w
[_w n e ɡ o v o ]_w
[_w tʃ o v e k ɤ t ]_w
[_w n a t ]_w
[_w m a ɫ k i t e ]_w
[_w s v ɤ r ʒ i ]_w
[_w s t ɤ p k a ]_w
[_w n a b i t a ɫ ]_w
[_w v a ʒ i j a t ]_w
[_w n u ʒ n i ]_w
[_w m e z e tʃ e n a ]_w
[_w o t n o v o t o ]_w
[_w k r a z i ]_w
[_w k r a k a d ]_w
[_w t n e ʃ n a t a ]_w
[_w r e t a d ]_w
[_w b u s n a ]_w
[_w s ɫ a p o ]_w
[_w p u p ɫ i tʃ n i ]_w
[_w i ɡ r a ]_w
[_w p r o v e r k a ]_w
[_w m i s ɫ i ʃ n o ]_w
[_w i s p r a t a ]_w
[_w s t a n a s ]_w
[_w s e ɫ o t o v ]_w
[_w s ɤ b i r a ]_w
[_w tʃ o v e ɡ ]_w
[_w k a r a d a ]_w
[_w r o ɫ j a m a m ]_w
[_w t a t o x a ]_w
[_w i s k u s t v o ]_w
[_w o v e r k i ]_w
[_w ts i d a d ]_w
[_w ɡ i p ɤ r ]_w
[_w d ɤ ɫ ɡ a r i ]_w
[_w m n o s i n a ]_w
[_w k r a d i o ]_w
[_w n a b ]_w
[_w t o m a ]_w
[_w s a ɡ o n i t e ]_w
[_w p e s e n ]_w
[_w n a z ]_w
[_w b o r o t o ]_w
[_w p r e v o r m i ]_w
[_w d o v a ]_w
[_w o tʃ i d e ɫ ]_w
[_w m a ɫ ɡ o ]_w
[_w k i r i ɫ i tʃ a ]_w
[_w i m o t ]_w
[_w d o ɡ a n a ɫ ]_w
[_w t o z e k a ]_w
[_w s a k u b a t a ]_w
[_w s ɤ k ɫ a s o v ]_w
[_w p r a k t e r ]_w
[_w p ɫ i s ɡ i ]_w
[_w ts ɤ r ɡ v a t ]_w
[_w u e b ]_w
[_w t u r s k i ]_w
[_w d i a ɫ e n ]_w
[_w v z e m e t o ]_w
[_w b o ɫ k a t a ]_w
[_w s n a e t e ]_w
[_w p o ɫ ɡ a d a ]_w
[_w v i ɡ d o r ]_w
[_w r a s p e r t i ]_w
[_w o n ɫ a j n ]_w
[_w p e d j a ]_w
[_w m i ɫ i o n i ]_w
[_w p ɤ r z o ]_w
[_w n d s v ]_w
[_w i d v a ]_w
[_w p r e d ɫ o ʒ i ]_w
[_w s t a r i t e ]_w
[_w p i z a n i ]_w
[_w d a k a ]_w
[_w p i ɫ e n ]_w
[_w o t k o v o r ]_w
[_w m e r ɡ i ]_w
[_w i s p o r i ]_w
[_w v a ɫ e n ]_w
[_w d o k ɫ a d ]_w
[_w k o s p o t ]_w
[_w v e ɫ i k i ]_w
[_w i z i s k v a ]_w
[_w tʃ e s t o ]_w
[_w o ɡ o t o v e n ]_w
[_w m a ɫ k o x o ɫ ]_w
[_w t e ɫ o t o v i ]_w
[_w k o i ]_w
[_w v o ɡ u s ]_w
[_w ɡ e o r k i ]_w
[_w p ɫ o t ]_w
[_w x u b a v a ]_w
[_w f a k t ɤ d ]_w
[_w o ɡ ɤ n j a ]_w
[_w p o ɫ o v i e ]_w
[_w b a s a r tʃ i k ]_w
[_w a m e r i ]_w
[_w n e ʃ tʃ a n e ]_w
[_w f e tʃ n o ]_w
[_w s ɤ j u z a ]_w
[_w s t a d e m ]_w
[_w i s p i r a t ]_w
[_w v o r m a ]_w
[_w b o r i z ]_w
[_w m o k ɤ ɫ ]_w
[_w d ɤ r v e t a ]_w
[_w ʃ i r o ɡ o ]_w
[_w p o t a ]_w
[_w d o p a v i ]_w
[_w d n e ʒ n i j a ]_w
[_w t ɤ r ɡ o v ts i ]_w
[_w ɡ ɫ a z u v a t ]_w
[_w v ɤ r n a ]_w
[_w n a ɫ i j a d ]_w
[_w d e s t i v a ]_w
[_w p ɤ t j a t ]_w
[_w k r e t a v p ]_w
[_w f e ɫ i tʃ i ]_w
[_w m ɫ a t ]_w
[_w z ɤ o b ʃ tʃ o ]_w
[_w d e d e ]_w
[_w b o t o k ]_w
[_w v r a k o v ]_w
[_w t a t a ]_w
[_w p i s m a ]_w
[_w p o tʃ i v k a ]_w
[_w x a r t i n a ]_w
[_w k r a t i ]_w
[_w n a m i r a d ]_w
[_w r a t v a m a ]_w
[_w t v o r i m ]_w
[_w n a ʃ ]_w
[_w s t o d o r ]_w
[_w s r e t n o ]_w
[_w p o b a d n a ]_w
[_w v i n a r ]_w
[_w p r o t a v a ]_w
[_w z k r a d i d e ]_w
[_w m o t i ]_w
[_w s v e r a t ]_w
[_w i z t a n i ]_w
[_w v a ɡ d i v n o ]_w
[_w d ɤ r ʒ a v n a ]_w
[_w p o ɫ u tʃ i x ]_w
[_w ɡ o ɫ e f ]_w
[_w d o p r o t o ]_w
[_w m o r z ɡ a ]_w
[_w s a r a t i d e ]_w
[_w b i z a ɫ ]_w
[_w m j a z d o t i ]_w
[_w s ɤ p r a n ]_w
[_w o d b o r ]_w
[_w ɫ o ʃ o ]_w
[_w d i m i r ]_w
[_w p o z d i ]_w
[_w m o ɫ b a ]_w
[_w a v k u s t ]_w
[_w u ɫ i ts a ]_w
[_w a r x i d e ɡ d ]_w
[_w d e ɫ ]_w
[_w s ɫ u ʒ i d e ]_w
[_w v r ɤ z k i ]_w
[_w k u b i ]_w
[_w v n i m a n i ]_w
[_w d e b e ]_w
[_w p r o j a n ]_w
[_w d o k a n i ]_w
[_w tʃ i j t o ]_w
[_w e n e r ɡ i ]_w
[_w i z v ɤ r ʒ i ]_w
[_w i z b i r a ]_w
[_w e d o ]_w
[_w k u r z a ]_w
[_w p i ʒ a d ]_w
[_w t r ɤ k n a ]_w
[_w d o b r a v i m ]_w
[_w p o k r i v a ]_w
[_w s v e t ɤ d ]_w
[_w z d z ]_w
[_w p o s ɫ e d j a ]_w
[_w u s ɫ o v i e ]_w
[_w o b i s a x ]_w
[_w v r a ɡ ]_w
[_w s r e d n o d o ]_w
[_w n a r o t i v a ]_w
[_w ɡ a k t o v e n ]_w
[_w i m a ɫ i t e ]_w
[_w d a ʃ e ]_w
[_w r a z v i t i n ]_w
[_w t r u t ]_w
[_w ɡ v a r t a ]_w
[_w e d a ʃ ]_w
[_w i s v e t ɤ d ]_w
[_w i z k a ɫ ]_w
[_w a p r i ɫ i tʃ a ]_w
[_w b o ɫ o v i n a ]_w
[_w t u r i z m a ]_w
[_w n a m e r i t e ]_w
[_w s p r j a ɡ o j ]_w
[_w r u m e n i ]_w
[_w p o t ɫ e ʃ i ]_w
[_w v o t j a t ]_w
[_w p r o d o b n o ]_w
[_w z ɤ z d a t iː ]_w
[_w r a z k r i v a ]_w
[_w s e r ɡ e j ]_w
[_w b o r t ]_w
[_w p o k a ʒ e ʒ ]_w
[_w p o s t i ]_w
[_w k r u b ]_w
[_w m a m a ]_w
[_w k n i k a k v o ]_w
[_w ɫ u k o v ]_w
[_w p o t o b n a ]_w
[_w ts i t i r a ]_w
[_w s ɤ ʃ tʃ i ]_w
[_w s a b o tʃ v a ]_w
[_w f a ʒ i ]_w
[_w d v o j n a ]_w
[_w b ɤ t a d ]_w
[_w s k r a t ]_w
[_w z ɫ u ʒ b i n a ]_w
[_w n a m a ɫ o ]_w
[_w s ɫ o ]_w
[_w s t a j a ]_w
[_w n a m i r a m ]_w
[_w k u p i ]_w
[_w i m e n a ]_w
[_w d r u ɡ i t e ]_w
[_w s t a v a t ]_w
[_w p a z j a ]_w
[_w p o ɫ ɡ a ]_w
[_w s v ɤ r s a n o ]_w
[_w t o tʃ n o ]_w
[_w f e ɡ o v i ]_w
[_w b r i r o t a ]_w
[_w ʃ i v o d ɤ t ]_w
[_w m e s e tʃ e n a ]_w
[_w r u s k i d e ]_w
[_w ɫ e k a r ]_w
[_w n o s i n a ]_w
[_w d o r i t e ]_w
[_w d o k a v a ]_w
[_w s ɫ u ʒ a m ]_w
[_w i ɫ i e v ]_w
[_w i t e i d e ]_w
[_w z a m i j a ]_w
[_w o b i t a t ]_w
[_w t u ɡ a ]_w
[_w p i z a ɫ ]_w
[_w s n a e ʃ ]_w
[_w k r e t a t ]_w
[_w r a z x o d k a ]_w
[_w j o a n ]_w
[_w s a t o v a ]_w
[_w d ɤ r n o f o ]_w
[_w z a ɫ a t a ]_w
[_w b a r t i tʃ k a ]_w
[_w b ɤ ɫ n i ]_w
[_w p r o t a ]_w
[_w ɡ ɤ t e ]_w
[_w o t d e ɫ n i ]_w
[_w s a p ɫ a x a ]_w
[_w s o v i j a t ]_w
[_w p ɤ t e k a ]_w
[_w m r e ʒ a v a ]_w
[_w x u p a v o ]_w
[_w k a r a t a ]_w
[_w ʃ i t e ɫ i ]_w
[_w z ɡ i ]_w
[_w m a r i n o s ]_w
[_w j u ɡ ]_w
[_w v z e m a ]_w
[_w o z o b n i ts a ]_w
[_w i n d e r n o ]_w
[_w d r a j n a ]_w
[_w x a j t e ]_w
[_w m o s k v a ]_w
[_w tʃ e z d o ]_w
[_w o b j a v a m ]_w
[_w s ɤ p o r ]_w
[_w d i p a ]_w
[_w k ɤ z m e d k i ]_w
[_w t j o ]_w
[_w s a e m a t ]_w
[_w v ɫ i z a ]_w
[_w p a r i dʒ a ]_w
[_w z d a n b u ɫ ]_w
[_w s ɫ e ]_w
[_w s o tʃ a t ]_w
[_w r a t a ]_w
[_w e f r o b a ]_w
[_w k a m p a n iː ]_w
[_w s k a n t i ]_w
[_w t o j d e ]_w
[_w z ɫ u ʒ i ]_w
[_w f ɤ b r e k i ]_w
[_w o f i s ]_w
[_w b r a v j a t ]_w
[_w k ɫ a v n o ]_w
[_w ɡ i r i ɫ i tʃ a ]_w
[_w p r e d e n ]_w
[_w i z b o ɫ z v a ]_w
[_w v ɫ e s e n t a ]_w
[_w d r a t i ]_w
[_w o s ɤ d ]_w
[_w m ɫ a t i ]_w
[_w p o k ɫ e t k i ]_w
[_w x a j d e n o v ]_w
[_w p i v a ]_w
[_w ɡ o ɫ e ɡ i ]_w
[_w b r i ɫ a k a t ]_w
[_w d r e d i ]_w
[_w p o b e d a ]_w
[_w ɫ j u p o v ]_w
[_w p o ɫ e s t i ]_w
[_w ɡ r a n i ]_w
[_w t a k o v ]_w
[_w v a z a ]_w
[_w t e ɡ e m v r i ]_w
[_w p o e t ]_w
[_w i t e ]_w
[_w b r o d i v ]_w
[_w p i ʃ e d e ]_w
[_w p r e s a ]_w
[_w m j a s t o ]_w
[_w o b e d ]_w
[_w d ɤ r ʒ a v e n ]_w
[_w v s e m a t a ]_w
[_w ɡ o m p a n iː ]_w
[_w p o d ɫ e ʃ i ]_w
[_w r a z b i r a t ]_w
[_w n o v i j a t a ]_w
[_w r e ʒ i x m e ]_w
[_w d a m ]_w
[_w o t v o r ]_w
[_w b a s a r tʃ i ɡ ]_w
[_w p o d o tʃ n o ]_w
[_w v x o d ]_w
[_w p ɫ e f e n ]_w
[_w s ɤ ɡ ɫ a z i e ]_w
[_w s a m i j a t ]_w
[_w k r a d ɤ ɡ ]_w
[_w v j a t ]_w
[_w e oː d ]_w
[_w k u b i x ]_w
[_w v ɫ a d i ]_w
[_w n a tʃ a ɫ o d o ]_w
[_w ɡ a t a ]_w
[_w e ɫ e m e n t ]_w
[_w v ɤ d r e ]_w
[_w d u ʃ a ]_w
[_w k i r i ɫ ]_w
[_w ɫ o ʃ a ]_w
[_w o t ɡ ɤ d e ]_w
[_w p o m o ʃ tʃ i ]_w
[_w o s v e n ]_w
[_w z a p o tʃ v a ]_w
[_w ɫ i n i j a ]_w
[_w z m i s ɤ ɫ ]_w
[_w z i m v o ɫ i ]_w
[_w ɡ o ʃ a d a ]_w
[_w tʃ e r e n ]_w
[_w m o j ]_w
[_w t ɤ ɫ k i ]_w
[_w ɡ u p i x ]_w
[_w e p i z o t ]_w
[_w b r o j ]_w
[_w j a t a ]_w
[_w t o m a ʒ n i ]_w
[_w b o ɫ e n ]_w
[_w s m o ɫ j a ]_w
[_w d e s i ]_w
[_w i s k a ʃ e m ]_w
[_w d u ʒ i ]_w
[_w s n i m k i t e ]_w
[_w d o tʃ n a ]_w
[_w b o ʃ e ]_w
[_w b r o v e r k i ]_w
[_w n o v i n a ɫ o ]_w
[_w tʃ e t i ]_w
[_w i s k a d a ]_w
[_w e d n i ɡ ]_w
[_w v e s t i ]_w
[_w p r a ɡ d i ]_w
[_w o b i dʒ a m e ]_w
[_w t ɫ ɤ ʃ n i ]_w
[_w o r ɤ ʃ i e ]_w
[_w p ɫ i z ɡ i ]_w
[_w m a ʒ i n i ]_w
[_w tʃ a j ]_w
[_w i z d o v ]_w
[_w p r e d i t e ]_w
[_w n a u tʃ i ]_w
[_w x i v ]_w
[_w b u r ɡ a s ]_w
[_w d e d s k a t ]_w
[_w d o m a ]_w
[_w p e z e n t a r ]_w
[_w v o t e ʃ tʃ i ]_w
[_w d o ɡ o ɫ e m i ]_w
[_w i t v a t ]_w
[_w n i k a k v o ]_w
[_w s a b a d ]_w
[_w o s t a v j a d ]_w
[_w k n i ʃ a ]_w
[_w p o s o ɡ a ]_w
[_w u m r e ]_w
[_w o t n e m a ]_w
[_w i z m ]_w
[_w p u s n a d ]_w
[_w v a ʃ n o t o ]_w
[_w z r o k ]_w
[_w r a s v i t i ]_w
[_w o z d r o v a ]_w
[_w d ɤ ʒ d ]_w
[_w a k t o v e n ]_w
[_w p r e ts e b t i ]_w
[_w b r o d i ]_w
[_w o p ɫ a s t i r ]_w
[_w ɡ ɫ i e n t i ]_w
[_w m o r z k i ]_w
[_w d r e d o ]_w
[_w s i k n a ɫ ]_w
[_w z d e n a ]_w
[_w m i s ɫ i ʒ ]_w
[_w i s t i ]_w
[_w t e p u d a d ]_w
[_w ɡ ɤ r b a ]_w
[_w p r i e m a n e ]_w
[_w z d r o i ]_w
[_w z ɫ a k a ]_w
[_w p r e d s t v a ]_w
[_w k a z v a t ]_w
[_w b i t k a d a ]_w
[_w k o t ]_w
[_w p i z a ]_w
[_w t o ɡ o v o r i ]_w
[_w a m i ]_w
[_w r j a d k o ]_w
[_w i ɫ i j a ]_w
[_w z i ɫ i e v a ]_w
[_w o t b r e t ]_w
[_w p ɫ o k ]_w
[_w m a r i j a t a ]_w
[_w u d a r i ]_w
[_w v r ɤ ʃ tʃ a n e ]_w
[_w s f e d a n ]_w
[_w r e a ɫ n a ]_w
[_w p a r d n j o r ]_w
[_w e d i n i ]_w
[_w v a ʃ i t e ]_w
[_w z d r a ]_w
[_w u n i ɡ a ɫ e n ]_w
[_w k o ɫ j a m a ]_w
[_w p o z n a d ]_w
[_w t u k a ]_w
[_w d o x o d i ]_w
[_w z ɤ ʃ tʃ i j a ]_w
[_w k o m p a n iː ]_w
[_w z r o ɡ ]_w
[_w t o ɡ ɫ a t a ]_w
[_w k a ɫ i ]_w
[_w p r a s n i n i ]_w
[_w s a b o tʃ n e ]_w
[_w p r e t v i t e ]_w
[_w i s t a n e ]_w
[_w ʃ tʃ j a x ]_w
[_w v ɤ z m o ʒ n a ]_w
[_w ɡ r a s i v i ]_w
[_w s n a j a t a ]_w
[_w s a k o n i t e ]_w
[_w n o s j a t ]_w
[_w ʃ i v o d ]_w
[_w t o b u s ]_w
[_w u s e d e n ]_w
[_w p ɤ d j a d o ]_w
[_w t u ʒ a ]_w
[_w s r e ʃ tʃ n a ]_w
[_w p o b e d i ]_w
[_w m a k a s i n ]_w
[_w ɡ r u b i ]_w
[_w p i ɫ a ]_w
[_w z j a n ɡ a t a ]_w
[_w k ɤ r ts i j a ]_w
[_w o p j a z n i ]_w
[_w p j a ɫ a ]_w
[_w s ɤ p i r a m ]_w
[_w x i t ɫ e r ]_w
[_w k o n t r o ɫ a ]_w
[_w b a r t n j o r ]_w
[_w z t r o i ]_w
[_w m e s t o v ]_w
[_w o p i t v a ]_w
[_w ɡ o n ts e r t ]_w
[_w b o m o ʃ tʃ t a ]_w
[_w tʃ u v z t v a ]_w
[_w f i ɫ i p ]_w
[_w s ɤ ʃ tʃ a t a ]_w
[_w x o t e ɫ i ]_w
[_w p r o b ɫ e m ]_w
[_w i z d a t e n ]_w
[_w e ɫ e m e n t a ]_w
[_w s ɫ ɤ n tʃ e f o ]_w
[_w t a ʃ e ]_w
[_w s r e d ]_w
[_w v e s t a d e m ]_w
[_w k ɫ a v e n ]_w
[_w d e s e t i t ]_w
[_w m e tʃ t i ]_w
[_w n e k o v o t o ]_w
[_w d e s t ]_w
[_w ʃ i t e ]_w
[_w b o ɫ e d a ]_w
[_w p ɤ ɫ ɡ a ]_w
[_w d e ɫ e f o n i ]_w
[_w z v ɤ r ʃ i ]_w
[_w s a e m i ]_w
[_w k r i ʒ a ]_w
[_w s n a e ʃ e ]_w
[_w d u r i s ɤ t a ]_w
[_w b r e s ]_w
[_w m a ɡ a d ]_w
[_w u tʃ i ɫ o ]_w
[_w ɡ o i d o ]_w
[_w r u z ɡ i j a ]_w
[_w s k r a t s k i ]_w
[_w i s m ]_w
[_w k u ɫ d e t ]_w
[_w s e r i a ɫ ]_w
[_w f t o r i k ]_w
[_w b i r t o p ]_w
[_w b ɤ r v o d o ]_w
[_w v a z ]_w
[_w f o j n a ]_w
[_w ɫ i tʃ n o d o ]_w
[_w p o r e t ]_w
[_w t a t e n a ]_w
[_w m o k ɫ a t a ]_w
[_w ɡ o n t a k t ]_w
[_w z ts e n i t e ]_w
[_w v o r u m a ]_w
[_w s e r i o t a ]_w
[_w p e r i o s e n ]_w
[_w p r i ɫ i ts a ]_w
[_w k o d i n ]_w
[_w s a d a ]_w
[_w z v u ɡ ]_w
[_w t ɤ ɫ ɡ o ]_w
[_w s ɤ v e t e ]_w
[_w s u d r i n ]_w
[_w u p o r i t o ]_w
[_w s t u d e n t ]_w
[_w v i t e d e ]_w
[_w z o ts i a ɫ n a ]_w
[_w p o ɫ u tʃ i x a ]_w
[_w ɡ ɫ o b a ]_w
[_w n a ʒ e ]_w
[_w p a n k i t e ]_w
[_w p j a ɫ ]_w
[_w z t r e s ]_w
[_w d i p ɫ o m a ]_w
[_w t o s t a ]_w
[_w n a j p o s ɫ e ]_w
[_w s ɫ u tʃ v a d ]_w
[_w ɡ u x n j a t ]_w
[_w t ɤ ʒ d ]_w
[_w o s n o v e n ]_w
[_w ɫ e ɡ a r i ]_w
[_w p o ɫ e z n o ]_w
[_w r a z k o v o ]_w
[_w t a t e n i t e ]_w
[_w k a ɡ ɤ v ]_w
[_w f r e m e t o ]_w
[_w ɡ u tʃ e ]_w
[_w d o e s t ]_w
[_w t ɤ r ʒ a ]_w
[_w d a j n i ]_w
[_w tʃ i e d o ]_w
[_w ʃ e r d v a ]_w
[_w i z ɫ e n e ]_w
[_w p i r d o b ]_w
[_w n i k ɤ t e ]_w
[_w p r i s n a v a ]_w
[_w v e ɫ i tʃ i ]_w
[_w s ɫ a k a t ]_w
[_w ɡ u b u v a ]_w
[_w z a p o tʃ n e m ]_w
[_w k r a t o v a ]_w
[_w s ɫ u tʃ a t ]_w
[_w p o p o v a ]_w
[_w d a z i ]_w
[_w i z t i n a ]_w
[_w s i k n a ]_w
[_w s u b e r ]_w
[_w z v ɤ r s a n ]_w
[_w s m e ʃ n o ]_w
[_w n a ʃ i j a ]_w
[_w n u ʒ d i ]_w
[_w n a ʃ i j a d ]_w
[_w m ɫ a d ]_w
[_w b r o m e n ]_w
[_w ɡ u b i ]_w
[_w v o r u m i ]_w
[_w p o ɫ u tʃ i ɫ i ]_w
[_w r e ʃ i ɫ ]_w
[_w ɫ e k a r i ]_w
[_w p ɤ r v a ]_w
[_w p ɫ i z k i d e ]_w
[_w r a z d e ɫ ]_w
[_w d a k s i ]_w
[_w s t e n i ]_w
[_w b ɫ a ʃ a ]_w
[_w u s t n i ts i ]_w
[_w d r u d n o ]_w
[_w p ɫ i s ɤ k ]_w
[_w p a s a r i t e ]_w
[_w a s i j a ]_w
[_w s v e d n a k a ]_w
[_w ʃ e v ɤ t ]_w
[_w o p e k t i ]_w
[_w d o s i ]_w
[_w n a d i s k a ]_w
[_w n i ɡ o ɫ o v ]_w
[_w i m a x m e ]_w
[_w s ɤ b r a n ]_w
[_w d ɤ r ʃ a ]_w
[_w i z x o d i ]_w
[_w m i n i s t ɤ r ]_w
[_w v e n ]_w
[_w s a p o tʃ n e ]_w
[_w m e t i ts i ]_w
[_w f e s t a ]_w
[_w v i t i m ]_w
[_w m o j a t a ]_w
[_w d o f o ɫ e n ]_w
[_w d e x e n ]_w
[_w v i n o v e t e ]_w
[_w a n t o n ]_w
[_w o r ɡ a n ]_w
[_w i z p r a v o ]_w
[_w r a s p e r a t ]_w
[_w t o b r e ]_w
[_w m j a r ɡ a ]_w
[_w o s ɤ t ]_w
[_w n i k ɤ d e ]_w
[_w x o t j a t ]_w
[_w s v ɤ r ʒ e d e ]_w
[_w n o m e r ]_w
[_w p r o e k t i ]_w
[_w d e t s k i t e ]_w
[_w p r o v e s o r ]_w
[_w t a s i ]_w
[_w f ɤ n ʃ n i j a ]_w
[_w p r o tʃ e d e n ]_w
[_w f e t n ɤ ʒ ]_w
[_w p a z i ]_w
[_w ɫ i n ɡ ]_w
[_w v ɤ d r e ʒ n o ]_w
[_w a n d o n ]_w
[_w d u m i t e ]_w
[_w p ɤ k ]_w
[_w ɫ o ʃ o d o ]_w
[_w v r ɤ s k i t e ]_w
[_w v s i tʃ k i t e ]_w
[_w m e n i ]_w
[_w n a b i s a t a ]_w
[_w k a ɫ e r i ]_w
[_w ɡ ɫ i e n d a ]_w
[_w n a tʃ e ]_w
[_w e p o x a ]_w
[_w i s v ɤ r ʃ v a ]_w
[_w u tʃ a t ]_w
[_w k n i ɡ i ]_w
[_w n a r i ]_w
[_w d r o j a n ]_w
[_w s e b e ]_w
[_w tʃ i j a ]_w
[_w n j a ɡ a k v o ]_w
[_w b ɤ d e t o ]_w
[_w o p j a t ]_w
[_w o t d e ɫ n o ]_w
[_w tʃ a s t ɤ ɡ ]_w
[_w v a ʃ e ]_w
[_w ɡ o ɡ a ]_w
[_w d ɤ ɫ ʒ i ]_w
[_w s p a t ]_w
[_w b e t ɤ r ]_w
[_w k a ɫ ]_w
[_w p r o ts e n ɡ i ]_w
[_w i z b o r a t a ]_w
[_w ts s k a ]_w
[_w v i r m i t e ]_w
[_w v d o r a d a ]_w
[_w d u ʃ i ]_w
[_w i m a ʒ ]_w
[_w p o ɫ n i t e ]_w
[_w p o ɡ a t i t e ]_w
[_w tʃ a s a ]_w
[_w i m o t i v a t ]_w
[_w u s ɫ o v o t o ]_w
[_w s t o ]_w
[_w k a p i t a ]_w
[_w b r i ]_w
[_w k a k t o v e ]_w
[_w s t u t e n o ]_w
[_w i z b o r d ]_w
[_w d r u s ]_w
[_w v t o r a t a ]_w
[_w t u n a v ]_w
[_w n a t j a v a ]_w
[_w p ɤ ɫ e n ]_w
[_w o n s i ]_w
[_w z b r a ʃ tʃ a ]_w
[_w m ɫ a t a ]_w
[_w b r e t a ]_w
[_w v s i tʃ k o d o ]_w
[_w b ɤ r v a t a ]_w
[_w n a k r a j ]_w
[_w s p o t e n ]_w
[_w d n e ʃ n i j a ]_w
[_w b ɫ o ɡ ]_w
[_w o tʃ a k v a ]_w
[_w ʒ i v i ]_w
[_w p o m n j a m ]_w
[_w r a v n i j a ]_w
[_w v e r n a ]_w
[_w ts ɤ r ɡ v a t a ]_w
[_w o p j a s n j a ]_w
[_w i m o t i ]_w
[_w ʃ o v j o r ]_w
[_w t ɤ r ʃ a ]_w
[_w v a ɡ d o ]_w
[_w d j a x n o d o ]_w
[_w v i n o ]_w
[_w k a n t a ɫ ]_w
[_w k o n k u r s a ]_w
[_w b r i j a t ]_w
[_w t o tʃ k a ]_w
[_w i s m e n i j a ]_w
[_w s k ɤ b i ]_w
[_w d r u d a ]_w
[_w n a u ɡ i ]_w
[_w p r a t ]_w
[_w o k a ʒ e t o ]_w
[_w b r o s ]_w
[_w r a p o t i n a ]_w
[_w v i r m i d e ]_w
[_w p o r ɤ tʃ k i ]_w
[_w t o ɡ a ]_w
[_w f a r i a n d i ]_w
[_w n a ɡ r a j n o ]_w
[_w k o e d o ]_w
[_w v e k o v a ]_w
[_w p e s ]_w
[_w ɫ i ts a i ]_w
[_w d e t s k a t a ]_w
[_w tʃ e t e ]_w
[_w s m i s ɤ ɫ ]_w
[_w n a b ɤ ɫ n a ]_w
[_w m o ʒ e ʒ ]_w
[_w ʒ i d e ]_w
[_w e s i ɡ a ]_w
[_w d v o r ]_w
[_w n a k o r a p a ]_w
[_w o z o p n i ]_w
[_w d u ʃ i t e ]_w
[_w b r o e k t ]_w
[_w k o i t o ]_w
[_w p o k e r ]_w
[_w k r i e ]_w
[_w ʃ e f ]_w
[_w v e t n a t a ]_w
[_w u ɫ i ts a d a ]_w
[_w tʃ e t e n e ]_w
[_w s t o t i ts i ]_w
[_w u s e t i ]_w
[_w o p j a v a ]_w
[_w tʃ o v e ʒ k a ]_w
[_w f e tʃ e t o ]_w
[_w r ɤ ɡ a ]_w
[_w s t r o i ]_w
[_w d e tʃ e ]_w
[_w m ɤ ʒ e ]_w
[_w i v a j ɫ o ]_w
[_w s i m v o ɫ i ]_w
[_w i m o t i v a ɫ ]_w
[_w s a x a r ]_w
[_w m o s ɤ ɡ a ]_w
[_w b ɤ d e d o ]_w
[_w n o f o ]_w
[_w ɡ o ɫ e v ]_w
[_w b a t a t ]_w
[_w n o v i n ]_w
[_w b ɤ r v a ]_w
[_w b o b o v a ]_w
[_w k a k v a d a ]_w
[_w b o ɫ z v a ]_w
[_w m o t e ɫ i ]_w
[_w d e t e t e ]_w
[_w d a v a d a ]_w
[_w p r i r o d a ]_w
[_w v ɤ t r e ʒ n o ]_w
[_w s a b ɫ a x a ]_w
[_w i s r a s i ]_w
[_w ɫ e ɡ a r ]_w
[_w o z d a v ]_w
[_w p ɤ t ]_w
[_w o b e r a d ]_w
[_w a r ɡ u m e n t ]_w
[_w p i t a ɫ i ]_w
[_w t a k i v a ]_w
[_w n a ʒ i j a ]_w
[_w z b i s a n e ]_w
[_w k r a s i v ]_w
[_w v m e z d n o ]_w
[_w z ɤ r ts a d a ]_w
[_w ɡ ɫ e t a ʒ ]_w
[_w s r o k ]_w
[_w e a t ]_w
[_w ts v e t a ]_w
[_w n i v a ]_w
[_w ɡ o n f ɫ i ɡ d ]_w
[_w o ɡ a s v a n e ]_w
[_w d o r i ]_w
[_w f j a t ]_w
[_w p r o v o ]_w
[_w p ɤ d ]_w
[_w r u s k a t a ]_w
[_w v i n a n s o v ]_w
[_w t ɤ j ]_w
[_w f e tʃ e d o x ]_w
[_w m e t i a ]_w
[_w o t ɡ a s a ]_w
[_w k u p j a d ]_w
[_w z ɤ n j a ]_w
[_w a v t o r o ]_w
[_w b r o tʃ e d e ]_w
[_w e d v a ]_w
[_w p a v ɫ o v ]_w
[_w r e ʒ a ]_w
[_w v i s o ɡ a ]_w
[_w f a ɫ i ]_w
[_w t e x n i t e ]_w
[_w m o r s k a t a ]_w
[_w s ɤ ʃ tʃ o ]_w
[_w p ɤ r v o d o ]_w
[_w s j a k o ]_w
[_w a n k a d a ]_w
[_w u s ɫ u ɡ a t a ]_w
[_w n e ʃ tʃ o ]_w
[_w ɡ r a tʃ ]_w
[_w ɡ r e d a ]_w
[_w z d ɤ b ]_w
[_w a k o ]_w
[_w n i ɡ ɤ d e ]_w
[_w k r ɤ p ]_w
[_w a p r i ɫ i ts a ]_w
[_w p o k a z a ]_w
[_w v s e ]_w
[_w n a s k o ]_w
[_w ɡ n i ʃ k a ]_w
[_w i ɡ r a tʃ i ]_w
[_w d e t o ]_w
[_w u s p j a x a ]_w
[_w p o s n a t ]_w
[_w r u z e ]_w
[_w k r a s o t a ]_w
[_w z i n ɤ d ]_w
[_w r a t i o d o ]_w
[_w b o j k o ]_w
[_w v a z i ɫ e f ]_w
[_w k a ʃ a t a ]_w
[_w x r a n e ]_w
[_w b r e m i n e ]_w
[_w s o ts i a ɫ n i ]_w
[_w p o ɫ e s t ]_w
[_w u ʒ a z n o ]_w
[_w p e t j a ]_w
[_w t o k o d o ]_w
[_w ɡ o m i s ɫ i ]_w
[_w m n o ɡ o t o ]_w
[_w t r u k i ]_w
[_w m a ɡ a s i n ]_w
[_w v a k t o r ]_w
[_w b r a v o ]_w
[_w ɫ e k a r i t e ]_w
[_w s ɤ r ts e t o ]_w
[_w s i k u r n o ]_w
[_w p r o k r a m a ]_w
[_w k r u b a t a t ]_w
[_w s v o i t e ]_w
[_w f i t i e d o ]_w
[_w t j a ɫ o t o ]_w
[_w d e ɫ o t o v ]_w
[_w k a t r i a r x ]_w
[_w s r e t ]_w
[_w u s p j a v a m ]_w
[_w p a r o ɫ a ]_w
[_w p o m i s i j a ]_w
[_w v e j s p u k ]_w
[_w k a ʒ e m ]_w
[_w r e ts e n k a ]_w
[_w k a s a n o ]_w
[_w ɫ j u b o v ]_w
[_w n a ʃ i t e ]_w
[_w p e t ɤ ɡ ]_w
[_w m o ʃ e ]_w
[_w v i n a d a ]_w
[_w b r o v ]_w
[_w o p i z a n o ]_w
[_w k o r a ]_w
[_w a k r e s i ]_w
[_w k o ɫ e f ]_w
[_w m o z ɤ k a ]_w
[_w u z b e x i ]_w
[_w p o ɫ i t i k a ]_w
[_w o tʃ e f i t n o ]_w
[_w s n o ʃ tʃ i ]_w
[_w z a m i j a t ]_w
[_w m j a z t o ]_w
[_w ɡ a m ɤ ɡ ]_w
[_w z e s o n a ]_w
[_w t r e t a ɡ d o ]_w
[_w tʃ e r n i ]_w
[_w s a ɫ a t a ]_w
[_w z ɤ d ]_w
[_w n i s k o ]_w
[_w r ɤ ɡ a d a ]_w
[_w p o z o p e n ]_w
[_w r e v o d ]_w
[_w t o b u s k a ]_w
[_w d o r t a d a ]_w
[_w i s v e d i ]_w
[_w ɫ i d e r i a ɫ ]_w
[_w s r e d n o ]_w
[_w p a n j a t ]_w
[_w s p a s e n ]_w
[_w p r o ts e n ɡ a ]_w
[_w p ɤ t j a t o ]_w
[_w k o ɫ e t ]_w
[_w m e s t o ]_w
[_w i d e ]_w
[_w s ɤ b i d i e ]_w
[_w b o ɡ a s a ]_w
[_w p r e t s t v a ]_w
[_w n a k ɤ d e ]_w
[_w s t a v ]_w
[_w p e tʃ a t ]_w
[_w k a b i n e t a ]_w
[_w k a ʒ e d o ]_w
[_w b r a k t i ]_w
[_w ʃ tʃ e t i ]_w
[_w x r a n a ]_w
[_w tʃ a ɫ k a t a ]_w
[_w m a ɫ ɡ a t a ]_w
[_w i v a ]_w
[_w i z m e ʒ d u ]_w
[_w p u s k a ]_w
[_w r a p o d a ]_w
[_w s t r a v o d o ]_w
[_w b ɤ t e ]_w
[_w v e s t n o ]_w
[_w s v u tʃ i ]_w
[_w u t r e ]_w
[_w tʃ a z ɤ d ]_w
[_w m e s e ts i ]_w
[_w i z v e t ɤ t ]_w
[_w v ɤ z d u x ]_w
[_w ɡ o t i n a ]_w
[_w s ɤ z d o i ]_w
[_w o tʃ a k v a n e ]_w
[_w t e ɫ o ]_w
[_w p ɫ o t o ]_w
[_w ʒ e s t v i e ]_w
[_w ɡ r i p ]_w
[_w d r a k i j a d ]_w
[_w s e d m i ts i ]_w
[_w p o b ]_w
[_w s ɫ u ʒ a ]_w
[_w k o m i t e ]_w
[_w ɡ r a ʒ d a t a ]_w
[_w f t o r o v ]_w
[_w o b e ɡ d i ]_w
[_w tʃ e z d i t u t ]_w
[_w a ɡ e n ts iː ]_w
[_w s a p o tʃ n a ]_w
[_w a m a ]_w
[_w b o m i r ]_w
[_w b o d o b n a ]_w
[_w v d o r i ]_w
[_w i s v e s t n o ]_w
[_w o ts e n t r o v ]_w
[_w x o d j a ]_w
[_w e s e n ]_w
[_w t v a m a ]_w
[_w v k ɫ j u tʃ i ]_w
[_w p o t o b r i ]_w
[_w ts e ɫ i t e r i ]_w
[_w p ɤ t e m ]_w
[_w t o k a v a ]_w
[_w s ts e n a ]_w
[_w ɡ o v o r i ]_w
[_w k ɫ e t a x ]_w
[_w j a d e n a ]_w
[_w ɡ r a j ]_w
[_w t e tʃ e ]_w
[_w j o r ɡ ]_w
[_w d o b a v j a d ]_w
[_w v e z e ɫ o ]_w
[_w k ɤ ʃ tʃ i t a ]_w
[_w b r a s n i ]_w
[_w z j a n k a r a ]_w
[_w v e ʒ d i ]_w
[_w t j a x ]_w
[_w s a v i n a ]_w
[_w e d v a t a ]_w
[_w z ɤ ʃ tʃ o t o ]_w
[_w p a v n o ]_w
[_w p r e t i ]_w
[_w d ɤ ɫ k ]_w
[_w r a ʒ t a n i e ]_w
[_w z i t u a ts iː ]_w
[_w o t v o r e n ]_w
[_w d i a ɫ o k ]_w
[_w n a ɫ a k a ]_w
[_w ʃ i v eː ]_w
[_w s t r a v a d ]_w
[_w t ɤ r k o v ts i ]_w
[_w x o d ]_w
[_w p r i tʃ i n i ]_w
[_w ʒ e ɫ a j a ]_w
[_w s i s t e m a t ]_w
[_w s t e n i t e ]_w
[_w k u tʃ e t a d a ]_w
[_w b n d ]_w
[_w p ɫ a n a ]_w
[_w u b i t i e ]_w
[_w t o m ]_w
[_w f i ʒ d e ]_w
[_w p r a v a ]_w
[_w p e t ]_w
[_w u s i ɫ i j a ]_w
[_w n e ɡ o v i t e ]_w
[_w p r i n ts i p i ]_w
[_w ɡ r i j a ]_w
[_w b o z n a tʃ i ]_w
[_w v i ɫ m i ]_w
[_w d e n j a ]_w
[_w ts j a ɫ o t o ]_w
[_w z b r e m i n e ]_w
[_w d o m a ʃ n i ]_w
[_w d e k s ]_w
[_w d s p ]_w
[_w f o e nː i t e ]_w
[_w s i z d e m a t ]_w
[_w i ɫ i e f a ]_w
[_w d o j ]_w
[_w o t b o r a ]_w
[_w k a r t i r a ]_w
[_w z a e m ]_w
[_w v i ʒ d a ɫ ]_w
[_w p ɫ i s k i ]_w
[_w s i e ɫ a ]_w
[_w f e j s p u ɡ ]_w
[_w u s p e x ]_w
[_w ɫ e s n o ]_w
[_w z a t v o r b i ]_w
[_w j a z e n i ]_w
[_w b e ɫ i ]_w
[_w m o i ]_w
[_w d o k o v e ]_w
[_w p o s o b e n o ]_w
[_w n a r e tʃ e n i ]_w
[_w tʃ i s ɫ o ]_w
[_w d e x n i d e ]_w
[_w b r e ɡ i o n ]_w
[_w i z b r a x ]_w
[_w p r a z ]_w
[_w o s o p e n ]_w
[_w b r o ɫ e tː a ]_w
[_w k o t o ]_w
[_w i s p ɤ ɫ n o ]_w
[_w p n t ]_w
[_w d a n ɤ k ]_w
[_w k u d i j a ]_w
[_w n a ʒ e t o ]_w
[_w n o v i j a t ]_w
[_w r a ʒ d a n i e ]_w
[_w z d a n a x a ]_w
[_w o ʃ tʃ e ]_w
[_w n a b r i m e r ]_w
[_w b i s n e z ]_w
[_w s e k u n d i ]_w
[_w k o d o ]_w
[_w k o ɫ k o t o ]_w
[_w s i ɡ u r n i ]_w
[_w t ɫ ɤ ʃ e n ]_w
[_w ɡ r a j a t ]_w
[_w e n j o f t e n ]_w
[_w tʃ u v a ɫ ]_w
[_w t a nː i t e ]_w
[_w v j a r v a d a ]_w
[_w s a ʃ tʃ i t a ]_w
[_w r e ɡ i ]_w
[_w r o t e s t a ]_w
[_w s a e t n o ]_w
[_w b r a k t e r ]_w
[_w o t tʃ i t a d e ]_w
[_w v r e m e t e ]_w
[_w a r m i j a ]_w
[_w n a ʒ a ]_w
[_w v a ʃ n o ]_w
[_w d e ʃ k a ]_w
[_w p o ɡ ]_w
[_w t e t s ɡ a t a ]_w
[_w v r a k ]_w
[_w u b o d r u t a ]_w
[_w d o tʃ n o ]_w
[_w p o i z k a ]_w
[_w m e z d a ]_w
[_w s a e d n o t o ]_w
[_w s e z o n ]_w
[_w v ɤ z ]_w
[_w p a r i ]_w
[_w ɡ a r d i r a j ]_w
[_w s ɤ s t o i ]_w
[_w o s t r o v ]_w
[_w d u m a d a ]_w
[_w v ɤ z m o ʒ n o ]_w
[_w d o ɡ o ɫ o ]_w
[_w d o k a d ]_w
[_w ɫ i t e ]_w
[_w p r o d ɤ ɫ ʒ i ]_w
[_w s o b s t v e n ]_w
[_w n a ɫ i ts e ]_w
[_w v i ɫ m ]_w
[_w o t i d a t ]_w
[_w s ɫ u tʃ k a ]_w
[_w ɡ a z a ]_w
[_w o b r a z a ]_w
[_w s d r a n i ]_w
[_w b r e t i ʃ n o ]_w
[_w t e ʃ ɤ ɡ ]_w
[_w o t i t a t ]_w
[_w n a b ɤ ɫ n o ]_w
[_w j a f o r ]_w
[_w d ɤ k a ]_w
[_w ts i ɡ a r i t e ]_w
[_w s ɤ m ]_w
[_w i s t o v a r i ]_w
[_w j a z n o ]_w
[_w o t ɡ o v o r ]_w
[_w p j a ɫ a d a ]_w
[_w p i d a ɫ ]_w
[_w z i ɫ n i ]_w
[_w p e d r o f ]_w
[_w j a v ɫ e n i ]_w
[_w n a p ɤ r s o ]_w
[_w s a m i j a d ]_w
[_w t r i t e ]_w
[_w k ɤ t e ]_w
[_w t a v a ]_w
[_w d r e x i d e ]_w
[_w ɡ a n a r i tʃ a ]_w
[_w m a s a d ]_w
[_w i m a ʃ ]_w
[_w p o ɫ e d ]_w
[_w o p i tʃ a t ]_w
[_w r e j t i n k i ]_w
[_w m o ɫ j a n ]_w
[_w a ɡ d o ]_w
[_w n a ʃ i j a t ]_w
[_w z ɫ e t v a ]_w
[_w v x o t a ]_w
[_w p r e m ]_w
[_w m a k a ]_w
[_w i s k a x ]_w
[_w p r o d u ɡ d i ]_w
[_w i z v e z t n a ]_w
[_w b a d r i ]_w
[_w i z k a ]_w
[_w n a p r i m e r ]_w
[_w s ɫ a d k i ]_w
[_w f o t j a t ]_w
[_w t e m a ]_w
[_w p r o v e ]_w
[_w n e m s k i ]_w
[_w v t o r o v ]_w
[_w a n ɡ e ɫ o v ]_w
[_w p r o t e n a ]_w
[_w v a ʒ e ]_w
[_w j a s n a ]_w
[_w k r a t s k i ]_w
[_w k r i d i k a ]_w
[_w u s p j a ]_w
[_w k a b r o v i ɫ ]_w
[_w n a z a m ]_w
[_w d j a x m e ]_w
[_w p o ɫ e z n a ]_w
[_w m i ɫ e n a ]_w
[_w p o k a z v a ]_w
[_w v e tʃ e r ]_w
[_w n a b r a v i ʃ ]_w
[_w z e t i t i ]_w
[_w p ɤ t e t o ]_w
[_w b a d n a ]_w
[_w z b i z ɤ k ]_w
[_w a n a ɫ i tʃ i ]_w
[_w s k a ɫ ]_w
[_w s ɤ s e t i ]_w
[_w d a k ɤ v t o ]_w
[_w e s i ts i j a ]_w
[_w ts e n t ]_w
[_w d a ɫ e tʃ e ]_w
