[_w a n o m a ʃ ]_w
[_w a p a ⁿtʃ p a ɾ ia ]_w
[_w m a p i j ɾ o ʃ ]_w
[_w p a ᵑk ]_w
[_w k o s tʃ o ]_w
[_w i p o n ʃ i ]_w
[_w w i ʃ o n ]_w
[_w k s a ɾ i ⁿtʃ p a ]_w
[_w a n tʃ a ]_w
[_w i p t a ]_w
[_w s i j a ts i ]_w
[_w t o n a ɾ ia ]_w
[_w a ʃ i ts s a ]_w
[_w t a ɾ a ᵑk i ]_w
[_w j a m ia ɾ o ]_w
[_w ts i ᵐp o n o ]_w
[_w k o ɾ a s ]_w
[_w t a tʃ i m a ]_w
[_w n a p k o w a ]_w
[_w k a j a ɾ o ]_w
[_w t a ɾ i t ]_w
[_w p a n a tʃ i m a ]_w
[_w w a j a ]_w
[_w a ɾ a p i tʃ ]_w
[_w t a ɾ a ᵑk i n i ]_w
[_w m a ᵑk o t a ]_w
[_w ⁿt o n tʃ a ]_w
[_w m a ᵑk i tʃ ]_w
[_w t a k i j a ]_w
[_w a ʃ i n i ]_w
[_w w a h ]_w
[_w n i ʃ o ɾ i ]_w
[_w p a ʂ i k o ]_w
[_w k a ᵐp o s o ɾ oa ]_w
[_w s i j a ᵑk a ʂ ]_w
[_w o ɾ s i ɾ i ]_w
[_w t p oa ]_w
[_w tʃ i n a k i j a ]_w
[_w ʃ ia ɾ s i n ]_w
[_w t a k s a ]_w
[_w p o k i ɾ ia ]_w
[_w ʈʂ a p oa m a m ]_w
[_w ᵐp i ɾ i ᵑk a p ]_w
[_w w a n i ɾ ia ]_w
[_w i p a ɾ ia ts i ]_w
[_w n a ts t a k o ]_w
[_w ʃ ia ɾ a ⁿtʃ o ]_w
[_w j a j a ɾ o ]_w
[_w m a j a ɾ o ]_w
[_w a p a ⁿtʃ tʃ i tʃ ia ]_w
[_w ʃ ia ɾ o ]_w
[_w n a ts t a m ]_w
[_w t a m a m a ]_w
[_w i s t a k o ʃ ]_w
[_w k o k ia ts i ]_w
[_w w a ʂ a ɾ i ]_w
[_w p a ɾ a ᵑk o ]_w
[_w o ɾ o t a m aː ]_w
[_w m i n a m a m ]_w
[_w a ʃ p a t a ]_w
[_w t a p i ʃ ]_w
[_w k a p o ᵑk ]_w
[_w w a tʃ ʃ a ]_w
[_w j a s a k o s ]_w
[_w ʈʂ i j ʈʂ ia w o ]_w
[_w t o ʂ i m t a ]_w
[_w m a ᵑk i p t i s ]_w
[_w a t t a ⁿt a ]_w
[_w k o ɾ i ⁿt ʃ o tʃ ]_w
[_w k o tʃ a ɾ ]_w
[_w i p a ɾ ia ]_w
[_w t a j a ɾ o n i ]_w
[_w t o m i n p i ]_w
[_w ts i j a t k o ]_w
[_w j a tʃ ]_w
[_w k p i t i ⁿts p a ]_w
[_w m a ʃ k o s i n ]_w
[_w m i k i ᵑk tʃ a ]_w
[_w ᵑk a t k o s ]_w
[_w s o ɾ aː ]_w
[_w w aː m a ]_w
[_w a t a ᵑk ts a ]_w
[_w o s ʃ a ]_w
[_w m i n o p ]_w
[_w ᵑk a t ia ɾ s i n ]_w
[_w k a p ia t o ]_w
[_w a ʃ i ɾ o n i ]_w
[_w ᵐp i ɾ i ]_w
[_w m i k ia ɾ o ]_w
[_w m a p o m a m ]_w
[_w w a ɾ i t a ]_w
[_w ts i p a tʃ ia h a ]_w
[_w p i ʃ t a tʃ o ]_w
[_w a ʃ k a ts s i n ]_w
[_w k a n ia s i tʃ ]_w
[_w t a ɾ o w a ]_w
[_w a n p a t a ]_w
[_w s i j s a ]_w
[_w k i ʂ a ts ʃ a ]_w
[_w k s o t tʃ i j a ]_w
[_w p a n a ]_w
[_w ʂ a ɾ ]_w
[_w ʃ i ɾ i ]_w
[_w t a m a ]_w
[_w i s o s oa m ]_w
[_w j a ɾ tʃ i ⁿts p a ]_w
[_w n a ts s a ]_w
[_w p a tʃ a m a m ]_w
[_w t a p ]_w
[_w t i p ts i ɾ i ]_w
[_w a ʃ k i t a ]_w
[_w p a j o tʃ i j a ]_w
[_w tʃ i n a k i ʃ ]_w
[_w m a ᵑk i ʃ i tʃ ]_w
[_w t a k a n a ]_w
[_w t a t o k s a ]_w
[_w ʃ i j ʃ t a ]_w
[_w s i j a m ]_w
[_w k a n o ᵑk a ʂ ]_w
[_w k s a ᵑk tʃ a ]_w
[_w k a ᵐp o s o ɾ ]_w
[_w t a m a s k o ʃ ]_w
[_w a ʃ i ʃ ]_w
[_w k o ᵑk o p ]_w
[_w s a p a ]_w
[_w n a p k o s ]_w
[_w j o s a ɾ o ]_w
[_w ᵑk i tʃ ʂ ia ]_w
[_w a n p o ɾ o ]_w
[_w ᵑk o t a n i ]_w
[_w ⁿtʃ i t a ɾ o w ]_w
[_w a ʃ i ɾ ia h a ]_w
[_w k a tʃ i j a ]_w
[_w ᵑk oa ts ]_w
[_w ʂ a ɾ ia ]_w
[_w j a p ]_w
[_w w a ᵑk ]_w
[_w i n a k i n a ]_w
[_w w a j a tʃ i tʃ ]_w
[_w w a ʂ a p a n ]_w
[_w m a ʃ a m a m ]_w
[_w k t o ᵑk a n a ]_w
[_w t a ɾ a ᵑk o ]_w
[_w t a k s i n ]_w
[_w t p o ts i ʃ ]_w
[_w k a m a tʃ i p ]_w
[_w ʃ a n a ts i ]_w
[_w n a p tʃ i tʃ ]_w
[_w tʃ a p o ᵑk o w a ]_w
[_w n a t o ]_w
[_w w a n i tʃ i j a ]_w
[_w k i n a ]_w
[_w n a m a m ]_w
[_w s i n a ]_w
[_w a p a ⁿtʃ ia h a ]_w
[_w ⁿt a n tʃ a ]_w
[_w a ʃ t a ]_w
[_w j a ɾ a ᵑk i j a ]_w
[_w s o ɾ i ]_w
[_w ᵑk oa ts i ]_w
[_w a n p a t ]_w
[_w a ʃ t a ɾ o ]_w
[_w w a t a m tʃ a ]_w
[_w t a m a ɾ i ]_w
[_w k o k i ]_w
[_w k a s i ɾ i ]_w
[_w n a ts t a k o s ]_w
[_w k a m a p a ]_w
[_w w a n ia ʃ ia ]_w
[_w t p o ts i ɾ i ʃ ]_w
[_w k aː p a ]_w
[_w m i n a ]_w
[_w t a k tʃ o s ]_w
[_w p o s a p a t ]_w
[_w w aː n a m o n ]_w
[_w w i ʂ a ⁿtʃ ʃ i ]_w
[_w ᵑk i tʃ i m a ]_w
[_w a t i n i ]_w
[_w p iː p ]_w
[_w p a k tʃ i m ]_w
[_w a n a m o n ]_w
[_w ⁿtʃ i t a ɾ i s ]_w
[_w i j a m ]_w
[_w t p o ts p a t a ]_w
[_w a n oa m a ɾ i ]_w
[_w a n o m o n ʃ a ]_w
[_w m a j a m ʃ a ]_w
[_w o p ia h a ]_w
[_w p a j o k tʃ i ]_w
[_w k a t o ᵑk ts ia m ]_w
[_w m i ɾ ]_w
[_w t a m o ]_w
[_w k o ɾ i ]_w
[_w t ia ʂ i ]_w
[_w n a t a m ]_w
[_w s a n t a ]_w
[_w t p o ts t a ]_w
[_w ʈʂ i k a n a ]_w
[_w tʃ i n a k s a ]_w
[_w i ts i n s a ɾ o ]_w
[_w p a j o k o ]_w
[_w m a ᵑk i s ]_w
[_w m a ᵑk oa n k o ]_w
[_w k o ts i s ]_w
[_w k a s i k ia h a ]_w
[_w s i ɾ a p tʃ ia ]_w
[_w p o t a p i ]_w
[_w k a s ]_w
[_w w a n i p ]_w
[_w t a m a ʃ ]_w
[_w j a p ia h a ]_w
[_w j a k t a m ]_w
[_w t a ɾ a ᵑk i j a ]_w
[_w t a k o ]_w
[_w t p o ts ia ts ʃ a ]_w
[_w a p tʃ ia ]_w
[_w ⁿt o n i j a ]_w
[_w i n a ᵑk tʃ a ]_w
[_w j a ʃ i ᵑk o ]_w
[_w t a m a m ]_w
[_w p a ɾ a ᵑk a n i ]_w
[_w k o ʃ i m o n i ]_w
[_w k o ts a s ]_w
[_w i w a ɾ ]_w
[_w n a p a ᵑk tʃ a ]_w
[_w j a m k o ɾ ]_w
[_w w aː ts s i n ]_w
[_w w a ᵑk a ɾ i n ]_w
[_w a n t a ɾ a ᵑk o ]_w
[_w tʃ a n a ]_w
[_w m a ʂ i n a ⁿts a ]_w
[_w k a ⁿt a n t a m ]_w
[_w t a tʃ i m a m a ]_w
[_w j o m ]_w
[_w tʃ i n a k s i n ]_w
[_w p a k i j a ]_w
[_w t p o ts i ᵑk a ʂ ]_w
[_w m a p i j ɾ o s ]_w
[_w m a ɾ i ʂ ]_w
[_w n a p t a ]_w
[_w w a ts ]_w
[_w m a ɾ i ]_w
[_w p i ʃ o m p a ʂ ]_w
[_w o t ia j ]_w
[_w k i t ia ɾ o ]_w
[_w t p o ts i m a m ]_w
[_w s a n a ⁿt ]_w
[_w p a ɾ a ᵑk tʃ a ]_w
[_w m a ⁿts i ɾ ]_w
[_w p a t a ɾ a ᵑk i ]_w
[_w k i ɾ a k o ]_w
[_w k o ᵑk o ʃ ]_w
[_w m i n o ]_w
[_w i h i p t o ʃ ]_w
[_w a n n i ]_w
[_w i s t a k ia h a ]_w
[_w m a ʃ i ⁿt ]_w
[_w i s t a m a m ]_w
[_w ʂ a ⁿt k o ɾ i ]_w
[_w t a s a s a ]_w
[_w i s o s o p ʃ a ]_w
[_w a ʃ i ɾ o s ]_w
[_w t a t o ts ia ɾ o ]_w
[_w n i ᵑk ia m a ]_w
[_w a n o ɾ o ]_w
[_w ʂ t a ɾ o ]_w
[_w p ʃ t o k i j a ]_w
[_w n o w t a ⁿt a ]_w
[_w p o k i ɾ ia m ]_w
[_w n i ʃ ]_w
[_w m a s a ]_w
[_w a ʃ i k p a ]_w
[_w j a ⁿt a ᵑk i ]_w
[_w t a ɾ a ]_w
[_w p a k tʃ o s ]_w
[_w a ᵐp i ɾ i ᵑk a p ]_w
[_w ʃ a n i j ]_w
[_w n o w a ]_w
[_w ᵑk a t k o tʃ ]_w
[_w i s o s o ʃ ]_w
[_w p a t a ]_w
[_w j a m a ɾ ia ]_w
[_w i s o s p a ]_w
[_w p a p o ʃ ]_w
[_w t o w a ]_w
[_w j a ɾ a ᵑk o ]_w
[_w o w a ʃ ]_w
[_w m i ʃ a t ]_w
[_w m aː tʃ ia ts i ]_w
[_w t a m a ʃ a ᵑk i ]_w
[_w o s i j a ɾ i n ]_w
[_w m a ᵑk ]_w
[_w w a n i ]_w
[_w k a n i ]_w
[_w p a k ia ɾ o ʃ ]_w
[_w a t i s ]_w
[_w t i n a m aː ]_w
[_w a t ʃ a w a ]_w
[_w a ts s a ]_w
[_w n a j a n i ]_w
[_w a ʃ k a tʃ o ]_w
[_w a ʃ i tʃ ]_w
[_w m a tʃ ]_w
[_w ts i n i ]_w
[_w p a j o p ia t o ]_w
[_w n a t o w a ]_w
[_w i s t a k o ]_w
[_w t a n a ]_w
[_w j a tʃ a k i j a ]_w
[_w p o n i k s i n ]_w
[_w ᵐp a m a ]_w
[_w i tʃ i ᵑk o ɾ o s ]_w
[_w m a ᵑk i ʃ ]_w
[_w n a m a m a ]_w
[_w ʂ a ⁿt k o w a ]_w
[_w t a j a ɾ o ]_w
[_w i s t a j a ɾ o ]_w
[_w t a m ia ɾ o ]_w
[_w t a tʃ i tʃ ]_w
[_w a ᵐp i ]_w
[_w m i n o ʃ ]_w
[_w ʂ o w a ⁿtʃ i ]_w
[_w tʃ i n a k o w a ]_w
[_w n a p k i j a ]_w
[_w ⁿt a ᵐp a ɾ ia ]_w
[_w i ʂ oː ɾ i ʃ a ]_w
[_w a p a ⁿtʃ ia ts i ]_w
[_w ⁿtʃ o ɾ ʃ a ]_w
[_w m a ʃ k o n i ]_w
[_w j a m a h a ]_w
[_w a ʃ i ɾ o tʃ a ]_w
[_w i s o s o ]_w
[_w i ʂ o ɾ ia ʃ a ]_w
[_w a ɾ a s a ɾ oa ]_w
[_w a ʃ k o s ]_w
[_w t p o ts i ɾ i ]_w
[_w p i t o ɾ p a ]_w
[_w t p o ts ʃ a ]_w
[_w j a ʃ i ᵑk o p ]_w
[_w m o tʃ tʃ o ɾ ʃ a ]_w
[_w w a j a m t a ]_w
[_w m a ᵑk a ]_w
[_w t a t a ɾ a ᵑk o ]_w
[_w ⁿt o ʃ a ]_w
[_w p a ᵑk aː ]_w
[_w w a p a ɾ ]_w
[_w k o tʃ ]_w
[_w ᵐp a m ]_w
[_w j a k t a p ]_w
[_w ʃ o n ia ɾ o ʃ ]_w
[_w o t ia j a p ]_w
[_w p a j o ᵑk ts a ]_w
[_w m a ⁿts a k i n i ]_w
[_w p o t a m a m ]_w
[_w ⁿt a ᵐp a ]_w
[_w m aː tʃ i ɾ i ]_w
[_w t p o ts ia ts i ]_w
[_w ᵐp o ɾ ʃ i m a ʃ ]_w
[_w a t a ɾ o ]_w
[_w t a ɾ o ]_w
[_w n ia w a ]_w
[_w w i p a m ]_w
[_w a p a p a t ]_w
[_w k o s tʃ o ɾ i ]_w
[_w a t a n a ]_w
[_w w a j a tʃ i j a ]_w
[_w w a m k o ɾ ]_w
[_w k o ᵑk o m o n a ]_w
[_w p ʃ t o k tʃ o ]_w
[_w ᵐp a m tʃ a ]_w
[_w k o s k o ]_w
[_w k a j o p i ]_w
[_w j a s a m a m ]_w
[_w ts i p a s a ]_w
[_w k a t o ᵑk o s ]_w
[_w n a p a ]_w
[_w t a tʃ p a tʃ i ]_w
[_w a ʃ k a n a ]_w
[_w p a j o m a m a ]_w
[_w w a n i tʃ ]_w
[_w k a m a n a ]_w
[_w ʃ t o ᵑk a ᵑk i ]_w
[_w t a k tʃ o ]_w
[_w a j a m s a ]_w
[_w n a t o m ʂ i ɾ ]_w
[_w o ɾ o t ]_w
[_w w a m a ɾ i ]_w
[_w a p a ⁿtʃ ia ʃ a ]_w
[_w a ɾ a s ]_w
[_w ʃ i j a m a ]_w
[_w s i ɾ s aː ]_w
[_w t tʃ i t a ]_w
[_w s a ɾ i ⁿts p a ]_w
[_w a p a ⁿtʃ ia ts i s ]_w
[_w k a n ia s tʃ i ]_w
[_w j a ɾ ia ɾ o n i ]_w
[_w a ᵐp i ɾ i ]_w
[_w ʂ a ᵑk a n a ]_w
[_w a ʃ k o tʃ ]_w
[_w p a n a j a ]_w
[_w k a m o ɾ i ]_w
[_w s o ⁿt a ɾ oa ]_w
[_w k a n i ⁿt ]_w
[_w t o tʃ p a ʃ o tʃ ]_w
[_w t a ɾ a ᵑk o w a ]_w
[_w m ʂ a ts o ʃ ]_w
[_w k o t a k o tʃ ]_w
[_w ts i p a k tʃ o ]_w
[_w k o s ia ɾ s i n ]_w
[_w a ʃ i ɾ i ⁿtʃ p a ]_w
[_w t a tʃ i ᵑk i j a ]_w
[_w t a ɾ a ʃ ]_w
[_w j a ʃ i ᵑk oa ]_w
[_w t a j a n i ]_w
[_w p i j ]_w
[_w n a t ]_w
[_w a n t a t i ]_w
[_w ʃ i j a p ]_w
[_w n a ᵑk i ⁿts ]_w
[_w w aː n a ts i ]_w
[_w k a t o ᵑk a ᵑk i ]_w
[_w w a p a ]_w
[_w t i n a m t a ]_w
[_w k o ᵑk ʃ a ]_w
[_w n a p a ⁿt a ]_w
[_w p a j o ts s a ]_w
[_w i j a ]_w
[_w ʈʂ i t a ᵑk a t ]_w
[_w k s o t a ᵑk ts a ]_w
[_w m a t i w a ]_w
[_w w aː m a t a ]_w
[_w k a n i ⁿt a p ]_w
[_w w i ɾ a k o tʃ ]_w
[_w j a tʃ a k a ]_w
[_w w a p p a ɾ i ]_w
[_w n a n i ]_w
[_w a m i k o ɾ i ]_w
[_w j a ɾ ia ɾ s i n ]_w
[_w w a t a ]_w
[_w t a tʃ tʃ i j a ]_w
[_w m tʃ o s a ]_w
[_w m a ʃ k o w a ]_w
[_w i s t a ts s a ]_w
[_w w a ʃ a ]_w
[_w p ʂ a ]_w
[_w i s t a k tʃ o ʃ ]_w
[_w k s a t a ]_w
[_w p a k i tʃ ]_w
[_w w i ʂ a ⁿtʃ ia ]_w
[_w n a t ʃ a ]_w
[_w p ia ɾ s i n ]_w
[_w m i n o ʃ ʃ a ]_w
[_w i s o s oa ]_w
[_w k a s a k o ]_w
[_w ᵑk o t a ʂ i ]_w
[_w j a m a ⁿt ]_w
[_w ʂ o w a ⁿtʃ ]_w
[_w n a n i ⁿts ]_w
[_w n o w a n i p a ]_w
[_w a t ia ʂ i ]_w
[_w t a m a ɾ ʃ o tʃ ]_w
[_w t a n o k s i n ]_w
[_w p i ɾ i m o n ]_w
[_w i tʃ ia ]_w
[_w m a ᵑk i p t i ]_w
[_w k aː p ]_w
[_w n a p ia ɾ o ]_w
[_w t a j a ɾ o tʃ ]_w
[_w k a m i s ]_w
[_w m a p ʃ i n i ]_w
[_w w aː n a ɾ i ]_w
[_w i tʃ i ᵑk o ɾ o ]_w
[_w j a tʃ a k s i n ]_w
[_w m o tʃ ʃ a ]_w
[_w ʂ a p a n ]_w
[_w w a ɾ i t ]_w
[_w k a n a ]_w
[_w p a tʃ i m a ]_w
[_w a ʃ t a tʃ o ]_w
[_w j o w i n i ]_w
[_w w a tʃ p a ɾ ia ]_w
[_w t a m ]_w
[_w tʃ i n a k ia ʂ i ]_w
[_w i s t a tʃ i ⁿts a ]_w
[_w i n a k o ]_w
[_w m o tʃ oa ]_w
[_w k a j a ʃ i ᵑk o ]_w
[_w a n n o ᵑk ]_w
[_w m a tʃ k o ]_w
[_w a p a ɾ ia ]_w
[_w m a ᵑk oa ]_w
[_w n a ts a k s i n ]_w
[_w k a n o ʃ ]_w
[_w k o ɾ a k a w ]_w
[_w k a m a n ]_w
[_w p a k tʃ ia w a ]_w
[_w tʃ i n a m a m ]_w
[_w i t o ts tʃ i m a ]_w
[_w o s i j a ɾ o ]_w
[_w t o n a ɾ o ]_w
[_w ʂ a p a n ia ]_w
[_w m o tʃ tʃ i j a ]_w
[_w a n p o ɾ ]_w
[_w i t o ts t a ]_w
[_w p o ts ia m ]_w
[_w k o ᵑk oa ]_w
[_w ᵑk o t a ɾ i t ]_w
[_w m a ʂ a ɾ a ⁿtʃ ia ]_w
[_w m a ᵑk i ʃ i ]_w
[_w n a p a ᵑk i ]_w
[_w p a ɾ a t ʃ a ]_w
[_w i tʃ i ᵑk o ɾ oa m ]_w
[_w m a ᵑk a j a ]_w
[_w ᵑk a t k o ]_w
[_w m aː tʃ ia ]_w
[_w a n t a ɾ i ]_w
[_w n a ts a k tʃ o ]_w
[_w i p o s tʃ i j a ]_w
[_w w i p aː ]_w
[_w w a m i n i ʃ ]_w
[_w i w a ɾ ʃ a ]_w
[_w t o ʂ a ʂ ]_w
[_w a n o m a ⁿt a ]_w
[_w n a ᵑk i ]_w
[_w k a s a tʃ ]_w
[_w t a ts i p ia ɾ o ]_w
[_w m o s a ʃ ]_w
[_w w a t a m ]_w
[_w i p a ɾ i n ia ]_w
[_w t a tʃ i t k o s ]_w
[_w w a n i ɾ i ]_w
[_w ᵐp i ʂ a k a n a ]_w
[_w w a n a s i ɾ i ]_w
[_w m o tʃ tʃ o ɾ ia m ]_w
[_w m a ⁿts a k i n a ]_w
[_w a ʃ k i s ]_w
[_w m i n ʃ o tʃ ]_w
[_w a ɾ a p t a ]_w
[_w n o ts ia ts ʃ a ]_w
[_w w a m a ɾ o ]_w
[_w m a j a m t a ]_w
[_w a n oa ts ʃ a ]_w
[_w t i t ]_w
[_w j a ɾ ia ɾ o ]_w
[_w k p i t a ᵑk ts a ]_w
[_w t a tʃ i n p a t ]_w
[_w n o w m a ]_w
[_w w i p a j a ]_w
[_w k i ʂ a p a n ]_w
[_w t a k ʃ a ]_w
[_w m tʃ o s p a ]_w
[_w n o ts ia ts i ]_w
[_w k o w i p t i s ]_w
[_w j a ʃ i n i ]_w
[_w ʂ a m ia t p a ]_w
[_w m a ʃ a ᵑk tʃ a ]_w
[_w ʂ o w a ]_w
[_w ʂ a ⁿt k o tʃ ]_w
[_w j o t a m a m ]_w
[_w a p a ⁿtʃ ʃ a tʃ a ]_w
[_w k o ɾ a ]_w
[_w p a k ia ɾ o ]_w
[_w o w ʃ t i s i n ]_w
[_w w a p t a m ]_w
[_w w a ts i j o n ]_w
[_w k a m a n k i ]_w
[_w t a k t a ]_w
[_w s i m o ]_w
[_w k s o t k o w a ]_w
[_w a n ʃ o tʃ ]_w
[_w n o w aː ]_w
[_w p ʃ t a m a tʃ ]_w
[_w a ʃ i m a ʃ ]_w
[_w a ʃ k o ]_w
[_w tʃ i n a ]_w
[_w m i ʂ a ⁿtʃ ia m ]_w
[_w p o k i ɾ ]_w
[_w o w a m ]_w
[_w a ʃ ia m a tʃ ]_w
[_w ⁿt o n t a t i ]_w
[_w ᵐp i ʂ a k i j a ]_w
[_w m a ɾ a ᵑk i j a ]_w
[_w o p ia h aː ]_w
[_w n a ts a k t a p ]_w
[_w i s t a k ʃ a ]_w
[_w m i n o ɾ p a t ]_w
[_w p o t i t ]_w
[_w ʃ ia ɾ o ʃ ]_w
[_w a ʃ k i n i ]_w
[_w a p a ɾ i ]_w
[_w s i j a p ]_w
[_w w a n ia ɾ a n a ]_w
[_w j o t a j a ɾ o ]_w
[_w p a ᵑk o tʃ i n a ]_w
[_w a p a ⁿtʃ o ʃ ʃ a ]_w
[_w ᵑk o t a ]_w
[_w t a tʃ i n aː ]_w
[_w ʂ a ⁿt k i ʃ ]_w
[_w ts a p o n ]_w
[_w p a j o k o w a ]_w
[_w j a ɾ t a n a ]_w
[_w a n t a ]_w
[_w k o k i p t i ]_w
[_w k i ʂ aː ]_w
[_w a ʃ i ɾ o ]_w
[_w s o ɾ i n i ]_w
[_w m o s a p ]_w
[_w k t o ᵑk i ⁿts p a ]_w
[_w m a ⁿts i ɾ i ]_w
[_w a n ʃ o ɾ i ]_w
[_w i s t a k i s ]_w
[_w n a t o m a ]_w
[_w p a p o ɾ oa ]_w
[_w ts i p a ɾ ia m i ]_w
[_w a ʃ tʃ i ɾ ]_w
[_w ʃ a ᵐp a t ia n i ]_w
[_w s i ᵑk ]_w
[_w s i ɾ a s p a t ]_w
[_w w a n i ɾ ]_w
[_w t a ɾ a ᵑk a n a ]_w
[_w s i j a m ʃ a ]_w
[_w k i ʂ a ]_w
[_w w a j a k i j a ]_w
[_w t a ᵑk ts a ]_w
[_w a p a ⁿtʃ tʃ i tʃ ]_w
[_w tʃ a k ʃ a ]_w
[_w ʂ a ⁿt k o ]_w
[_w k o k i p t i s ]_w
[_w w a ts ia ]_w
[_w a p a ⁿtʃ p o ts ]_w
[_w ᵐp o t i ʃ ]_w
[_w n a p tʃ i m a ]_w
[_w a ʃ k i j a ]_w
[_w a p a ⁿtʃ p a n i ]_w
[_w a n t a n a ]_w
[_w j a ɾ k i j a ]_w
[_w i p o n ʃ i ʃ ]_w
[_w m o tʃ tʃ o ɾ ia ]_w
[_w a p a ⁿtʃ p a ]_w
[_w p o ts ia k o ɾ i ]_w
[_w s ia ᵑk ts a ]_w
[_w a j a m ]_w
[_w a n a m a n ]_w
[_w t o m o ʂ ]_w
[_w t a tʃ ia ʂ i ]_w
[_w tʃ i n a ᵑk tʃ a ]_w
[_w s a ɾ o ]_w
[_w i ts a p t a m ]_w
[_w j o ᵐp ia t a ]_w
[_w a ʃ i ɾ o tʃ ]_w
[_w p o ts ia ]_w
[_w j a tʃ tʃ ia ]_w
[_w a t i t a t i ]_w
[_w k i ʂ p o ɾ ]_w
[_w ⁿt o n t a m ]_w
[_w a ʃ i ɾ i t a ]_w
[_w p i s o t ʃ a ]_w
[_w p a ⁿts a t ]_w
[_w n a tʃ o ]_w
[_w k a m a tʃ ]_w
[_w j o t t a m ]_w
[_w n o w ʃ a ]_w
[_w n i ɾ a k ]_w
[_w n o w a ʃ ]_w
[_w m a p ʃ i ʃ i p ]_w
[_w k a m i s aː ]_w
[_w a ʃ p a ɾ i ]_w
[_w ᵑk o t i s ]_w
[_w w a tʃ o n o ᵑk ]_w
[_w m s a s o ʃ ]_w
[_w s i m o ʃ ]_w
[_w t a m ia ɾ o ɾ i ]_w
[_w p i t o ɾ ]_w
[_w w i ʃ tʃ i p ]_w
[_w j a m k o ɾ ia m ]_w
[_w m a j a ɾ o ʃ ]_w
[_w a p a j a ]_w
[_w i tʃ i ᵑk a ʂ ]_w
[_w k tʃ i t ]_w
[_w p o k a m tʃ o ]_w
[_w k o s a ɾ o ]_w
[_w o w aː m ]_w
[_w o ɾ p a t ]_w
[_w t a ɾ i ⁿtʃ p a ]_w
[_w n o w tʃ a ]_w
[_w ts i ɾ i ]_w
[_w j a tʃ a m a m ]_w
[_w o w m a ]_w
[_w k a j oa ]_w
[_w m o s a ]_w
[_w ʃ t o ᵑk a ts ]_w
[_w tʃ a j a n a ]_w
[_w a ʃ i ɾ o ɾ i ]_w
[_w j a s a p i ]_w
[_w t a s ]_w
[_w k a m o ᵑk tʃ i tʃ ]_w
[_w i s t a k i j a ]_w
[_w n o w a m a ]_w
[_w ⁿt a ᵐp a ɾ i n i ]_w
[_w k a n ]_w
[_w j o s o ɾ ʃ a ]_w
[_w ʈʂ i ɾ a ᵑk o ]_w
[_w i ʃ i n k i j a ]_w
[_w w a n i ⁿtʃ ]_w
[_w i j aː ]_w
[_w p s a n ʃ a ]_w
[_w p a j o k a n a ]_w
[_w n a ɾ i ]_w
[_w s i ɾ a ᵑk o ]_w
[_w ts a p o ʃ ]_w
[_w a j o ]_w
[_w ts a ᵑk a tʃ ia ]_w
[_w n o ts i ]_w
[_w m a ʃ t a ]_w
[_w m a ᵑk o t a ɾ i ]_w
[_w w a m k o ]_w
[_w t a p a n i ]_w
[_w k a s a k o s ]_w
[_w t a m a ɾ ]_w
[_w tʃ k a ]_w
[_w m a ɾ a k o tʃ ]_w
[_w k i t ia ɾ s i n ]_w
[_w k ʃ aː ]_w
[_w j a m p a n ]_w
[_w i j a p ]_w
[_w k o w i ʂ ]_w
[_w a p a ⁿtʃ t a ⁿt a ]_w
[_w k a tʃ i j a ɾ o ]_w
[_w p a k tʃ i ]_w
[_w t o p t a ]_w
[_w p a j o k o n i ]_w
[_w k a m a n p i ]_w
[_w w a p a ɾ ia ]_w
[_w k a m o ʂ ]_w
[_w w a m i n i s ]_w
[_w p a ᵑk a t ]_w
[_w ʃ i j n a ]_w
[_w i t a ɾ o ]_w
[_w p a n a ᵑk ts a ]_w
[_w n o ts ia ts i tʃ ]_w
[_w k a p o ᵑk t a ]_w
[_w i ts i p ]_w
[_w a n o ɾ i ʃ a ]_w
[_w tʃ a k a h a ]_w
[_w ts a p oa ]_w
[_w a ʃ i ɾ o n ]_w
[_w m o ɾ i ]_w
[_w t a k i n a ]_w
[_w s i j aː ts i ]_w
[_w j a s a k s a ]_w
[_w o ɾ s i ɾ ʃ a ]_w
[_w n a t a ]_w
[_w i p a ɾ o ]_w
[_w p a ɾ a ᵑk i j a ]_w
[_w w a w i ts ]_w
[_w a p i ⁿtʃ ]_w
[_w t a m a tʃ t a t ]_w
[_w m a ᵑk oa n k o s ]_w
[_w k a m a tʃ i ]_w
[_w n a ⁿtʃ p a ]_w
[_w m a ʂ i n a tʃ ]_w
[_w p o ʂ a p ]_w
[_w n a p k o ]_w
[_w w a ts t a k s a ]_w
[_w k s o t a ᵑk i ]_w
[_w p a tʃ a j a ɾ o ]_w
[_w n a tʃ tʃ i j a ]_w
[_w n o ts a s ]_w
[_w tʃ i j ]_w
[_w p a p tʃ a ]_w
[_w n i ɾ a k o ʃ ]_w
[_w i j ʃ a ]_w
[_w t a tʃ p a ʂ ]_w
[_w k i m a k o ]_w
[_w n o w aː ts ʃ a ]_w
[_w w a ᵑk o j ʃ a ]_w
[_w m s a ᵑk ia ɾ o ]_w
[_w j o t a ɾ i ]_w
[_w o ɾ k a ɾ i ʃ ]_w
[_w j a k t aː ]_w
[_w s o ɾ a ]_w
[_w ⁿt o ʃ ]_w
[_w o ɾ o p o ᵑk ]_w
[_w k a s i tʃ o ]_w
[_w w a p t a ]_w
[_w k o t a k o ʃ ]_w
[_w a p a ⁿtʃ p a t ]_w
[_w j a tʃ i j a ]_w
[_w ʂ a ⁿt k ia ʂ i ]_w
[_w i s t i w aː ]_w
[_w a ʃ tʃ i ]_w
[_w a t ʃ a ]_w
[_w o ɾ o ]_w
[_w p a k tʃ o s i n ]_w
[_w k a ⁿt a n ]_w
[_w k o ɾ o t ]_w
[_w k o k o ʂ ia ]_w
[_w k a p o ᵑk o w ]_w
[_w ʂ a ⁿt k i tʃ ]_w
[_w w a n i tʃ i m a ]_w
[_w n i ɾ i j a ]_w
[_w ʂ a p i ʃ ʃ a ]_w
[_w p a j o k i n a ]_w
[_w k tʃ i t a ]_w
[_w n a m a m a w ]_w
[_w t o n i ]_w
[_w ⁿt a ᵐp a ɾ i ]_w
[_w n a p a n i ]_w
[_w p a p ts a ]_w
[_w i s o s ʃ a ]_w
[_w i s t a ⁿt a ]_w
[_w p a ʈʂ a ᶯʈʂ ]_w
[_w p a tʃ a k a ]_w
[_w a p a p ]_w
[_w s i j a ʃ ]_w
[_w m a ʂ i n a ⁿtʃ a ]_w
[_w ts i p a tʃ ]_w
[_w a ʃ i ɾ i ]_w
[_w k aː p a n a ]_w
[_w a p a ⁿtʃ ia ]_w
[_w w a t a t ia ɾ o ]_w
[_w w a p a t ]_w
[_w s i j ]_w
[_w n a k o tʃ ]_w
[_w ᵐp o t ]_w
[_w s i j a n a ]_w
[_w n i ɾ a k aː ]_w
[_w tʃ p o k a m tʃ o ]_w
[_w i n a j a ]_w
[_w t p o ts ia ]_w
[_w n o ts ia ]_w
[_w k p i t a ᵑk tʃ a ]_w
[_w t a t a ᵑk a t ]_w
[_w i p o n a m a m ]_w
[_w ts i p a ts ʃ a ]_w
[_w j o w ]_w
[_w w a ts i ɾ i ]_w
[_w m a ᵑk i n i ]_w
[_w m i n a m aː ]_w
[_w k a tʃ i j k o ]_w
[_w m a ᵑk o t a ʂ i ]_w
[_w a ɾ a ᵑk i j a ]_w
[_w a n o ʃ ]_w
[_w m a p ia k o ]_w
[_w w a ⁿt ]_w
[_w p o n i tʃ i m a ]_w
[_w m a ʃ a ]_w
[_w p o ts ia ts ʃ a ]_w
[_w j aː n a ]_w
[_w a p a ⁿtʃ i s ]_w
[_w k a p o ᵑk o ɾ i ]_w
[_w n a p tʃ i ⁿts p a ]_w
[_w k o k ]_w
[_w k o ɾ a k tʃ a ]_w
[_w m tʃ o s ʃ a ]_w
[_w p a j o ɾ o s ]_w
[_w i n tʃ i j a ]_w
[_w m tʃ o s aː ]_w
[_w t a j o s ]_w
[_w w a n ia ɾ o ]_w
[_w ts o p ]_w
[_w m i n ]_w
[_w s i t a ts t ia ]_w
[_w ʃ i j aː ts i ]_w
[_w t a tʃ i ⁿts p a ]_w
[_w j o s o ɾ ]_w
[_w m a ʃ a m a m a ]_w
[_w ⁿt o m a ]_w
[_w a p a ⁿtʃ ia m a ]_w
[_w m a ᵑk oa ʂ ]_w
[_w ʃ a n t a tʃ ]_w
[_w n a k o s ]_w
[_w w tʃ o ʃ ]_w
[_w j a ɾ ia ⁿtʃ i j a ]_w
[_w s o m a s ia m ]_w
[_w p a ᵑk o ʃ ]_w
[_w a ʃ i ɾ o ʃ ]_w
[_w ts i p a ɾ ia ]_w
[_w m i n oa ]_w
[_w w a n o ts i n i ]_w
[_w t a m a p a ]_w
[_w s i j a m a ]_w
[_w s i j a p a t ]_w
[_w tʃ i n a k o s ]_w
[_w a p a ɾ p a t ]_w
[_w w a p a ʂ ]_w
[_w j a s a ɾ o ]_w
[_w m s a s ]_w
[_w j a k t a ]_w
[_w ts i j a ts s i n ]_w
[_w i s o s t a ]_w
[_w ᵑk i tʃ i ⁿtʃ p a ]_w
[_w w a p p a ɾ ia ]_w
[_w t a tʃ ʃ a ]_w
[_w o t ia j a ʃ ]_w
[_w s o m a ]_w
[_w t a m a s k o p ]_w
[_w a n ʃ o j a ]_w
[_w h o s i n ]_w
[_w a n o m o n ]_w
[_w w a m k o ɾ i ]_w
[_w p a p o ɾ o ]_w
[_w ʂ o w aː ]_w
[_w w a ᵑk a ʂ ]_w
[_w t i j a ]_w
[_w s i j aː ts ʃ a ]_w
[_w m a ɾ i j ʃ a ]_w
[_w w a m a ɾ ia ]_w
[_w t a t a ɾ i j a ]_w
[_w n a k tʃ o s ]_w
[_w j a ɾ t a tʃ ]_w
[_w ʂ o ɾ k o ]_w
[_w a t o s i n ]_w
[_w j a s a ɾ i tʃ ]_w
[_w s i n a j a ɾ o ]_w
[_w p a ⁿts a ɾ a ᵑk o ]_w
[_w w i p a ]_w
[_w p ʂ i ɾ i ]_w
[_w ʂ a ⁿt k a tʃ o s ]_w
[_w j a s i n ]_w
[_w t i m o tʃ t a ]_w
[_w a ʃ k o w a ]_w
[_w a p a ⁿtʃ ia m ʃ a ]_w
[_w p a p i ɾ o ]_w
[_w ʃ i ɾ i j ]_w
[_w t a ɾ tʃ a ]_w
[_w t a tʃ i ᵑk ia ɾ o ]_w
[_w m a ʃ a ɾ a ᵑk o ]_w
[_w p a n i ]_w
[_w w a ʂ a n ]_w
[_w i s t a t ]_w
[_w m tʃ i t ]_w
[_w tʃ a k a n a ]_w
[_w k a m i ᵑk ia ɾ o ]_w
[_w ʈʂ i ɾ a ᵑk a n a ]_w
[_w t i n i ]_w
[_w w i p a p ]_w
[_w k a s i ɾ i n a ]_w
[_w t a ɾ t a tʃ o ]_w
[_w tʃ i n a k o ]_w
[_w w a n ia k o ]_w
[_w t o s o m o n ]_w
[_w a n o ʂ o w a ⁿtʃ ]_w
[_w ⁿt a t o ɾ a ᵑk o ]_w
[_w t a ɾ a ᵑk i s ]_w
[_w o w p a t ]_w
[_w ʂ o ɾ a k tʃ a ]_w
[_w t a m a m a ɾ i ]_w
[_w a n o m a ⁿt ]_w
[_w m o s ]_w
[_w p i j a ɾ o ]_w
[_w i p a ɾ p a ʂ ]_w
[_w tʃ p o k a t ]_w
[_w ⁿt o n i w a ]_w
[_w a p a ɾ ia ts i ]_w
[_w ʃ i ᵑk a ⁿt a m ]_w
[_w j o s o ɾ oa ]_w
[_w t a ɾ a tʃ i tʃ ]_w
[_w ts o ɾ oa ]_w
[_w k o ʈʂ i n t a ]_w
[_w w a p a ɾ a ᵑk o ]_w
[_w w aː n a ]_w
[_w m a ᵑk ia m i s ]_w
[_w k o ɾ o ʂ ia ɾ o ]_w
[_w o ɾ s i ɾ ]_w
[_w s a ⁿt ia k ʃ a ]_w
[_w p a n a tʃ i ]_w
[_w t a tʃ i j a ]_w
[_w p i s t o ]_w
[_w k a m a p a ɾ ia ]_w
[_w p a ᵑk o ]_w
[_w tʃ i n a p i ]_w
[_w k o ɾ a k a ɾ aː ]_w
[_w tʃ i n a ɾ i ]_w
[_w p a p o ɾ ]_w
[_w i n a ɾ i ]_w
[_w a ʃ i k ʃ a ]_w
[_w tʃ i n o ʂ ia ]_w
[_w ʂ i t a m a m ]_w
[_w p a k a t ]_w
[_w m a tʃ i ]_w
[_w k a n i ʂ p a t ]_w
[_w ʂ a p a ]_w
[_w k a m a n i ]_w
[_w o w i ʃ ]_w
[_w i p o n o ]_w
[_w ʃ i ᵑk tʃ i tʃ ]_w
[_w t a tʃ i ⁿtʃ p a ]_w
[_w a p aː ]_w
[_w t a m a m a h a ]_w
[_w k o ɾ a k a m ]_w
[_w k o ʈʂ i n a ]_w
[_w k s a ᵑk i ⁿts ]_w
[_w t p o ts o ʃ ]_w
[_w w a ʃ tʃ i ]_w
[_w ʃ a n i j m a ]_w
[_w a ɾ a p ]_w
[_w ʃ i j a ʃ ]_w
[_w ʃ i j ʃ a ]_w
[_w s i j aː ]_w
[_w p a ᵑk o s ]_w
[_w a ʃ k a tʃ o ɾ i ]_w
[_w t tʃ i t a m tʃ a ]_w
[_w p a tʃ a m a m a ]_w
[_w j o s i k i j a ]_w
[_w j o w a m o n ]_w
[_w ʃ i j a ᵑk a ʂ ]_w
[_w p i t o ɾ o ʃ ]_w
[_w t p o ts ]_w
[_w t a tʃ p a ɾ ia ]_w
[_w m a ᵑk o ʃ ]_w
[_w a t a n a w a ]_w
[_w k a ɾ o w ]_w
[_w a p o s a m o n ]_w
[_w i p o s ]_w
[_w j a p ia ]_w
[_w ʃ i t a ɾ ]_w
[_w s i n ]_w
[_w ʃ i j aː ts ʃ a ]_w
[_w j a ɾ a ᵑk a n a ]_w
[_w j a ɾ ia ɾ o s ]_w
[_w t a tʃ p a s a ]_w
[_w k i s tʃ a ]_w
[_w n i ᵑk ia m ]_w
[_w ts ts a ᵐp ia ɾ o ʃ ]_w
[_w k ʂ a m m a ʃ ia ]_w
[_w i p i s o t ʃ a ]_w
[_w w i ʂ a ⁿtʃ ia m ]_w
[_w t a t i ⁿts p a ]_w
[_w p o t a m ʃ a ]_w
[_w t a ɾ a ᵑk a ʃ a ]_w
[_w w a n ia ɾ i ʃ ]_w
[_w j a m a ]_w
[_w w a ᵑk a ts s a ]_w
[_w a ʃ tʃ o ]_w
[_w s o ⁿt a ɾ ʃ a ]_w
[_w a p a ɾ i t ]_w
[_w i s o s oa ts ʃ a ]_w
[_w w a n a ]_w
[_w ʂ a ⁿt k i n a ]_w
[_w n a tʃ i tʃ ]_w
[_w t i n i j a ]_w
[_w j a ɾ t a tʃ o ]_w
[_w m tʃ o s ]_w
[_w ʃ i ɾ i j a ]_w
[_w tʃ i j ʂ a ᵑk i ]_w
[_w k o s ia ɾ o ]_w
[_w k i ʂ a ʃ ]_w
[_w m a ᵑk o ]_w
[_w i p o n a tʃ tʃ a ]_w
[_w k o ɾ a k aː ]_w
[_w tʃ i j n a ]_w
[_w a ʃ i k ]_w
[_w k i ʂ i s ]_w
[_w ts o ɾ o ʃ ]_w
[_w n o w a m ]_w
[_w w a n i ɾ ʃ a ]_w
[_w ʈʂ i ɾ a ᵑk ]_w
[_w a t p a ʂ ]_w
[_w k s o t k a n a ]_w
[_w ts a p o ]_w
[_w n a ᵑk ts a ]_w
[_w t a t k o s ]_w
[_w j a m a k ʃ a ]_w
[_w a n ia ɾ a ᵑk o ]_w
[_w n a ts tʃ a ]_w
[_w ʂ a ɾ o j a ]_w
[_w p a n a tʃ ia ʂ i ]_w
[_w w a ts i p ia ɾ o ]_w
[_w o w aː ]_w
[_w m a s a tʃ i j a ]_w
[_w o ɾ s i ɾ i ʃ ]_w
[_w ʂ a ɾ i ]_w
[_w k a p o ᵑk o ʃ ]_w
[_w j a s a ts s a ]_w
[_w ts a s ]_w
[_w n o ts i n i ]_w
[_w t p o ts i ]_w
[_w j a ɾ tʃ i ⁿtʃ p a ]_w
[_w a n p a n i ]_w
[_w o w aː ts ʃ a ]_w
[_w p ʂ a j a ]_w
[_w t a s a s ia ɾ o ]_w
[_w m o s a p a t ]_w
[_w ts i j a ts i s ]_w
[_w t i n a ɾ a ᵑk o ]_w
[_w tʃ i k ]_w
[_w p a k ia ɾ s i n ]_w
[_w t o tʃ i j a ]_w
[_w n a p ]_w
[_w ᵑk i tʃ i ⁿts a ]_w
[_w o ɾ i p a p ]_w
[_w m a ʂ a ɾ a ⁿtʃ o ]_w
[_w k o w i p t i ʃ ]_w
[_w p i t o ɾ oa ts i ]_w
[_w j a ʃ i ᵑk ]_w
[_w w a ᵑk p a ]_w
[_w a t a n a j a ]_w
[_w w i p a ts ia ]_w
[_w i ʂ o ɾ ia ɾ o s ]_w
[_w i w a ʂ ]_w
[_w k a s i tʃ ]_w
[_w ᵐp o t ia ]_w
[_w k i ʂ p o ɾ tʃ a ]_w
[_w tʃ i j a m ]_w
[_w t a m a k ʃ a ]_w
[_w n a t o ʃ ]_w
[_w w aː n i t a m ]_w
[_w a p a ⁿtʃ p a n ]_w
[_w k o s t a m ]_w
[_w m tʃ a tʃ oa ]_w
[_w t a ɾ a ᵑk ts a ]_w
[_w t a t a m ]_w
[_w ʃ a ᵐp a t k o tʃ ]_w
[_w t a ɾ a ᵑk ]_w
[_w a ʃ k o ɾ i ]_w
[_w t o p tʃ a m a m ]_w
[_w n o w a m a ⁿt ]_w
[_w m a j a h a ]_w
[_w k a ɾ o p a n i ]_w
[_w j a ʃ i ᵑk ʃ a ]_w
[_w t o ɾ i ]_w
[_w m a ʃ i ⁿt ʃ a ]_w
[_w k o ɾ o ʂ o ᵑk i ]_w
[_w t a m oa ]_w
[_w t i m o tʃ t a m ]_w
[_w j a ⁿt a j a n i ]_w
[_w tʃ i n a j a ]_w
[_w k o s k a tʃ o ʃ ]_w
[_w k a m a n k o ]_w
[_w s i m ʃ a ]_w
[_w t i n a ]_w
[_w p a t a t ia ɾ o ]_w
[_w t a t k i ]_w
[_w w a tʃ oa ]_w
[_w k a m i ɾ a n a ]_w
[_w p a tʃ a j a n i ]_w
[_w j a ⁿt a k o ]_w
[_w n a p tʃ i m a m ]_w
[_w m a ɾ k o s ]_w
[_w p a ɾ a ᵑk i ]_w
[_w ts a p oa ts t a ]_w
[_w n a t o ɾ i ]_w
[_w t tʃ i t a ᵑk tʃ a ]_w
[_w a n o ʃ ʃ a ]_w
[_w ts a p ]_w
[_w w i p ʃ a ]_w
[_w n i ɾ k a ɾ ʃ a ]_w
[_w p a ᵑk o s o ʃ ]_w
[_w s i j a m a h a ]_w
[_w ⁿtʃ i t a ɾ ]_w
[_w ts i j a t a ]_w
[_w a n o ]_w
[_w t o m a ]_w
[_w a n ʃ o tʃ ia ]_w
[_w i s o s tʃ i tʃ i ]_w
[_w w a p t a ɾ o ʃ ]_w
[_w i s t a ɾ a n a ]_w
[_w w a p a ɾ i ]_w
[_w s i j a p a ]_w
[_w ts i p a j a ɾ o ]_w
[_w ⁿtʃ i t a ɾ o ]_w
[_w tʃ i n a ɾ a n a ]_w
[_w ʂ o ɾ a k aː ]_w
[_w p a n a tʃ i j a ]_w
[_w n a ᵐp a ɾ i ]_w
[_w j a ɾ k o ]_w
[_w p tʃ i ⁿt i ⁿts p a ]_w
[_w p ʃ t o t a ]_w
[_w j a s a tʃ ]_w
[_w a ʃ k o ʃ ]_w
[_w w a j a m a ⁿt ]_w
[_w i j aː ts ʃ a ]_w
[_w a n p a ]_w
[_w ts i p a ɾ i ʃ ]_w
[_w a ɾ a tʃ i tʃ ]_w
[_w k s a h a ]_w
[_w a p a ⁿtʃ i p ]_w
[_w p i s o t ]_w
[_w ᵑk i tʃ i k ʃ a ]_w
[_w j a ɾ a ᵑk s a ]_w
[_w ʂ a w ]_w
[_w n a ᵐp a ɾ ia ]_w
[_w t a m o ɾ o ]_w
[_w k o ts i ]_w
[_w s i j a p t a m ]_w
[_w m a p i j k o s ]_w
[_w i p a ɾ a ᵑk o ]_w
[_w m a j a ]_w
[_w tʃ a k a ]_w
[_w n i ᵑk i tʃ ]_w
[_w p o n i k o s ]_w
[_w a n i s ]_w
[_w ⁿt o n i ]_w
[_w t a m a ɾ ʃ a ]_w
[_w k o ʃ i m o n ]_w
[_w t a m tʃ i j a ]_w
[_w t a t k a n a ]_w
[_w t a ts o m k o tʃ ]_w
[_w k a s i k i j a ]_w
[_w p a s k o w a ]_w
[_w ʃ a n a ]_w
[_w t a t a n a ]_w
[_w t tʃ i t a ᵑk a t ]_w
[_w p o ts i ʃ ]_w
[_w t p o ts i m o n ]_w
[_w n i m o n ]_w
[_w w aː m a ɾ i ]_w
[_w a ʃ k o n i ]_w
[_w p a ɾ ʃ a ]_w
[_w s a ᵑk ts a ]_w
[_w s a p t o ɾ ia ]_w
[_w t p o ts i n i ]_w
[_w j o s o ɾ o ]_w
[_w i ʂ o ɾ ia ɾ o ]_w
[_w t a tʃ ]_w
[_w p a k tʃ i t ]_w
[_w tʃ a w a p ]_w
[_w k o s tʃ i tʃ ]_w
[_w k a p o ᵑk t a m ]_w
[_w p a ɾ a ᵑk i t a ]_w
[_w n a p a tʃ ]_w
[_w a n oa ]_w
[_w j a j a ɾ a t ]_w
[_w ʃ i j m a ]_w
[_w k o ɾ a k a ts i ]_w
[_w k a s a ɾ a ᵑk ]_w
[_w a n o j a ]_w
[_w a m k a ]_w
[_w n a ⁿtʃ p a n ia m ]_w
[_w i s o s p a t ]_w
[_w w i ʂ a ⁿtʃ i ]_w
[_w j o w aː ]_w
[_w t a m tʃ a ]_w
[_w k o k oa ]_w
[_w k o ɾ a k i ]_w
[_w p ia ɾ n a p i ]_w
[_w tʃ a k ]_w
[_w n o w aː m ]_w
[_w t p o ts ʃ o ]_w
[_w ᵑk i tʃ k i j a ]_w
[_w n a ts a k o s ]_w
[_w n i ɾ a ᵑk o ]_w
[_w t a ᵑk i ]_w
[_w t i ɾ i k ʃ o tʃ ]_w
[_w i n a k i j a ]_w
[_w s i j a ʃ o tʃ ]_w
[_w j a ɾ a ⁿtʃ ia ]_w
[_w w a s i n ]_w
[_w t a t o ts t a ]_w
[_w j a tʃ a tʃ i j a ]_w
[_w k a n o ʃ ʃ a ]_w
[_w n a p a ʂ ]_w
[_w n a p ia ɾ o s ]_w
[_w i j a ʃ ]_w
[_w t a tʃ o ]_w
[_w a ʃ i ɾ i n a ]_w
[_w n o w ʃ a tʃ a ]_w
[_w t i t oa ]_w
[_w w i p i ]_w
[_w p o s a p a t i ]_w
[_w ʃ o n ia ᵑk ts a ]_w
[_w ts i j a t k o s ]_w
[_w j a m a ⁿt a ⁿt a ]_w
[_w ⁿt o n t a ]_w
[_w k i ʂ ʃ a ]_w
[_w n a ᵑk tʃ a ]_w
[_w i s o s p a ʃ a ]_w
[_w j a m a m a ɾ i ]_w
[_w w a m a ⁿt ]_w
[_w tʃ i n a ʃ ]_w
[_w t a ɾ a ʃ i s ]_w
[_w w a n ia k o ʃ ]_w
[_w a ʃ i ɾ a ᵑk o ]_w
[_w w a t a t a ɾ i ]_w
[_w m a j a m t a m ]_w
[_w ⁿtʃ o ɾ t a m ]_w
[_w w a j a m s a ]_w
[_w ᵑk a t i ⁿtʃ p a ]_w
[_w i n a p a ᵑk ts a ]_w
[_w ʈʂ a ɾ a ʃ i ]_w
[_w j a ɾ a ⁿtʃ ]_w
[_w tʃ i n a k i n i ]_w
[_w tʃ i n a k i ]_w
[_w s o ⁿt a ɾ ]_w
[_w p ʃ t o tʃ i j a ]_w
[_w w a ɾ o s aː ]_w
[_w a ʃ i m a m ]_w
[_w t a ɾ a w t a ʃ ]_w
[_w o ɾ k a ɾ ]_w
[_w n o w a m o n ]_w
[_w k a s a m a ɾ o ]_w
[_w a t o w a ]_w
[_w a t tʃ a ]_w
[_w i s t a tʃ ia ʂ i ]_w
[_w s a ⁿt ia k ]_w
[_w i tʃ i ᵑk o ɾ oa ]_w
[_w tʃ a n a ts i ]_w
[_w i s t a k o tʃ ]_w
[_w m i ɾ o ]_w
[_w m a j a m a ]_w
[_w t o m a s a tʃ ]_w
[_w k a s i tʃ i m a ]_w
[_w k a p ia t k o s ]_w
[_w k a ⁿt a n t a ]_w
[_w ʃ i j a tʃ tʃ ia ]_w
[_w w ia ɾ i p aː ]_w
[_w k a s a k i n a ]_w
[_w k a m o ɾ o ]_w
[_w p o t a m ]_w
[_w t p o ts i p ]_w
[_w a k ɾ i p aː ]_w
[_w j a ⁿt a ɾ a ɾ i ]_w
[_w a ɾ a ᵑk o ɾ i ]_w
[_w m a ⁿt ]_w
[_w w a j a p i ]_w
[_w t a ɾ i ]_w
[_w k a j o p ia t o ]_w
[_w w a n i p a ]_w
[_w tʃ a j a ɾ o ]_w
[_w m a j a ɾ o s ]_w
[_w ᵑk o t a ɾ i ]_w
[_w k a m o ʂ aː ]_w
[_w w a j a m ]_w
[_w j o t a m ]_w
[_w n o w a ᵑk ts a ]_w
[_w m tʃ a tʃ ]_w
[_w t a ɾ a tʃ ]_w
[_w t a ɾ ᵑk i j a ]_w
[_w k tʃ i p t i ]_w
[_w w i p i n i ]_w
[_w p a ʈʂ a ᶯʈʂ ia ɾ o ]_w
[_w ʂ a p a n i ]_w
[_w k a m a n k o tʃ ]_w
[_w a ɾ a p tʃ ia ]_w
[_w a ʃ k o s i n ]_w
[_w k a s i ɾ o ]_w
[_w tʃ i n a ᵑk ts a ]_w
[_w ts i j a t k i ]_w
[_w n o w a p a t ]_w
[_w j o w a ʃ t a m ]_w
[_w tʃ i n a tʃ i j a ]_w
[_w i ɾ i p i tʃ ]_w
[_w n a ts t a ᵑk tʃ a ]_w
[_w m a ᵑk o k o ]_w
[_w t a t k o ]_w
[_w ts o ɾ ]_w
[_w w a n i tʃ o ]_w
[_w j a m a m ]_w
[_w n a ᵐp a ᵑk tʃ a ]_w
[_w j a k t a ʃ ]_w
[_w ᵑk o t a h a ]_w
[_w i p i s o t ]_w
[_w o ɾ o t a m ]_w
[_w j a s a k tʃ o ]_w
[_w k s o t k i j a ]_w
[_w w a n ia k i j a ]_w
[_w t a ɾ a ᵑk i t a ]_w
[_w a ʃ i ɾ i j ]_w
[_w p i t o ɾ ʃ a ]_w
[_w m a tʃ i p ʃ a ]_w
[_w t a m a ʃ i ⁿt ]_w
[_w k a tʃ i j k o s ]_w
[_w i s t a k tʃ o ]_w
[_w p s a n ]_w
[_w ts i j a t tʃ i ]_w
[_w a t i ʃ ]_w
[_w p a n a k i tʃ ]_w
[_w t a k o tʃ ]_w
[_w ᵑk a t a m ]_w
[_w a ʃ k ia ʂ i ]_w
[_w s i ɾ i n a ]_w
[_w tʃ i n a ɾ a ᵑk o ]_w
[_w ʈʂ i t o ]_w
[_w j o w a ʃ ]_w
[_w k o s t a n a ]_w
[_w i s o s tʃ i n a ]_w
[_w m a ᵑk o k a n a ]_w
[_w k o ᵑk o p a ]_w
[_w m a t a j a ɾ o ]_w
[_w m o tʃ tʃ i ]_w
[_w tʃ i j aː ]_w
[_w i s t a tʃ p a ]_w
[_w m a j a m a ɾ o ]_w
[_w w i p a p a p aː ]_w
[_w j a j a ]_w
[_w ʂ a ⁿt a ɾ i ]_w
[_w n i ʃ o ɾ i ʃ a ]_w
[_w w aː n i ]_w
[_w k o t a k o ]_w
[_w a n oa ts i s ]_w
[_w m i ʃ a ]_w
[_w n a n a t a ]_w
[_w a p a ʂ ]_w
[_w ʈʂ o n a ɾ i ]_w
[_w t a k i n i ]_w
[_w w aː m a t a m ]_w
[_w p a ᵑk a m ]_w
[_w o ⁿt a ɾ oa ]_w
[_w a ʃ ia m ]_w
[_w p o s a n a ]_w
[_w k a n ia s tʃ ia ]_w
[_w w i ᵑk o ]_w
[_w ts i p a ɾ i t a ]_w
[_w n a k tʃ o s i n ]_w
[_w t p o ts i tʃ ]_w
[_w t a m a k a ]_w
[_w n a ts a k i j a ]_w
[_w ⁿtʃ o ɾ p a s ]_w
[_w n a t ia ɾ s i n ]_w
[_w ts a s i ɾ o ]_w
[_w k a s i m a m ]_w
[_w ts i ᵐp o n ]_w
[_w ᵑk o s a ᵐp ]_w
[_w k a n i w a ]_w
[_w t a ᵑk tʃ a ]_w
[_w a p a ⁿtʃ i ᵑk a ʂ ]_w
[_w n o w a n a ʃ a ]_w
[_w k a s i tʃ i j a ]_w
[_w t a t a ɾ o ʃ ]_w
[_w i tʃ t a ɾ o ]_w
[_w o ɾ p a s ]_w
[_w p o t a m a ɾ i ]_w
[_w ts i p a tʃ o ]_w
[_w w a tʃ i n i j a ]_w
[_w j a ⁿt a tʃ i m a ]_w
[_w m a ʂ a ɾ ia ]_w
[_w p i ɾ i ]_w
[_w a ʃ t a ɾ ]_w
[_w t a k tʃ o s i n ]_w
[_w m a ᵑk o k i j a ]_w
[_w ʂ a ⁿt k i s ]_w
[_w p a ɾ a ᵑk o n i ]_w
[_w o w ia ]_w
[_w ʂ a p i ʃ ]_w
[_w t a k a n i ]_w
[_w k a m i n i s ]_w
[_w a n oa ts t a m ]_w
[_w a ɾ a ᵑk i ]_w
[_w ᵑk i tʃ k o s i n ]_w
[_w m a ᵑk oa n a tʃ ]_w
[_w k a p o ᵑk o ]_w
[_w t a tʃ i ⁿts a ]_w
[_w p a ᵑk tʃ i tʃ ]_w
[_w p i ʃ t a ɾ ]_w
[_w a ʃ i k s a ]_w
[_w a p a ⁿtʃ p o ts ia ]_w
[_w t a tʃ i ]_w
[_w ⁿt o n p a ʂ ]_w
[_w a ɾ a ᵑk ts a ]_w
[_w a p a ⁿtʃ t a n a ]_w
[_w i p a ɾ i ]_w
[_w t a ɾ t a n a ]_w
[_w w i p i ʃ ]_w
[_w t a ɾ a ᵑk o ɾ i ]_w
[_w n a p tʃ i t a ]_w
[_w ʃ a ᵐp a t k o s ]_w
[_w n o ts i tʃ i j a ]_w
[_w m a ʃ i ⁿt oa ]_w
[_w ʃ a n i j k o s ]_w
[_w s o ɾ ]_w
[_w j a ɾ ia ]_w
[_w k a ᵐp ia ɾ o ʃ ]_w
[_w m a ᵑk ia m ]_w
[_w i p o n a ʃ ]_w
[_w k a tʃ i ]_w
[_w a ɾ a ᵑk ʃ a ]_w
[_w a p a ⁿtʃ t a m ]_w
[_w o w i ]_w
[_w p ʃ t a j a ɾ o ]_w
[_w a n ʃ o ]_w
[_w w a p a ɾ i ʃ ]_w
[_w ᵑk a t ia ɾ o n i ]_w
[_w n i m o ʃ ]_w
[_w t p o ts ia m ]_w
[_w j o w a m ]_w
[_w n i t a t i ]_w
[_w s i m oa ]_w
[_w k o s k a tʃ o ]_w
[_w w i ɾ k a ɾ i ʃ ]_w
[_w a n o ɾ i ]_w
[_w t o ʃ i j a m ]_w
[_w j a s a m a m a ]_w
[_w p t a t a ɾ o ]_w
[_w w i ʂ a ⁿtʃ i ʃ ]_w
[_w k o t a ᵑk i ⁿts ]_w
[_w m aː tʃ i ᵑk a ʂ ]_w
[_w t a m a ɾ ia h a ]_w
[_w k o ʈʂ i n a ɾ i ]_w
[_w k i m a ɾ a ᵑk o ]_w
[_w ʃ i t a ]_w
[_w w a n o ts ia m ]_w
[_w n i ʃ o tʃ ]_w
[_w ʂ oː ɾ k o ]_w
[_w n a p tʃ i j a ]_w
[_w k a p ia t a tʃ ]_w
[_w a n oa m ]_w
[_w m a tʃ ia ]_w
[_w t a t o ᵑk tʃ a ]_w
[_w a ʃ i ɾ i t ]_w
[_w p a ᵑk o k o ]_w
[_w i s t a ᵑk ts a ]_w
[_w w a tʃ ]_w
[_w i p o s a t a ]_w
[_w k o ɾ a k a ]_w
[_w s i j a m a m ]_w
[_w m a s a tʃ ia ʂ i ]_w
[_w p a t o ʃ ]_w
[_w a ʃ k a ]_w
[_w m a ʃ tʃ i ⁿts p a ]_w
[_w k a m o ʂ i s ]_w
[_w o s i ɾ i ]_w
[_w ⁿt o n n a ]_w
[_w n i ɾ a ᵑk s i n ]_w
[_w o w a ]_w
[_w w a t a m a ɾ i ]_w
[_w w i p ]_w
[_w w ia ɾ i p i tʃ ]_w
[_w t a ɾ a ʃ i ]_w
[_w k i ʂ a ɾ ia ]_w
[_w tʃ i n a m t a ɾ ]_w
[_w n a p ia ⁿtʃ o ]_w
[_w p o n i tʃ i j a ]_w
[_w ʃ ia ɾ o n i ]_w
[_w a ɾ a p s aː ]_w
[_w k a p i j ɾ o s ]_w
[_w s o m a ⁿt a t ]_w
[_w i s o s oa m a ]_w
[_w k o tʃ a tʃ ia h a ]_w
[_w a ɾ a p tʃ i ʃ ]_w
[_w t a k o ɾ i k ia ]_w
[_w i n a tʃ ]_w
[_w m a ᵑk i ]_w
[_w m a ʃ k o ɾ i ]_w
[_w ʂ a ɾ ʃ a ]_w
[_w p a ⁿts a j a ɾ o ]_w
[_w w a ɾ a ᵑk o ɾ i ]_w
[_w n a k tʃ o ɾ i ]_w
[_w s o m a ⁿt ]_w
[_w p a n a t ]_w
[_w t o ɾ o j a ]_w
[_w w a ᵑk i ]_w
[_w t a j a ]_w
[_w a t a ʃ i n i ]_w
[_w k a p o ᵑk tʃ a ]_w
[_w j a s a ɾ ia ʂ i ]_w
[_w w a ᵑk o j aː ]_w
[_w a n oa ts i n a ]_w
[_w j a m k o ɾ ʃ a ]_w
[_w o ⁿt a ɾ ]_w
[_w t a ɾ o ɾ i ]_w
[_w ts i p a m ]_w
[_w m i n oa ts ʃ a ]_w
[_w s i j a ʃ tʃ i ɾ ]_w
[_w ᵐp o ɾ oa ]_w
[_w a t o ʃ ]_w
[_w i p o n ʃ ia m i ]_w
[_w w a ᵑk a ɾ i n i ]_w
[_w a ɾ a ᵑk o ]_w
[_w t a k o s ]_w
[_w j a m k o ]_w
[_w p i ɾ i k oa ]_w
[_w w i p a ts ]_w
[_w j a m k o s i n ]_w
[_w k o s a m a m ]_w
[_w t a tʃ ia h a ]_w
[_w p a ᵑk p a ]_w
[_w o ᵐp ɾ a ]_w
[_w ʂ a p ʃ i ʃ i p ]_w
[_w ᵑk a t i ⁿts p a ]_w
[_w tʃ i n a ɾ o ]_w
[_w a n p a n i ɾ i ]_w
[_w s a p a n i ]_w
[_w i s t a tʃ o ]_w
[_w ʂ a ⁿt a k ʃ a ]_w
[_w t a tʃ i ᵑk ]_w
[_w ʃ ia ɾ o s ]_w
[_w k s a tʃ i m ]_w
[_w s i j a ts s ia ]_w
[_w j a ⁿt a j a ɾ o ]_w
[_w j o t a ɾ i s ]_w
[_w k a m i s p a ]_w
[_w ʃ ia ɾ ʃ a ]_w
[_w p a n a k o ]_w
[_w p s a n a ]_w
[_w s o m a s p a t ]_w
[_w p a tʃ a p a n i ]_w
[_w p t a t i ]_w
[_w i ɾ i p t a ɾ o ]_w
[_w ⁿt a t o m a ɾ i ]_w
[_w ʂ o ɾ a k i j a ]_w
[_w a p a ⁿtʃ i j a ]_w
[_w n o w a p ]_w
[_w i s t a ᵑk tʃ a ]_w
[_w p ia ɾ n a p ʃ a ]_w
[_w k o s ia ɾ o ʃ ]_w
[_w s i ɾ a p o tʃ ]_w
[_w o t a s a ]_w
[_w j a s ia k s i n ]_w
[_w j a ɾ a ⁿtʃ o ]_w
[_w n a k i j a ]_w
[_w t i n a ɾ a ᵑk i ]_w
[_w w a ʃ o n a ⁿt ]_w
[_w i j a ʃ o tʃ ia ]_w
[_w s a n a ]_w
[_w w aː n ʃ o ]_w
[_w i n tʃ i ⁿtʃ p a ]_w
[_w ʃ i ᵑk i ]_w
[_w k o s a ]_w
[_w k a m a p a ɾ i ]_w
[_w t a p i ]_w
[_w p o t o ɾ i ]_w
[_w w a n i tʃ i tʃ ]_w
[_w ts ts a ᵐp ia ɾ o ]_w
[_w k o ɾ a k ʃ a ]_w
[_w m a ʂ i n a p i ]_w
[_w j a s a m a ɾ i ]_w
[_w t o tʃ o m ia ɾ o ]_w
[_w i p o s ia ɾ o ʃ ]_w
[_w s o w a ᵑk a ʂ ]_w
[_w m a ᵑk ia ts i ʃ ]_w
[_w w a ts t a ɾ ]_w
[_w t o n a ]_w
[_w n a p a m a m a ]_w
[_w k a t o ᵑk ia n i ]_w
[_w n o w a n a ]_w
[_w m a ᵑk oa n ia ɾ o ]_w
[_w m o tʃ tʃ o ɾ ]_w
[_w s i m o ɾ i ]_w
[_w k o ɾ a k a p o ]_w
[_w a t i n a ʃ ]_w
[_w p a j o ɾ a ᵑk o ]_w
[_w k tʃ i n i j a ]_w
[_w a p a ⁿtʃ i ]_w
[_w ʂ a ᵑk a n k o ]_w
[_w k a p i j ʃ i ʃ ]_w
[_w ʂ a ⁿt k a n a ]_w
[_w n a tʃ tʃ a ]_w
[_w a p a ⁿtʃ ]_w
[_w w a n o ts i ]_w
[_w a n a m a m ]_w
[_w j o w a p ]_w
[_w a p a ⁿtʃ i m a ⁿt ]_w
[_w a p a ɾ a ᵑk o ]_w
[_w k a ɾ i ]_w
[_w t o n a ɾ o s ]_w
[_w w a k a ɾ aː ]_w
[_w j a t a tʃ a ]_w
[_w m i n a m a ɾ a ]_w
[_w ʂ o w a ⁿtʃ ia ]_w
[_w n o w a p a ]_w
[_w p o ts ia ts i tʃ ]_w
[_w m o tʃ ]_w
[_w w a tʃ o ʃ ]_w
[_w k ʈʂ oa n k i s ]_w
[_w a p o s a p ]_w
[_w w a p a m a m ]_w
[_w k a ɾ ia ɾ s i n ]_w
[_w ts i p a ts i ]_w
[_w p a n ia m ]_w
[_w p o n i k o ]_w
[_w k i j o ᵑk ]_w
[_w ts a ᵑk a tʃ ʃ a ]_w
[_w t a m a tʃ ]_w
[_w k a s i k a n a ]_w
[_w m i ʂ a ⁿtʃ ]_w
[_w k s a ɾ i ⁿts p a ]_w
[_w p i ɾ i k s a ]_w
[_w p i ʃ t a tʃ ]_w
[_w j a ⁿt a j a ]_w
[_w m i ɾ a n i ʃ ]_w
[_w o ɾ k a ɾ i ]_w
[_w t p o t a p a ]_w
[_w a ʃ k ia h a ]_w
[_w i p o n oa ]_w
[_w ⁿtʃ i t a ɾ o ʃ ]_w
[_w o w ʃ a ]_w
[_w w a tʃ o ]_w
[_w t a k tʃ i ]_w
[_w ʂ a ⁿt k i n i ]_w
[_w ʃ a n ia ɾ a n a ]_w
[_w i ts i n s a ]_w
[_w j a s a s a ɾ oa ]_w
[_w t i k i k o ]_w
[_w p a j o k ʃ a ]_w
[_w i t a ɾ i ]_w
[_w w a n i p a h a ]_w
[_w ʃ i t a ᵑk a t ]_w
[_w o n i s ]_w
[_w ʃ i ᵑk i ⁿts ]_w
[_w p ʃ t o m a ɾ i ]_w
[_w k a s a ɾ ]_w
[_w j o t a ɾ i j aː ]_w
[_w k a m a n ia ɾ o ]_w
[_w w a t a tʃ ]_w
[_w i p o n a ʃ ia ]_w
[_w w a n ia ʃ i ]_w
[_w t a m t a ]_w
[_w ᵑk oa ts i ʃ ]_w
[_w i s t a k o s ]_w
[_w w a m a ɾ ʃ a ]_w
[_w p a ᵑk o s i ʃ ]_w
[_w k a s i k s a ]_w
[_w n a k tʃ o ]_w
[_w p a ɾ a s ]_w
[_w k o ɾ o ʂ t a ]_w
[_w m a ɾ a t ʃ a ]_w
[_w m a ʃ a ᵑk i ]_w
[_w k a s a ɾ ia ʂ i ]_w
[_w p a k tʃ i t tʃ a ]_w
[_w s i j a j a ]_w
[_w j a t a tʃ ]_w
[_w w a j a j a ɾ o ]_w
[_w m i k ia ɾ o s ]_w
[_w o n i s aː ]_w
[_w s i j aː m ]_w
[_w p a ɾ a ᵑk ]_w
[_w t a j a n a ]_w
[_w p o ts i m a m a ]_w
[_w m a ᵑk a w aː ]_w
[_w s a ɾ i j aː ]_w
[_w m a tʃ i n ʃ a ]_w
[_w n i m o n o ]_w
[_w k a m i s p a t ]_w
[_w i p o n k o ɾ i ]_w
[_w m i n a m t a ]_w
[_w w a j a ɾ o ]_w
[_w ts i p a k tʃ i t ]_w
[_w i p o s a p ]_w
[_w a p a ⁿtʃ t a t i ]_w
[_w m ʂ a ts i ]_w
[_w k i j o ᵑk o ]_w
[_w i ʃ i n a ]_w
[_w a n oa ts t a m a ]_w
[_w t o p ]_w
[_w m o s a m o n ]_w
[_w k a p o ᵑk o p ]_w
[_w k t a ʃ ]_w
[_w w a tʃ i n ]_w
[_w n a p a n tʃ a ]_w
[_w n a j a ]_w
[_w p o t a j a ɾ o ]_w
[_w k o s tʃ o w a ]_w
[_w p a j o k s a ]_w
[_w ʃ ia ʃ a ]_w
[_w w a t a t a ]_w
[_w ʈʂ i ɾ a ᵑk ts a ]_w
[_w j a tʃ tʃ i ]_w
[_w ᵑk a t a ɾ a n a ]_w
[_w m a p i ]_w
[_w k s a ᵑk i ]_w
[_w t a tʃ tʃ i ]_w
[_w w a n o s ia ]_w
[_w t p o ts p a t ]_w
[_w j aː n p a t a ]_w
[_w a n i ʃ ]_w
[_w s i j n a ]_w
[_w j a p ʃ a ]_w
[_w t a t ]_w
[_w p a ᵑk a p a t ]_w
[_w i w a ʂ i ɾ i ]_w
[_w s i j a ɾ o ]_w
[_w p i j a ɾ t a ʃ ]_w
[_w a t o ]_w
[_w j a p i ɾ o ]_w
[_w m a j a ɾ a ᵑk o ]_w
[_w k a n o ᵑk a s ia ]_w
[_w j a m k o ɾ ia ]_w
[_w ʂ a p ʃ i ʃ o ʃ ]_w
[_w tʃ i n a tʃ i m a ]_w
[_w t i t ʃ a ]_w
[_w m i n ʃ a ]_w
[_w p a ɾ ʃ i t i ]_w
[_w k a s a tʃ ia h a ]_w
[_w t a t k i j a ]_w
[_w k a p i j m a ʃ ]_w
[_w tʃ i n a k o n i ]_w
[_w j a s a p a t ]_w
[_w ᵑk o t a ɾ o ]_w
[_w t a j a ɾ a ⁿtʃ o ]_w
[_w k s o t a ᵑk tʃ a ]_w
[_w m a p o m o n ]_w
[_w p a ᵑk a tʃ ʃ a ]_w
[_w m a p i j ɾ o ]_w
[_w tʃ a p o ᵑk ]_w
[_w t a m a tʃ ia h a ]_w
[_w a ʃ i ɾ a ᵑk s a ]_w
[_w j a ʃ i ᵑk tʃ i tʃ ]_w
[_w ⁿt o n a ɾ ]_w
[_w m a tʃ i ʃ ]_w
[_w p a ɾ i ʃ ]_w
[_w t o n i m o n ]_w
[_w p o ts i n i ]_w
[_w s o w a ᵑk ts a ]_w
[_w w a p a ⁿt a ]_w
[_w t i n a w a ]_w
[_w k i n a j a ]_w
[_w k o w i ʃ ]_w
[_w n a t o n i ]_w
[_w m i ʂ a ⁿtʃ p a ]_w
[_w k a ᶯʈʂ oa ]_w
[_w s a n t a t i ]_w
[_w j a tʃ a m o ɾ o ]_w
[_w w aː n p a t ]_w
[_w t i m o t ia j o ]_w
[_w m a ᵑk oa ʂ ia ]_w
[_w j a ⁿt a ɾ i ]_w
[_w j o t a ɾ o ]_w
[_w j a k ]_w
[_w j a ɾ ia n a ]_w
[_w k i ʂ a ts i ]_w
[_w s o ɾ o ]_w
[_w w i ʂ p o ɾ ]_w
[_w p a n ia h a ]_w
[_w a n p o ɾ o ʃ ]_w
[_w ʂ a ⁿt a ɾ a ᵑk i ]_w
[_w ts i p a t a ]_w
[_w a n oa m t a m ]_w
[_w ᵑk i tʃ k o ]_w
[_w o ɾ k i ɾ ia ]_w
[_w m a p i j m a m ]_w
[_w p a j o p tʃ ia ]_w
[_w ʃ o tʃ i m o n ]_w
[_w m a ᵑk oa n tʃ i s ]_w
[_w i ʂ oː ɾ ia ʃ a ]_w
[_w ts i j a t k i tʃ ]_w
[_w k a p ia t ]_w
[_w ts i p a m a m ]_w
[_w k ʈʂ oa n k i j a ]_w
[_w ᵑk a t ia ɾ o ]_w
[_w t i p ts i ɾ ]_w
[_w k a m a tʃ ia h a ]_w
[_w a ɾ a tʃ ]_w
[_w a ʃ t a ɾ ia h a ]_w
[_w ᵑk oa ts o ʃ ]_w
[_w n a n tʃ p a ]_w
[_w t a k i ]_w
[_w o s i j a m a ⁿt ]_w
[_w ⁿtʃ i t a ɾ i t ]_w
[_w j a k a n a ]_w
[_w m a ⁿts a j a ɾ o ]_w
[_w i s t a tʃ i ]_w
[_w w a p a ɾ ʃ a ]_w
[_w p o s a p ]_w
[_w a n tʃ i tʃ ]_w
[_w p a j o k i n i ]_w
[_w k ʂ a t a ]_w
[_w ʈʂ a ɾ a m a m ]_w
[_w m a tʃ p i ]_w
[_w j aː n a ts i ]_w
[_w a p a ⁿtʃ o ʃ ]_w
[_w k a ɾ ia ɾ o ]_w
[_w p a ᵑk a n ia ɾ o ]_w
[_w t a k a n i j a ]_w
[_w m a ᵑk o t a n i ]_w
[_w t a ɾ a ᵑk o n i ]_w
[_w ⁿtʃ o ɾ aː ts ʃ a ]_w
[_w k tʃ i t a ᵑk ts a ]_w
[_w s o m a s ]_w
[_w p a n a ɾ a ᵑk o ]_w
[_w w a ᵑk aː ]_w
[_w m a p i j k o ]_w
[_w m a t ia s aː ]_w
[_w t i n a ʃ i ]_w
[_w a p a ⁿtʃ tʃ a ]_w
[_w p i j a m a h a ]_w
[_w t a ɾ a ᵑk i n a ]_w
[_w k a s i j a ʃ ]_w
[_w ʂ a ⁿt k o s i n ]_w
[_w a n o m a ⁿt ʃ a ]_w
[_w k o ʈʂ i n ia ɾ o ]_w
[_w t a m a k tʃ o s ]_w
[_w p i n a s a k o ]_w
[_w i ts i n s a ʃ a ]_w
[_w a t o tʃ ]_w
[_w j a n o ɾ i ʃ ]_w
[_w i j aː ts i ]_w
[_w m tʃ ia ɾ o ]_w
[_w k a tʃ i s ]_w
[_w k a p o ]_w
[_w ts i p a tʃ i m ]_w
[_w p a ᵑk tʃ a ]_w
[_w s i j a ]_w
[_w tʃ t a ɾ o ]_w
[_w ʃ i j a m ]_w
[_w ʂ a ⁿt ia ɾ o ]_w
[_w a k ɾ i p ]_w
[_w w a n a ʃ a ]_w
[_w m a ʃ tʃ i ]_w
[_w o ɾ i p a ]_w
[_w ʈʂ o w a t ]_w
[_w ts i p tʃ i j a ]_w
[_w p o k o ]_w
[_w p a k tʃ o ]_w
[_w k a m o ᵑk a tʃ o ]_w
[_w p i j t a ⁿt a ]_w
[_w a t i t a m ]_w
[_w j o w a ɾ i ]_w
[_w p a ᵑk i ]_w
[_w j o t a ɾ i tʃ ]_w
[_w k a n o ᵑk ]_w
[_w ʂ o w a ⁿtʃ i ʃ ]_w
[_w p tʃ a ɾ i ⁿts p a ]_w
[_w i p o n ]_w
[_w t a m a ɾ ia ]_w
[_w s a n t a ɾ i ʃ ]_w
[_w w i ɾ k a n a ]_w
[_w w a tʃ i n i s ]_w
[_w ʃ ia ɾ o ɾ i ]_w
[_w ts i j a t ia ɾ o ]_w
[_w n a p a ᵑk ts a ]_w
[_w ʂ i t a m a ɾ i ]_w
[_w i p o s tʃ i m a ]_w
[_w p o ts ia t a ]_w
[_w n o w n a ]_w
[_w a ʃ i m a ]_w
[_w t p o ts p a ]_w
[_w m a j a m s a ]_w
[_w k o ɾ a k ]_w
[_w j a k a t ]_w
[_w k a t o ᵑk o ]_w
[_w m a tʃ ia ʂ i ]_w
[_w j aː n i ]_w
[_w m a ʃ a ᵑk ts a ]_w
[_w a m p o ]_w
[_w t a t k o tʃ ]_w
[_w k a t o ]_w
[_w tʃ i n a k tʃ o ]_w
[_w s a n p a ɾ ia ]_w
[_w w a n ia ᵑk ts a ]_w
[_w n o w a ᵑk a ts i ]_w
[_w p a tʃ a k s i n ]_w
[_w w a n o s ]_w
[_w k o k ia ts i n i ]_w
[_w n i ɾ a ᵑk i s ]_w
[_w k i m a ɾ a ]_w
[_w j o ᵑk a ⁿt p a s ]_w
[_w k t o ᵑk a ᵑk i ]_w
[_w n ia m ]_w
[_w n a tʃ i j a ]_w
[_w j a tʃ a ᵑk i ⁿts ]_w
[_w i s o s tʃ i tʃ ]_w
[_w ʈʂ i j ʈʂ ia w ]_w
[_w ts o t a ]_w
[_w m a ɾ a ᵑk i ɾ i ]_w
[_w ⁿtʃ o ɾ a ts i ]_w
[_w w a p a ɾ ia ts i ]_w
[_w k p i t i ⁿtʃ p a ]_w
[_w w a m k o ɾ ʃ a ]_w
[_w ʂ i t a m ]_w
[_w m i n a m ]_w
[_w k a p ia t a ]_w
[_w a p a ɾ ia m ]_w
[_w ts a p oa ts t a m ]_w
[_w m a p i ɾ o n i ]_w
[_w s o ɾ i ʃ a ]_w
[_w t a t o ᵑk ts a ]_w
[_w m i k ia ɾ o ʃ ]_w
[_w k a j o n o ]_w
[_w m tʃ o s a ts i ]_w
[_w w i ts ]_w
[_w ts i p a t ]_w
[_w w a ts t a ]_w
[_w n a t t o ]_w
[_w a ʃ t a tʃ ]_w
[_w p i t o ɾ oa ]_w
[_w m a ⁿts a ts s a ]_w
[_w j o w a p t a ]_w
[_w a p a ⁿtʃ ia ts i m ]_w
[_w p a k tʃ o ʃ ]_w
[_w s i j a m a ɾ i ]_w
[_w p a k tʃ i j a ]_w
[_w k o k ia ts i ʃ ]_w
[_w ts i p a ɾ o ]_w
[_w k i n a k a ]_w
[_w i ʃ i n a ᵑk ts a ]_w
[_w m i s i s i n a ]_w
[_w ᵐp i ʂ a m a m ]_w
[_w tʃ o m a ⁿt a ]_w
[_w w a p a ɾ i p ]_w
[_w j o w a ]_w
[_w t a p ia t o ]_w
[_w o p o s a p a t ]_w
[_w k i ɾ a k a ]_w
[_w k a t o ᵑk ts a ]_w
[_w tʃ i n a t ]_w
[_w t a p a n a t a ]_w
[_w s a p a t ]_w
[_w k o s tʃ i tʃ i ]_w
[_w k i ʂ p o ɾ ia ]_w
[_w w a t a t k o ]_w
[_w tʃ t a ɾ o ʃ ]_w
[_w m a ᵑk ia ts i n i ]_w
[_w m i n oa ts t a ]_w
[_w t a ɾ a ʃ ia ]_w
[_w k i ɾ a k o ʃ ]_w
[_w i n a k tʃ o ]_w
[_w o t a s a s a ]_w
[_w k i s ia ɾ o ]_w
[_w k t o ᵑk a ts ]_w
[_w a t ia h a ]_w
[_w o ɾ k i ɾ ]_w
[_w w a m a ]_w
[_w m a ʃ k o tʃ ]_w
[_w t p o ts i s ]_w
[_w ʃ i t o ᵑk t a ]_w
[_w k a ᵐp ia ɾ o ]_w
[_w k o s ia ⁿtʃ i j a ]_w
[_w j a tʃ a k o ]_w
[_w a n ʃ a ]_w
[_w m ʂ a ts ]_w
[_w i s o s o m o n ]_w
[_w w a p p a ɾ i s ]_w
[_w a p a ⁿtʃ i n a ]_w
[_w t a t o ᵑk ts ia ]_w
[_w w a p a m o n ]_w
[_w m a ᵑk ia ts i s ]_w
[_w k a s i ɾ ]_w
[_w ʃ a n a ʃ a ]_w
[_w k p i t a ᵑk a t ]_w
[_w i p a p ]_w
[_w p a j o m a m ]_w
[_w i n a tʃ i j a ]_w
[_w m a s a ɾ oa ]_w
[_w k o ɾ i k ]_w
[_w p a j o k i j a ]_w
[_w m a p i j m ]_w
[_w j a ɾ a ᵑk i ]_w
[_w ts i j a t ia n i ]_w
[_w n a n a t ]_w
[_w j a k t a t i ]_w
[_w n a ᵐp a p t a m ]_w
[_w p a ᵑk p a n i n ]_w
[_w k o s t a ]_w
[_w i s t a tʃ ]_w
[_w t o ʃ ia ɾ s i n ]_w
[_w ts i p a j a ]_w
[_w p a ɾ a ᵑk o ɾ i ]_w
[_w w ia ɾ i p ]_w
[_w a ʃ k a tʃ o n i ]_w
[_w j a s i n aː ]_w
[_w ʃ i j ]_w
[_w p a ᵑk o k a n a ]_w
[_w p a p o ɾ o ʃ ]_w
[_w n o w a m a ɾ ]_w
[_w ʃ o n ia ɾ s i n ]_w
[_w m ʂ a ts i p ]_w
[_w w a ᵑk t a ]_w
[_w ts i p a ts ia ]_w
[_w i ʃ i n i ]_w
[_w ᵑk o t i tʃ ]_w
[_w p ʃ t a ɾ ia h a ]_w
[_w k a s i ɾ i n i ]_w
[_w i s o s p a ʂ ]_w
[_w i p a ɾ i ʃ ]_w
[_w a n o ɾ i t a m ]_w
[_w m a ʃ tʃ i j a ]_w
[_w t a tʃ i n ]_w
[_w a p a ⁿtʃ ia ts t a ]_w
[_w ⁿtʃ i t a ɾ i ]_w
[_w w a ts i ɾ a ɾ ]_w
[_w w a ʂ a ɾ ia ]_w
[_w k s a ɾ i n ]_w
[_w t i m o tʃ ia ɾ o ]_w
[_w i s t a p i t ]_w
[_w k i ɾ a k ]_w
[_w k a s a k s a ]_w
[_w i s t a k a n a ]_w
[_w j a ɾ k i ]_w
[_w s i j m a ʃ ]_w
[_w j a tʃ a j a ɾ o ]_w
[_w k a ɾ ia ]_w
[_w j o w a p o ɾ oa ]_w
[_w t a m a j ɾ ia ]_w
[_w t a ɾ t a ]_w
[_w i tʃ o m a k o ]_w
[_w k a tʃ i ʃ ]_w
[_w k a p i j ᵑk ts a ]_w
[_w w a n a s i ɾ o ]_w
[_w p a k o ]_w
[_w a j a m ʃ a ]_w
[_w w a ts i ɾ a ɾ i ]_w
[_w s i ɾ i ʃ ]_w
[_w p a j o k o s ]_w
[_w i s t a tʃ i m a ]_w
[_w j a n o ɾ o ]_w
[_w a ʃ i ɾ a ᵑk ]_w
[_w m a ᵑk i ʃ i s ]_w
[_w n o w ]_w
[_w m o s a s i ɾ ia ]_w
[_w t p o ɾ i ]_w
[_w k tʃ i n i p a ]_w
[_w m o s aː ]_w
[_w t a m a j a ɾ o ]_w
[_w ⁿt o n n a ɾ i ]_w
[_w t o tʃ p a t a ]_w
[_w j a t ]_w
[_w p a p o ɾ ʃ a ]_w
[_w ʃ ia n i ]_w
[_w t a k i tʃ ]_w
[_w o ɾ t a m ]_w
[_w k a m i ɾ a n ]_w
[_w t a tʃ i t p i ]_w
[_w ʂ a m a m a ]_w
[_w w a ⁿt a ɾ i ]_w
[_w j a n o m o n ]_w
[_w m i ʃ a tʃ a ]_w
[_w k o k o ʂ ]_w
[_w k a s i ɾ a ᵑk i ]_w
[_w k i s ʃ a p a ]_w
[_w a ʃ k a tʃ o s ]_w
[_w k p a ʃ ]_w
[_w ts a s a ɾ o ]_w
[_w k a s i j a m ]_w
[_w w a ᵑk a ɾ i n ia ]_w
[_w p o ts ia m a n i ]_w
[_w k i n a tʃ o ]_w
[_w n i j a ]_w
[_w i j a ʃ o tʃ ]_w
[_w w a n o ts ]_w
[_w j a tʃ a ᵑk i ]_w
[_w s i ɾ o ɾ i ]_w
[_w j a n o ɾ i ]_w
[_w ts o ᵐp ]_w
[_w m i k ia ɾ o ɾ i ]_w
[_w s a n p a n i ]_w
[_w i s o s o n o ᵑk ]_w
[_w t a m t a t i ]_w
[_w s o w a tʃ ]_w
[_w p ʃ t o tʃ ia h a ]_w
[_w k o ᵑk o p a t ]_w
[_w j a n o ɾ i ʃ a ]_w
[_w t a t a t a n a ]_w
[_w m a p ia k i j a ]_w
[_w t a ʃ i n oa h a ]_w
[_w tʃ o m a ⁿt ]_w
[_w t o m a s ]_w
[_w t a m a m a w ]_w
[_w k a n i ⁿt t a m ]_w
[_w ts i p a tʃ i j a ]_w
[_w i p o n ʃ i n i ]_w
[_w ᵐp a m m a ʃ ia ]_w
[_w a p a ɾ i s ]_w
[_w i p o n a ᵑk ts a ]_w
[_w m a ɾ a ]_w
[_w p a ʂ i ɾ i ]_w
[_w a n o m a ɾ i ]_w
[_w m a ᵑk oa n k i ʃ ]_w
[_w w a m k o ɾ i k ]_w
[_w n a p a n ia m ]_w
[_w ʃ i j a ɾ o ]_w
[_w a n o m o n tʃ a ]_w
[_w k a s i k tʃ o ]_w
[_w p ʃ t o m a m ]_w
[_w n a p a t ]_w
[_w n i ɾ a m a m ]_w
[_w p a n a ᵑk tʃ a ]_w
[_w ᵑk a t a k s i n ]_w
[_w tʃ i p oa ts t a m ]_w
[_w p o ts ia k tʃ o ]_w
[_w h o s i n i ʃ ]_w
[_w j a m a ᵑk tʃ a ]_w
[_w p o n i ]_w
[_w n o ts i tʃ ]_w
[_w t a ɾ ʃ ia ]_w
[_w p a k s i n ]_w
[_w i tʃ t a ɾ o ʃ ]_w
[_w t a k ]_w
[_w p i j a ɾ t a tʃ ]_w
[_w w a tʃ p a ]_w
[_w m aː tʃ i ɾ i t ]_w
[_w a p a ⁿtʃ i ʃ ]_w
[_w p a k ia ɾ o ɾ i ]_w
[_w a p o s ]_w
[_w m a ɾ i j a ]_w
[_w a t i n a ɾ i ]_w
[_w s s i n ]_w
[_w m i n a m t a ɾ ]_w
[_w ʈʂ i k o ]_w
[_w m a ɾ t a n a ]_w
[_w a ʃ i p ]_w
[_w ts i j a ts i ]_w
[_w t a m a tʃ i j a ]_w
[_w j a m a m a ]_w
[_w i p a ɾ i s ]_w
[_w i p a ɾ i n ]_w
[_w k a ɾ ia m ]_w
[_w p a ᵑk a tʃ ]_w
[_w t o ɾ oa ]_w
[_w ᵑk a t ]_w
[_w tʃ i n a tʃ ]_w
[_w ts i p a tʃ i ]_w
[_w j a s i n a ]_w
[_w i p a p a p aː ]_w
[_w ts i p a tʃ i m a ]_w
[_w n o w a n i p ]_w
[_w i j a p a t i ʃ ]_w
[_w ts i j a ts s ia ]_w
[_w n a k tʃ o n i ]_w
[_w p a ɾ a ᵑk a n a ]_w
[_w p a n a k i ʃ ]_w
[_w ts i j a t k i s ]_w
[_w i s o s tʃ i j a ]_w
[_w i s t a k s a ]_w
[_w k a m a p a ɾ ]_w
[_w w aː n p ia ]_w
[_w ᵑk o t i ]_w
[_w w aː n i p a ]_w
[_w a n oa ɾ i ]_w
[_w i n a m ]_w
[_w ʃ i ᵑk t a m ts a ]_w
[_w w a ⁿt a j a n i ]_w
[_w w a n i tʃ i ⁿts a ]_w
[_w k s o m i ʃ ]_w
[_w t a m a j a ]_w
[_w w a n ia k ʃ a ]_w
[_w k o ɾ a s i ɾ i ]_w
[_w i s o s tʃ a ]_w
[_w tʃ i j a ]_w
[_w t o m o ʂ p a ʂ ]_w
[_w w aː tʃ ]_w
[_w t o ɾ o j a ɾ o ]_w
[_w o t ia j ʃ o tʃ ia ]_w
[_w w aː ts s i n tʃ a ]_w
[_w t a ɾ a ᵑk s a ]_w
[_w k o ɾ i k ia ]_w
[_w n o ts ia m ]_w
[_w t a t a ᵑk ts a ]_w
[_w m i n o p ʃ a ]_w
[_w w a t a t tʃ a ]_w
[_w k o ɾ i ⁿt o ʃ ]_w
[_w p a j o tʃ i tʃ ]_w
[_w k s a ɾ i ]_w
[_w j o t a ɾ i t ]_w
[_w t a k t a ʃ ]_w
[_w p a ᵑk o k i j a ]_w
[_w k o k o ]_w
[_w k o s k a tʃ o s ]_w
[_w j a ɾ p a t i ʃ ]_w
[_w p a tʃ a t ]_w
[_w k a ɾ o w a ]_w
[_w k i ʂ p o ɾ t a ]_w
[_w w a p t a k o ]_w
[_w n o w a n i ]_w
[_w n a p tʃ i p ]_w
[_w a n o m a ⁿt a t ]_w
[_w k i j o ᵑk o t a ]_w
[_w a p a ɾ i n ]_w
[_w ʃ i t a n a ]_w
[_w ɾ i n i ]_w
[_w w a t a tʃ a ]_w
[_w n i ɾ i ⁿts p a ]_w
[_w m o tʃ o m ia ɾ o ]_w
[_w i t a ɾ i t ]_w
[_w t a p a ⁿt a ]_w
[_w p a ɾ a ᵑk o s ia ]_w
[_w t a t k o n i ]_w
[_w n a p a m a m ]_w
[_w ᵑk a t k i n i ]_w
[_w i ʂ oː ɾ o ]_w
[_w i ʂ a ɾ ia ]_w
[_w a ʃ k a tʃ o ʃ ]_w
[_w t a tʃ i n i j a ]_w
[_w m a p i ɾ o n ]_w
[_w a t p a s a ]_w
[_w tʃ o ɾ a ᵐp ia ]_w
[_w w a n ia k tʃ o ]_w
[_w k o s a ᵑk i ⁿts ]_w
[_w t i n tʃ o ]_w
[_w p a p o ɾ p a ]_w
[_w ᵑk a t k i s ]_w
[_w t a k i s ]_w
[_w ʂ a ⁿt k o s ]_w
[_w a n t a m ]_w
[_w k a j a ʃ i ᵑk ]_w
[_w a p a ⁿtʃ ia ts ʃ a ]_w
[_w i s o s tʃ i ]_w
[_w ʃ i j a j a ɾ o ]_w
[_w p i j a m ]_w
[_w t a ɾ a ᵑk ʃ a ]_w
[_w ts a p o n o ]_w
[_w t o n i ɾ ]_w
[_w p a ᵑk a t i ]_w
[_w i t o ts t a m ]_w
[_w w aː n i t a t i ]_w
[_w w a j a t ]_w
[_w t a p ia t ia ɾ o ]_w
[_w p i t o ɾ p a t ]_w
[_w ʂ o ɾ a k a w ]_w
[_w w a ʃ o n a ⁿt a ]_w
[_w t a m t a m ]_w
[_w s o w a j a t a ]_w
[_w p a ᵑk a s a n i ]_w
[_w ⁿtʃ o ɾ aː ]_w
[_w s a n a ɾ i ]_w
[_w i s t a k i tʃ ]_w
[_w i j a ʃ tʃ i j a ]_w
[_w k a s i p ]_w
[_w p i t o ɾ o ]_w
[_w k a n i j s a ]_w
[_w p a k o ɾ i ]_w
[_w i n a tʃ i n aː ]_w
[_w i s t a k o w a ]_w
[_w ᵑk i tʃ i m a m ]_w
[_w k o s ia ɾ o n i ]_w
[_w w a ᵑk a ]_w
[_w k a m a tʃ o ]_w
[_w tʃ i n a k i tʃ ]_w
[_w m a ʃ t a ɾ ]_w
[_w tʃ i n a j a n i ]_w
[_w s a n p a ]_w
[_w j a tʃ a k tʃ o ]_w
[_w k a s a m a m ]_w
[_w k a n i j m a m ]_w
[_w tʃ i j ʃ a ]_w
[_w n a t ia ɾ o ]_w
[_w tʃ i n o ʂ p a ʂ ]_w
[_w k o t a k i j a ]_w
[_w w a n o ts i tʃ ]_w
[_w ts i j a t ]_w
[_w ʂ a ⁿt a k o ]_w
[_w p o t a m aː ]_w
[_w i s o s oa ts i ]_w
[_w k a m a n k o s ]_w
[_w k o s tʃ i ]_w
[_w w a j a m ʃ a ]_w
[_w k a s i j a p ]_w
[_w p a t a t a n a ]_w
[_w k a s a tʃ i j a ]_w
[_w ⁿtʃ o ɾ t a ]_w
[_w k o tʃ i ʃ ]_w
[_w i j aː m ]_w
[_w i w a p a ɾ ia ]_w
[_w k o k o ʃ ]_w
[_w k o s k o s i n ]_w
[_w a n t a tʃ o w a ]_w
[_w a ʃ i n o ]_w
[_w a p a ɾ ia ts i ʃ ]_w
[_w p i j a m a k a ]_w
[_w j a ʃ i ᵑk o ʃ ]_w
[_w w a j a k ]_w
[_w ʃ i j a m a h a ]_w
[_w ⁿt o n n a ɾ i p ]_w
[_w s o m a ⁿt ʃ a ]_w
[_w n a t o m a m a ]_w
[_w a ʃ i k p a ʂ ]_w
[_w w i ɾ a k aː ]_w
[_w t o ɾ o p ]_w
[_w k a s i k o ɾ i ]_w
[_w m o t a ]_w
[_w ʃ o n ia ɾ o ]_w
[_w s i ɾ o w a ]_w
[_w i j a m ʃ a ]_w
[_w m a ⁿts a k s i n ]_w
[_w k o ɾ i k p a ʂ ]_w
[_w w a t a t a m ]_w
[_w j a p i ]_w
[_w m a s a ɾ s i n ]_w
[_w w a n o ᵐp ]_w
[_w p a j o ᵑk tʃ a ]_w
[_w p a ɾ a p ]_w
[_w i s t a m a ᵑk i ]_w
[_w n o w a n a ts i ]_w
[_w i p o s a m a m ]_w
[_w t a ɾ i ʃ ]_w
[_w w a p t a tʃ a ]_w
[_w j a tʃ a k a n a ]_w
[_w k a t o ᵑk a tʃ o ]_w
[_w j o w i s ]_w
[_w s i j a ʃ tʃ ia ]_w
[_w ʈʂ a p oa j a ɾ o ]_w
[_w k tʃ ia ts i ʃ ]_w
[_w a ɾ a p tʃ i m a ]_w
[_w m o s a p a ]_w
[_w k o ɾ i k p a t ]_w
[_w p a p o ɾ oa ts i ]_w
[_w m a ʃ k o ʃ ]_w
[_w n a tʃ o ᵑk a t ]_w
[_w i s o s t a n a ]_w
[_w s i j a m o n ]_w
[_w p s a n a ⁿt a ]_w
[_w tʃ i n a tʃ p a ]_w
[_w j a s a k a n a ]_w
[_w w a ʂ a p a n i ]_w
[_w j a m a ɾ i ]_w
[_w ʂ a p a n a ⁿt ]_w
[_w w a tʃ i n a ]_w
[_w a t i j a m ]_w
[_w k o s ia ɾ o ɾ i ]_w
[_w n a m a tʃ ia h a ]_w
[_w w a n ia j a ɾ o ]_w
[_w p a tʃ i ⁿt k o ]_w
[_w ʂ o w ]_w
[_w t a m a tʃ i p ]_w
[_w n a p a ʃ i n i ]_w
[_w k s o t a m ]_w
[_w i p i s ʃ o tʃ ia ]_w
[_w m a t a m ]_w
[_w w a ɾ i ]_w
[_w ʂ o ɾ a k a m ]_w
[_w k o s tʃ i j a ]_w
[_w w a ᵑk o j a ts i ]_w
[_w tʃ i n a tʃ i tʃ ]_w
[_w p o t a m a ɾ ia ]_w
[_w i j a m a ⁿt a t ]_w
[_w t a ᵐp ia ɾ o ]_w
[_w o ɾ k a ɾ ia ]_w
[_w ʃ i ᵑk ts a ]_w
[_w w a p t a k o ʃ ]_w
[_w ⁿt a t o ɾ i ]_w
[_w k i s p a t a ]_w
[_w i p o s tʃ i tʃ ]_w
[_w ʃ i j aː ]_w
[_w i ɾ i j a ]_w
[_w i p a ɾ a ᵑk i ]_w
[_w w a k a ɾ i ʃ ]_w
[_w p a t o ᵐp i tʃ ]_w
[_w ᵑk o t i ʃ ]_w
[_w p o n i k o ɾ i ]_w
[_w n a tʃ i ]_w
[_w m a j a ɾ o n i ]_w
[_w m a ts ]_w
[_w j a ⁿt a k i ]_w
[_w k o k i tʃ ]_w
[_w k o s a tʃ ]_w
[_w i ʂ a t a ]_w
[_w i ʃ i n i ⁿts ]_w
[_w i p a ɾ p a t i ]_w
[_w i s t a p i ʃ ]_w
[_w n i ɾ k a ɾ ]_w
[_w i s t a j a ]_w
[_w n a t o m a ɾ i ]_w
[_w p i j a ɾ o s aː ]_w
[_w m a ᵑk ia ts i tʃ ]_w
[_w t a ɾ i t a m ]_w
[_w p a ᵑk i ʃ ]_w
[_w a ʃ i ɾ a ᵑk o s ]_w
[_w p a ᵑk i ʃ i ]_w
[_w k o ɾ i k ia m ]_w
[_w ʃ i j a p a t ]_w
[_w s i j aː ts i m ]_w
[_w m i ɾ a n a ]_w
[_w a t i ]_w
[_w tʃ i n oa ]_w
[_w m ia ɾ k i s a ]_w
[_w m a ʃ k o s ]_w
[_w w i ʂ a ⁿtʃ ]_w
[_w o t ia j o ]_w
[_w m a j a m ʃ t a ]_w
[_w p a k ia n a ]_w
[_w p a j o k i s ]_w
[_w ʂ a ⁿt k a tʃ o ʃ ]_w
[_w w a ⁿt a ɾ a ɾ i ]_w
[_w t a m a ʃ t a tʃ ]_w
[_w p o n i tʃ i ⁿts a ]_w
[_w ᵑk a t a k ]_w
[_w a ʃ i ʃ t a ɾ ]_w
[_w w i p i s o p ]_w
[_w w a j a t a ]_w
[_w i ɾ i p o ʃ ]_w
[_w i p o n ia ɾ o ]_w
[_w j a s a ɾ i n ]_w
[_w i s o s p o ts ]_w
[_w tʃ i n a k a n a ]_w
[_w k a m i n ]_w
[_w n a t a m t a ]_w
[_w j a ɾ ia n i ]_w
[_w s i j m a m ]_w
[_w k a m o ᵑk a tʃ ]_w
[_w a n t a n a w a ]_w
[_w a k a p ]_w
[_w m a m a ]_w
[_w i ɾ i p i ʃ ]_w
[_w s i n a k i s ]_w
[_w k o s tʃ i m a ]_w
[_w m a j a m a ɾ ]_w
[_w j a ⁿt a k o ɾ i ]_w
[_w m a ɾ a ᵑk o ɾ i ]_w
[_w j a ɾ p a ⁿt a ]_w
[_w s i ɾ a s ]_w
[_w j a ⁿt a k ʃ a ]_w
[_w j a k o ]_w
[_w k a p ia t k o ]_w
[_w t o tʃ i p ]_w
[_w ʃ i ᵑk tʃ a ]_w
[_w ʃ i j a m ʃ t a ]_w
[_w o ᵑk i ɾ t a k o ]_w
[_w n a p tʃ i ⁿts a ]_w
[_w t a tʃ p a ]_w
[_w w a m k o ɾ ia m ]_w
[_w m a p ʃ i n a ]_w
[_w t a t a ]_w
[_w n a m a ɾ ia h a ]_w
[_w t a j a ɾ o s ]_w
[_w o t ia j ʃ o tʃ ]_w
[_w k a m a n i t i ]_w
[_w a ʃ t a ts s a ]_w
[_w w a ɾ i t a k ]_w
[_w m a ᵑk oa n k o tʃ ]_w
[_w k a s a k o w a ]_w
[_w ts i p a ɾ i ]_w
[_w a n p a t a ɾ i ]_w
[_w a t o s ]_w
[_w o ɾ s i ɾ i j ]_w
[_w n i p t a ]_w
[_w j o s i k p a ʂ ]_w
[_w j a n i ]_w
[_w m a j a m ]_w
[_w m ia ɾ k i s aː ]_w
[_w t o s o m a s ]_w
[_w i p i s ]_w
[_w j o w a ɾ i t i ]_w
[_w w a ɾ i t i ]_w
[_w j a s a k tʃ a ]_w
[_w t a ⁿtʃ tʃ a ]_w
[_w a t i n a ]_w
[_w j o w aː ts s i n ]_w
[_w m a p i m ]_w
[_w ts a p o n i ]_w
[_w m a ⁿts a k o ]_w
[_w k t o ᵑk a tʃ ]_w
[_w n a p a t i ]_w
[_w n i ɾ i ]_w
[_w t a t o m ʂ i ɾ ]_w
[_w i j a m o n ]_w
[_w p o t a p a ]_w
[_w ts o p i ]_w
[_w p a p i ɾ o n i ]_w
[_w ts i p a ɾ i n ]_w
[_w i p o s t a n a ]_w
[_w j a s a ɾ oa ]_w
[_w j o w a m a ɾ i ]_w
[_w i j a ʃ tʃ ia ]_w
[_w m o tʃ tʃ o ɾ i ]_w
[_w p a ʂ i k ia ʂ i ]_w
[_w t i n a ɾ a n a ]_w
[_w k tʃ i n i ]_w
[_w ʂ a ⁿt k i j a ]_w
[_w j a ɾ tʃ i m a m ]_w
[_w a ʃ k i n a ]_w
[_w ʃ i j a ʃ tʃ ia ]_w
[_w a n o m a ʃ ia ]_w
[_w j a ⁿt a ɾ a ɾ ia ]_w
[_w t p o ts ia t a ]_w
[_w j a s a ɾ i ]_w
[_w ts a p o m o n ]_w
[_w ⁿtʃ o ɾ ]_w
[_w tʃ i n a k a n i ]_w
[_w t a ts s a ]_w
[_w ʃ i ᵑk t a m ]_w
[_w t o n a ɾ i ]_w
[_w a ɾ a p tʃ i ⁿts a ]_w
[_w i n a k s a ]_w
[_w tʃ i n a k o ʃ ]_w
[_w a n oa m a ]_w
[_w p a ᵑk a tʃ ia ]_w
[_w k a t o ᵑk ts ia ]_w
[_w k i n a k o s ]_w
[_w t a p a n ]_w
[_w p o n i m o n ]_w
[_w p a n a ⁿt a ]_w
[_w s a n a ts i ]_w
[_w a t i t a t ]_w
[_w s i t a ts t i ]_w
[_w t a tʃ i n a ʃ ]_w
[_w w a m k o ɾ ia ]_w
[_w i ʂ a ⁿtʃ ia m ]_w
[_w n i t a t i tʃ ]_w
[_w n a p a m o n ]_w
[_w w a p p a ]_w
[_w a ʃ i t a ]_w
[_w o ɾ o p ]_w
[_w m a tʃ i n i ]_w
[_w o t a s a ɾ ]_w
[_w p a ɾ a s a ɾ oa ]_w
[_w t a m a j ʃ a ]_w
[_w w ia ɾ i p i ʃ ]_w
[_w w a tʃ o n i ]_w
[_w ᵑk a t k o s i n ]_w
[_w ts a p ʃ a ]_w
[_w p a t o ᵐp tʃ ia ]_w
[_w k s o t a ᵑk i ⁿts ]_w
[_w a m i k oa ]_w
[_w t p o ts ia m ʃ a ]_w
[_w ⁿt o n t a t i tʃ ]_w
[_w w a tʃ i n a ʃ i ]_w
[_w n a j a n a ]_w
[_w k a j a ɾ o tʃ ]_w
[_w t a tʃ i n a tʃ o ]_w
[_w a ʃ i ɾ i t a m ]_w
[_w w a j a k a t ]_w
[_w ᵐp o ɾ ʃ i m a m ]_w
[_w t a k tʃ o ɾ i ]_w
[_w p a j o k s i n ]_w
[_w p a j o j a ɾ o ]_w
[_w m o s a s i ɾ o ]_w
[_w k i s ]_w
[_w ts i ɾ i ʃ ]_w
[_w k i s p a ]_w
[_w m a ᵑk i p t i ʃ ]_w
[_w p o n i tʃ i tʃ ]_w
[_w i p o s tʃ i ]_w
[_w m a ᵑk ʃ a ]_w
[_w t o tʃ p a ʃ o ]_w
[_w m i n o m a ʃ ]_w
[_w j a ɾ tʃ i j a ]_w
[_w p o ts i ɾ i ]_w
[_w s i j a j a ɾ o ]_w
[_w ʃ o tʃ i m a ]_w
[_w i p i s o ʃ ]_w
[_w a p a ⁿtʃ ia m ]_w
[_w a t o p a n i ]_w
[_w m tʃ o s p a t ]_w
[_w t o tʃ p a ]_w
[_w k i n a ɾ i ]_w
[_w p a j o p i ]_w
[_w k o ts ia j a ɾ o ]_w
[_w k o ᵑk ]_w
[_w w i ʂ p o ɾ tʃ a ]_w
[_w w a m a tʃ ia ]_w
[_w j a s a s a ]_w
[_w t p o ts ia k o ]_w
[_w i p o n a tʃ tʃ i ]_w
[_w i n a j a ɾ o tʃ ]_w
[_w s i ɾ a ᵑk ]_w
[_w k a n ia s tʃ ia m ]_w
[_w p a j o p a n i ]_w
[_w w aː n i t a t ]_w
[_w a p a ⁿtʃ i n i ]_w
[_w m tʃ o s p a ʂ ]_w
[_w i n a p i ]_w
[_w k i ɾ i ]_w
[_w t a m a ɾ i ʂ ]_w
[_w i n a tʃ o ]_w
[_w a n a m o n ʃ a ]_w
[_w ts i p a t a ɾ o ]_w
[_w ᵐp i ʂ a k i n a ]_w
[_w k a s a k a n a ]_w
[_w o w aː ts i m ]_w
[_w w a j a tʃ i m a ]_w
[_w w i ʂ p o ɾ i ]_w
[_w a ʃ i ɾ a ᵑk ts a ]_w
[_w ts i j a t tʃ i tʃ ]_w
[_w n a p a tʃ p a ]_w
[_w ⁿt a t o m a m ]_w
[_w w a ɾ i t a tʃ o ]_w
[_w m i ʂ a ⁿtʃ i ʃ ]_w
[_w m a ʂ a ɾ i ]_w
[_w j a m a ʃ a ᵑk i ]_w
[_w w i ᵑk o m o n ]_w
[_w s o m a s i ᵑk ]_w
[_w w a n ia ɾ o ⁿts ]_w
[_w o s i ɾ i ʃ ]_w
[_w m a p i j ɾ o tʃ ]_w
[_w a n ia ɾ i ʃ ]_w
[_w a ɾ a p i ]_w
[_w k a ɾ ia m i ]_w
[_w ʈʂ o n a ɾ o ]_w
[_w p i j a m ʃ t a ]_w
[_w j a s a k i j a ]_w
[_w p i t o ɾ o j a ]_w
[_w a p a ⁿtʃ i m o n ]_w
[_w p a tʃ a ɾ a ᵑk o ]_w
[_w k tʃ i p t i n i ]_w
[_w i s t a j a n i ]_w
[_w n a p a n ]_w
[_w s a n t a m ]_w
[_w ts i p a ɾ ia ts i ]_w
[_w w i p a m a m ]_w
[_w j a ⁿt a k s a ]_w
[_w p a ʂ i ɾ a ᵑk o ]_w
[_w j a s a tʃ i j a ]_w
[_w t a t a ɾ o ]_w
[_w ts i p a n i ]_w
[_w tʃ i n a k t a p ]_w
[_w a t i t a ]_w
[_w p o ts ia j a ɾ o ]_w
[_w k a t o ᵑk a ts ]_w
[_w ʂ a ⁿt a m ]_w
[_w a n t a t i tʃ ]_w
[_w w a ts t a k o s ]_w
[_w w a ʃ tʃ i m a ]_w
[_w w i p o n a ʃ i ]_w
[_w t a m p o ]_w
[_w w a m k o s i n ]_w
[_w t a ts a m o ɾ o ]_w
[_w n a j a ɾ o ]_w
[_w a n ia ɾ s i n ]_w
[_w a ɾ a ᵑk o n i ]_w
[_w a ʃ i k tʃ a ]_w
[_w t i n a ʃ i tʃ ]_w
[_w ʈʂ i t a t i ]_w
[_w m a ⁿts t a p a ]_w
[_w m a ʃ k o ]_w
[_w p a ᵑk o s i p ]_w
[_w n a k tʃ a ]_w
[_w a p a ⁿtʃ ʃ o ɾ i ]_w
[_w t a ɾ a ᵑk a ]_w
[_w n a j a ɾ a ⁿtʃ o ]_w
[_w a p a ɾ ]_w
[_w ts i p a k tʃ o s ]_w
[_w p a p i ɾ o s ]_w
[_w ʂ a ⁿt a m a m ]_w
[_w t a m a p a ɾ i ]_w
[_w m a ᵑk o t a ɾ o ]_w
[_w a ʃ i ɾ i j a ]_w
[_w w a n a ɾ o s ]_w
[_w k i ʂ p o ɾ i ]_w
[_w o w a m a ɾ ia ]_w
[_w t a m a tʃ ia ʂ i ]_w
[_w n a m a m t a m ]_w
[_w k a s a k a n i ]_w
[_w m a ɾ k o ]_w
[_w k a n oa ]_w
[_w ts i ɾ i s ]_w
[_w k a m o ɾ ia ]_w
[_w m o tʃ i m a ]_w
[_w j aː n t a ɾ o ]_w
[_w m a j a m a h a ]_w
[_w k a t a ]_w
[_w tʃ a p o ᵑk o ]_w
[_w w i p a j a ɾ o ]_w
[_w i s o s o m ]_w
[_w k s o t k o ]_w
[_w a ts s i n ]_w
[_w ʂ a m a m ]_w
[_w m i n o m ]_w
[_w w i ʂ p o ɾ ia ]_w
[_w j a ʃ i n a ]_w
[_w w a ts t a ᵑk tʃ a ]_w
[_w a p a ɾ a ᵑk ʃ a ]_w
[_w a n ia ɾ o ]_w
[_w a tʃ i m a ]_w
[_w t a k a n a w a ]_w
[_w j a ɾ t a ʃ ]_w
[_w n a tʃ tʃ i ]_w
[_w p a m a m ]_w
[_w p ʃ t o tʃ i p ]_w
[_w j a tʃ a t ]_w
[_w p a k tʃ o n i ]_w
[_w a n t a ɾ i t a ]_w
[_w a n p o ɾ t a ]_w
[_w t tʃ i t i ⁿts p a ]_w
[_w p a j o k o tʃ ]_w
[_w ʈʂ o n a ɾ i p ]_w
[_w p i ɾ i p i ʃ ]_w
[_w t a ɾ i t i ]_w
[_w k a m a tʃ t a t ]_w
[_w t a ɾ i t a ]_w
[_w p o t a t ]_w
[_w ᵑk a t k o n i ]_w
[_w a n a n o ʃ ]_w
[_w ʃ i j a tʃ tʃ i ]_w
[_w s o m a s a ]_w
[_w w a j a m t a m ]_w
[_w n i t a m i n ]_w
[_w t a m tʃ i m a ]_w
[_w ʃ t o ᵑk a ᵑk i ⁿts ]_w
[_w ʈʂ i j a ɾ t a tʃ ]_w
[_w ʃ i j a m a ⁿt ]_w
[_w a ts s i n tʃ a ]_w
[_w k a s a ɾ s i n ]_w
[_w p a n a ɾ o s aː ]_w
[_w p i ɾ i j a ]_w
[_w ⁿt a t o m a ]_w
[_w j o s i k p a t ]_w
[_w i w a p a ʂ ]_w
[_w j a s a k i n a ]_w
[_w k i ɾ a k aː ]_w
[_w j o s a ɾ a ᵑk o ]_w
[_w m aː tʃ i ]_w
[_w t i m o t ia j oa ]_w
[_w i ɾ i j ]_w
[_w ⁿt o n a ɾ ia ]_w
[_w m a s a tʃ ia h a ]_w
[_w o ɾ k a ɾ ʃ a ]_w
[_w w a ts ʃ a ]_w
[_w a p a p o ʃ ]_w
[_w t a m a s i p i ]_w
[_w w a j a ᵑk ts a ]_w
[_w ʈʂ i j a ɾ o ]_w
[_w w a n ia ɾ i ]_w
[_w k o s ia ɾ o s ]_w
[_w i p a ɾ t a ⁿt a ]_w
[_w t o s o m ]_w
[_w s i n aː ]_w
[_w p ʃ t a m ]_w
[_w t i j a m o n ]_w
[_w i j a m a ɾ i ]_w
[_w ts i j a ts s i s ]_w
[_w i s t a m ]_w
[_w s a n t a ɾ i s ]_w
[_w ʃ i ᵑk a ⁿt a m a ]_w
[_w ʂ a ⁿt k o w a ʃ ]_w
[_w t p o t a m a m ]_w
[_w ʂ a ⁿt k o ʃ ]_w
[_w s i j a m a ⁿt ]_w
[_w a ɾ a ᵑk i s ]_w
[_w n o w a p o ɾ ]_w
[_w ʃ i t o ᵑk a ʃ ]_w
[_w m a j a m a ⁿt ]_w
[_w p a tʃ a k tʃ o ]_w
[_w k i n a w a ]_w
[_w n o w aː ts i m ]_w
[_w n a ts t a ]_w
[_w t a m a j a m ]_w
[_w n a ɾ i ⁿts p a ]_w
[_w o ɾ a ]_w
[_w k tʃ i p t i ʃ ]_w
[_w t i n a tʃ ]_w
[_w w i ɾ k a ɾ ia m ]_w
[_w i n a p a tʃ ]_w
[_w i p o s t a m ]_w
[_w t p o w ]_w
[_w k o s a ᵑk tʃ a ]_w
[_w t a m a ɾ o ]_w
[_w j a s a ɾ a ᵑk o ]_w
[_w k o ɾ a k a w a ]_w
[_w i s t a k tʃ o s ]_w
[_w w a ⁿt a j a ]_w
[_w k a n i ⁿt ʃ a ]_w
[_w j a ɾ k a tʃ o ]_w
[_w ᵑk i tʃ i ʂ ]_w
[_w k a s i m a m a ]_w
[_w n a t ʃ a w a ]_w
[_w a p a p a p aː ]_w
[_w t a m a ᵑk tʃ a ]_w
[_w s o w a j a p i ]_w
[_w t a ts a m o tʃ o ]_w
[_w w i p a m o n ]_w
[_w p tʃ a ᵑk ts a ]_w
[_w j a s i n a t ]_w
[_w n a t o m a m ]_w
[_w p s a n a ɾ i ]_w
[_w j a s a k s i n ]_w
[_w j o w a ɾ i t ]_w
[_w p i ɾ i k a s ]_w
[_w p a n a ⁿt ]_w
[_w k a s i ɾ ia ]_w
[_w m a p i j m a ]_w
[_w m a ʃ i n i ]_w
[_w p a tʃ a ɾ a ᵑk a ]_w
[_w ʈʂ a ɾ a tʃ i tʃ ]_w
[_w s a m a m ]_w
[_w p o ts i ᵑk a ʂ ]_w
[_w j a s a p a ]_w
[_w a n p a t a t a ]_w
[_w a n p a t a m ]_w
[_w w a ʃ t a ɾ ]_w
[_w a n t a ᵑk a t i ]_w
[_w p a ʂ i m a m a ]_w
[_w ᵑk o t i n i ]_w
[_w m a tʃ i p ]_w
[_w w a ts a p o ʃ ]_w
[_w i j a m a ]_w
[_w k a s i ɾ i j ]_w
[_w m a ɾ a ᵑk o ]_w
[_w i s o s o p ]_w
[_w i ts a p t a ]_w
[_w j a ɾ a m tʃ o ]_w
[_w p o t a j a n i ]_w
[_w tʃ i n a tʃ p a ʂ ]_w
[_w i ʂ a ɾ o n ]_w
[_w n o w a p a ɾ i ]_w
[_w ʃ i ᵑk t a m tʃ a ]_w
[_w p a ʃ o ]_w
[_w k tʃ i t tʃ a ]_w
[_w t a t k i tʃ ]_w
[_w k a s a ɾ i s ]_w
[_w ʈʂ a ɾ a ʃ ]_w
[_w t a ɾ a ᵑk s i n ]_w
[_w j a ⁿt a j a n a ]_w
[_w n a k o w a ]_w
[_w tʃ i j ʃ i ʃ ]_w
[_w k t o ᵑk a ʃ ]_w
[_w a t o s i n i ʃ ]_w
[_w t i j a m ]_w
[_w p i ʃ t a ɾ i ]_w
[_w i ʂ a ⁿtʃ ia ]_w
[_w ʃ i j a ɾ i ]_w
[_w o p o s a m a m ]_w
[_w t a m a ɾ i m a ]_w
[_w a ʃ tʃ i tʃ ]_w
[_w p i ʃ t a k o s ]_w
[_w ʂ o ɾ a n ]_w
[_w m i s i s i n ]_w
[_w p i ʃ t a k i ]_w
[_w n o ts ia m a ]_w
[_w i n a k tʃ o ɾ i ]_w
[_w p tʃ a ᵑk i ⁿts ]_w
[_w p a t a ɾ o ]_w
[_w w aː n t a ɾ i n ]_w
[_w k i m a k o n i ]_w
[_w j o w aː ts ʃ a ]_w
[_w o ɾ p a ʂ ]_w
[_w k i n a k o ]_w
[_w k i s ia ɾ o s ]_w
[_w k a t o ᵑk o n i ]_w
[_w tʃ i n a k ]_w
[_w n o w a m a ɾ i ]_w
[_w o s i j a m ]_w
[_w ʃ a n i j s a ]_w
[_w s a n t a ɾ i ]_w
[_w ⁿtʃ i t a ɾ i j a ]_w
[_w ʈʂ a m a tʃ t a t ]_w
[_w k a m a n ia ɾ i ]_w
[_w t a p a ]_w
[_w k s o t a ɾ i ]_w
[_w tʃ i p oa ts t a ]_w
[_w w a ⁿts o ʃ ]_w
[_w p a s k o ʃ ]_w
[_w m a ʃ k i t a ]_w
[_w a t i n i j a ]_w
[_w j a ɾ a ᵑk ia m ]_w
[_w ʃ a n ia ɾ s i n ]_w
[_w w a t o ᵑk o n i ]_w
[_w k a tʃ i j a m ]_w
[_w p a ᵑk a t a m ]_w
[_w n i ɾ i j a p ]_w
[_w t a ɾ o s ]_w
[_w t a tʃ i n a ]_w
[_w tʃ i n a ts s a ]_w
[_w t o m a ɾ i ]_w
[_w w a t a t k o s ]_w
[_w ᵑk a t k a n a ]_w
[_w t a t i tʃ ]_w
[_w p o ts ia k i j a ]_w
[_w a n p o ɾ t a m ]_w
[_w j a ɾ ia ɾ o ʃ ]_w
[_w n a p a n ia h a ]_w
[_w w tʃ oa ]_w
[_w t p o ts i ɾ i s ]_w
[_w ʃ i j a m a tʃ i ]_w
[_w a ᵐp i t a m ]_w
[_w s i j a m ʃ t a ]_w
[_w t a ɾ a ʃ ʃ ia ]_w
[_w n a p a ɾ i n i ]_w
[_w a p a p ʃ a ]_w
[_w o w a m a ⁿt ]_w
[_w o ɾ o t a ]_w
[_w ʂ a ᵑk a n ia ɾ o ]_w
[_w w a n i m a m ]_w
[_w m o s o ʃ ]_w
[_w p a n a t a ]_w
[_w ᵑk i j a ]_w
[_w n i ɾ a ᵑk i ]_w
[_w ʈʂ a m a tʃ t a ʃ ]_w
[_w ʃ i j a ʃ o tʃ ]_w
[_w p a j o p a n ]_w
[_w ʂ a ᵑk a n i ]_w
[_w m i n o m a ʃ ia ]_w
[_w tʃ o m a k o n i ]_w
[_w ʂ a p ʃ i n i ]_w
[_w w a m a ɾ a k o ]_w
[_w k tʃ i n i s ]_w
[_w j o w a p o ɾ ]_w
[_w tʃ i n a k tʃ o ʃ ]_w
[_w j a tʃ a k a h a ]_w
[_w m i n o m t a m ]_w
[_w p a tʃ a j a ɾ i ]_w
[_w j a ʃ i ᵑk tʃ a ]_w
[_w i s o s o ᵑk a ʂ ]_w
[_w w i p a ts ʃ a ]_w
[_w m o s a s i ɾ i ]_w
[_w p a ᵑk a ts s a ]_w
[_w a ʃ tʃ ia ]_w
[_w t a p a n i ɾ ]_w
[_w k o t a ᵑk i ]_w
[_w ʂ a p a n a ]_w
[_w p a t a m a ɾ i ]_w
[_w i s t a ɾ a ᵑk i ]_w
[_w i n a t ]_w
[_w k o s a ᵑk i ]_w
[_w a ɾ a p i ɾ o ]_w
[_w o ɾ k i ɾ i ]_w
[_w ʃ a n ia ɾ o ]_w
[_w p a t a ɾ a ᵑk o ]_w
[_w w a ᵑk o j ]_w
[_w t a m a ɾ a ]_w
[_w p a k tʃ o ɾ i ]_w
[_w t a ɾ a ʃ i ʃ ]_w
[_w ʃ i t a ɾ o ]_w
[_w k o w i p t i ]_w
[_w p a ɾ a ᵑk o w a ]_w
[_w j a k a t a ]_w
[_w p a t a m ]_w
[_w k o s a m a ɾ i ]_w
[_w ʂ o ɾ a k ]_w
[_w j a ɾ a ⁿt a ]_w
[_w o t ia j o ʃ ]_w
[_w m a ᵑk i n a ]_w
[_w w aː n aː ]_w
[_w i ʂ a t a ɾ i ]_w
[_w k a tʃ i tʃ ]_w
[_w ʃ i j a p t a ]_w
[_w k a tʃ i j ʃ i ʃ ]_w
[_w p a tʃ i j a ]_w
[_w ʃ i j m a m ]_w
[_w i n a k o tʃ ]_w
[_w j a m a ɾ i ʂ ]_w
[_w a ʃ t a m ]_w
[_w j a m a p i j m ]_w
[_w m a ⁿts a k ia ʂ i ]_w
[_w o ⁿt a ɾ a ɾ ia ]_w
[_w w a ts i p ]_w
[_w a n t a tʃ ]_w
[_w i s o s o m a s ]_w
[_w t a w a ]_w
[_w t o m i ᵑk o ʃ ]_w
[_w a p a ⁿtʃ ʃ a ]_w
[_w j a ⁿt a m ]_w
[_w k a n i ⁿt o ʃ ]_w
[_w ʂ a p a n a t ]_w
[_w p o ts ia w a ]_w
[_w k a s i k o ]_w
[_w ʃ ia ɾ i ]_w
[_w a p a p aː ]_w
[_w k tʃ ia ts i ]_w
[_w s i ɾ o t a ɾ i ]_w
[_w k i ʂ ]_w
[_w w a ɾ o s ]_w
[_w p a k tʃ i t a ]_w
[_w m a p ʃ i t a ]_w
[_w j o t a m aː ]_w
[_w k o ʃ i ]_w
[_w s i j a ʃ tʃ i tʃ ]_w
[_w k a s a k tʃ o ]_w
[_w ⁿtʃ o ɾ i s ]_w
[_w p tʃ a ᵑk i ]_w
[_w j a s a tʃ ia h a ]_w
[_w a n n a ]_w
[_w t p o ts ia k tʃ o ]_w
[_w t a ɾ a n a ]_w
[_w t a ɾ a ᵑk i tʃ ]_w
[_w t a ᵑk i ⁿts ]_w
[_w m a ᵑk o t a h a ]_w
[_w a p a ⁿtʃ p a t a ]_w
[_w a t o p a ɾ ia m ]_w
[_w n a ⁿtʃ p a ɾ ia ]_w
[_w s a n t a tʃ o ]_w
[_w s i n a t ]_w
[_w i p a ɾ t a ʃ ]_w
[_w k ʈʂ oa n k i ʃ ]_w
[_w i p a ɾ a ᵑk s a ]_w
[_w w a p a ɾ p a t ]_w
[_w w a n ia ʃ i ʃ ]_w
[_w j a tʃ a k t a ]_w
[_w n o w aː ts t a m ]_w
[_w n a j a ɾ o s ]_w
[_w i n a j a n i ]_w
[_w o ɾ p a ]_w
[_w o w a j a t a ]_w
[_w j a s a s ia ɾ o ]_w
[_w w a n ia ᵑk tʃ a ]_w
[_w j a ɾ a ɾ i ]_w
[_w w a ⁿt a ɾ a ɾ ia ]_w
[_w p a ɾ a ᵑk i n i ]_w
[_w w a m i n ]_w
[_w k o ɾ n i ɾ i ]_w
[_w n a n t a m ]_w
[_w i p o s ia ɾ o ]_w
[_w ʃ t o ᵑk a ᵑk tʃ a ]_w
[_w i n i ]_w
[_w k o s ]_w
[_w a ᵐp t a m ]_w
[_w a j a m a ⁿt ]_w
[_w t i p ts i ɾ ia ]_w
[_w ʃ i ɾ i j a ʃ ]_w
[_w a n t a tʃ o ]_w
[_w n a ts a k a n a ]_w
[_w p a ɾ a ᵑk o s ]_w
[_w a t a ɾ i ]_w
[_w n a tʃ i ⁿts a ]_w
[_w a n oa ts i m ]_w
[_w t a ɾ i j aː ]_w
[_w w a p a m a m a ]_w
[_w j a tʃ a tʃ i m a ]_w
[_w w a ʂ a p a ]_w
[_w j o w a p a ]_w
[_w ʂ a ᵑk a n k o tʃ ]_w
[_w k t o ᵑk a ᵑk tʃ a ]_w
[_w n a p a ᵑk tʃ i tʃ ]_w
[_w t a ɾ i n ia ]_w
[_w j a ⁿt a m a ]_w
[_w t i n a ʃ ]_w
[_w a ʃ i ɾ i t a k ]_w
[_w n a p a k s i n ]_w
[_w i ts a p t a tʃ a ]_w
[_w t a k a n i ⁿt ]_w
[_w k o ɾ a k i j a ]_w
[_w tʃ i n a k o tʃ ]_w
[_w i s t a k o ɾ i ]_w
[_w t a ɾ a ᵑk t a ]_w
[_w a t i j a ]_w
[_w k a t o ᵑk a n a ]_w
[_w k i ʂ a ts t a ]_w
[_w a ʃ i t a n a ]_w
[_w t i n a ɾ i s ]_w
[_w a ʃ i ɾ o s i n ]_w
[_w o ɾ o t a ɾ i ]_w
[_w a t i n a ɾ o ]_w
[_w t a t o ᵑk ia ɾ o ]_w
[_w ⁿtʃ o ɾ p a ]_w
[_w k t o ᵑk a tʃ o ]_w
[_w m i n o ɾ p a ]_w
[_w ʈʂ i t a ᵑk ts a ]_w
[_w p i t o ɾ p a ʂ ]_w
[_w n o ts ia ts i s ]_w
[_w w a ɾ a ᵑk s i n ]_w
[_w tʃ i n a tʃ tʃ i ]_w
[_w n a ts a k t a ]_w
[_w p a n a ɾ i s ]_w
[_w k a t o ᵑk tʃ a ]_w
[_w t a ʃ i n i ]_w
[_w i p o s a t a m ]_w
[_w n a p a t o ʃ a ]_w
[_w w a t o n a ]_w
[_w m a ᵑk i ʃ i n a ]_w
[_w w i ɾ k a ɾ ]_w
[_w t i n a j a n i ]_w
[_w p o ts ia ɾ o ]_w
[_w a ʃ i ʃ t a tʃ ]_w
[_w a ʃ i ʃ t a k o ]_w
[_w a ʃ tʃ i ⁿts p a ]_w
[_w a t o ʃ a ]_w
[_w a p a ɾ p a ʂ ]_w
[_w p a ᵑk a n k o ]_w
[_w t p o t a j a ]_w
[_w t a t a n a w a ]_w
[_w a ʃ t a ts ]_w
[_w w a ts i p o n ]_w
[_w k a j a ɾ o ʃ ]_w
[_w ts i p a s ]_w
[_w j a t a ]_w
[_w j aː n t a ɾ i t ]_w
[_w i s t a ɾ a ᵑk o ]_w
[_w k i s p a t ]_w
[_w j a ɾ a ᵑk o w a ]_w
[_w t i m o t ia j ]_w
[_w j o w a ɾ i t a ]_w
[_w ⁿtʃ o ɾ t a tʃ o ]_w
[_w tʃ i n a m aː ]_w
[_w ts a s i ɾ i ʃ ]_w
[_w p a t o ʃ a ]_w
[_w s i j aː ts t a m ]_w
[_w t a tʃ i n i ]_w
[_w j a ɾ a p i ]_w
[_w k tʃ i t a m tʃ a ]_w
[_w t a k i n a k i ]_w
[_w t a ts a m a m ]_w
[_w w a n a s i ɾ ]_w
[_w k s a t a m ]_w
[_w a p a j a ɾ o ]_w
[_w w a tʃ i n i ]_w
[_w t a ʃ i n i ⁿts ]_w
[_w k i n a k o n i ]_w
[_w m i ɾ oa s i ⁿtʃ ]_w
[_w m i n oa ts t a m ]_w
[_w w a n i ɾ i j ]_w
[_w m o ɾ i n i ]_w
[_w a t i n a w a ]_w
[_w p t a t a n a ]_w
[_w m a ᵑk ʃ o ɾ i ]_w
[_w p i ɾ i j ]_w
[_w j a ⁿt a m a m ]_w
[_w k a n i ⁿt aː ]_w
[_w w a ᵑk p a n i ]_w
[_w a n o ʂ o w a ]_w
[_w k i s ʃ a ]_w
[_w n a n t a ɾ i tʃ ]_w
[_w t a t k i n i ]_w
[_w p a n a k tʃ o ]_w
[_w t a t a m tʃ a ]_w
[_w t p o ts ia ts i s ]_w
[_w k o ᵑk o m o n ]_w
[_w a ʃ k i n i j a ]_w
[_w j a s a k ʃ a ]_w
[_w s i ɾ o ]_w
[_w w a p p a ɾ i ʃ ]_w
[_w t a m a ɾ i j a ]_w
[_w w aː m a ɾ i ʂ ]_w
[_w tʃ i n a tʃ i n ]_w
[_w w aː n t a ɾ o ]_w
[_w t a p ia t ]_w
[_w p a ⁿts a k i n a ]_w
[_w i p a ɾ ia ts i ʃ ]_w
[_w n i ɾ a m a m a ]_w
[_w w i p i s o t ]_w
[_w j a tʃ a ɾ a ᵑk o ]_w
[_w n a ⁿtʃ p a t ]_w
[_w t a ɾ a ᵑk o s ]_w
[_w ʈʂ i ɾ a ᵑk i j a ]_w
[_w i p o s t a ]_w
[_w a p a ɾ i ʃ ]_w
[_w s o m a s i p i ]_w
[_w m a ɾ t a tʃ o ]_w
[_w a ʃ tʃ i m a m ]_w
[_w ʈʂ a m a tʃ ia ]_w
[_w w a m a ɾ ia h a ]_w
[_w ʈʂ a ɾ a ʃ i ʃ ]_w
[_w ʈʂ o n a ɾ ]_w
[_w m a ʂ i n a p a ]_w
[_w i j a p t a ]_w
[_w ʃ i t o ᵑk ]_w
[_w t a t a ɾ ]_w
[_w t o ɾ oa ts i ]_w
[_w a ɾ a ᵑk o s o ʃ ]_w
[_w t a k t a n a ]_w
[_w ʃ i j a ʃ o tʃ ia ]_w
[_w m a ᵑk ʃ a ɾ i t ]_w
[_w o w aː ts s i n ]_w
[_w s i n a k ]_w
[_w k ts o p a m a m ]_w
[_w ts i j a t p i ]_w
[_w w a ⁿt a ɾ a ᵑk o ]_w
[_w w a t o ᵑk a ts ]_w
[_w k a s a k i j a ]_w
[_w t a k o ɾ i ]_w
[_w t a k tʃ i m ]_w
[_w p a s k o p ]_w
[_w tʃ i n a tʃ i ]_w
[_w ts a s i ɾ i ]_w
[_w a p a ɾ ia m i ]_w
[_w a ʃ t a tʃ i m a ]_w
[_w j a m a tʃ o ]_w
[_w j a m a p a ]_w
[_w t a ɾ o w aː ]_w
[_w w a ɾ a ᵑk i t a ]_w
[_w tʃ i n a ʃ i ]_w
[_w t o m o ʂ ia ]_w
[_w p t a t i ⁿts p a ]_w
