[_w χ u r d ]_w
[_w m a ɔ ʃ ]_w
[_w b u χ ɔ r ɔ ]_w
[_w h i s b i ]_w
[_w tʃ a v ɔ n ]_w
[_w b u r z i i ]_w
[_w a v ɡ u s t i ]_w
[_w t u n ]_w
[_w p a r q ]_w
[_w b e r ɔ m u n i ]_w
[_w f a r t a r ]_w
[_w a ʃ ɡ ]_w
[_w d a ʔ z i r i ]_w
[_w k i d ɔ b i ]_w
[_w ɔ r a t ]_w
[_w ɡ a l ɔ m ]_w
[_w f a n n i i ]_w
[_w i d d i χ ɔ b i ]_w
[_w s a m i n χ ɔ ]_w
[_w i ʃ q ]_w
[_w v i l m χ ɔ i ]_w
[_w a h m a t i ]_w
[_w p ɔ s l e ]_w
[_w ɔ m u z i ]_w
[_w ɔ z ɔ n ]_w
[_w χ ɔ χ i ʃ ]_w
[_w i tʃ t i m ɔ i i ]_w
[_w h a r b i ]_w
[_w u s m ɔ n i ]_w
[_w r u b a r u ]_w
[_w d ɔ b i ]_w
[_w dʒ a m ɔ a d ]_w
[_w v i l m i ]_w
[_w v e v r a l ]_w
[_w l a h s a i ]_w
[_w a n tʃ u m a n ]_w
[_w a v s u ʔ r ɔ ]_w
[_w r a s i d a n i ]_w
[_w p a r e ʃ ɔ n ]_w
[_w n a v b a d i ]_w
[_w e ʔ l ɔ m i ]_w
[_w χ i f z i ]_w
[_w u z d ɔ t ]_w
[_w ʃ a h r a k i ]_w
[_w t ɔ ɡ d ɔ r i ]_w
[_w ɡ u r u ʃ ]_w
[_w v ɔ j a ]_w
[_w m a χ s u s i ]_w
[_w d a ʔ j i d i ]_w
[_w ɡ a s a l ]_w
[_w d e χ k ɔ n i ]_w
[_w χ ɔ n a ]_w
[_w t i d a n ]_w
[_w m u ʃ t a ]_w
[_w k a b l a n ]_w
[_w t a r ɔ n ]_w
[_w m u z d a m ]_w
[_w r a χ ɔ i ]_w
[_w n a r m ]_w
[_w p a s i ]_w
[_w n ɔ h i j a ]_w
[_w m a n ]_w
[_w m a b ɔ l i k i ]_w
[_w a s a r i ]_w
[_w ɔ n e ]_w
[_w ɔ j a n t ]_w
[_w k i s t ɔ n ]_w
[_w m a ɡ z a d ]_w
[_w d a b i a d ]_w
[_w ʃ i r ]_w
[_w ɡ ɔ n u n i ]_w
[_w h a m k ɔ r i i ]_w
[_w m i n r u b i i ]_w
[_w b a d a r ]_w
[_w n a t i ]_w
[_w ɔ l i m ]_w
[_w k a s t ]_w
[_w ɡ u n a n d i ]_w
[_w j u z u v ]_w
[_w d ɔ l l a r ]_w
[_w n a v r ɵ z ]_w
[_w ʃ a h r u m ]_w
[_w m u z ɔ i d a ]_w
[_w a l a j h i ]_w
[_w f a s i v a i ]_w
[_w m a n ɔ t i ]_w
[_w m a ʔ l u m ɔ n ]_w
[_w r a t i ]_w
[_w u z d ɔ d a n t ]_w
[_w t a b ɔ b a t ]_w
[_w b e h t a r ]_w
[_w h i z ɔ b i ]_w
[_w n u k t a i ]_w
[_w n a v z ɔ i ʃ i ]_w
[_w r a ʃ i d ]_w
[_w χ a m ]_w
[_w m a k s i m ]_w
[_w t a ʔ f ɔ ]_w
[_w m a r d a n i ]_w
[_w ɔ n a ]_w
[_w χ a j r ]_w
[_w s ɔ l a ]_w
[_w p a r q a r ɔ r ]_w
[_w m ɔ l i ]_w
[_w r u i ]_w
[_w t e h r ɔ n ]_w
[_w f ɔ q e a n ]_w
[_w r ɵ s ]_w
[_w k u m i t a ]_w
[_w m u ɔ f i n i ]_w
[_w h a t t i ]_w
[_w n a m u n a ]_w
[_w s i j ɔ d t a ]_w
[_w ɔ j i n ]_w
[_w ʁ a l k ]_w
[_w t i k a r e ]_w
[_w tʃ a m ʔ ]_w
[_w a f z ɔ i ʃ i ]_w
[_w z ɔ m ɔ n i ]_w
[_w tʃ a ʃ m u ]_w
[_w v ɔ r s i ]_w
[_w b u r z i t ]_w
[_w i d i ]_w
[_w ɡ u ʃ i ]_w
[_w a r s j ɔ b i ]_w
[_w z ɔ b i r ]_w
[_w χ a r b ]_w
[_w tʃ a n ɡ i ]_w
[_w n i k ɔ r ]_w
[_w m u χ i m m ]_w
[_w n u k t a ]_w
[_w tʃ u d ɔ ]_w
[_w i n ɡ l i z i ]_w
[_w n a f i ʃ t ]_w
[_w m a f χ u m i ]_w
[_w i s m i ]_w
[_w i s χ ɔ r i tʃ i ]_w
[_w k a r d a a n d ]_w
[_w i b r ɔ χ i ]_w
[_w a r z a t i ]_w
[_w b a r ɔ i ]_w
[_w χ ɔ l e z d ]_w
[_w d a r ]_w
[_w ɔ v ɔ z ]_w
[_w i n q i l ɔ b ]_w
[_w h a f ɔ ]_w
[_w ɡ u f t a i ]_w
[_w k u f t ]_w
[_w i j ɔ l ɔ d i ]_w
[_w d a n h ɔ ]_w
[_w l a n t ]_w
[_w m a h ɔ r ]_w
[_w k ɵ ʃ i ʃ ]_w
[_w χ a d m i ]_w
[_w χ e tʃ ]_w
[_w q a t l ]_w
[_w ʃ ɔ χ i ]_w
[_w t a m ɔ n ɔ f ]_w
[_w r ɔ z ]_w
[_w m ɔ d a r ]_w
[_w h a m a ]_w
[_w b u ʃ t i ]_w
[_w z a b a b i ]_w
[_w d a m ɔ m ]_w
[_w z a n χ ɔ ]_w
[_w a t r ɔ ]_w
[_w i r d i ]_w
[_w ʃ ɔ m i l i ]_w
[_w h i f z ]_w
[_w ɔ i l a i ]_w
[_w t ɔ m a ]_w
[_w f ɔ k e ʔ ]_w
[_w t a j i ]_w
[_w d a k r i b a n ]_w
[_w a r s a t i ]_w
[_w j ɔ r i ]_w
[_w b ɔ j a ]_w
[_w k a r t a m ]_w
[_w d a χ ɔ l a d ]_w
[_w m a h a l l i ]_w
[_w b e χ t ɔ ʃ t ]_w
[_w i s l ɔ m ]_w
[_w k a b i r i ]_w
[_w χ ɔ χ e t ]_w
[_w χ u b d a r ]_w
[_w m u a l l i ]_w
[_w k a r ɔ n z a ]_w
[_w d u r i ]_w
[_w b ɔ l ɔ t a r ]_w
[_w n ɔ χ i j a i ]_w
[_w u m a r i ]_w
[_w dʒ ɔ i s a ]_w
[_w s a b ɔ n e ]_w
[_w q ɔ n u n i ]_w
[_w b u ʃ t ]_w
[_w n ɔ χ i ]_w
[_w h a r f ]_w
[_w b a l a n d i ]_w
[_w b e h d a r ]_w
[_w v i ʃ a i ]_w
[_w b a d a χ ʃ ɔ n ]_w
[_w d ɔ r i ]_w
[_w ɡ a r t a n ]_w
[_w tʃ i d d i n ]_w
[_w m u χ i d d i ]_w
[_w b a n tʃ ]_w
[_w n ɔ d u r u t ]_w
[_w b ɔ ʒ i ]_w
[_w t a χ ɔ n i ]_w
[_w ʃ i s n i ]_w
[_w m a ʃ k u l ]_w
[_w χ a r v ]_w
[_w ɡ i r i ]_w
[_w ʃ u t ]_w
[_w t u l l ɔ ]_w
[_w m a v z e ʔ a ]_w
[_w b ɔ f a r d a ]_w
[_w m a ʔ n ɔ i ]_w
[_w a l l a i ]_w
[_w ʃ a χ z i l ]_w
[_w a m n i j a ]_w
[_w ɔ m e χ t a r ]_w
[_w b e ʃ t a r e ]_w
[_w f a l s a f a r ]_w
[_w p e ʃ ]_w
[_w s i j ɔ χ ]_w
[_w a r a b i ]_w
[_w i d ɔ r ]_w
[_w r u s e ]_w
[_w r a v a n d i ]_w
[_w n a v ʔ i ]_w
[_w z a t ɔ i dʒ i ]_w
[_w dʒ i z e ]_w
[_w m a ʔ l u m ]_w
[_w l e n i n ]_w
[_w χ ɔ h a n ɡ i ]_w
[_w k ɔ r e ]_w
[_w χ a r i d a ]_w
[_w m a h t u d ]_w
[_w a n dʒ ɔ m ]_w
[_w χ a m i n ]_w
[_w j ɔ v d a ]_w
[_w b e χ a b a r ]_w
[_w χ u t a ʃ r ɔ ]_w
[_w v a k i d a i ]_w
[_w ɔ n i ]_w
[_w k ɔ t a ]_w
[_w m e s ɔ z a d ]_w
[_w k ɔ n s e r d i ]_w
[_w l i b ɔ z ]_w
[_w tʃ a n ɡ ]_w
[_w b ɔ s t ɔ r i ]_w
[_w m a ʒ k u l i ]_w
[_w χ ɔ b i ]_w
[_w d ɔ l ɔ r i ]_w
[_w z u l χ ]_w
[_w m i l i ]_w
[_w k ɔ r χ ɔ i ]_w
[_w d u n b ɔ l i ɡ ]_w
[_w ʃ i r i ]_w
[_w tʃ ɔ n ]_w
[_w d a ʃ k i ]_w
[_w tʃ u m l a ]_w
[_w ɡ u j ɔ ]_w
[_w f a k a r d e ]_w
[_w m e ɔ j a d ]_w
[_w f r i t ]_w
[_w ʃ i r k a t ]_w
[_w z u f l ɔ i ]_w
[_w d u r ɔ ]_w
[_w p i s j ɔ r e ]_w
[_w ʃ ɔ h ]_w
[_w a n tʃ u m a ]_w
[_w s a n ɔ a t i ]_w
[_w b e ʃ r a v d ]_w
[_w tʃ t ɔ ]_w
[_w a d ɔ ]_w
[_w t a χ ]_w
[_w ɔ l a m i ]_w
[_w χ a v u r ɔ v ]_w
[_w n a f z i ]_w
[_w n a tʃ ɔ d ]_w
[_w a r a b j ]_w
[_w i tʃ t i m ɔ d ]_w
[_w χ a m r ɔ χ i m ]_w
[_w χ u b u ]_w
[_w z ɔ m ɔ n a ]_w
[_w t u s t ]_w
[_w ɡ a r d a n i ]_w
[_w h u q u q i ]_w
[_w d a b r i ]_w
[_w q a d r ]_w
[_w u z u l m ɔ n ]_w
[_w k ɔ z ]_w
[_w ʃ a r ɡ i ]_w
[_w k a t l i ]_w
[_w n i j a ]_w
[_w p i n ]_w
[_w m a k ɔ m ɔ d ]_w
[_w k a b i r a i ]_w
[_w d i h a n d ]_w
[_w ʃ ɵ r ɔ i ]_w
[_w q a r ɔ r i ]_w
[_w k ɔ ʃ ]_w
[_w b ɔ s ɔ r ]_w
[_w m e r a v a d ]_w
[_w t a l e l i ]_w
[_w ɡ u d a ɡ i l ]_w
[_w m e χ ɔ z d i ]_w
[_w χ ɔ tʃ a ]_w
[_w ɔ d a m ]_w
[_w ɔ d ɔ b i ]_w
[_w b u s u r i ]_w
[_w s a i d ɔ f ]_w
[_w n a d i ]_w
[_w f a k a r ]_w
[_w d a v r ɔ n ]_w
[_w t ɔ r i ]_w
[_w i b t i d ɔ χ ]_w
[_w tʃ e l ɔ v e ɡ ]_w
[_w z ɔ χ i b ]_w
[_w m e ɡ u n e m ]_w
[_w dʒ i s i ]_w
[_w s a v a r e ]_w
[_w h a q i q a d i ]_w
[_w i t ɔ m a ]_w
[_w χ u r z a n d ]_w
[_w χ a s a l a n t ]_w
[_w t ɔ r e d ]_w
[_w s a j r i ]_w
[_w b e χ t ɔ ʃ t a ]_w
[_w t a r j ɔ i ]_w
[_w χ a m k ɔ r i ]_w
[_w ɔ ɡ ɔ h ]_w
[_w ɔ r ɔ m ]_w
[_w m a n u ]_w
[_w ʃ a n b e ]_w
[_w n e r u ɡ ɔ χ i ]_w
[_w r a χ b a r i ]_w
[_w ɔ m ɔ d i ]_w
[_w χ a t a r ɔ z i ]_w
[_w t a ʔ k i d ]_w
[_w b e s ]_w
[_w t u l ɔ r r ɔ ]_w
[_w χ a l q i i ]_w
[_w m e ɡ a ʃ t ]_w
[_w v a k u l t a i ]_w
[_w a v s u i ]_w
[_w n e r u i ]_w
[_w k i s m a d i ]_w
[_w f e ʔ l i i ]_w
[_w f a j ]_w
[_w d a r d u m i i ]_w
[_w tʃ a r ɔ i t i ]_w
[_w m u z ɔ d i ]_w
[_w i m r u z a i ]_w
[_w t a b a ʔ a i ]_w
[_w m a dʒ l i s i ]_w
[_w t a r tʃ u m a ]_w
[_w s a h ]_w
[_w k i t ɔ b i ]_w
[_w dʒ a r χ ]_w
[_w e r ɔ n i ]_w
[_w ʃ a v a d ]_w
[_w s i j ɔ d e ]_w
[_w ɔ m a d i ]_w
[_w ʃ e v a i ]_w
[_w t a v r i q ɔ ]_w
[_w z a χ d i ]_w
[_w ɡ a b l a χ i ]_w
[_w ʃ a r k ]_w
[_w k u m a k ]_w
[_w b u ʃ ]_w
[_w d ɔ m ]_w
[_w b a n dʒ ɔ m i ]_w
[_w z a b ɔ n m k ]_w
[_w u s u l m ɔ n ]_w
[_w z ɔ n s u r ]_w
[_w u m u r i ]_w
[_w t a r ]_w
[_w t a r s u ]_w
[_w t ɔ m a n d a i ]_w
[_w χ u n a r ]_w
[_w a n t a r ]_w
[_w v a s i f a i ]_w
[_w a l ɔ h i d a ]_w
[_w t ɔ ʃ t a n i ]_w
[_w k a m ]_w
[_w n a p u d a n d ]_w
[_w d a χ s i ]_w
[_w m ɔ h ]_w
[_w f ɔ ɡ e ʔ ]_w
[_w n i ʃ ɔ n i ]_w
[_w b ɔ ʔ i ]_w
[_w a s t u r i ]_w
[_w a χ s ɔ n e ]_w
[_w k ɔ r h ɔ i ]_w
[_w χ a m r ɔ χ i ]_w
[_w n a d i tʃ a i ]_w
[_w a n ɡ l i j a ]_w
[_w χ a j a t i ]_w
[_w k a s e ]_w
[_w tʃ a n u b i ]_w
[_w b a r k a s i ]_w
[_w tʃ i h a t ]_w
[_w r i ɔ j a ]_w
[_w e t ɔ m ]_w
[_w χ ɔ r u χ ]_w
[_w p a h ɔ r a t ]_w
[_w n a m u d e m ]_w
[_w a v v a l i n ]_w
[_w b ɔ n u ]_w
[_w ɔ z e b ]_w
[_w ɔ b ɔ d ]_w
[_w ɡ u n u n ]_w
[_w i ʃ k i ]_w
[_w z ɔ l χ ɔ ]_w
[_w χ ɔ r i ]_w
[_w b a r d a r ]_w
[_w s a χ n a ]_w
[_w χ i z b i ]_w
[_w ɔ k ɔ z ]_w
[_w ɡ u d a ɡ i ]_w
[_w dʒ i n i ]_w
[_w s i n a i ]_w
[_w m a χ s u s a n ]_w
[_w tʃ a n d e ʃ a ]_w
[_w χ u l ɔ s a ]_w
[_w t i n ]_w
[_w s a m i n h ɔ i ]_w
[_w s a n ɔ n i ]_w
[_w d a r k ]_w
[_w m a ɡ ɔ l a ]_w
[_w m a n ɔ d i ]_w
[_w i n tʃ u n i n ]_w
[_w ɔ d d i ]_w
[_w n a h z a ]_w
[_w χ a r tʃ ]_w
[_w χ ɔ n a i ]_w
[_w m a ʃ h u r i i ]_w
[_w m e d ɔ n e m ]_w
[_w t a r v e ʃ ]_w
[_w d u f ɔ n i ]_w
[_w m u d m a i n ]_w
[_w z ɔ s m ɔ n i ]_w
[_w a χ r i m a n ]_w
[_w s i l ]_w
[_w dʒ a b ]_w
[_w ɔ q ɔ i ]_w
[_w n ɔ m h ɔ i ]_w
[_w i s p ɔ d ]_w
[_w χ a d d ɔ ]_w
[_w s i j ɔ d e r ɔ ]_w
[_w d i r ]_w
[_w b ɔ d ]_w
[_w k ɔ v ]_w
[_w b ɔ k i ]_w
[_w s a n a n t a ]_w
[_w dʒ u m χ u r i i ]_w
[_w ɔ f ɔ s i ]_w
[_w χ u d ]_w
[_w m e v a i ]_w
[_w ɡ u ʃ i ʃ ]_w
[_w m u χ ɔ dʒ i r i ]_w
[_w b a d a r i ɔ ]_w
[_w ʃ ɔ i r ɔ n i ]_w
[_w i j ɔ l a d i ]_w
[_w n i ʃ a s t a i ]_w
[_w tʃ u n ɡ i ]_w
[_w ʃ u χ n ɔ n ]_w
[_w r a f t ɔ d a ]_w
[_w e dʒ ɔ d i ]_w
[_w u s v i ]_w
[_w s a n a d i ]_w
[_w n a k u n ]_w
[_w b a r n ɔ m a ]_w
[_w ɡ u χ i ]_w
[_w m u k a t t a z ]_w
[_w r ɔ s i m ]_w
[_w m a n ɔ v e ʔ i ]_w
[_w ɡ a f ɔ n ɔ n ]_w
[_w n a χ s a ]_w
[_w m i l l a d e ]_w
[_w χ u t i ]_w
[_w b u l ]_w
[_w i n d i ʃ ɔ r i ]_w
[_w i tʃ r ɔ ]_w
[_w i χ t i j ɔ r i ]_w
[_w χ u d a ʃ ]_w
[_w t u r u d i ]_w
[_w p i j ɔ ]_w
[_w z a r a r ]_w
[_w e m ɔ m a l j ]_w
[_w k a ʃ t a ]_w
[_w a s a r ]_w
[_w m a h z ]_w
[_w h a m i n i ]_w
[_w ɔ z i j u ]_w
[_w tʃ ɔ r ]_w
[_w i k ɔ r ]_w
[_w p a χ s ]_w
[_w n a v a r ]_w
[_w ʃ u n i d a ]_w
[_w r a i s i ]_w
[_w m u n d a ɡ i i ]_w
[_w e n e r ɔ l ]_w
[_w a v r ɔ n ]_w
[_w d a ɡ ]_w
[_w s a r ɔ n ]_w
[_w n a m a k n u n ]_w
[_w χ ɔ n ]_w
[_w t a r ɔ z a r i ]_w
[_w t a k j i r ]_w
[_w t a r i ]_w
[_w ʃ u n i t a n d ]_w
[_w z u l f i ]_w
[_w k a r d a n ]_w
[_w ɡ u l ]_w
[_w b ɔ d i ]_w
[_w χ ɔ r i dʒ i i ]_w
[_w m e ɡ i r a d ]_w
[_w k u v d ɔ r ]_w
[_w m a r z i ʃ ]_w
[_w s ɔ ɡ i n ɔ n i ]_w
[_w z e r ɔ ]_w
[_w j e s l i ]_w
[_w d ɔ k ɔ ]_w
[_w s i n n i ]_w
[_w q a r i p ]_w
[_w s a d a i ]_w
[_w ʃ a v ]_w
[_w r u ʃ t ]_w
[_w s a r ]_w
[_w ʃ i k ɔ j a d ]_w
[_w t a r ɔ n i ]_w
[_w m a χ m u d ]_w
[_w b a j v a s t ]_w
[_w e r ɔ n ]_w
[_w m e s a n a t ]_w
[_w i b r ɔ s i ]_w
[_w a d a b i ]_w
[_w m a χ a l ]_w
[_w m u d d a r ]_w
[_w ɔ f t ɔ b ]_w
[_w e r ɔ n u ]_w
[_w s a r a ʃ ]_w
[_w n ɔ k u n ]_w
[_w z i t a m ]_w
[_w a n t a k i ]_w
[_w ʃ u m ɔ r ]_w
[_w b a ʔ t i ]_w
[_w i n d i s ɔ s ]_w
[_w f e v r a l ]_w
[_w n ɔ m i ]_w
[_w m e χ ɵ r a d ]_w
[_w k a j t ]_w
[_w v a l e ]_w
[_w s a ʔ j ]_w
[_w v ɔ ʃ a i ]_w
[_w m e d r ]_w
[_w ʃ a b i ]_w
[_w h ɔ s i r i ]_w
[_w tʃ ɔ e ]_w
[_w d a ʔ r i χ i ]_w
[_w r a z a t ]_w
[_w tʃ a n u b ]_w
[_w i dʒ t i m ɔ i ]_w
[_w ɡ a r b i j a i ]_w
[_w m i l l j ]_w
[_w m u a r r i f i ]_w
[_w m e b ɔ ʃ a m ]_w
[_w f a r z i ]_w
[_w ɡ ɔ ʃ ]_w
[_w ɔ v a r d a v u ]_w
[_w s u r u d ]_w
[_w p e b ɔ j a d ]_w
[_w m ɔ s k v a ]_w
[_w s e b ɔ ]_w
[_w n a k k ɔ ʃ ]_w
[_w b ɔ k i z d ɔ n ]_w
[_w ʃ i m ɔ l ]_w
[_w dʒ i k u ]_w
[_w m a t a a n d ]_w
[_w r a v ɔ b ]_w
[_w ʃ ɔ h n ɔ m a ]_w
[_w ɔ r e ]_w
[_w d a b i a t ]_w
[_w s a f a r e ]_w
[_w s u d ]_w
[_w v z e ɡ ɔ ]_w
[_w v ɔ r z i i ]_w
[_w i n d e r n e d ]_w
[_w b ɔ s i i ]_w
[_w ʃ i m ɔ l i ]_w
[_w e h d i r ɔ ɡ i ]_w
[_w χ a m a r ɔ ]_w
[_w b a ʔ t a ]_w
[_w ʃ ɔ χ ]_w
[_w m a r ɔ z ]_w
[_w h a r f i ]_w
[_w j u h a n n ɔ ]_w
[_w e n e r ʒ i ]_w
[_w n a v s i ]_w
[_w h u n a r i ]_w
[_w χ u r ʃ e t ]_w
[_w p a d ]_w
[_w m a t r a χ ]_w
[_w dʒ a n k i ]_w
[_w b ɔ r i ]_w
[_w l i b ɔ s ]_w
[_w m a ʔ m u r i ]_w
[_w i r ɔ a i ]_w
[_w b u d a a s t ]_w
[_w s a m i n ]_w
[_w r a χ i ]_w
[_w m u ʃ ɔ χ i d i ]_w
[_w h ɔ l e ]_w
[_w i tʃ t i m ɔ l i ]_w
[_w a j j u b ]_w
[_w b a s t ]_w
[_w d a ʔ m i n i ]_w
[_w z a t i ]_w
[_w dʒ ɔ j i s a i ]_w
[_w n a d ɔ r a t i ]_w
[_w i z m ɔ i l i ]_w
[_w a s b a z ɡ i ]_w
[_w v ɔ ɡ e ʔ a n ]_w
[_w χ a m tʃ u n i n ]_w
[_w t ɔ l ɔ r i ]_w
[_w l ɔ n d ɔ n i ]_w
[_w d a s t ɔ n ]_w
[_w n a d ɔ r i ]_w
[_w t ɔ s a e ]_w
[_w χ a v z a i ]_w
[_w dʒ ɔ z d ]_w
[_w u z b a k ]_w
[_w m e k u n i ]_w
[_w z u l ɔ l ]_w
[_w k ɔ r b u r d i ]_w
[_w i j u n i ]_w
[_w h a j ɔ d ]_w
[_w i d d i f ɔ ʔ i ]_w
[_w d a j i ]_w
[_w n a ʃ r i ]_w
[_w k u n ɔ ɡ u n i ]_w
[_w b a r ɔ d a r ]_w
[_w n ɔ h i j a i ]_w
[_w tʃ ɔ r i ]_w
[_w t a k ɔ n ]_w
[_w χ ɔ χ i ʃ i ]_w
[_w s i j ɔ d ]_w
[_w n u χ ]_w
[_w h a z d a m i ]_w
[_w d e ɔ d r i ]_w
[_w s a r d ]_w
[_w ɡ u n u n i i ]_w
[_w s a n k t u t a ]_w
[_w s i n t a q a i ]_w
[_w tʃ a d i d i ]_w
[_w t u z e ]_w
[_w s ɔ h a ]_w
[_w a f a s t a n t ]_w
[_w p a j v a s t ]_w
[_w d a ʔ v a d i ]_w
[_w k i r i f t ]_w
[_w i n d i k ɔ d i ]_w
[_w s a n h ɔ ]_w
[_w h i m ɔ j a d ]_w
[_w n u f u s i ]_w
[_w k u t ɔ χ ]_w
[_w a n d a i ]_w
[_w s ɔ h a i ]_w
[_w m a n s u r ]_w
[_w s a n a i ]_w
[_w s ɔ a t ]_w
[_w ɡ u n a i ]_w
[_w s a r a n ]_w
[_w r a q s ]_w
[_w a d i b ]_w
[_w m a k ɔ m ]_w
[_w m a d ɔ r a d ]_w
[_w k u z ɔ ʃ t ]_w
[_w χ a s t a ]_w
[_w b a j r a f ]_w
[_w k u v d a a n t ]_w
[_w b i n ]_w
[_w t ɔ t a ]_w
[_w a t l i j a ]_w
[_w χ ɔ l a t ]_w
[_w ɡ a b ]_w
[_w f a s e ʔ ]_w
[_w b u b i n e d ]_w
[_w a χ b ɔ r i ]_w
[_w v a r j ɔ ]_w
[_w a m n i j a d i ]_w
[_w s a b t ]_w
[_w ɔ k u ʃ i ]_w
[_w j ɔ r ]_w
[_w a s b ]_w
[_w d ɔ tʃ i ɡ j ]_w
[_w tʃ a ʃ m i ]_w
[_w d a r t u ʃ t ]_w
[_w v a z n i ]_w
[_w a χ l ɔ k i ]_w
[_w n a v r u b ɔ ]_w
[_w q u t r a t ]_w
[_w n e r u χ ɔ i ]_w
[_w r a m s i ]_w
[_w d i n ]_w
[_w f a l s a v a i ]_w
[_w s a r v ]_w
[_w k u n u n ]_w
[_w m u l ɔ q ɔ d ]_w
[_w t a v s i f ]_w
[_w r ɔ s ]_w
[_w tʃ ɔ m e a ]_w
[_w ʁ a m tʃ u n ɔ n ]_w
[_w χ i d ɔ j ]_w
[_w z a r a m ]_w
[_w f u tʃ u d i ]_w
[_w k a m ɔ l ]_w
[_w d i k a r ]_w
[_w k u f t u k ɵ ]_w
[_w χ u r s a t i ]_w
[_w ʃ ɵ r a v i ]_w
[_w χ ɔ r i tʃ a i ]_w
[_w f ɔ r z i ]_w
[_w a r z j ɔ b i ]_w
[_w f e j z b u k ]_w
[_w b ɔ n ɡ i ]_w
[_w s i s t e m ]_w
[_w d a k s i ]_w
[_w z a m i n ]_w
[_w d a l χ ]_w
[_w χ a r ]_w
[_w i l m ]_w
[_w b i k u n a ]_w
[_w i z ɔ i ]_w
[_w χ i l ɔ v a ]_w
[_w m e ʃ a v e d ]_w
[_w r a v d ]_w
[_w ʃ u r a f i i ]_w
[_w j u m i ]_w
[_w p ɔ χ i ]_w
[_w ɡ u l i ]_w
[_w k ɔ χ i ]_w
[_w b ɔ l ɔ i ]_w
[_w k i d ɔ b h ɔ i ]_w
[_w n e r ɵ ɡ ɔ h i ]_w
[_w b i m ɔ n a ]_w
[_w f a s ɔ i ]_w
[_w dʒ a v ɔ n i ]_w
[_w ɡ u z ɔ r i ]_w
[_w tʃ i n i ]_w
[_w m e p ɔ ʃ a d ]_w
[_w ɔ m ɔ r i ]_w
[_w t e ɡ a b r ]_w
[_w a t ɔ ]_w
[_w k u dʒ ]_w
[_w ɔ n tʃ ɔ ]_w
[_w s e b ɔ i ]_w
[_w m i n ]_w
[_w f a ʔ t a n ]_w
[_w k ɔ r i ]_w
[_w s a h m i ]_w
[_w z a n ɔ n ]_w
[_w n i k ɔ h i ]_w
[_w b u r d a n i ]_w
[_w r a f t ɔ r i ]_w
[_w χ ɔ z d ]_w
[_w tʃ a f ɔ n ɔ n i ]_w
[_w v a ʔ ɔ l ɔ n i ]_w
[_w ʃ ɔ j a t ]_w
[_w m l n ]_w
[_w a h ɔ l i i ]_w
[_w n a v s ɔ i ʃ i ]_w
[_w m ɔ d a r i ]_w
[_w s a r a n d ]_w
[_w z ɔ l ɔ n a i ]_w
[_w s u d i ]_w
[_w z a r u r a d i ]_w
[_w a r d i ʃ ]_w
[_w d a b ʔ i ]_w
[_w z a m ɔ n ]_w
[_w i z h ɔ r ]_w
[_w z i n n i ]_w
[_w ɡ i s m a d i ]_w
[_w i f ɔ d a ]_w
[_w ʃ e ʔ r h ɔ ]_w
[_w n u r i ]_w
[_w χ ɔ l i v ]_w
[_w k u l l i j a ]_w
[_w k a t r i ]_w
[_w χ u n a r i ]_w
[_w q ɔ i d a d ]_w
[_w m u d i r i ]_w
[_w b ɔ q i ]_w
[_w m u s a l m ɔ n ]_w
[_w tʃ u n ɔ n ]_w
[_w b i s t ɔ n i ]_w
[_w d ɔ χ i ]_w
[_w dʒ a n ɡ i ]_w
[_w b a χ ɔ r ]_w
[_w p a d i ]_w
[_w t a n i ]_w
[_w s ɔ l χ ɔ i ]_w
[_w b ɔ j ]_w
[_w h ɔ l i ]_w
[_w i r ɔ d a i ]_w
[_w χ u d ɔ v e ʔ i ]_w
[_w k ɔ v i ]_w
[_w m a χ s u b ]_w
[_w i s l ɔ m i i ]_w
[_w h a j v ɔ n ɔ t ]_w
[_w v a r s i ʃ ]_w
[_w r a j ɔ n i ]_w
[_w ʃ u r a v i ]_w
[_w q ɔ b i l i ]_w
[_w b a r ɡ i ]_w
[_w p ɔ ʃ e m ]_w
[_w r ɔ z d j ]_w
[_w n a ɡ u n a n t ]_w
[_w b i s a r i ]_w
[_w tʃ i k u ]_w
[_w ɔ f ɔ s i l a i ]_w
[_w b a r ɔ v ɔ n ]_w
[_w q a d l i j a ]_w
[_w b ɔ ɡ i ]_w
[_w ɡ a r d a n r ɔ ]_w
[_w q ɔ n u n h ɔ i ]_w
[_w a f e s t a ]_w
[_w tʃ a r a j ɔ n ]_w
[_w a χ i r a t ]_w
[_w m u ʃ a χ χ a s ]_w
[_w m e r a v a m ]_w
[_w q a d l ]_w
[_w d ɔ tʃ i k r ɔ ]_w
[_w k u r s i ʃ ]_w
[_w s a n ʔ a t ]_w
[_w ɔ m ɵ z i ʃ ]_w
[_w z i n a i ]_w
[_w a n tʃ ɔ χ ]_w
[_w dʒ a ʃ m a m ]_w
[_w b a r χ e ]_w
[_w l a b i ]_w
[_w ɡ a r d e d ]_w
[_w m a b l a k i i ]_w
[_w b ɔ χ ]_w
[_w f ɔ χ i d a ]_w
[_w h i s s i ]_w
[_w m i l ɔ d ]_w
[_w d a v a tʃ tʃ u χ ]_w
[_w s u r u t a k i ]_w
[_w m u s i q i i ]_w
[_w χ ɔ h a d ]_w
[_w d a r a k a t ]_w
[_w z ɔ h a h ɔ i ]_w
[_w d a m i ]_w
[_w z a t h i ]_w
[_w χ a m z a m ɔ n ]_w
[_w i b t i d ɔ r ]_w
[_w tʃ a b ]_w
[_w z a b ɔ n h ɔ ]_w
[_w ʃ a f a n d ]_w
[_w t ɔ k ɔ ]_w
[_w ɔ k ɔ χ ]_w
[_w n a m ɔ i ʃ i ]_w
[_w t ɔ dʒ i ɡ i ]_w
[_w h i m ɔ j a i ]_w
[_w m i n d a ɡ i ]_w
[_w ɔ n χ ɔ e ]_w
[_w t i b b i ]_w
[_w d i l a ʃ ]_w
[_w k e d i ]_w
[_w m u k a d t a ]_w
[_w n a z m i m i ]_w
[_w m ɔ n d ]_w
[_w r u s i ]_w
[_w d ɔ s a e ]_w
[_w ʃ a k l i ]_w
[_w d ɔ tʃ i k i i ]_w
[_w ʃ a χ r ]_w
[_w i tʃ t i m ɔ i ]_w
[_w ɔ m a t a a n d ]_w
[_w s a d a h ɔ i ]_w
[_w l a h s a t i ]_w
[_w q a f l i ]_w
[_w χ a t a v ]_w
[_w k a m d a r ]_w
[_w t a b d i ]_w
[_w p a r n ɔ m a i ]_w
[_w m a s ʔ u l i ]_w
[_w s a m ɔ n i ]_w
[_w v a q t ]_w
[_w tʃ a t i d a n ]_w
[_w dʒ ɔ l i b ]_w
[_w u z d ɔ n i z d ]_w
[_w χ a j ɔ d i ]_w
[_w l ɔ i q ]_w
[_w ɡ a r d ]_w
[_w b ɔ b a d ]_w
[_w s a n ɡ a k ]_w
[_w b e b ɔ j a t ]_w
[_w ɡ u z a ʃ t a ]_w
[_w s a r u r i ]_w
[_w χ u b e ]_w
[_w f a χ t a t i ]_w
[_w ɡ ɔ v i ]_w
[_w χ a ʃ t ]_w
[_w f ɔ b a s t ]_w
[_w k a r m i ]_w
[_w ɡ i d ɔ b ]_w
[_w d u l l ɔ ]_w
[_w d a r tʃ u m a i ]_w
[_w h ɔ l a d ]_w
[_w d i b b i ]_w
[_w z a r t i ʃ ]_w
[_w tʃ a n t ]_w
[_w dʒ ɔ m e ʔ a i ]_w
[_w a m a l i ]_w
[_w ɡ i d ɔ b χ ɔ i ]_w
[_w d a s t a ]_w
[_w q a d i m ]_w
[_w tʃ u z t u f ɔ r ]_w
[_w r ɔ h i m ]_w
[_w a k i t a i ]_w
[_w s ɔ l ]_w
[_w m a n b a ]_w
[_w j u s u f ]_w
[_w n a v i i ]_w
[_w t a r h i ]_w
[_w t a v l a d i ]_w
[_w p a r ɔ d i b a ]_w
[_w p i d u n i ]_w
[_w d i χ a n d ]_w
[_w i d ɔ m a n i ]_w
[_w χ i s ɔ r ]_w
[_w t a l e r ]_w
[_w f r e m j a ]_w
[_w ʃ a ʃ ]_w
[_w v r ɔ n ]_w
[_w p a r ɡ i ]_w
[_w s a r v i s ]_w
[_w n ɔ i l ]_w
[_w m e b i n a m ɔ ]_w
[_w ɡ a m ɔ l i ]_w
[_w m u ʃ ɔ h i ]_w
[_w b a r k i ]_w
[_w f a r m ɔ n ]_w
[_w p ɔ r l u m ɔ n ]_w
[_w i d ɔ m a ]_w
[_w v r i d a ]_w
[_w s a b ɔ n r ɔ ]_w
[_w v a j ]_w
[_w a t a t ]_w
[_w ʃ a h r h ɔ i ]_w
[_w d a l ɔ ʃ ]_w
[_w a l i i ]_w
[_w d e ʔ t ɔ d i ]_w
[_w d u l ɔ r r ɔ ]_w
[_w t e χ ]_w
[_w k a l ɔ m ]_w
[_w d a r z i ]_w
[_w d a h h ɔ ]_w
[_w d ɔ n a i ]_w
[_w f ɔ k e ʔ a n ]_w
[_w b u f a t ]_w
[_w ɡ a r d a n d ]_w
[_w ɔ v d ɔ b ]_w
[_w n a k u n a t ]_w
[_w m e r ɔ z ]_w
[_w χ i s m a d i ]_w
[_w r a f ʔ i ]_w
[_w k ɔ z i ]_w
[_w b a r b ɔ r ]_w
[_w t a n h ɔ ]_w
[_w t i b q i ]_w
[_w q a l ʔ a i ]_w
[_w f a v ɔ d i i ]_w
[_w k a ʃ t ]_w
[_w v i ʃ a ]_w
[_w n i j ɔ n ]_w
[_w t ɔ ʃ t ]_w
[_w k u χ i ]_w
[_w z a r ɔ z i ]_w
[_w r u z χ ɔ ]_w
[_w b e ʃ t a r i n ]_w
[_w a d a m ]_w
[_w m a ɔ r i f i ]_w
[_w m u ʃ ɡ i l ]_w
[_w ɔ r i j ɔ i i ]_w
[_w d ɔ ʃ t e m ]_w
[_w ɔ k ɔ l ɔ ]_w
[_w ʃ i n ɔ χ t a i ]_w
[_w q a r i b ]_w
[_w h a d t i ]_w
[_w j ɔ r u ]_w
[_w t a v ɔ m i l i ]_w
[_w k ɔ l ɔ ]_w
[_w t i d a i ]_w
[_w j ɔ d i ]_w
[_w χ ɔ n d ]_w
[_w s i ɡ r i ]_w
[_w q a v l i d i ]_w
[_w n a v ʔ e ]_w
[_w tʃ a n d ]_w
[_w i m ɔ n i ]_w
[_w χ a l l i ]_w
[_w m u χ ɔ tʃ i r i ]_w
[_w m u d d a χ a m ]_w
[_w v i d j a ]_w
[_w d u s t ɔ n ]_w
[_w i n ɡ u n a t ]_w
[_w ʃ a j t ɔ n ]_w
[_w l u d v a n ]_w
[_w s i j ɔ i i ]_w
[_w χ a t t i ]_w
[_w b e ʃ ]_w
[_w q a f i ]_w
[_w n a dʒ ɔ d ]_w
[_w ɡ u n ɔ h ]_w
[_w h a f ɔ i ]_w
[_w r a q a m i ]_w
[_w m u ɔ z i r a ]_w
[_w a z i l a i ]_w
[_w a v v a l i ]_w
[_w ɡ u n ɔ ɡ u n i ]_w
[_w e tʃ ɔ t ]_w
[_w s i j ɔ d a n d ]_w
[_w ʃ a d i d a ]_w
[_w ɡ u n a d ]_w
[_w a n ɡ u ]_w
[_w a v e s t ɔ ]_w
[_w s u l χ i ]_w
[_w f e v r a l i ]_w
[_w ʃ a k u r i ]_w
[_w s ɔ s m ɔ n i ]_w
[_w s a t χ i ]_w
[_w χ a v s a i ]_w
[_w b u d a n ]_w
[_w i m z ɔ ]_w
[_w t a r d a e t ]_w
[_w ʃ i n ɔ χ t a ]_w
[_w m a b l a χ ]_w
[_w n a z b ]_w
[_w p ɔ z i ]_w
[_w m u χ a b b a d ]_w
[_w b e ʃ a ]_w
[_w t ɔ m a n ]_w
[_w ʃ a χ s i i ]_w
[_w d a l e r ]_w
[_w z a d a n ]_w
[_w i χ t i j ɔ r ]_w
[_w ʃ ɔ b u n ]_w
[_w d a v r e χ i ]_w
[_w i n t i k ɔ d i ]_w
[_w ɔ l i m ɔ f ]_w
[_w m u ʃ t ]_w
[_w v a z ɔ i ]_w
[_w d ɔ n a d ]_w
[_w n i ʃ a z d a ]_w
[_w l a χ z a t i ]_w
[_w n a b u d a n t ]_w
[_w dʒ a n d ]_w
[_w χ a r v i ]_w
[_w u m u m a n i ]_w
[_w p e ɡ ɔ n a ]_w
[_w f a q t e ]_w
[_w dʒ u m h u r i ]_w
[_w l a χ z a ]_w
[_w χ ɔ r i tʃ ]_w
[_w i m k ɔ n i ]_w
[_w p a n d a ]_w
[_w a s ɔ z a n d ]_w
[_w m a t t ɔ ]_w
[_w f a r d a ]_w
[_w m u q a d d a ]_w
[_w f a l a k ]_w
[_w k u n u n i ]_w
[_w k i d ɔ p e i ]_w
[_w v i r t a v z i ]_w
[_w e ʔ t i r ɔ d ]_w
[_w a v ɡ u s t ]_w
[_w d u r u d a ]_w
[_w s a r a r ]_w
[_w a f z ɔ d ]_w
[_w b a r tʃ a n d ]_w
[_w ɔ k ɔ χ i ]_w
[_w m u ʔ ɔ v i n i ]_w
[_w ɡ a r ɔ r ]_w
[_w b a r ɔ d i ]_w
[_w χ ɔ b ]_w
[_w m a n r ɔ ]_w
[_w n a m u d i ]_w
[_w k a r d a n i ]_w
[_w t a r a v i ]_w
[_w ʃ a r i f ]_w
[_w a m m ɔ ]_w
[_w z u r a i ]_w
[_w b ɔ χ i ]_w
[_w h a l l i i ]_w
[_w r ɔ s i ]_w
[_w t a r a ʃ ]_w
[_w d u ʃ a n b e ]_w
[_w tʃ a χ ɔ n i ]_w
[_w m e t i χ a n d ]_w
[_w n i m ]_w
[_w χ a t m a n ]_w
[_w s ɔ l i ]_w
[_w tʃ a n ɔ b e ʔ ]_w
[_w u s d ɔ n i ʃ ]_w
[_w j u n ɔ n ]_w
[_w s u t u r i ]_w
[_w χ u ʒ k ]_w
[_w q a r ɔ r ]_w
[_w dʒ a l b ]_w
[_w t u r u z i r ]_w
[_w m a v z u d ]_w
[_w k a d ɔ m e ]_w
[_w ɡ a j r ]_w
[_w r u ʃ d ]_w
[_w m a n s a b ]_w
[_w s u l f i ]_w
[_w tʃ u n i n ]_w
[_w χ a l q i ]_w
[_w ɔ f a r i ]_w
[_w d a r v ɔ s ]_w
[_w ɡ i r ]_w
[_w d a ʔ l i f ]_w
[_w d u n ]_w
[_w z a b a b h ɔ i ]_w
[_w s ɔ χ t a ]_w
[_w n e k ]_w
[_w m u χ a t t ɔ ]_w
[_w n a q ʃ i ]_w
[_w d a r χ ]_w
[_w b u r z i d a ]_w
[_w d a s m i m ]_w
[_w r a s m i ]_w
[_w a f r ɔ d i ]_w
[_w χ a t a r ]_w
[_w v a s n i ]_w
[_w t ɔ tʃ i k ɔ n ]_w
[_w u m a r ]_w
[_w m a z χ a b i ]_w
[_w h a m m a d ]_w
[_w b ɔ z ɔ r χ ɔ i ]_w
[_w m u s i k i i ]_w
[_w t a r ɔ d a r ]_w
[_w m a r d u m i ]_w
[_w m a n ɔ f e ʔ i ]_w
[_w h a n k i ]_w
[_w a k i d a i ]_w
[_w a s r h ɔ i ]_w
[_w ɔ χ i r i n i ]_w
[_w t i χ a n d ]_w
[_w d ɔ n i ʃ ]_w
[_w a j n i ]_w
[_w ɡ ɔ b u l ]_w
[_w χ ɔ t i m ɔ l i ]_w
[_w m a ʔ n a f i ]_w
[_w i s t ɔ d i ]_w
[_w p a r b ɔ r i z ]_w
[_w m u b a d d a s ]_w
[_w ʃ a h r i ]_w
[_w v a v ɔ t t ]_w
[_w m a q ɔ m i ]_w
[_w d e a t r i ]_w
[_w f ɔ i t a t ]_w
[_w b ɔ p ɔ i ]_w
[_w r e ʃ a i ]_w
[_w a r z i ʃ h ɔ i ]_w
[_w z a v ɔ r ]_w
[_w i n dʒ u n i n ]_w
[_w v a r ɔ f ɔ n ]_w
[_w s ɔ k i n ɔ n ]_w
[_w i n s ɔ n i ]_w
[_w b u n j ɔ d i ]_w
[_w ɡ u n u n i ]_w
[_w s a d a m ]_w
[_w f i d e ɔ ]_w
[_w t i t a ]_w
[_w j ɔ f t a ]_w
[_w ɡ u l ɔ b i ]_w
[_w s i d ɔ i ʃ ]_w
[_w r a v ɔ n ɔ d ]_w
[_w p a χ ʃ i t a n ]_w
[_w ʃ e r ɔ s ]_w
[_w s a r f ]_w
[_w d ɔ dʒ i ɡ ɔ n ]_w
[_w i d d i f ɔ k ]_w
[_w ɔ s m u n i ]_w
[_w d u r ]_w
[_w tʃ i n ɔ i ]_w
[_w t a f r ]_w
[_w n a z d i ]_w
[_w b ɔ v a r i ]_w
[_w j ɔ v d ]_w
[_w i d t a e ]_w
[_w s i j ɔ z e ]_w
[_w b i χ ɔ n e m ]_w
[_w b a r v i s ]_w
[_w χ a t t ɔ r i ]_w
[_w d a r m ɔ n ]_w
[_w χ a r k i b i ]_w
[_w ɵ h t a ]_w
[_w f a k t ]_w
[_w t u r u s t ]_w
[_w ʒ a χ r u ]_w
[_w s i j ɔ z i ]_w
[_w k ɔ n u n i ]_w
[_w d a χ a i ]_w
[_w z i j ɔ s a d i ]_w
[_w d a z d u ]_w
[_w b u r d ]_w
[_w t u ʁ d a r ]_w
[_w k u l ]_w
[_w d ɔ m a n ]_w
[_w χ a j ɔ t i ]_w
[_w b a r v i ]_w
[_w d i d a ]_w
[_w s ɵ i ]_w
[_w b a r ɔ m a t a ]_w
[_w χ ɔ l ]_w
[_w χ u d ɔ r ɔ i ]_w
[_w ɔ s ɔ d i ]_w
[_w ʃ a χ s i ]_w
[_w f a k u l t a i ]_w
[_w ʃ a t i t a ]_w
[_w χ a m k ɔ r i i ]_w
[_w dʒ ɔ j ]_w
[_w n ɔ b u d ]_w
[_w d ɔ b e ]_w
[_w h u k m i ]_w
[_w r u b ɔ i ]_w
[_w v a k i t i ]_w
[_w t a ʔ l i m u ]_w
[_w dʒ a ʃ n i ]_w
[_w p ɔ b ɔ e v ]_w
[_w m i n r ɔ ]_w
[_w s a m ɔ n ]_w
[_w f a j r ɔ n ]_w
[_w tʃ a r a j ɔ n i ]_w
[_w b ɔ j i ]_w
[_w k ɵ m a ɡ ]_w
[_w m a r ɔ ]_w
[_w χ ɔ s t ]_w
[_w n a s t i ]_w
[_w m a t ɔ r a ]_w
[_w a s ɔ z i ]_w
[_w z a v χ a r a ʃ ]_w
[_w i s t a t ]_w
[_w s a r i ]_w
[_w z i n d a k e ]_w
[_w e dʒ ɔ d ]_w
[_w s a v a ]_w
[_w m u r ɔ tʃ i a d ]_w
[_w ʃ i r k a t i ]_w
[_w m ɔ d a r ɔ n i ]_w
[_w r a ʔ j ]_w
[_w d a r χ i ]_w
[_w a k a r ]_w
[_w tʃ ɔ j i ]_w
[_w b a r v ɔ k e ʔ ]_w
[_w m i l a l i ]_w
[_w m e ɡ a r d a ]_w
[_w a r z a t ]_w
[_w a v d ɔ ]_w
[_w m a r d u m r ɔ ]_w
[_w j u r u ]_w
[_w h a s t i ]_w
[_w χ ɔ l a d ]_w
[_w v a r ɔ ]_w
[_w ɔ v a r a ]_w
[_w z u r u d i ]_w
[_w b a r ɔ m a t ]_w
[_w ɔ s i j u ]_w
[_w m ɔ n t a ]_w
[_w f z e ɡ ɔ ]_w
[_w m a m l a k a t ]_w
[_w u z d ɔ i ]_w
[_w ɡ i r j a ]_w
[_w r u ʃ a n ]_w
[_w tʃ a h ɔ r ]_w
[_w d a r f ɔ k e ʔ ]_w
[_w m a b l a n ]_w
[_w f a s ʔ ]_w
[_w k u n a i ]_w
[_w ɡ a s e r ɔ ]_w
[_w m u a l l i f i ]_w
[_w t e v ɔ n a i ]_w
[_w k ɔ r ]_w
[_w s a m i n a i ]_w
[_w a b a d ]_w
[_w χ u k u m a t i ]_w
[_w r u z d i ]_w
[_w a v r ɔ d e ]_w
[_w dʒ ɔ e ]_w
[_w k u ʃ ]_w
[_w n a f b a d i n ]_w
[_w a k s a r ]_w
[_w m u χ a b b a t ]_w
[_w m a r z ]_w
[_w b ɔ j t a χ t ]_w
[_w t ɔ z a ]_w
[_w t ɔ ʃ t i ]_w
[_w m e ɔ r a n d ]_w
[_w m a n ɔ b i ]_w
[_w d i j ɔ r ]_w
[_w j a n v a r ]_w
[_w e ʔ l ɔ n ]_w
[_w m e r ɔ s i m ]_w
[_w a n t ɔ s a e ]_w
[_w p a χ ʃ a d ]_w
[_w k u r ɵ h i ]_w
[_w m u l ɔ ɡ ɔ t i ]_w
[_w d a ʔ j i n ]_w
[_w a b r e l i ]_w
[_w a n d ɔ r ]_w
[_w z a r t i ʃ i ]_w
[_w b a r q a r ɔ r ]_w
[_w d e v ɔ n i ]_w
[_w m e χ ɔ h a t ]_w
[_w dʒ ɔ n u ]_w
[_w z a n ɔ n i ]_w
[_w t e a d r i ]_w
[_w n a z a r h ɔ ]_w
[_w χ ɔ z a ]_w
[_w ɡ i r ɔ m i ]_w
[_w k a j r a v ]_w
[_w b a t ]_w
[_w n i s ɔ m i ]_w
[_w m u k a d d a z ]_w
[_w a l b a d d a s ]_w
[_w d u ɔ ]_w
[_w ɔ f a r t ]_w
[_w m u d ɔ l i b ]_w
[_w h a d m a n ]_w
[_w b a h r i ]_w
[_w b a χ s i i ]_w
[_w m a n ɔ z i b ]_w
[_w p e χ a b a r ]_w
[_w h a r v ]_w
[_w ʃ u d a m ɔ m i ]_w
[_w a d i p ]_w
[_w ɡ u s t i ]_w
[_w a s i s ]_w
[_w m e k u j a n d ]_w
[_w χ u s u z a n ]_w
[_w d a v s i f ]_w
[_w p u d a n d ]_w
[_w t a v r a χ ɔ i ]_w
[_w r a s i i ]_w
[_w ʃ a k l ]_w
[_w m e ɡ a r t a ]_w
[_w m e ʃ u d ]_w
[_w a χ m a d i ]_w
[_w t i d k ɔ χ i ]_w
[_w z u r u d ]_w
[_w a s l a n ]_w
[_w ɔ m u z i k i i ]_w
[_w t a v r ɔ d ]_w
[_w s ɔ l e ]_w
[_w m a f l ɔ n ɔ ]_w
[_w χ ɔ z i ]_w
[_w s a n i ]_w
[_w h ɔ k i m ]_w
[_w ʁ a j ɔ d i ]_w
[_w ʃ a χ s e ]_w
[_w ʃ a r ʃ a r a i ]_w
[_w m ɔ j a m ]_w
[_w t a k m i l ]_w
[_w χ a d d i r ]_w
[_w m u ʃ k i l ɔ d ]_w
[_w i z t i ]_w
[_w m e j ɔ b a t ]_w
[_w h a m r ɔ h ]_w
[_w p ɔ r e ]_w
[_w s ɔ d a i ]_w
[_w n a d ɔ r e d ]_w
[_w m a ʃ χ u r i ]_w
[_w χ ɔ r i tʃ a ]_w
[_w n a v ɔ d i ]_w
[_w a l i ]_w
[_w j a n v a r i ]_w
[_w n i s ɔ m i i ]_w
[_w ɡ i ʃ v a ]_w
[_w p i k u n a i ]_w
[_w s u r u d i ]_w
[_w n ɔ n i ]_w
[_w dʒ u m χ u r i ]_w
[_w m e ɡ u n a d ]_w
[_w f a r ɔ ]_w
[_w i n d i ]_w
[_w i d ɔ m a n ]_w
[_w k i z m i ]_w
[_w k a s ]_w
[_w b ɔ s u χ ]_w
[_w k a t i ]_w
[_w z i s t e m a i ]_w
[_w n a χ u s t i ]_w
[_w j a k ɔ n ]_w
[_w l ɔ z i ]_w
[_w ɔ s ɔ r i ]_w
[_w k a r d i d ]_w
[_w m e j ɔ v d i ]_w
[_w m u f ɔ v i q i ]_w
[_w ʃ e n e r ʃ i ]_w
[_w i s t i f ɔ k ]_w
[_w a v e z d ɔ ]_w
[_w k ɔ r k a r d i ]_w
[_w p u v a d ]_w
[_w k i m a ]_w
[_w a χ b ɔ r ]_w
[_w s a n a d a ]_w
[_w p ɔ l e e ]_w
[_w i m r u z ]_w
[_w j e m u ]_w
[_w ɔ χ i r a n t ]_w
[_w χ i s ɔ b i ]_w
[_w ɔ m i l i ]_w
[_w b u r ]_w
[_w b ɔ s i χ ɔ i ]_w
[_w m a h ɔ r a d ]_w
[_w p a r n ɔ m a ]_w
[_w n a f b a t i ]_w
[_w m e h n a t i ]_w
[_w ɡ a r ]_w
[_w ɵ z d ]_w
[_w a χ t ɔ f i ]_w
[_w dʒ a h ɔ r ]_w
[_w χ ɔ d i ]_w
[_w d a q s i m ]_w
[_w s a r ɔ s ]_w
[_w b ɔ j ɔ n ]_w
[_w n a m u d ]_w
[_w ɔ m i l i j u n ]_w
[_w tʃ a ʃ n i ]_w
[_w m u f a f f a l ]_w
[_w t ɔ l l a r i ]_w
[_w p a r k u ]_w
[_w d a r b i ]_w
[_w m i l l i r ɔ ]_w
[_w t u n b ɔ l i ]_w
[_w ɡ u v d a m ]_w
[_w ɔ m a d a n t ]_w
[_w t ɔ tʃ i ɡ i i ]_w
[_w t ɔ tʃ i k χ ɔ ]_w
[_w p ɔ r a ]_w
[_w ʃ i m ɔ l i k i ]_w
[_w s i n d a k a r ]_w
[_w d a b i ]_w
[_w m a ɔ r i v i ]_w
[_w h a q q i ]_w
[_w k ɔ r χ ɔ ]_w
[_w v a n tʃ ]_w
[_w b i z i ]_w
[_w b e ʃ i n i ]_w
[_w i b ɔ r i ]_w
[_w tʃ i d d i ]_w
[_w z ɔ s a t ]_w
[_w r ɔ k u n i ]_w
[_w q a v i ]_w
[_w b i p i s i ]_w
[_w a k n u n ]_w
[_w b a t a n i ]_w
[_w n ɔ m a ]_w
[_w χ u d u t i ]_w
[_w tʃ a n ɡ u ]_w
[_w a l i f b ɔ i ]_w
[_w b ɔ i n ]_w
[_w f r i t i ]_w
[_w t a q s i m ]_w
[_w ɔ l i m ɔ v ]_w
[_w e ʔ d i r ɔ v ]_w
[_w n i j a t ]_w
[_w f a r h a n ɡ ]_w
[_w d ɔ d ɡ ɔ χ ]_w
[_w z i m ɔ i i ]_w
[_w k a t ɔ m ]_w
[_w b a n b ɔ r i ]_w
[_w r a m z i ]_w
[_w z ɔ χ a i ]_w
[_w e h s ɔ l ]_w
[_w m u ʃ t a r ]_w
[_w b a r ɔ j a m ]_w
[_w ʃ a j d ɔ ]_w
[_w ɔ m a d ]_w
[_w t a z m i i ]_w
[_w χ ɔ v a r ]_w
[_w t a s t ]_w
[_w h ɔ l ]_w
[_w n a m ɔ ]_w
[_w a l b a d d a r ]_w
[_w e ʔ l ɔ m ]_w
[_w χ i s b ]_w
[_w i r ɔ k ]_w
[_w k u m a t i ]_w
[_w ɔ ɡ u ʃ i ]_w
[_w χ a v d a r i ɔ ]_w
[_w n a q l ]_w
[_w ɔ m a d a n i ]_w
[_w ɡ i r d ]_w
[_w a ʃ j ɔ i ]_w
[_w t e v ɔ n i ]_w
[_w b ɔ i s t ]_w
[_w a d a b ]_w
[_w s a n k i n ]_w
[_w h ɔ d i ]_w
[_w b a r r a z i i ]_w
[_w m u h i m i ]_w
[_w r a i s ɔ n i ]_w
[_w ʁ a m z u d ]_w
[_w t i t i ]_w
[_w f a r d a e m ]_w
[_w r a d ]_w
[_w k ɔ r χ ɔ n a d ]_w
[_w a v s ɔ d ]_w
[_w b a k d ɔ d ]_w
[_w h a m tʃ u n i n ]_w
[_w i ʃ a ʔ j ɔ ]_w
[_w ɡ a s i j a ]_w
[_w b a h ɔ r ]_w
[_w a d ɔ l a t ]_w
[_w n a χ u z t ]_w
[_w χ a s ɔ r a t ]_w
[_w n a s ɔ r a t ]_w
[_w t i h a d ]_w
[_w t a r d i ]_w
[_w i ʃ k ]_w
[_w s ɔ l a i ]_w
[_w v a v ɔ d ]_w
[_w d a ʃ k i l i ]_w
[_w ɡ i r d i ]_w
[_w h ɔ dʒ i ]_w
[_w d a ʔ z i r ]_w
[_w z a d ]_w
[_w i r ɔ n ]_w
[_w r ɔ χ χ ɔ i ]_w
[_w b a h s ]_w
[_w m a dʒ l i l ]_w
[_w d a h ]_w
[_w k ɔ r e r ɔ ]_w
[_w q a d a r u n i ]_w
[_w ɡ u m a d i ]_w
[_w s ɔ χ i p ]_w
[_w v a n n i ]_w
[_w z u r ]_w
[_w a m i r ]_w
[_w n a v b a d ]_w
[_w d a s t ɔ n i ]_w
[_w t u l ɔ r ]_w
[_w χ a m a s ɔ i ]_w
[_w e ʔ t ɔ ]_w
[_w dʒ ɔ m e ʔ a ]_w
[_w m ɔ h i ]_w
[_w r u d a ɡ ]_w
[_w m a χ z u z ]_w
[_w i k d i s ɔ s ]_w
[_w a f t ɔ r ]_w
[_w d a r a i ]_w
[_w i m ʃ a b ]_w
[_w χ a m ɔ i ]_w
[_w i s χ ɔ r i ]_w
[_w b a h n ]_w
[_w b a l a n d ]_w
[_w ɔ r a ʃ ]_w
[_w m a z ʔ u d ]_w
[_w z a t ɔ i tʃ i ]_w
[_w ʃ i r i n ]_w
[_w n ɔ m i t a i ]_w
[_w m a z ɔ i l i ]_w
[_w ʃ i n ɔ χ d i ]_w
[_w s i n v i ]_w
[_w f u tʃ u d ]_w
[_w s u χ a n ɔ n u ]_w
[_w z a j t i ]_w
[_w ɔ m a t a ]_w
[_w s ɔ m ɔ n i ]_w
[_w dʒ u d ɔ ]_w
[_w m a n d ]_w
[_w m a s ʔ a l a i ]_w
[_w b a r d a n ]_w
[_w m u k ɔ b i l i ]_w
[_w m u z ɔ d i r i ]_w
[_w z u χ a n ɔ n i ]_w
[_w k u ʃ i ]_w
[_w b i n ɔ i ]_w
[_w s ɔ t t a ]_w
[_w m u ɡ ɔ b i l i ]_w
[_w χ a m r ɔ h i ]_w
[_w p i ɡ z ɔ r ]_w
[_w t a a z d ]_w
[_w ɡ ɔ d i ]_w
[_w ɔ b i i ]_w
[_w k u n ɔ k u n ]_w
[_w r a v ʃ ɔ n ]_w
[_w χ ɔ l a d i ]_w
[_w d ɔ dʒ i ɡ j ]_w
[_w z e χ n i ]_w
[_w s ɔ χ i r a n t ]_w
[_w j ɔ f t a n d ]_w
[_w s a b a b i ]_w
[_w k a l i m a i ]_w
[_w ʃ u m ɔ ]_w
[_w i ʃ k ɔ h ]_w
[_w z ɔ h a ]_w
[_w dʒ a n t i ]_w
[_w f a s i f a ]_w
[_w b u z u r i j a ]_w
[_w n i χ ɔ j a t ]_w
[_w n a k u n a ]_w
[_w m i k t ɔ r ]_w
[_w ɡ a r d a ]_w
[_w ʃ u d a m ]_w
[_w p a ʔ t t a r ]_w
[_w b a d a r i ]_w
[_w k ɵ d a k ]_w
[_w e dʒ ɔ t ]_w
[_w a n t a ]_w
[_w χ u b i ]_w
[_w i n r ɔ ]_w
[_w ɔ z d ɔ n ]_w
[_w s ɔ m ɔ n a n d ]_w
[_w a n d e ]_w
[_w m a f z ɵ i ]_w
[_w d a h i j a ]_w
[_w d a r d u m r ɔ ]_w
[_w ʃ ɔ b u r ]_w
[_w i s t i f ɔ t a ]_w
[_w f i l m ]_w
[_w n i ɡ a r ]_w
[_w i s ɔ i ]_w
[_w χ a z i n a i ]_w
[_w n i s b a d ]_w
[_w i ʃ t i r ɔ d ]_w
[_w t u s t i n ]_w
[_w d a r j ɔ i ]_w
[_w r u s t i ]_w
[_w ɔ d a m i ]_w
[_w b a χ ʃ ]_w
[_w i t ɔ r i ]_w
[_w i s v a r a ]_w
[_w v r e m j a ]_w
[_w m e b i n e d ]_w
[_w ɡ u ʃ t ɔ r i ]_w
[_w m e r a z a d ]_w
[_w a v v a q ]_w
[_w v a ɡ a t i ]_w
[_w n a ʃ u d ]_w
[_w d ɔ d ]_w
[_w t a b i ]_w
[_w t ɔ dʒ i ɡ r ɔ ]_w
[_w ɔ j ɔ ]_w
[_w i d d a ʔ ɔ ]_w
[_w h a m e ʃ a ]_w
[_w z ɵ i ]_w
[_w i m r u s ]_w
[_w b a r a n d ]_w
[_w ʃ u r a v j ]_w
[_w i m r u s a ]_w
[_w χ u ʃ k ]_w
[_w a m r i k ɔ i ]_w
[_w χ a j ʔ a t i ]_w
[_w p a t a n ]_w
[_w tʃ ɔ i ]_w
[_w ʃ a h r r ɔ ]_w
[_w p i n ɔ ]_w
[_w u m i n ]_w
[_w t ɔ t u ]_w
[_w n a m ɔ i ]_w
[_w ʃ ɔ i r ɔ n ]_w
[_w k i t ɔ b χ ɔ i ]_w
[_w ʃ ɔ i r i ]_w
[_w m a j t ɔ ]_w
[_w s a r d ɔ n ]_w
[_w m i j ɔ n a ]_w
[_w χ u z u r ɡ ]_w
[_w tʃ a r ɔ ]_w
[_w b u l i s i ]_w
[_w j a z t ɔ ]_w
[_w r ɔ z j ]_w
[_w ʃ a b n a m ]_w
[_w tʃ ɔ j ɡ ɔ χ i ]_w
[_w ɡ a z ]_w
[_w a n d a ]_w
[_w m e s a n a d ]_w
[_w m u a s s i r ]_w
[_w s a χ n a i ]_w
[_w v u r u ʃ ]_w
[_w l u n a ]_w
[_w k a n t a ]_w
[_w z ɔ a t ]_w
[_w ɡ ɔ l ɔ ]_w
[_w f a k a d ]_w
[_w j a k e ]_w
[_w m a χ k u m ]_w
[_w t ɔ χ i l i ]_w
[_w n ɔ m a ʔ l u m ]_w
[_w p a r tʃ a n d ]_w
[_w χ a j ʔ a d i ]_w
[_w χ u k u ɡ i ]_w
[_w m e χ ɔ χ a n ɡ ]_w
[_w k ɔ r ɡ a r ɔ r ]_w
[_w s a s ɔ v ɔ r ]_w
[_w t a ʔ f ɔ i ]_w
[_w d a χ s i l i ]_w
[_w m a r d u ʃ t i ]_w
[_w tʃ ɔ j k ɔ χ i ]_w
[_w d ɔ d k ɔ h ]_w
[_w s ɔ χ i b ]_w
[_w m a b ɔ l i k ]_w
[_w χ u d u d i ]_w
[_w ɔ l i m i ]_w
[_w h a t m a n ]_w
[_w b u d a n d ]_w
[_w r a v d a ]_w
[_w m a r k a z ]_w
[_w b a ʔ t t a r ]_w
[_w tʃ i n ɔ j i ]_w
[_w s a d a n ]_w
[_w u z d ɔ ]_w
[_w χ ɔ n d a ]_w
[_w a m ɔ r a i ]_w
[_w v i ʃ t ]_w
[_w u s b a d i n ]_w
[_w i z d i ]_w
[_w ɡ ɵ h h ɔ i ]_w
[_w b a χ u s t i ]_w
[_w s a n k ]_w
[_w b e m ɔ r ɔ ]_w
[_w e χ t ɔ ʃ t i ]_w
[_w d u n j ɔ d i ]_w
[_w p u s u r ɡ e ]_w
[_w t ɔ r u ]_w
[_w n a d i dʒ a ]_w
[_w χ u s u z i ]_w
[_w m e χ v a r i ]_w
[_w k i l u k r a m ]_w
[_w s ɔ l ɔ n i ]_w
[_w χ a n ɡ ]_w
[_w h a m tʃ u n ]_w
[_w ɔ r s u ]_w
[_w ɡ a r d a r ]_w
[_w tʃ a n ɔ b i ]_w
[_w m i l l i ]_w
[_w z i l ]_w
[_w a f ɡ ɔ n ]_w
[_w χ ɔ h a n k i ]_w
[_w a r z i ]_w
[_w χ a v d ]_w
[_w f ɔ q e ʔ ]_w
[_w s ɔ b i r ɔ v ]_w
[_w a d a m ɔ n ]_w
[_w b e v ɔ s i l i ]_w
[_w b a r a t ]_w
[_w h u q u q ]_w
[_w ɡ ɔ tʃ ɔ ɡ i ]_w
[_w j ɔ f t a a s t ]_w
[_w ɡ a r m i ]_w
[_w ɡ a m ]_w
[_w n ɔ m ]_w
[_w n a m u n a i ]_w
[_w i n a k ]_w
[_w χ a t a v i ]_w
[_w ɡ a j h ɔ n i ]_w
[_w a l b a t t a r ]_w
[_w r ɔ h i ]_w
[_w ɡ a v l i ]_w
[_w b a ʔ z a n ]_w
[_w dʒ a n ɔ p i ]_w
[_w m e b ɔ ʃ a n d ]_w
[_w u b u r i ]_w
[_w ʁ a m tʃ u n i n ]_w
[_w ɔ m e χ t a ]_w
[_w χ a n u s ]_w
[_w m e k a r d a t ]_w
[_w a m r i k ɔ ]_w
[_w r a f a n d ]_w
[_w n ɔ d i ]_w
[_w ʃ a h r u ]_w
[_w r u z a l ]_w
[_w i b n i ]_w
[_w m ɔ χ i ]_w
[_w b ɔ s l e ]_w
[_w f a r h a m ]_w
[_w m e χ ɔ s t a m ]_w
[_w χ u r ʃ e d ]_w
[_w v i ʃ ɔ r i ]_w
[_w m e m ɔ n a d ]_w
[_w s ɔ d a k i ]_w
[_w u s t ɔ d ]_w
[_w d a r i ]_w
[_w n a ʃ r i j a ]_w
[_w m e s a t ]_w
[_w i n s ɔ n r ɔ ]_w
[_w ɔ ʃ n ɔ ]_w
[_w s a r v a r i ]_w
[_w χ a j ɔ d ]_w
[_w v ɔ r z i ]_w
[_w r i ʃ v a r i ]_w
[_w k u n u n i i ]_w
[_w χ a m l a ]_w
[_w u m u m i ]_w
[_w v a s i f a t i ]_w
[_w b a r ɔ j a ʃ ]_w
[_w r ɵ d a k i ]_w
[_w n i ʃ ɔ b u r ]_w
[_w i ʃ ɔ r ]_w
[_w n a d ɔ n i ]_w
[_w h a tʃ m i ]_w
[_w d a ʔ v a t i ]_w
[_w i ʃ ɔ n ]_w
[_w s e b ɔ i s t a ]_w
[_w t u f u m ]_w
[_w a l l a k a d i ]_w
[_w ɡ u s ɔ r i ʃ i ]_w
[_w χ a f t a i ]_w
[_w p i j ɔ e d ]_w
[_w a t a b i i ]_w
[_w i n d i z ɔ r ]_w
[_w s u b ɔ d ]_w
[_w d u n b ɔ l i ]_w
[_w m a t r a s a t ]_w
[_w b a r ɔ b a r ]_w
[_w p ɔ r χ ɔ ]_w
[_w m i s l i ]_w
[_w d a r d ]_w
[_w t u r ]_w
[_w b a d a n d ]_w
[_w i n d i χ ɔ b i ]_w
[_w t a r j ɔ ]_w
[_w m e r e s a t ]_w
[_w m a n s i m ]_w
[_w d a s f i r ]_w
[_w a t i b ]_w
[_w b a l a ]_w
[_w ɔ m i l a l i ]_w
[_w m a r d ɔ r i s ]_w
[_w ʃ u m ɔ r ɔ n ]_w
[_w h a m k ɔ r i ]_w
[_w ʃ ɔ h i d a ]_w
[_w n ɔ m z a t i ]_w
[_w s a r d u m i ]_w
[_w ɡ u n a m ]_w
[_w a k s a r i ]_w
[_w r ɔ ɡ u n i ]_w
[_w p ɔ n ɡ i ]_w
[_w b e χ b u d i ]_w
[_w z u χ a n ]_w
[_w ʃ a r i ]_w
[_w a t ɔ f u l l ɔ ]_w
[_w m u ʃ ɔ χ i ]_w
[_w m u d d a d e ]_w
[_w s a v i ]_w
[_w χ i r a n d ]_w
[_w d a f z e ʔ i ]_w
[_w d a χ k i m i ]_w
[_w f a ɡ i l ]_w
[_w t i l i ]_w
[_w z ɔ χ i r i ]_w
[_w t a r z a d i ]_w
[_w v a j s ɔ b ɔ t ]_w
[_w χ u d ɡ u ʃ i ]_w
[_w i dʒ r ɔ ]_w
[_w p a n tʃ ]_w
[_w d u r u z i ]_w
[_w ʁ a r a ʃ ]_w
[_w m a j i ]_w
[_w p ɔ m i r ]_w
[_w j ɔ v d a a z d ]_w
[_w f a χ ʃ ]_w
[_w t a b ɔ b a d i ]_w
[_w s a b z ]_w
[_w b ɔ r e ]_w
[_w m u j a s s a l ]_w
[_w dʒ u n ɔ n tʃ i ]_w
[_w n a t ɔ r a i ]_w
[_w b a ʔ s e ]_w
[_w ɡ i ʃ v a r e ]_w
[_w n u q t a i ]_w
[_w ɔ j a n d ]_w
[_w t a f ɔ v u k ]_w
[_w s ɔ χ i r i n i ]_w
[_w χ a d a r ]_w
[_w t a ʁ ɔ n i ]_w
[_w s u l h ]_w
[_w m e ʃ u d a ]_w
[_w p ɔ r z i ]_w
[_w d a r χ ɔ r ]_w
[_w dʒ a n u b i ]_w
[_w p a r a n ]_w
[_w i d ɔ r a ]_w
[_w n e s t e m i ]_w
[_w m e h r i ]_w
[_w i m r u z i i ]_w
[_w n i k a r ]_w
[_w z a r v a n d ]_w
[_w ɡ ɵ d a k ]_w
[_w a v s u m ]_w
[_w b i m ɔ n ]_w
[_w r a χ ɔ ]_w
[_w k u v d ]_w
[_w d a h d i ]_w
[_w s u t ]_w
[_w a d r ɔ v i ]_w
[_w z u r a d e ]_w
[_w ʃ e ʔ r u ]_w
[_w n a ʃ a f a n d ]_w
[_w m u χ t ɔ r i ]_w
[_w tʃ u m h u r i ]_w
[_w i tʃ ɔ z a i ]_w
[_w t u r t a n ]_w
[_w k u m i t a i ]_w
[_w i m ɔ n ]_w
[_w h n i d ]_w
[_w l u ʃ k ɔ f ]_w
[_w n i s ɔ m ]_w
[_w f a s i f a i ]_w
[_w i d d i χ ɔ d i ]_w
[_w e ʔ t i k ɔ r ]_w
[_w tʃ u m χ u r i i ]_w
[_w ʃ a m s i ]_w
[_w p u d a ]_w
[_w ɡ a ʃ t ]_w
[_w r a s i t ]_w
[_w χ a m a s ɔ n i ]_w
[_w a s l ]_w
[_w n a d ɔ ʃ t ]_w
[_w a d ɔ l i a ]_w
[_w k a r d a r a ʃ ]_w
[_w j a k ]_w
[_w χ a m l a k a t ]_w
[_w a n dʒ u m a n i ]_w
[_w b i j ɔ t ]_w
[_w v a ɡ r ]_w
[_w d ɔ dʒ i k r ɔ ]_w
[_w m a r d e ]_w
[_w m e ɡ i r a n d ]_w
[_w ʃ e ʔ r χ ɔ i ]_w
[_w ʃ e ʔ r i ]_w
[_w ɡ i ʃ v a r a t ]_w
[_w b ɔ l e e ]_w
[_w m e z u s a t ]_w
[_w b a j i ]_w
[_w r ɵ z ɡ ɔ r ]_w
[_w ʃ a χ r i m a n ]_w
[_w d a r u n i ]_w
[_w k u r u χ i ]_w
[_w t a s t a i i ]_w
[_w ʃ ɔ i r r ɔ ]_w
[_w f ɔ i d a d ]_w
[_w i m z ɔ l ]_w
[_w n ɔ m a ʃ ]_w
[_w m a χ a l l i ]_w
[_w n ɔ m u s i ʃ u ]_w
[_w ʃ a t i d ]_w
[_w ʃ a χ s ɔ n e ]_w
[_w i r ɔ q ]_w
[_w f ɔ ʃ a ]_w
[_w d a f r ]_w
[_w χ a r a ʃ ]_w
[_w b a r a d ]_w
[_w r a d i ]_w
[_w z ɔ j a i ]_w
[_w t a v d a ]_w
[_w b ɔ z ɡ a r ]_w
[_w a f ɔ m i ]_w
[_w dʒ a χ ɔ n ]_w
[_w p u d e t ]_w
[_w p ɔ d i ]_w
[_w χ i v z i ]_w
[_w a n tʃ ɔ m ]_w
[_w k u f t u ɡ u ]_w
[_w m e ʃ a ]_w
[_w t a χ m i ]_w
[_w e ʔ d i r ɔ z ]_w
[_w s u i s ]_w
[_w d a b ɔ b a d ]_w
[_w χ u d a ʃ ɔ n ]_w
[_w z a m i n r ɔ ]_w
[_w b u r d a n t ]_w
[_w r u j i ]_w
[_w s a t ɔ i ]_w
[_w ʃ a b a k a i ]_w
[_w k a r s a n d ]_w
[_w r u m i ]_w
[_w ɡ a s i ]_w
[_w d e h a ]_w
[_w s a b k ]_w
[_w m i l l i ɔ n ]_w
[_w d i k a r i b ]_w
[_w i s t i ]_w
[_w d ɔ d ɡ ɔ h ]_w
[_w d i l ]_w
[_w m e n ɔ m a i ]_w
[_w d a k ɔ n i ]_w
[_w j a h u v a ]_w
[_w t a v z i ]_w
[_w χ u r ʃ e d i ]_w
[_w j ɔ v d a a s t ]_w
[_w χ u z r a f ]_w
[_w b i n ɔ ]_w
[_w m u z i ]_w
[_w z a d a a n d ]_w
[_w i d d i v ɔ tʃ ]_w
[_w m a dʒ l i z i ]_w
[_w k a s ɔ n i ]_w
[_w ʃ a k l h ɔ i ]_w
[_w ɡ a t r i ]_w
[_w a χ i r a n ]_w
[_w χ a k k i ]_w
[_w m a r d i t ]_w
[_w i ʃ χ ɔ i ]_w
[_w k a n d ]_w
[_w d i f ɔ t a ]_w
[_w z i j ɔ t ]_w
[_w i s χ ɔ r ]_w
[_w b e r u n ]_w
[_w d a n q i d ]_w
[_w χ u tʃ a n d ]_w
[_w b u d ]_w
[_w χ ɔ r i tʃ i i ]_w
[_w p a r ɔ j a ʃ ]_w
[_w s a n ɡ d u d a ]_w
[_w ɔ d a ʒ i ]_w
[_w b a r q ]_w
[_w χ u b ]_w
[_w ɔ v ɔ s i t a ]_w
[_w n i s v i ]_w
[_w s i m n i ]_w
[_w i n ɡ l i j a ]_w
[_w t ɔ n i ]_w
[_w ɡ a r z a j ]_w
[_w f a r h a n ɡ i ]_w
[_w p e ʃ t a r i i ]_w
[_w b ɔ z b a s ]_w
[_w m a n ɔ d i q i ]_w
[_w m e ɡ a ʃ a d ]_w
[_w χ i s b i ]_w
[_w ɔ v a r i ]_w
[_w m u n ɔ s i r i ]_w
[_w m ɔ s t ]_w
[_w m i s r ]_w
[_w n i χ ɔ d ]_w
[_w m ɔ n d a n ]_w
[_w n e s t a n d ]_w
[_w k a r d a e d ]_w
[_w s ɔ s m ɔ n ɔ f ]_w
[_w k a f l i d i ]_w
[_w d a r k i ]_w
[_w ɡ i r d ɔ n ]_w
[_w a v r i q ɔ ]_w
[_w b i d i ]_w
[_w ʁ ɔ l a t ]_w
[_w s a n ʔ a t i ]_w
[_w s ɔ t i r ]_w
[_w h ɔ l ɔ ]_w
[_w f ɔ ʃ a i ]_w
[_w ʃ ɵ r a f i ]_w
[_w d a r a m ]_w
[_w k u f t a ]_w
[_w m u h i t i ]_w
[_w s a v ɔ l i ]_w
[_w dʒ ɔ m i ]_w
[_w m u χ ɔ l i f i ]_w
[_w d ɔ ʃ t a ]_w
[_w a d l i j a ]_w
[_w h a s ɔ r ɔ n i ]_w
[_w k u n a n d ]_w
[_w a ʃ k ]_w
[_w a t a b i a t i ]_w
[_w r u s χ ɔ ]_w
[_w d a l e l i ]_w
[_w b a r ɔ m ɵ ʃ ]_w
[_w tʃ u n ɔ n tʃ i ]_w
[_w s a d a a s t ]_w
[_w d ɔ dʒ i k ɔ n i ]_w
[_w b ɔ χ t a r ]_w
[_w s ɔ l χ ɔ ]_w
[_w h a m tʃ u ]_w
[_w b ɔ s t ɔ ʃ t ]_w
[_w l i b ɔ s i i ]_w
[_w p ɔ ʃ a n d ]_w
[_w k u s t ]_w
[_w a v e z d a m ]_w
[_w m a s k u r ]_w
[_w m ɔ l i j ɔ d a ]_w
[_w ɔ χ i r i ]_w
[_w ɔ f ɔ z χ ɔ n ]_w
[_w k ɔ s i ]_w
[_w m a tʃ m u ʔ ]_w
[_w n i h ɔ d i ]_w
[_w r a f ɔ n ]_w
[_w n ɔ m a e ]_w
[_w a l ɔ q a ]_w
[_w b e ʃ k a ʃ ]_w
[_w b ɔ ʃ ]_w
[_w d a s v i b i ]_w
[_w p u d a m ]_w
[_w z i d ɔ r i ]_w
[_w p ɔ r i ]_w
[_w b e d i l ]_w
[_w v u r u ʃ i ]_w
[_w n a m u t a ]_w
[_w m e s ɔ z a n t ]_w
[_w t a v ɔ m i ]_w
[_w p ɔ s t ɔ n i ]_w
[_w r u s a i ]_w
[_w r a v d a m ]_w
[_w ɡ a r t i ]_w
[_w b u χ ɔ r ɔ r ɔ ]_w
[_w t a v r ɔ ]_w
[_w b a v i ʃ t a m ]_w
[_w u m u m ]_w
[_w m i j ɔ n i ]_w
[_w b ɔ z i ]_w
[_w n ɔ d i r ]_w
[_w l e k ]_w
[_w t a ʔ v a d ]_w
[_w t a m e ]_w
[_w ɡ a ʃ t a ]_w
[_w k ɔ r r ɔ ]_w
[_w m e d ɔ n e d ]_w
[_w b a r t ɔ ]_w
[_w χ a r a k ]_w
[_w ʃ a r m ]_w
[_w s e r ]_w
[_w l a h s a ]_w
[_w q ɔ p i l i ]_w
[_w ʃ i r k a d i ]_w
[_w n i k ɔ χ i ]_w
[_w f a r s ɔ b ]_w
[_w s a t χ ɔ ]_w
[_w r a f a m ]_w
[_w k u l ɔ b ]_w
[_w t a n q i d ]_w
[_w p i r u z i ]_w
[_w n a m u d h ɔ i ]_w
[_w m a r d ]_w
[_w d ɔ tʃ i k ]_w
[_w ʃ u d a s t ]_w
[_w n a v i ʃ t a n ]_w
[_w r u s t ]_w
[_w k u ʃ a i ]_w
[_w b a ʔ d ]_w
[_w m a v s u ʔ i ]_w
[_w u n f ɔ n ]_w
[_w t ɔ tʃ i k r ɔ ]_w
[_w v a s ɔ d i ]_w
[_w m a ʃ ʁ u r ]_w
[_w p ɔ z ɔ r i ʃ i ]_w
[_w r a h ]_w
[_w i k t ɔ m ]_w
[_w χ ɔ tʃ a k i i ]_w
[_w k i p ɔ l i ]_w
[_w t a χ t i ]_w
[_w χ ɔ n a n d ]_w
[_w r ɔ h b a r i n ]_w
[_w v ɔ r i d i ]_w
[_w ɡ a t r ]_w
[_w f i r t a v u ]_w
[_w b a r v a n d ]_w
[_w k ɔ n s e r d ]_w
[_w b a χ ʃ ʁ ɔ i ]_w
[_w p a j n ]_w
[_w a l b a d d a ]_w
[_w ɡ a s ]_w
[_w ʃ u b h a ]_w
[_w i r d i b ɔ r a ]_w
[_w d a ʔ l i m ]_w
[_w m ɔ d a k i ]_w
[_w m e j ɔ b a n t ]_w
[_w χ a n ɡ χ ɔ i ]_w
[_w t a r z a j ]_w
[_w ɔ d a ʃ ]_w
[_w m u χ t ]_w
[_w t u n j ɔ ]_w
[_w dʒ t ɔ ]_w
[_w q a b u l ]_w
[_w h a z t e m i ]_w
[_w s e χ n i ]_w
[_w m e ʃ a f e m ]_w
[_w m ɔ n d a a z d ]_w
[_w ʃ a v e m ]_w
[_w v a d a n ]_w
[_w ɔ s k a ʃ t a n ]_w
[_w m u ʃ ɔ h i t a ]_w
[_w ɔ d i n ]_w
[_w h a n ɵ s ]_w
[_w ɔ z ɡ a r ]_w
[_w ʃ a h r ]_w
[_w b ɔ z ɔ r ]_w
[_w m i r i ]_w
[_w m u χ i m ]_w
[_w h ɔ z i r i ]_w
[_w dʒ ɔ j i z a i ]_w
[_w f a χ t a d i ]_w
[_w d ɔ n a m ]_w
[_w b a r χ u r d i ]_w
[_w s a v a r ɔ v ]_w
[_w b u d a ]_w
[_w s u r ]_w
[_w tʃ a χ ɔ r a d i ]_w
[_w z a f ɔ d d ]_w
[_w s a r u r a t i ]_w
[_w n i s b a t i ]_w
[_w χ a j ɔ l i ]_w
[_w p a r e ʃ ɔ n i ]_w
[_w tʃ a ʁ ɔ n i ]_w
[_w χ a ɡ ]_w
[_w ʃ a χ s ɔ n i ]_w
[_w k u tʃ a k i i ]_w
[_w f a ɡ r ]_w
[_w i f t i χ ɔ b i ]_w
[_w tʃ i s ]_w
[_w e r ɔ n i j u ]_w
[_w s i k r i ]_w
[_w a χ u r ɔ z ɔ n ]_w
[_w t u ɔ ]_w
[_w ʃ a t i d i ]_w
[_w b a r r a r ]_w
[_w a f t ɔ d ]_w
[_w n ɔ χ i j a ]_w
[_w t e f ɔ n i ]_w
[_w m a k t a b ]_w
[_w d u ʃ i ]_w
[_w n a m ɔ i ʃ ]_w
[_w n a m ɔ s ]_w
[_w v i l m h ɔ i ]_w
[_w i f t i d ɔ ]_w
[_w i p r ɔ s i ]_w
[_w m u z d i ]_w
[_w n a s m ]_w
[_w m u v ɔ v i q i ]_w
[_w ɔ ɡ d j a b r ]_w
[_w b ɔ r a i ]_w
[_w r u s i r ]_w
[_w ɔ f t ɔ b i ]_w
[_w p u ʃ t i ]_w
[_w i n ʃ ɔ ]_w
[_w s a f ɔ d ]_w
[_w z a f ɔ r a ]_w
[_w m i l a n ]_w
[_w tʃ ɔ l i b i ]_w
[_w ʃ u m ɔ r i ]_w
[_w m a v z e ʔ i ]_w
[_w k a b ]_w
[_w e h d i r ɔ f ]_w
[_w s a r a m ]_w
[_w m e k u j a m ]_w
[_w r a h m ɔ n ]_w
[_w s a b ɔ n χ ɔ ]_w
[_w ɔ m a t a n i ]_w
[_w χ i z b ]_w
[_w d a ʔ f ɔ ]_w
[_w v m k b ]_w
[_w a n d ɔ n ]_w
[_w tʃ u n ]_w
[_w k a m i ]_w
[_w ɡ ɔ r ɔ t a i ]_w
[_w m a ʔ r u v i ]_w
[_w b ɔ j t a χ d ]_w
[_w k a r d a ]_w
[_w v i ʃ ɔ r ]_w
[_w tʃ i n ɔ j a d ]_w
[_w s u χ a n ]_w
[_w s a r v i ]_w
[_w d a r s a i ]_w
[_w s a r ʒ ɔ r ]_w
[_w p u χ r ɔ p ]_w
[_w t a s t i ɡ a r ]_w
[_w ʃ u r ɔ i ]_w
[_w m a f ɔ r i ]_w
[_w ɡ ɔ r χ ɔ ]_w
[_w ɔ χ i r ]_w
[_w m a n s i m i ]_w
[_w tʃ ɔ n i b i ]_w
[_w ɔ ɡ ɔ ʁ ɔ n ]_w
[_w r u χ ]_w
[_w p a χ r i ]_w
[_w z a t ]_w
[_w v a r h a n ɡ ]_w
[_w m a χ r u m ]_w
[_w b ɔ χ t a a n d ]_w
[_w n j u ]_w
[_w ɡ i l u f ɔ t ]_w
[_w n a z ɔ r a d ]_w
[_w m ɔ n a ]_w
[_w p ɔ ʃ i ]_w
[_w χ a m r ɔ h ]_w
[_w z a b a b ]_w
[_w r ɔ h h ɔ i ]_w
[_w s e b ɔ i s ]_w
[_w b a z d a ]_w
[_w z a v ɔ d t ]_w
[_w d a r j ɔ d ]_w
[_w a n d ɔ χ t i ]_w
[_w ɡ u r s i d a ]_w
[_w n a v z ɔ i ʃ ]_w
[_w i n k u n a i ]_w
[_w dʒ a n u b u ]_w
[_w n u k ɔ t i ]_w
[_w m e b i n a n d ]_w
[_w d a ʁ d ]_w
[_w i s l ɔ m j ]_w
[_w v a r z ɔ b ]_w
[_w p a t a χ ʃ ɔ n ]_w
[_w r a v d ɔ ]_w
[_w ɔ d a m ɔ s i ]_w
[_w n i χ ɔ d i ]_w
[_w m e χ ɔ h a n d ]_w
[_w ɔ m a d a n ]_w
[_w t i n i i ]_w
[_w ɔ m ɵ z i ʃ i ]_w
[_w tʃ a l b ]_w
[_w ɔ χ a n ɡ u ]_w
[_w a k a t ]_w
[_w ɔ v a r d ]_w
[_w p a r ʔ a k s ]_w
[_w p a h r i ]_w
[_w a v r ɔ d ]_w
[_w dʒ u m h u r i i ]_w
[_w d a dʒ t i t i ]_w
[_w m a h s ]_w
[_w m i s ɔ l a ɡ i ]_w
[_w ʃ ɔ i r ]_w
[_w ɔ m u s i k i ]_w
[_w p a j r a h ɔ ]_w
[_w tʃ u m χ u r i ]_w
[_w v a s ʔ ]_w
[_w k u f t e m ]_w
[_w d u l ɔ n i ]_w
[_w t e χ k ɔ n i ]_w
[_w m e d ɔ n a n d ]_w
[_w u k r a i n a ]_w
[_w k a r n a ]_w
[_w d ɔ n i ]_w
[_w b i j ɔ ]_w
[_w ɔ n h ɔ ]_w
[_w i b t i t ɔ i ]_w
[_w t e ʔ t ɔ d i ]_w
[_w j a ɡ ɔ n ]_w
[_w s u r χ ]_w
[_w ʃ a b u ]_w
[_w k i z ɔ i ]_w
[_w ɡ a t l i j a ]_w
[_w t a i ]_w
[_w t i d ɡ ɔ χ ]_w
[_w n a f b a d ]_w
[_w m a ʔ m u l a n ]_w
[_w b u f a d ]_w
[_w s u ɔ l i ]_w
[_w b u b i n i ]_w
[_w p ɔ z ]_w
[_w t a b a z s u m ]_w
[_w b u r z i d ]_w
[_w t a r b i j a ]_w
[_w i s t i ɡ l ɔ l ]_w
[_w k u v d a i ]_w
[_w u l a m ɔ i ʃ ]_w
[_w ɡ a b i r ]_w
[_w χ i f z ]_w
[_w j a k i ]_w
[_w m a k d a b i ]_w
[_w k a r d u ʃ t ]_w
[_w m i l l i i ]_w
[_w z u b h ]_w
[_w ʃ u d a n d ]_w
[_w ɡ ɔ r u ]_w
[_w χ a r a ɡ a t i ]_w
[_w d a z d r a z a ]_w
[_w s i n d ɔ n ]_w
[_w b a z i ]_w
[_w ɔ k ɔ h ]_w
[_w tʃ ɔ i z a i ]_w
[_w q a b l a n ]_w
[_w v a ɡ d e ]_w
[_w r a v d a i ]_w
[_w b ɔ ʃ e d ]_w
[_w h a r ]_w
[_w l a ʃ k a r i ]_w
[_w n a d ɔ d ]_w
[_w b ɔ r z i i ]_w
[_w ɡ u s t a q i l ]_w
[_w u m d a i ]_w
[_w r ɵ z e ]_w
[_w a χ l i ]_w
[_w s ɔ χ t a i ]_w
[_w d ɔ χ i l i ]_w
[_w m a r k a s ]_w
[_w s ɔ m ɔ n a ]_w
[_w m e b i n e t ]_w
[_w p a r k u s ɔ r ]_w
[_w tʃ ɔ j i s a i ]_w
[_w ɔ ʃ ɔ n s i ]_w
[_w s a d i ]_w
[_w m i j ɔ n ]_w
[_w m a n i ]_w
[_w l a h z a ]_w
[_w k a m e ]_w
[_w p a z e ]_w
[_w χ u n i ]_w
[_w k u m i ]_w
[_w χ ɔ n t a a s t ]_w
[_w v u dʒ u d ]_w
[_w χ a m e ʃ a ]_w
[_w s a j j ɔ m ]_w
[_w m e d ɔ ʃ t i ]_w
[_w n a k s i ]_w
[_w s a b u r ]_w
[_w a k i d i ]_w
[_w χ u z u s a n ]_w
[_w i r ɔ a ]_w
[_w ɡ i r i f t a m ]_w
[_w v a n n i i ]_w
[_w u s b a ɡ ]_w
[_w χ ɔ r ]_w
[_w χ a b a r e ]_w
[_w ʁ a r v χ ɔ i ]_w
[_w f a r j ɔ ]_w
[_w h ɔ s i r ]_w
[_w t ɔ ʃ t a n ]_w
[_w n ɔ m i d a ]_w
[_w n ɔ m a i ]_w
[_w ɔ t a ʃ s u s i ]_w
[_w f i l m i ]_w
[_w n a k l ]_w
[_w v a r χ a n ɡ j ]_w
[_w m a ʃ χ u l ]_w
[_w ɔ i d ]_w
[_w s ɔ χ a i ]_w
[_w χ a z d e t ]_w
[_w χ u d d ɔ r ]_w
[_w ɡ a b l a k ]_w
[_w ʃ ɔ d i ]_w
[_w i s d ɔ n ]_w
[_w m u v a s s a l ]_w
[_w u m r i ]_w
[_w n a b u d a n ]_w
[_w t i tʃ ɔ r i ]_w
[_w n i ɡ a h ]_w
[_w χ i r a d ]_w
[_w k a ʃ t a a n t ]_w
[_w b ɔ s t ɔ ʃ t i ]_w
[_w m e r a s a i ]_w
[_w p ɔ j a t ]_w
[_w i dʒ ɔ s a ]_w
[_w p ɔ b ɔ tʃ ɔ n ]_w
[_w r u s ]_w
[_w h i z ]_w
[_w b i s j ɔ r e ]_w
[_w b u t e d ]_w
[_w h a n ɡ ɔ m i ]_w
[_w t e v ɔ r i t ]_w
[_w m a n d a ]_w
[_w dʒ ɔ j k i r ]_w
[_w ʃ a m z i ]_w
[_w f a r h a n k i ]_w
[_w v a z ɔ t ]_w
[_w z i j ɔ i ]_w
[_w t ɔ i m ɔ ]_w
[_w m a v l ɔ n ɔ ]_w
[_w t ɔ r a i ]_w
[_w s u k d ]_w
[_w n a v i ʃ t ]_w
[_w m u tʃ ɔ s ɔ d ]_w
[_w d ɔ r e m ]_w
[_w a s t ]_w
[_w k u n ]_w
[_w i n ɡ i l ɔ b i ]_w
[_w u s l u b i ]_w
[_w z ɔ a d ]_w
[_w q a b l ]_w
[_w d a m ɔ d i ]_w
[_w n e ɡ i ]_w
[_w b u r s i i ]_w
[_w i m r u z i ]_w
[_w ʃ u m ɔ r ɔ ]_w
[_w i n ɡ i l ɔ n i ]_w
[_w m e j ɔ b a d ]_w
[_w e h z ɔ s ]_w
[_w m a ʔ n i ]_w
[_w b u r s i ʃ ]_w
[_w v a k a d ]_w
[_w m e ɡ a r d a n ]_w
[_w i d d a d i ]_w
[_w m a k s a r i ]_w
[_w v a r j ɔ i ]_w
[_w m e m ɔ n a ]_w
[_w a ɡ a r d a ]_w
[_w ɡ i ʃ v a r ]_w
[_w χ ɔ f i s ]_w
[_w b a j v a n d ]_w
[_w t u l l ɔ r i ]_w
[_w n i s b a t a r ]_w
[_w v a r ɔ z a r i ]_w
[_w m e k u n a m ]_w
[_w d i dʒ ɔ r a t i ]_w
[_w s i j ɔ d i ]_w
[_w j a k ɔ n a ]_w
[_w χ ɔ k ]_w
[_w s e r k e j ]_w
[_w k a r d i p ]_w
[_w r ɔ s t ]_w
[_w i b r ɔ χ i m ]_w
[_w v a z i l a i ]_w
[_w m u d d a h a m ]_w
[_w k u s ɔ r i ʃ i ]_w
[_w s a r u r a d ]_w
[_w p a r ɔ b a r ]_w
[_w z a t t i r ]_w
[_w s ɔ χ t ɔ r i s ]_w
[_w s a z ɔ v ɔ r ]_w
[_w ɡ a z i ]_w
[_w n a χ ɔ h a n d ]_w
[_w dʒ u m ʔ a ]_w
[_w ʃ a r q ]_w
[_w n a q ʃ ]_w
[_w k a d r i ]_w
[_w m a j d ɔ n i ]_w
[_w p u i ]_w
[_w b a t a r a i ]_w
[_w u s b a t ]_w
[_w b u d i ]_w
[_w i s t e m ]_w
[_w t i d ɔ χ ]_w
[_w b ɔ n k i ]_w
[_w h e dʒ ]_w
[_w k u s a ʃ t a ]_w
[_w d a n ]_w
[_w ɔ j a n d a ]_w
[_w h i n d ]_w
[_w ɡ i t ɔ b χ ɔ i ]_w
[_w χ e l e ]_w
[_w n a f ʔ i ]_w
[_w d ɔ r i χ ]_w
[_w d a χ d ]_w
[_w χ e ʃ ]_w
[_w f i l ɔ j a d i ]_w
[_w χ u l ɔ z a ]_w
[_w t a m ɔ n a ]_w
[_w p a r k i ]_w
[_w dʒ a h ɔ n i i ]_w
[_w b a d e i ]_w
[_w s a r u ]_w
[_w n ɔ s i b ]_w
[_w p a r k ]_w
[_w p u f a t ]_w
[_w ɡ u d a k i ]_w
[_w s e ʃ a n b e ]_w
[_w t a k j i r i ]_w
[_w dʒ a v ɔ n ɔ n i ]_w
[_w i dʒ ɔ s a i ]_w
[_w z ɔ z m ɔ n ]_w
[_w ʃ u χ r a d i ]_w
[_w n a χ u s t ]_w
[_w k u s a ʃ t i ]_w
[_w d u ʃ m a n i ]_w
[_w ʃ u n i t a ]_w
[_w q a t i ]_w
[_w b a χ t ]_w
[_w i k d ɔ m i ]_w
[_w j u n ɔ n dʒ i ]_w
[_w m e χ ɔ χ a d ]_w
[_w t a z d ɔ ]_w
[_w m u r u r i ]_w
[_w r ɵ i ]_w
[_w d a l a b ɔ d i ]_w
[_w k ɔ r u ]_w
[_w d a f t a r i ɔ ]_w
[_w n e r ɵ h ɔ i ]_w
[_w k i ʃ f a ]_w
[_w m u z ɔ t i ]_w
[_w t e a t r i ]_w
[_w dʒ ɔ n ]_w
[_w χ a l ɡ ]_w
[_w i χ t i s ɔ d ]_w
[_w s b i d ]_w
[_w s ɔ i r ɔ v ]_w
[_w m u s t a q i l ]_w
[_w m a s a l ]_w
[_w d a z v i b ]_w
[_w m a ʃ h u r i ]_w
[_w a v ɔ i ]_w
[_w m u r t a a s t ]_w
[_w χ a z d ]_w
[_w s a l ɔ m i i ]_w
[_w d a χ l ]_w
[_w m e ɔ j a t ]_w
[_w r a z m u n i ]_w
[_w z a n ɔ e ʔ i ]_w
[_w t a r z ]_w
[_w n a v a r r ɔ ]_w
[_w s a n ʔ a d i ]_w
[_w ɔ r a d ]_w
[_w dʒ a n k ]_w
[_w d e χ r ɔ n i ]_w
[_w ʃ ɔ m i ]_w
[_w v a r t ]_w
[_w m u ɔ v i n i ]_w
[_w s a b ɔ n i ]_w
[_w d a k m i l i ]_w
[_w n a h s a i ]_w
[_w ɔ f ɔ z ]_w
[_w r u s i r ɔ ]_w
[_w χ a s t a m ]_w
[_w m u z i q i i ]_w
[_w b u d a a n t ]_w
[_w χ i z ɔ b i q ]_w
[_w p a s t ]_w
[_w s i m n a n ]_w
[_w d i d a n ]_w
[_w r a v a n t ]_w
[_w d a k ]_w
[_w i d d i ]_w
[_w n a k u n a m ]_w
[_w a s a r χ ɔ ]_w
[_w f a s ɔ r a t i ]_w
[_w z ɔ b i ɡ ]_w
[_w m a r d u m i i ]_w
[_w m a tʃ b u r ]_w
[_w i n ʔ i k ɔ z ]_w
[_w k u r ɵ h ]_w
[_w ɔ ɡ ɔ z i i ]_w
[_w χ u n ]_w
[_w dʒ a d i d i ]_w
[_w e d ɔ ɡ ɔ ]_w
[_w h a r b i j a ]_w
[_w m a k ɔ d i b i ]_w
[_w χ a l q ]_w
[_w i r d i b ]_w
[_w ɡ a r d i ʃ i ]_w
[_w χ ɔ l n a s a t ]_w
[_w h a q ]_w
[_w m a t r a h ]_w
[_w ɔ d a ʃ i r ]_w
[_w i n χ ɔ i ]_w
[_w ɔ s ɔ t i ]_w
[_w k u d a k ɔ n ]_w
[_w m ɔ n a n d ]_w
[_w p a r v ɔ ɡ e ʔ ]_w
[_w p i n ɔ b a r ]_w
[_w b i t u n i ]_w
[_w r ɔ s s i j a d ]_w
[_w i z d i l ɔ ʔ ]_w
[_w m e r a s i ]_w
[_w n a χ u s t i n ]_w
[_w m u b ɔ r a ]_w
[_w e tʃ ɔ d ]_w
[_w t a f ɔ v u ɡ ]_w
[_w f a r χ ɔ i ]_w
[_w ɔ v a r ]_w
[_w s i d d i χ ɔ r ]_w
[_w t a l e l ]_w
[_w ʃ a d i d a n i ]_w
[_w dʒ a f ɔ n ]_w
[_w d i n i ]_w
[_w t u n j ɔ t i ]_w
[_w t e χ a i ]_w
[_w ʃ i ɡ ɔ j a d i ]_w
[_w h a l ]_w
[_w n a v r a ]_w
[_w f a h t a t ]_w
[_w b ɔ s k a ʃ t ]_w
[_w v a s l ]_w
[_w m u a l l i f ]_w
[_w i t t i χ ɔ m i ]_w
[_w m u χ ɔ l i ]_w
[_w a m s ɔ j a ]_w
[_w v a k t ]_w
[_w k u n a m ]_w
[_w dʒ i n ɔ j i ]_w
[_w d a v l a t i ]_w
[_w a χ t i ]_w
[_w r a s ɔ n ]_w
[_w m a m l a i ]_w
[_w ʃ u d a a m ]_w
[_w k u f t a a s t ]_w
[_w r a v d ɔ d ]_w
[_w m a s k a v ]_w
[_w t l j a ]_w
[_w b a r ɡ a s ]_w
[_w d a r j ɔ f t a ]_w
[_w χ i s s i ]_w
[_w p ɔ l i k i ]_w
[_w k a z i ]_w
[_w s u b h ]_w
[_w u m r ]_w
[_w m e s a n a m ]_w
[_w ʃ a r h ]_w
[_w n a b u d a ]_w
[_w m a d r a h ]_w
[_w h a v d ]_w
[_w d ɔ b e i ]_w
[_w t a h i j a i ]_w
[_w tʃ ɔ j k ɔ χ i ʃ ]_w
[_w k ɔ s i i ]_w
[_w q ɔ n u n ]_w
[_w s a χ t i d ]_w
[_w m ɔ n a t ]_w
[_w k a r d i ]_w
[_w k ɵ m a k i ]_w
[_w z a b k i ]_w
[_w z i j ɔ z ]_w
[_w χ ɔ m u ʃ ]_w
[_w ʃ e n e r ʒ i ]_w
[_w m a m ɔ l i ]_w
[_w t i k a r ]_w
[_w n i k ɔ h i ʃ ]_w
[_w t ɔ i r a i ]_w
[_w k u m ]_w
[_w m i l l i ɡ ]_w
[_w d a f ɔ n ɔ d ]_w
[_w ɔ z ɔ d ]_w
[_w v a s i r ]_w
[_w p ɔ χ a b a r ]_w
[_w χ a r v i s ]_w
[_w ʃ ɔ m ]_w
[_w tʃ i n ɔ j a b r ]_w
[_w t a v r a z ɔ n ]_w
[_w s a m i n χ ɔ i ]_w
[_w f ɔ ɡ u n ]_w
[_w i b r ɔ s i i ]_w
[_w h a r v i ]_w
[_w j ɔ f t ]_w
[_w n i h ɔ j a d i ]_w
[_w p e ʃ d a r a ʃ ]_w
[_w l u t f a n ]_w
[_w z a b t ]_w
[_w h i s ]_w
[_w a n d e ʃ a ]_w
[_w t a f r e χ i ]_w
[_w m i l l a t ]_w
[_w j u n e z ɡ ɔ ]_w
[_w p i z a r a f ]_w
[_w d ɔ ʃ t a m ]_w
[_w d u r ɵ χ ]_w
[_w d a k ɔ n ]_w
[_w ɔ s ɔ n ]_w
[_w n i j a d ]_w
[_w d a s t a n d ]_w
[_w ɔ z ɔ r ]_w
[_w χ a s t e m ]_w
[_w ɡ u v d ]_w
[_w ɡ ɵ m a k ]_w
[_w r a v d a r i ]_w
[_w j ɔ r i i ]_w
[_w d a s m i ]_w
[_w χ a z ɔ r a d ]_w
[_w b a s i ]_w
[_w d a f r ɔ ]_w
[_w q a d a r ]_w
[_w m e b i n e m ]_w
[_w tʃ a h ɔ r a d i ]_w
[_w b ɔ r z j ]_w
[_w s a v a r i ]_w
[_w t ɔ r e m ]_w
[_w a f f a l i ]_w
[_w ʃ ɔ χ i d i ]_w
[_w f ɔ r z j ]_w
[_w m u n ɔ z i r i ]_w
[_w s ɔ χ t ]_w
[_w i f a s i r i ]_w
[_w p a n d ]_w
[_w e ʔ t i r ɔ k ]_w
[_w u n v ɔ n i ]_w
[_w d ɔ l l a r i ]_w
[_w a χ r i ]_w
[_w e ʔ t i m ɔ l ]_w
[_w m a v s ɵ i ]_w
[_w b e m ɔ r i ]_w
[_w f a ʔ d a n ]_w
[_w a ʃ k i l ɔ b ]_w
[_w r e χ t ]_w
[_w ʃ u χ r a t i ]_w
[_w a s i l a i ]_w
[_w s i n t a ]_w
[_w d u v ɔ n i ]_w
[_w b a t ɔ n ]_w
[_w χ a l ]_w
[_w k a d a m ]_w
[_w p u ʒ ]_w
[_w m e b ɔ ʃ a d ]_w
[_w i tʃ ɔ z a ]_w
[_w b u d e t ]_w
[_w m u s i ʃ i ]_w
[_w m u ɔ s i r i ]_w
[_w t a r ɔ z ]_w
[_w b e m ɔ r i i ]_w
[_w tʃ a ʃ n ]_w
[_w s a b k i ]_w
[_w ɡ u d r a t ]_w
[_w b ɔ i s ]_w
[_w k ɔ r a ʃ ]_w
[_w m e ɡ ɵ j a n d ]_w
[_w ɔ n χ ɔ r ɔ r ɔ ]_w
[_w χ e ʃ u ]_w
[_w z e r ]_w
[_w ʃ ɔ k i r d ɔ n ]_w
[_w k u f t a a n d ]_w
[_w h i s ɔ b ]_w
[_w n a k ʒ i ]_w
[_w m e h n a d ]_w
[_w j ɔ f t a n ]_w
[_w b a s ]_w
[_w m a r χ a l a i ]_w
[_w s a t ]_w
[_w m i z ɔ n i ]_w
[_w p u χ r ɔ n ]_w
[_w ɡ a r d e m ]_w
[_w χ a m ɔ i ʃ i ]_w
[_w χ ɔ t i ]_w
[_w s a t a a n d ]_w
[_w tʃ i t t i ]_w
[_w b a d a n ]_w
[_w v s e k ɔ ]_w
[_w d ɔ ʃ t ]_w
[_w n i j ɔ s ɔ f ]_w
[_w i s t i f ɔ dʒ ]_w
[_w χ u k m i ]_w
[_w m e χ ɔ χ e m ]_w
[_w ɡ i r d i b ɔ χ ]_w
[_w j ɔ f t a a n d ]_w
[_w m a s m u ]_w
[_w i m r u s a i ]_w
[_w s m m ]_w
[_w n i z b a t i i ]_w
[_w m i k t ɔ m ]_w
[_w k u z a ʃ t a n ]_w
[_w h a m tʃ u n ɔ n ]_w
[_w l a h z a i ]_w
[_w p a ʔ s a n ]_w
[_w e d ɔ k ɔ ]_w
[_w d ɔ d ɔ dʒ ɔ n i ]_w
[_w b u s u r k e ]_w
[_w a v ɔ m ]_w
[_w m a ʔ n ɔ ]_w
[_w n e r ɵ i ]_w
[_w j ɔ d ]_w
[_w b a r ɔ v ]_w
[_w l ɔ n d ɔ n ]_w
[_w b a ʔ d i ]_w
[_w n i k ɔ χ ]_w
[_w a v d ɔ d ]_w
[_w h ɔ l i i ]_w
[_w e r ɔ n j ]_w
[_w m i l l a d ]_w
[_w s ɔ χ d a n d ]_w
[_w ɡ i z m a t i ]_w
[_w s ʃ a ]_w
[_w ɔ ʃ n ɔ i ]_w
[_w r a h ɔ ]_w
[_w b u d u ]_w
[_w ɡ u n ]_w
[_w t i h e d ]_w
[_w d a l a b i ]_w
[_w χ ɔ d i m ɔ n ]_w
[_w m a r k a n ɔ r ]_w
[_w t a tʃ r i b a n ]_w
[_w m u t i ]_w
[_w p a d a r ]_w
[_w p ɔ s t ɔ b i ]_w
[_w q i j ɔ m a d ]_w
[_w n ɔ j a b r ]_w
[_w ɡ a m d a r ]_w
[_w k a r b i j a i ]_w
[_w m a ɡ ɔ m i l ]_w
[_w χ a m z ɔ j a i ]_w
[_w t ɔ tʃ v a r ]_w
[_w s a f ɔ t t i ]_w
[_w l a b ]_w
[_w s a v ɔ l ]_w
[_w tʃ a χ ɔ n r ɔ ]_w
[_w z ɔ n ]_w
[_w m a b ɔ l i ]_w
[_w m a r t u m ]_w
[_w v a j s a l i ]_w
[_w ɡ e r b i ]_w
[_w d u b ɔ r a ]_w
[_w s e r i ]_w
[_w b a r ɔ d a i ]_w
[_w ɡ u n ɔ ɡ u n ]_w
[_w k u n e d ]_w
[_w t a r b i ]_w
[_w tʃ a m ɔ a t ]_w
[_w m ɔ f u ]_w
[_w χ u s u z ]_w
[_w d u l i ]_w
[_w χ i l ɔ v i ]_w
[_w χ a d a m ]_w
[_w ʃ a v a t ]_w
[_w m a v χ u m i ]_w
[_w ɔ z ɔ t a i ]_w
[_w χ ɔ n d a a z d ]_w
[_w m u ʔ ɔ d i l i ]_w
[_w ɡ a m b u d i ]_w
[_w m i l l i j a ]_w
[_w i r d i b i ]_w
[_w m a n b a ʔ ]_w
[_w χ a k ]_w
[_w z a n d ]_w
[_w ɡ a t ɔ r a i ]_w
[_w n a v r u z ]_w
[_w b ɔ j ɔ n i ]_w
[_w t ɔ tʃ i ɡ ]_w
[_w b r e s l i ]_w
[_w s i n d a ]_w
[_w b a ʃ a r i ]_w
[_w χ a j j ɔ m i ]_w
[_w z ɔ l h ɔ i ]_w
[_w χ ɔ r i tʃ i ]_w
[_w d a v z i ]_w
[_w i m ɔ m ]_w
[_w a m z ɔ j a i ]_w
[_w z e b ɔ i ]_w
[_w t a s t ɡ i r i ]_w
[_w m e d ɔ d ]_w
[_w m u s t a r i ]_w
[_w k e ʃ i ]_w
[_w h a n k ]_w
[_w p a χ ʃ i ]_w
[_w q a d l i ]_w
[_w t ɔ d ]_w
[_w t u r u d ]_w
[_w t a χ s i i ]_w
[_w t a ʔ s i s i ]_w
[_w k ɔ f i ]_w
[_w ɡ u v d a i ]_w
[_w t a z v i b ]_w
[_w t a b ɔ b a d ]_w
[_w d a r i n ]_w
[_w d i ɡ a r a ʃ ]_w
[_w q i s m a d i ]_w
[_w r u s j ]_w
[_w q a t i m ]_w
[_w i l m h ɔ i ]_w
[_w f i r e b ]_w
[_w m a q s a d i ]_w
[_w d i r a ]_w
[_w d ɔ s t ɔ n ]_w
[_w d a r h i ]_w
[_w i t i ]_w
[_w m e b ɔ j a t ]_w
[_w t ɔ ʃ d ]_w
[_w t a m ɔ m i ]_w
[_w t a r v ɔ z ]_w
[_w χ ɔ χ a d ]_w
[_w f ɔ r s i s t ]_w
[_w t i b k i ]_w
[_w m e k a ʃ a t ]_w
[_w v i l m i i ]_w
[_w m e s a n a n d ]_w
[_w m a d l a b e ]_w
[_w d e ɔ t r i ]_w
[_w χ ɔ s ]_w
[_w ɡ i ʃ v a r i ]_w
[_w χ ɔ n a n t ]_w
[_w a s l i i ]_w
[_w m ɔ l i j ɔ d e ]_w
[_w χ u r d i ]_w
[_w m a z ɡ u n i ]_w
[_w m a n ɔ b e ʔ i ]_w
[_w i r ɔ n i ]_w
[_w m ɔ j a i ]_w
[_w i l m i ]_w
[_w d a χ k i k i ]_w
[_w m u χ i d t i ]_w
[_w a s b ɔ b i ]_w
[_w n a χ u z d i ]_w
[_w b a r t a r ]_w
[_w d a s v i r i ]_w
[_w i l m χ ɔ i ]_w
[_w m a s k a f ]_w
[_w b ɔ s i k a r e ]_w
[_w χ ɔ h e d ]_w
[_w p i s a r i ]_w
[_w f ɔ r z i r ɔ ]_w
[_w v u r s a t i ]_w
[_w m e χ ɔ n a ]_w
[_w χ a v ɔ i ]_w
[_w χ ɔ l ɔ ]_w
[_w v ɔ r z u ]_w
[_w a k b a r i i ]_w
[_w t a v a tʃ tʃ u χ ]_w
[_w k a t a m ]_w
[_w u s b a t i d ]_w
[_w z a r i ]_w
[_w z a v ɔ r i ]_w
[_w ʃ a f e m ]_w
[_w m ɔ n d a a n d ]_w
[_w m u q ɔ b i l i ]_w
[_w b a r ɔ m u ʃ ]_w
[_w i n tʃ ɔ ]_w
[_w p u d i ]_w
[_w k u d r a d i ]_w
[_w tʃ ɔ r dʒ u b i ]_w
[_w h a m a ɡ i ]_w
[_w χ a r a k a d ]_w
[_w k a z ]_w
[_w ʃ u t a n i ]_w
[_w t e m u k r ɔ d ]_w
[_w b a r t ɔ r i ]_w
[_w f a l e ]_w
[_w χ u ʃ u n a t ]_w
[_w b e v ɔ z i d a ]_w
[_w d a v ɔ n ɔ n ]_w
[_w k u ʃ t a r ]_w
[_w ɔ χ ɔ z ]_w
[_w ɡ ɵ j ɔ ]_w
[_w d ɔ dʒ i k ɔ n ]_w
[_w h a d t ɔ ]_w
[_w t a r ɡ i s ]_w
[_w t a ʔ r i χ i i ]_w
[_w ɔ m ɔ d a r ]_w
[_w t a f r e ]_w
[_w b u n j ɔ ]_w
[_w z u r u d a ]_w
[_w s a n ɡ i ]_w
[_w m a f s ɵ i ]_w
[_w e m ɔ m a n ]_w
[_w a h l i ]_w
[_w ʃ a d i d ]_w
[_w t ɔ dʒ i ɡ ɔ n ]_w
[_w d ɔ n i s t a ]_w
[_w ɔ χ ɔ z i ]_w
[_w v ɔ r z i r ɔ ]_w
[_w ʃ a v a n d i n ]_w
[_w h u z u r ]_w
[_w p u t a a n d ]_w
[_w χ u d i ]_w
[_w j u r i j a ]_w
[_w k ɵ h h ɔ i ]_w
[_w k u z d ]_w
[_w r ɔ z d i ]_w
[_w u s m ɔ n ]_w
[_w m u s ɔ i d a d ]_w
[_w p a r χ u r d i ]_w
[_w b ɔ d ʃ ɔ χ i ]_w
[_w k a z r ɔ ]_w
[_w m a d d ɔ r ]_w
[_w z ɔ l i ]_w
[_w n a d ɔ r a ]_w
[_w χ a t ɔ ]_w
[_w a b t u l l ɔ ]_w
[_w r a z m i m ]_w
[_w s a χ t ]_w
[_w d a r ɡ i ]_w
[_w n a m ɔ e m ]_w
[_w r ɵ z i ]_w
[_w χ a t ]_w
[_w m a r d i ʃ ]_w
[_w k ɵ d a ɡ i ]_w
[_w h a f t ]_w
[_w v a r ɡ ]_w
[_w ɡ a d ɔ m ]_w
[_w tʃ u s ]_w
[_w ɔ f a r d ]_w
[_w v a s i r i ]_w
[_w t i r ]_w
[_w ʃ e n e r ɔ l ]_w
[_w dʒ ɔ l i p i ]_w
[_w b u r r a ]_w
[_w s ɔ χ i r i n ]_w
[_w a n k l i j a ]_w
[_w z a v a r ]_w
[_w ʃ u d a n t ]_w
[_w n i j ɔ z ]_w
[_w ɔ k ɔ i ]_w
[_w t a r b ɔ ]_w
[_w χ ɔ r u k ]_w
[_w χ a d a r i ]_w
[_w r ɔ h b a r i ]_w
[_w ɔ d a d ]_w
[_w k u r ʔ ɔ n ]_w
[_w n ɔ m i t ]_w
[_w b a t a n d ]_w
[_w s ɔ n i d a ]_w
[_w m e χ r ]_w
[_w k a z e ]_w
[_w χ a r ɔ b ]_w
[_w χ a b a r ]_w
[_w χ ɔ h i ʃ ]_w
[_w v ɔ χ i i ]_w
[_w z a r ɔ v a d ]_w
[_w m e d ɔ d a ]_w
[_w χ i s ]_w
[_w m a χ r u ]_w
[_w z i s t ]_w
[_w χ i r a t ]_w
[_w s ɔ ɡ i n ɔ n ]_w
[_w m e d ɔ n a d ]_w
[_w ɔ f ɔ s χ ɔ n i ]_w
[_w v i r u s ]_w
[_w s a n ɔ n u ]_w
[_w f r i t a ]_w
[_w b ɔ z d ɔ n ]_w
[_w b u d tʃ a i ]_w
[_w b a ʃ a r i f ]_w
[_w ɔ b i ]_w
[_w m i r z ɔ e v ]_w
[_w χ a v d a ]_w
[_w i s t a r i n ]_w
[_w z a r ]_w
[_w j a k b ɔ r a ]_w
[_w χ a r tʃ a n t ]_w
[_w p i b i s i ]_w
[_w χ a d ]_w
[_w z u d d a h a m ]_w
[_w s u χ a n r ɔ ]_w
[_w s a l ɔ m ]_w
[_w r i s ɔ l ]_w
[_w χ a z d a ]_w
[_w t ɔ tʃ i k ɔ n i ]_w
[_w tʃ a f ɔ n ]_w
[_w f ɔ ʁ i d a ]_w
[_w ɡ u d a ɡ ɔ n ]_w
[_w m a t n i ]_w
[_w m i k t ɔ r i ]_w
[_w v r i d i ]_w
[_w m i l l i a r d ]_w
[_w d ɔ i r a i ]_w
[_w ɡ a m i n i ]_w
[_w m e ɡ a r d i d ]_w
[_w t u n j ɔ d ]_w
[_w f a t a n i ]_w
[_w h u d u d i ]_w
[_w k i r j a ]_w
[_w r a v d u ]_w
[_w s ɔ χ t a n i ]_w
[_w m e k i r a d ]_w
[_w r ɔ j k ɔ χ i ]_w
[_w p e ʃ b i n i ]_w
[_w m u z u l i ]_w
[_w a v ɡ u s t i n ]_w
[_w m a v z u ʔ r ɔ ]_w
[_w ɔ χ a n d a ]_w
[_w d a r v ɔ z ]_w
[_w h a t t ɔ ]_w
[_w z i z d ]_w
[_w t a s t u ]_w
[_w p a r k a s i d ]_w
[_w d a s t ]_w
[_w b e χ t a r ]_w
[_w m a z m u n i ]_w
[_w p ɔ k i ]_w
[_w v a k t i ɡ a r ]_w
[_w ɡ ɔ χ e ]_w
[_w a t a b i ]_w
[_w q i z m i ]_w
[_w k u s ɔ r ]_w
[_w d ɔ i r ]_w
[_w f a ʔ ɔ l ɔ n i ]_w
[_w s ɔ χ i r ]_w
[_w b ɔ s ɔ r χ ɔ i ]_w
[_w z a d i ]_w
[_w i s l ɔ m i ]_w
[_w χ i m ɔ j a t i ]_w
[_w k a r ɔ n ]_w
[_w p i r ]_w
[_w i d d i f ɔ tʃ ]_w
[_w k i r ɔ ]_w
[_w d ɔ tʃ v a r i ]_w
[_w m a k ɔ n i ]_w
[_w r a n ɡ i ]_w
[_w m a ʃ ɡ u l i ]_w
[_w b e m ɔ r ]_w
[_w χ ɔ d i m a ]_w
[_w p u f a d ]_w
[_w χ ɔ h i ʃ i ]_w
[_w tʃ ɔ b i ]_w
[_w d a m e ]_w
[_w n a ʃ r ]_w
[_w i n χ ɔ ]_w
[_w ʃ a f χ a r a ʃ ]_w
[_w ɡ u m ɔ n ]_w
[_w b a r v ]_w
[_w j u z u f ]_w
[_w t a v ɔ n ]_w
[_w v i r ɔ r ]_w
[_w a r a b χ ɔ ]_w
[_w χ ɔ d i r i ]_w
[_w m e k a ʃ a n d ]_w
[_w v a j r ɔ ]_w
[_w d a r ɔ n ]_w
[_w m a h r u m ]_w
[_w m e p i n e m ]_w
[_w q ɔ l a b i ]_w
[_w χ u k u k i ]_w
[_w f a r m ɔ n i ]_w
[_w d ɵ z d i ]_w
[_w ɔ b ɔ d i i ]_w
[_w d u s t ɔ d ]_w
[_w tʃ ɔ m e ʔ a i ]_w
[_w b a ʔ z e ]_w
[_w a d a b i i ]_w
[_w m a r χ i ]_w
[_w m a t b u ɔ d i ]_w
[_w r a χ ]_w
[_w z a d a i ]_w
[_w i d d i l ɔ ʔ i ]_w
[_w b a l e ]_w
[_w d ɔ b ]_w
[_w d e v ɔ n ]_w
[_w v a ɔ ]_w
[_w ɡ u ʃ t ]_w
[_w t a r a m ]_w
[_w m e ɔ r a n d a ]_w
[_w a z ɔ s i ]_w
[_w d a v r ɔ d e ]_w
[_w r a m a s ɔ n a ]_w
[_w ʃ u d ]_w
[_w s a j i d ]_w
[_w χ u b t a r ]_w
[_w tʃ ɔ i z a ]_w
[_w s ɔ χ t a a n d ]_w
[_w i b t i d ɔ χ i ]_w
[_w i n t e r n e t ]_w
[_w m a v ɔ d d ]_w
[_w f a s ɔ d i ]_w
[_w i ɡ d ɔ r i χ ]_w
[_w a f f a l i n ]_w
[_w χ a r f ]_w
[_w a t ɔ i ]_w
[_w ɔ i l a ]_w
[_w a k a r d a ]_w
[_w b ɔ r ]_w
[_w s u ɔ l ]_w
[_w k ɔ χ e ]_w
[_w b a r d ɔ r i z ]_w
[_w z u k t ]_w
[_w n a d ɔ i ]_w
[_w tʃ ɔ n i ]_w
[_w ɔ n χ ɔ ]_w
[_w p a r v ]_w
[_w k a ʃ v ]_w
[_w i m s ɔ l i ]_w
[_w i n d i s ɔ m ]_w
[_w e h j ɔ ]_w
[_w n a v ɔ r a t i ]_w
[_w z i j ɔ d e r ɔ ]_w
[_w i s t e ʔ f ɔ i ]_w
[_w f a r m ɔ j a i ]_w
[_w k ɔ d i b i ]_w
[_w tʃ u z ]_w
[_w f ɔ d ɔ r ]_w
[_w b u r d a ]_w
[_w dʒ i s e r ɔ ]_w
[_w tʃ ɔ m e ʔ a ]_w
[_w v ɔ ʒ a i ]_w
[_w n a s ]_w
[_w m u b i n i ]_w
[_w e ʔ d i r ɔ d ]_w
[_w s a r tʃ a ʃ m i ]_w
[_w ʃ a r ɔ i ]_w
[_w r a s m i m ]_w
[_w t a ʔ z i s ]_w
[_w b ɔ k u ]_w
[_w s u r a i ]_w
[_w k ɔ b i ]_w
[_w u ɡ r a m ]_w
[_w b a r ɡ a ʃ t ]_w
[_w s a b s ]_w
[_w s ɔ n s u r ]_w
[_w χ e dʒ ]_w
[_w b u r d i ]_w
[_w a n dʒ u m a i ]_w
[_w s a n ]_w
[_w m u v a z z a t ]_w
[_w χ ɔ h a t ]_w
[_w v u tʃ u d i ]_w
[_w v ɔ d i s a i ]_w
[_w u z d ɔ n i ʃ i ]_w
[_w z a t ɔ ]_w
[_w m u f ɔ v i ɡ ]_w
[_w v u k u ʔ i ]_w
[_w p ɔ z ɔ r ]_w
[_w i d t i f ɔ d a ]_w
[_w h i f z i ]_w
[_w z ɔ l ɔ n i ]_w
[_w i t m i n ɔ n ]_w
[_w t i f ɔ dʒ ]_w
[_w b ɔ s t ɔ b i ]_w
[_w k u tʃ ɔ ]_w
[_w s a n ɡ ]_w
[_w d a s t ɡ i r ]_w
[_w m a m l a ]_w
[_w t a χ k i m i ]_w
[_w b a j t ]_w
[_w χ ɔ s i l ]_w
[_w i t t i χ ɔ b ]_w
[_w m u t i r i ]_w
[_w m e b u r d a n ]_w
[_w l u ʃ ɡ ɔ v ]_w
[_w r ɔ χ i m ]_w
[_w i n d i k ɔ l ]_w
[_w m a k u n e m ]_w
[_w b a r ]_w
[_w b i k s ɔ r ]_w
[_w m ɔ χ ]_w
[_w ɔ f t ɔ p ]_w
[_w f ɔ χ i r a t ]_w
[_w s a b t i ]_w
[_w m a v z u ʔ i ]_w
[_w d a v z i f ]_w
[_w χ a m a k i ]_w
[_w t u ʃ m a n i ]_w
[_w t a z d ]_w
[_w tʃ u m χ u r ]_w
[_w a n t ɔ s a ]_w
[_w d ɔ d a ]_w
[_w dʒ ɔ j ɡ i r ]_w
[_w a χ m a t ]_w
[_w d a n χ ɔ ]_w
[_w m e ɡ u n e d ]_w
[_w m a s ʔ a l a ]_w
[_w ɡ ɔ f i ]_w
[_w n i k a r ɔ r ]_w
[_w m a s t ɔ ]_w
[_w n a f s i ]_w
[_w s ɔ d d a ]_w
[_w n i s p a d ]_w
[_w r u b l i ]_w
[_w s a v e d ]_w
[_w i n d i ʃ ɔ r ]_w
[_w b a r i ]_w
[_w m a z h a b i ]_w
[_w ɡ u tʃ a k i ]_w
[_w v a r z i i ]_w
[_w d a r z a t ]_w
[_w p a h n ]_w
[_w u s m ɔ n ɔ v ]_w
[_w z i n t a q a ]_w
[_w h i s ɔ b i k ]_w
[_w m u s ɔ i d a t ]_w
[_w a n dʒ ɔ m i ]_w
[_w b a χ t i ]_w
[_w ʃ u d a a n d ]_w
[_w k a d ɔ r a i ]_w
[_w p a r e ]_w
[_w s a j j ɔ r ]_w
[_w k ɔ m i ]_w
[_w b ɔ r s j ]_w
[_w t a v ɔ v u ɡ ]_w
[_w r a v d a a s t ]_w
[_w s ɔ d i r ɔ k i ]_w
[_w a b b ɔ s ]_w
[_w s ɔ h i b i ]_w
[_w m e χ ɔ χ e t ]_w
[_w z a r v i ]_w
[_w m ɔ ʃ e d ]_w
[_w k a t r h ɔ i ]_w
[_w k a r ]_w
[_w ʃ i t t a e ]_w
[_w p e ʃ a ]_w
[_w ɡ a m i n ]_w
[_w t a tʃ d i d i ]_w
[_w ʃ u d a n a ʃ ]_w
[_w d ɔ r ɔ i ]_w
[_w i s t ɔ n ]_w
[_w z a h m i ]_w
[_w t a r χ χ ɔ i ]_w
[_w d ɔ i m ɔ ]_w
[_w ɡ u m i t a i ]_w
[_w m u d ɔ v e ʔ i ]_w
[_w n i ɡ a r i ]_w
[_w t ɔ d ɡ ɔ χ ]_w
[_w s i n a ]_w
[_w b u χ ɔ r ɔ i ]_w
[_w m u h a m m a d ]_w
[_w d a b t i l ]_w
[_w p a χ r i m a n ]_w
[_w z i j ɔ h ]_w
[_w s a r m ɔ n i ]_w
[_w z a χ ɔ i ]_w
[_w d a z d ɡ ɔ h i ]_w
[_w d a k v i j a d ]_w
[_w b ɔ z d ɔ ʃ t i ]_w
[_w z ɔ d i r ɔ k ]_w
[_w s ɔ n i ]_w
[_w m u s i ʃ ]_w
[_w dʒ i n ɔ i ]_w
[_w b ɔ l ɔ d i ]_w
[_w a n d a k i i ]_w
[_w b u r d a r ]_w
[_w f ɔ z e ʔ ]_w
[_w v a s i v a ]_w
[_w h a m i n a ]_w
[_w χ i d ɔ b χ ɔ i ]_w
[_w r a v ʔ i ]_w
[_w dʒ ɔ l i b i ]_w
[_w s u v l ɔ i ]_w
[_w u ʃ e ]_w
[_w p a h ɔ r ]_w
[_w s a d ɔ i ]_w
[_w h ɔ tʃ i ]_w
[_w b ɔ f a r ]_w
[_w χ ɔ f a r d ]_w
[_w χ a m e ʒ a ]_w
[_w n a z ]_w
[_w t u r ɵ χ ]_w
[_w t ɔ tʃ i k j ]_w
[_w r a ʃ i t a ]_w
[_w z ɔ χ t a a s t ]_w
[_w d a ʔ j i d ]_w
[_w t ɔ r n i k ɔ r ]_w
[_w d ɔ n n a ]_w
[_w tʃ ɔ i s a i ]_w
[_w p a r ɔ i ]_w
[_w m i k d ɔ m i ]_w
[_w d a ʃ a k k u r ]_w
[_w n i z b a d ]_w
[_w d ɔ d ɔ n i ]_w
[_w m a t ɔ l a t i ]_w
[_w ɔ v a r d ɔ r ]_w
[_w ɡ ɔ r h ɔ ]_w
[_w v a s ʔ i j a d ]_w
[_w m a ɡ ɔ n ]_w
[_w n a χ ɔ h a m ]_w
[_w m i s r ɔ ]_w
[_w f a h t a d ]_w
[_w j ɔ v ɔ n ]_w
[_w k i d ɔ b χ ɔ i ]_w
[_w a s ʔ ɔ r i ]_w
[_w e ʔ t i b ɔ n i ]_w
[_w χ a r tʃ i ]_w
[_w d a ʔ v ɔ i ]_w
[_w d ɔ n a ]_w
[_w n a f ʔ e ]_w
[_w m a s m u n i ]_w
[_w ʒ ɔ n ɡ χ ɔ i ]_w
[_w k a s i ]_w
[_w a n ɡ l i s i ]_w
[_w u d ɔ ɡ i ]_w
[_w q u r ʔ ɔ n ]_w
[_w m a r ɡ a z ]_w
[_w m e p u d ]_w
[_w χ i t ɔ j ]_w
[_w ɔ ɡ ɔ s ]_w
[_w a s a r a f i ]_w
[_w t a v ɔ n i s t ]_w
[_w m e r a s a d ]_w
[_w a k b a r ]_w
[_w k u r u χ e ]_w
[_w k i r i ]_w
[_w z a r d i ]_w
[_w p a d ɔ n ]_w
[_w b i ɡ u n a t ]_w
[_w a d ɔ l i b ]_w
[_w d ɔ d a a s t ]_w
[_w z ɔ χ t ɔ r i ]_w
[_w tʃ ɔ r tʃ u b i ]_w
[_w m a t n ]_w
[_w ɡ i l ]_w
[_w n i r u i ]_w
[_w k a n ɔ r ]_w
[_w χ a m a i ]_w
[_w t a v ɔ m i l ]_w
[_w r ɔ d ]_w
[_w f a r a ]_w
[_w h a s t a n d ]_w
[_w k a r d a m ]_w
[_w ɔ n dʒ ɔ ]_w
[_w dʒ ɔ j ɡ ɔ n ]_w
[_w t a s t u r ]_w
[_w m e k u n a ]_w
[_w b ɔ b ɔ tʃ ɔ n i ]_w
[_w s ɔ χ i r i ]_w
[_w d a r t i ]_w
[_w a ɡ a r n a ]_w
[_w d a χ t ]_w
[_w s a m ɔ n e ]_w
[_w e h t i r ɔ k ]_w
[_w n i k ɔ h ]_w
[_w t a m ɔ n ]_w
[_w d a v r ]_w
[_w l a n t i i ]_w
[_w χ a s ɔ r u ]_w
[_w t i l ]_w
[_w ʃ u m ɔ r a d ]_w
[_w n a χ s a n ]_w
[_w p e ʃ ɡ a ʃ ]_w
[_w v a t a n ]_w
[_w r e ʃ a ]_w
[_w χ a r tʃ a ʃ m u ]_w
[_w b a r t ɔ χ t i ]_w
[_w a s ɔ z i r ]_w
[_w b a j ɡ ɔ r ]_w
[_w m i q t ɔ r i ]_w
[_w m a χ t u d ]_w
[_w z u χ a n r ɔ ]_w
[_w ʃ a v χ a i ]_w
[_w k ɔ r h ɔ ]_w
[_w z u r ʔ a t i ]_w
[_w χ u d ɔ j ɔ ]_w
[_w b a d ]_w
[_w χ a m t i ]_w
[_w m e r a z a i ]_w
[_w b i k u n e d ]_w
[_w a v z u n ]_w
[_w m u s i ]_w
[_w χ a v ɔ d i i ]_w
[_w m a k ɔ m χ ɔ i ]_w
[_w ɔ z i j ɔ z ɔ f ]_w
[_w f a q a d ]_w
[_w k ɔ ɡ d a ]_w
[_w r a f t a m ]_w
[_w v a r s a d i ]_w
[_w m a ʔ n a f i i ]_w
[_w d a m ɔ z i ]_w
[_w i j ɔ l a d ]_w
[_w a t l i ]_w
[_w a χ b ɔ r i z ]_w
[_w z i l s i l a ]_w
[_w q a b l a χ ]_w
[_w m a dʒ b u r ]_w
[_w χ a r a ɡ ]_w
[_w t a ʔ l i m i ]_w
[_w b a r h a n ɡ i ]_w
[_w f a ɡ i l ɔ d ]_w
[_w m e k a r d e m ]_w
[_w j a n f a r i ]_w
[_w m a k ɔ m ɔ d i ]_w
[_w ɡ a ʃ i d ]_w
[_w b a j r a ]_w
[_w p a j v a s t a ]_w
[_w ɔ i t i ]_w
[_w f ɔ r s ]_w
[_w v i k r i ]_w
[_w b a z d ]_w
[_w b a r k a n ɔ r ]_w
[_w v i k r a m ]_w
[_w tʃ ɔ j ]_w
[_w ɡ ɔ m i ]_w
[_w f a r q ]_w
[_w m ɔ ʃ n ɔ ]_w
[_w ɔ i d i ]_w
[_w m a ɡ ɔ m ɔ t ]_w
[_w tʃ a m ʔ i j a d ]_w
[_w a n dʒ u m a ]_w
[_w j ɔ d ɔ v a n t ]_w
[_w u r u b ɔ i ]_w
[_w b ɔ r l u m ɔ d ]_w
[_w z a r d u ]_w
[_w m ɔ n d a ]_w
[_w k u z a ʃ t ]_w
[_w a z a r i ]_w
[_w ɡ ɔ t i b i ]_w
[_w k i t ɔ b e ]_w
[_w m i s ɔ n i ]_w
[_w f a r d ]_w
[_w n a b ɔ ʃ a m ]_w
[_w f ɔ q e i ]_w
[_w e ʔ d i r ɔ m j ]_w
[_w m a s e h ]_w
[_w dʒ a m ʃ e d ]_w
[_w e ʔ d i m ɔ i i ]_w
[_w s a f i ]_w
[_w k ɔ n z e r d i ]_w
[_w m a k s i ]_w
[_w k a d r ]_w
[_w t a h d i ]_w
[_w ɔ k d j a b r ]_w
[_w tʃ ɔ m e a i ]_w
[_w ɔ l m ɔ n ]_w
[_w n a v ]_w
[_w ɡ ɵ ʃ a i ]_w
[_w k ɔ d u ]_w
[_w b ɔ z ]_w
[_w s a v χ a i ]_w
[_w j a ɡ ɔ n i ]_w
[_w t a v d a m ]_w
[_w m u l ɔ ɡ ɔ d ]_w
[_w b a ʔ s a m ]_w
[_w b u l i ]_w
[_w i ʃ q i ]_w
[_w χ ɔ χ e d ]_w
[_w χ e r u i n ]_w
[_w t a v a l l u d ]_w
[_w d u b ɔ r i ]_w
[_w i l ɔ v a ]_w
[_w z i m i ]_w
[_w ɔ f a r a ʃ ]_w
[_w a n k u i ]_w
[_w a r d i ]_w
[_w i f a s ]_w
[_w m ɔ d a r i n ]_w
[_w ɔ j a d i ]_w
[_w h i m ɔ j a n d ]_w
[_w a v z a i ]_w
[_w d a r d i ]_w
[_w a f f a k ]_w
[_w h a m i l t ɔ n ]_w
[_w ʁ u t ɔ j ɔ ]_w
[_w n a f i ʃ a i ]_w
[_w d i k a r i ]_w
[_w k u ʃ ɔ d a ]_w
[_w t a r d i ʃ i ]_w
[_w q a d ɔ r e m ]_w
[_w k a r d a e t ]_w
[_w ʃ u d e m ]_w
[_w h a z t ]_w
[_w ɔ n h ɔ r ɔ ]_w
[_w a ʔ s ɔ i ]_w
[_w r a n ɡ ]_w
[_w v a r s a n d ]_w
[_w χ ɔ h a m ]_w
[_w tʃ i n ]_w
[_w k a b l ]_w
[_w i r ɔ d ]_w
[_w t a r ɡ ]_w
[_w d i d a n t ]_w
[_w n a χ u z d ]_w
[_w p a r a d ]_w
[_w s ɔ ʔ a d ]_w
[_w n a v b a t i ]_w
[_w d ɔ t a m ɔ m i ]_w
[_w s i t ɔ r a i ]_w
[_w t i d ɔ ]_w
[_w t a r z i ]_w
[_w dʒ a χ ɔ n r ɔ ]_w
[_w h a m ]_w
[_w t a b ʔ ]_w
[_w t a r b ɔ r ]_w
[_w z u d d a t ]_w
[_w b i r a i ]_w
[_w d ɔ ʃ t i ]_w
[_w e ʔ d ɔ ]_w
[_w ɔ s ɔ t ]_w
[_w ɡ u n ɔ k u n i ]_w
[_w f u r u ]_w
[_w s i r i ]_w
[_w r u χ i ]_w
[_w m a n ɔ b e ʔ ]_w
[_w ɡ u n a e ]_w
[_w h u k u m a t i ]_w
[_w dʒ a χ ɔ n i ]_w
[_w b a r ɔ i t i ]_w
[_w z ɔ k i n ɔ n ]_w
[_w p a n t i ]_w
[_w r ɔ i tʃ ]_w
[_w b a j ]_w
[_w m u z a l m ɔ n ]_w
[_w k a v m i ]_w
[_w k u l u ]_w
[_w ʃ ɵ ʔ b a i ]_w
[_w s ɔ l i m ɔ v ]_w
[_w t a s t i ɡ i i ]_w
[_w s a n k i ]_w
[_w p u n j ɔ t i ]_w
[_w n ɔ t i ]_w
[_w m a q s a d ]_w
[_w d e χ ]_w
[_w t i d a m ]_w
[_w z a l ɔ m ]_w
[_w m a d d ɔ ]_w
[_w r ɔ d j u ]_w
[_w h a n ɡ i ]_w
[_w χ a s t e d ]_w
[_w ɔ χ ɔ s ]_w
[_w n a v i ]_w
[_w f a s ɔ d i r i ]_w
[_w k a r b i j a ]_w
[_w χ ɔ h e m ]_w
[_w χ a m a k ]_w
[_w m e t ɔ d ]_w
[_w z u χ t ]_w
[_w ʁ u l ɔ z a ]_w
[_w z m m ]_w
[_w p u n j ɔ d i ]_w
[_w a l a j χ i ]_w
[_w k a r i ]_w
[_w d ɔ r ]_w
[_w ʃ u a r ɔ i d ]_w
[_w ʃ ɔ d ]_w
[_w d a s t i ]_w
[_w b ɔ z u χ ]_w
[_w t u v ɔ r ]_w
[_w dʒ a v ɔ n ]_w
[_w ʃ a m z ]_w
[_w h a m a t ɔ r i ]_w
[_w a n tʃ u m a i ]_w
[_w ɔ m ɔ t a r ]_w
[_w χ e ʃ r ɔ ]_w
[_w χ u z u z a n ]_w
[_w b i ɡ u n e m ]_w
[_w t a r a v ]_w
[_w n i h ɔ j a t ]_w
[_w n u ɡ d a ]_w
[_w t a v ɔ n ɔ n ]_w
[_w d a a s t ]_w
[_w i j u l ]_w
[_w d a n s i l i ]_w
[_w n a χ ɔ h a t ]_w
[_w i r t i ]_w
[_w n i k a h ]_w
[_w a n t ɔ χ t i ]_w
[_w k e t i ]_w
[_w k a r d e ]_w
[_w ʃ u d a a z d ]_w
[_w ɡ u r ɵ h h ɔ i ]_w
[_w b u s u r k ]_w
[_w s u ɡ u d i ]_w
[_w p a r v i ]_w
[_w m e k ɵ j a t ]_w
[_w χ a r ɡ i ]_w
[_w t ɔ k t ɔ r ]_w
[_w h e tʃ ]_w
[_w r u z d ɔ d ]_w
[_w t a f ʔ a ]_w
[_w u r ɔ ]_w
[_w t e h a i ]_w
[_w h a s ɔ r ɔ n ]_w
[_w b i j ɔ e d ]_w
[_w ɡ a r d i ]_w
[_w u m u m a n ]_w
[_w h a s ɔ r ]_w
[_w p ɔ j ɔ n i ]_w
[_w t ɔ n i ʃ ]_w
[_w n a m ɔ e d ]_w
[_w k a l ɔ n i ]_w
[_w s a f a r r ɔ ]_w
[_w ʃ u t a a s t ]_w
[_w j a k tʃ a n d ]_w
[_w r ɔ z s i j a ]_w
[_w ɡ i b ɔ l i ɡ i ]_w
[_w t a k ]_w
[_w f i r d a f u ]_w
[_w b ɔ z r a z i ]_w
[_w ɔ ʃ k ɔ r ]_w
[_w ɔ n r ɔ ]_w
[_w p u n j ɔ t ]_w
[_w p i s a n a d ]_w
[_w d u r u s t ]_w
[_w ʃ a r ʃ a r a e ]_w
[_w n i z b a t ]_w
[_w ɔ z i j ɔ d ]_w
[_w v ɔ l ɔ ɡ d a ]_w
[_w d ɔ r i z a ]_w
[_w m a χ s u z ]_w
[_w r ɵ h i ]_w
[_w p a ʔ d i ]_w
[_w b a r d ɔ χ t ]_w
[_w p u d e m ]_w
[_w a m a l ]_w
[_w d u r t a a s t ]_w
[_w n a s a r i ]_w
[_w z a i d ɔ v ]_w
[_w m e k ɵ e m ]_w
[_w b ɔ ʃ a t ]_w
[_w m a t ɔ r i s ]_w
[_w m a χ m u d i ]_w
[_w p a r a n d ]_w
[_w χ ɔ d i r ɔ k ]_w
[_w d a r j ɔ ]_w
[_w m a v ɔ t ]_w
[_w s u d u r i ]_w
[_w p ɔ s ɔ r ]_w
[_w ɡ u v d u ɡ ɵ ]_w
[_w d a ʔ s i r i ]_w
[_w z a d a n i ]_w
[_w e d ɔ ]_w
[_w q a l b i ]_w
[_w ɡ a b u l ]_w
[_w i f a s i l a i ]_w
[_w d ɔ r e d ]_w
[_w p i t i ]_w
[_w j u n ɔ n tʃ i ]_w
[_w f a l s a f a i ]_w
[_w z ɔ t a i ]_w
[_w a f s u d a ]_w
[_w z ɔ d d a r ]_w
[_w m a v tʃ u d ]_w
[_w n a m ɔ n ]_w
[_w m a f z u ʔ ]_w
[_w z u r a d i ]_w
[_w f a ʔ ɔ l ]_w
[_w t a r t i ]_w
[_w t e v ɔ n a ]_w
[_w s ɔ h a h ɔ i ]_w
[_w p ɔ k ]_w
[_w t a ʔ j i ]_w
[_w n a t ɔ r a t i ]_w
[_w p a t ɔ n ]_w
[_w k u d u b i ]_w
[_w k ɔ n i ]_w
[_w m a s r a f ]_w
[_w r a z ɔ n a t ]_w
[_w n e r u k ɔ χ i ]_w
[_w m u b ɔ r a k ]_w
[_w b e z ]_w
[_w r a v ɔ b i d ]_w
[_w k a t ɔ r a n d ]_w
[_w k a d l i j a i ]_w
[_w tʃ i s e r ɔ ]_w
[_w e ʔ t i b ɔ r ]_w
[_w d a χ χ ɔ ]_w
[_w b a χ ʃ i ]_w
[_w b i s i ]_w
[_w m u ʃ k i l i ]_w
[_w χ u s u r i ]_w
[_w m e ʃ a v a n d ]_w
[_w dʒ a n t ]_w
[_w m a k ɔ m i ]_w
[_w i n z ɔ n r ɔ ]_w
[_w n e k u ]_w
[_w n a s r i ]_w
[_w s ɔ k i n i ]_w
[_w a χ i r ]_w
[_w d e m u k r ɔ m ]_w
[_w dʒ ʃ s ]_w
[_w p a r f a n d ]_w
[_w k ɔ r m a n d a ]_w
[_w n e k i ]_w
[_w d a r χ ɔ s t a ]_w
[_w n u ɡ d a i ]_w
[_w u m e d ]_w
[_w m i d r i j ]_w
[_w p a r ]_w
[_w ɡ a d r ]_w
[_w f a k t e ]_w
[_w f i l ɔ j a t i ]_w
[_w v u r u d ]_w
[_w s i j ɔ d a n ]_w
[_w n a k ʃ i ]_w
[_w dʒ u m l a i ]_w
[_w t a χ m i n ]_w
[_w χ a m tʃ u n ɔ n ]_w
[_w n a χ u z t i ]_w
[_w a s a r h ɔ ]_w
[_w s i j ɔ s e ]_w
[_w a v s u t a ]_w
[_w b u r t a a m ]_w
[_w m e b i n a m ]_w
[_w f a r s i ʃ ]_w
[_w v u r u d i ]_w
[_w k u ʃ t a r i ]_w
[_w t a v l i d i ]_w
[_w k a ʃ i d a n i ]_w
[_w k ɔ d i b ]_w
[_w m u k a r r ɔ ]_w
[_w t ɔ n i s t ]_w
[_w n i ɡ ɔ r ]_w
[_w m u v i d ]_w
[_w ɡ ɔ χ i ]_w
[_w a z a r h ɔ ]_w
[_w χ ɔ dʒ a ]_w
[_w a v s ɔ i ʃ i ]_w
[_w f ɔ k e a n ]_w
[_w b a r d a e m ]_w
[_w k i l u k r ɔ d ]_w
[_w p a r ɔ i m i ]_w
[_w m a q s a t ]_w
[_w a m r i ]_w
[_w ɔ v d ɔ b i ]_w
[_w n i ɡ a r e r ɔ ]_w
[_w d i l u ]_w
[_w s a r tʃ a m i ]_w
[_w s a b a b χ ɔ i ]_w
[_w e n e r ʃ i i ]_w
[_w m a j t ɔ n i ]_w
[_w d u f f u m i ]_w
[_w m u h a b b a d ]_w
[_w b u r t a n ]_w
[_w h a m a k ]_w
[_w z a d ɔ ]_w
[_w tʃ a v ɔ n ɔ n ]_w
[_w m e d ɔ r a ]_w
[_w z i m n a n ]_w
[_w χ a l q h ɔ i ]_w
[_w t a l ɔ i l i ]_w
[_w r ɵ j i ]_w
[_w j a k ɔ n i ]_w
[_w i n t i s ɔ r ]_w
[_w χ ɔ t i s i ]_w
[_w h a n ɡ ]_w
[_w ɔ j i n i ]_w
[_w tʃ a v ɔ n i ]_w
[_w z u h b a t ]_w
[_w n e z d a ]_w
[_w r a s ɔ n i ]_w
[_w m ɔ r ɔ ]_w
[_w d ɔ z d ɔ n ]_w
[_w b ɔ s ]_w
[_w t ɔ m ]_w
[_w a t ɔ l a d ]_w
[_w χ u d ɔ ]_w
[_w ɔ l i ]_w
[_w t ɔ ʃ t a ]_w
[_w m e s ɔ z a n ]_w
[_w k u r z i t ]_w
[_w i d d i n ]_w
[_w u m e t ]_w
[_w t e h a ]_w
[_w r a z i d a ]_w
[_w tʃ u m ʔ a ]_w
[_w f i l m h ɔ i ]_w
[_w s a b a b ]_w
[_w h a v ɔ ]_w
[_w m a s n u n ]_w
[_w m a r b u d ]_w
[_w i n ɡ l i s i ]_w
[_w u n f ɔ n i n i ]_w
[_w i s t e h s ɔ l ]_w
[_w m a k ɔ l a ]_w
[_w m a ɡ z i ]_w
[_w r a s i ]_w
[_w a b r e l ]_w
[_w r u p ɔ ]_w
[_w a s i s a m ]_w
[_w k a j r a ]_w
[_w a d ɔ u l l ɔ r ]_w
[_w χ a d ɔ ]_w
[_w r a z ɔ n e ]_w
[_w s u ɡ u d ]_w
[_w r a v ɔ n ]_w
[_w v i ʃ a e ]_w
[_w n a m e ɔ j a d ]_w
[_w h u k u m a k i ]_w
[_w r a χ m ɔ n ɔ f ]_w
[_w t a tʃ l i s i ]_w
[_w p ɔ z d ɔ n i ]_w
[_w b a t i n ]_w
[_w r ɔ s s i i ]_w
[_w b a h s i l ]_w
[_w p ɔ r χ ɔ i ]_w
[_w tʃ a l a s a i ]_w
[_w ɡ a r d u ʃ t i ]_w
[_w v a z ʔ i ]_w
[_w t ɔ tʃ i ɡ i ]_w
[_w m a t ɔ r i ]_w
[_w s a r b i ]_w
[_w b ɔ ʃ e t ]_w
[_w r a f a n d a i ]_w
[_w χ i r ɔ d a r ]_w
[_w m u ʃ ɔ b e χ ]_w
[_w r ɵ h ]_w
[_w j e k ɔ ]_w
[_w h a s t ]_w
[_w r a ʃ t ]_w
[_w t ɔ ʃ ɡ a n d ]_w
[_w s a r d i ʃ ]_w
[_w χ i r a n ]_w
[_w j ɔ t ]_w
[_w d a r χ χ ɔ i ]_w
[_w n i ʃ a s t ]_w
[_w ʃ ɔ ɡ i r d ɔ n ]_w
[_w v a s ɔ r a t i ]_w
[_w m a v h u m i ]_w
[_w d a ʔ m i n ]_w
[_w z ɔ s a d i ]_w
[_w k a j h ɔ n i i ]_w
[_w χ a t a m i ]_w
[_w s ɔ h i b ]_w
[_w a t a b i r i ]_w
[_w t ɔ z a i ]_w
[_w ʃ u m ɔ r a i ]_w
[_w s a i t ]_w
[_w d a s v i ]_w
[_w b ɔ k j ]_w
[_w b a χ t a d i ]_w
[_w n a z ɔ r ɔ n ]_w
[_w v i l ɔ j a t ]_w
[_w e χ s ɔ s ]_w
[_w z u r u t ]_w
[_w v a k t e ]_w
[_w v a j r ɔ n ]_w
[_w t a ʔ v a t i ]_w
[_w r u j ]_w
[_w z u n n a d i ]_w
[_w u z m ɔ n i ]_w
[_w m i l j ɔ r t ]_w
[_w i n k l i z i ]_w
[_w d i m i ]_w
[_w z ɔ f e d i ]_w
[_w ʃ a χ r χ ɔ ]_w
[_w d ɔ tʃ i ɡ i i ]_w
[_w i t ɔ m a n ]_w
[_w z u l t ɔ n ]_w
[_w tʃ ɔ j ɡ ɔ ʁ i ]_w
[_w i n t i ]_w
[_w m a s i r i ]_w
[_w k u r ɵ h h ɔ i ]_w
[_w m a s t ɔ n ]_w
[_w i s t e ʔ v ɔ i ]_w
[_w v i l ɔ j a d ]_w
[_w d i ɡ a r i ]_w
[_w m u χ d ]_w
[_w ɡ a j d ]_w
[_w m u n t a ʃ i r ]_w
[_w s a r f a n t ]_w
[_w χ a m z ɔ j a ]_w
[_w χ u s u s i ]_w
[_w k ɔ h ]_w
[_w d a n d ]_w
[_w χ a m s ɔ j a i ]_w
[_w ʃ ɵ r a v i i ]_w
[_w m a r t u m i ]_w
[_w b a ʔ t a n ]_w
[_w d i r a m ]_w
[_w ʃ ɔ χ i d a ]_w
[_w v a q t i ]_w
[_w χ a n ɡ i ]_w
[_w b ɔ m i r ]_w
[_w t a l ɔ ʃ ]_w
[_w d a m ɔ n ]_w
[_w ɡ ɔ r ]_w
[_w m u k ɔ i s a ]_w
[_w i m r ɵ z ]_w
[_w ɡ a t l i ]_w
[_w ɔ l i i ]_w
[_w f a s ]_w
[_w d ɔ r i ɡ ]_w
[_w a d i b ɔ r a i ]_w
[_w n a f b a t ]_w
[_w a f ɡ u s t a m ]_w
[_w χ ɔ n a n d i ]_w
[_w a l b a t t a ]_w
[_w s a r ʃ ɔ r ]_w
[_w b ɔ b ɔ i ]_w
[_w dʒ a m ʔ i j a d ]_w
[_w m i n d a ]_w
[_w t a b ɔ d i ]_w
[_w ɡ a m e ]_w
[_w d a ʔ r i χ i i ]_w
[_w m e χ ɔ h a d ]_w
[_w t i n i ]_w
[_w z s s r ]_w
[_w t a s t i k i ]_w
[_w f ɔ r i t i ]_w
[_w i q t i z ɔ r ]_w
[_w b a s t a ]_w
[_w z i m ɔ f ]_w
[_w n a f i ʃ t a n ]_w
[_w ɔ z ɡ a ʃ t ]_w
[_w b ɔ n u f ɔ n i ]_w
[_w u z p a d ]_w
[_w d a f r a t ]_w
[_w m a ɔ ʃ i ]_w
[_w b a r k a ʃ t ]_w
[_w m a r d u ]_w
[_w r ɔ b i d a i ]_w
[_w dʒ a ʃ n ]_w
[_w n a s a r ]_w
[_w m a n z i m ]_w
[_w b i k u n a d ]_w
[_w tʃ a v ɔ n a ]_w
[_w i b ɔ d a d a n ]_w
[_w f ɔ z i l ]_w
[_w h ɔ tʃ i r i ]_w
[_w t a f l i d ]_w
[_w dʒ a χ ɔ r ]_w
[_w b a χ n ]_w
[_w χ i z p i ]_w
[_w t a dʒ ɔ f u z ]_w
[_w d a r d u ʃ t ]_w
[_w s u h b a t ]_w
[_w ʁ ɔ l a d ]_w
[_w s ɔ l h ɔ i ]_w
[_w b u d a n i ]_w
[_w ɡ u f t a m ]_w
[_w m i l j ɔ r d ]_w
[_w χ ɔ h a n d ]_w
[_w m e ɡ a ʃ a t ]_w
[_w b u t a n i ]_w
[_w k a l ɔ n ]_w
[_w b u d a a m ]_w
[_w h a l l i ]_w
[_w b a d i ]_w
[_w i tʃ t i m ɔ n i ]_w
[_w b u t tʃ a i ]_w
[_w q a b l a ɡ i ]_w
[_w t a ʃ k i ]_w
[_w tʃ a t i d ]_w
[_w a n d e ʃ a i ]_w
[_w k u m a t ]_w
[_w m a m ɔ l ]_w
[_w b a r d a t ]_w
[_w a s ɔ b ]_w
[_w a v r ɔ n i ]_w
[_w z i t ɔ r i χ ]_w
[_w ɡ a j r i ]_w
[_w a m z ɔ l i ]_w
[_w r a j ɔ s a t i ]_w
[_w t a m ɔ n a n d ]_w
[_w h a r ɡ i ]_w
[_w k a m b u d i ]_w
[_w ʃ u r ɵ ʔ ]_w
[_w f a n tʃ ]_w
[_w i n t i s ɔ d i ]_w
[_w m a n z i l ]_w
[_w tʃ e χ r a i ]_w
[_w χ a m tʃ u ]_w
[_w s u χ b a d ]_w
[_w p ɔ z d ɔ r i ]_w
[_w ʃ ɔ ʔ i r i ]_w
[_w m a r z i ]_w
[_w m l r d ]_w
[_w t i r u z ]_w
[_w ɔ n h ɔ e ]_w
[_w s u d d a d ]_w
[_w n a r χ ɔ s t ]_w
[_w d ɵ z d ]_w
[_w v ɔ t i s a i ]_w
[_w n ɔ m s a t i ]_w
[_w s ɔ a t i ]_w
[_w n a v ɔ χ i i ]_w
[_w m a r d i ]_w
[_w χ u t a m ]_w
[_w h a q i q a d ]_w
[_w v ɔ q e a n ]_w
[_w z z z r ]_w
[_w t a ʔ s i r i ]_w
[_w k a n ɔ r a k ]_w
[_w m a v s u n ]_w
[_w b e tʃ ɔ r a t ]_w
[_w h i n t ]_w
[_w a χ i r i n ]_w
[_w r ɵ z n ɔ m a i ]_w
[_w s u r a t e ]_w
[_w i χ t i l ɔ i ]_w
[_w t a r k ]_w
[_w d a v r ɔ d ]_w
[_w k i s ɔ i ]_w
[_w p a r n ɔ m a e ]_w
[_w d a v r i ]_w
[_w ɡ u m a k i ]_w
[_w ɡ i ʃ v a r r ɔ ]_w
[_w d u n j ɔ t i ]_w
[_w f a q d e ]_w
[_w m e ɡ ɵ j a d ]_w
[_w m e k u n a n d ]_w
[_w tʃ a d i d a m ]_w
[_w ɡ u m i d a ]_w
[_w z ɔ l k a r d a ]_w
[_w r a h m ɔ n ɔ f ]_w
[_w z i n t ɔ n i ]_w
[_w p i ɡ i ]_w
[_w b i s t a i ]_w
[_w p a d a r u n i ]_w
[_w v ɔ k e a n ]_w
[_w d a b a ʔ a i ]_w
[_w f a k i l ]_w
[_w s u f l ɔ i ]_w
[_w i s t i f ɔ q i ]_w
[_w ɡ i r d i k ɔ l ]_w
[_w d ɔ dʒ i k i i ]_w
[_w f a s i r i ]_w
[_w a s a r a r i ]_w
[_w m a d a n d ]_w
[_w k u n a d ]_w
[_w a f f a l ]_w
[_w m i s ɔ l a ]_w
[_w h u n a r ]_w
[_w i s l ɔ χ ]_w
[_w ɔ χ a n ɡ ]_w
[_w r ɔ χ u n ]_w
[_w t ɔ tʃ i k i ]_w
[_w d u s t ]_w
[_w d e z ]_w
[_w i n t i ʃ ɔ r ]_w
[_w t a m ɔ m a n i ]_w
[_w m u d ɔ l i a ]_w
[_w v a r χ ɔ ]_w
[_w s i j ɔ s a d ]_w
[_w h ɔ s i r ɔ ]_w
[_w χ u n a r χ ɔ r ]_w
[_w k u v d u k ɵ ]_w
[_w s u l ɔ l i ]_w
[_w d u l l ɔ r ]_w
[_w h a s t a ]_w
[_w d a m ɔ ʃ ɔ ]_w
[_w k i t ɔ b ]_w
[_w ʁ a d i ]_w
[_w m a k u n a ]_w
[_w t a f ɔ m i l ]_w
[_w r u s i i ]_w
[_w ʃ u d a ]_w
[_w f i ʃ a ]_w
[_w χ ɔ n a v ɔ r a ]_w
[_w m u t ɔ l i a ]_w
[_w i n d i χ ɔ b ]_w
[_w k a t r ]_w
[_w i dʒ t i m ɔ i i ]_w
[_w z ɔ d a i ]_w
[_w e ʔ d i k ɔ l ]_w
[_w k u m a ɡ i ]_w
[_w ʃ ɔ ɡ i r d i ]_w
[_w n a ʁ u z d i ]_w
[_w s ɔ χ d ]_w
[_w s u l t ɔ n ]_w
[_w m e l ɔ d i ]_w
[_w a n d ɔ z a ]_w
[_w p a s t a m ]_w
[_w f a ɡ a t ]_w
[_w m a f z u n ]_w
[_w t ɔ r a m ]_w
[_w n u s χ a i ]_w
[_w i z d ɔ n ]_w
[_w χ a v ɔ ]_w
[_w b u r d a n ]_w
[_w b a j ɔ m i ]_w
[_w s a d h i ]_w
[_w ɔ s m ɔ n i ]_w
[_w h a f t a r i ]_w
[_w r u s s i j a ]_w
[_w n e ɡ u ]_w
[_w i n ɡ u n a i ]_w
[_w ɔ ʁ i r i n ]_w
[_w tʃ ɔ l i b ]_w
[_w r a f t ]_w
[_w f a r χ a n ɡ ]_w
[_w e n e r ʃ i ]_w
[_w n a k k ɔ ʒ i ]_w
[_w m a f z e ʔ a i ]_w
[_w t ɔ z d ɔ r i ]_w
[_w a s r i ]_w
[_w dʒ i h a t ]_w
[_w ɔ k ɔ s i i ]_w
[_w d a v l a d i ]_w
[_w v a r s ɔ b ]_w
[_w s i j ɔ i ]_w
[_w m a r s b ɔ n i ]_w
[_w tʃ ɔ z d ]_w
[_w ɔ m u z i ʃ i ]_w
[_w p a h ɔ i ]_w
[_w b ɔ n ɡ ]_w
[_w p ɔ j ɡ ɔ χ i i ]_w
[_w f ɔ s i l ]_w
[_w b a r a n ]_w
[_w k a r b i ]_w
[_w m a r k i ]_w
[_w r u s t a q i l ]_w
[_w ʁ a b a r i ]_w
[_w r u ʃ t i ]_w
[_w s a n ɔ n ]_w
[_w ʁ u ʃ ]_w
[_w b e h t a r i n ]_w
[_w d a χ ]_w
[_w k a r d a t ]_w
[_w m a s k u n i ]_w
[_w m a q ɔ m ɔ d i ]_w
[_w t u n j ɔ i ]_w
[_w m u z a l ]_w
[_w z u d j ]_w
[_w t ɔ r i χ i ]_w
[_w h a d d i ]_w
[_w i m a ]_w
[_w m a r ɡ u ]_w
[_w b ɔ s u χ i ]_w
[_w m e ɡ ɵ e m ]_w
[_w p a r i n ]_w
[_w a l ɔ m ]_w
[_w n a t ɔ t ]_w
[_w d i l i ]_w
[_w s ɔ b i k ]_w
[_w a n d ɔ s a i ]_w
[_w t a b ʔ i ]_w
[_w ɡ a r i ]_w
[_w m ɔ ʃ i n i ]_w
[_w d ɔ d a m ]_w
[_w p a d a n ]_w
[_w m e k ɵ j a m ]_w
[_w i l i ]_w
[_w z i j ɔ d i ]_w
[_w m e r a v a n d ]_w
[_w h a j ɔ d i ]_w
[_w b ɔ f a r d ]_w
[_w k i r ]_w
[_w a s i z i ]_w
[_w s a v ɔ r a d i ]_w
[_w f r ɔ n i ]_w
[_w n a m u d a n i ]_w
[_w z a n u ]_w
[_w ɡ u l ɔ b ]_w
[_w t ɔ ʃ t a n t ]_w
[_w t i d a ]_w
[_w b a v i ʃ t a i ]_w
[_w ɔ t a d a n i ]_w
[_w b a l a n t a ]_w
[_w n ɔ b ]_w
[_w b u v a d ]_w
[_w f a r h ɔ ]_w
[_w m u χ i d i ]_w
[_w s a v i r i ]_w
[_w q a d a m i ]_w
[_w χ u p ]_w
[_w r u b ɔ ]_w
[_w ɡ a ʃ t a i ]_w
[_w t u ʃ m a n ]_w
[_w k u d ɔ χ ]_w
[_w a t a m ]_w
[_w χ ɔ r i dʒ i ]_w
[_w b e ʃ b i n i ]_w
[_w r ɵ z h ɔ i ]_w
[_w t a dʒ r i b a n ]_w
[_w d a b ɔ b a t ]_w
[_w r u s χ ɔ i ]_w
[_w ɡ a s t a i ]_w
[_w i n d i k ɔ d ]_w
[_w a s p ɔ b i ]_w
[_w f a q t ]_w
[_w s a n d u k i ]_w
[_w a d a b i r i ]_w
[_w f a r ɔ s i ]_w
[_w k ɔ t i ]_w
[_w i z d i k a r ]_w
[_w v u tʃ u d ]_w
[_w d i h a t ]_w
[_w d ɔ z d ɔ ʃ t ]_w
[_w h a r k i ]_w
[_w i n k i ʃ t ]_w
[_w ɡ a t i m i ]_w
[_w n a v ɔ r i t i ]_w
[_w a m r ]_w
[_w v u t b ɔ l i ]_w
[_w s a χ d ]_w
[_w n a d ɔ r ]_w
[_w z ɔ b i ]_w
[_w f u r u ʃ ]_w
[_w p ɔ r χ ɔ n a i ]_w
[_w a z p ɔ b i ]_w
[_w a f r ɔ t e ]_w
[_w b a n dʒ ]_w
[_w k a r t a e d ]_w
[_w tʃ u m h u r i i ]_w
[_w i z h ɔ r i ]_w
[_w χ u r s a t i i ]_w
[_w dʒ a ʃ m i ]_w
[_w i s l ɔ χ i ]_w
[_w m e ɔ v a r d ]_w
[_w m u z d a k a ]_w
[_w v a r d a a n d ]_w
[_w b ɔ s s ɔ s i ]_w
[_w χ i z ɔ r i ]_w
[_w a m r i ɡ ɔ ]_w
[_w ɔ l i m ɔ n i ]_w
[_w z i b a z ]_w
[_w ʃ a χ r u m ]_w
[_w i m r ɵ s a ]_w
[_w m a z ɡ a v ]_w
[_w ɡ ɔ χ ]_w
[_w d ɔ n i ʃ k ɔ l ]_w
[_w b u r u n ]_w
[_w b u χ r ɔ n i i ]_w
[_w n a f ɔ r ]_w
[_w h a z t a ]_w
[_w b ɔ ʃ i ]_w
[_w m u s i k i ]_w
[_w n a k a r ]_w
[_w k e r b i ]_w
[_w p i k u n a ]_w
[_w n e s t a m ]_w
[_w i d ɔ r i s ]_w
[_w i k t i s ɔ m ]_w
[_w n a s ɔ r a d ]_w
[_w m a t r a s a d ]_w
[_w f a r z ɔ b ]_w
[_w t a r t i d a ]_w
[_w r a z m i j a d ]_w
[_w ɡ ɔ dʒ ɔ k i ]_w
[_w χ ɔ l i f ]_w
[_w t a r s i ]_w
[_w dʒ a ʃ m ɔ n i ]_w
[_w dʒ i d d i f ɔ ɡ ]_w
[_w i ʃ ɔ r a ]_w
[_w m a χ s u s ]_w
[_w k ɔ m i l ]_w
[_w ɔ i n i ]_w
[_w f i r t a v z i ]_w
[_w m u f ɔ v i q ]_w
[_w ʃ a r ɔ i d ]_w
[_w m a r d e m ]_w
[_w p i s a n a t ]_w
[_w f a d a n ]_w
[_w r a s ɔ n d ]_w
[_w a k s a r a n d ]_w
[_w n a m ɔ n ɔ v ]_w
[_w m a t a n ]_w
[_w m a s dʒ i d ]_w
[_w m a χ a l l i f ]_w
[_w b ɔ r s i i ]_w
[_w d u tʃ ɔ r ]_w
[_w m e d ɔ d a n d ]_w
[_w m a m n u ʔ ]_w
[_w v a r h ɔ ]_w
[_w ʃ a p ]_w
[_w t a f l a t i ]_w
[_w t ɔ n ɔ ]_w
[_w χ ɔ tʃ a k i ]_w
[_w h a n k ɔ m i ]_w
[_w k a s i j a ]_w
[_w m e d ɔ ʃ t ]_w
[_w d a f t a n ]_w
[_w ɔ m a t i ]_w
[_w v a r ɔ h a m ]_w
[_w a ʃ k i l ɔ b i ]_w
[_w t e s ]_w
[_w h i z ɔ b ]_w
[_w e ʔ t i r ɔ d i ]_w
[_w h a dʒ m i ]_w
[_w i t ɔ r i χ i ]_w
[_w dʒ a m ɔ a t ]_w
[_w p a j v a s t ɔ ]_w
[_w d a r d i d a n ]_w
[_w n a v i ʃ d a n ]_w
[_w d a χ a m ]_w
[_w e tʃ ɔ t i ]_w
[_w p a ʔ d a i ]_w
[_w p a r d a a s t ]_w
[_w p i j ɔ b ɔ n i ]_w
[_w a s i l ]_w
[_w i b r ɔ z i m ]_w
[_w t i dʒ ɔ r a d i ]_w
