[_w h aː ˧˥ˀ m ]_w
[_w f ɤ ˧ ŋ ]_w
[_w z o ˧˥ ŋ ]_w
[_w t̪ʰ ɗ l ]_w
[_w ŋ aː ˨˩ j ]_w
[_w l ɔ ˧ n̪ ]_w
[_w n̪ a ˧ m ]_w
[_w x ɔ ˧ m ]_w
[_w l aː ˧ m ]_w
[_w h o ˧˥ˀ n̪ ]_w
[_w l i ˧ ]_w
[_w z ɤ: ˧ ]_w
[_w tɕ u ˧ ŋ ]_w
[_w k u ˧ k ]_w
[_w l aː ˧˥ˀ ŋ ]_w
[_w ɗ aː ˧˩˧ m ]_w
[_w k ɯ ˧ ]_w
[_w l ɛ ˧ n̪ ]_w
[_w ɓ u ˧ z ]_w
[_w tɕ i ˨˩ ŋ ]_w
[_w ɛ ˧ v n̪ ]_w
[_w v ɯ ˧˥ k ]_w
[_w ɣ aː ˧ ŋ ]_w
[_w z ɯɤ ˧˩˧ ˧ ]_w
[_w s o ˧ ]_w
[_w ɓ ɤ: ˧˥ ]_w
[_w f u ˧˥ˀ ]_w
[_w ɓ ie ˧ ˧ ]_w
[_w e ˧ m ]_w
[_w ɗ u ˧˥ ŋ ]_w
[_w s ie ˧ ˧ ]_w
[_w l aː ˧ j ]_w
[_w m aː ˧ j ]_w
[_w s a ˨˩ˀ k ]_w
[_w k w aː ˧ ]_w
[_w x aː ˧˥ k ]_w
[_w tɕ ɤ ˨˩ n̪ ]_w
[_w z u ˨˩ˀ ŋ ]_w
[_w ɓ o ˨˩ ŋ ]_w
[_w k w j ]_w
[_w l aː ˧˥ ŋ ]_w
[_w tɕ a ˧˥ k ]_w
[_w ɲ aː ˧ j ]_w
[_w k ɤ ˧˩˧ n̪ ]_w
[_w tɕ a ˧˥ p ]_w
[_w s aː ˧˩˧ j ]_w
[_w z ɛ ˧˩˧ ]_w
[_w m i ˧˥ˀ ]_w
[_w z ɯ ˨˩ˀ ]_w
[_w x aː ˨˩ˀ k ]_w
[_w l i ˧˥ ŋ ]_w
[_w uo ˧ ˧˥ n̪ ]_w
[_w ŋ u ˧ ]_w
[_w ɣ i ˧˥ ]_w
[_w m uo ˨˩ ˧ ]_w
[_w t̪ ɯ ˨˩ ŋ ]_w
[_w l i ˧ ŋ ]_w
[_w s ɛ ˧ n̪ ]_w
[_w t̪ ɤ ˧˥ t̪ ]_w
[_w t̪ʰ ɔ ˧ ]_w
[_w l aː ˧˥ ]_w
[_w k e ˨˩ ]_w
[_w s e ˧ ]_w
[_w ɲ ɯ ˧ ]_w
[_w t̪ aː ˧˩˧ j ]_w
[_w n̪ aː ˧ m ]_w
[_w s ɤ: ˨˩ˀ ]_w
[_w k o ˨˩ˀ ŋ ]_w
[_w m uo ˧ ˧ ]_w
[_w t̪ o ˨˩ n̪ ]_w
[_w ɗ o ˧˥ k ]_w
[_w tɕ ɔ ˨˩ˀ ]_w
[_w tɕ ɯ ˨˩ ŋ ]_w
[_w ɗ ɔ ˧˥ ]_w
[_w k i ˧˥ˀ ]_w
[_w tɕ uo ˧ ˧ ]_w
[_w ɓ a ˧˥ k ]_w
[_w n̪ ɛ ˧˥ ]_w
[_w ɗ aː ˨˩ j ]_w
[_w tɕ aː ˧˩˧ j ]_w
[_w s u ˨˩ ŋ ]_w
[_w ɓ ɤ ˧˥ m ]_w
[_w s ɤ ˧ n̪ ]_w
[_w ɣ aː ˨˩ˀ t̪ ]_w
[_w t̪ʰ ɯ ˧˥ ]_w
[_w s aː ˧ ]_w
[_w h ɤ ˨˩ˀ n̪ ]_w
[_w t̪ʰ ɤ: ˧ m ]_w
[_w f ɯɤ ˨˩ ˧ ]_w
[_w ɣ a ˧˥ k ]_w
[_w z aː ˨˩ j ]_w
[_w k i ˧˩˧ ]_w
[_w k ɔ ˧˩˧ ]_w
[_w h a ˧ ŋ ]_w
[_w t̪ʰ aː ˧˥ ŋ ]_w
[_w v u ˨˩ ŋ ]_w
[_w t̪ ɛ ˧˥ ]_w
[_w t̪ʰ aː ˧˥ p ]_w
[_w t̪ o ˧˥ k ]_w
[_w ɲ ɤ ˨˩ˀ p ]_w
[_w k aː ˧ j ]_w
[_w t̪ʰ o ˧˥ ŋ ]_w
[_w u ˧ i ˧ ]_w
[_w s ɤ ˨˩ j ]_w
[_w v a ˧˥ ŋ ]_w
[_w k aː ˧˥ n̪ ]_w
[_w h o ˨˩ n̪ ]_w
[_w ŋ ɤ: ˨˩ ]_w
[_w ɲ ɤ ˧˥ t̪ ]_w
[_w ɓ aː ˨˩ j ]_w
[_w n̪ k t̪ ]_w
[_w ɗ i ˧˥ ŋ ]_w
[_w m ɤ ˨˩ˀ t̪ ]_w
[_w w aː ˧ n̪ ]_w
[_w h u ˧˩˧ ]_w
[_w ɓ aː ˨˩ ]_w
[_w ɲ ɔ ˧˥ m ]_w
[_w m aː ˨˩ˀ k ]_w
[_w ɓ u ˧ ]_w
[_w ɓ e ˧˩˧ ]_w
[_w ɤ ˧ m ]_w
[_w t̪ ɔ ˧ k ]_w
[_w ɛ ˧ m ]_w
[_w tɕ aː ˨˩ ]_w
[_w n̪ ɔ ˧ n̪ ]_w
[_w h aː ˧ m ]_w
[_w tɕ ɤ ˧ n̪ ]_w
[_w t̪ʰ ɤ ˧ j ]_w
[_w s e ˧˥ p ]_w
[_w t̪ʰ aː ˨˩ ŋ ]_w
[_w v ɤ ˨˩ˀ t̪ ]_w
[_w tɕ ɤ: ˨˩ˀ t̪ ]_w
[_w tɕ ɯɤ ˧˥ ˧ ]_w
[_w i ˧ t̪ ]_w
[_w ŋ aː ˧ j ]_w
[_w l aː ˨˩ˀ j ]_w
[_w s ɔ ˧ ŋ ]_w
[_w z u ˧ ]_w
[_w k ɔ ˨˩ˀ ]_w
[_w l u ˧ k ]_w
[_w ŋ aː ˨˩ˀ j ]_w
[_w h o ˨˩ˀ j ]_w
[_w t̪ʰ o ˧˩˧ ]_w
[_w t̪ʰ ɛ ˧ w ]_w
[_w s o ˨˩ˀ j ]_w
[_w t̪ʰ u ˨˩ˀ ]_w
[_w tɕ ɯɤ ˧ ˧ ]_w
[_w s v ɣ ]_w
[_w z ɯ ˧˥ ]_w
[_w k i ˧˥ ]_w
[_w k aː ˧˩˧ ]_w
[_w z ɣ t̪ ]_w
[_w m aː ˧˥ˀ ŋ ]_w
[_w t̪ i ˨˩ˀ k ]_w
[_w t̪ʰ a ˧ ŋ ]_w
[_w k aː ˧˩˧ j ]_w
[_w v u ˨˩ j ]_w
[_w ŋ u ˧˩˧ ]_w
[_w f aː ˧˥ t̪ ]_w
[_w k w aː ˧˥ ]_w
[_w l ɛ ˧˩˧ ]_w
[_w z ɤ: ˧ n̪ ]_w
[_w tɕ ɤ ˧ m ]_w
[_w k a ˨˩ˀ p ]_w
[_w ɲ i ˨˩ n̪ ]_w
[_w s ɯ ˨˩ˀ ]_w
[_w aː ˧ j ]_w
[_w l ɤ: ˨˩ j ]_w
[_w ɓ a ˧ n̪ ]_w
[_w ɗ a ˨˩ˀ k ]_w
[_w ɣ ɛ ˧ n̪ ]_w
[_w m aː ˧˥ ]_w
[_w l aː ˧ p ]_w
[_w f ɔ ˨˩ˀ ŋ ]_w
[_w tɕ u ˧ k ]_w
[_w ɣ aː ˧˥ m ]_w
[_w f i ˧˥ˀ ŋ ]_w
[_w k aː ˧ p ]_w
[_w t̪ aː ˧ n̪ ]_w
[_w tɕ a ˧˥ ŋ ]_w
[_w ɣ ɔ ˨˩ ]_w
[_w h w aː ˧ ]_w
[_w ɗ aː ˨˩ ŋ ]_w
[_w tɕ u ˧˩˧ ]_w
[_w k u ˧˥ˀ ŋ ]_w
[_w t̪ʰ u ˧˥ ]_w
[_w n̪ ɯ ˧˥ˀ ]_w
[_w z aː ˧˥ ]_w
[_w h u ˧ ]_w
[_w m ɤ: ˧˥ j ]_w
[_w m a ˧˥ t̪ ]_w
[_w tɕ aː ˨˩ ŋ ]_w
[_w h u ˨˩ˀ t̪ ]_w
[_w ɲ aː ˧ m ]_w
[_w tɕ aː ˧ m ]_w
[_w z o ˧˩˧ ]_w
[_w tɕ ɤ ˨˩ˀ n̪ ]_w
[_w l aː ˨˩ ŋ ]_w
[_w ɓ i ˧ ]_w
[_w t̪ aː ˧˥ ŋ ]_w
[_w l o ˨˩ˀ ŋ ]_w
[_w tɕ o ˧˥ ŋ ]_w
[_w u ˧ p ]_w
[_w s i ˧ ŋ ]_w
[_w k ɯ ˨˩ˀ k ]_w
[_w f ɤ ˨˩ n̪ ]_w
[_w m a ˧˥ m ]_w
[_w i ˧ ɔ ˧ ]_w
[_w ɗ e ˧˩˧ ]_w
[_w z aː ˨˩ ]_w
[_w ɲ ɤ ˧˩˧ j ]_w
[_w tɕ ɤ: ˨˩ˀ ]_w
[_w s t̪ aː ˧ ]_w
[_w x ɔ ˧˥ ]_w
[_w h ɔ ˨˩ n̪ ]_w
[_w h aː ˨˩ˀ t̪ ]_w
[_w s aː ˧ n̪ ]_w
[_w n̪ o ˧˥ j ]_w
[_w v i ˧˥ ]_w
[_w tɕ aː ˧ ]_w
[_w s ɛ ˧ s ]_w
[_w z o ˨˩ j ]_w
[_w z ɔ ˧˩˧ j ]_w
[_w ɓ i ˨˩ˀ ŋ ]_w
[_w z i ˧˩˧ ]_w
[_w tɕ ɔ ˨˩ˀ ŋ ]_w
[_w z aː ˧ m ]_w
[_w m ɤ: ˧˩˧ ]_w
[_w k aː ˧ k ]_w
[_w k ɤ ˧ j ]_w
[_w k ɛ ˧ w ]_w
[_w h ɛ ˨˩ ]_w
[_w t̪ o ˧ n̪ ]_w
[_w k o ˧ ŋ ]_w
[_w ɔ ˧ k ]_w
[_w ɯ ˧˥ k ]_w
[_w z u ˧˥ˀ ]_w
[_w f aː ˨˩ˀ t̪ ]_w
[_w l ɔ ˧ s ]_w
[_w s ɤ ˨˩ˀ t̪ ]_w
[_w ɗ aː ˧ ŋ ]_w
[_w ŋ ie ˧˥ˀ ˧ ]_w
[_w h ɔ ˧ m ]_w
[_w k w aː ˧˩˧ ]_w
[_w m ɛ ˧˥ t̪ ]_w
[_w v aː ˧˩˧ ]_w
[_w ɲ i ˧˩˧ ]_w
[_w l ɯ ˧˥ˀ ]_w
[_w z ɯ ˨˩ ŋ ]_w
[_w t̪ʰ ɤ ˧ n̪ ]_w
[_w k w ɛ ˧ ]_w
[_w t̪ i ˧ ]_w
[_w o ˧˥ m ]_w
[_w z ɔ ˧ ŋ ]_w
[_w ɗ ɛ ˨˩ˀ p ]_w
[_w t̪ i ˨˩ m ]_w
[_w s ɔ ˧˥ k ]_w
[_w ɗ aː ˨˩ m ]_w
[_w ŋ ɤ: ˧ ]_w
[_w k i ˨˩ ]_w
[_w ɓ o ˧ j ]_w
[_w m aː ˧˥ˀ ]_w
[_w z ɛ ˧ w ]_w
[_w tɕ o ˨˩ˀ n̪ ]_w
[_w n̪ aː ˨˩ j ]_w
[_w tɕ i ˧˥ k ]_w
[_w s ɯɤ ˧˩˧ ˧ ]_w
[_w z o ˧ ]_w
[_w t̪ i ˧ ŋ ]_w
[_w t̪ a ˨˩ˀ ŋ ]_w
[_w s ɯ ˧˥ ]_w
[_w ɣ i ˧ ]_w
[_w z ɔ ˧ j ]_w
[_w h o ˧ ŋ ]_w
[_w k aː ˧ w ]_w
[_w n̪ o ˨˩ˀ j ]_w
[_w s ɤ ˧ ŋ ]_w
[_w ɗ e ˨˩ˀ ]_w
[_w t̪ʰ ɔ ˨˩ˀ ]_w
[_w n̪ aː ˧ j ]_w
[_w h aː ˧ ŋ ]_w
[_w l o ˧˥ˀ ]_w
[_w z aː ˧˩˧ ]_w
[_w ɲ ɤ ˨˩ˀ n̪ ]_w
[_w m aː ˨˩ j ]_w
[_w ɤ ˧˩˧ n̪ ]_w
[_w ɓ ɔ ˧ ]_w
[_w z aː ˧ ŋ ]_w
[_w t̪ʰ aː ˧˩˧ j ]_w
[_w m a ˨˩ˀ t̪ ]_w
[_w tɕ aː ˨˩ˀ j ]_w
[_w m u ˨˩ j ]_w
[_w t̪ʰ ɤ: ˨˩ ]_w
[_w ŋ i ˧˥ˀ ]_w
[_w ɣ a ˧˥ n̪ ]_w
[_w ɲ u ˧ ]_w
[_w t̪ʰ ɤ ˨˩ n̪ ]_w
[_w t̪ ɤ: ˧ ]_w
[_w z ɛ ˧ z ]_w
[_w l u ˨˩ ŋ ]_w
[_w h aː ˧ j ]_w
[_w x aː ˨˩ ]_w
[_w ŋ ɛ ˧ ]_w
[_w v i ˧ z ]_w
[_w m ɔ ˧˩˧ ŋ ]_w
[_w ɓ a ˧˥ p ]_w
[_w ŋ a ˧ n̪ ]_w
[_w h aː ˨˩ˀ ŋ ]_w
[_w ɔ ˧ z k ]_w
[_w tɕ ɤ: ˧ n̪ ]_w
[_w ŋ o ˨˩ j ]_w
[_w s w aː ˧ ]_w
[_w ɲ i ˨˩ˀ ]_w
[_w h a ˧˥ t̪ ]_w
[_w n̪ aː ˨˩ˀ j ]_w
[_w k ɛ ˨˩ m ]_w
[_w v n̪ k ]_w
[_w h e ˨˩ˀ ]_w
[_w h o ˧ ]_w
[_w tɕ a ˧ m ]_w
[_w ɓ o ˨˩ˀ t̪ ]_w
[_w tɕ o ˨˩ n̪ ]_w
[_w ɓ ɤ ˧ j ]_w
[_w t̪ ɤ ˨˩ˀ t̪ ]_w
[_w h k m ]_w
[_w v ɔ ˨˩ j ]_w
[_w s ɛ ˧˥ t̪ ]_w
[_w t̪ʰ o ˧ ŋ ]_w
[_w h i ˧ v ]_w
[_w ɲ i ˧˥ m ]_w
[_w t̪ʰ aː ˨˩ˀ ŋ ]_w
[_w u ˧˥ i ˧ ]_w
[_w k l ɓ ]_w
[_w k aː ˧˩˧ ŋ ]_w
[_w tɕ ɤ ˧˥ n̪ ]_w
[_w z i ˧ ŋ ]_w
[_w ɗ aː ˧ n̪ ]_w
[_w ɗ k s ]_w
[_w v ɤ ˨˩ˀ j ]_w
[_w l ɤ ˧˥ˀ j ]_w
[_w z ɯ ˧ ]_w
[_w ie ˧ ˧˥ n̪ ]_w
[_w t̪ aː ˧˥ n̪ ]_w
[_w ŋ aː ˧˥ˀ ]_w
[_w s aː ˧˥ p ]_w
[_w h ɔ ˨˩ˀ ]_w
[_w tɕ uo ˧˥ ˧ ]_w
[_w h a ˨˩ ŋ ]_w
[_w s aː ˧ s ]_w
[_w n̪ uo ˧ ˧ ]_w
[_w n̪ ɛ ˧ ]_w
[_w t̪ aː ˨˩ j ]_w
[_w t̪ʰ a ˧˩˧ ŋ ]_w
[_w t̪ʰ ɯ ˧ ]_w
[_w h aː ˨˩ˀ k ]_w
[_w tɕ i ˧˥ ]_w
[_w k aː ˨˩ ŋ ]_w
[_w t̪ʰ a ˧˥ n̪ ]_w
[_w ɗ ɔ ˨˩ˀ k ]_w
[_w k ie ˧ ˧ ]_w
[_w ŋ i ˨˩ˀ ]_w
[_w k aː ˨˩ ]_w
[_w ɗ o ˨˩ˀ ŋ ]_w
[_w tɕ ɛ ˧ n̪ ]_w
[_w h aː ˨˩ ŋ ]_w
[_w ɓ ɔ ˧ m ]_w
[_w f u ˨˩ˀ k ]_w
[_w m aː ˧ ŋ ]_w
[_w m aː ˧˥ j ]_w
[_w ɓ o ˧˩˧ n̪ ]_w
[_w ŋ a ˧˥ m ]_w
[_w ɗ aː ˨˩ˀ p ]_w
[_w z ie ˧ ˧ ]_w
[_w k w aː ˨˩ ]_w
[_w z ɤ ˨˩ j ]_w
[_w tɕ u ˧˥ ŋ ]_w
[_w m o ˧ n̪ ]_w
[_w v aː ˧˥ˀ n̪ ]_w
[_w tɕ o ˧ ŋ ]_w
[_w v o ˧˥ˀ ]_w
[_w tɕ i ˨˩ˀ ]_w
[_w h o ˧˩˧ j ]_w
[_w l e ˨˩ˀ k ]_w
[_w ŋ aː ˨˩ ŋ ]_w
[_w t̪ʰ i ˧ ]_w
[_w t̪ ɔ ˧˥ m ]_w
[_w h o ˨˩ j ]_w
[_w tɕ ɔ ˧ ]_w
[_w l i ˧˥ ]_w
[_w x i ˧˥ k ]_w
[_w aː ˧ ŋ ]_w
[_w x ɤ: ˧˩˧ j ]_w
[_w m aː ˧˥ˀ j ]_w
[_w t̪ʰ i ˨˩ ]_w
[_w m i ˧˩˧ m ]_w
[_w ɲ aː ˧ p ]_w
[_w v u ˧˥ t̪ ]_w
[_w ɓ aː ˧˩˧ ŋ ]_w
[_w z i ˧ ]_w
[_w z ɛ ˧˥ k ]_w
[_w t̪ i ˧˥ n̪ ]_w
[_w ɗ ɛ ˧ m ]_w
[_w f i ˨˩ˀ t̪ ]_w
[_w tɕ aː ˧ n̪ ]_w
[_w ɓ ɤ ˨˩ˀ n̪ ]_w
[_w v aː ˧ m ]_w
[_w z z z ]_w
[_w ɯ ˧ u ˧ ]_w
[_w m aː ˧ ]_w
[_w t̪ u ˧˥ j ]_w
[_w t̪ aː ˧˥ t̪ ]_w
[_w ɲ ɯ ˧ ŋ ]_w
[_w x ɛ ˧˥ p ]_w
[_w n̪ aː ˨˩ ŋ ]_w
[_w z aː ˧˥ˀ ]_w
[_w t̪ o ˧˥ ]_w
[_w ŋ ɤ: ˨˩ˀ j ]_w
[_w z ɛ ˧ ]_w
[_w v u ˨˩ˀ k ]_w
[_w i ˧ u ˧ ]_w
[_w k a ˧ ŋ ]_w
[_w x aː ˧˥ ŋ ]_w
[_w ɓ ɯ ˧˥ k ]_w
[_w ɓ o ˧˥ j ]_w
[_w tɕ ɯ ˨˩ ]_w
[_w ɓ ɔ ˧ j ]_w
[_w t̪ o ˨˩ˀ k ]_w
[_w ɓ u ˧ s ]_w
[_w ɗ ɤ ˧˩˧ j ]_w
[_w k e ˧˩˧ ]_w
[_w z i ˨˩ˀ k ]_w
[_w tɕ ɔ ˧˥ j ]_w
[_w v i ˨˩ˀ t̪ ]_w
[_w l o ˨˩ˀ k ]_w
[_w n̪ u ˧˥ j ]_w
[_w ɗ ɔ ˧˥ ŋ ]_w
[_w t̪ ɯ ˧ ]_w
[_w ɗ o ˧˥ ŋ ]_w
[_w z e ˨˩ ŋ ]_w
[_w s o ˨˩ ŋ ]_w
[_w t̪ o ˧˩˧ n̪ ]_w
[_w tɕ ɤ ˧˩˧ n̪ ]_w
[_w ɓ aː ˧ ]_w
[_w t̪ ɯ ˨˩ˀ ]_w
[_w f aː ˨˩ˀ n̪ ]_w
[_w s o ˨˩ j ]_w
[_w k i ˧˥ n̪ ]_w
[_w h o ˧˥ˀ ]_w
[_w ɗ ɤ ˧ j ]_w
[_w m o ˧˥ j ]_w
[_w ɔ ˧ ŋ ]_w
[_w v aː ˨˩ ŋ ]_w
[_w s aː ˨˩ ŋ ]_w
[_w z ɤ: ˨˩ ]_w
[_w z aː ˧˥ ŋ ]_w
[_w s ɤ ˧ m ]_w
[_w ɓ o ˧˥ n̪ ]_w
[_w ŋ ɯɤ ˨˩ ˧ ]_w
[_w h aː ˨˩ n̪ ]_w
[_w x aː ˧ k ]_w
[_w v ɤ ˧˥ t̪ ]_w
[_w t̪ʰ aː ˨˩ ]_w
[_w tɕ uo ˨˩ ˧ ]_w
[_w ɗ ɔ ˨˩ ]_w
[_w t̪ʰ a ˧˥ ŋ ]_w
[_w h e ˧˥ t̪ ]_w
[_w s e ˧˥ ŋ ]_w
[_w t̪ o ˧˥ n̪ ]_w
[_w z aː ˧ t̪ ]_w
[_w n̪ o ˧ ŋ ]_w
[_w l aː ˧˥ˀ m ]_w
[_w ɓ e ˨˩ ]_w
[_w v aː ˧˥ t̪ ]_w
[_w ɣ p z s ]_w
[_w ŋ aː ˧ ŋ ]_w
[_w h o ˨˩ ŋ ]_w
[_w v u ˧ ]_w
[_w n̪ aː ˧˩˧ n̪ ]_w
[_w l ɤ ˧˥ˀ n̪ ]_w
[_w aː ˧˩˧ ŋ ]_w
[_w h aː ˧˥ ]_w
[_w t̪ i ˨˩ˀ ŋ ]_w
[_w l ɔ ˧ l ]_w
[_w m ɛ ˨˩ˀ ]_w
[_w v u ˨˩ˀ ]_w
[_w s ɛ ˧ m ]_w
[_w ɯɤ ˧ ˧ ]_w
[_w tɕ u ˨˩ˀ p ]_w
[_w k u ˨˩ˀ t̪ ]_w
[_w tɕ ɯ ˧ ]_w
[_w ɲ ɯ ˧˥ k ]_w
[_w k ɔ ˧ m ]_w
[_w ɗ ɤ ˧˥ˀ m ]_w
[_w k ɤ ˨˩ˀ p ]_w
[_w ɗ ɤ ˨˩ j ]_w
[_w p i ˧ n̪ ]_w
[_w v i ˧ ]_w
[_w v aː ˧˩˧ j ]_w
[_w tɕ o ˧˥ t̪ ]_w
[_w k aː ˧ z ]_w
[_w f ɤ ˨˩ˀ j ]_w
[_w h aː ˧ n̪ ]_w
[_w n̪ u ˧˥ p ]_w
[_w t̪ a ˨˩ˀ k ]_w
[_w z o ˧˥ p ]_w
[_w t̪ o ˨˩ˀ j ]_w
[_w s ɯɤ ˧˥ ˧ ]_w
[_w h ɔ ˧ ŋ ]_w
[_w tɕ a ˧ ŋ ]_w
[_w ɗ aː ˧˥ p ]_w
[_w t̪ ɯ ˨˩ ]_w
[_w s u ˨˩ j ]_w
[_w tɕ i ˧˥ n̪ ]_w
[_w tɕ u ˧˥ t̪ ]_w
[_w s e ˨˩ ŋ ]_w
[_w v ɔ ˧˥ k ]_w
[_w v ɤ ˧ n̪ ]_w
[_w v aː ˧ t̪ ]_w
[_w i ˧ ɛ ˧ ]_w
[_w m ɔ ˧˥ n̪ ]_w
[_w l uo ˧ ˧ ]_w
[_w h ɤ: ˧ j ]_w
[_w f ɤ: ˧˩˧ ]_w
[_w z ɯɤ ˧˥ˀ ˧ ]_w
[_w m o ˨˩ j ]_w
[_w m ɔ ˨˩ n̪ ]_w
[_w tɕ ɯ ˧˩˧ j ]_w
[_w z aː ˧˥ˀ j ]_w
[_w z u ˨˩ˀ k ]_w
[_w z aː ˧ w ]_w
[_w ŋ ɯ ˧ ]_w
[_w m a ˧˥ n̪ ]_w
[_w tɕ o ˧˩˧ ]_w
[_w ɗ ie ˨˩ˀ ˧ ]_w
[_w m ɯɤ ˧ ˧ ]_w
[_w ŋ ɯ ˨˩ ŋ ]_w
[_w tɕ o ˨˩ ŋ ]_w
[_w m a ˧ ŋ ]_w
[_w l ɤ: ˧˩˧ ]_w
[_w z ɤ ˧˥ j ]_w
[_w f u ˧ n̪ ]_w
[_w u ˧˩˧ j ]_w
[_w ŋ u ˨˩ j ]_w
[_w h ɛ ˧ ]_w
[_w u ˧ ɔ ˧ ]_w
[_w t̪ aː ˧ ]_w
[_w l o ˨˩ˀ t̪ ]_w
[_w ɗ i ˨˩ ŋ ]_w
[_w l a ˧˥ m ]_w
[_w tɕ ɛ ˧˥ n̪ ]_w
[_w s ɤ: ˧˥ j ]_w
[_w t̪ʰ ɤ: ˧ ]_w
[_w ɤ ˧ n̪ ]_w
[_w ɓ aː ˨˩ˀ n̪ ]_w
[_w l o ˨˩ ŋ ]_w
[_w ɗ a ˧˥ ŋ ]_w
[_w k aː ˧˥ˀ j ]_w
[_w z aː ˧˥ k ]_w
[_w ŋ u ˧˩˧ j ]_w
[_w l e ˧ n̪ ]_w
[_w s aː ˧ j ]_w
[_w ɲ i ˧ n̪ ]_w
[_w tɕ aː ˧ k ]_w
[_w ɓ aː ˨˩ n̪ ]_w
[_w z aː ˧˥ m ]_w
[_w tɕ i ˧ ŋ ]_w
[_w t̪ s n̪ ]_w
[_w m e ˧ ]_w
[_w tɕ ɔ ˨˩ˀ n̪ ]_w
[_w z u ˨˩ ]_w
[_w ɗ o ˧˩˧ j ]_w
[_w f i ˧˥ˀ ]_w
[_w z ɤ ˧ j ]_w
[_w k u ˧˩˧ j ]_w
[_w ie ˧ ˧ n̪ ]_w
[_w z ɤ: ˨˩ˀ ]_w
[_w k ɤ: ˧ ]_w
[_w z ɤ: ˧˥ j ]_w
[_w l ɤ ˨˩ˀ n̪ ]_w
[_w t̪ aː ˧˩˧ ]_w
[_w s ɔ ˧ k ]_w
[_w t̪ʰ o ˧ n̪ ]_w
[_w ɣ a ˧˥ ŋ ]_w
[_w ɲ i ˨˩ ]_w
[_w s a ˧˥ˀ n̪ ]_w
[_w k ɔ ˧ n̪ ]_w
[_w n̪ a ˨˩ m ]_w
[_w ɲ u ˨˩ˀ k ]_w
[_w ɗ aː ˧ j ]_w
[_w ɓ a ˧˥ t̪ ]_w
[_w tɕ aː ˧˩˧ ]_w
[_w l aː ˧ w ]_w
[_w n̪ ɔ ˧˥ ŋ ]_w
[_w v ɔ ˧˥ ]_w
[_w tɕ ɤ: ˧˩˧ ]_w
[_w m ɔ ˧ n̪ ]_w
[_w ŋ o ˧ n̪ ]_w
[_w ŋ e ˨˩ ]_w
[_w m u ˨˩ˀ k ]_w
[_w v aː ˧˥ j ]_w
[_w n̪ aː ˨˩ˀ ]_w
[_w ɓ aː ˧˩˧ n̪ ]_w
[_w s i ˨˩ˀ ]_w
[_w t̪ʰ a ˧˥ m ]_w
[_w x u ˧˥ k ]_w
[_w x o ˧ j ]_w
[_w ɗ aː ˧˥ ŋ ]_w
[_w ɓ o ˧˥ˀ ŋ ]_w
[_w k ɔ ˨˩ˀ k ]_w
[_w ɓ ɔ ˧ n̪ ]_w
[_w v n̪ ɗ ]_w
[_w f ɤ: ˨˩ˀ ]_w
[_w n̪ ɤ ˧ ŋ ]_w
[_w ɗ aː ˨˩ ]_w
[_w ɓ aː ˧ ŋ ]_w
[_w t̪ w aː ˧ ]_w
[_w t̪ i ˧˥ ]_w
[_w f ɯ ˧˥ t̪ ]_w
[_w v ɤ ˨˩ n̪ ]_w
[_w tɕ ɛ ˧ ]_w
[_w l aː ˧ ]_w
[_w ɲ u ˧ ŋ ]_w
[_w ɲ ɔ ˨˩ˀ k ]_w
[_w h a ˧˩˧ n̪ ]_w
[_w s aː ˧˥ ŋ ]_w
[_w ɓ aː ˨˩ ŋ ]_w
[_w ɓ ɛ ˨˩ ]_w
[_w ɗ i ˧˩˧ ŋ ]_w
[_w v uo ˧ ˧ ]_w
[_w v aː ˧ n̪ ]_w
[_w l w aː ˧ ]_w
[_w f ɔ ˧˩˧ ]_w
[_w ɓ uo ˧˥ ˧ ]_w
[_w v i ˧ s ]_w
[_w ɗ ɯ ˨˩ˀ k ]_w
[_w ɗ aː ˧˩˧ ŋ ]_w
[_w k ɯ ˨˩ˀ ]_w
[_w k e ˧˥ ]_w
[_w z aː ˨˩ ŋ ]_w
[_w t̪ʰ aː ˧˥ j ]_w
[_w ɗ o ˧˥ n̪ ]_w
[_w tɕ aː ˧ ŋ ]_w
[_w l ɔ ˧˩˧ ŋ ]_w
[_w l aː ˧ ŋ ]_w
[_w t̪ aː ˨˩ˀ j ]_w
[_w v a ˧˩˧ ŋ ]_w
[_w w aː ˧ j ]_w
[_w f aː ˧ w ]_w
[_w ɗ u ˨˩ j ]_w
[_w h ɔ ˧ ]_w
[_w s i ˧ ]_w
[_w k w i ˧˩˧ ]_w
[_w t̪ʰ ɯɤ ˧ ˧ ]_w
[_w p aː ˧ z ]_w
[_w tɕ aː ˧˥ ŋ ]_w
[_w h ɔ ˨˩ˀ ŋ ]_w
[_w k aː ˧ ŋ ]_w
[_w k w e ˧˥ ]_w
[_w ɓ e ˨˩ˀ ŋ ]_w
[_w m i ˧ ŋ ]_w
[_w k w e ˧ ]_w
[_w x u ˧ ]_w
[_w s u ˧˥ p ]_w
[_w k uo ˧˩˧ ˧ ]_w
[_w h aː ˧˥ t̪ ]_w
[_w v u ˧ j ]_w
[_w ɲ ɛ ˧ ]_w
[_w ɣ aː ˧ j ]_w
[_w l ɤ: ˨˩ˀ j ]_w
[_w s o ˧˥ˀ ]_w
[_w ɓ aː ˧ w ]_w
[_w k ɛ ˧˥ˀ ]_w
[_w s ɔ ˧ ]_w
[_w ɓ ɤ ˧˩˧ j ]_w
[_w n̪ ɤ ˨˩ j ]_w
[_w m o ˧ j ]_w
[_w ɣ a ˨˩ˀ t̪ ]_w
[_w n̪ aː ˧ ŋ ]_w
[_w s aː ˧ ŋ ]_w
[_w ɲ aː ˧ ]_w
[_w ɣ a ˨˩ˀ p ]_w
[_w tɕ u ˨˩ˀ k ]_w
[_w k ɤ ˧ n̪ ]_w
[_w k ɤ ˧˩˧ m ]_w
[_w v aː ˧˥ k ]_w
[_w t̪ ɤ: ˨˩ ]_w
[_w k u ˨˩ˀ ]_w
[_w f ɤ: ˨˩ ]_w
[_w n̪ a ˧ n̪ ]_w
[_w ŋ aː ˨˩ n̪ ]_w
[_w z ɛ ˧ n̪ ]_w
[_w n̪ aː ˨˩ˀ n̪ ]_w
[_w i ˧ j j ]_w
[_w s ɤ ˧˩˧ j ]_w
[_w ɣ ɔ ˧˥ ]_w
[_w tɕ ɯ ˧ ŋ ]_w
[_w s ɯɤ ˧ ˧ ]_w
[_w ɓ ɔ ˧˥ p ]_w
[_w t̪ ɤ ˨˩ n̪ ]_w
[_w k aː ˧˩˧ m ]_w
[_w k aː ˧˥ k ]_w
[_w v ɤ: ˧˥ j ]_w
[_w ɤ ˧˥ m ]_w
[_w ɲ aː ˧˥ ]_w
[_w l i ˧ n̪ ]_w
[_w h aː ˨˩ ]_w
[_w n̪ aː ˧ w ]_w
[_w s e ˧˩˧ ]_w
[_w t̪ʰ u ˨˩ ŋ ]_w
[_w aː ˧˥ ŋ ]_w
[_w f aː ˨˩ ]_w
[_w aː ˧ n̪ n̪ ]_w
[_w z e ˧˥ p ]_w
[_w f i ˧˥ ]_w
[_w ɗ ɤ ˧˥ t̪ ]_w
[_w z ɤ ˧ m ]_w
[_w tɕ ɤ: ˧ j ]_w
[_w t̪ʰ ɛ ˨˩ m ]_w
[_w t̪ʰ ɤ ˧˩˧ m ]_w
[_w n̪ ɔ ˧ j ]_w
[_w ɗ aː ˨˩ˀ j ]_w
[_w z a ˧˥ k ]_w
[_w x i ˧ ŋ ]_w
[_w tɕ ɔ ˨˩ n̪ ]_w
[_w x aː ˧˥ ]_w
[_w z ɤ ˧˥ t̪ ]_w
[_w x ɛ ˧˥ ]_w
[_w f ɛ ˨˩ˀ n̪ ]_w
[_w ɓ ɛ ˧˩˧ ]_w
[_w m u ˧ ]_w
[_w ɲ ɯ ˧˥ˀ ŋ ]_w
[_w x ɛ ˧ ]_w
[_w m aː ˧˩˧ ŋ ]_w
[_w ɲ ɤ: ˧ n̪ ]_w
[_w tɕ aː ˧˥ n̪ ]_w
[_w ɗ o ˧ ŋ ]_w
[_w ɲ o ˧ m ]_w
[_w l o ˨˩ˀ n̪ ]_w
[_w ɓ e ˧ ŋ ]_w
[_w ɗ o ˧˥ j ]_w
[_w z i ˧˥ˀ ]_w
[_w h o ˧ j ]_w
[_w l i ˧˥ˀ ŋ ]_w
[_w t̪ʰ aː ˧ ]_w
[_w z o ˧ ŋ ]_w
[_w ɣ aː ˧˩˧ j ]_w
[_w u ˧ i ˧˩˧ ]_w
[_w ɲ aː ˧˥ˀ n̪ ]_w
[_w ɣ aː ˧˥ ]_w
[_w ɓ o ˧ ŋ ]_w
[_w tɕ ɔ ˧ ŋ ]_w
[_w ɓ ɔ ˨˩ˀ n̪ ]_w
[_w v aː ˨˩ j ]_w
[_w h aː ˧˩˧ j ]_w
[_w k ɔ ˨˩ ]_w
[_w ɓ i ˧ ŋ ]_w
[_w ŋ o ˨˩ˀ ]_w
[_w o ˧ m ]_w
[_w l ɛ ˧ ]_w
[_w t̪ aː ˧˥ j ]_w
[_w z aː ˨˩ˀ n̪ ]_w
[_w tɕ aː ˧ j ]_w
[_w ɣ aː ˧˥ ŋ ]_w
[_w ɓ o ˨˩ ]_w
[_w n̪ o ˧˩˧ j ]_w
[_w ɓ i ˨˩ˀ ]_w
[_w tɕ u ˨˩ˀ ]_w
[_w v e ˨˩ ]_w
[_w ɲ ɤ ˨˩ˀ t̪ ]_w
[_w l ɤ ˨˩ˀ p ]_w
[_w ɗ o ˨˩ˀ t̪ ]_w
[_w z o ˧ j ]_w
[_w t̪ʰ a ˨˩ ŋ ]_w
[_w k aː ˧˥ m ]_w
[_w ɓ i ˧˥ ŋ ]_w
[_w z ɯɤ ˧ ˧ ]_w
[_w z ɔ ˧˥ k ]_w
[_w ɲ ɛ ˨˩ˀ ]_w
[_w x ɔ ˧˥ t̪ ]_w
[_w t̪ i ˨˩ ŋ ]_w
[_w m o ˧˥ˀ j ]_w
[_w k w i ˧˥ ]_w
[_w tɕ aː ˨˩ˀ m ]_w
[_w k o ˧˩˧ ]_w
[_w s ɤ ˨˩ˀ p ]_w
[_w l o ˧ ]_w
[_w k u ˧˥ m ]_w
[_w s e ˧˥ t̪ ]_w
[_w k ɤ ˨˩ˀ n̪ ]_w
[_w k ɔ ˧ j ]_w
[_w h i ˧ ŋ ]_w
[_w l i ˧˥ t̪ ]_w
[_w ɲ aː ˨˩ ]_w
[_w tɕ ɯɤ ˧˥ˀ ˧ ]_w
[_w tɕ ɯ ˧˥ ]_w
[_w i ˧ m ɣ ]_w
[_w z a ˧ ŋ ]_w
[_w ɗ aː ˧ w ]_w
[_w s ɔ ˧˩˧ ]_w
[_w t̪ ɔ ˧ j ]_w
[_w ɗ ɯ ˨˩ ŋ ]_w
[_w t̪ʰ aː ˧ j ]_w
[_w ɗ ɯɤ ˧ ˧ ]_w
[_w u ˧ s ɓ ]_w
[_w v ɔ ˧ j ]_w
[_w t̪ ɤ: ˧˥ ]_w
[_w ɣ ɔ ˧˥ k ]_w
[_w ɗ o ˨˩ˀ ]_w
[_w tɕ aː ˨˩ˀ ŋ ]_w
[_w tɕ ɤ: ˨˩ j ]_w
[_w x o ˧˩˧ ]_w
[_w k o ˧˥ j ]_w
[_w t̪ʰ o ˧˥ j ]_w
[_w l uo ˨˩ˀ ˧ ]_w
[_w ɓ u ˧˥ ]_w
[_w z a ˧˥ˀ n̪ ]_w
[_w ɗ e ˧˥ m ]_w
[_w ɲ ɤ: ˧˥ ]_w
[_w ŋ i ˧ ]_w
[_w ɗ ɯ ˧˥ k ]_w
[_w t̪ u ˨˩ ]_w
[_w k ɛ ˧˩˧ ]_w
[_w h ɔ ˧ t̪ ]_w
[_w tɕ a ˨˩ˀ n̪ ]_w
[_w f ɔ ˧˥ ŋ ]_w
[_w t̪ f k m ]_w
[_w tɕ u ˨˩ ŋ ]_w
[_w m aː ˨˩ ]_w
[_w k ɔ ˧ ]_w
[_w t̪ ɯ ˧˥ k ]_w
[_w l a ˧˥ p ]_w
[_w s ɛ ˧ p ]_w
[_w ɲ aː ˧ ŋ ]_w
[_w n̪ e ˧ n̪ ]_w
[_w s a ˧˥ t̪ ]_w
[_w m ɛ ˧ m ]_w
[_w f o ˨˩ˀ j ]_w
[_w k i ˧˥ ŋ ]_w
[_w h o ˧˩˧ ]_w
[_w ɤ: ˧ j ]_w
[_w t̪ʰ aː ˧ t̪ ]_w
[_w ɣ o ˧˥ ŋ ]_w
[_w z ɤ: ˧˥ˀ ]_w
[_w n̪ o ˨˩ ŋ ]_w
[_w n̪ aː ˨˩ n̪ ]_w
[_w ɓ i ˧ t̪ ]_w
[_w ɣ aː ˧ ]_w
[_w f i ˧ m ]_w
[_w l ɤ ˧˥ p ]_w
[_w ɗ a ˨˩ ŋ ]_w
[_w ɗ ɔ ˨˩ˀ ]_w
[_w l a ˧ ŋ ]_w
[_w h ɤ: ˧˥ˀ j ]_w
[_w h ɔ ˧ j ]_w
[_w ɗ a ˧˥ k ]_w
[_w ɓ ɓ k ]_w
[_w h i ˨˩ ŋ ]_w
[_w m ɔ ˧˥ k ]_w
[_w h ɤ ˧˥ p ]_w
[_w ɲ ɤ ˧ n̪ ]_w
[_w z uo ˧ ˧ ]_w
[_w z u ˧˩˧ j ]_w
[_w t̪ ɤ ˧ m ]_w
[_w k a ˧ n̪ ]_w
[_w aː ˧˥ ɔ ˧ ]_w
[_w z ɛ ˧ p ]_w
[_w v o ˨˩ n̪ ]_w
[_w tɕ ɔ ˨˩ ]_w
[_w l ɤ ˨˩ n̪ ]_w
[_w m ɤ ˧˥ j ]_w
[_w x ɤ: ˨˩ˀ j ]_w
[_w z ɯ ˧˩˧ ]_w
[_w ɲ i ˧ m ]_w
[_w ɲ i ˧˥ˀ ]_w
[_w ɗ ɔ ˧˥ j ]_w
[_w ɗ ɛ ˧˥ˀ ]_w
[_w z aː ˧˩˧ n̪ ]_w
[_w ɓ aː ˧ j ]_w
[_w t̪ o ˧˥ ŋ ]_w
[_w tɕ ɛ ˧˥ˀ ]_w
[_w ɗ e ˨˩ ]_w
[_w tɕ ɯ ˧˥ ŋ ]_w
[_w tɕ ɤ: ˧ ]_w
[_w ɓ o ˨˩ˀ ]_w
[_w t̪ʰ i ˧˥ k ]_w
[_w ŋ a ˧˥ n̪ ]_w
[_w ɤ ˧˥ p ]_w
[_w v a ˧ n̪ ]_w
[_w ɗ o ˨˩ ]_w
[_w z ɯ ˧˥ t̪ ]_w
[_w ɤ: ˧˥ t̪ ]_w
[_w l ɯ ˧ ŋ ]_w
[_w l aː ˨˩ m ]_w
[_w v ɔ ˨˩ˀ ŋ ]_w
[_w f ɛ ˧˥ p ]_w
[_w l ɔ ˧˥ˀ j ]_w
[_w ŋ ɯ ˨˩ˀ k ]_w
[_w k ɯ ˧˩˧ ]_w
[_w ɲ ɛ ˧˥ t̪ ]_w
[_w k aː ˧˥ ŋ ]_w
[_w l e ˨˩ˀ ]_w
[_w tɕ aː ˨˩ˀ k ]_w
[_w k aː ˨˩ˀ n̪ ]_w
[_w ŋ o ˧ ]_w
[_w z ɔ ˧˥ t̪ ]_w
[_w ɗ ɤ ˨˩ m ]_w
[_w s aː ˧˩˧ ŋ ]_w
[_w z ɤ: ˧ j ]_w
[_w z ɛ ˨˩ n̪ ]_w
[_w l aː ˨˩ˀ k ]_w
[_w t̪ ɔ ˧˩˧ j ]_w
[_w tɕ a ˧ n̪ ]_w
[_w n̪ i ˧˥ t̪ ]_w
[_w l u ˧˥ˀ ]_w
[_w k ɔ ˨˩ j ]_w
[_w ɲ aː ˨˩ˀ k ]_w
[_w k a ˧˥ m ]_w
[_w ɲ ɤ ˧˥ p ]_w
[_w n̪ ɔ ˧ ]_w
[_w u ˧ s s ]_w
[_w z uo ˧˩˧ ˧ ]_w
[_w k o ˧ ]_w
[_w m ɛ ˧˩˧ ]_w
[_w t̪ o ˨˩ˀ t̪ ]_w
[_w t̪ i ˧˥ k ]_w
[_w ɣ aː ˧˥ k ]_w
[_w h aː ˧˥ˀ ŋ ]_w
[_w x o ˧˥ ŋ ]_w
[_w z tɕ ɛ ˧ ]_w
[_w ŋ u ˨˩ˀ ]_w
[_w ɓ ɔ ˧ ŋ ]_w
[_w z ɔ ˧˩˧ ]_w
[_w l a ˧ m ]_w
[_w o ˧ ŋ ]_w
[_w aː ˧ m ]_w
[_w t̪ i ˧ n̪ ]_w
[_w v u ˧˥ˀ ŋ ]_w
[_w k u ˧ ŋ ]_w
[_w t̪ ɔ ˧ ]_w
[_w l o ˧˥ j ]_w
[_w ɗ ɯ ˧˥ t̪ ]_w
[_w t̪ʰ ɤ ˨˩ˀ m ]_w
[_w ɗ ɛ ˧ ]_w
[_w ɗ i ˨˩ˀ ŋ ]_w
[_w v ɔ ˧˥ ŋ ]_w
[_w x ɔ ˧ p ]_w
[_w z z ɛ ˧ ]_w
[_w m ɤ: ˧˥ˀ ]_w
[_w ɗ o ˧ ]_w
[_w z ɤ: ˨˩ˀ j ]_w
[_w z aː ˨˩ˀ ]_w
[_w t̪ʰ ɤ ˨˩ m ]_w
[_w v ɤ: ˧˩˧ ]_w
[_w ɤ ˧˥ n̪ ]_w
[_w t̪ʰ w aː ˧ ]_w
[_w f u ˧ ŋ ]_w
[_w tɕ ɛ ˨˩ ]_w
[_w ɤ ˧˩˧ m ]_w
[_w h ɔ ˨˩ˀ k ]_w
[_w ɲ ɔ ˧ ]_w
[_w m i ˨˩ ŋ ]_w
[_w v o ˧˩˧ j ]_w
[_w n̪ ɔ ˧ ŋ ]_w
[_w t̪ʰ u ˧ k ]_w
[_w z ɔ ˨˩ ŋ ]_w
[_w z aː ˧ j ]_w
[_w s uo ˨˩ ˧ ]_w
[_w v aː ˧˥ ]_w
[_w t̪ aː ˧ m ]_w
[_w ɲ i ˧˥ ]_w
[_w ŋ ɯ ˨˩ˀ ]_w
[_w h a ˧˥ n̪ ]_w
[_w t̪ e ˧˥ ]_w
[_w m aː ˧˥ t̪ ]_w
[_w t̪ʰ u ˧ ]_w
[_w v ɔ ˧ ]_w
[_w tɕ u ˧˥ ]_w
[_w x u ˧ j ]_w
[_w m aː ˨˩ˀ ŋ ]_w
[_w t̪ ɤ ˧˥ p ]_w
[_w n̪ ɔ ˨˩ j ]_w
[_w h o ˨˩ˀ p ]_w
[_w tɕ i ˧ ]_w
[_w z o ˨˩ ŋ ]_w
[_w t̪ ɤ: ˧˥ j ]_w
[_w s aː ˧ w ]_w
[_w ɓ ɤ ˧˥ t̪ ]_w
[_w n̪ aː ˨˩ˀ t̪ ]_w
[_w t̪ʰ i ˨˩ˀ t̪ ]_w
[_w k i ˧ ŋ ]_w
[_w x u ˧ ŋ ]_w
[_w ŋ aː ˧˥ˀ j ]_w
[_w t̪ aː ˧ ŋ ]_w
[_w tɕ aː ˧˥ j ]_w
[_w t̪ ɤ ˨˩ m ]_w
[_w m ɤ: ˨˩ j ]_w
[_w z u ˧˥ k ]_w
[_w f aː ˧ ŋ ]_w
[_w ɗ ɛ ˧ w ]_w
[_w t̪ u ˨˩ˀ j ]_w
[_w k aː ˧˩˧ n̪ ]_w
[_w t̪ʰ ɯ ˧˩˧ ]_w
[_w ɓ o ˨˩ˀ j ]_w
[_w s ɯ ˧˩˧ ]_w
[_w s aː ˧˥ m ]_w
[_w f ɛ ˧˥ˀ ]_w
[_w z aː ˧ ]_w
[_w h ɯ ˧ ]_w
[_w f aː ˧ ]_w
[_w t̪ e ˧˥ t̪ ]_w
[_w t̪ u ˧˥ ŋ ]_w
[_w t̪ʰ aː ˧˩˧ m ]_w
[_w n̪ ɔ ˧˥ ]_w
[_w t̪ʰ ɤ ˧˥ t̪ ]_w
[_w ɓ ɤ: ˧˥ t̪ ]_w
[_w ɓ i ˧˩˧ ]_w
[_w s u ˧ ]_w
[_w x aː ˧˥ n̪ ]_w
[_w t̪ʰ aː ˧˩˧ ]_w
[_w m u ˧˥ˀ ]_w
[_w ɗ ɤ ˨˩ˀ j ]_w
[_w a ˧ n̪ ]_w
[_w ɣ ɯ ˧˩˧ j ]_w
[_w n̪ e ˨˩ n̪ ]_w
[_w m ɯ ˨˩ ŋ ]_w
[_w t̪ʰ ɤ: ˨˩ˀ ]_w
[_w w aː ˧ ŋ ]_w
[_w t̪ o ˧˩˧ ŋ ]_w
[_w ɔ ˧ l z ]_w
[_w n̪ ɯɤ ˧˥ˀ ˧ ]_w
[_w t̪ u ˨˩ˀ ]_w
[_w z ɔ ˧ ]_w
[_w ɤ ˧ u ˧ ]_w
[_w ɗ ɯɤ ˧˥ ˧ ]_w
[_w x a ˧ n̪ ]_w
[_w s aː ˧˥ t̪ ]_w
[_w l aː ˧˥ k ]_w
[_w x ɔ ˨˩ˀ n̪ ]_w
[_w tɕ ɯ ˧˥ k ]_w
[_w k u ˨˩ˀ k ]_w
[_w ɓ i ˧˥ ]_w
[_w s ɛ ˧˩˧ ]_w
[_w z i ˧ k ]_w
[_w tɕ e ˧˥ ]_w
[_w ɓ aː ˧˥ ŋ ]_w
[_w tɕ ie ˧ ˧ ]_w
[_w tɕ i ˨˩ˀ ŋ ]_w
[_w ɓ o ˧ ]_w
[_w ɗ aː ˧˥ ]_w
[_w ɲ ɔ ˨˩ˀ ]_w
[_w l uo ˧˥ ˧ ]_w
[_w ɗ k z v ]_w
[_w ɓ ɛ ˨˩ n̪ ]_w
[_w z aː ˨˩ n̪ ]_w
[_w x u ˨˩ˀ k ]_w
[_w s aː ˧ t̪ ]_w
[_w z ɤ: ˨˩ j ]_w
[_w x ɔ ˧ ŋ ]_w
[_w v aː ˧ p ]_w
[_w z ɛ ˧˥ t̪ ]_w
[_w tɕ aː ˧ w ]_w
[_w z o ˧˥ t̪ ]_w
[_w k o ˧˥ˀ ]_w
[_w ɣ aː ˨˩ˀ k ]_w
[_w l e ˨˩ˀ ŋ ]_w
[_w l ɛ ˧˥ˀ ]_w
[_w f u ˧ k ]_w
[_w t̪ ɤ ˨˩ ŋ ]_w
[_w tɕ o ˧˥ n̪ ]_w
[_w m ɔ ˧ t̪ ]_w
[_w z ɤ ˧ ŋ ]_w
[_w ɓ ɛ ˧ ]_w
[_w m aː ˨˩ˀ ]_w
[_w ɗ ɛ ˨˩ n̪ ]_w
[_w l aː ˨˩ˀ m ]_w
[_w z ɔ ˧ n̪ ]_w
[_w s ɛ ˧ ]_w
[_w t̪ʰ ɔ ˧˩˧ ]_w
[_w s u ˧ n̪ ]_w
[_w x a ˧˥ k ]_w
[_w m aː ˧˥ k ]_w
[_w s aː ˧ k ]_w
[_w l ɤ ˧˥ n̪ ]_w
[_w ŋ ɯɤ ˨˩ˀ ˧ ]_w
[_w v i ˧˥ˀ ]_w
[_w h aː ˧ ]_w
[_w t̪ʰ aː ˧ ŋ ]_w
[_w s ɤ ˨˩ m ]_w
[_w z ɔ ˧ ɣ ]_w
[_w tɕ i ˨˩ ]_w
[_w tɕ o ˧ j ]_w
[_w n̪ a ˧˥ ŋ ]_w
[_w x w aː ˧ ]_w
[_w l e ˧˥ˀ ]_w
[_w l i ˨˩ˀ k ]_w
[_w ɓ ɤ ˨˩ n̪ ]_w
[_w l ɤ: ˨˩ ]_w
[_w ɲ aː ˧˩˧ j ]_w
[_w h ɛ ˧˥ t̪ ]_w
[_w v ɛ ˧˥ˀ ]_w
[_w l ɤ: ˧˥ p ]_w
[_w k aː ˧˥ j ]_w
[_w ɓ i ˨˩ ŋ ]_w
[_w m ɔ ˨˩ˀ k ]_w
[_w ɗ u ˧ n̪ ]_w
[_w l ɤ: ˧˥ n̪ ]_w
[_w t̪ o ˧˥ t̪ ]_w
[_w v a ˧ ŋ ]_w
[_w h ɛ ˨˩ˀ n̪ ]_w
[_w k i ˧˥ k ]_w
[_w ɓ i ˧˥ t̪ ]_w
[_w k ɔ ˧˥ ]_w
[_w l k l ]_w
[_w m ɤ ˧ j ]_w
[_w n̪ aː ˧ n̪ ]_w
[_w l e ˧ ]_w
[_w k u ˧˥ˀ ]_w
[_w h ɯ ˧˥ ŋ ]_w
[_w k o ˨˩ n̪ ]_w
[_w v ɤ ˧˥ p ]_w
[_w ɓ ɛ ˧˥ ]_w
[_w s u ˧˥ ŋ ]_w
[_w k ɤ ˨˩ n̪ ]_w
[_w s u ˨˩ˀ k ]_w
[_w l ɔ ˨˩ ŋ ]_w
[_w t̪ aː ˧ j ]_w
[_w ɓ u ˧˥ t̪ ]_w
[_w ɗ ɤ ˧˥ ŋ ]_w
[_w t̪ u ˧˩˧ j ]_w
[_w h aː ˨˩ˀ j ]_w
[_w k z v n̪ ]_w
[_w f u ˨˩ ]_w
[_w v ie ˧˩˧ ˧ ]_w
[_w z aː ˧ k ]_w
[_w m ɛ ˧˥ˀ ]_w
[_w ɣ aː ˧˥ˀ ]_w
[_w h aː ˨˩ˀ ]_w
[_w ɛ ˧ z t̪ ]_w
[_w s o ˧˥ˀ j ]_w
[_w k ɤ ˨˩ˀ j ]_w
[_w ɗ aː ˧˥ m ]_w
[_w ɗ a ˧ ŋ ]_w
[_w m a ˧˥ ŋ ]_w
[_w ɔ ˧ j ]_w
[_w ɗ ɛ ˧˩˧ ]_w
[_w tɕ i ˧˥ ŋ ]_w
[_w ɲ a ˨˩ m ]_w
[_w k ɤ: ˧ m ]_w
[_w t̪ u ˧ ]_w
[_w z ɤ ˧ n̪ ]_w
[_w aː ˧ n̪ ]_w
[_w s ɤ: ˧ ]_w
[_w tɕ e ˧ ŋ ]_w
[_w z u ˧ k ]_w
[_w ɗ e ˧˥ n̪ ]_w
[_w f i ˨˩ˀ ]_w
[_w z ɯ ˧ ŋ ]_w
[_w t̪ u ˧˥ ]_w
[_w ɓ o ˧˥ ]_w
[_w x o ˧˥ k ]_w
[_w k a ˧˥ t̪ ]_w
[_w t̪ʰ aː ˧ n̪ ]_w
[_w n̪ ɔ ˧˥ j ]_w
[_w v aː ˨˩ˀ n̪ ]_w
[_w z w aː ˧ ]_w
[_w f ɤ ˨˩ˀ n̪ ]_w
[_w ɣ aː ˨˩ ]_w
[_w h u ˧˥ t̪ ]_w
[_w t̪ a ˧˥ m ]_w
[_w k ɤ: ˧ n̪ ]_w
[_w l ɔ ˨˩ˀ ]_w
[_w f aː ˨˩ˀ m ]_w
[_w l aː ˧˥ j ]_w
[_w l ɯɤ ˨˩ ˧ ]_w
[_w k e ˧ ŋ ]_w
[_w tɕ aː ˧˥ t̪ ]_w
[_w v ɤ: ˧ j ]_w
[_w z i ˧ n̪ ]_w
[_w n̪ o ˨˩ j ]_w
[_w m o ˨˩ˀ k ]_w
[_w t̪ u ˧ j ]_w
[_w k t̪ m ]_w
[_w ɲ ɤ: ˨˩ ]_w
[_w s aː ˧˥ ]_w
[_w t̪ʰ u ˨˩ˀ k ]_w
[_w m e ˨˩ m ]_w
[_w h l v ]_w
[_w f ɔ ˧˥ ]_w
[_w t̪ʰ ɤ ˧ m ]_w
[_w m i ˨˩ˀ n̪ ]_w
[_w ɲ aː ˧ t̪ ]_w
[_w ŋ ɤ ˨˩ m ]_w
[_w s o ˧˥ t̪ ]_w
[_w t̪ aː ˧ p ]_w
[_w ɓ aː ˧˥ p ]_w
[_w v aː ˧˩˧ n̪ ]_w
[_w t̪ ɔ ˧ n̪ ]_w
[_w ɓ ɛ ˧˥ n̪ ]_w
[_w l o ˨˩ˀ j ]_w
[_w t̪ʰ ɯ ˨˩ˀ k ]_w
[_w t̪ʰ ɯ ˨˩ˀ ]_w
[_w p z ɔ ˧ ]_w
[_w l aː ˨˩ˀ ]_w
[_w tɕ i ˨˩ m ]_w
[_w t̪ aː ˨˩ˀ ]_w
[_w v ɛ ˧˥ p ]_w
[_w tɕ ɯ ˨˩ˀ k ]_w
[_w tɕ ɤ ˧˥ p ]_w
[_w t̪ʰ uo ˧ ˧ ]_w
[_w ɲ o ˧˥ t̪ ]_w
[_w tɕ e ˧˥ t̪ ]_w
[_w m u ˧ k ]_w
[_w t̪ i ˧˩˧ ]_w
[_w t̪ k n̪ ]_w
[_w n̪ ɯ ˧˥ k ]_w
[_w tɕ ɔ ˨˩ˀ k ]_w
[_w n̪ a ˧ ŋ ]_w
[_w ŋ o ˧ j ]_w
[_w t̪ ɯ ˧˩˧ ]_w
[_w t̪ʰ ɤ ˧˥ j ]_w
[_w f a ˧ ŋ ]_w
[_w tɕ o ˨˩ˀ j ]_w
[_w tɕ ɛ ˧˥ p ]_w
[_w s aː ˨˩ ]_w
[_w ɯɤ ˧ ˧˥ p ]_w
[_w ɣ u ˧˥ k ]_w
[_w h ɤ: ˨˩ˀ p ]_w
[_w z i ˧ m ]_w
[_w i ˧ n̪ ]_w
[_w f ɤ ˧ n̪ ]_w
[_w m o ˨˩ˀ t̪ ]_w
[_w m ɯ ˧˥ k ]_w
[_w ɓ o ˨˩ˀ k ]_w
[_w z aː ˧ n̪ ]_w
[_w tɕ e ˨˩ˀ k ]_w
[_w x ɔ ˨˩ ]_w
[_w k u ˨˩ˀ m ]_w
[_w t̪ o ˧˥ j ]_w
[_w h aː ˨˩ j ]_w
[_w ɣ e ˧˥ ]_w
[_w m ɔ ˧ ]_w
[_w i ˧ m ]_w
[_w t̪ʰ ɤ ˧˥ p ]_w
[_w n̪ o ˧˩˧ ]_w
[_w ɓ ɛ ˧ n̪ ]_w
[_w k ɔ ˨˩ ŋ ]_w
[_w ɓ o ˨˩ j ]_w
[_w v ɤ: ˨˩ ]_w
[_w x o ˧˩˧ ŋ ]_w
[_w h i ˧ k ]_w
[_w t̪ʰ ɤ ˨˩ j ]_w
[_w m ɛ ˧ ]_w
[_w l aː ˨˩ˀ p ]_w
[_w h i ˧ ]_w
[_w x ɛ ˧ n̪ ]_w
[_w z ɤ: ˧˥ m ]_w
[_w l ɤ ˧ m ]_w
[_w k l aː ˧ ]_w
[_w s ɯ ˧˥ˀ ]_w
[_w z ɤ ˧˥ k ]_w
[_w v u ˧ ŋ ]_w
[_w m ɔ ˧˩˧ j ]_w
[_w t̪ ɤ ˧˩˧ j ]_w
[_w tɕ ɤ ˨˩ m ]_w
[_w ɗ o ˧˥ t̪ ]_w
[_w l ɔ ˧ ŋ ]_w
[_w z s s ]_w
[_w h aː ˨˩ˀ m ]_w
[_w t̪ʰ u ˧˩˧ ]_w
[_w x aː ˧ ]_w
[_w t̪ʰ i ˧˩˧ ŋ ]_w
[_w ɛ ˧˥ p ]_w
[_w ɣ ɛ ˧˥ p ]_w
[_w t̪ʰ ɛ ˧˩˧ ]_w
[_w v ɤ ˨˩ˀ n̪ ]_w
[_w tɕ ɛ ˧ w ]_w
[_w t̪ u ˧ ŋ ]_w
[_w z a ˧ n̪ ]_w
[_w ɣ ɔ ˨˩ˀ j ]_w
[_w k i ˨˩ˀ k ]_w
[_w ɓ aː ˧˥ m ]_w
[_w t̪ʰ ɤ ˨˩ˀ p ]_w
[_w k ɛ ˧ t̪ ]_w
[_w t̪ aː ˨˩ˀ m ]_w
[_w x ɔ ˧˥ k ]_w
[_w ɗ a ˧˥ n̪ ]_w
[_w s a ˨˩ˀ n̪ ]_w
[_w t̪ aː ˨˩ n̪ ]_w
[_w ɓ ɤ: ˧˥ j ]_w
[_w s ɔ ˧˥ ŋ ]_w
[_w ɓ i ˨˩ˀ p ]_w
[_w v u ˨˩ ]_w
[_w tɕ ɤ ˨˩ˀ t̪ ]_w
[_w m ɛ ˧ n̪ ]_w
[_w m ɤ ˧˩˧ n̪ ]_w
[_w ɗ uo ˧ ˧ ]_w
[_w k ɔ ˧˥ k ]_w
[_w tɕ ɯ ˧˥ˀ ]_w
[_w z e ˧˩˧ ]_w
[_w ŋ ɤ ˧˥ t̪ ]_w
[_w l o ˨˩ˀ ]_w
[_w i ˧ j ]_w
[_w t̪ʰ aː ˧ m ]_w
[_w h ɛ ˧ w ]_w
[_w h u ˨˩ ŋ ]_w
[_w k i ˧ ]_w
[_w ɓ i ˨˩ˀ t̪ ]_w
[_w x aː ˧ j ]_w
[_w z i ˨˩ ]_w
[_w ɗ o ˨˩ˀ j ]_w
[_w ɗ k s v ]_w
[_w ɲ aː ˨˩ ŋ ]_w
[_w ɣ o ˧˩˧ ]_w
[_w s i ˨˩ˀ k ]_w
[_w v o ˧˥ n̪ ]_w
[_w ɗ o ˧˩˧ ]_w
[_w l ɤ ˨˩ m ]_w
[_w ɲ i ˧ ]_w
[_w k ɯ ˧˥ ŋ ]_w
[_w tɕ u ˧˥ k ]_w
[_w z aː ˧ z ]_w
[_w t̪ e ˧ n̪ ]_w
[_w f u ˧ ]_w
[_w o ˧ j ]_w
[_w k aː ˧˥ ]_w
[_w t̪ ɤ ˨˩ˀ n̪ ]_w
[_w aː ˨˩ ɔ ˧ ]_w
[_w ɣ ɔ ˧ j ]_w
[_w z u ˨˩ ŋ ]_w
[_w v ɛ ˧˥ t̪ ]_w
[_w ɗ aː ˨˩ n̪ ]_w
[_w f aː ˨˩ ŋ ]_w
[_w ɲ ɤ ˧ m ]_w
[_w t̪ ɔ ˨˩ ŋ ]_w
[_w ɗ aː ˧˩˧ n̪ ]_w
[_w x i ˧ ]_w
[_w k i ˧ m ]_w
[_w z u ˧ ŋ ]_w
[_w s ɯ ˧ ]_w
[_w ɣ aː ˧˥ j ]_w
[_w k u ˨˩ ŋ ]_w
[_w t̪ o ˧ ŋ ]_w
[_w o ˧˥ ŋ ]_w
[_w u ˧˩˧ ŋ ]_w
[_w ɯɤ ˧ ˧ ŋ ]_w
[_w l ie ˨˩ ˧ ]_w
[_w x ɔ ˧˩˧ j ]_w
[_w s ɛ ˨˩ˀ p ]_w
[_w h o ˧ m ]_w
[_w t̪ ɔ ˧˥ k ]_w
[_w v ɤ ˧˥ n̪ ]_w
[_w l ɯ ˨˩ ŋ ]_w
[_w ɓ aː ˨˩ˀ k ]_w
[_w f u ˨˩ˀ ]_w
[_w t̪ʰ o ˧˥ t̪ ]_w
[_w ɲ ɤ ˨˩ˀ m ]_w
[_w ɗ aː ˨˩ˀ n̪ ]_w
[_w s aː ˧˥ˀ ]_w
[_w tɕ u ˧ ]_w
[_w ɗ a ˨˩ˀ t̪ ]_w
[_w tɕ aː ˧˥ k ]_w
[_w n̪ o ˧˥ t̪ ]_w
[_w l o ˧˥ˀ j ]_w
[_w ɗ u ˧ ]_w
[_w f u ˧˥ ]_w
[_w f u ˧ j ]_w
[_w x ɔ ˨˩ n̪ ]_w
[_w x i ˨˩ ]_w
[_w t̪ i ˧˥ m ]_w
[_w v ɛ ˧ n̪ ]_w
[_w t̪ʰ a ˧ m ]_w
[_w t̪ o ˧ j ]_w
[_w i ˧ n̪ k ]_w
[_w f e ˨˩ ]_w
[_w ɣ ɤ: ˧˩˧ j ]_w
[_w z ɔ ˧ k ]_w
[_w l u ˧˥ˀ ŋ ]_w
[_w m o ˨˩ m ]_w
[_w k aː ˧ n̪ ]_w
[_w m ɔ ˧ ŋ ]_w
[_w s e ˧ ŋ ]_w
[_w ɗ uo ˨˩ ˧ ]_w
[_w z aː ˧˥ n̪ ]_w
[_w s ɔ ˨˩ ŋ ]_w
[_w f o ˧˥ ]_w
[_w ɯɤ ˧ ˧˥ k ]_w
[_w ɲ aː ˨˩ˀ j ]_w
[_w s ɯ ˧ ŋ ]_w
[_w s aː ˧˩˧ m ]_w
[_w m o ˧ ŋ ]_w
[_w x ɔ ˧ ]_w
[_w f aː ˧ m ]_w
[_w ɣ o ˧˥ˀ ]_w
[_w ɲ ɤ: ˨˩ n̪ ]_w
[_w t̪ʰ ɛ ˧˥ p ]_w
[_w k i ˨˩ˀ ]_w
[_w f o ˧˩˧ j ]_w
[_w s e ˧˥ˀ ]_w
[_w v aː ˧ ]_w
[_w k o ˧˥ t̪ ]_w
[_w ɣ u ˧ j ]_w
[_w k ɤ: ˧˥ ]_w
[_w v i ˨˩ ]_w
[_w m ɤ: ˧ ]_w
[_w s u ˧˩˧ ]_w
[_w s u ˨˩ ]_w
[_w ŋ ie ˧ ˧ ]_w
[_w m u ˨˩ˀ n̪ ]_w
[_w l e ˨˩ ]_w
[_w t̪ʰ aː ˨˩ˀ k ]_w
[_w m e ˨˩ˀ ŋ ]_w
[_w f aː ˧ n̪ ]_w
[_w ɔ ˧ aː ˧˥ ]_w
[_w h u ˧ ŋ ]_w
[_w ŋ aː ˧ ]_w
[_w f ɔ ˧ ]_w
[_w l ɤ ˧˥ j ]_w
[_w t̪ʰ ɔ ˧ n̪ ]_w
[_w x i ˧˥ ]_w
[_w tɕ aː ˧ t̪ ]_w
[_w ɗ ɯ ˨˩ˀ ŋ ]_w
[_w v i ˧ ŋ ]_w
[_w ɗ ɤ: ˨˩ j ]_w
[_w s s aː ˧ ]_w
[_w t̪ i ˨˩ˀ ]_w
[_w ŋ ɯɤ ˧˥ ˧ ]_w
[_w v i ˨˩ˀ ]_w
[_w s a ˧˥ p ]_w
[_w t̪ʰ i ˨˩ˀ ŋ ]_w
[_w x o ˧ ŋ ]_w
[_w z i ˧˥ ŋ ]_w
[_w ŋ u ˧˥ˀ ]_w
[_w z ɛ ˧ m ]_w
[_w f u ˨˩ ŋ ]_w
[_w ɣ ɔ ˧ ŋ ]_w
[_w t̪ʰ i ˨˩ˀ ]_w
[_w u ˧ z z ]_w
[_w ɣ o ˧˥ j ]_w
[_w m e ˧˥ n̪ ]_w
[_w v ɤ: ˨˩ˀ t̪ ]_w
[_w k ɯɤ ˧˩˧ ˧ ]_w
[_w ɓ aː ˧ n̪ ]_w
[_w ŋ aː ˧ n̪ ]_w
[_w t̪ aː ˧ k ]_w
[_w v a ˨˩ˀ t̪ ]_w
[_w ɯɤ ˧ ˧˥ t̪ ]_w
[_w v aː ˧˥ p ]_w
[_w s aː ˧ m ]_w
[_w ɓ a ˧˥ n̪ ]_w
[_w l k s ]_w
[_w x e ˧ ]_w
[_w t̪ʰ ɯ ˧˥ k ]_w
[_w n̪ ɤ: ˧ j ]_w
[_w n̪ a ˧˥ m ]_w
[_w m u ˨˩ˀ ]_w
[_w l ɤ ˨˩ˀ t̪ ]_w
[_w ŋ ɤ ˧˩˧ n̪ ]_w
[_w t̪ u ˨˩ˀ ŋ ]_w
[_w k ɤ ˧˥ p ]_w
[_w m o ˧ ]_w
[_w f ɛ ˧ n̪ ]_w
[_w k ɔ ˨˩ˀ p ]_w
[_w ŋ ɤ ˧ n̪ ]_w
[_w ɗ u ˨˩ˀ ŋ ]_w
[_w z z s ]_w
[_w tɕ ɔ ˧˥ t̪ ]_w
[_w t̪ʰ o ˧ ]_w
[_w n̪ ɤ ˧˥ m ]_w
[_w ɲ ɛ ˧˥ ]_w
[_w ɲ ɔ ˨˩ˀ n̪ ]_w
[_w k ɛ ˧˥ m ]_w
[_w k o ˧˥ ]_w
[_w s ɤ: ˧ n̪ ]_w
[_w s ɤ: ˨˩ ]_w
[_w z o ˧˥ k ]_w
[_w m ie ˧˩˧ ˧ ]_w
[_w m ɔ ˨˩ ]_w
[_w ŋ aː ˧˩˧ ]_w
[_w ɗ aː ˧˥ j ]_w
[_w ɗ aː ˧˥ˀ ]_w
[_w ŋ ɤ: ˧˥ˀ ]_w
[_w ɣ p z z ]_w
[_w s i ˧ k ]_w
[_w aː ˧ h ]_w
[_w h e ˨˩ ]_w
[_w l aː ˨˩ n̪ ]_w
[_w z aː ˧˥ t̪ ]_w
[_w t̪ ɤ: ˧ j ]_w
[_w s h k n̪ ]_w
[_w z z i ˧ ]_w
[_w t̪ aː ˨˩ ŋ ]_w
[_w h ɔ ˨˩ˀ p ]_w
[_w ɗ u ˧˥ k ]_w
[_w z u ˧˥ t̪ ]_w
[_w n̪ aː ˧˩˧ j ]_w
[_w ɓ aː ˧˥ k ]_w
[_w ŋ ɔ ˨˩ j ]_w
[_w ɓ ɔ ˨˩ ]_w
[_w ɗ ɤ: ˨˩ˀ t̪ ]_w
[_w x o ˨˩ m ]_w
[_w x o ˧˥ j ]_w
[_w ɗ o ˧˥ˀ ]_w
[_w ɗ ɤ ˧˥ j ]_w
[_w z u ˧˥ˀ ŋ ]_w
[_w l aː ˨˩ˀ t̪ ]_w
[_w f aː ˧ t̪ ]_w
[_w tɕ ɤ: ˨˩ˀ n̪ ]_w
[_w v u ˧˥ˀ ]_w
[_w n̪ i ˧˩˧ ]_w
[_w x aː ˧˩˧ ]_w
[_w n̪ ɔ ˧˥ k ]_w
[_w z ɛ ˨˩ ]_w
[_w t̪ i ˧˥ˀ ŋ ]_w
[_w ɯ ˧˥ ŋ ]_w
[_w h o ˨˩ˀ ]_w
[_w n̪ e ˧˥ p ]_w
[_w x u ˧˩˧ ŋ ]_w
[_w t̪ u ˧˩˧ ]_w
[_w l ɛ ˧ w ]_w
[_w t̪ aː ˨˩ˀ k ]_w
[_w h ɔ ˧˩˧ ŋ ]_w
[_w f i ˧˥ m ]_w
[_w z ɔ ˨˩ n̪ ]_w
[_w l aː ˧ k ]_w
[_w tɕ i ˧˩˧ ]_w
[_w ɲ ɤ ˧˥ n̪ ]_w
[_w f ɛ ˧ ]_w
[_w z a ˨˩ˀ t̪ ]_w
[_w k ɔ ˨˩ n̪ ]_w
[_w v ɤ ˧ ŋ ]_w
[_w k e ˧˥ t̪ ]_w
[_w k u ˧˩˧ ŋ ]_w
[_w z ɤ ˧˥ p ]_w
[_w s i ˧˩˧ ]_w
[_w v ɔ ˧˩˧ ]_w
[_w t̪ i ˧ m ]_w
[_w t̪ʰ ɔ ˧ j ]_w
[_w ɗ aː ˨˩ˀ t̪ ]_w
[_w z e ˧˥ t̪ ]_w
[_w ɣ o ˧ ŋ ]_w
[_w l u ˧˥ ŋ ]_w
[_w l a ˧ n̪ ]_w
[_w k u ˧˥ p ]_w
[_w f u ˧˥ˀ ŋ ]_w
[_w z ɔ ˧˥ˀ ]_w
[_w m aː ˨˩ ŋ ]_w
[_w ɓ a ˨˩ ŋ ]_w
[_w t̪ʰ aː ˨˩ j ]_w
[_w ɣ ɯ ˧˥ ]_w
[_w ɤ ˧˥ j ]_w
[_w ɗ ɔ ˨˩ˀ ŋ ]_w
[_w s o ˧ n̪ ]_w
[_w s aː ˧˩˧ ]_w
[_w tɕ ɛ ˧ t̪ ]_w
[_w t̪ i ˧ k ]_w
[_w z u ˧˥ p ]_w
[_w k t̪ i ˧ ]_w
[_w ɲ o ˨˩ j ]_w
[_w ɲ u ˧˩˧ ]_w
[_w m ie ˧˥ ˧ ]_w
[_w n̪ o ˧ ]_w
[_w f aː ˧˥ ]_w
[_w ɓ ɔ ˧˥ ŋ ]_w
[_w t̪ aː ˨˩ˀ ŋ ]_w
[_w h e ˨˩ˀ t̪ ]_w
[_w ɲ o ˨˩ˀ n̪ ]_w
[_w m o ˨˩ˀ ŋ ]_w
[_w h ɯ ˧ ŋ ]_w
[_w m i ˧ ]_w
[_w z a ˨˩ˀ n̪ ]_w
[_w s i ˧˥ˀ ]_w
[_w f aː ˧˥ˀ ]_w
[_w z e ˧ ŋ ]_w
[_w m ɔ ˧˩˧ ]_w
[_w f ɔ ˧ j ]_w
[_w t̪ o ˧˩˧ ]_w
[_w f aː ˧˥ k ]_w
[_w ɗ ɔ ˧˥ n̪ ]_w
[_w v t̪ k ]_w
[_w z ɯɤ ˨˩ ˧ ]_w
[_w v u ˨˩ˀ ŋ ]_w
[_w ɗ ɔ ˨˩ j ]_w
[_w l ɤ: ˧ ]_w
[_w ɗ a ˧˥ m ]_w
[_w k o ˧˩˧ ŋ ]_w
[_w ʔ w aː ˧ ]_w
[_w z a ˨˩ˀ k ]_w
[_w s ɔ ˧ ɣ ]_w
[_w ɔ ˧˥ k ]_w
[_w v ɔ ˨˩ ŋ ]_w
[_w x a ˨˩ˀ p ]_w
[_w x ɔ ˧˥ j ]_w
[_w h aː ˧˥ n̪ ]_w
[_w n̪ aː ˧ ]_w
[_w n̪ i ˧ ŋ ]_w
[_w l ɤ ˧ j ]_w
[_w z ɛ ˧˥ p ]_w
[_w tɕ ɔ ˧ j ]_w
[_w m aː ˧ k ]_w
[_w ɗ o ˧ j ]_w
[_w t̪ ɔ ˧˩˧ ]_w
[_w f aː ˨˩ n̪ ]_w
[_w k n̪ t̪ t̪ ]_w
[_w x ɯ ˧˩˧ j ]_w
[_w t̪ʰ aː ˧ w ]_w
[_w t̪ʰ aː ˧˥ m ]_w
[_w s aː ˨˩ˀ n̪ ]_w
[_w o ˨˩ n̪ ]_w
[_w t̪ʰ e ˧ ]_w
[_w ɗ ɛ ˧ n̪ ]_w
[_w l ɤ: ˨˩ˀ n̪ ]_w
[_w ɣ u ˧˩˧ ŋ ]_w
[_w v aː ˨˩ ]_w
[_w l i ˧ k ]_w
[_w ɲ aː ˨˩ˀ t̪ ]_w
[_w ɣ i ˨˩ ]_w
[_w k o ˧ n̪ ]_w
[_w z i ˧˥ k ]_w
[_w x o ˧ ]_w
[_w ɗ o ˧˥ ]_w
[_w z u ˨˩ j ]_w
[_w l a ˨˩ˀ p ]_w
[_w z ɯ ˧˥ˀ ]_w
[_w k u ˧˥ j ]_w
[_w k u ˨˩ j ]_w
[_w z aː ˧˩˧ j ]_w
[_w ɣ ɔ ˧ m ]_w
[_w ɣ ɔ ˧ ]_w
[_w t̪ e ˧ ]_w
[_w k aː ˧ ]_w
[_w v a ˧˥ t̪ ]_w
[_w t̪ʰ aː ˧˩˧ n̪ ]_w
[_w z a ˨˩ ŋ ]_w
[_w ɓ o ˧˩˧ ŋ ]_w
[_w f aː ˧˥ p ]_w
[_w s ɤ: ˨˩ˀ n̪ ]_w
[_w x o ˧˥ˀ ]_w
[_w k w i ˧ ]_w
[_w l i ˨˩ ]_w
[_w ŋ e ˨˩ˀ ]_w
[_w tɕ ɤ: ˧˥ p ]_w
[_w v ɤ: ˧˥ ]_w
[_w ɓ aː ˨˩ˀ ]_w
[_w t̪ʰ e ˧˩˧ ]_w
[_w z ɤ: ˧˩˧ ]_w
[_w f aː ˧˩˧ j ]_w
[_w l ɔ ˨˩ ]_w
[_w ɗ i ˧ ŋ ]_w
[_w o ˧˩˧ n̪ ]_w
[_w k s v n̪ ]_w
[_w m aː ˧˥ˀ n̪ ]_w
[_w ɓ ɤ ˧˥ˀ j ]_w
[_w v ɯ ˨˩ˀ ŋ ]_w
[_w x aː ˧˥ˀ ]_w
[_w f a ˨˩ˀ t̪ ]_w
[_w x aː ˧ n̪ ]_w
[_w k ɤ ˨˩ m ]_w
[_w v ɤ ˧ j ]_w
[_w ŋ i ˧˩˧ ]_w
[_w v ie ˧˥ ˧ ]_w
[_w t̪ u ˨˩ˀ k ]_w
[_w t̪ ɤ: ˧˩˧ m ]_w
[_w m i ˨˩ˀ ]_w
[_w t̪ ɯ ˧˥ ]_w
[_w k ɔ ˧ ŋ ]_w
[_w ɓ t̪ t̪ m ]_w
[_w ɓ o ˧˩˧ ]_w
[_w t̪ʰ ɤ ˨˩ˀ n̪ ]_w
[_w v e ˧˥ ]_w
[_w s aː ˧˩˧ n̪ ]_w
[_w ɗ i ˧ ]_w
[_w l u ˧ j ]_w
[_w f ɔ ˧ ŋ ]_w
[_w t̪ a ˧ m ]_w
[_w h aː ˧˥ˀ j ]_w
[_w z ɔ ˨˩ ]_w
[_w s o ˨˩ˀ ]_w
[_w v aː ˧ j ]_w
[_w ɓ ɤ ˧˥ j ]_w
[_w z a ˧˥ n̪ ]_w
[_w l ɯɤ ˧˩˧ ˧ ]_w
[_w ɓ e ˧˥ p ]_w
[_w ɤ: ˧ n̪ ]_w
[_w h ɛ ˨˩ n̪ ]_w
[_w z aː ˧˩˧ m ]_w
[_w k aː ˨˩ˀ ŋ ]_w
[_w tɕ ie ˨˩ ˧ ]_w
[_w l a ˧˥ ŋ ]_w
[_w f ɯ ˧˥ˀ ŋ ]_w
[_w x o ˧ n̪ ]_w
[_w ɓ ie ˨˩ ˧ ]_w
[_w n̪ ɯɤ ˧˩˧ ˧ ]_w
[_w l u ˨˩ˀ k ]_w
[_w x a ˧˥ n̪ ]_w
[_w ɗ u ˨˩ˀ k ]_w
[_w s ɤ ˧˥ k ]_w
[_w ɓ e ˧ n̪ ]_w
[_w s ɔ ˧˩˧ j ]_w
[_w n̪ o ˨˩ˀ ]_w
[_w ɓ ɤ: ˨˩ˀ m ]_w
[_w ɓ u ˨˩ˀ j ]_w
[_w s ɛ ˧ z ]_w
[_w t̪ʰ ɯɤ ˨˩ ˧ ]_w
[_w t̪ʰ ɤ ˧˥ m ]_w
[_w ɓ ɯ ˨˩ ŋ ]_w
[_w h ɔ ˧ n̪ ]_w
[_w n̪ ɛ ˧˥ n̪ ]_w
[_w ɓ u ˨˩ˀ ŋ ]_w
[_w v ɤ ˧˥ˀ n̪ ]_w
[_w ɗ i ˧˥ˀ ŋ ]_w
[_w ɣ aː ˧˥ n̪ ]_w
[_w ɓ e ˧˥ ]_w
[_w tɕ o ˧ n̪ ]_w
[_w z e ˧˥ ŋ ]_w
[_w tɕ u ˧ t̪ ]_w
[_w n̪ i ˧ ]_w
[_w ɣ i ˧ ŋ ]_w
[_w h ɔ ˧ k ]_w
[_w f ɤ ˧˩˧ m ]_w
[_w ɛ ˧ s t̪ ]_w
[_w s u ˧ k ]_w
[_w h aː ˨˩ m ]_w
[_w ɗ aː ˨˩ˀ m ]_w
[_w ɣ u ˧˥ˀ j ]_w
[_w z s ɔ ˧ ]_w
[_w ɓ i ˨˩ ]_w
[_w m a ˧˥ k ]_w
[_w ɗ ɤ ˨˩ˀ p ]_w
[_w m ɔ ˨˩ˀ j ]_w
[_w x ɤ ˨˩ j ]_w
[_w ɓ a ˧ ŋ ]_w
[_w z o ˧˥ ]_w
[_w x ɔ ˨˩ˀ j ]_w
[_w ɗ aː ˧˥ˀ ŋ ]_w
[_w t̪ aː ˧ w ]_w
[_w t̪ aː ˧˩˧ n̪ ]_w
[_w v ɯɤ ˨˩ ˧ ]_w
[_w t̪ aː ˧˥ ]_w
[_w ŋ ɤ ˧ m ]_w
[_w ɲ aː ˧ n̪ ]_w
[_w ŋ aː ˨˩ˀ k ]_w
[_w v u ˧˩˧ ]_w
[_w z e ˧˥ ]_w
[_w ɓ aː ˧ k ]_w
[_w z z aː ˧ ]_w
[_w ŋ ɤ ˨˩ n̪ ]_w
[_w h o ˧˥ t̪ ]_w
[_w aː ˧ w ]_w
[_w z uo ˨˩ ˧ ]_w
[_w z ɤ ˨˩ˀ p ]_w
[_w ɗ ɛ ˨˩ ]_w
[_w h ɤ ˨˩ m ]_w
[_w ɲ a ˧˥ k ]_w
[_w ɣ u ˨˩ˀ k ]_w
[_w t̪ ɲ h ]_w
[_w t̪ʰ aː ˧˥ k ]_w
[_w l l h t̪ ]_w
[_w ɓ ɛ ˧ ŋ ]_w
[_w h ɤ ˧ n̪ ]_w
[_w n̪ e ˧ m ]_w
[_w z ɔ ˨˩ˀ n̪ ]_w
[_w k ɤ: ˧˥ˀ ]_w
[_w z ɛ ˧˥ ]_w
[_w u ˧˩˧ i ˧ ]_w
[_w ɓ ɤ ˧˩˧ n̪ ]_w
[_w l aː ˧˥ t̪ ]_w
[_w s aː ˧˥ n̪ ]_w
[_w v ɛ ˧ ]_w
[_w ɓ ɯɤ ˨˩ ˧ ]_w
[_w t̪ʰ i ˧˥ ]_w
[_w v i ˧˥ˀ ŋ ]_w
[_w l ɯɤ ˨˩ˀ ˧ ]_w
[_w z ɯ ˨˩ˀ k ]_w
[_w l aː ˧˥ˀ j ]_w
[_w ɲ aː ˧˥ˀ ]_w
[_w t̪ʰ e ˧ m ]_w
[_w ɗ aː ˧ ]_w
[_w k ɛ ˧ ]_w
[_w ɓ ɤ ˨˩ˀ t̪ ]_w
[_w ɓ ɯɤ ˧˥ˀ ˧ ]_w
[_w z o ˨˩ˀ j ]_w
[_w ɲ aː ˧˥ t̪ ]_w
[_w l aː ˧ n̪ ]_w
[_w s a ˧ n̪ ]_w
[_w t̪ʰ e ˨˩ˀ ]_w
[_w tɕ u ˧˩˧ ŋ ]_w
[_w z ɔ ˧˥ m ]_w
[_w s aː ˨˩ j ]_w
[_w f ɤ ˧˥ˀ n̪ ]_w
[_w ɣ ɤ ˧˥ p ]_w
[_w f ɤ: ˧˥ j ]_w
[_w ŋ ɛ ˨˩ˀ t̪ ]_w
[_w i ˧ v ]_w
[_w x ie ˧˥ ˧ ]_w
[_w t̪ ɤ ˧˥ n̪ ]_w
[_w tɕ ɤ: ˧˥ ]_w
[_w ɓ ɔ ˧˥ n̪ ]_w
[_w tɕ ɛ ˧˥ m ]_w
[_w x a ˧˥ ŋ ]_w
[_w t̪ʰ ɛ ˧ n̪ ]_w
[_w ɣ aː ˧ p ]_w
[_w ɓ aː ˧˥ n̪ ]_w
[_w z ɛ ˨˩ˀ p ]_w
[_w v o ˧ ]_w
[_w l l ɗ ɓ ]_w
[_w t̪ʰ o ˧ j ]_w
[_w s o ˧˥ ŋ ]_w
[_w ɓ ɤ: ˧ ]_w
[_w t̪ aː ˧ t̪ ]_w
[_w ɗ ɯ ˧˥ ŋ ]_w
[_w k ɔ ˧˥ˀ j ]_w
[_w t̪ aː ˧˩˧ ŋ ]_w
[_w ŋ ɯɤ ˧˩˧ ˧ ]_w
[_w v u ˧˥ ]_w
[_w x aː ˨˩ˀ t̪ ]_w
[_w s m s ]_w
[_w s e ˨˩ˀ t̪ ]_w
[_w ɣ ɤ: ˧˥ˀ ]_w
[_w t̪ ɤ ˧ j ]_w
[_w ɗ e ˧ m ]_w
[_w s i ˧ s ]_w
[_w v i ˧˥ m ]_w
[_w z o ˧˥ˀ ]_w
[_w ɣ o ˨˩ˀ j ]_w
[_w k o ˨˩ˀ j ]_w
[_w k w i ˧˥ˀ ]_w
[_w l a ˨˩ˀ n̪ ]_w
[_w ɲ i ˨˩ˀ n̪ ]_w
[_w k u ˧ p ]_w
[_w l u ˨˩ j ]_w
[_w f ɔ ˧˥ˀ ]_w
[_w ɣ aː ˧ n̪ ]_w
[_w f o ˧˥ˀ ]_w
[_w z v z ]_w
[_w t̪ aː ˨˩ ]_w
[_w t̪ i ˧˩˧ ŋ ]_w
[_w t̪ʰ ɤ: ˨˩ j ]_w
[_w aː ˧˥ m ]_w
[_w s aː ˨˩ˀ k ]_w
[_w v ɤ: ˧ ]_w
[_w ɗ ɤ: ˨˩ˀ j ]_w
[_w z s aː ˧ ]_w
[_w m ɔ ˧˥ ŋ ]_w
[_w f u ˧˥ t̪ ]_w
[_w ɓ ɤ: ˧˩˧ j ]_w
[_w ɗ ɤ ˧ m ]_w
[_w u ˧ z ]_w
[_w aː ˧ k ]_w
[_w f i ˧ ]_w
[_w ɓ i ˧˥ k ]_w
[_w tɕ e ˧ ]_w
[_w ɛ ˧ t̪ k ]_w
[_w m aː ˧˩˧ ]_w
[_w z ɤ ˨˩ n̪ ]_w
[_w tɕ e ˧˥ˀ ]_w
[_w m aː ˧ n̪ ]_w
[_w ɓ o ˧˥ t̪ ]_w
[_w z ɯɤ ˨˩ˀ ˧ ]_w
[_w v o ˨˩ˀ j ]_w
[_w f ɔ ˨˩ ŋ ]_w
[_w tɕ ɤ ˧˥ t̪ ]_w
[_w h ɤ: ˨˩ n̪ ]_w
[_w i ˧˥ t̪ ]_w
[_w ɗ a ˧˩˧ ŋ ]_w
[_w ɓ ɤ ˨˩ˀ k ]_w
[_w ŋ ɤ ˧˥ m ]_w
[_w s ɛ ˧˥ˀ ]_w
[_w t̪ ɛ ˧ n̪ ]_w
[_w v ɔ ˧˥ˀ ]_w
[_w ɣ o ˧˩˧ ŋ ]_w
[_w tɕ u ˨˩ ]_w
[_w ɗ aː ˧ m ]_w
[_w l ɔ ˨˩ˀ t̪ ]_w
[_w ɓ e ˧˥ n̪ ]_w
[_w ɔ ˧ p ]_w
[_w t̪ʰ ɛ ˧ m ]_w
[_w z ɤ: ˨˩ˀ n̪ ]_w
[_w aː ˧˥ k ]_w
[_w ɓ ɯ ˧ ŋ ]_w
[_w f a ˧˥ t̪ ]_w
[_w ɗ ɤ: ˧ n̪ ]_w
[_w s ɛ ˨˩ ]_w
[_w s aː ˧˥ k ]_w
[_w f o ˧˩˧ ]_w
[_w z ɯ ˧˥ k ]_w
[_w s uo ˧ ˧ ]_w
[_w t̪ʰ ɤ ˨˩ˀ t̪ ]_w
[_w f e ˧˥ t̪ ]_w
[_w f aː ˧ j ]_w
[_w k aː ˨˩ j ]_w
[_w tɕ ɤ ˨˩ˀ m ]_w
[_w m ɤ ˧˥ˀ n̪ ]_w
[_w s ɯ ˧˥ ŋ ]_w
[_w ɗ o ˨˩ j ]_w
[_w l u ˨˩ˀ t̪ ]_w
[_w n̪ o ˧˥ˀ j ]_w
[_w s ɔ ˧˥ˀ ]_w
[_w s o ˧ ŋ ]_w
[_w m u ˧˥ˀ j ]_w
[_w ŋ u ˨˩ˀ k ]_w
[_w m ɔ ˧ j ]_w
[_w z ɯɤ ˧˥ ˧ ]_w
[_w aː ˧ n̪ z ]_w
[_w p aː ˧ s ]_w
[_w l u ˧˥ k ]_w
[_w u ˧ s ]_w
[_w n̪ aː ˨˩ˀ p ]_w
[_w s u ˧˥ k ]_w
[_w l ɯ ˨˩ˀ k ]_w
[_w v ɤ: ˨˩ j ]_w
[_w l ɔ ˧ p ]_w
[_w ŋ ɤ ˨˩ˀ m ]_w
[_w z a ˧˥ m ]_w
[_w s ɯɤ ˧˥ˀ ˧ ]_w
[_w n̪ o ˧˥ˀ ]_w
[_w t̪ u ˨˩ ŋ ]_w
[_w m ɯ ˨˩ˀ k ]_w
[_w ɤ ˧˥ u ˧ ]_w
[_w ŋ ɔ ˧ j ]_w
[_w k uo ˧ ˧ ]_w
[_w z v ɣ ]_w
[_w ɗ ɤ: ˧˥ n̪ ]_w
[_w t̪ o ˨˩ j ]_w
[_w ɓ ɤ: ˨˩ ]_w
[_w s ɤ ˨˩ˀ n̪ ]_w
[_w ɓ ɔ ˧˩˧ ]_w
[_w x aː ˧˥ j ]_w
[_w tɕ u ˨˩ m ]_w
[_w ɗ e ˨˩ˀ m ]_w
[_w ɓ ɛ ˧ w ]_w
[_w ŋ ɔ ˨˩ˀ k ]_w
[_w ɲ ɤ ˧˥ˀ n̪ ]_w
[_w f e ˨˩ˀ ]_w
[_w h ɛ ˨˩ˀ p ]_w
[_w ŋ ɔ ˧˥ˀ ]_w
[_w ɓ ɔ ˨˩ˀ t̪ ]_w
[_w tɕ ɤ ˧˥ m ]_w
[_w v o ˧˥ j ]_w
[_w z ɤ ˧˥ˀ n̪ ]_w
[_w f ɯ ˨˩ˀ ŋ ]_w
[_w i ˧ ɓ m ]_w
[_w z ɛ ˧ s ]_w
[_w t̪ʰ ɛ ˧ ]_w
[_w ɓ aː ˧˥ t̪ ]_w
[_w s ɤ ˧ j ]_w
[_w m i ˨˩ n̪ ]_w
[_w z u ˧˩˧ ]_w
[_w ŋ ɔ ˧˥ n̪ ]_w
[_w t̪ʰ a ˧˥ t̪ ]_w
[_w ɣ aː ˧ w ]_w
[_w l ɤ: ˧˥ˀ ]_w
[_w h ɤ: ˧ n̪ ]_w
[_w z ɔ ˧˥ p ]_w
[_w v ɔ ˧˩˧ ŋ ]_w
[_w f a ˧˩˧ ŋ ]_w
[_w z u ˧ n̪ ]_w
[_w m o ˨˩ ŋ ]_w
[_w k ɯ ˧˥ ]_w
[_w t̪ ɔ ˨˩ ]_w
[_w ɲ a ˧˥ n̪ ]_w
[_w ɣ ɯ ˧˩˧ ]_w
[_w t̪ʰ i ˧˥ ŋ ]_w
[_w ɣ ɤ ˧ j ]_w
[_w aː ˧˥ p ]_w
[_w ɗ k z ]_w
[_w tɕ e ˧ n̪ ]_w
[_w z ɤ ˨˩ˀ n̪ ]_w
[_w aː ˧˩˧ ɔ ˧ ]_w
[_w s ɯɤ ˨˩ˀ ˧ ]_w
[_w aː ˧˥ n̪ ]_w
[_w ɓ aː ˨˩ˀ t̪ ]_w
[_w n̪ ɔ ˨˩ˀ ]_w
[_w s ɔ ˧ n̪ ]_w
[_w z u ˨˩ m ]_w
[_w ɗ i ˧˥ k ]_w
[_w i ˧˥ k ]_w
[_w s ɤ ˨˩ n̪ ]_w
[_w f i ˧ z ]_w
[_w k o ˨˩ˀ t̪ ]_w
[_w tɕ i ˧ p ]_w
[_w s o ˧˥ k ]_w
[_w k aː ˧ m ]_w
[_w z u ˧ p ]_w
[_w ɣ ɤ ˨˩ n̪ ]_w
[_w v ɯ ˧˥ˀ ŋ ]_w
[_w ɔ ˧ s k ]_w
[_w v aː ˧ ŋ ]_w
[_w s ɔ ˧˥ m ]_w
[_w h ɔ ˧˩˧ j ]_w
[_w z aː ˧˩˧ ŋ ]_w
[_w ŋ ɔ ˨˩ˀ t̪ ]_w
[_w f ɤ ˧˥ n̪ ]_w
[_w ɗ ie ˧˥ˀ ˧ ]_w
[_w t̪ʰ u ˨˩ ]_w
[_w s aː ˨˩ˀ j ]_w
[_w ɛ ˧ t̪ ]_w
[_w z ɔ ˧˥ ŋ ]_w
[_w ɗ e ˧˥ ]_w
[_w f u ˨˩ˀ ŋ ]_w
[_w h ɔ ˨˩ ]_w
[_w s aː ˧ p ]_w
[_w ŋ ɔ ˧ n̪ ]_w
[_w s ɔ ˨˩ˀ t̪ ]_w
[_w ɗ o ˧ n̪ ]_w
[_w ɲ o ˧˩˧ ]_w
[_w f aː ˧ p ]_w
[_w h aː ˧˩˧ ]_w
[_w ŋ ɯ ˧˥ˀ ]_w
[_w m a ˨˩ˀ k ]_w
[_w s ɤ: ˧˥ t̪ ]_w
[_w t̪ʰ a ˧˩˧ m ]_w
[_w f o ˧˥ j ]_w
[_w h o ˨˩ ]_w
[_w s u ˨˩ˀ ŋ ]_w
[_w ɣ o ˧ n̪ ]_w
[_w s ɯ ˨˩ ŋ ]_w
[_w f aː ˨˩ j ]_w
[_w ɓ aː ˨˩ˀ j ]_w
[_w h aː ˧˥ j ]_w
[_w ɣ i ˧˥ k ]_w
[_w ŋ ɔ ˨˩ˀ n̪ ]_w
[_w z ɔ ˨˩ˀ k ]_w
[_w x ɔ ˧˥ p ]_w
[_w z u ˧˥ j ]_w
[_w uo ˧ ˧˥ ŋ ]_w
[_w f ɤ ˧˥ t̪ ]_w
[_w ɣ z ɔ ˧ ]_w
[_w aː ˧˥ j ]_w
[_w ɣ ɤ: ˨˩ ]_w
[_w tɕ ɔ ˧˥ k ]_w
[_w ɲ ɯ ˨˩ˀ t̪ ]_w
[_w ɗ ɔ ˧˩˧ ]_w
[_w ŋ ɯ ˧ ŋ ]_w
[_w t̪ʰ o ˧˩˧ j ]_w
[_w n̪ ɛ ˧ t̪ ]_w
[_w f e ˧ ]_w
[_w k ɤ: ˨˩ ]_w
[_w ɲ a ˧˥ m ]_w
[_w ɓ ɤ: ˧ m ]_w
[_w s u ˨˩ m ]_w
[_w m aː ˨˩ˀ j ]_w
[_w tɕ ɤ: ˨˩ ]_w
[_w ɗ e ˨˩ n̪ ]_w
[_w s a ˨˩ ŋ ]_w
[_w t̪ u ˧˥ k ]_w
[_w m ɤ ˨˩ m ]_w
[_w s u ˧ p ]_w
[_w ɓ u ˨˩ j ]_w
[_w s a ˧ ŋ ]_w
[_w ɗ ɔ ˨˩ n̪ ]_w
[_w v aː ˨˩ˀ t̪ ]_w
[_w m aː ˧ w ]_w
[_w v ɤ ˧˩˧ m ]_w
[_w z ɤ ˨˩ m ]_w
[_w z a ˧˥ t̪ ]_w
[_w t̪ ɣ v ]_w
[_w ɣ ɛ ˧ ]_w
[_w ɓ ɤ ˨˩ j ]_w
[_w ɲ aː ˧˥ ŋ ]_w
[_w ɗ a ˨˩ˀ n̪ ]_w
[_w f aː ˧˥ ŋ ]_w
[_w t̪ aː ˨˩ˀ p ]_w
[_w s ɤ: ˧˩˧ ]_w
[_w s ɔ ˨˩ ]_w
[_w t̪ ɔ ˧ p ]_w
[_w ɲ ɤ ˨˩ m ]_w
[_w t̪ ɔ ˧ t̪ ]_w
[_w s ɯ ˧˥ k ]_w
[_w h ɯɤ ˧˥ ˧ ]_w
[_w ɓ aː ˧˩˧ j ]_w
[_w ɓ u ˨˩ ŋ ]_w
[_w x ɔ ˧ s ]_w
[_w v u ˧˥ k ]_w
[_w z ɛ ˧˥ˀ ]_w
[_w f ɤ ˨˩ˀ t̪ ]_w
[_w s u ˧ ŋ ]_w
[_w t̪ʰ e ˧˥ ]_w
[_w ɓ e ˨˩ n̪ ]_w
[_w m u ˨˩ ]_w
[_w l ɔ ˧ z ]_w
[_w t̪ ɤ ˨˩ˀ p ]_w
[_w v aː ˨˩ˀ m ]_w
[_w v ɔ ˧ ŋ ]_w
[_w ŋ ɔ ˧˥ ]_w
[_w ŋ ɤ: ˧˥ ]_w
[_w m o ˨˩ ]_w
[_w h o ˧ n̪ ]_w
[_w u ˧˥ k ]_w
[_w k i ˨˩ m ]_w
[_w s e ˧˥ ]_w
[_w k u ˧˩˧ ]_w
[_w k e ˨˩ m ]_w
[_w k o ˧˥ ŋ ]_w
[_w f ɤ: ˨˩ˀ t̪ ]_w
[_w h ɤ ˧ m ]_w
[_w ɗ a ˧˥ p ]_w
[_w m o ˨˩ˀ ]_w
[_w ɣ o ˧˥ n̪ ]_w
[_w m aː ˨˩ n̪ ]_w
[_w s s i ˧ ]_w
[_w h o ˧˥ ]_w
[_w m aː ˧ t̪ ]_w
[_w k ɛ ˧˥ p ]_w
[_w t̪ a ˧ ŋ ]_w
[_w u ˧ z ɓ ]_w
[_w tɕ o ˨˩ˀ m ]_w
[_w z aː ˨˩ˀ j ]_w
[_w x a ˧˩˧ ŋ ]_w
[_w tɕ ɔ ˧˥ ]_w
[_w h aː ˨˩ˀ n̪ ]_w
[_w s o ˧˥ p ]_w
[_w z e ˧ ]_w
[_w ŋ e ˧ ŋ ]_w
[_w ɗ u ˧˩˧ ]_w
[_w ɲ ɤ: ˧˩˧ ]_w
[_w x aː ˧˩˧ j ]_w
[_w v aː ˧˥ n̪ ]_w
[_w z e ˧˥ˀ ]_w
[_w m uo ˧˥ ˧ ]_w
[_w ɗ o ˨˩ˀ k ]_w
[_w ɓ aː ˧˥ j ]_w
[_w f aː ˧˩˧ ]_w
[_w k u ˧˥ ]_w
[_w z ɤ ˧˥ n̪ ]_w
[_w ɓ ɔ ˨˩ˀ k ]_w
[_w m ɯ ˧˥ t̪ ]_w
[_w ɲ ɔ ˧˩˧ ]_w
[_w i ˧ s ]_w
[_w z o ˨˩ˀ ]_w
[_w m ɤ ˨˩ˀ p ]_w
[_w t̪ i ˧˥ ŋ ]_w
[_w ɗ ɔ ˧ ]_w
[_w z aː ˨˩ˀ k ]_w
[_w h i ˧˥ ]_w
[_w f i ˧ ŋ ]_w
[_w k aː ˧ s ]_w
[_w z o ˨˩ˀ ŋ ]_w
[_w h ɔ ˧ p ]_w
[_w ɓ o ˨˩ n̪ ]_w
[_w ɗ uo ˧˥ˀ ˧ ]_w
[_w t̪ʰ ɤ: ˧˩˧ ]_w
[_w s o ˧˥ j ]_w
[_w ŋ i ˨˩ˀ k ]_w
[_w ɲ ɯ ˧˥ t̪ ]_w
[_w ŋ ɤ ˧˥ˀ m ]_w
[_w l ɔ ˨˩ˀ k ]_w
[_w h ɤ: ˧˩˧ ]_w
[_w x o ˧˥ n̪ ]_w
[_w m o ˧˥ k ]_w
[_w h o ˧˥ j ]_w
[_w s a ˧ m ]_w
[_w ɗ ɤ: ˧˥ˀ ]_w
[_w ŋ ɔ ˧˩˧ ]_w
[_w x a ˧˥ t̪ ]_w
[_w k a ˧˥ p ]_w
[_w tɕ a ˨˩ˀ ŋ ]_w
[_w x aː ˧˥ˀ j ]_w
[_w k i ˨˩ˀ p ]_w
[_w m i ˨˩ ]_w
[_w x ɤ ˨˩ˀ j ]_w
[_w tɕ o ˧˥ˀ ]_w
[_w z o ˧˥ˀ ŋ ]_w
[_w x ɤ ˧ j ]_w
[_w t̪ʰ ɔ ˨˩ j ]_w
[_w z u ˧˥ ŋ ]_w
[_w z u ˨˩ˀ ]_w
[_w ɗ i ˨˩ˀ k ]_w
[_w ɣ ɔ ˧˥ p ]_w
[_w s ɤ ˧˥ p ]_w
[_w n̪ a ˧˥ˀ ŋ ]_w
[_w v i ˨˩ˀ ŋ ]_w
[_w m ɤ ˧˥ t̪ ]_w
[_w x a ˧˥ p ]_w
[_w f aː ˧˥ˀ n̪ ]_w
[_w ɣ aː ˧ k ]_w
[_w ɲ ɯɤ ˨˩ˀ ˧ ]_w
[_w ɗ a ˨˩ˀ ŋ ]_w
[_w n̪ ɤ: ˧˩˧ ]_w
[_w v ɛ ˧˩˧ ]_w
[_w ɲ a ˧ n̪ ]_w
[_w f a ˧ n̪ ]_w
[_w v u ˧ n̪ ]_w
[_w x ɤ ˧˥ p ]_w
[_w x ɤ: ˧˥ˀ ]_w
[_w ŋ aː ˧˥ n̪ ]_w
[_w tɕ ɔ ˧ n̪ ]_w
[_w l ɔ ˧ j ]_w
[_w l ɔ ˧˥ t̪ ]_w
[_w s aː ˨˩ˀ ]_w
[_w ɣ o ˨˩ m ]_w
[_w k uo ˧ ˧˩˧ ]_w
[_w s a ˧˥ n̪ ]_w
[_w i ˧ z ]_w
[_w ɓ u ˨˩ ]_w
[_w s u ˧˥ˀ ŋ ]_w
[_w t̪ o ˧ ]_w
[_w tɕ a ˨˩ˀ t̪ ]_w
[_w x ɤ ˧˩˧ n̪ ]_w
[_w n̪ ɤ ˧˥ j ]_w
[_w n̪ u ˨˩ˀ ]_w
[_w ɣ a ˧˩˧ ŋ ]_w
[_w v n̪ z ]_w
[_w ɲ u ˧˥ˀ ŋ ]_w
[_w s s z ]_w
[_w k aː ˧˥ p ]_w
[_w x i ˨˩ n̪ ]_w
[_w v ɯ ˧˥ t̪ ]_w
[_w z i ˧˥ ]_w
[_w z t̪ aː ˧ ]_w
[_w k w k ]_w
[_w s ɯɤ ˨˩ ˧ ]_w
[_w m aː ˨˩ˀ n̪ ]_w
[_w m ɤ: ˨˩ ]_w
[_w x ɯ ˨˩ ŋ ]_w
[_w k ɛ ˨˩ˀ p ]_w
[_w n̪ ɛ ˧˥ m ]_w
[_w o ˧ n̪ ]_w
[_w h i ˧˥ t̪ ]_w
[_w x ɤ ˨˩ n̪ ]_w
[_w f aː ˧˥ n̪ ]_w
[_w t̪ aː ˧˥ m ]_w
[_w z aː ˧˥ p ]_w
[_w x ɛ ˧˥ t̪ ]_w
[_w l ɤ ˧ n̪ ]_w
[_w n̪ ɛ ˨˩ ]_w
[_w t̪ e ˨˩ˀ ]_w
[_w f i ˨˩ ]_w
[_w h aː ˧ w ]_w
[_w m e ˧ ŋ ]_w
[_w ɗ o ˨˩ n̪ ]_w
[_w v ɛ ˧˥ ]_w
[_w ɤ ˨˩ m ]_w
[_w z o ˧˥ j ]_w
[_w v i ˧ m ]_w
[_w z u ˨˩ˀ p ]_w
[_w f o ˧˥ n̪ ]_w
[_w ɣ z ɗ t̪ ]_w
[_w ɗ e ˧ ]_w
[_w f a ˧˥ ŋ ]_w
[_w l aː ˨˩ ]_w
[_w z z l ]_w
[_w t̪ʰ u ˧˥ k ]_w
[_w l o ˧ j ]_w
[_w f ɤ: ˨˩ j ]_w
[_w l aː ˨˩ˀ ŋ ]_w
[_w s ɔ ˧ j ]_w
[_w s ɤ ˧˥ j ]_w
[_w ɓ ɤ ˨˩ˀ j ]_w
[_w ɗ aː ˧˩˧ ]_w
[_w t̪ o ˧ m ]_w
[_w z aː ˧ s ]_w
[_w t̪ʰ e ˨˩ ]_w
[_w z ɤ: ˧˥ t̪ ]_w
[_w s aː ˨˩ˀ p ]_w
[_w ŋ o ˨˩ˀ t̪ ]_w
[_w m o ˧˩˧ ]_w
[_w k o ˧˥ k ]_w
[_w s ɛ ˧˥ ]_w
[_w z i ˨˩ˀ p ]_w
[_w v aː ˧ w ]_w
[_w n̪ ɛ ˧ n̪ ]_w
[_w z o ˧ n̪ ]_w
[_w s i ˧ n̪ ]_w
[_w n̪ ɯ ˧˥ t̪ ]_w
[_w t̪ ɤ ˧˥ m ]_w
[_w ɣ a ˧˥ t̪ ]_w
[_w v o ˧˩˧ ]_w
[_w l a ˧˥ k ]_w
[_w tɕ a ˧˥ n̪ ]_w
[_w v u ˧ k ]_w
[_w x ɤ: ˨˩ ]_w
[_w s a ˨˩ˀ t̪ ]_w
[_w h a ˧ m ]_w
[_w f i ˨˩ˀ ŋ ]_w
[_w ŋ ɤ ˧ j ]_w
[_w z o ˨˩ˀ n̪ ]_w
[_w t̪ʰ u ˧ j ]_w
[_w ɣ o ˧ ]_w
[_w s i ˧˥ k ]_w
[_w f ɯ ˨˩ˀ k ]_w
[_w s o ˧˥ ]_w
[_w ɓ aː ˧ t̪ ]_w
[_w s ɔ ˨˩ˀ ŋ ]_w
[_w h i ˧ f ]_w
[_w s i ˨˩ ]_w
[_w ɣ u ˧ ]_w
[_w l ɛ ˧˥ n̪ ]_w
[_w n̪ o ˨˩ˀ p ]_w
[_w v e ˧ ]_w
[_w s ɤ: ˧˥ˀ ]_w
[_w t̪ʰ i ˧ k ]_w
[_w ɲ aː ˧˥ j ]_w
[_w ɓ ɔ ˧˩˧ ŋ ]_w
[_w ɣ ɤ ˨˩ j ]_w
[_w ɗ o ˨˩ ŋ ]_w
[_w x aː ˧ ŋ ]_w
[_w k u ˧ ]_w
[_w x ɔ ˧ j ]_w
[_w s ɛ ˧ w ]_w
[_w f i ˧˩˧ ]_w
[_w ɓ ɯ ˨˩ˀ k ]_w
[_w x ɤ: ˧ j ]_w
[_w tɕ u ˧ j ]_w
[_w l ɯɤ ˧˥ ˧ ]_w
[_w aː ˧ t̪ ]_w
[_w z ɤ ˨˩ˀ t̪ ]_w
[_w k a ˨˩ˀ n̪ ]_w
[_w tɕ ɛ ˧˩˧ ]_w
[_w k ɔ ˨˩ˀ ŋ ]_w
[_w k aː ˧˥ t̪ ]_w
[_w k a ˧˥ n̪ ]_w
[_w ŋ ɔ ˧ k ]_w
[_w k ɤ ˧˥ m ]_w
[_w tɕ aː ˧˥ ]_w
[_w f ɤ: ˧˥ ]_w
[_w x ɯ ˧˩˧ ]_w
[_w x u ˧˥ˀ j ]_w
[_w h z z ]_w
[_w t̪ aː ˧˥ k ]_w
[_w n̪ ɛ ˧˥ t̪ ]_w
[_w z aː ˧˥ˀ n̪ ]_w
[_w o ˧˩˧ ŋ ]_w
[_w tɕ a ˧˩˧ ŋ ]_w
[_w ɣ ɔ ˧˩˧ j ]_w
[_w ɣ ɔ ˧˥ t̪ ]_w
[_w z ɯ ˨˩ˀ ŋ ]_w
[_w s ɔ ˧˥ ]_w
[_w ɣ ɤ: ˧ j ]_w
[_w t̪ʰ ɔ ˧ ŋ ]_w
[_w s ɔ ˨˩ˀ n̪ ]_w
[_w k ɛ ˨˩ˀ t̪ ]_w
[_w k ɯ ˧ ŋ ]_w
[_w s aː ˨˩ˀ ŋ ]_w
[_w ɓ o ˧˥ k ]_w
[_w f u ˧˩˧ ]_w
[_w a ˧˥ t̪ ]_w
[_w z e ˨˩ˀ t̪ ]_w
[_w v aː ˧˥ ŋ ]_w
[_w l ɔ ˧ ]_w
[_w n̪ ɔ ˧˥ n̪ ]_w
[_w m aː ˨˩ˀ t̪ ]_w
[_w f u ˧˥ k ]_w
[_w v ɤ: ˧˥ t̪ ]_w
[_w v aː ˨˩ m ]_w
[_w l u ˧ ]_w
[_w s ɛ ˨˩ n̪ ]_w
[_w tɕ i ˧ m ]_w
[_w z ɔ ˨˩ˀ ŋ ]_w
[_w v aː ˧˥ˀ ]_w
[_w s ɛ ˧˥ p ]_w
[_w x w ɛ ˧ ]_w
[_w ŋ ɔ ˧ ]_w
[_w ɣ ɔ ˧ p ]_w
[_w ɓ aː ˧˥ ]_w
[_w f ɯ ˧˥ k ]_w
[_w ɣ p z ]_w
[_w s ɤ: ˨˩ˀ j ]_w
[_w v o ˧˥ ]_w
[_w ɣ ɔ ˧˥ j ]_w
[_w tɕ aː ˨˩ n̪ ]_w
[_w n̪ a ˨˩ˀ ŋ ]_w
[_w ŋ ɤ: ˧ j ]_w
[_w n̪ u ˧ ]_w
[_w ɣ ɤ ˨˩ˀ t̪ ]_w
[_w z aː ˨˩ˀ p ]_w
[_w ɓ ɤ: ˧ j ]_w
[_w s ɔ ˧˥ t̪ ]_w
[_w n̪ ɤ: ˨˩ˀ ]_w
[_w z aː ˨˩ˀ ŋ ]_w
[_w z a ˧ m ]_w
[_w ɗ aː ˧˥ˀ j ]_w
[_w t̪ ɛ ˧ ]_w
[_w ɣ i ˨˩ n̪ ]_w
[_w t̪ a ˧˥ t̪ ]_w
[_w x aː ˧˥ m ]_w
[_w ɲ a ˨˩ˀ t̪ ]_w
[_w s ɔ ˨˩ˀ k ]_w
[_w f o ˧ ]_w
[_w l a ˨˩ˀ ŋ ]_w
[_w m ɛ ˧ s ]_w
[_w ɣ ɤ ˨˩ˀ j ]_w
[_w ɓ ɔ ˧˥ ]_w
[_w t̪ʰ ɔ ˧˥ j ]_w
[_w s o ˨˩ˀ n̪ ]_w
[_w x e ˧˥ ]_w
[_w s i ˧˥ t̪ ]_w
[_w u ˧ ŋ ]_w
[_w x ɤ ˨˩ˀ t̪ ]_w
[_w s i ˧˥ ŋ ]_w
[_w s ɤ: ˨˩ j ]_w
[_w f ɤ: ˧ j ]_w
[_w s ɔ ˨˩ n̪ ]_w
[_w v e ˨˩ˀ ]_w
[_w s o ˨˩ n̪ ]_w
[_w t̪ ɯɤ ˨˩ˀ ˧ ]_w
[_w n̪ u ˧˥ t̪ ]_w
[_w tɕ o ˧˥ j ]_w
[_w v ɤ: ˨˩ˀ ]_w
[_w s u ˧˥ t̪ ]_w
[_w f ɤ ˧˥ p ]_w
[_w f ɔ ˧˩˧ ŋ ]_w
[_w ɣ ɛ ˧˥ ]_w
[_w f ɛ ˧˥ t̪ ]_w
[_w ɣ ɤ ˧˩˧ n̪ ]_w
[_w s tɕ ɛ ˧ ]_w
[_w ɣ a ˧ n̪ ]_w
[_w ɣ ɔ ˧˥ˀ ]_w
[_w ɣ ɔ ˨˩ n̪ ]_w
[_w z a ˧˥ p ]_w
[_w ɓ e ˧ ]_w
[_w s i ˨˩ˀ p ]_w
[_w k ɛ ˧ m ]_w
[_w l o ˨˩ ]_w
[_w k e ˧ ]_w
[_w ɣ aː ˧˩˧ ]_w
[_w f ɤ: ˧ ]_w
[_w z ɔ ˨˩ˀ t̪ ]_w
[_w t̪ʰ a ˧˥ k ]_w
[_w t̪ ɤ ˧ n̪ ]_w
[_w ɗ a ˧˥ t̪ ]_w
[_w x a ˨˩ˀ t̪ ]_w
[_w ɣ ɯ ˨˩ ŋ ]_w
[_w ie ˧ ˧˩˧ m ]_w
[_w s aː ˧˥ˀ j ]_w
[_w k ɤ ˧˥ t̪ ]_w
[_w f ɔ ˨˩ j ]_w
[_w s ɤ ˧˥ˀ n̪ ]_w
[_w tɕ i ˧˩˧ ŋ ]_w
[_w ɓ ie ˨˩ˀ ˧ ]_w
[_w s s ɔ ˧ ]_w
[_w k ɤ: ˧˩˧ j ]_w
[_w s o ˧˥ˀ ŋ ]_w
[_w f i ˧ s ]_w
[_w s a ˧˥ k ]_w
[_w ɛ ˧ w ]_w
[_w s o ˧˩˧ ]_w
[_w z i ˧˥ t̪ ]_w
[_w n̪ a ˨˩ˀ n̪ ]_w
[_w z i ˧ z ]_w
[_w m a ˨˩ˀ n̪ ]_w
[_w n̪ e ˧˩˧ ]_w
[_w ɣ o ˧ j ]_w
[_w u ˧˥ t̪ ]_w
[_w s ɣ t̪ ]_w
[_w ŋ i ˨˩ n̪ ]_w
[_w s ɤ ˨˩ˀ j ]_w
[_w s aː ˨˩ n̪ ]_w
[_w f ɤ: ˧˥ˀ ]_w
[_w ɔ ˧ n̪ ]_w
[_w v ɔ ˨˩ˀ t̪ ]_w
[_w v ɤ: ˧˥ˀ ]_w
[_w ɲ i ˨˩ˀ p ]_w
[_w x o ˨˩ˀ j ]_w
[_w s i ˧ m ]_w
[_w x aː ˧ w ]_w
[_w t̪ e ˧ m ]_w
[_w ɓ ɔ ˧˥ k ]_w
[_w f ie ˧˩˧ ˧ ]_w
[_w ŋ ɤ ˨˩ˀ p ]_w
[_w m ɛ ˧ z ]_w
[_w f o ˨˩ n̪ ]_w
[_w ɓ aː ˧˥ˀ j ]_w
[_w z ɔ ˧˥ ]_w
[_w ɓ u ˨˩ n̪ ]_w
[_w z o ˧˥ˀ j ]_w
[_w s aː ˧ z ]_w
[_w x ɤ ˧ m ]_w
[_w ɣ u ˧ ŋ ]_w
[_w ɣ ɔ ˧ z ]_w
[_w ɣ o ˧˥ k ]_w
[_w ɣ a ˧˥ p ]_w
[_w k u ˨˩ m ]_w
[_w t̪ ɛ ˧ l ]_w
[_w z aː ˧ p ]_w
[_w z ɔ ˧˥ˀ j ]_w
[_w v aː ˨˩ n̪ ]_w
[_w m e ˨˩ˀ t̪ ]_w
[_w s u ˨˩ˀ p ]_w
[_w s z l ]_w
[_w k u ˧˥ ŋ ]_w
[_w f ie ˧˥ ˧ ]_w
[_w f ɔ ˨˩ˀ t̪ ]_w
[_w z a ˨˩ˀ m ]_w
[_w s ɔ ˧˥ˀ j ]_w
[_w n̪ o ˧ n̪ ]_w
[_w v aː ˨˩ˀ k ]_w
[_w h ɛ ˧ t̪ ]_w
[_w ɣ aː ˧˥ˀ j ]_w
[_w l k z ]_w
[_w n̪ e ˨˩ ]_w
[_w h z s ]_w
[_w s s s ]_w
[_w s ɤ ˧˥ t̪ ]_w
[_w s u ˨˩ˀ ]_w
[_w s u ˧˩˧ j ]_w
[_w x ɯ ˧˥ ]_w
[_w ɣ e ˧ ]_w
[_w z z u ˧ ]_w
[_w n̪ ɔ ˨˩ ŋ ]_w
[_w f u ˨˩ j ]_w
[_w f aː ˧˥ j ]_w
[_w f ɔ ˧˥ k ]_w
[_w s u ˧˥ˀ ]_w
[_w n̪ aː ˧˥ t̪ ]_w
[_w f aː ˧˩˧ n̪ ]_w
[_w z ɯ ˧˥ ŋ ]_w
[_w s z aː ˧ ]_w
[_w x ɔ ˧˥ˀ ]_w
[_w l o ˧ ŋ ]_w
[_w z ɤ ˨˩ˀ j ]_w
[_w k a ˧ m ]_w
[_w s ɯ ˨˩ˀ ŋ ]_w
[_w s uo ˧˩˧ ˧ ]_w
[_w ɣ p s ]_w
[_w t̪ u ˨˩ˀ t̪ ]_w
[_w f ɤ ˧ j ]_w
[_w s ɛ ˧˥ k ]_w
[_w z o ˨˩ n̪ ]_w
[_w o ˧˥ k ]_w
[_w s a ˧˥ m ]_w
[_w ɔ ˧ l s ]_w
[_w s v z ]_w
[_w o ˧˥ p ]_w
[_w ɣ ɤ: ˨˩ˀ j ]_w
[_w s i ˧˥ ]_w
[_w s ɯ ˨˩ˀ k ]_w
[_w ɣ m t̪ ]_w
[_w s ɔ ˧˥ p ]_w
[_w v i ˧ p ]_w
[_w v i ˧˩˧ ]_w
[_w ɗ ɤ ˨˩ˀ m ]_w
[_w t̪ a ˧˥ k ]_w
[_w v ɯ ˨˩ˀ k ]_w
[_w v ɛ ˨˩ˀ n̪ ]_w
[_w f ɛ ˧˩˧ ]_w
[_w f e ˧˥ ]_w
[_w l u ˧ ŋ ]_w
[_w s o ˧ j ]_w
[_w f ɛ ˧˥ ]_w
[_w v e ˧˥ t̪ ]_w
[_w x ɤ: ˧˥ p ]_w
[_w x ɔ ˧ z ]_w
[_w ɲ aː ˧ k ]_w
[_w ɣ ɔ ˧ s ]_w
[_w s z z ]_w
[_w t̪ u ˧ k ]_w
[_w s s ɛ ˧ ]_w
[_w x aː ˧ p ]_w
[_w s a ˨˩ˀ m ]_w
[_w z z ɔ ˧ ]_w
[_w s ɯ ˧˥ t̪ ]_w
[_w s s u ˧ ]_w
[_w s ɤ ˧˥ n̪ ]_w
[_w z s ɛ ˧ ]_w
[_w z i ˨˩ˀ ]_w
[_w i ˧ f ]_w
[_w x aː ˧˥ t̪ ]_w
[_w f i ˧ p ]_w
[_w p s ɔ ˧ ]_w
[_w s o ˨˩ˀ ŋ ]_w
[_w f aː ˨˩ˀ k ]_w
[_w ɣ ɔ ˨˩ˀ n̪ ]_w
[_w z s u ˧ ]_w
[_w x ɔ ˧ k ]_w
[_w z s i ˧ ]_w
[_w ɣ z p ]_w
[_w z ɤ ˧˩˧ j ]_w
[_w s ɤ: ˧˥ m ]_w
[_w s ɤ: ˧ j ]_w
[_w ɣ aː ˧˥ t̪ ]_w
[_w tɕ ɔ ˧˥ ŋ ]_w
[_w s z ɛ ˧ ]_w
[_w s z u ˧ ]_w
[_w s u ˧˥ j ]_w
[_w f ɤ: ˧˥ t̪ ]_w
[_w u ˧ z s ]_w
[_w s aː ˧˥ˀ n̪ ]_w
[_w ɣ ɔ ˧ k ]_w
[_w s i ˧ z ]_w
[_w f aː ˨˩ m ]_w
[_w ɣ ɛ ˧˥ t̪ ]_w
[_w ɣ ɤ ˧ m ]_w
[_w ɣ p s s ]_w
[_w s z i ˧ ]_w
[_w ɣ ɤ: ˧˥ p ]_w
[_w ɣ s ɔ ˧ ]_w
[_w z i ˧ s ]_w
[_w s z ɔ ˧ ]_w
[_w u ˧ s z ]_w
[_w z s z ]_w
[_w ɣ p s z ]_w
[_w s z s ]_w
