[_w tʃ ɑ ɡ n ɛ m ]_w
[_w f i s o ɲ ]_w
[_w m ɛ ɡ i n d i ]_w
[_w eː pː ɛ n ]_w
[_w h ɑ l o tː ɑ k ]_w
[_w d aː r ʃ ]_w
[_w oː r aː j ɑ ]_w
[_w ɑ m i n d ø sː ɛ ]_w
[_w j aː n o ʃ ]_w
[_w h aː t h ɑ ]_w
[_w ɡ o z m i k u ʃ ]_w
[_w ɟ i l k o ʃ ]_w
[_w j oː d ]_w
[_w eː r i n t ]_w
[_w l aː t u n k ]_w
[_w t i t k o ʃ ]_w
[_w t i d k o ʃ ]_w
[_w ʃ r aː ts ]_w
[_w s ɛ r ɛ ]_w
[_w n ɛ ɡ ɑ r ]_w
[_w s eː p ]_w
[_w k ɛ lː ɛ m ]_w
[_w ɑ l ɑ p j ɑ ]_w
[_w v aː r o ʃ o k ]_w
[_w k ɛ l ɛ t ]_w
[_w t i t k ɑ ]_w
[_w d u d aː ʃ ]_w
[_w b i ɑ ts i ]_w
[_w h ɑ tʃ ɑ k ]_w
[_w r o p ɛ r ɑ ]_w
[_w j ɛ l ɛ ɡ ]_w
[_w h ɑ t o tː ]_w
[_w h aː z i ]_w
[_w k i ʃ f i uː ]_w
[_w v i t ɑ ]_w
[_w f aː r o ʃ ]_w
[_w l aː tː ɑ ]_w
[_w m i n t ɛ s ]_w
[_w v o ɡ j ɑ ]_w
[_w f o d oː ]_w
[_w l o f ɑ ʃ ]_w
[_w h o ɟ h ɑ ]_w
[_w v ɛ l y k ]_w
[_w f eː ɡ l ɛ k ]_w
[_w s ɛ r f ɛ k ]_w
[_w aː lː u n k ]_w
[_w p ɛ l y l ]_w
[_w s o v t f ɛ r ]_w
[_w t aː m ɑ d t ]_w
[_w f ɛ nː ]_w
[_w l eː p ]_w
[_w m ɛ l ɛ k ]_w
[_w m yː ʃ o r ]_w
[_w k eː t ]_w
[_w v ɑ l ɑ h o ɟ ]_w
[_w eː r t eː ɡ ]_w
[_w o l ɑ j ]_w
[_w h ɛ t ɛ t ]_w
[_w ɛ bː ɛ n ]_w
[_w v ɛ j eː d ]_w
[_w ɑ nː ɑ k ]_w
[_w ɑ l ɑ k i t ]_w
[_w ʃ o ɡ v eː l ɛ ɡ ]_w
[_w n aː l u ɡ ]_w
[_w v ɛ l ɛ l ]_w
[_w m t v ]_w
[_w h o l ]_w
[_w ɑ bː ɑ n ]_w
[_w s ɛ r ɛ l ɛ m ]_w
[_w b o l t o ɡ ɑ n ]_w
[_w k ø z ɛ b eː n ]_w
[_w p ɛ n t ]_w
[_w f i s o ɲ l ɑ k ]_w
[_w t o v aː bː i ]_w
[_w s ɑ v ɑ k ɑ d ]_w
[_w iː r o tː ]_w
[_w s ɛ r ɛ l m ɛ ]_w
[_w t ɑ v i t ]_w
[_w t ø r v eː ɲ ɛ k ]_w
[_w p r i n k ɑ ]_w
[_w k ø z eː ]_w
[_w o ts t o b ɛ r ɑ ]_w
[_w f ɛ z ɛ d i ]_w
[_w k o m o j ɑ n ]_w
[_w ɛ m ɑ i l ]_w
[_w s ɛ m b ɛ r ]_w
[_w i s r ɑ ɛ l ]_w
[_w f i l aː ɡ o n ]_w
[_w h ɑ n k j aː t ]_w
[_w b aː r oː ]_w
[_w iː r t ]_w
[_w j oː n ɑ ɡ ]_w
[_w ɛ r øː t ]_w
[_w i d eː n ]_w
[_w m ɛ k eː r i ]_w
[_w p ɑ r aː t j ɑ ]_w
[_w v i z o ɲ u l t ]_w
[_w ɛ ɟ y tː ɛ ʃ ]_w
[_w s ɛ m eː j ]_w
[_w ɑ k ɑ r o m ]_w
[_w ɛ z ɛ k r ɛ ]_w
[_w k aː r d ]_w
[_w m uː s ɛ u m ]_w
[_w v ɛ nː ]_w
[_w ɛ l ɛ m ]_w
[_w t ɛ tː ]_w
[_w i m r ɛ ]_w
[_w h eː t ɛ n ]_w
[_w f eː ɡ eː t ]_w
[_w k y l v ø l t i ]_w
[_w v i z ]_w
[_w m i n eː l ]_w
[_w m ɛ lː ɛ tː ɛ ]_w
[_w ɡ u t ɑ t n i ]_w
[_w ɛ tː i ɡ i ]_w
[_w ts i kː ɛ ɡ ]_w
[_w k y l ø n ]_w
[_w ɑ u t oː ʒ o k ]_w
[_w ɡ eː t s ɛ r d ]_w
[_w b i ɑ ts ]_w
[_w ɛ u r oː b ɑ i ]_w
[_w n eː s ɛ tː ]_w
[_w k ɛ v ɛ ʃ ɛ n ]_w
[_w u t aː n ɑ ]_w
[_w v eː r f i ]_w
[_w uː t n ɑ ɡ ]_w
[_w ɛ l øː ɲ ɛ ]_w
[_w eː v ɛ k i k ]_w
[_w j o k i ]_w
[_w ɲ ɛ r t ɛ ]_w
[_w m ɛ n j y n k ]_w
[_w eː v b ɛ n ]_w
[_w f o j t o n ]_w
[_w k ø z b ɛ n ]_w
[_w n ɛ v ɛ z n ɛ k ]_w
[_w k ø r b ɛ ]_w
[_w eː ɡ b ɛ n ]_w
[_w aː l t ɑ l ]_w
[_w t eː m ɑ ]_w
[_w v y ɡː øː ɛ n ]_w
[_w l i n u ʃ ]_w
[_w o r s aː ɡ ]_w
[_w t iː z ]_w
[_w b aː r t o k ]_w
[_w m i n d ɛ ]_w
[_w m i k o r ]_w
[_w t ɑ r d o z i ɡ ]_w
[_w b o m b aː ʃ ]_w
[_w ɑ l k o d oː ]_w
[_w m o n d t ɑ ]_w
[_w h ɛ j ]_w
[_w k i v eː t ɛ l ]_w
[_w i r aː ɲ ]_w
[_w m ɛ r t ]_w
[_w i t eː s ɛ t ]_w
[_w ɑ k t iː v ]_w
[_w v ɛ d ɛ dː ɛ k ]_w
[_w j ɛ l ø l t ]_w
[_w f ɛ z ɛ t øː i ]_w
[_w h ɛ t i ]_w
[_w i lː ɛ t v ɛ n ts ]_w
[_w b i ts i ]_w
[_w s ɛ l ɛ bː ]_w
[_w j oː p ]_w
[_w k ø t ɛ d ]_w
[_w h ɛ j t ɛ l ɛ m ]_w
[_w ɑ l ɑ p o d ]_w
[_w h i s n ɛ k ]_w
[_w f ø l t ɛ n i ]_w
[_w p o n d aː ʃ ɑ ]_w
[_w i t eː s ɛ tː ]_w
[_w eː r t y n k ]_w
[_w tʃ ɑ k n ɛ m ]_w
[_w s ɛ r ɛ t ɛ ]_w
[_w k eː p s eː ʃ ]_w
[_w ɛ z i ɡ ]_w
[_w ɑ m i n d ɑ z ]_w
[_w t i s ɛ n ø t ]_w
[_w u n i oː ʃ ]_w
[_w p l o k ]_w
[_w v i ɟ ɛ l n i ]_w
[_w f ɛ l eː ]_w
[_w s aː z ]_w
[_w h ɛ j eː d ]_w
[_w ʒ i ɛ t ɛ tː ]_w
[_w j ø v øː r ɛ ]_w
[_w øː ʃ i ]_w
[_w p ɑ n ]_w
[_w h i b aː t ]_w
[_w m ɑ ɡ aː t ]_w
[_w m ɑ ɟ ɑ r ]_w
[_w f aː t ]_w
[_w k ø m p ]_w
[_w ɑ p r oː ]_w
[_w l ɑ p ]_w
[_w k o r aː b ɑ n ]_w
[_w n o r m aː ɡ ]_w
[_w t h ɛ ]_w
[_w s ɛ m eː j ɛ n ]_w
[_w ɑ b aː m ]_w
[_w p r o f i ]_w
[_w s eː l ɛ ʃ ]_w
[_w eː ʃ ɑ i aː ʃ ]_w
[_w ɲ ɛ l v yː ]_w
[_w m ɑ j t ]_w
[_w ɡ u d ɑ t oː ]_w
[_w b yː n d ]_w
[_w f eː l ɛ ]_w
[_w f aː l h ɑ d ]_w
[_w aː t ɛ r ]_w
[_w m eː k ʃ ɛ m ]_w
[_w t o l k o k r ɑ ]_w
[_w m aː ʃ n ɑ p ]_w
[_w m ɑ ʃː ]_w
[_w eː r t ɛ k ɛ ]_w
[_w ɛ r øː ʃ ɛ n ]_w
[_w ɡ o m o j ɑ bː ]_w
[_w k ɑ r ɑ k t ɛ r ]_w
[_w t ɛ r ɛ m t øː ]_w
[_w ɑ z ɛ l øː tː ]_w
[_w v o k j aː k ]_w
[_w s eː b ]_w
[_w t ɑ l aː l j ɑ ]_w
[_w ɛ rː øː l ]_w
[_w ɛ l øː bː ]_w
[_w f ɛ l øː l y k ]_w
[_w m i n d i ]_w
[_w ɛ kː o r ]_w
[_w v eː k o ɲ ]_w
[_w f ɛ ɟ ɛ ʃ ɛ n ]_w
[_w r ɑ j t u k ]_w
[_w k ɑ p ]_w
[_w n ø v ɛ l i ]_w
[_w ɛ ɟ ɛ t i k ]_w
[_w r ɛ aː l i ʃ ]_w
[_w l ɑ ʃː uː ]_w
[_w v i s o n t ]_w
[_w b aː r t ]_w
[_w i n d ɛ z d ]_w
[_w v ø l d ø tː ]_w
[_w k aː b o r uː ]_w
[_w v ɛ r ʃ ]_w
[_w i r aː n d i ]_w
[_w ɑ u ɡ u s t u ʃ ]_w
[_w h ɑ m ɑ r ]_w
[_w ɛ l øː tː ]_w
[_w k ɛ r t ]_w
[_w m o n t j ɑ ]_w
[_w k o r ɑ ]_w
[_w k o n d o n i ]_w
[_w ʃ t b ]_w
[_w uː j o nː ɑ n ]_w
[_w ɛ ɟ b ɛ n ]_w
[_w m ɛ k aː lː t ]_w
[_w l ɛ v ɛ ɡ øː ]_w
[_w eː r n i ]_w
[_w z ɛ r s øː i ]_w
[_w v eː r v i ɑ k ]_w
[_w v ɑ l ɑ k i ]_w
[_w b aː r d ]_w
[_w m o n d o l n i ]_w
[_w ɛ r øː k ]_w
[_w eː pː uː ɟ ]_w
[_w l ɛ v eː l ]_w
[_w d ɛ t ɛ ]_w
[_w ɲ ɛ l v ɛ n ]_w
[_w s ɑ p ɑ d ]_w
[_w n ɛ v ɛ z i ɡ ]_w
[_w f i d ɛ z ]_w
[_w i k ɛ n ]_w
[_w ɑ l k o t ]_w
[_w f i l aː k r ɑ ]_w
[_w b ɑ u l ]_w
[_w j b k ]_w
[_w o l f ɑ ʃ ]_w
[_w t ɛ l i ɡ ]_w
[_w n ɛ k i ]_w
[_w o r z aː ɡ o d ]_w
[_w t ɑ l ]_w
[_w l aː tː aː ɡ ]_w
[_w k ø ɲ v ɛ ɡ ]_w
[_w s ɑ f aː d ]_w
[_w l ɛ h ɛ t ]_w
[_w ɑ z o k b ɑ n ]_w
[_w ɑ u d oː ]_w
[_w m aː ʃ o ɡ ɑ d t ]_w
[_w ɛ ɟ h aː z ]_w
[_w ɑ z o n ]_w
[_w f ɛ r ʃ ]_w
[_w ɑ ɟ ɑ ]_w
[_w t u t n ɑ ]_w
[_w f u d o tː ɑ ]_w
[_w eː r ɛ z ]_w
[_w eː v ɛ t ]_w
[_w ʃ p ɑ ɲ o l ]_w
[_w aː r o n ]_w
[_w t ɛ tː ɛ m ]_w
[_w m eː t i ɑ ]_w
[_w k ɛ v eː ʃ ]_w
[_w m u d ɑ t j ɑ ]_w
[_w b o n d ]_w
[_w k ø r eː ]_w
[_w i t ɛ j eː n ]_w
[_w ɑ h o v aː ]_w
[_w m aː ʃ i k ɑ d ]_w
[_w o r s aː ɡ o ʃ ]_w
[_w f ɑ m b ɑ n ]_w
[_w ɑ r tsː ɑ l ]_w
[_w v ɛ l ɛ t ]_w
[_w m i k ø z b ɛ n ]_w
[_w t u d j o n ]_w
[_w u t oː bː i ]_w
[_w d aː v o n ]_w
[_w b ɑ r n ɛ tː ]_w
[_w ɑ t ɑ k ]_w
[_w eː l ɛ t b ɛ n ]_w
[_w h aː r o m ]_w
[_w v aː r j u k ]_w
[_w t i r ɛ k t ]_w
[_w m t i ]_w
[_w k aː r ]_w
[_w s ɛ n ɛ i ]_w
[_w b ɛ r ts i k ]_w
[_w h i aː b ɑ ]_w
[_w d ɛ r ɛ m t øː ]_w
[_w f aː l t ɑ l r ɑ ]_w
[_w eː r øː ]_w
[_w v o l d ]_w
[_w l aː t o k ]_w
[_w ɛ ɟ ʃ eː ɡ ɛ ]_w
[_w s iː n h aː z ]_w
[_w p ɛ nː y k ]_w
[_w h ɑ d ]_w
[_w ʒ i d oː ]_w
[_w f aː l ɑ z ]_w
[_w ɛ z ɛ n ]_w
[_w ɛ ɟ k o r ]_w
[_w j o bː ]_w
[_w s aː m o n ]_w
[_w n eː s i ]_w
[_w k i n ɛ k ]_w
[_w t aː v o l ]_w
[_w v ɛ l ɛ m ]_w
[_w f u t ]_w
[_w ɑ z o ɡ b ɑ n ]_w
[_w m ɛ n øː ]_w
[_w y v ɛ k ]_w
[_w l aː t f ɑ ]_w
[_w ɛ l d ɛ ]_w
[_w k ɑ d o tː ]_w
[_w m ɛ k l ɛ p øː ]_w
[_w v i n o m ]_w
[_w l ɛ k j o bː ]_w
[_w s eː b ʃ eː ɡ ]_w
[_w n eː s øː ]_w
[_w n ɛ v eː t ]_w
[_w j ɑ j ]_w
[_w t ø bː r ɛ ]_w
[_w s o ɡ aː ʃ o ʃ ]_w
[_w i r aː ɲ u l ]_w
[_w f ɛ k v øː bː ]_w
[_w l ɛ aː ɲ ]_w
[_w aː lː ɑ m ]_w
[_w t øː l y n k ]_w
[_w b r i d ]_w
[_w r ɛ n ɡ ɛ t i ]_w
[_w p ɛ d ɛ k ]_w
[_w t u d t ɑ ]_w
[_w b o tʃ ]_w
[_w l eː p n i ]_w
[_w s iː v ]_w
[_w k y l t eː ʃ ]_w
[_w ɡ ɛ s t ɛ tː ]_w
[_w l aː t s o tː ]_w
[_w u t ɑ k o k ]_w
[_w tʃ ɑ k h o c ]_w
[_w s eː l ]_w
[_w tʃ i lː o k oː ]_w
[_w l ɛ h ɛ t n ɛ ɡ ]_w
[_w ɡ ɛ ɲ ɛ r ɛ t i ]_w
[_w p eː n z ɛ ]_w
[_w k eː p ɛ ɡ ]_w
[_w t ɛ s i ]_w
[_w f ɛ s ]_w
[_w ɑ l b ɛ r t ]_w
[_w h i t ɛ l ɛ m ]_w
[_w j o k ɑ ]_w
[_w ɑ m i n t ɛ ]_w
[_w ɑ m iː ɡ ]_w
[_w r ɛ n d øː r ]_w
[_w ɛ z ɡ ø z ø tː ]_w
[_w m ɑ ɡ ɑ ]_w
[_w n eː b ]_w
[_w tʃ ɛ h ]_w
[_w k aː z ]_w
[_w uː ɟ i ʃ ]_w
[_w ʃ o ɡ ɑ n ]_w
[_w b aː r ]_w
[_w h eː d v øː n ]_w
[_w ɛ l m eː l ɛ m ]_w
[_w v aː l ɑ z o l ]_w
[_w eː z t ]_w
[_w k eː ʃ øː ]_w
[_w i k ɑ s ]_w
[_w p ɑ b o k b ɑ n ]_w
[_w m i h aː j ]_w
[_w uː t o n ]_w
[_w ɛ ʃ t i ]_w
[_w j ø v øː ]_w
[_w h o ɟ ]_w
[_w ɛ t m o n d o d ]_w
[_w ɛ l eː ɡ ]_w
[_w ɑ l ɑ p j aː n ]_w
[_w i d øː ]_w
[_w p ɛ t h øː ]_w
[_w k ɛ t v ɛ ʃ ]_w
[_w u c ɑ n uː ɟ ]_w
[_w ɑ b s u r t ]_w
[_w v i l m ɛ t ]_w
[_w s ɛ r i n d i ]_w
[_w s ɛ r ɛ t ]_w
[_w o l v ɑ ʃ aː ʃ ]_w
[_w ɛ l h ɑ ɟ t ɑ m ]_w
[_w ɲ u ɡ ɑ t i ]_w
[_w t ɛ z i ɡ ]_w
[_w h i s ɛ m ]_w
[_w k ɑ z d ɑ l ]_w
[_w ɟ øː z t ɛ ʃ ]_w
[_w f eː r ]_w
[_w ɑ r ɑ ɲ ]_w
[_w m i n d k eː t ]_w
[_w eː r t ɛ ]_w
[_w k i r aː j ɑ ]_w
[_w ɑ ɲ aː m ]_w
[_w ɛ ɟ ɛ t ɛ m ]_w
[_w t oː l ]_w
[_w eː d ɛ l ]_w
[_w aː l d ɑ l ]_w
[_w r eː s ɛ i ]_w
[_w n ɑ ɟ b ɑ n ]_w
[_w ɛ ɲ h eː n ]_w
[_w k ø ɲ v ɛ t ]_w
[_w v ɛ l ɛ tː ɛ m ]_w
[_w m o d o r ]_w
[_w m ɛ ɡ d ɛ nː i ]_w
[_w s iː n eː s ]_w
[_w f eː n ]_w
[_w j ɛ l ɛ n ]_w
[_w h ɑ n k o ʃ ]_w
[_w ɛ m b ɛ r ]_w
[_w ɛ ʃ ɛ t l ɛ n ]_w
[_w aː t aː m ]_w
[_w ɑ m ɛ lː ɛ tː i ]_w
[_w n ɛ m z ɛ t i ]_w
[_w k i n ɛ ɡ ]_w
[_w k o m o j ɑ bː ]_w
[_w ɑ sː ɑ l ]_w
[_w ɡ ø v ɛ t n i ]_w
[_w r aː m ]_w
[_w f aː l n i ]_w
[_w ʃ o r aː n ]_w
[_w u t ts aː p ɑ n ]_w
[_w m ɛ l ɛ k ɛ d ]_w
[_w n i n tʃ ɛ n ]_w
[_w p o n d o l ]_w
[_w øː r n ɑ ɟ ]_w
[_w r ɛ n d ]_w
[_w l ɛ ɡ ɛ t ]_w
[_w eː v i k ]_w
[_w b ɑ r aː d j ɑ ]_w
[_w ɛ l øː iː r t ]_w
[_w m ø k eː ]_w
[_w r eː s b ɛ n ]_w
[_w ɛ bː øː l ]_w
[_w ɛ ʃ t ɛ r ]_w
[_w i k ɑ s i n ]_w
[_w k y l ø n ø ʃ ]_w
[_w ɑ u d oː t ]_w
[_w k i ʃ ]_w
[_w n ɛ m ]_w
[_w ø nː ɛ l ]_w
[_w y l v ɛ ]_w
[_w ɑ l ɑ p u l oː ]_w
[_w iː r t ɑ m ]_w
[_w ɲ ɛ l f yː ]_w
[_w m o n t o ʃ ]_w
[_w m ɛ j i k ]_w
[_w ɟ ø ɲ ø r yː ]_w
[_w v o l t ɛ ɛ ]_w
[_w t ɑ v ɑ z ]_w
[_w p l o ɡ o t ]_w
[_w v i tsː ɛ ʃ ]_w
[_w m i k l oː ʃ ]_w
[_w aː lː t ɑ k ]_w
[_w j aː t s i ɡ ]_w
[_w t o l k o t aː ʃ ]_w
[_w u t ɑ k o ɡ ]_w
[_w f o l t u n k ]_w
[_w v r ɑ n z ]_w
[_w ʃ t iː l u ʃ ]_w
[_w v ɛ h eː r ]_w
[_w ɑ p l ɑ k ]_w
[_w i d øː b ɛ n ]_w
[_w ɑ l ɑ p o ʃ ɑ n ]_w
[_w f o n d ]_w
[_w v eː r ]_w
[_w k aː r t ]_w
[_w t ɑ n ɡ l i ɑ ]_w
[_w t o l o ɡ n ɑ k ]_w
[_w ɲ ɛ r d ɛ ]_w
[_w ɑ n ɡ o n ]_w
[_w uː j ɑ bː ]_w
[_w k ø z y l ]_w
[_w s ɛ m eː b ɛ n ]_w
[_w n ɑ p o n ]_w
[_w ʃ ɑ j n o ʃ ]_w
[_w f eː ɡ o ɲ ]_w
[_w s aː m aː r ɑ ]_w
[_w j ɛ l ɛ nː ɛ ]_w
[_w s ɑ k ɑ i ]_w
[_w t ɑ l aː l o ɡ ]_w
[_w d eː m ɑ ]_w
[_w f i tsː ]_w
[_w ɑ kː o r ]_w
[_w m ɑ r ɑ d j o n ]_w
[_w ɟ øː s t ɛ ʃ ]_w
[_w k eː s ]_w
[_w ʃ i n tʃ ]_w
[_w m ɑ r ɑ t ɑ ]_w
[_w ts r i ʃ t o ]_w
[_w ɑ z o nː ɑ l ]_w
[_w p ɛ n ]_w
[_w m u t ɑ d ]_w
[_w m uː z ɛ u m ]_w
[_w tʃ uː ɲ ɑ ]_w
[_w ɑ l i k ]_w
[_w f o r m ɑ ]_w
[_w ɑ ɲ ɑ k o k ]_w
[_w k ø r b ɛ n ]_w
[_w oː r aː t ]_w
[_w t i d o k ]_w
[_w m ɛ k ɑ ɲː i ]_w
[_w u ɟ ɑ n uː ɟ ]_w
[_w t ɑ r t j aː k ]_w
[_w s ɛ r i n t o t ]_w
[_w s y l øː ]_w
[_w k ɑ p t ɑ ]_w
[_w p ɑ r t i ]_w
[_w ɡ ø ɲ v ɛ ɡ ɛ t ]_w
[_w ɲ o l ts ]_w
[_w ɑ m ɛ j r øː l ]_w
[_w b ɛ l ʃ øː ]_w
[_w h ɑ l aː l r ɑ ]_w
[_w b i b l i ɑ ]_w
[_w ɛ n ɛ r k i ɑ ]_w
[_w h aː t ʃ oː ]_w
[_w v eː ɲ ]_w
[_w p ɛ nː ɛ m ]_w
[_w p i n t eː r ]_w
[_w l ɛ h ɛ t øː ]_w
[_w v ɛ ɡ v øː ]_w
[_w t h ɑ i ]_w
[_w m i lː i oː ]_w
[_w ɑ hː o s ]_w
[_w i ɡ ɑ z ɑ t ]_w
[_w f eː l ]_w
[_w ɛ nː i ]_w
[_w ɛ ɟ eː n ]_w
[_w øː k ɛ d ]_w
[_w m u t ɑ t oː k ]_w
[_w ɛ ɟ s ɛ rː ɛ ]_w
[_w m ɑ k ɑ s i n ]_w
[_w ʃ o r ʃ ɑ n ]_w
[_w n eː zː y k ]_w
[_w ʃ ɑ j aː t ]_w
[_w t ø bː i ]_w
[_w l ɛ h ɛ t ɛ n ]_w
[_w r aː t i oː ]_w
[_w m ɛ j ɛ n ]_w
[_w t o l o d ]_w
[_w ɑ m i k o r ]_w
[_w t ɑ m ɑ ʃ ]_w
[_w k ø z p ɛ n ]_w
[_w k eː ʃ øː bː ]_w
[_w ɛ sː ɛ l ]_w
[_w v i d ɛ bː ]_w
[_w k ø z d ]_w
[_w t ɛ r ]_w
[_w ɛ r øː ʃ ]_w
[_w v o j t aː n ]_w
[_w v ɑ l ]_w
[_w p r o ɡ r ɑ ]_w
[_w ɟ ɛ r ɛ kː ɛ l i ]_w
[_w v ɑ l ɑ m i t ]_w
[_w ts m ʃ ]_w
[_w m ɛ k i n d v ɛ ]_w
[_w f ɛ l y l ]_w
[_w tʃ ɑ l aː t o ɡ ]_w
[_w m o z ɡ aː ʃ ]_w
[_w v ɑ l ʃ ɛ ]_w
[_w aː lː aː ʃ t ]_w
[_w l ɑ ts i ]_w
[_w m ɛ lː eː ]_w
[_w t oː t h ]_w
[_w t eː ɲ ]_w
[_w ɡ ø ɲ v ɛ ]_w
[_w k i ɑ d aː ʃ ]_w
[_w eː r d ɛ k ɛ ]_w
[_w k ɑ p tʃ o l ɑ d ]_w
[_w p o r ]_w
[_w b ɛ r ts ɛ k ]_w
[_w t eː s t ɑ ]_w
[_w h ɛ j eː r ɛ ]_w
[_w p ɛ l øː l ]_w
[_w t u p l ɑ ]_w
[_w f i t ɛ bː ]_w
[_w n eː z v ɛ ]_w
[_w f o rː aː ʃ ɑ ]_w
[_w ɑ k i ]_w
[_w ʃ ɛ n k i ]_w
[_w ɛ l øː l y k ]_w
[_w p aː t o r ]_w
[_w s øː tʃ ]_w
[_w ɑ l i k h ɑ ]_w
[_w eː r t i ]_w
[_w j ɛ n øː ]_w
[_w b ɑ l r ɑ ]_w
[_w o l v ɑ ʃ t ɑ m ]_w
[_w o ʃ t o n ]_w
[_w uː t i ]_w
[_w ɛ n k ɛ t i ]_w
[_w h ɑ l ɑ t ]_w
[_w b ɛ r s ɛ ]_w
[_w eː l ɛ t y n ɡ ]_w
[_w r ɑ j d u k ]_w
[_w ʃ y l t ]_w
[_w ɑ r ɑ ɲ o ʃ ]_w
[_w k r i d i ts ɑ l ]_w
[_w j o ɡ o ɡ ]_w
[_w p ɑ l o d ɑ ]_w
[_w t ø l t ø tː ]_w
[_w k ɛ r k ɛ j ]_w
[_w ɛ s ɛ k ɛ t ]_w
[_w ɑ m ɛ j b ɛ n ]_w
[_w ɑ l aː bː i ]_w
[_w r oː l ɑ m ]_w
[_w i ʃ t ɛ n h ɛ z ]_w
[_w b i r o ʃ k ɑ ]_w
[_w d ɑ n iː t j ɑ ]_w
[_w f ɛ h eː r ]_w
[_w j ɛ l ]_w
[_w ɑ ɲː i r ɑ ]_w
[_w t u t o tː ɑ k ]_w
[_w ɛ z u t aː n ɑ ]_w
[_w i t ɛ aː l i ʃ ]_w
[_w f ɛ l ɛ tː ɛ ɡ ]_w
[_w i j ɛ ʃ m i ]_w
[_w t ɛ r ɛ m ]_w
[_w l i t ɛ r ]_w
[_w k ɑ t o n ]_w
[_w iː r j aː k ]_w
[_w v i l aː ɡ r ɑ ]_w
[_w ɛ s ɛ ɡ ]_w
[_w m ɑ k aː b ɑ ]_w
[_w h ɑ n k u l ɑ d ]_w
[_w s ɛ p u ɑ n o ]_w
[_w h ɑ l ɑ d oː ]_w
[_w m ɛ ɲː ɛ i ]_w
[_w k ɑ p t ɑ k ]_w
[_w f i aː t ]_w
[_w r eː ɡ i ]_w
[_w h ɑ lː o tː ]_w
[_w m o n t j ɑ m ]_w
[_w ɛ ɲ h ɛ ]_w
[_w s aː n d ]_w
[_w ɛ l n ø ɡ ]_w
[_w k ø v ɛ tː ɛ m ]_w
[_w k ɑ m b aː ɲ ]_w
[_w l aː ɲ t ]_w
[_w m i n d ]_w
[_w f o rː aː ʃ ]_w
[_w iː r n ɑ ɡ ]_w
[_w n eː h ɑ ]_w
[_w f ɑ ɟ ]_w
[_w n ɑ p i ]_w
[_w k ɑ t ɑ l ]_w
[_w u t ts aː ɡ ]_w
[_w k o r ]_w
[_w s aː m o d ]_w
[_w y ɟ b ɛ n ]_w
[_w i v aː n ]_w
[_w h aː z ɑ k ]_w
[_w t ɛ ɡ n ɑ b ]_w
[_w ɑ z o ɡ ]_w
[_w ɛ ɲː i ]_w
[_w ɛ l m ɛ ]_w
[_w ɡ ɑ d o n ]_w
[_w p eː l d aː t ]_w
[_w b eː k ɛ ]_w
[_w m ɑ r ɑ d n ɑ k ]_w
[_w v ɛ s ɛ t ]_w
[_w f o ɡ ɑ l o m ]_w
[_w k aː r o j ]_w
[_w ɛ fː eː l ɛ ]_w
[_w k ɑ s t ɑ ]_w
[_w n ɛ h ɛ z ɛ bː ]_w
[_w m eː ɡ ʃ ɛ m ]_w
[_w ʃ o r b ɑ n ]_w
[_w ɛ l ɑ t ɑ d ɑ ]_w
[_w v o k t ɑ k ]_w
[_w tʃ i n aː l j ɑ ]_w
[_w k i d ]_w
[_w u d oː bː i ]_w
[_w b ɑ r aː t o m ]_w
[_w k o r aː p ɑ n ]_w
[_w ɛ l øː bː i ]_w
[_w m ɛ k t u d n i ]_w
[_w s ɑ j l i ɡ ]_w
[_w ʃ ɛ m ]_w
[_w eː t ɛ l t ]_w
[_w h ɑ lː j ɑ ]_w
[_w ɑ m i v ɛ l eː t ]_w
[_w ɑ l k ɑ l m ɑ ʃ ]_w
[_w n eː s ɛ m ]_w
[_w ɛ l m ɛ t ]_w
[_w h aː ɲ ]_w
[_w i ʃ m eː t ]_w
[_w f u r ɑ ]_w
[_w aː l d ɑ ]_w
[_w v o rː aː ʃ ]_w
[_w r eː s eː t ]_w
[_w h i p aː t ]_w
[_w f ɑ lː ]_w
[_w k i n d ]_w
[_w t aː j aː n ]_w
[_w f i sː ɑ ]_w
[_w oː r aː i k ]_w
[_w ɛ lː ɛ n ɛ ]_w
[_w l o n t ]_w
[_w t eː r t ]_w
[_w s ɑ b aː j o k ]_w
[_w ɛ l j ø tː ]_w
[_w ʃ ɑ j aː t o ʃ ]_w
[_w n ɛ ɟ v ɛ n ]_w
[_w m i n t ɛ ɟ ]_w
[_w o j ɡ o r ]_w
[_w ɟ ɛ n k ɛ m ]_w
[_w v ɑ ɟ u n k ]_w
[_w m aː r m aː r ]_w
[_w l i t v aː n ]_w
[_w ɑ s ɑ z ]_w
[_w f ɛ k v øː ]_w
[_w h o nː ɑ n ]_w
[_w f ɛ l ]_w
[_w ɑ m i k ]_w
[_w m aː r i ɑ ]_w
[_w p r o f ]_w
[_w k ø z ɛ ]_w
[_w l aː n ts ]_w
[_w z aː z ɑ t i ]_w
[_w b ɑ p ɑ ]_w
[_w v ɛ l n øː tː ]_w
[_w m ɛ sː i r ɛ ]_w
[_w i j ɛ n ]_w
[_w v ɛ n d ]_w
[_w v iː r u ʃ ]_w
[_w ø v eː ]_w
[_w p ɛ s eː l v ɛ ]_w
[_w m aː ʃ f eː l ]_w
[_w f oː r u m ]_w
[_w f i s i k ]_w
[_w k iː v y l ]_w
[_w ɑ m ɛ j i k ]_w
[_w t ɛ l t ]_w
[_w r o m aː n ]_w
[_w aː k o ʃ ]_w
[_w n eː m ɛ t h ]_w
[_w t u d n ɑ k ]_w
[_w t ɛ h aː t ]_w
[_w t u d ɑ t oː ]_w
[_w o ɡ o ɡ ]_w
[_w l i n ɡ ]_w
[_w ɑ d ɑ t ɑ ]_w
[_w v o l t aː l ]_w
[_w ɡ o n d o ʃ ]_w
[_w l ɛ z ɛ l n i ]_w
[_w aː r b aː t ]_w
[_w m i n d ɑ z ]_w
[_w t ɑ n u l t ]_w
[_w s o b ɑ ]_w
[_w h ɑ v o n d o t ]_w
[_w h ɛ j b ɛ n ]_w
[_w ɛ ɟ r eː z t ]_w
[_w iː r d ɑ m ]_w
[_w i t øː v ɛ l ]_w
[_w o n l i n ɛ ]_w
[_w v i d ɛ s ]_w
[_w r i d k aː n ]_w
[_w b aː tʃ i ]_w
[_w ʃ i d oː ]_w
[_w t ɑ r t ɑ m ]_w
[_w t øː l y k ]_w
[_w s ɛ r i n t ]_w
[_w ɛ v eː s u ʃ ]_w
[_w p ɛ ʃ t i ]_w
[_w j oː l ]_w
[_w h o sː ɑ n ]_w
[_w b ɛ s eː l n i ]_w
[_w ɑ l ɡ ɑ n ]_w
[_w ɑ k ts i oː ]_w
[_w ɟ yː l ø l ɛ t ]_w
[_w v ɛ l eː ]_w
[_w ɑ l ɑ tː i ]_w
[_w v i tsː ]_w
[_w ɛ m ɛ l d ɛ l t ]_w
[_w z ɛ m eː j ɛ n ]_w
[_w m iː ɡ ]_w
[_w ɲ iː l i k ]_w
[_w s ɛ lː ɛ m ɛ ʃ ]_w
[_w m o n t j u k ]_w
[_w k ɛ z ɛ t ɛ k ]_w
[_w k i f eː v ɛ ]_w
[_w l ɛ k s ɛ bː ]_w
[_w ts h i l o n ]_w
[_w t ɛ tː ɛ ]_w
[_w h ɛ v ɛ ʃ ɛ n ]_w
[_w ʃ ø r d ]_w
[_w t eː t ɛ l ]_w
[_w k ø r y l i ]_w
[_w h eː t v øː n ]_w
[_w n ɛ ɟ ɛ t ɛ m i ]_w
[_w l ɛ ɟ ɛ k ]_w
[_w m aː j u ʃ ]_w
[_w ɛ l øː s øː ]_w
[_w n ø v ɛ k ɛ t ]_w
[_w v aː l h ɑ d ]_w
[_w m i r ɛ ]_w
[_w s ɛ r eː ɲ ]_w
[_w n ɛ ɡ y n ɡ ]_w
[_w ʃ o r ɑ ]_w
[_w j ɛ l ɛ n d i ]_w
[_w k ɑ p o ɡ ]_w
[_w v i s ɛ t ɛ t ]_w
[_w m i ɛ l øː tː ]_w
[_w t u t ɑ d ]_w
[_w m ɑ r ɑ t j o n ]_w
[_w k ø t ɛ t ]_w
[_w k o n t o ʃ ɑ n ]_w
[_w m eː r ɛ t yː ]_w
[_w v i ɟ ɛ l ɛ m ]_w
[_w m ɑ ɡ aː d ]_w
[_w f ɑ n ]_w
[_w n eː n i ]_w
[_w ɑ nː aː l ]_w
[_w k aː r o ʃ p ɑ ]_w
[_w d øː l ]_w
[_w p aː r k i ]_w
[_w n eː v ]_w
[_w b ɑ u l i n ɑ ]_w
[_w l ɛ n ɟ ɛ l ]_w
[_w b ɛ l øː l ɛ ]_w
[_w ɑ m ɛ j ɛ t ]_w
[_w ɛ ɲː i d ]_w
[_w k eː s ɑ ]_w
[_w ɛ ɟ i ɡ ɛ ]_w
[_w ɑ p ɑ ]_w
[_w m i n t ɛ r j uː ]_w
[_w h ɑ n ɡ j aː t ]_w
[_w h ø l ɟ ]_w
[_w t yː n i k ]_w
[_w o k o z ]_w
[_w k o ɲ h ɑ ]_w
[_w ɡ u d ɑ d ]_w
[_w ɟ o r ʃ ɑ n ]_w
[_w v eː r v i t ]_w
[_w f i tsː ɛ ʃ ]_w
[_w l eː ɟ ]_w
[_w d o j aː ʃ ]_w
[_w f ɛ z ɛ t ]_w
[_w l eː v eː n ]_w
[_w ɛ ɟ s ɛ r yː ]_w
[_w ʃ ɛ n k i n ɛ ɡ ]_w
[_w z ɛ m p ɛ r ]_w
[_w eː r z ɛ d ]_w
[_w b ɑ l ]_w
[_w s iː v ɛ ʃ ]_w
[_w t ø n t eː ʃ ]_w
[_w ɑ ɡ ɑ r n ɑ k ]_w
[_w i ʃ t v aː n ]_w
[_w l aː tː ɑ m ]_w
[_w h o z n ɑ k ]_w
[_w t ø bː s ø r ]_w
[_w ʃ ø d eː t ]_w
[_w j eː s u ʃ ]_w
[_w ɛ l m ɛ n d ɛ ]_w
[_w m ɑ r ɑ bː ]_w
[_w f i t eː ɡ i ]_w
[_w eː r t eː ɡ ɛ ]_w
[_w v aː l ɑ z t ]_w
[_w ɑ ɲ ɑ k o t ]_w
[_w p ɛ nː ɛ t ]_w
[_w n ɑ p r ɑ ]_w
[_w m ɛ ɟ ɛ i ]_w
[_w m i ɡ ø z b ɛ ]_w
[_w s ɛ r ɛ t n eː ]_w
[_w y ɟ ɛ t ]_w
[_w f i s o n d ]_w
[_w t øː k ɛ ]_w
[_w u t ɑ z aː ʃ ]_w
[_w m i n i s t ɛ r ]_w
[_w k ɑ b u ]_w
[_w i tː h o n ]_w
[_w r ɛ n ɡ ɛ m ]_w
[_w v i nː i ]_w
[_w f i l aː ɡ r ɑ ]_w
[_w m ɑ i ]_w
[_w j u t ]_w
[_w i ʃ k o l ɑ i ]_w
[_w h ɑ ɟ ]_w
[_w h oː n ɑ p j ɑ ]_w
[_w k ɛ z d ɛ tː ]_w
[_w p aː j ɑ i ]_w
[_w eː l ɛ ʃ ]_w
[_w v i t aː m ]_w
[_w ɑ ɡ aː r ]_w
[_w m ɛ r y l ]_w
[_w h o r v aː t ]_w
[_w u ɟ ɑ n i ʃ ]_w
[_w f ɛ z ɛ t ɛ t ]_w
[_w n ɛ h ɛ s ɛ n ]_w
[_w r ɛ kː ɛ l i ]_w
[_w v ɑ ts ɛ b o o ɡ ]_w
[_w u c ɑ n o j ɑ n ]_w
[_w n ɛ m ɛ t ]_w
[_w ɑ k i t ]_w
[_w s o k aː ʃ o ʃ ]_w
[_w t u ts ɑ d ]_w
[_w p ɑ r aː t o m ]_w
[_w h o ɟ ɑ n ]_w
[_w s ɛ n d ]_w
[_w p eː n z ]_w
[_w m aː ʃ ]_w
[_w ɑ z ɛ r t aː n ]_w
[_w eː r t ɛ m ]_w
[_w b ɛ r ts ɛ t ]_w
[_w ɛ ɟ i k ]_w
[_w m i n t ɛ s øː ]_w
[_w k ɛ s t øː ]_w
[_w f i s i ɡ ]_w
[_w n eː z t ]_w
[_w n ø v ɛ k ]_w
[_w f aː l ɑ z d ]_w
[_w aː lː u n ɡ ]_w
[_w i j ɛ t ]_w
[_w ɛ l v o n d ]_w
[_w ɑ l ɑ b u l oː ]_w
[_w m ɛ r ɛ v ]_w
[_w m aː r k ɑ ]_w
[_w s y l ɛ t i ]_w
[_w s aː m o m r ɑ ]_w
[_w s y k ʃ eː ɡ ɛ ʃ ]_w
[_w t uː l ]_w
[_w b o l i d i k ɑ ]_w
[_w k ø z ø tː i ]_w
[_w p ɑ r t ]_w
[_w t ɑ v ɑ j ]_w
[_w b ɑ n k aː r ]_w
[_w k ø s ø l d ]_w
[_w k eː r d eː ɡ ]_w
[_w ɑ z d aː n ]_w
[_w h ɑ l aː l ɑ ]_w
[_w m uː l i k ]_w
[_w eː r z i ]_w
[_w k iː n ɑ ]_w
[_w b i s o ɲ o ʃ ]_w
[_w aː r v iː z ]_w
[_w r oː l u k ]_w
[_w ɲ iː l d ]_w
[_w tʃ i n aː l d ]_w
[_w k ø ɲ v h eː d ]_w
[_w ʃ ɛ n ɡ i d ]_w
[_w aː lː ɑ b o d ]_w
[_w i lː ɛ t i ]_w
[_w v ɑ n ]_w
[_w s ø v ɛ k s i ɡ ]_w
[_w s i n t j eː n ]_w
[_w ɛ rː ɛ ]_w
[_w m i k eː n d ]_w
[_w k ɑ p n ɑ k ]_w
[_w ʃ o l t ]_w
[_w k i k ]_w
[_w t u t oː ʃ ]_w
[_w k i ʃː eː ]_w
[_w ɲ iː l t ]_w
[_w ɛ s ɛ r ]_w
[_w b r o k r ɑ ]_w
[_w f ø l t ]_w
[_w l aː ʃː u ɡ ]_w
[_w ɑ j aː n l o m ]_w
[_w k o r ɑ i ]_w
[_w s u p ɛ r ]_w
[_w m o rː ɛ l ]_w
[_w r ɛ j t ɛ tː ]_w
[_w h eː t v øː ]_w
[_w eː v i ɡ ]_w
[_w ɑ l ɑ p ]_w
[_w ɲ o m aː b ɑ n ]_w
[_w l ɑ p o n ]_w
[_w h o r f aː t h ]_w
[_w r eː z eː t ]_w
[_w p aː r m ɛ j ]_w
[_w h ɑ t aː ʃ t ]_w
[_w l ɑ ɡ i t ]_w
[_w eː sː ɛ r yː ]_w
[_w j o bː ɑ n t ]_w
[_w o l t ɑ l ]_w
[_w ɡ r i t i k ɑ ]_w
[_w k o v aː tʃ ]_w
[_w h ɑ s ɑ i ]_w
[_w ɛ hː ɛ z ]_w
[_w r oː l ɑ ]_w
[_w r i ts h ɑ r t ]_w
[_w t i s t ɑ ]_w
[_w ɛ l n ø ɡ ɛ ]_w
[_w ɑ l ɑ p o ʃ ]_w
[_w h iː r t ]_w
[_w n øː t ]_w
[_w f ɑ l oː b ɑ n ]_w
[_w v r ɑ n ts i ɑ ]_w
[_w aː ɡ n ɛ ʃ ]_w
[_w f i s i k ɑ i ]_w
[_w f i t aː m ]_w
[_w t ɑ r t ɑ ]_w
[_w p i s o ɲ ]_w
[_w eː r ɛ z n i ]_w
[_w i d ɛ aː l i ʃ ]_w
[_w j aː r t ɑ m ]_w
[_w ɑ j t oː n ]_w
[_w ɑ r t p o o l ]_w
[_w t ɑ r d oː ]_w
[_w s i n t eː n ]_w
[_w v ɑ r k ɑ ]_w
[_w j eː z u ʃ ]_w
[_w k u d ɑ d ]_w
[_w f ɛ k ɛ t i ]_w
[_w u ɟ ɑ n i j ɛ n ]_w
[_w j u l ]_w
[_w m o n d ɑ ]_w
[_w f aː r ]_w
[_w m i n ɛ k ]_w
[_w t o l k o k ]_w
[_w l ɛ l k ɛ ʃ ]_w
[_w ɡ ɑ p j ɑ ]_w
[_w s ɑ ɡ ɑ ]_w
[_w p ɑ j ]_w
[_w s aː m o ʃ ]_w
[_w b eː l t aː t ]_w
[_w m ɛ ɟ y n k ]_w
[_w aː ɡ o ʃ ]_w
[_w k ɛ s ɛ l eː ʃ ]_w
[_w f ɑ j o n ]_w
[_w b ɑ r d n ɛ r ]_w
[_w m oː d s ɛ r ]_w
[_w k ɑ t o n ɑ i ]_w
[_w h oː n ɑ b ]_w
[_w ɑ bː oː l ]_w
[_w o l d ɑ m ]_w
[_w ɑ d u n k ]_w
[_w h iː r ɑ d oː ]_w
[_w ɑ n d r aː ʃ ]_w
[_w k ɑ l eː r i ɑ ]_w
[_w l ɛ s ɛ k b ɛ n ]_w
[_w n eː z n ɛ k ]_w
[_w v i ʃ ɛ l i ]_w
[_w r ɛ m eː ɲ ]_w
[_w l aː ɲ o ɡ ]_w
[_w ɑ m ɛ j ɛ k ɛ n ]_w
[_w ɛ ʃ ɛ tː ]_w
[_w n ɛ h ɛ s ɛ bː ]_w
[_w p i ɑ ts ]_w
[_w t u t ]_w
[_w f ø l t i ]_w
[_w u ɟ ɑ n ɛ z ]_w
[_w t ɛ ɟ y k ]_w
[_w ɑ s eː r t ]_w
[_w f ɑ ɟ i ʃ ]_w
[_w ɛ ɟ ɛ ʃ ]_w
[_w h ɛ j ɛ n ]_w
[_w i d øː m ]_w
[_w l aː t j ɑ ]_w
[_w ɟ ɛ r m ɛ k ]_w
[_w o r z aː ɡ o t ]_w
[_w ɑ hː o z ]_w
[_w v r ɑ n ɡ ]_w
[_w h o ɟ h o ɟ ]_w
[_w h aː s ɑ t ]_w
[_w d eː l ɛ n ]_w
[_w eː r ɛ z d y l ]_w
[_w r eː z ɛ i ]_w
[_w i ʃ m ɛ r i k ]_w
[_w l aː p ɑ ]_w
[_w l eː t ɛ z i k ]_w
[_w p r i t ]_w
[_w m ɛ j ]_w
[_w f ø l t ø n ]_w
[_w l ɛ l k ɛ m ]_w
[_w ʃ o h ɑ ]_w
[_w n aː l ɑ ]_w
[_w k ø s p ɛ n ]_w
[_w d ɑ r t ]_w
[_w l ɛ h ɛ d ]_w
[_w v i d ɛ oː ]_w
[_w o r o z l aː n ]_w
[_w l u ɡ aː tʃ ]_w
[_w l ɛ l ɡ ɛ ]_w
[_w t ɛ r eː n ]_w
[_w j aː r n i ]_w
[_w ɑ m ɛ ɲː i ]_w
[_w ʃ p o r t ]_w
[_w l ɛ ɟ eː l ]_w
[_w j ø tː ɛ m ]_w
[_w eː l ɛ d y n ɡ ]_w
[_w ø r ø mː ɛ l ]_w
[_w v i tː eː ɡ ]_w
[_w r o sː ]_w
[_w b eː l ɑ ]_w
[_w ɑ m ɛ r i k ɑ i ]_w
[_w s ɛ r ɛ t i ]_w
[_w m i oː d ɑ ]_w
[_w m eː j ]_w
[_w h ɑ r ts i ]_w
[_w t r ɑ ɡ i ɡ ]_w
[_w t u l ɑ j t o n ]_w
[_w b i s o ɲ u l d ]_w
[_w o d aː i k ]_w
[_w s ɛ lː ɛ m z i ]_w
[_w ɑ r o n ]_w
[_w eː s t ]_w
[_w m ɑ k aː ɲ o ʃ ]_w
[_w s o l ɡ aː r i ]_w
[_w k ɛ r ɛ ʃ n i ]_w
[_w r ɑ j t ɑ ]_w
[_w n eː b ɛ ]_w
[_w ɛ m ɛ l t ɛ ]_w
[_w n eː p i ]_w
[_w n aː l u n k ]_w
[_w t aː d u m ]_w
[_w k iː n o ʃ ]_w
[_w ɛ l øː tː ɛ ]_w
[_w u t o l ʃ oː ]_w
[_w ɡ y l t eː ʃ ]_w
[_w f ɛ ʃ t øː ]_w
[_w ɛ ʃ eː j ]_w
[_w f r i ʃː ]_w
[_w k y l ø n b ɛ n ]_w
[_w ɡ eː z ]_w
[_w m ɛ r y l n ɛ k ]_w
[_w k ø z ø l t ]_w
[_w b ɛ r ]_w
[_w ʃ o k ]_w
[_w n ɛ m z ɛ t ɛ k ]_w
[_w s ɛ n ɛ ]_w
[_w v i sː ɑ ]_w
[_w k y l v ø l t ]_w
[_w k eː r t eː ʃ ]_w
[_w ʃ t p ]_w
[_w m eː t ɛ r ]_w
[_w ɑ n t r aː ʃ ]_w
[_w ɑ rː ɑ ]_w
[_w k o n d o ʃ ]_w
[_w aː lː n ɑ ɡ ]_w
[_w v ɛ n t i ]_w
[_w f ø l v ɛ l eː ]_w
[_w l ɛ h ɛ t n ɛ ]_w
[_w k o m o j ɑ pː ]_w
[_w h ɑ n k o l ]_w
[_w s iː v ɛ m ]_w
[_w t ø r t eː n t ]_w
[_w m ɛ lː ɛ tː ]_w
[_w j ɑ ʃ b ɛ r ]_w
[_w ɑ z t aː n ]_w
[_w f ɛ ʃ t ɛ r ]_w
[_w f u k ts i u ʃ ]_w
[_w s r d ]_w
[_w b eː n z ]_w
[_w ts eː l r ɑ ]_w
[_w v ɑ ts ɛ p o o k ]_w
[_w f øː ʃ ]_w
[_w o j ɑ n ]_w
[_w k ɛ z ɛ t ]_w
[_w s ɑ b aː j ]_w
[_w tʃ ɑ l aː d o k ]_w
[_w v ɛ ʃ t øː ]_w
[_w ʃ ɑ n ]_w
[_w eː r ɛ z d ɛ ]_w
[_w v eː r j ]_w
[_w m aː ʃ n ɑ k ]_w
[_w iː r oː ]_w
[_w ɡ l u p ]_w
[_w p aː tʃ i ]_w
[_w ɑ sː o ɲ ]_w
[_w l eː p ɛ n ]_w
[_w ɑ z o n b ɑ n ]_w
[_w iː r t ɑ ]_w
[_w k aː r o ʃ o ɡ ]_w
[_w m i j ɛ n ]_w
[_w m ɛ ɲː i ]_w
[_w t ø ɡ ]_w
[_w f aː l i k ]_w
[_w s ɛ m eː v ɛ l ]_w
[_w i tː ɛ n i ]_w
[_w h u m o r ]_w
[_w b ɑ r aː t o ɡ ]_w
[_w ɑ v b ]_w
[_w aː lː ɑ t ]_w
[_w o k o sː ɑ ]_w
[_w m i n d ɛ ɟ ]_w
[_w m ɑ r ɑ t eː k ]_w
[_w m i n t h ɑ ]_w
[_w aː lː o k ]_w
[_w ɛ ɟ eː b ]_w
[_w ɡ ø r y l ]_w
[_w h eː t ]_w
[_w s ɑ v ɑ i t ]_w
[_w ɛ ɟ i ɡ ]_w
[_w p o l o n t ]_w
[_w k eː r ɛ ]_w
[_w u ɟ ɑ n ɛ s ]_w
[_w ɲ o m aː n ]_w
[_w h ɑ t ɑ l ]_w
[_w k u t ɑ t o k ]_w
[_w o l t ɑ l u ɡ ]_w
[_w m ɑ r ɡ i d ]_w
[_w eː l n ɛ ɡ ]_w
[_w m o ʃ o jː ɑ l ]_w
[_w iː z p ɛ n ]_w
[_w t ɑ r t j u k ]_w
[_w ɑ ɡ ɑ r j ɑ ]_w
[_w t aː r ɟ ]_w
[_w aː b r i l i ʃ ]_w
[_w k o r m aː k ]_w
[_w tʃ u p ɑ ]_w
[_w f i nː i ]_w
[_w ʃ o ɡ s o r ]_w
[_w t ø bː eː ]_w
[_w ɑ ɡ ɑ r d ɑ n i ]_w
[_w f eː k r ɛ ]_w
[_w t ɛ ts ɛ m b ɛ ]_w
[_w m eː j eː n ]_w
[_w k iː v aː n d ]_w
[_w r t l ]_w
[_w b aː l i n t u s ]_w
[_w k ø l t øː k ]_w
[_w f o k ɑ d ]_w
[_w h i b aː ʃ ]_w
[_w p ɛ nː ɛ ]_w
[_w b eː n t ɛ ɡ ]_w
[_w t i t ɛ k ɛ ʃ ]_w
[_w f i h ɑ r ]_w
[_w ɛ ɟ r eː s t ]_w
[_w k aː l m aː n ]_w
[_w tʃ o p o r d ]_w
[_w t ɛ l d ]_w
[_w f o k ɑ l m ɑ ʃ ]_w
[_w b o n d ɑ n o m ]_w
[_w r ɛ kː ɛ l ]_w
[_w ɑ n ɡ l i ɑ ]_w
[_w t ø bː i ɛ ɡ ]_w
[_w b ɑ r aː t j ɑ ]_w
[_w m u n ɡ aː j ɑ ]_w
[_w ɲ i l v aː n ]_w
[_w f i ɟ ɛ l ]_w
[_w m ɑ k ɑ t ]_w
[_w ɟ ɑ k r ɑ n ]_w
[_w n ɛ ɟ ɛ t l ɛ ɡ ]_w
[_w ɛ l t ɛ ]_w
[_w tʃ ɑ l aː t ]_w
[_w m ɑ k ɑ m ]_w
[_w i ɡ ɛ n ]_w
[_w s ɛ r ɛ t m eː ɲ ]_w
[_w ɛ ɟ ɑ r aː n t i ]_w
[_w o ɡ o z o tː ]_w
[_w t i s ɑ ]_w
[_w p ɑ r aː t o ɡ ]_w
[_w s o m z eː d ]_w
[_w k ø ɲ v ɛ k ]_w
[_w d eː ɡ ɛ ]_w
[_w ɛ z ɛ m ]_w
[_w m ɑ k aː b ɑ n ]_w
[_w eː t ɛ ʃ ]_w
[_w p aː r i ʃ ]_w
[_w h ɑ v o n d ɑ ]_w
[_w ɑ t j aː k ]_w
[_w t ɛ ɟ ɛ n ]_w
[_w n øː i ]_w
[_w b r i v aː t ]_w
[_w b o n d o l o k ]_w
[_w ɛ l t yː n i k ]_w
[_w v ɑ l ɑ ɡ ]_w
[_w m oː t ]_w
[_w k eː b ]_w
[_w v ɑ n ɛ ]_w
[_w s ɑ ɡ m ɑ i ]_w
[_w t ɛ ʃː eː ɡ ]_w
[_w k ɛ z d ɛ ʃ ]_w
[_w b ɛ nː ɛ ]_w
[_w tʃ o m oː ]_w
[_w n ɑ ɟ o d ]_w
[_w iː m ɛ ]_w
[_w p ɑ r ɑ n tʃ o t ]_w
[_w s aː r t ]_w
[_w s ɛ r b ]_w
[_w d i t ɛ k ɛ l ]_w
[_w h o sː uː ]_w
[_w l ɑ ʃː ɑ n ]_w
[_w tʃ ɛ ɡ eː j ]_w
[_w ø n t ]_w
[_w h ɑ ɟ j u k ]_w
[_w k o r i n t øː ]_w
[_w ɑ n d ]_w
[_w h o b ʃ o n ]_w
[_w f aː r o ʃ t ]_w
[_w t i s ɛ n ]_w
[_w t ø r d eː n d ]_w
[_w t u d ɑ t n ɑ ɡ ]_w
[_w o r s aː k o ʃ ]_w
[_w m ɑ tʃ k ɑ ]_w
[_w n eː ɟ ]_w
[_w m ɑ ɡ ɑ m n ɑ ɡ ]_w
[_w t ɑ r d ɑ ]_w
[_w ɑ ɲ ɑ ]_w
[_w m ɛ ɟ ɛ k ]_w
[_w v eː ɡ l ɛ ɡ ]_w
[_w ʃ o l t ɛ ɛ ]_w
[_w ɛ l ʃ øː ]_w
[_w v i s o n d ]_w
[_w ɛ m p ɛ r ]_w
[_w ɑ s o nː ɑ l i ]_w
[_w k ɛ ɲ eː r ]_w
[_w l aː tː aː k ]_w
[_w v ɑ j o n ]_w
[_w u c ɑ n ]_w
[_w aː lː t ɑ ɡ ]_w
[_w ɡ ɛ t f ɛ ]_w
[_w eː ɡ i ]_w
[_w s oː v ɑ l ]_w
[_w h ɑ ɟ j aː k ]_w
[_w ɲ o m b ɑ d o n ]_w
[_w n ɑ p j ɑ ]_w
[_w t ɑ r t o m ]_w
[_w iː z b ɛ n ]_w
[_w n ɛ m r eː ɡ ]_w
[_w ɛ l m uː l d ]_w
[_w h aː z ɑ ]_w
[_w ɲ i t v ɑ ]_w
[_w ɛ v ɛ j n ]_w
[_w m i n ]_w
[_w o r s aː k ]_w
[_w h ɛ j z ɛ t ɛ k ]_w
[_w ɛ l i n t ]_w
[_w v ø l ]_w
[_w ɑ l u d n i ]_w
[_w l ɛ v ɛ ɡ øː t ]_w
[_w d i s ɑ ]_w
[_w t u d ]_w
[_w eː r z ɛ l m i ]_w
[_w f ɛ j eː d ]_w
[_w ɑ u t oː t ]_w
[_w t ɑ n k l i ɑ ]_w
[_w m ɛ j b ɛ n ]_w
[_w u ɟ ɑ n ɑ z ]_w
[_w r ɛ k l aː m ]_w
[_w ɑ b ɑ ]_w
[_w f i l aː ɡ ]_w
[_w t ɛ l ɛ n ]_w
[_w p o n t ]_w
[_w v eː l n ɛ k ]_w
[_w eː jː ɛ l ]_w
[_w i ʃ k o l aː k ]_w
[_w s ɛ r ɛ p eː d ]_w
[_w p o l i d i ɡ ɑ ]_w
[_w l ɑ ɡ oː k ]_w
[_w k o r aː bː i ]_w
[_w r aː t ]_w
[_w ɑ z o n o ʃ ]_w
[_w v i l aː ɡ o ʃ ]_w
[_w i d ɛ o d ɑ ]_w
[_w iː r t ɑ k ]_w
[_w f eː ɡ y l ]_w
[_w r ø ɡ t ø n ]_w
[_w ɟ o r ʃ ɑ pː ]_w
[_w t ø n d ]_w
[_w v i aː t ]_w
[_w m i n d ɑ z t ]_w
[_w ɛ ɲ eː m ]_w
[_w v aː l ɑ z ɑ ]_w
[_w v ɑ ɟ i ʃ ]_w
[_w t eː n ɛ ʃ ]_w
[_w t ø bː ]_w
[_w ɛ l n ø k ɛ ]_w
[_w f i l m ɛ t ]_w
[_w ɛ ɟ y tː ]_w
[_w l ɛ z ]_w
[_w t ɛ n ɡ i n ɛ k ]_w
[_w t ɛ nː i ]_w
[_w s oː l t ]_w
[_w ɑ l i ]_w
[_w l ɛ v øː ]_w
[_w j u t o tː ɑ ]_w
[_w k eː r n i ]_w
[_w m aː r ɡ ɑ ]_w
[_w y ɟ v eː l ]_w
[_w m u t ɑ d oː ]_w
[_w i ʃ t ɛ nː ɛ l ]_w
[_w f o j oː ]_w
[_w o l ɑ z ]_w
[_w s ɛ r ɛ z d y l ]_w
[_w r eː ɡ ɛ n ]_w
[_w n o h ɑ ]_w
[_w r ɛ m ɛ k y l ]_w
[_w aː l d ɑ l ɑ ]_w
[_w ø r ø k ]_w
[_w t ɑ n aː tʃ o t ]_w
[_w m i k ø s b ɛ n ]_w
[_w b o z i d iː v ]_w
[_w h ɛ j ɛ tː ɛ ]_w
[_w p o n t o ʃ ]_w
[_w t ɛ ʃ t ]_w
[_w d øː l y n ɡ ]_w
[_w h o l o tː ]_w
[_w s eː l eː n ]_w
[_w t i d k ɑ ]_w
[_w ɲ ɛ r t ɛ m ɛ ʃ ]_w
[_w ʃ o h ɑ ʃ ɛ m ]_w
[_w ɑ k i k n ɛ k ]_w
[_w eː v ɛ n ]_w
[_w eː l øː ]_w
[_w k ɛ m eː ɲ ]_w
[_w s i l aː r t ]_w
[_w tʃ ø kː ɛ n t ]_w
[_w r ɛ m eː l ɛ m ]_w
[_w ɑ nː ɑ ]_w
[_w s aː lː ]_w
[_w eː l ɛ ɡ ]_w
[_w iː r o ɡ ]_w
[_w k ø z y l y k ]_w
[_w p ɛ n ɑ ʃː i ʃ ]_w
[_w p l o k o d ]_w
[_w j ɑ b aː n ]_w
[_w j ɑ ʃ p ɛ r ]_w
[_w s aː l ]_w
[_w p l o k o t ]_w
[_w k i l oː ]_w
[_w ɑ tː i k ]_w
[_w k i ɑ d oː ]_w
[_w h eː d v øː ]_w
[_w j aː r d ɑ ]_w
[_w f i ɟ ɛ l n i ]_w
[_w ɑ pː ɑ ]_w
[_w t u t o d ]_w
[_w f aː r o ʃ o k ]_w
[_w h ɑ t ]_w
[_w p ʃ i ts o n ]_w
[_w m ɛ n t ]_w
[_w v ɛ sː y k ]_w
[_w f ɛ dː ɛ k ]_w
[_w t iː p u ʃ uː ]_w
[_w t i s t ɛ r ]_w
[_w s o m o r uː ]_w
[_w ɛ m ɛ ]_w
[_w b i lː ɑ n ɑ t ]_w
[_w f o j i k ]_w
[_w h ɑ z ɑ i ]_w
[_w s yː k ]_w
[_w f eː v ɛ ]_w
[_w ɛ m i ɑ tː ]_w
[_w ø r m eː ɲ ]_w
[_w ɟ ɛ n ɡ ɛ t ]_w
[_w v i tː ɛ ]_w
[_w b eː ɡ eː t ]_w
[_w d øː l y n k ]_w
[_w n o i r t i ɛ r ]_w
[_w s eː d ]_w
[_w k ɛ l t ]_w
[_w b aː r m ɛ j ]_w
[_w h ɑ n ɡ u l ɑ t ]_w
[_w ɑ m i oː t ɑ ]_w
[_w h i tː ɛ ]_w
[_w t u d j ɑ ]_w
[_w ɑ l ɑ p u l ]_w
[_w z ɛ r ɡ ɛ j ]_w
[_w i d ɛ i ]_w
[_w r ɛ ɑ k ts i oː ]_w
[_w p i s t o ʃ ]_w
[_w ø t v ɛ n ]_w
[_w ɑ u d oː ʃ o ɡ ]_w
[_w l ɑ ɡ ɑ d ]_w
[_w m aː ʃ i k ɑ t ]_w
[_w s o m b ɑ n ]_w
[_w f o n t o l j ɑ ]_w
[_w s y k ʃ eː ɡ ɛ ]_w
[_w ɡ ɛ v ɛ ʃ ]_w
[_w m ɛ ɟ ɛ ]_w
[_w v ɑ l ɑ k uː ]_w
[_w i b ɑ r i ]_w
[_w d ɛ n k i ]_w
[_w k ø z ø ʃ ɛ n ]_w
[_w aː t l ɑ k o ʃ ]_w
[_w h ɑ ɟ o m aː ɲ ]_w
[_w k iː v aː n ]_w
[_w n ɑ b o ʃ ]_w
[_w b r o v i ]_w
[_w f i ɑ m ]_w
[_w k ø v ɛ t n i ]_w
[_w v i t aː t ]_w
[_w aː lː oː ]_w
[_w m eː r t ]_w
[_w oː r aː k ]_w
[_w m i n t i ]_w
[_w m ɑ r ]_w
[_w tʃ u p aː n ]_w
[_w r ɑ j d ɑ ]_w
[_w eː p y l ɛ t ]_w
[_w n øː n ɛ k ]_w
[_w ɑ v r i ɡ ɑ i ]_w
[_w ɛ l v o n t ɑ ]_w
[_w t ø r ɛ k ]_w
[_w v i l aː k o n ]_w
[_w i k eː ɲ b ɛ ]_w
[_w oː r aː ʃ ]_w
[_w s ɛ r ɛ s t y l ]_w
[_w ʃ y l d ]_w
[_w t øː l ɛ m ]_w
[_w p ɛ r ts ]_w
[_w s ɛ r ɛ t i ɡ ]_w
[_w p ɛ n d ]_w
[_w eː l t ]_w
[_w i r aː ɲ t ]_w
[_w i t øː k ]_w
[_w j ɑ n u aː r ]_w
[_w k u k u ]_w
[_w s ɛ r t ]_w
[_w h iː r ɛ k ]_w
[_w j aː r t ]_w
[_w iː r oː i ]_w
[_w f y ɡː øː ɛ n ]_w
[_w r o b ɛ r ]_w
[_w f ɛ tː eː ɡ ]_w
[_w ts iː mː ɛ l ]_w
[_w p ɑ r ɑ n tʃ o d ]_w
[_w ɛ r øː ]_w
[_w o tː h o n ]_w
[_w k r oː v j ɑ ]_w
[_w j aː r t aː n ]_w
[_w t aː r ɟ ɑ k ]_w
[_w l eː t ]_w
[_w f i l aː k b ɑ ]_w
[_w t u d n eː ɡ ]_w
[_w m eː l t oː ]_w
[_w m eː ɡ ]_w
[_w ɑ ɡ t iː v ]_w
[_w v ɛ p r u aː r ]_w
[_w f i n o m ]_w
[_w f aː r n i ]_w
[_w l aː b ɑ m ]_w
[_w b ɑ r t ]_w
[_w v o k u n ɡ ]_w
[_w f ɛ j ɛ ]_w
[_w k ø z ø ɡ ]_w
[_w b ɑ p ]_w
[_w n i n tʃ ]_w
[_w s i n d eː s ɛ t ]_w
[_w aː lː v ɑ ]_w
[_w l ɛ nː eː n k ]_w
[_w p ɑ r aː d ]_w
[_w eː l ɛ k ]_w
[_w n ɛ k ɛ m ]_w
[_w j ø jː ø n ]_w
[_w j ɛ l ɛ z d ɛ tː ]_w
[_w d ɛ tː ɛ ]_w
[_w ɑ j t oː ]_w
[_w i r aː n d ]_w
[_w ʃ b o r d ]_w
[_w f o k j aː k ]_w
[_w ʃ o r ]_w
[_w v ɛ j ]_w
[_w h ɛ j eː t ]_w
[_w b aː r i ʃ i ]_w
[_w b k f ]_w
[_w n ɛ v ɛ z i ]_w
[_w m ɛ n d ɛ ]_w
[_w l ɛ iː r n i ]_w
[_w s aː n t eː ɡ ]_w
[_w ɛ r ɛ j ɛ ]_w
[_w t ɛ l ɛ n t ]_w
[_w ɛ l øː s ø r ]_w
[_w s ɛ r s øː j ɛ ]_w
[_w p eː l t ɑ ]_w
[_w k ɛ v ɛ ʃ ɛ bː ]_w
[_w ø r ø m ɛ t ]_w
[_w ɛ n t r ɛ ɑ ]_w
[_w v o t oː ]_w
[_w i n ɟ ɛ n ɛ k ]_w
[_w i ɡ ɛ n i ʃ ]_w
[_w k ø z n ɑ b i ]_w
[_w ɑ sː ɛ m ]_w
[_w eː l n ɛ k ]_w
[_w h i d ɛ k ]_w
[_w f eː ɡ ɛ t ]_w
[_w f ɑ l ɑ m i ]_w
[_w t i z ɛ n ]_w
[_w uː ɟ h o c ]_w
[_w b l o k ]_w
[_w ɛ r øː f ɛ l ]_w
[_w p i z t o ʃ ɑ n ]_w
[_w t ø l d ø tː ]_w
[_w k o r z ɑ k ]_w
[_w ɛ ɟ eː p ]_w
[_w k i t yː n øː ]_w
[_w i m eː n d ]_w
[_w u n i oː ]_w
[_w b i s o ɲ ]_w
[_w h o zː ɑ ]_w
[_w k o r ɛ ɑ ]_w
[_w k iː n ɑ i ]_w
[_w m i n t i ɡ ]_w
[_w k ø z b o n t ]_w
[_w s ɛ r ɛ p l øː ]_w
[_w r ø v i d ɛ z ]_w
[_w i l o k ɑ n ]_w
[_w ɛ ʃ ɛ d b ɛ n ]_w
[_w h iː r ɛ k ɛ t ]_w
[_w m aː t eː ]_w
[_w k ɑ b s ]_w
[_w l aː tː ɑ k ]_w
[_w b o n t o tː ]_w
[_w ɑ ɡ i n ɛ k ]_w
[_w ɑ n ɟ ɑ l ]_w
[_w ɛ l ɑ t ɑ t ɑ ]_w
[_w p eː n z d ]_w
[_w d u t o m aː ɲ ]_w
[_w k eː t s ɛ r ]_w
[_w k o n d o ɡ ]_w
[_w ɛ n k ɛ m ]_w
[_w k r i t i ɡ ɑ ]_w
[_w l ɛ n d ]_w
[_w ts eː k ɛ ɡ ]_w
[_w ɟ ø r ɟ ]_w
[_w uː j ʃ aː ɡ ]_w
[_w p i b l i ɑ i ]_w
[_w f o ɡ v ɑ ]_w
[_w m ɛ ʃ ɛ ]_w
[_w ʃ i k ɛ r ɛ ʃ øː ]_w
[_w ɑ h o ɟ ɑ n ]_w
[_w m u d ɑ tː ɑ ]_w
[_w o j ɑ t ]_w
[_w b ɑ p o k b ɑ n ]_w
[_w f ɛ j eː p ɛ n ]_w
[_w i n k aː bː ]_w
[_w ɛ l eː ]_w
[_w t h o m ɑ ʒ ]_w
[_w m i v ɛ l ]_w
[_w l aː s aː r ]_w
[_w z ɛ m eː j ɛ bː ]_w
[_w eː l ɛ t ]_w
[_w l ɑ k aː ʃ ]_w
[_w v o ɡ z ]_w
[_w ɛ ʃ ɛ t ]_w
[_w j o ɡ o ʃ ]_w
[_w v eː r ɛ ʃ ]_w
[_w t ø l t ɛ n i ]_w
[_w i n d ɛ ɟ ]_w
[_w m ɛ ɡ t ɛ k ]_w
[_w ɛ r t eː j ]_w
[_w l aː d j u k ]_w
[_w ɛ s eː r t ]_w
[_w b ɛ l y l ]_w
[_w v ɑ l ɑ m i ]_w
[_w j u d o tː ɑ ɡ ]_w
[_w v ɛ tː ɛ m ]_w
[_w o l t ɑ k ]_w
[_w ø nː ɛ k ]_w
[_w u t ɑ n ]_w
[_w ɛ z ɛ r ]_w
[_w m ɛ j ɛ t ]_w
[_w d ɑ l aː l o ʃ ]_w
[_w s i k o r ]_w
[_w oː r aː r ɑ ]_w
[_w f ɑ l u ]_w
[_w t ɑ n uː i ]_w
[_w l aː t n ɑ k ]_w
[_w t ø r f eː ɲ t ]_w
[_w f i ɑ ]_w
[_w y z l ɛ t i ]_w
[_w v ɛ tː ɛ k ]_w
[_w j ɛ l ø l d ]_w
[_w i n d o n eː s ]_w
[_w m o n t o l t ]_w
[_w s o l t aː l ]_w
[_w m ɑ k u n ɡ ]_w
[_w ɑ z ɑ z ]_w
[_w k eː s y l øː k ]_w
[_w p u s t aː n ]_w
[_w k r i t i ts ɑ l ]_w
[_w h ɑ n k ]_w
[_w ɛ ɟ m aː ʃ ]_w
[_w b r i n k ɑ ]_w
[_w j aː r t ɑ ]_w
[_w s eː ts h ɛ ɲ i ]_w
[_w ɑ u s t r aː l ]_w
[_w i t øː s ɑ k ]_w
[_w k ø z b o n t ɑ ]_w
[_w ɑ m i r øː l ]_w
[_w t ɛ aː ɡ ]_w
[_w l aː d s o tː ]_w
[_w s i n d ɛ n k i ]_w
[_w ɑ l ɡ ɑ l m ɑ ʃ ]_w
[_w m ɛ ɟ ɛ ɡ ]_w
[_w eː j z ɑ ɡ ɑ i ]_w
[_w r ɛ ɡ l aː m ]_w
[_w m u d ɑ t o t ]_w
[_w k ɑ r aː tʃ o ɲ ]_w
[_w tʃ i n aː l ]_w
[_w l ɛ s ɛ l n i ]_w
[_w ɑ d t aː ɡ ]_w
[_w o k o k b oː l ]_w
[_w m o d ɛ lː ]_w
[_w ɑ k aː r tʃ ɑ k ]_w
[_w n ɛ m z ɛ d ]_w
[_w ɛ z ɛ k n ɛ k ]_w
[_w ɡ eː p ɛ t ]_w
[_w j ɛ l z i ]_w
[_w m i k ø z b ɛ ]_w
[_w ɑ m ɛ j b øː l ]_w
[_w ʃ v aː j ts i ]_w
[_w v o j t ɑ t n i ]_w
[_w f i tː ]_w
[_w h iː r ]_w
[_w aː lː ɑ p o t ]_w
[_w k o m o j ]_w
[_w f o k ]_w
[_w v ɑ k ]_w
[_w k o r ɑ p ɛ l i ]_w
[_w ts eː l b ɑ ]_w
[_w ɑ m ɛ ɲː i r ɛ ]_w
[_w tʃ i lː ɑ k o k ]_w
[_w n ɛ f eː n ]_w
[_w k ɛ r ɛ z n i ]_w
[_w m ɛ n j ɛ n ]_w
[_w k ø ɲ v eː t ]_w
[_w t ɛ z y n k ]_w
[_w k ø ɲː ɛ n ]_w
[_w ʃ i d oː k ]_w
[_w n ɛ h eː s ]_w
[_w l ɛ nː i ]_w
[_w eː l ɛ t y k ]_w
[_w f ɛ l ɛ dː ]_w
[_w s ɑ p aː j o k ]_w
[_w s ɛ m ɛ m ]_w
[_w ɑ v r i k ɑ ]_w
[_w l eː ɲ ɛ ɡ ]_w
[_w k ø r eː b ɛ n ]_w
[_w n ø v ɛ k ɛ t i ]_w
[_w s ɛ r z øː i ]_w
[_w f i uː ]_w
[_w k r oː f ]_w
[_w d u d n i ]_w
[_w n ɑ b i ]_w
[_w p y z ɡ ɛ ]_w
[_w t i z ɑ ]_w
[_w t o l k o ɡ ɑ d ]_w
[_w eː l øː b ɛ n ]_w
[_w z ɑ v ɑ r oː ]_w
[_w ɑ m i h ɛ z ]_w
[_w ɛ l ɑ d ɑ d o ʃ ]_w
[_w k o n t ]_w
[_w m ɑ k ɑ ʃ ɑ bː ]_w
[_w m ɑ k ɑ mː ɑ l ]_w
[_w b i z o ɲː ɑ l ]_w
[_w f ɑ l oː ʃ ]_w
[_w k ɛ r y l t ]_w
[_w o k t oː b ɛ r t ]_w
[_w uː t r ɑ ]_w
[_w i ʃ t ɛ n i ]_w
[_w t ɑ k j ɑ ]_w
[_w j ɛ lː ɛ m ɛ ʃ ]_w
[_w eː r d i ]_w
[_w i k ɑ z ɑ d ]_w
[_w ɛ n k ɛ t ɛ k ]_w
[_w f eː r v i ]_w
[_w s ɑ v ɑ i d ]_w
[_w b ɛ z eː l ]_w
[_w ʃ ɛ n ɡ i n ɛ ɡ ]_w
[_w n eː s ]_w
[_w u n ɑ l m ɑ ]_w
[_w ʃ ɑ j t oː d ]_w
[_w m ɛ n t y n k ]_w
[_w m o n t ɑ n o m ]_w
[_w o t ɑ ]_w
[_w v o n ]_w
[_w s eː ɡ ɛ j ]_w
[_w l i ʃ t ɑ ]_w
[_w t ɛ j ɛ d ]_w
[_w f i l aː k o t ]_w
[_w m ɑ k aː v ɑ l ]_w
[_w m u ʃ o r o n ]_w
[_w y z ɛ n ɛ k ]_w
[_w ɛ s k ø z ]_w
[_w d ɑ n aː tʃ o d ]_w
[_w iː r t aː ɡ ]_w
[_w ts eː l t ]_w
[_w v i s i ɡ ]_w
[_w h o sː ɑ pː ]_w
[_w ɲ u k t iː j ]_w
[_w s t aː r ]_w
[_w i r o t ɑ l o ɡ ]_w
[_w p aː r ]_w
[_w t aː r ɟ ɑ ɡ ]_w
[_w ɛ ʃ ɛ d ]_w
[_w k ɛ z eː p ɛ n ]_w
[_w ɛ z ɛ k ]_w
[_w ɛ ɟ m aː ʃ t ]_w
[_w ɑ ɡ ɑ t ]_w
[_w b ɑ l ɑ t ]_w
[_w p ɑ l aː ʃ ]_w
[_w m u n k aː j ɑ ]_w
[_w uː ɟ ʃ ɛ m ]_w
[_w k ø l t øː ]_w
[_w n ɛ m z ɛ t ]_w
[_w n o r v eː ɡ ]_w
[_w t o p o s ]_w
[_w m ɑ k ɑ z i n ]_w
[_w h y j ɛ ]_w
[_w t ɛ ɡ n ɑ p ]_w
[_w n ɛ m ɛ ʃ ]_w
[_w p eː n z eː t ]_w
[_w k y l t ɛ n i ]_w
[_w l ɛ nː ɛ k ]_w
[_w ɑ m i j ɛ n ]_w
[_w p ɛ r z ɛ tː ]_w
[_w j o ɡ ]_w
[_w v i ts o m t ɛ ]_w
[_w ɛ m p ɛ ]_w
[_w t u t o m aː ɲ ]_w
[_w ø r ɛ ɡ z i k ]_w
[_w ɡ o r s ɑ k ]_w
[_w ɡ i l oː ]_w
[_w v o r k ɑ l o m ]_w
[_w ɛ l h u ɲ t ]_w
[_w m ɛ ɲː i r ɛ ]_w
[_w t ø r t eː n d ]_w
[_w t ɛ k i n t ]_w
[_w ɑ ɲ u k ɑ ]_w
[_w ɛ k eː s ]_w
[_w k r ɛ ɑ t iː v ]_w
[_w ɑ m ɛ j b ɛ ]_w
[_w v ɛ zː y k ]_w
[_w eː r d ɛ ɡ ɛ t ]_w
[_w ɛ l t eː r øː ]_w
[_w eː l ɛ t ɛ m ]_w
[_w v ɛ r ʃ ɛ ɲ t ]_w
[_w ɑ k aː r tʃ ɑ ɡ ]_w
[_w ɛ ɟ ɛ ɟ ]_w
[_w ɑ d o k ɑ t ]_w
[_w m i n d ɛ m ]_w
[_w v ɑ lː aː ʃ ]_w
[_w r ø v i d ɛ bː ]_w
[_w ɡ i tʃ i ]_w
[_w t o k t o r ]_w
[_w iː ɡ eː r ɛ k ]_w
[_w eː j z ɑ k ɑ d ]_w
[_w ɑ m ɛ j i ɡ ]_w
[_w v eː ɡ eː n ]_w
[_w s o f t v ɛ r ]_w
[_w ɑ ɲ ɑ k o d ]_w
[_w p o l ɡ aː r ]_w
[_w s ɛ r ɛ tː ɛ m ]_w
[_w p r o v i l ]_w
[_w f eː ɡ i k ]_w
[_w s ɑ b aː j ɑ i ]_w
[_w m i ɑ tː ]_w
[_w ɑ ɡ ɑ r j aː t ]_w
[_w t o v aː bː ]_w
[_w k ø z b ɛ ]_w
[_w h ɑ ɟ j u ɡ ]_w
[_w h iː r ɛ ɡ ]_w
[_w ɑ l i ɡ ]_w
[_w iː r o k ]_w
[_w m oː z ]_w
[_w k ɑ p u n k ]_w
[_w k ø s ø l t ]_w
[_w t ɛ m b l o m ]_w
[_w h ɑ n k u l ɑ t ]_w
[_w v ɛ l ɛ ]_w
[_w ɑ t ɑ t o ɡ ]_w
[_w r eː k oː t ɑ ]_w
[_w ɡ r i d i ts ɑ l ]_w
[_w o j ɑ nː ɑ k ]_w
[_w f i ʃ ɛ l t ]_w
[_w ɑ l ɑ tː ɑ ]_w
[_w t ɑ l aː l o ʃ ]_w
[_w eː r t ɛ m ɛ ʃ ]_w
[_w ɛ l ɛ j eː n ]_w
[_w k ɛ r ɛ ʃ i k ]_w
[_w p ɛ s eː l n i ]_w
[_w ø zː ɛ ɡ ]_w
[_w l aː t n i ]_w
[_w k ɛ d v ɛ m ]_w
[_w m ɛ ɡ s yː n d ]_w
[_w h ɛ j eː n ]_w
[_w t ɑ r d o tː ɑ m ]_w
[_w s ɛ lː ɛ m ]_w
[_w ɛ r øː ʃ ɛ bː ]_w
[_w s ɛ m ]_w
[_w ɑ sː o ɲ o m ]_w
[_w f ø r ø ʃ ]_w
[_w k ø z ø n ø m ]_w
[_w o j ɑ d ]_w
[_w v ɑ l oː b ɑ n ]_w
[_w ɛ l m ɛ n d eː n ]_w
[_w k ɛ o r k ɛ ]_w
[_w s ɛ r ɛ t ɛ t ]_w
[_w ɛ ʃ ɛ m eː ɲ t ]_w
[_w m u d ɑ d ]_w
[_w j oː t ]_w
[_w m z b ]_w
[_w i ʃ m ɛ r j y k ]_w
[_w f o ɡ l ɑ l j ɑ ]_w
[_w ɑ m i ɑ tː ]_w
[_w v aː r t ɑ m ]_w
[_w t o l o m ]_w
[_w k ɛ s ɛ l ]_w
[_w b i z o ɲ ]_w
[_w t r ɑ k i k ]_w
[_w s ɛ r i n d ɛ n ]_w
[_w l i n ɡ ɛ k ]_w
[_w u c ɑ n ɑ z ]_w
[_w s oː f ɑ l ]_w
[_w b o ɲ o l u l t ]_w
[_w k ø r eː b ɛ ]_w
[_w n eː s t ɛ m ]_w
[_w ʃ i k ɛ rː ɛ l ]_w
[_w m ø ɡ eː ]_w
[_w j aː d eː ɡ ]_w
[_w v eː r v i ]_w
[_w j o l ]_w
[_w f i l m ]_w
[_w p ɑ r aː t i ]_w
[_w s aː m o l ]_w
[_w h øː ʃ ]_w
[_w ʃ ɛ n ɡ i ]_w
[_w ɑ m i eː r t ]_w
[_w v ɛ j eː t ]_w
[_w r eː z ]_w
[_w tʃ ɛ n t ɛ ]_w
[_w ɡ i ʃː eː ]_w
[_w ʃ o r o k ]_w
[_w k ɛ r y l ɛ t ]_w
[_w b o l i t i ɡ ɑ ]_w
[_w t ɛ t s ɛ tː ]_w
[_w o l v ɑ ʃ n i ]_w
[_w v ɛ z ɛ t ɛ tː ]_w
[_w ɑ m i p ɛ n ]_w
[_w k ø r ]_w
[_w tʃ ɑ k ]_w
[_w d ø r v eː ɲ ]_w
[_w b ɛ n d ]_w
[_w ɑ ɲː i t ]_w
[_w l ɛ ɡ j o bː ]_w
[_w ɡ o r ɑ i ]_w
[_w p r i n k aː bː ]_w
[_w uː t j aː n ]_w
[_w o ɡ o ʃ ]_w
[_w t o j aː ʃ ]_w
[_w f ɛ ʃ t ɛ ]_w
[_w k o r aː n ]_w
[_w v ɛ l y n ɡ ]_w
[_w h iː v j aː k ]_w
[_w k o r i ]_w
[_w s i n t yː ]_w
[_w ʃ o l d ɛ ]_w
[_w ɑ n t r ɛ ɑ ]_w
[_w b aː t o r ]_w
[_w ɛ ɟ ɛ t i ɡ ]_w
[_w m aː ʃ n ɑ b ]_w
[_w m yː v eː s ]_w
[_w r ɛ n d ɛ t ]_w
[_w ɛ ʃ t ]_w
[_w m i d ]_w
[_w f o r k ɑ l m ɑ ]_w
[_w ɛ l eː ɡː eː ]_w
[_w m eː ɡ ʃ ɛ ]_w
[_w m ɛ nː ɛ ɡ ]_w
[_w ɡ eː r t ]_w
[_w i d øː ʃ ɛ bː ]_w
[_w s oː p ɑ n ]_w
[_w m eː j ɛ n ]_w
[_w ɛ z ɛ ɡ n ɛ k ]_w
[_w ts ɑ v o r ]_w
[_w t eː l ]_w
[_w h ɑ v i ]_w
[_w v ɛ r ɛ n ts ]_w
[_w ɲ ɛ r t ]_w
[_w b ɛ r ts ɛ ʃ ]_w
[_w ʃ o r ʃ ɑ ]_w
[_w l o v ɑ ʃ ]_w
[_w ɡ eː p ɛ n ]_w
[_w d ø bː ]_w
[_w v ɛ nː i ]_w
[_w p y s k ɛ ]_w
[_w i d eː z ɛ tː ]_w
[_w s oː l d ɑ m ]_w
[_w ʃ v eː t ]_w
[_w v aː j ]_w
[_w m yː ɑ ɲ ɑ k ]_w
[_w v aː l i ɡ ]_w
[_w u t ts aː k ]_w
[_w m eː j ɛ ʃ ]_w
[_w m i n t ]_w
[_w i r o d ɑ l o m ]_w
[_w t ɛ s ɛ ʃ ]_w
[_w ɑ ɡ ɑ r o m ]_w
[_w v o ɡ ɑ l m ɑ ʃ ]_w
[_w f ɛ l ɛ l ]_w
[_w aː r t ]_w
[_w l ɛ k t ø bː ]_w
[_w h i s ]_w
[_w ɑ t ɑ ɡ ]_w
[_w m i t ]_w
[_w ɑ n d r ɛ ɑ ]_w
[_w eː r s ɛ l m i ]_w
[_w d ɛ z i k ]_w
[_w ɛ ʃ ɛ m eː ɲ ]_w
[_w t o l o ɡ ]_w
[_w v ɛ r z i oː ]_w
[_w n ɑ ɟ ]_w
[_w t eː r b ɛ n ]_w
[_w t u n ɑ ]_w
[_w ɑ l ʃ oː ]_w
[_w v ɛ l aː lː t ]_w
[_w o k b oː l ]_w
[_w eː r t ɛ k ]_w
[_w s i n t ɛ r n ]_w
[_w v o l t ]_w
[_w ʃ o k aː i k ]_w
[_w m ɛ ɡ h ɑ l ]_w
[_w k r i t i k ɑ ]_w
[_w ɛ z ɛ ɡ ]_w
[_w k ø z t i ]_w
[_w j aː r d ]_w
[_w l ɛ h ɛ t ɛ ɡ ]_w
[_w t ɑ r ɑ p o t ]_w
[_w eː l y n ɡ ]_w
[_w y z ɛ n ɛ t ]_w
[_w t ɑ l aː n ]_w
[_w j ɑ m ɛ ʃ ]_w
[_w ɛ nː ɛ k ]_w
[_w m ɑ ɡ u n ɡ ɑ t ]_w
[_w iː r j ɑ ]_w
[_w ʒ o ɡ s o r ]_w
[_w i ʃ m ɛ r ɛ d ]_w
[_w h iː r ɛ ʒ ]_w
[_w h ɑ n ɡ ]_w
[_w p r i n k aː t ]_w
[_w b ɛ n ɑ ʃː i ʃ ]_w
[_w j ɛ l z øː ]_w
[_w d eː r ɛ ]_w
[_w ɑ m uː ɟ ]_w
[_w f aː c i ɡ ]_w
[_w uː j ɑ t ]_w
[_w j ø nː ɛ ɡ ]_w
[_w n ɑ ɟ r eː s t ]_w
[_w l eː l ɛ k ]_w
[_w i d øː k ]_w
[_w tʃ ɛ k eː j ]_w
[_w ɑ l k ɑ l o m ]_w
[_w m o n d j ɑ m ]_w
[_w f ɛ r ɛ n ts ]_w
[_w f o j ɑ m ɑ t ]_w
[_w b ɛ r z ɛ tː ]_w
[_w eː r t ɛ ɡ ɛ t ]_w
[_w ɛ ɡ eː z ɛ n ]_w
[_w ɑ l oː l ]_w
[_w l aː tː u n k ]_w
[_w b ɑ j ]_w
[_w t u t j o n ]_w
[_w t yː s ]_w
[_w f o ɡ ]_w
[_w t ɛ r j uː ]_w
[_w l eː d ]_w
[_w f i ʃ ɛ l i ]_w
[_w k i t ]_w
[_w n eː zː ɛ ]_w
[_w t ɑ r ɑ p ]_w
[_w n ɛ ɡ ]_w
[_w k eː p ɛ t ]_w
[_w t ɑ f ɑ j ]_w
[_w t u t i ]_w
[_w m ɑ k ɑ ]_w
[_w p u ɟ i n ]_w
[_w v eː l r ɛ ]_w
[_w eː l d ]_w
[_w ɛ r t eː j i ]_w
[_w d ɛ aː k ]_w
[_w o tː ɑ n i ]_w
[_w f ɛ j l ɛ tː ]_w
[_w f ɑ l ɑ k i ]_w
[_w h aː l aː ʃ ]_w
[_w aː lː ɑ p o d ]_w
[_w s i k ɛ d ]_w
[_w ɑ z o ɡ r oː l ]_w
[_w k ɛ tː øː ʃ ]_w
[_w eː l t ɛ ɡ ]_w
[_w v i ɑ m ]_w
[_w ɑ tː oː l ]_w
[_w m aː ʃː ɑ l ]_w
[_w o l tʃ oː ]_w
[_w ɛ zː ɛ l ]_w
[_w ɛ s ɛ k b ɛ n ]_w
[_w h iː r ɑ t oː ]_w
[_w t y z ɛ t ]_w
[_w ɑ p aː m ]_w
[_w v ɑ nː ɑ ɡ ]_w
[_w t u d t u n k ]_w
[_w f ɛ t ]_w
[_w m ɛ n j y n ɡ ]_w
[_w p ɛ r ts b ɛ n ]_w
[_w ɑ ɲ ɑ k i ]_w
[_w j aː r n ɑ k ]_w
[_w v ɛ ɟ ɛ ]_w
[_w z r t ]_w
[_w f ɑ ɟ t o k ]_w
[_w k o tʃ i ]_w
[_w v eː l ɛ ]_w
[_w b ɛ ɑ u ɟ k ɑ ]_w
[_w ø n m ɑ k ɑ ]_w
[_w ɲ ɛ l v ɛ t ]_w
[_w n o r v eː k ]_w
[_w v ɑ l oː p ɑ n ]_w
[_w z ø v ɛ k s i k ]_w
[_w t u d i ]_w
[_w k eː ɡ ]_w
[_w ʃ i ɛ t ɛ tː ]_w
[_w m i n i m u m ]_w
[_w f ɑ l ɑ h ɑ ]_w
[_w f ɑ l oː ʒ ]_w
[_w t aː v i d ]_w
[_w ɑ dː i k ]_w
[_w p ɛ l y l i ]_w
[_w p ɑ u l i n ɑ ]_w
[_w f ɛ l n øː tː ]_w
[_w v ɑ l oː ]_w
[_w ø sː ɛ ʃ ɛ n ]_w
[_w u ɟ ɑ n ɑ z t ]_w
[_w m aː ʃ i k r ɑ ]_w
[_w m aː r ɑ ]_w
[_w k r i s t u ʃ ]_w
[_w h i t ɛ ɡ ɛ ʃ ]_w
[_w l aː d v aː ɲ ]_w
[_w tʃ o b o r d o k ]_w
[_w u t oː l ɑ k ]_w
[_w tʃ ɑ l aː t o m ]_w
[_w h ɑ n ɡ o ʃ ]_w
[_w ɡ ɛ z d i ]_w
[_w d ø n d eː ʃ ]_w
[_w s ɛ lː ɛ m ɛ ]_w
[_w m yː v ɛ ɡ ]_w
[_w v aː l ɑ z ]_w
[_w h ɑ n k o l u l ]_w
[_w i ʃ k o l aː ɡ ]_w
[_w k o r b ɑ n ]_w
[_w r ø v i t ɛ oː d ]_w
[_w ʃ o ɡ ɑ n o ]_w
[_w ɟ ɛ r m ɛ k ɛ t ]_w
[_w j ɛ lː ɛ ɡ ɛ ]_w
[_w t ɑ r t j ɑ ]_w
[_w l ɛ n t i ]_w
[_w i n ɟ ɛ n ɛ ʃ ]_w
[_w k ɑ p tʃ aː n ]_w
[_w oː r aː n ]_w
[_w t ɛ r y l ]_w
[_w j ɡ i ɑ ]_w
[_w k ø z t y k ]_w
[_w ʃ yː r yː ]_w
[_w k f t ]_w
[_w b aː r h o l ]_w
[_w i d ɛ ]_w
[_w b u h ɑ ]_w
[_w r eː v eː n ]_w
[_w m ɑ ɟ ɑ r o ɡ ]_w
[_w i n d eː n ]_w
[_w r ø v i t ɛ z ]_w
[_w n ɛ f ɛ ʃ ɛ bː ]_w
[_w t ɛ l ɛ ʃ ]_w
[_w m ɛ k ]_w
[_w ɑ l ɡ o t aː ʃ ]_w
[_w l i n ɡ ɛ t i ]_w
[_w ø n m ɑ ɡ ɑ t ]_w
[_w t ɛ ʃ t ɛ ]_w
[_w l aː t u n ɡ ]_w
[_w d o l o m ]_w
[_w aː r aː n ]_w
[_w r ɛ m ɛ k ]_w
[_w v eː r v i d ]_w
[_w t ɑ k o k ]_w
[_w b r o j ɛ k t ]_w
[_w v aː r ]_w
[_w s ø v ɛ k ]_w
[_w t ɛ l i ]_w
[_w h ɛ t ɛ d ɛ ]_w
[_w i t øː r ɛ ]_w
[_w m o n d j ɑ ]_w
[_w s iː v ɛ ʃ ɛ n ]_w
[_w h ɑ d n ɑ ɡ ]_w
[_w s o k o tː ]_w
[_w v r i ʃː ɛ n ]_w
[_w j eː s u ʒ ]_w
[_w i lː ɛ t v ɛ ʃ ]_w
[_w u c ɑ n ɑ z d ]_w
[_w ʃ ɛ h o l ]_w
[_w n ɑ b r ɑ ]_w
[_w m uː l v ɑ ]_w
[_w k ɛ lː ]_w
[_w o d b ]_w
[_w j o bː r ɑ ]_w
[_w h o s ]_w
[_w n aː l ɑ m ]_w
[_w z ɛ r b ]_w
[_w v ø l v ɛ l eː ]_w
[_w m i tʃ o t ɑ ]_w
[_w eː l ɛ t n ɛ ]_w
[_w n eː b ɛ ɡ ]_w
[_w f ɛ l ɛ t i ]_w
[_w o ts t o p ɛ r t ]_w
[_w n ɑ ɟ o bː ]_w
[_w ɑ k i kː ɛ l ]_w
[_w n ɛ h o ɟ ]_w
[_w ɛ ʃ t ɛ ]_w
[_w ɑ n eː l k y l i ]_w
[_w ɛ z u d aː n ]_w
[_w m ɑ ɡ u ɡ n ɑ k ]_w
[_w k eː r l ɛ ɡ ]_w
[_w ɑ tː i ɡ ]_w
[_w ɛ ɟ ɛ t i ]_w
[_w v ɑ ɟ o n ]_w
[_w ɛ ɟ ɛ b ɛ k ]_w
[_w h ɑ d ɑ l m ɑ ʃ ]_w
[_w b ɑ pː ]_w
[_w i z l aː m ]_w
[_w v ɑ l ɑ k u l ]_w
[_w eː r t ɛ ɡ ɛ ʃ ]_w
[_w ɑ z oː t ɑ ]_w
[_w k eː z ]_w
[_w s ɛ r ɛ p ]_w
[_w n ø v ɛ k f øː bː ]_w
[_w eː r d ɛ n i ]_w
[_w ɟ ɑ k o r i ]_w
[_w v aː r n ɑ k ]_w
[_w eː r t ɛ k l i ]_w
[_w p aː r oː ]_w
[_w s eː l eː n k ]_w
[_w f ɑ ɟ u n ɡ ]_w
[_w ɛ u r oː ]_w
[_w ʃ ɑ j t ]_w
[_w i ʃ m ɛ r n i ]_w
[_w eː l ɛ d n ɛ ]_w
[_w ɛ m b ɛ ]_w
[_w p r i v aː t ]_w
[_w tʃ ɑ p ɑ ]_w
[_w n aː l u n ɡ ]_w
[_w i k ɑ z ]_w
[_w n ɛ k y n k ]_w
[_w k o n t o l ɑ d ]_w
[_w j ɛ l s øː ]_w
[_w v o r m aː ɡ ]_w
[_w h ɑ l k ɑ n ]_w
[_w k ɛ dː ɛ n ]_w
[_w t u d n i ]_w
[_w v ɛ t ɛ tː ]_w
[_w k l u p ]_w
[_w t ɛ r m eː k ]_w
[_w n eː s t ɛ ]_w
[_w k ɛ z d ɛ m ]_w
[_w eː l ɛ t ɛ ]_w
[_w h iː v t aː ɡ ]_w
[_w t ɛ ʃ t v eː r ]_w
[_w ʃ i ɡ ɛ r ɛ ʃ ɑ ]_w
[_w v o j t ]_w
[_w h ɛ j ɛ t ]_w
[_w ɑ m ɛ j ]_w
[_w ɟ o r ʃ ]_w
[_w t u d oː ʃ ]_w
[_w k ø d ɛ t ]_w
[_w t i t k o t ]_w
[_w s y l ɛ d ]_w
[_w b ɛ nː ɛ m ]_w
[_w b ɛ n ]_w
[_w r eː z t ]_w
[_w ɛ m b ɛ rː ɛ l ]_w
[_w h ɑ n ɛ m ]_w
[_w d ɑ r t j ɑ ]_w
[_w tʃ y t ø r t ]_w
[_w t ɛ z y n ɡ ]_w
[_w m ɑ r ɑ d t ]_w
[_w s ø r ɲ yː ]_w
[_w ɑ p u ʃ ]_w
[_w y ɟ eː p ɛ n ]_w
[_w m o r aː l i ʃ ]_w
[_w f ɛ nː i ]_w
[_w s oː t ]_w
[_w l ɛ l ɡ ɛ t ]_w
[_w r ø v i d ɛ n ]_w
[_w eː v ɛ ʃ ɛ n ]_w
[_w ʒ ɛ m ]_w
[_w h o zː aː ]_w
[_w s y l ɛ tː ɛ k ]_w
[_w ʃ o r o n ]_w
[_w m ɑ k ɑ ʃ ]_w
[_w ɛ l v ɛ ]_w
[_w m i d øː l ]_w
[_w eː r i n d ]_w
[_w f ɛ l ɛ tː i ]_w
[_w m i n d ɛ n k i ]_w
[_w r eː ɡ ɛ bː i ]_w
[_w f o l n ɑ p ]_w
[_w t ɛ ʃ øː ]_w
[_w m ɑ ɟ ɑ r u l ]_w
[_w p ɛ r ts ɛ t ]_w
[_w ɛ tː øː l ]_w
[_w k ɑ t ɑ l m ɑ ʃ ]_w
[_w ɛ z ɛ l eː ʃ ]_w
[_w n ɑ p o ʃ t o l ]_w
[_w m ɑ ɡ ɑ ʃ ɑ bː ]_w
[_w t o l k o t ]_w
[_w b r o v ]_w
[_w h i d ɛ ɡ ]_w
[_w h ɑ t ɑ l m i ]_w
[_w r ɛ ɡ eː ɲ ]_w
[_w z aː m o k ]_w
[_w l o k i k u ʒ ]_w
[_w t uː l i ]_w
[_w f ɛ z eː j t ]_w
[_w d u d t u n k ]_w
[_w v o k ɑ t o n ]_w
[_w ɛ l ʃ øː r ɛ ]_w
[_w v ɑ r ɡ ɑ ]_w
[_w k oː r h aː z ]_w
[_w h ɑ d aː ʃ ]_w
[_w m i v eː l ɛ ɡ ]_w
[_w t ɛ k i n d ɛ n ]_w
[_w ɛ ɟ f ɑ j t ɑ ]_w
[_w eː r d ɛ l ɛ n ]_w
[_w h i t ]_w
[_w t ɑ r t ɑ l o m ]_w
[_w b o r ]_w
[_w b iː r t ɑ ]_w
[_w b o h aː r ]_w
[_w i t øː ]_w
[_w s ɑ v ɑ k ]_w
[_w iː r v ɑ ]_w
[_w m o l n i ]_w
[_w m ɛ k f o l t ]_w
[_w s iː n eː z ]_w
[_w r ɛ n ɡ ɛ ]_w
[_w i n t ɛ r n ɛ k ]_w
[_w z aː m o ʃ ]_w
[_w k ø ɲ v ɛ ]_w
[_w ʃ ɑ j t oː ]_w
[_w ɲ aː r i ]_w
[_w m uː l i ɡ ]_w
[_w h ɛ j b ɛ ]_w
[_w f ɛ k ɛ d ]_w
[_w d aː v o l i ]_w
[_w ɑ m i r ɛ ]_w
[_w l eː t r ɛ ]_w
[_w j oː n ɑ k ]_w
[_w t ɛ r v ɛ z ɛ t ]_w
[_w d ɑ n uː i ]_w
[_w i ʃ m ɛ r t ɛ ]_w
[_w tʃ i n aː l n i ]_w
[_w m ɛ k h ɑ l t ]_w
[_w n ɛ v eː d ]_w
[_w t iː j ɑ d ]_w
[_w m o n t o tː ]_w
[_w s ɛ r ɛ b ɛ ]_w
[_w iː r d ɑ ]_w
[_w s ɛ r s øː k ]_w
[_w v ɛ v øː ]_w
[_w k ø z d i ]_w
[_w m ɑ ɡ ɑ m b aː ɲ ]_w
[_w f i ɑ t ɑ l o m ]_w
[_w m i n k ɛ t ɛ ]_w
[_w f i l aː k ɑ ]_w
[_w k i ɑ t oː ]_w
[_w k o n o s ]_w
[_w f aː l n ɑ k ]_w
[_w ɛ l øː tː i ]_w
[_w ʃ p o r d ]_w
[_w v i z ɛ d ]_w
[_w h o r v aː t h ]_w
[_w t u d t ɑ m ]_w
[_w ɑ k ɑ r d ]_w
[_w m aː ʃ t ]_w
[_w m u d ɑ d o tː ]_w
[_w v ø l t ø tː ]_w
[_w l aː z aː r ]_w
[_w f ɛ r ʃ ɛ ɲ t ]_w
[_w k o o k l ɛ ]_w
[_w v i h ɑ r ]_w
[_w b i lː ɑ n ɑ d ]_w
[_w m ɛ rː ɛ ]_w
[_w l aː b ]_w
[_w m i tʃ o d ɑ ]_w
[_w f ɑ nː ɑ k ]_w
[_w t eː z t aː t ]_w
[_w n ɛ v ɛ t ]_w
[_w ɲ uː l ]_w
[_w b ɛ nː y k ]_w
[_w j ø h ɛ t ]_w
[_w aː l t ɑ l r ɑ ]_w
[_w p ɛ z eː l v ɛ ]_w
[_w f i z o ɲ o ɡ ]_w
[_w s ɑ k ɑ ]_w
[_w t ɛ l ɛ ʃ eː ɡ ]_w
[_w p aː r t ]_w
[_w ɲ ɛ l v ]_w
[_w v ɑ lː aː ʃ i ]_w
[_w ts i kː ɛ t ]_w
[_w l eː t ɛ s i k ]_w
[_w t ɛ s i k ]_w
[_w ɛ l n ø k ]_w
[_w i ʃ t ɛ n t ]_w
[_w p ɡ v ]_w
[_w ɑ u d oː ʃ ]_w
[_w v ɑ nː ɑ k ]_w
[_w iː r n i ]_w
[_w h aː p o r ]_w
[_w f o k ɑ l o m ]_w
[_w d i z ɑ ]_w
[_w eː l eː n ]_w
[_w ɑ ɲ ɑ ɡ o ɡ ]_w
[_w k ɑ p i d aː ɲ ]_w
[_w v ɛ t ]_w
[_w k ø z ø ʃ ]_w
[_w s i n d ɛ s ]_w
[_w ɛ m ɛ l d ]_w
[_w ɑ s n ɑ p ]_w
[_w ts eː ɡ ɛ ɡ ]_w
[_w t i l o ʃ ]_w
[_w m i n t k eː t ]_w
[_w ø sː ɛ ɡ ɛ t ]_w
[_w j aː r ]_w
[_w m ɛ l ɛ k ɛ t ]_w
[_w v i ɑ ]_w
[_w s y l ɛ tː ɛ m ]_w
[_w ts eː l j ɑ ]_w
[_w b ɛ r ts ]_w
[_w o r z aː ɡ o ʃ ]_w
[_w ɟ ɑ l o k o t ]_w
[_w ɛ r øː v ɛ l ]_w
[_w v o k n i ]_w
[_w t o l ɡ o t oː ]_w
[_w m ɑ ɡ aː h o s ]_w
[_w tʃ ɑ l aː t i ]_w
[_w ɡ o n t o l ]_w
[_w l ɑ k oː k ]_w
[_w l aː t s i ɡ ]_w
[_w f o n t ]_w
[_w n ɑ ɟ o t ]_w
[_w m o d ɛ r n ɛ t ]_w
[_w ɑ p l ɑ k o ʃ ]_w
[_w eː r z eː ʒ ]_w
[_w k y l ʃ øː ]_w
[_w k ɑ m b ɑ ]_w
[_w t u d u n ɡ ]_w
[_w k ø z ɛ l ɛ bː ]_w
[_w r eː s ]_w
[_w m o z ɡ ɑ l o m ]_w
[_w ɛ ɟ h aː z i ]_w
[_w d i d k o ʃ ]_w
[_w ɑ l ɑ tʃ o ɲ ]_w
[_w s ɛ r ɛ p ɛ t ]_w
[_w h t m l ]_w
[_w k r oː f j ɑ ]_w
[_w s o l ɡ ɑ ]_w
[_w h ɑ d n ɑ k ]_w
[_w f aː l ʃ aː k ]_w
[_w ʃ o k s o r ]_w
[_w h ɑ z n o d ]_w
[_w m aː ʃ k o r ]_w
[_w h ɑ d aː r o n ]_w
[_w t u d o m ]_w
[_w ɛ l f o n t o tː ]_w
[_w s oː l oː ]_w
[_w j u t n ɑ ]_w
[_w ɟ ɑ l o ɡ o ʃ ]_w
[_w ɑ m i ]_w
[_w k ɛ tː ]_w
[_w ɑ pː ɑ n ]_w
[_w ʃ ø r t ]_w
[_w o r v o ʃ i ]_w
[_w t ø r v eː ɲ ]_w
[_w n ɑ pː ɑ l ]_w
[_w v ɛ z ɛ dː ɛ ]_w
[_w f i t ɛ z ]_w
[_w ɑ j d oː t ]_w
[_w f eː l i k ]_w
[_w eː vː ɛ l ]_w
[_w i d øː v ɛ l ]_w
[_w b aː r m i d ]_w
[_w i t ɛ ]_w
[_w s ɛ r i n d ɛ t ]_w
[_w o k o s ]_w
[_w s ɑ v ɑ kː ɑ l ]_w
[_w t ɛ l ɛ d ]_w
[_w m aː r i ʃ ]_w
[_w m ɑ j d n ɛ m ]_w
[_w h o z o tː ]_w
[_w p i b l i aː t ]_w
[_w f ɑ ɡ ɑ t ]_w
[_w ɑ r ɑ p i k ]_w
[_w y nː ɛ b i ]_w
[_w s y l eː ʃ ]_w
[_w ɑ s o nː ɑ l ]_w
[_w m ɛ k t u t n i ]_w
[_w s ɛ m y ɟ r ɛ ]_w
[_w t ɑ r t oː ]_w
[_w n eː v r ɛ ]_w
[_w ɛ ʃ øː ]_w
[_w j uː n i u ʃ ]_w
[_w f o k o k b oː l ]_w
[_w t ø bː ɛ d ]_w
[_w k o n d o l o k ]_w
[_w i lː i k ]_w
[_w t ɛ j ɛ t ]_w
[_w ɑ p z u r t ]_w
[_w s i n d ɛ m ]_w
[_w d y s ɛ d ]_w
[_w oː t ɑ ]_w
[_w i t ɛ j eː d ]_w
[_w n o r m aː t ]_w
[_w f aː l ʃ aː ɡ ]_w
[_w p l o k o ʃ ]_w
[_w ɛ z ɡ ø s ø k ]_w
[_w v ɑ l ɑ ɡ u l t ]_w
[_w j ɑ k ɑ p ]_w
[_w k ɛ lː ɛ tː ]_w
[_w o r o s ɑ d ]_w
[_w f ɛ z i ]_w
[_w k i n t v ɛ ]_w
[_w i i i ]_w
[_w ʒ i k ɛ r ]_w
[_w eː r ɡ ɛ z i k ]_w
[_w ɑ p o ʃ ]_w
[_w v ɛ r ʃ ɛ t ]_w
[_w l aː d u n k ]_w
[_w p ɛ z eː l n i ]_w
[_w k u ɟ ɑ n i ʃ ]_w
[_w ɛ ɟ ʃ eː ɡ ]_w
[_w l ɛ nː i ɛ ]_w
[_w f ɑ l ɑ k ]_w
[_w eː v ɛ ɡ i k ]_w
[_w b l o k o ʃ ]_w
[_w m i ts h ɑ r t ]_w
[_w n aː ts i ]_w
[_w i j ɛ ʃ m i t ]_w
[_w i k ɑ s ɑ t ]_w
[_w ɑ ɲ j ɑ ]_w
[_w b ɑ r n ɑ ɡ ]_w
[_w t eː k ɛ t ]_w
[_w f o k l ɑ l t ]_w
[_w ɑ nː o ]_w
[_w n ɛ m i ɡ ɛ n ]_w
[_w m ɛ ɟ y n ɡ ]_w
[_w m ɑ k aː r ɑ ]_w
[_w ɑ n t r ɛ ]_w
[_w ʃ uː j o ʃ ]_w
[_w h ɛ t ɛ t i ]_w
[_w ɛ r ɛ t j y k ]_w
[_w v i l aː ɡ o t ]_w
[_w uː j b oː l ]_w
[_w k ø r eː p ɛ ]_w
[_w m aː ʃ o t i ɡ ]_w
[_w s ɛ m eː j i ]_w
[_w h ɑ n k j ɑ ]_w
[_w m aː ʃ o k ]_w
[_w j o ɡ ɑ ]_w
[_w m oː z ɛ ʃ ]_w
[_w v o j i k ]_w
[_w ʃ ɛ mː i t ]_w
[_w f ɛ tː ɛ m ]_w
[_w eː v r ɛ ]_w
[_w b ɑ r ɡ o l oː ]_w
[_w i d øː r ɛ ]_w
[_w m ɛ r ɛ t n eː ]_w
[_w k ɛ t v ɛ ]_w
[_w t ɛ ɟ ɛ n ɛ ʃ ]_w
[_w b r i n ɡ aː t ]_w
[_w n ɛ k i ɡ ]_w
[_w f aː k ]_w
[_w h ɑ d ɑ l m ɑ ]_w
[_w t ɛ k n ɑ b ]_w
[_w b ɛ t h øː ]_w
[_w v o r i n d ]_w
[_w m i n t ɛ n r ɛ ]_w
[_w k ɛ r ɛ ʃ ]_w
[_w f aː j ]_w
[_w h ɑ lː ɑ n i ]_w
[_w t o l k o z oː ]_w
[_w k eː p ɛ d ]_w
[_w v ɛ l ɛ l øː ʃ ]_w
[_w ɑ v ɑ ɟ ]_w
[_w ɛ ɟ ɛ p ɛ k ]_w
[_w n i n tʃ ɛ n ɛ k ]_w
[_w ɑ d j o n ]_w
[_w v ɛ l øː l y k ]_w
[_w f ɛ z ɛ t n i ]_w
[_w j u t n i ]_w
[_w f o k u n ɡ ]_w
[_w f o l n ɑ ]_w
[_w p ɑ r k o l oː ]_w
[_w j o bː ɑ n ]_w
[_w s ɛ r d ]_w
[_w s ɛ r i n d ]_w
[_w f o r i n d ɛ n ]_w
[_w h i b ɑ ]_w
[_w s ɛ mː ɛ l ]_w
[_w m o n d ]_w
[_w m ɛ ɡ l ɛ b øː ]_w
[_w f o l t ɑ l ɑ ]_w
[_w k ɑ p j ɑ ]_w
[_w ɡ eː r ɛ t ]_w
[_w k eː d s ɛ r ]_w
[_w m yː v ɛ l t ]_w
[_w l ɛ h ɛ t i ]_w
[_w k eː s ɛ n ]_w
[_w m ɛ j n ɛ ɡ ]_w
[_w ɟ ɑ l o k ]_w
[_w i ʃ t ɛ nː ɛ k ]_w
[_w ɛ s ɛ kː ɛ l ]_w
[_w s ɑ b ɑ t ]_w
[_w p i ts i ɡ l i ]_w
[_w ɛ z ɡ ø z ]_w
[_w ɑ z o k r ɑ ]_w
[_w aː lː iː d ]_w
[_w v i s ɛ t ]_w
[_w s ɛ r s øː i ]_w
[_w n eː m i ]_w
[_w v o j t o n ]_w
[_w ɛ ɟ m aː ʃ r ɑ ]_w
[_w j ɛ l z eː ʃ ]_w
[_w m o n d t ɑ m ]_w
[_w h ɑ ɟ n i ]_w
[_w ʃ b ɑ ɲ o l ]_w
[_w ɑ u d oː k ]_w
[_w m i j ɛ n k o r ]_w
[_w s ɛ k ɛ n ]_w
[_w b ɑ sː iː v ]_w
[_w j ø tː ]_w
[_w aː l d ɑ l ɑ n ]_w
[_w ɡ u l t ]_w
[_w eː z ɑ k i ]_w
[_w k i r aː j ]_w
[_w eː l y n k ]_w
[_w ɛ l v i l ɛ ɡ ]_w
[_w h i p aː ʃ ]_w
[_w f o ɡ o tː ]_w
[_w ɛ l t ɛ tː ]_w
[_w v i l m ]_w
[_w eː r t i ɡ ]_w
[_w b i s t o ʃ ɑ n ]_w
[_w n ɛ ɟ f ɛ n ]_w
[_w tʃ ø kː ɛ n ]_w
[_w f aː r o ʃ i ]_w
[_w t eː v ɛ ʃ ]_w
[_w s ɛ r i n d ɛ s ]_w
[_w ɑ n k o l u l t ]_w
[_w j ø v øː b ɛ n ]_w
[_w k o r i n d o t ]_w
[_w eː l t ɛ k ]_w
[_w k eː b s eː ʒ ]_w
[_w v i s o ɲ ]_w
[_w ɑ l ɑ p o n ]_w
[_w ɡ ɛ s ɛ ]_w
[_w f ɑ l ɑ m i n ]_w
[_w p o m p aː ʃ ]_w
[_w h o c h o ɟ ]_w
[_w d ɛ ʃ t i ]_w
[_w t ɑ r ɑ p o d ]_w
[_w tʃ i lː ɑ k ]_w
[_w k ɛ ʃ k ɛ ɲ ]_w
[_w b eː t ɛ r ]_w
[_w t ɑ v ɑ sː ɑ l ]_w
[_w j oː ʃ ɛ f ]_w
[_w i d eː s ɛ tː ]_w
[_w m o t o r ]_w
[_w j ø nː i ]_w
[_w v eː l i ]_w
[_w ʃ o ʃ ɛ m ]_w
[_w h ɑ ɟ j aː ɡ ]_w
[_w p aː r i ʃ i ]_w
[_w s o l k aː l ]_w
[_w l aː ʃ t ]_w
[_w m ɛ n d eː ɡ ]_w
[_w m ɛ ɡ eː r i ]_w
[_w d ø r ø k r ɛ ]_w
[_w d eː n ɛ ʃ ]_w
[_w o l v ɑ ʃ t ɑ ]_w
[_w ɛ r ɛ t n i ]_w
[_w b ɛ z eː l t ]_w
[_w k o z m i k u ʃ ]_w
[_w iː r aː ʃ ]_w
[_w i ʃ m ɛ r øː ʃ ]_w
[_w s aː lː t ]_w
[_w j aː r u n ɡ ]_w
[_w ɛ ɟ ɛ n ɛ k ]_w
[_w ɑ u t oː k ]_w
[_w k ɛ s t ɛ tː ]_w
[_w r ɛ m eː ɲ t ]_w
[_w n ɑ ɟ o n ]_w
[_w h o c ]_w
[_w d ɛ ʃ øː ]_w
[_w t yː n d ]_w
[_w i n t i ]_w
[_w j oː ʃ ɛ v ]_w
[_w o z d r aː k ɑ ]_w
[_w ɑ t oː ]_w
[_w j oː v ɑ l ]_w
[_w t ø bː i ɛ k ]_w
[_w p ɑ bː ]_w
[_w ɑ z o ɡ ɑ t ]_w
[_w v eː k ʃ øː ]_w
[_w aː t l ɑ k ]_w
[_w n ɛ m z ɛ t ɛ t ]_w
[_w k ø ɲː ɛ bː ]_w
[_w k y l t ɛ ɡ ]_w
[_w m o n d ɑ d ]_w
[_w tʃ ɛ n t b ɛ n ]_w
[_w ɑ k i n ɛ k ]_w
[_w v r ɑ n k o l ]_w
[_w p ɑ l o t ɑ ]_w
[_w m i u t aː n ]_w
[_w ʃ o k ɑ n ]_w
[_w h eː tː ɛ l ]_w
[_w ʃ o r o z ]_w
[_w k ɛ t f ɛ m ]_w
[_w k ø z ɛ l ɛ t ]_w
[_w k o ʃː u t h ]_w
[_w eː s r ɛ ]_w
[_w j ɑ v aː r ɑ ]_w
[_w v eː ɲ ɛ ʃ ]_w
[_w v i s o ɲ l ɑ k ]_w
[_w t ø l d ø tː ɛ ]_w
[_w l aː t j aː ɡ ]_w
[_w m yː k ø d i ɡ ]_w
[_w l ɛ ɟ y n k ]_w
[_w n øː k ]_w
[_w tʃ ɑ k h ɑ m ɑ r ]_w
[_w m ɛ k h ɑ l ]_w
[_w s ɑ p aː j ]_w
[_w aː t v o k oː ]_w
[_w k ɛ z d t ɛ ɡ ]_w
[_w v i l aː ɡ o n ]_w
[_w ts i kː b ɛ n ]_w
[_w b i s o ɲː ɑ l ]_w
[_w t ɛ tː ɛ ɡ ]_w
[_w t ɑ n u l oː ]_w
[_w o k o z o tː ]_w
[_w m ɑ r ɑ d n i ]_w
[_w o ʃ t o l ]_w
[_w s ɛ m ɛ t ]_w
[_w ɛ n ɛ r ɡ i ɑ ]_w
[_w ɑ z eː r t ]_w
[_w uː ɟ h o ɟ ]_w
[_w ɛ m b ɛ r n ɛ t ]_w
[_w p aː r m i n ts ]_w
[_w eː l n i ]_w
[_w h uː z ]_w
[_w s ɑ v ɑ r ]_w
[_w b ɛ r ts ɛ d ]_w
[_w t ø r t ]_w
[_w ɑ k ɑ r t ]_w
[_w ɑ ɡ ɑ r t ɑ ]_w
[_w ɡ o n d o l o m ]_w
[_w ɑ t ɑ d o tː ]_w
[_w h ɑ n ɡ j ɑ ]_w
[_w f eː l t ɛ m ]_w
[_w ɟ u l ɑ ]_w
[_w f aː l ɑ z ɑ ]_w
[_w ɛ ɟ s ɛ r ]_w
[_w r eː z eː n ]_w
[_w t o l k o z i k ]_w
[_w m ø ɡ ø tː ɛ ]_w
[_w eː v ɛ ʃ ]_w
[_w k ɑ b ]_w
[_w m ɛ k i n t i ɡ ]_w
[_w z aː z ɑ d ]_w
[_w h o z ]_w
[_w p ɑ j ɑ ]_w
[_w u t ts aː r ɑ ]_w
[_w ɛ l h ɑ ɟ t ɑ ]_w
[_w h i tː ɛ m ]_w
[_w v aː l t ]_w
[_w f o t oː ]_w
[_w f øː k eː n d ]_w
[_w m eː t i u m ]_w
[_w ʃ ɑ j aː d o ʃ ]_w
[_w m ɛ ɡ i n d ]_w
[_w f o ɡ n ɑ ɡ ]_w
[_w j ɛ ɟ ɛ t ɛ m i ]_w
[_w ɛ ʃ ɛ t b ɛ ]_w
[_w n eː v ɛ n d ]_w
[_w l ɛ ɡ t ø bː ]_w
[_w k ɛ r y l øː ]_w
[_w m uː l t ]_w
[_w m o t o r o ʃ ]_w
[_w j ø tː ɛ k ]_w
[_w ɑ s o k ]_w
[_w t ɛ s ]_w
[_w t ɑ n iː t j ɑ ]_w
[_w f aː l d ]_w
[_w t aː n i ]_w
[_w m i n d ɛ s t ]_w
[_w h ɛ j t ɛ tː ]_w
[_w k ɛ r y l t ɛ k ]_w
[_w r ɛ n t b ɛ n ]_w
[_w y z ɛ n ɛ ]_w
[_w b ɛ l øː l y k ]_w
[_w ɛ ɟ i ɡ y k ]_w
[_w k ɛ r y l ]_w
[_w ɑ d ɑ d ]_w
[_w v ø l t r ɛ ]_w
[_w ɛ r ɛ t i ]_w
[_w f eː n ɛ k ]_w
[_w v ɑ t ]_w
[_w f u d o tː ]_w
[_w f ɑ l ]_w
[_w v o d oː ]_w
[_w v aː l ʃ aː k ]_w
[_w ɑ ɲː i ]_w
[_w s o p o r ]_w
[_w n eː h aː ɲ ]_w
[_w r ɛ n k ɛ m ]_w
[_w ɛ nː eː l ]_w
[_w m aː c aː ʃ ]_w
[_w k eː p ɛ ʃ ɛ ɡ ]_w
[_w eː p y l ɛ t i ]_w
[_w t ɑ r ɑ p i k ]_w
[_w ø n m ɑ k ɑ m ]_w
[_w h o n l ɑ p ]_w
[_w ɑ m ɛ j ɛ n ]_w
[_w t ɑ r t o z i k ]_w
[_w p aː l ]_w
[_w t ɛ r v ]_w
[_w tʃ ɛ n t ]_w
[_w k ɑ d ɑ l o ɡ ]_w
[_w b iː r ]_w
[_w s i k ɛ t ]_w
[_w p ɑ r n ɛ tː ]_w
[_w s o r o ʃ ɑ n ]_w
[_w f ɛ l ɑ d ɑ t ɑ ]_w
[_w i n d o ʃ ɑ n ]_w
[_w eː v ɑ ]_w
[_w ɡ i ɛ m ɛ l d ɛ ]_w
[_w m i n d i k ]_w
[_w k o n ts ɛ r t ]_w
[_w o r v o ʃ o k ]_w
[_w ʒ o ɡː ɑ l ]_w
[_w h ɑ z ɑ ]_w
[_w t aː m ɑ t ]_w
[_w v o l t ɑ ]_w
[_w b aː r i ʃ ]_w
[_w i ʃ t ɛ n ]_w
[_w ɛ ɟ ɛ l øː r ɛ ]_w
[_w ɑ l aː ]_w
[_w r eː k ɛ n ]_w
[_w m eː l d oː ]_w
[_w ɑ z u d aː n ]_w
[_w aː r ɑ ]_w
[_w b ɑ l aː ʃ ]_w
[_w f ɑ nː ɑ ɡ ]_w
[_w f o j t ɑ tː ɑ ]_w
[_w v ɛ n d i ]_w
[_w ɲ u ɡ ɑ d ]_w
[_w ɑ m ɛ j ɛ ɡ ]_w
[_w t ɑ r t ]_w
[_w ɛ l v ɛ t ]_w
[_w t iː j ]_w
[_w r o pː ɑ n ]_w
[_w k ɑ b o tː ]_w
[_w h ɛ j ɛ ʃ ]_w
[_w f ɑ lː aː ʃ ]_w
[_w h ɑ lː ɡ ɑ d ]_w
[_w o ɡ ɑ ]_w
[_w ts eː ɡ ɛ k ]_w
[_w n ɛ f ɛ z n i ]_w
[_w k ø t ø tː ]_w
[_w k u d ɑ d oː ]_w
[_w k eː z y l t ]_w
[_w f ɛ tː ]_w
[_w k ɛ z d ɛ t i ]_w
[_w ɛ l øː z ø r ]_w
[_w ɑ m i b ɛ n ]_w
[_w p aː r i ʃ p ɑ ]_w
[_w z l o v eː n ]_w
[_w r o zː ɑ pː ]_w
[_w t u t o tː ]_w
[_w f o l t ]_w
[_w f o ɡ ɑ d ]_w
[_w ɛ l v ]_w
[_w n eː p ɛ ɡ ɛ t ]_w
[_w v ɛ j ɛ z ɛ t ]_w
[_w m i ɡ l oː ʃ ]_w
[_w ɛ m p ɛ r ɛ ɡ ]_w
[_w p ɛ d ɛ ɡ ]_w
[_w n ɛ k y n ɡ ]_w
[_w ʃ ɛ mː i ]_w
[_w b ɑ r aː t i oː ]_w
[_w r u h aː t ]_w
[_w m ɛ ɟ ]_w
[_w t ɛ s n ɛ ɡ ]_w
[_w eː l ɛ d ɛ t ]_w
[_w ɡ ɛ lː ɛ tː i ]_w
[_w v ɛ t ɛ dː ɛ ]_w
[_w h eː p ɛ r ]_w
[_w v ɑ ɟ o k oː ]_w
[_w ɛ ʃ ɛ t r ɛ ]_w
[_w eː r d ]_w
[_w t u d j u k ]_w
[_w i lː ɛ t v ɛ ]_w
[_w k ɛ l ]_w
[_w r aː j u k ]_w
[_w f o j i ɡ ]_w
[_w s ɛ r ɛ l m i ]_w
[_w b aː d r ɑ n ]_w
[_w m o ʃ o j ]_w
[_w ɛ l øː z øː ]_w
[_w t ɑ d ɑ ]_w
[_w v ɛ z ɛ t ]_w
[_w b o n t o l ]_w
[_w o r s aː k o ɡ ]_w
[_w r ɛ n d s ɛ r d ]_w
[_w t eː ɡ ɛ ]_w
[_w m i n t ɛ m ]_w
[_w ɑ m i d ]_w
[_w i k ɑ ʃ aː ɡ ]_w
[_w ɑ t ɑ t o ʃ ]_w
[_w aː lː aː ʃ ]_w
[_w j ɑ p aː n ]_w
[_w ɲ aː r ]_w
[_w eː r t ɛ ɡ ɛ l ]_w
[_w n eː p ]_w
[_w ɛ ɲː i t ]_w
[_w ɑ t j ɑ ]_w
[_w ɑ k i k ]_w
[_w i n t ɛ n ]_w
[_w r aː d i ]_w
[_w n eː s t ]_w
[_w aː lː n i ]_w
[_w n o v ɛ m b ɛ ]_w
[_w f eː l r ɛ ]_w
[_w v ɑ ts ɛ b o o k ]_w
[_w v ɛ z ɛ tː ɛ ]_w
[_w i d ɛ j ɛ ]_w
[_w ɛ l m ɑ r ɑ d t ]_w
[_w t ɛ ɡ n ɑ p i ]_w
[_w l ɛ ɟ ɛ n ]_w
[_w n ɛ k ɛ t ɛ ]_w
[_w ts i f i l ]_w
[_w k ø v ɛ tː ɛ ]_w
[_w oː r aː v ɑ l ]_w
[_w j aː t s o tː ]_w
[_w l eː ɲ ]_w
[_w s ɛ r ɛ d ]_w
[_w s oː l ]_w
[_w v i k t o r ]_w
[_w m u n k ɑ d ]_w
[_w b ɑ r t j aː n ]_w
[_w m ɑ r ɑ t ]_w
[_w j u t i d ]_w
[_w l ɛ iː r t ]_w
[_w p ɑ r aː t i oː ]_w
[_w aː l d ɑ l o k ]_w
[_w v o j d o n ]_w
[_w i ɡ ɑ s i ]_w
[_w b eː n z eː d ]_w
[_w i ʃ t ɛ n t ɛ ʃ ]_w
[_w v i s ɛ t ɛ dː ]_w
[_w ʃ i ɡ ɛ rː ɛ l ]_w
[_w s iː v ɛ ]_w
[_w t ɛ tː ɛ k ]_w
[_w t o l ɡ ɑ ]_w
[_w iː r o m ]_w
[_w ts i kː ]_w
[_w ɛ z u t aː n ]_w
[_w s aː m o l n aː r ]_w
[_w r ɛ n t ɛ k ]_w
[_w s ɛ m p ɛ r ɛ k ]_w
[_w ʃ aː b ɑ d t ]_w
[_w s ɑ j l i k ]_w
[_w k u t ɑ t ]_w
[_w d oː t h ]_w
[_w v aː l d ɑ l ɑ n ]_w
[_w ʃ ø r ]_w
[_w k ɑ r j aː ɡ ]_w
[_w k i v eː t ɛ l t ]_w
[_w f ɑ d ]_w
[_w m i ɛ l øː tː i ]_w
[_w n eː m ɛ d ]_w
[_w s aː m iː t ]_w
[_w t ɛ r ɛ ʃ n i ]_w
[_w s ɛ r ɛ tː ɛ ]_w
[_w r o zː ɑ bː ]_w
[_w ø sː ɛ ]_w
[_w tʃ ɛ r eː b ɛ n ]_w
[_w k ɑ p tʃ o l ɑ t ]_w
[_w k o tʃ i t ]_w
[_w r ɛ k eː ɲ ]_w
[_w d ɑ n ɡ l i ɑ ]_w
[_w i d eː s ɛ t ]_w
[_w r ɛ n d ɛ ʃ ]_w
[_w t ɑ n aː r ]_w
[_w k ø r ɲ ɛ z ɛ t ]_w
[_w m i ts h ɑ ɛ l ]_w
[_w s ɛ r ɛ b l øː ]_w
[_w tʃ i lː ɑ ɡ o ɡ ]_w
[_w t ɑ v i d ]_w
[_w b ɛ z eː l v ɛ ]_w
[_w d ɛ ɡ i n d i ɡ ]_w
[_w ɛ r ɛ t n ɛ ]_w
[_w l eː ɲ ɛ k ]_w
[_w d øː l ɛ m ]_w
[_w f ɛ n t i ]_w
[_w t o b o z ]_w
[_w ɑ h ɛ j ɛ d ]_w
[_w t ɛ ʃ t f eː r ]_w
[_w ɑ k ɑ r j aː ɡ ]_w
[_w k o n d o l n i ]_w
[_w k i tʃ i d ]_w
[_w h ɑ j n ɑ l i ]_w
[_w ɑ f ɑ ɟ ]_w
[_w z i n t yː ]_w
[_w ɛ k eː z ]_w
[_w ɑ k i v ɛ l ]_w
[_w k ɛ z eː p ɛ ]_w
[_w r ɛ n t ɛ ʃ ]_w
[_w t u t n ɑ k ]_w
[_w k o r ɑ b ɛ l i ]_w
[_w f i uː t ]_w
[_w k u l t uː r ɑ ]_w
[_w r ɛ ɡ eː ɲ ɛ ]_w
[_w b ɛ nː y n k ]_w
[_w ø r ø m ]_w
[_w v ɛ l ]_w
[_w t ɑ m aː ʃ ]_w
[_w k i v aː l oː ]_w
[_w ɑ bː eː ]_w
[_w f aː r o ʃ b ɑ ]_w
[_w s r t ]_w
[_w k aː s ]_w
[_w ɑ m i n ɛ ɡ ]_w
[_w t u d j u ɡ ]_w
[_w ɑ ɡ ɑ r t aː ɡ ]_w
[_w ɡ o r ɑ p ɛ l i ]_w
[_w m aː r k ]_w
[_w ɑ t ɑ t ]_w
[_w k ɛ tː øː t ]_w
[_w ʃ i k ɛ r y l t ]_w
[_w i d eː z ɛ t ]_w
[_w v i l aː k o ʃ ]_w
[_w r i t k ɑ ]_w
[_w k ɛ r y l n ɛ ɡ ]_w
[_w p ɡ f ]_w
[_w f ɑ l ɑ h o ɟ ]_w
[_w r ɛ n ɡ ɛ r i ]_w
[_w aː lː ɑ m i ]_w
[_w ɛ m b ɛ r t ]_w
[_w p o z d ]_w
[_w m ɑ ɡ ɑ ʃ ɑ pː ]_w
[_w o l d ɑ l ]_w
[_w eː r t ]_w
[_w n ɑ p ]_w
[_w eː j z ɑ k ɑ ]_w
[_w u ɟ ɑ n tʃ ɑ ɡ ]_w
[_w m i t øː n ]_w
[_w ɑ kː o r ɑ ]_w
[_w p ɑ r t j aː n ]_w
[_w t ø bː ɛ t ]_w
[_w b ɑ r t i ]_w
[_w ɛ n d r ɛ ]_w
[_w m o t ɛ lː ]_w
[_w i n ɡ aː bː ]_w
[_w t ø l t i ]_w
[_w t eː l i ]_w
[_w ɑ ɲ u k ɑ d i ]_w
[_w s i n d j eː n ]_w
[_w n ɛ k t ɛ nː i ɛ ]_w
[_w tʃ o t ɑ ]_w
[_w m ɛ j i ɡ ]_w
[_w t ɛ z n ɛ k ]_w
[_w ɛ l j ø n ]_w
[_w ø n ø ɡ ]_w
[_w k ɛ z d t ɛ k ]_w
[_w v i ɟ ɛ l ]_w
[_w ɑ m ɛ r i ɡ ɑ i ]_w
[_w t ø r ø ɡ r ɛ ]_w
[_w k eː p ɛ ]_w
[_w m ɛ ɡ ]_w
[_w i n d u l ]_w
[_w k r i z t i n ɑ ]_w
[_w p eː n z y ɟ i ]_w
[_w k ɑ p i t aː ɲ ]_w
[_w b i ts i k l i ]_w
[_w u t aː n ]_w
[_w d ø r t ]_w
[_w k eː p z eː ʃ ]_w
[_w ɑ h o ɟ ]_w
[_w m ɛ r d ]_w
[_w ɟ ɛ r m ɛ ɡ ]_w
[_w v o ɡ l ɑ l t ]_w
[_w v o r ɡ ɑ l m ɑ ]_w
[_w h ɑ ɟ t ɑ m ]_w
[_w ɛ r ʃ eː p ɛ t ]_w
[_w r oː b ɛ r ]_w
[_w ɛ v eː z u ʃ t ]_w
[_w ɛ z d ]_w
[_w ø r ø k r ɛ ]_w
[_w k ɛ z d t eː ɡ ]_w
[_w b r i n ɡ aː ʃ ]_w
[_w s y l ɛ t ɛ t ]_w
[_w iː ɡ eː r ɛ ɡ ]_w
[_w s aː s ɑ t ]_w
[_w k o n t o ʃ ]_w
[_w s aː m u k r ɑ ]_w
[_w l aː t ]_w
[_w ɑ ɡ ɑ r j u k ]_w
[_w aː lː o tː ]_w
[_w h ɛ j ɛ k ]_w
[_w t u t n eː ɡ ]_w
[_w s iː v eː t ]_w
[_w ɑ rː oː l ]_w
[_w r ɛ n t ɛ ]_w
[_w ts eː l ]_w
[_w ɑ kː o r i ]_w
[_w t ɑ r ɑ b o d ]_w
[_w m ɛ nː ɛ k ]_w
[_w f i s o n t ]_w
[_w o ʃ t o b ɑ ]_w
[_w f i uː k ]_w
[_w eː r t ɛ k ɛ ʃ ]_w
[_w k ɛ r y l n ɛ k ]_w
[_w f aː r j aː k ]_w
[_w l eː p tʃ øː n ]_w
[_w h ɑ l ]_w
[_w v eː ɲ t ]_w
[_w m ɑ k aː d ]_w
[_w s o m p ɑ n ]_w
[_w ɛ ɟ ɛ ʃ y l t ]_w
[_w ts ɑ ɛ ʃ ɑ r ]_w
[_w ɑ k ɑ d ]_w
[_w k u d ɑ t j ɑ ]_w
[_w l ɛ z n ɛ ɡ ]_w
[_w n ɛ v yː ]_w
[_w ɛ m b ɛ r b ɛ n ]_w
[_w n eː z ɛ tː ]_w
[_w s ɛ ɡ ɛ t ]_w
[_w l ɛ v ɛ ]_w
[_w v o n z oː ]_w
[_w i d ɛ j eː n ]_w
[_w v ɛ s i k ]_w
[_w ɛ n t r ɛ ]_w
[_w t ɛ ɡ i n d ]_w
[_w ɑ n t ]_w
[_w ʃ o k ɑ t o tː ]_w
[_w s o r o ʃ ]_w
[_w ɡ i v aː l oː ]_w
[_w t o lː aː r ]_w
[_w aː lː ɑ m o ɡ ]_w
[_w h o z n ɑ ɡ ]_w
[_w k ɛ lː ɛ n ɛ ]_w
[_w v i ɟ ɛ l m ɛ ]_w
[_w b ɑ l o t ɑ ]_w
[_w m ɛ lː ɛ tː i ]_w
[_w r u h aː d ]_w
[_w o r b aː n ]_w
[_w m i k ]_w
[_w u ɟ ɑ n ]_w
[_w m yː v eː s i ]_w
[_w m aː ʃ o k ɑ n o ]_w
[_w eː r d ɛ k ɛ ʃ ]_w
[_w ɑ d t ɑ ]_w
[_w n o r m aː ɲ ]_w
[_w ʃ ø t eː t ]_w
[_w h ɑ l ɑ t oː ]_w
[_w v i d ɛ s ɛ ʃ ]_w
[_w f ɛ r ʒ ]_w
[_w i k ɛ n tʃ ɑ ɡ ]_w
[_w ɑ l ɑ ɡ j ɑ i ]_w
[_w t ɑ r l oː ʃ ]_w
[_w n o ʃ ]_w
[_w p i ts i ɡ l i ʃ ]_w
[_w ɑ m ɛ j ɛ k ɛ t ]_w
[_w m ɛ l ɛ k ɛ l ]_w
[_w k u ɟ ɑ n uː ɟ ]_w
[_w ɑ k ɑ r ]_w
[_w b ɑ r aː t ɑ i ]_w
[_w t ɛ ɟ ɛ ]_w
[_w n eː z d ɛ ]_w
[_w ɛ r ʃ eː b ɛ d ]_w
[_w s oː l t ɑ m ]_w
[_w ɡ ɑ p n i ]_w
[_w m o n d v ɑ ]_w
[_w ɑ m ɛ j r ɛ ]_w
[_w ɑ m ɛ r i k ]_w
[_w o l d ɑ l u ɡ ]_w
[_w ts iː m ɛ d ]_w
[_w v o n d o tː ]_w
[_w k ø ɲː yː ]_w
[_w m ɛ k f ɛ l ɛ tː ]_w
[_w s ɛ r z øː k ]_w
[_w d ɛ ɡ n ɑ p i ɡ ]_w
[_w u d o l ʃ oː ]_w
[_w tʃ aː s aː r ]_w
[_w i r aː ɲ b ɑ ]_w
[_w m aː ʃ o t i k ]_w
[_w v i z o ɲ l ɑ ɡ ]_w
[_w u r ɑ m ]_w
[_w ɛ ɟ ɛ d ]_w
[_w h ɑ ɟ j ɑ ]_w
[_w s aː z ɛ s ɛ r ]_w
[_w m ɑ ɟ ɑ r o k ]_w
[_w ɛ ɟ ɛ t l ɛ k ]_w
[_w v ɑ l u ]_w
[_w t ɑ n u l n i ]_w
[_w k o r ɛ ɑ i ]_w
[_w ɑ u t oː f ɑ l ]_w
[_w k i j ɛ l ø l t ]_w
[_w f ɑ ɟ t o ɡ ]_w
[_w m ɑ k u k ɑ d ]_w
[_w j o k o ʃ ]_w
[_w t u d o d ]_w
[_w b r i n ɡ aː bː ]_w
[_w k ø z ø l d ]_w
[_w u c ɑ n ɑ s ]_w
[_w z ɛ ɡ eː ɲ ]_w
[_w t o l k o z i ɡ ]_w
[_w v i l m ɛ k ]_w
[_w f o k o tː ]_w
[_w b o m p aː ʃ ]_w
[_w s ø l d ]_w
[_w m i n i z t ɛ r ]_w
[_w v ɛ l ɛ l t ɛ ]_w
[_w h iː t ]_w
[_w v ɑ m b ɑ n ]_w
[_w iː ɡ eː r ɛ ]_w
[_w l ɛ v ɛ l eː d ]_w
[_w k ɛ z d t ɛ m ]_w
[_w v eː l t ɛ m ]_w
[_w l eː b ]_w
[_w l ɛ ɡ z ɛ bː ]_w
[_w ts eː k ɛ k ]_w
[_w n ɛ v ɛ ʃ ɛ bː ]_w
[_w k ɑ p h ɑ d oː ]_w
[_w j aː t s ɑ n i ]_w
[_w h ɛ j ɛ dː ]_w
[_w s ɛ m eː j ɛ ɡ ]_w
[_w u ɟ ɛ ]_w
[_w h aː t r ɑ ]_w
[_w ø n aː lː oː ]_w
[_w o j ɑ nː ɑ ɡ ]_w
[_w f i ɑ d ɑ l o m ]_w
[_w m u n ɡ aː b ɑ ]_w
[_w m aː r m i t ]_w
[_w eː r z ɛ m ]_w
[_w eː l ɛ t y n k ]_w
[_w l eː ɲ ɛ ɡ ɛ ]_w
[_w b y z ɡ ɛ ]_w
[_w v i d eː ɡ i ]_w
[_w m aː ʃ h o l ]_w
[_w m ɑ ɡ u n ɡ ]_w
[_w l ɛ k f øː ]_w
[_w o k ɑ ]_w
[_w ɑ z o k n ɑ k ]_w
[_w d i d k ɑ ]_w
[_w m o n d j aː ɡ ]_w
[_w s aː m o t ]_w
[_w k ø v ɛ t ]_w
[_w m i n d ɛ n ɡ i ]_w
[_w v aː ɟ ]_w
[_w h ɑ z n aː l ]_w
[_w ɑ n ɡ o t ]_w
[_w u ɟ ɑ n ɑ z o n ]_w
[_w n ɑ p i k ]_w
[_w ɲ o m b ɑ n ]_w
[_w ɛ r k ø l tʃ i ]_w
[_w s o v t v ɛ r ]_w
[_w iː r oː k ]_w
[_w ʃ t ɑ p i l ]_w
[_w b eː n z y ɟ i ]_w
[_w m o n dː ]_w
[_w h ɛ j z ɛ t ]_w
[_w n ɑ p o k ]_w
[_w i d ɛ ɡ ɛ t ɛ ɡ ]_w
[_w k o n d o m ]_w
[_w h o zː aː t ]_w
[_w s ø l t ]_w
[_w k eː z y l øː ]_w
[_w ɛ u ɡ eː n i ɛ ]_w
[_w ʃ i k ɛ r t ]_w
[_w t o l ɡ o z n i ]_w
[_w k ɛ z d ɛ ]_w
[_w v o l t aː n ]_w
[_w h ɑ n ɡ u l ɑ d ]_w
[_w s ɛ r i n t ɛ m ]_w
[_w ɑ h o c ɑ n ]_w
[_w l ɑ p o ʃ ɑ n ]_w
[_w ʃ o ɡ ɑ t o tː ]_w
[_w s y l ɛ t ]_w
[_w h ɑ n ɡ o ʃ ɑ n ]_w
[_w t aː v uː ]_w
[_w tʃ ɑ p ɑ d ]_w
[_w f o r o k ]_w
[_w aː lː ɑ m o ʃ ]_w
[_w v i ɟ ɛ l m ɛ ʃ ]_w
[_w f aː l t ]_w
[_w h ɑ l aː l n i ]_w
[_w o k o z d ɑ ]_w
[_w ø n ø k ]_w
[_w m i n t ɛ ]_w
[_w m ɑ r ɡ i t ]_w
[_w v o ɡ t ɑ t aː ʃ ]_w
[_w p ɛ t øː v i ]_w
[_w h ɑ l aː l o ʃ ]_w
[_w p r o j ɛ k t ]_w
[_w m eː k i ʃ ]_w
[_w ts iː m ɛ ]_w
[_w h ɑ l aː l z ]_w
[_w o l t ɑ m ]_w
[_w k eː r t ]_w
[_w b o n t aː n ]_w
[_w ʒ ɛ mː i ]_w
[_w s oː l n ɑ k ]_w
[_w f ɛ l ɛ ]_w
[_w f i uː m ]_w
[_w ɑ ɡ ɑ r o t ]_w
[_w ɲ ɛ l v ɛ ]_w
[_w oː r aː ɡ ]_w
[_w p ɛ ɑ u ɟ k ɑ ]_w
[_w f ɛ z eː j ]_w
[_w ɑ p j ɑ ]_w
[_w k ø z ø tː y k ]_w
[_w f ɛ b r u aː r ]_w
[_w ɛ ɟ r ɛ ]_w
[_w v o j ɑ m aː n ]_w
[_w s ɑ v ɑ i ]_w
[_w tʃ ø kː ɛ n d ]_w
[_w f i lː ɑ m o k ]_w
[_w f o n d ɑ n i ]_w
[_w l eː b eː ʃ t ]_w
[_w ɟ ɛ r ɛ kː ɛ l ]_w
[_w uː r n ɑ ɡ ]_w
[_w tʃ ɑ k h o ɟ ]_w
[_w s ɑ v ɑ ɡ ]_w
[_w n ɛ ɡ ɑ d iː v ]_w
[_w v iː zː ɛ l ]_w
[_w l o n d o l ɑ t ]_w
[_w n ɛ k ɛ d ]_w
[_w ɛ z ɛ l øː tː ]_w
[_w l ɑ k ɑ d ]_w
[_w ts iː m ɛ t ]_w
[_w eː r z i ɡ ]_w
[_w b ɛ t ɛ k ]_w
[_w z ɛ m eː v ɛ l ]_w
[_w m eː ɡ i ʃ ]_w
[_w o r o s l aː n ]_w
[_w m aː ʃ o d i ɡ ]_w
[_w j o kː ɑ l ]_w
[_w v i ɑ t ɑ l ]_w
[_w v eː ɡ ɛ ]_w
[_w h ɑ n ɡ o d ]_w
[_w ɑ k ɑ d o t ]_w
[_w v i d eː k i ]_w
[_w s ɛ r ɛ t ɛ m i ]_w
[_w ɑ h ɛ j ɛ k ]_w
[_w m o n t ɛ ]_w
[_w j u d n i ]_w
[_w k o n t o d ]_w
[_w p o n t i ]_w
[_w ɛ l øː r ɛ ]_w
[_w m i ɡ o r uː ]_w
[_w j aː r oː ]_w
[_w h ɑ j oː ]_w
[_w t i z t aː n ]_w
[_w i t ɛ aː l i ʒ ]_w
[_w f ɛ l ɛ ʃ ]_w
[_w s ɛ r ɛ p ɛ ]_w
[_w j ɑ k ɑ b ]_w
[_w h ɛ t ɛ n t ]_w
[_w h o zː aː d ]_w
[_w f r ɑ n k o ʃ ]_w
[_w m ɑ r ɑ t o ɡ ]_w
[_w h i nː i ]_w
[_w t ɛ n ɡ ɛ t ɛ ]_w
[_w s ɛ m eː t ]_w
[_w p o n t o tː ]_w
[_w ɡ ɛ v ɛ ʃ ɛ n ]_w
[_w m ɑ ɡ ɑ m b ɑ n ]_w
[_w v iː z b ɛ ]_w
[_w ɑ m ɑ ]_w
[_w ʃ i k m o n d ɑ ]_w
[_w r ɛ k eː ɲ ɛ k ]_w
[_w ɑ m i p øː l ]_w
[_w h ɑ t aː r ]_w
[_w v ɛ s eː j t ]_w
[_w h ɛ t ɛ ]_w
[_w n ɛ ɡ ɛ m ]_w
[_w ts eː ɡ ]_w
[_w m ɛ ɡ ɑ ɲː i ]_w
[_w l ɑ k o n ]_w
[_w p ɑ p o k ]_w
[_w eː l ɛ t r ɛ ]_w
[_w v o j t ɑ d n i ]_w
[_w ɑ z o k ɑ t o d ]_w
[_w ɑ ɲ ɑ k o ɡ ]_w
[_w d ɑ v ɑ z i ]_w
[_w s ɑ v ɑ ]_w
[_w n ɛ t ɛ d ɛ ]_w
[_w v i s ]_w
[_w h iː v t ɑ ]_w
[_w t i aː ɡ o k ]_w
[_w m ɛ ɡ t u t n i ]_w
[_w ɑ ɡ ɑ r t ɑ m ]_w
[_w b ɛ z eː l n i ]_w
[_w h i d ɛ l ɛ ]_w
[_w k eː d ]_w
[_w v o rː aː ʃ ɑ ]_w
[_w b ɛ t i k ]_w
[_w b ɑ r k o l oː ]_w
[_w k ɛ tː ɛ n ]_w
[_w uː j ʃ aː k ]_w
[_w m ɛ j ɛ k ɛ t i ]_w
[_w n øː n ɛ ɡ ]_w
[_w ɑ l ɑ ɡ i ]_w
[_w ɑ k i d ]_w
[_w ɛ k eː z ɛ n ]_w
[_w p eː l t aː d ]_w
[_w v aː r t ɑ ]_w
[_w k ɑ p o k ]_w
[_w f aː ɟ ]_w
[_w v ɑ ɟ o ɡ ]_w
[_w ɑ m ɛ r i ]_w
[_w n ɛ v ɛ d ]_w
[_w f o d oː k ]_w
[_w h ɛ j ɛ z ɛ t ]_w
[_w ɲ o m p ɑ t ]_w
[_w s ɛ ɡ eː ɲ ]_w
[_w k ɛ s eː p ɛ ]_w
[_w r ɛ n d b ɛ n ]_w
[_w z ɛ n ɛ ]_w
[_w m aː ʃ r ɑ ]_w
[_w o ɡ o zː ɑ ]_w
[_w n ɑ ɟ o pː ]_w
[_w h ɑ t aː ʃ ]_w
[_w i ɡ eː ɲ b ɛ ]_w
[_w y l f ɛ ]_w
[_w k eː b ɛ ʃ ɛ k ]_w
[_w tʃ o m ɑ k ]_w
[_w n eː v ɛ n ]_w
[_w uː t j ɑ ]_w
[_w p ɑ r t j ɑ ]_w
[_w k ɛ r y l t ɛ ɡ ]_w
[_w eː p y l ]_w
[_w t eː m aː j ɑ ]_w
[_w ɛ ɟ ɛ n ]_w
[_w eː v ɛ n t ]_w
[_w i lː øː ]_w
[_w n ɛ k ɛ t ]_w
[_w aː k n ɛ ʃ ]_w
[_w v aː l n i ]_w
[_w eː z ɑ ɡ i ]_w
[_w h i aː ɲ ɑ ]_w
[_w j oː f ɑ l ]_w
[_w m i l o ʃ ]_w
[_w ts iː m yː ]_w
[_w b iː r j ɑ ]_w
[_w m i t øː l ]_w
[_w v ɛ z i k ]_w
[_w ɛ ɟ eː n i ]_w
[_w h aː b o r ]_w
[_w p aː p ɑ n ]_w
[_w m ɑ ɡ u k ɑ t i ]_w
[_w ɲ ɛ l v i ]_w
[_w r eː s t ]_w
[_w f ɑ ɟ o k ]_w
[_w m ɛ n ɛ t ɛ n ]_w
[_w h ɑ n k s o tː ]_w
[_w ɛ lː ɛ n b ɛ n ]_w
[_w m ɛ ɲː i t ]_w
[_w k u ɡ u ]_w
[_w ɑ l ɑ k ]_w
[_w j u d o tː ]_w
[_w b ɑ r n ɑ k ]_w
[_w n ɛ v eː n ]_w
[_w o k o z t ɑ ]_w
[_w v ø l d ɛ t ]_w
[_w k eː b ɛ k ]_w
[_w h ɑ n k o d ]_w
[_w m u t ɑ t o tː ]_w
[_w l aː t v aː ɲ ]_w
[_w k i l ɛ n ts ]_w
[_w r ɛ m ɛ ɡ ]_w
[_w ɟ ɛ n ɡ ɛ r ]_w
[_w t aː b l ɑ ]_w
[_w p ɛ nː y n ɡ ]_w
[_w v ɛ j ɛ ]_w
[_w k ɑ b i t aː ɲ ]_w
[_w ɑ d ɑ d ɑ ]_w
[_w s ɑ p ɑ t ]_w
[_w h ɑ z n o ʃ ]_w
[_w v i z o n d ]_w
[_w v ø l d ø tː ɛ ]_w
[_w h ɑ v o n t ɑ ]_w
[_w ɑ b s u r d ]_w
[_w m ɑ k u n k ɑ t ]_w
[_w f ɑ ɡ ]_w
[_w n ɛ v ɛ s i k ]_w
[_w k y l t ɛ k ]_w
[_w b o n d o l d ]_w
[_w h ɑ tʃ ɑ ɡ ]_w
[_w ɛ ɡ eː s ]_w
[_w ø r d ø ɡ ]_w
[_w s i k o r uː ]_w
[_w m s b ]_w
[_w m eː t ɛ r ɛ m t ]_w
[_w ɑ l b ɛ r d ]_w
[_w i k ɑ s aː n ]_w
[_w j u d o tː ɑ k ]_w
[_w eː r n ɛ k ]_w
[_w u ɟ ɑ n ɑ s t ]_w
[_w k u ɟ ɑ n ]_w
[_w ɛ l eː r n i ]_w
[_w d øː l ɛ t ]_w
[_w b aː r i ʃ b ɑ ]_w
[_w ɑ s t ɑ l ]_w
[_w ʃ f eː d ]_w
[_w m t f ]_w
[_w m o ʃ t ]_w
[_w ø r ø kː eː ]_w
[_w p o l t o k ɑ t ]_w
[_w p u s t ɑ ]_w
[_w ɟ ɑ k o r ]_w
[_w m ɛ h ɛ t n ɛ ɡ ]_w
[_w f i ɛ t n ɑ m i ]_w
[_w i d øː ʃ ]_w
[_w n o r m aː k ]_w
[_w s o k t aː ɡ ]_w
[_w aː l t ɑ ]_w
[_w p aː r h o l ]_w
[_w t u d aː ʃ ]_w
[_w s iː n yː ]_w
[_w f i t ɛ n ]_w
[_w f eː k eː n ]_w
[_w eː b y l t ]_w
[_w z aː n t ]_w
[_w ɑ k ɑ r j ɑ ]_w
[_w n ɛ v ɛ ʃ ]_w
[_w k ø l tʃ i ]_w
[_w h o z n i ]_w
[_w v ɑ ɡ ɑ t ]_w
[_w b ɑ r d j aː ɡ ]_w
[_w l o n d o tː ɑ ]_w
[_w s ɛ ɡ v yː ]_w
[_w n eː sː ɛ ]_w
[_w t ɑ r t u n k ]_w
[_w eː r z ɛ t ]_w
[_w b aː r m i n d ]_w
[_w h aː z b ɑ n ]_w
[_w i n ɡ aː t ]_w
[_w i d øː k b ɛ n ]_w
[_w n eː z ɛ m ]_w
[_w s i n d ɛ n t ]_w
[_w ɑ u t oː v ɑ l ]_w
[_w ʃ o ɡ z o r ]_w
[_w k eː s y l t ]_w
[_w n ɛ k i k ]_w
[_w o r v o ʃ ]_w
[_w ɟ u r tʃ aː ɲ ]_w
[_w aː lː t ɑ m ]_w
[_w s o m b ɑ t ]_w
[_w f ɛ s eː j t ]_w
[_w m ɛ k s yː n t ]_w
[_w h ɑ t eː k ]_w
[_w ɡ o r m aː k ]_w
[_w m u n k aː p ɑ ]_w
[_w s ɛ r i n t i k ]_w
[_w s iː n ɛ ]_w
[_w ɛ ɟ i k ɛ t ]_w
[_w s ɛ r ɛ t j y k ]_w
[_w ø r ø ɡ r ɛ ]_w
[_w k y l d eː ʃ ]_w
[_w m yː s ɑ k i ]_w
[_w v i ʃ ɛ l t ]_w
[_w r ɛ j l i k ]_w
[_w k eː z ɛ t ]_w
[_w t ɛ k n ɑ b i ]_w
[_w s aː m aː d ]_w
[_w l ɛ z y n ɡ ]_w
[_w p ɛ l ʃ øː ]_w
[_w f o r o ɡ ]_w
[_w r eː z d ]_w
[_w m i n d ɛ s øː ]_w
[_w l eː d r ɛ ]_w
[_w ɑ m i n d ɛ r n ]_w
[_w h ɑ t eː ɡ o ɲ ]_w
[_w t ø m ɛ k ]_w
[_w ɑ m i ɡ ]_w
[_w k o n d o l j ɑ ]_w
[_w f eː l n ɛ k ]_w
[_w v ɛ dː ɛ m ]_w
[_w ɟ o r ʃ ɑ ]_w
[_w i ɡ ɑ z i n ]_w
[_w ɡ ø z ø ʃ ]_w
[_w ʃ ɛ mː i r ɛ ]_w
[_w l eː b eː ʃ d ]_w
[_w r oː m ɑ ]_w
[_w l ɛ s ɛ ]_w
[_w h oː n ɑ p i k ]_w
[_w j ɛ ɟ ɛ t ]_w
[_w r oː b ɛ r t ]_w
[_w k i f aː l oː ]_w
[_w t ɛ ts h n i ɡ ɑ ]_w
[_w m o r ts ɛ r v ]_w
[_w ɲ ɛ l v ɛ z ɛ dː ]_w
[_w k i ɛ m ɛ l t ]_w
[_w n eː z øː ]_w
[_w aː lː t ]_w
[_w l i d v aː n ]_w
[_w h ɑ l aː l ]_w
[_w s y r k ɛ ]_w
[_w m o n d o tː ɑ k ]_w
[_w y ɟ eː s ]_w
[_w l i n k ɛ t ɛ ɡ ]_w
[_w l eː b ɛ n ]_w
[_w u d ɑ k o k ]_w
[_w r ɛ n t ]_w
[_w m i n ɛ ɡ ]_w
[_w f ɛ l eː t ]_w
[_w k ø d n i ]_w
[_w n ɛ v ɛ s n ɛ k ]_w
[_w ɟ ɛ r m ɛ ɡ ɛ k ]_w
[_w f o n z oː ]_w
[_w m eː k ʃ ɛ ]_w
[_w i d øː s ɑ k ]_w
[_w t ɑ r t o s i ɡ ]_w
[_w t u t n aː m ]_w
[_w p y ʃ p ø ɡ ]_w
[_w ɛ m b ɛ r n ɛ d ]_w
[_w k ɑ p u n ɡ ]_w
[_w ɟ o r ʃ ɑ bː ]_w
[_w s eː k ɛ j ]_w
[_w m i ɡ ø z p ɛ n ]_w
[_w o r s aː k o t ]_w
[_w r ɛ ɡː ɛ l i ]_w
[_w u r ɑ d ]_w
[_w ɛ z i k ]_w
[_w n ɛ h ɛ z ɛ n ]_w
[_w ɡ o n d ]_w
[_w h o zː ɑ n ]_w
[_w ɛ l ɛ ɡ ]_w
[_w p ɑ n ɡ aː r ]_w
[_w k ø r ɲ ɛ s ɛ d ]_w
[_w n ø v eː ɲ ɛ ʃ ]_w
[_w ø sː ɛ ɡ ]_w
[_w ɲ ɛ l f ɛ ]_w
[_w s aː z ɑ d i ]_w
[_w b u t ɑ ]_w
[_w p ɑ r d i ]_w
[_w uː j r ɑ ]_w
[_w eː r i n d ɛ ]_w
[_w v ɑ ɟ ]_w
[_w ts iː m ]_w
[_w l ɛ nː ɛ ]_w
[_w ɛ z ɛ ɡ ɛ t ]_w
[_w ɑ m ɛ r i ɡ ]_w
[_w m i eː r t ]_w
[_w m yː v eː z ]_w
[_w d ɛ ʃ t ]_w
[_w m ɑ ɡ aː ɲ o ʃ ]_w
[_w j ɛ l ɛ n t ]_w
[_w h iː j aː n ]_w
[_w k eː r i ]_w
[_w k ɛ lː j ɛ n ]_w
[_w m o n t v ɑ ]_w
[_w t ɛ ts ɛ m b ɛ n ]_w
[_w v r ɛ ɛ p l o k ]_w
[_w ɛ ɟ v ɑ j t ɑ ]_w
[_w n ɛ f eː t ]_w
[_w t ɛ h ɛ t n ɛ ]_w
[_w k o o ɡ l ɛ ]_w
[_w t o l o k n ɑ k ]_w
[_w v ɛ l ʃ øː r ɛ ]_w
[_w f i z o n t ]_w
[_w k ø ɲ v eː d ]_w
[_w m o n t ]_w
[_w k ø z n ɑ p ]_w
[_w d k ɡ ]_w
[_w k ɛ r ɛ ʃː y k ]_w
[_w m eː t ɛ r ɛ t ]_w
[_w t eː z t ɑ ]_w
[_w tʃ ɑ l aː d i ]_w
[_w n eː m ɛ t ɛ k ]_w
[_w m aː r ]_w
[_w i j ɛ n k o r ]_w
[_w u ɟ ɑ n iː ɟ ]_w
[_w f o r ]_w
[_w v o l t u n k ]_w
[_w ɑ k ɑ r u n k ]_w
[_w m eː j ɛ ɡ ]_w
[_w v aː d ]_w
[_w i mː aː r ]_w
[_w m i n t ɛ n d ]_w
[_w i s k ɑ l m ɑ ʃ ]_w
[_w ɑ n k l ɑ r ʃ ]_w
[_w v o n ɑ l ]_w
[_w v i l aː ɡ i ]_w
[_w i n ɟ ɛ n ]_w
[_w k ɛ t f ɛ z øː ]_w
[_w ɑ k i v ɛ l eː ]_w
[_w f i z o ɲ o ʃ ]_w
[_w l ɛ h ɛ t y n k ]_w
[_w ɲ u k ɑ ]_w
[_w ɛ k eː s ɛ n ]_w
[_w z o l k aː r i ]_w
[_w r ɛ n d s ɛ r ]_w
[_w k ɛ r y l d ]_w
[_w i f j uː ]_w
[_w d aː r ɟ ]_w
[_w f ɛ z ɛ tː ]_w
[_w ɡ ɛ tː øː ]_w
[_w eː v ɛ ɡ b ɛ n ]_w
[_w m aː r t o k ]_w
