[_w a l ɔ q ]_w
[_w b a χ ʃ ]_w
[_w b ɔ l a ]_w
[_w χ ɔ l i ]_w
[_w t u t i ]_w
[_w j a ŋ i ]_w
[_w k i ʃ i ]_w
[_w w a q d ]_w
[_w q o l i ]_w
[_w h a q ]_w
[_w χ a l q ]_w
[_w u l u ɣ ]_w
[_w q ɔ t i ]_w
[_w j u ɾ t ]_w
[_w q a ɾ s ]_w
[_w i s t a ]_w
[_w d a m ]_w
[_w k a b i ]_w
[_w o z i ŋ ]_w
[_w dʒ a lː a ]_w
[_w a ɾ a b ]_w
[_w d ɛ z a ]_w
[_w u n i ]_w
[_w i kː i ]_w
[_w q ɔ z i ]_w
[_w m a s h ]_w
[_w a d a p ]_w
[_w dʒ i q a ]_w
[_w b ɔ ʃ ]_w
[_w h a l i ]_w
[_w m ɛ n i ]_w
[_w a t a b ]_w
[_w b a j t ]_w
[_w ɔ ʃ i q ]_w
[_w o ɾ i n ]_w
[_w b a s t ]_w
[_w ɔ j d a ]_w
[_w ɔ i l a ]_w
[_w ʃ i f ɔ ]_w
[_w dʒ ɔ j i ]_w
[_w u n d a ]_w
[_w ɾ a h m ]_w
[_w d a w ɔ ]_w
[_w ɛ t i ʃ ]_w
[_w s ɔ l a ]_w
[_w o t i ʃ ]_w
[_w a m a l ]_w
[_w ʃ a ɾ t ]_w
[_w ɔ ʃ d i ]_w
[_w h i z ]_w
[_w b o j i ]_w
[_w m ɔ dː a ]_w
[_w b a n k ]_w
[_w ʃ a χ s ]_w
[_w t a w ɾ ]_w
[_w s ɔ ɛ ]_w
[_w w a f ɔ ]_w
[_w q a ɾ a ]_w
[_w n a f s ]_w
[_w m a t i ]_w
[_w χ o tʃ a ]_w
[_w ɾ a d ]_w
[_w ɔ l d i ]_w
[_w a n h u ]_w
[_w s u ɾ a ]_w
[_w ɔ j a t ]_w
[_w b i ɾ ]_w
[_w ɔ t a m ]_w
[_w tʃ a z ɔ ]_w
[_w a wː a l ]_w
[_w dʒ ɔ ɾ a ]_w
[_w l a ɾ i ]_w
[_w j u z ]_w
[_w ɛ m a s ]_w
[_w u j d a ]_w
[_w n ɔ s i ]_w
[_w b a χ t ]_w
[_w i l ɔ h ]_w
[_w a j n i ]_w
[_w t a b i ]_w
[_w ɔ n a ]_w
[_w t ɔ i m ]_w
[_w m a tː ɔ ]_w
[_w o ɾ n i ]_w
[_w b i z ]_w
[_w j u k ]_w
[_w w a t a ]_w
[_w a χ i ɾ ]_w
[_w q ɔ i m ]_w
[_w ɛ s k u ]_w
[_w a z a ɾ ]_w
[_w t a s i ]_w
[_w f a q a ]_w
[_w ɛ ɡ a n ]_w
[_w ɔ j a d ]_w
[_w k o ɾ a ]_w
[_w a ɾ ɔ q ]_w
[_w p a s i ]_w
[_w ɔ d a m ]_w
[_w s a l ]_w
[_w k a s i ]_w
[_w n ɔ m i ]_w
[_w q i sː a ]_w
[_w h a ɾ ]_w
[_w h a q i ]_w
[_w ɛ t d i ]_w
[_w b o l a ]_w
[_w tʃ a ɾ a ]_w
[_w ɛ t i b ]_w
[_w j o l i ]_w
[_w o ɾ t a ]_w
[_w ɔ χ i ɾ ]_w
[_w j a kː a ]_w
[_w z ɔ p i ]_w
[_w q a t i ]_w
[_w i z ɾ ɔ ]_w
[_w q a l b ]_w
[_w ɛ ɾ ɡ a ]_w
[_w z ɔ b i ]_w
[_w k a ɾ i ]_w
[_w b a j d ]_w
[_w a m ɾ i ]_w
[_w k u n i ]_w
[_w m ɔ l ]_w
[_w s a j t ]_w
[_w a n h ɔ ]_w
[_w t a l i ]_w
[_w a s ɔ s ]_w
[_w χ i l ]_w
[_w k u ŋ a ]_w
[_w f a ɔ l ]_w
[_w t i l i ]_w
[_w ɔ m ɔ n ]_w
[_w b ɔ ɾ a ]_w
[_w m u l ɡ ]_w
[_w a m i ɾ ]_w
[_w h u k m ]_w
[_w tʃ ɔ i z ]_w
[_w o ʃ a ]_w
[_w t a n ]_w
[_w χ u dː i ]_w
[_w ɛ s ɡ u ]_w
[_w b a t ɾ ]_w
[_w ɔ w ɔ z ]_w
[_w a m ɾ ]_w
[_w ɔ dʒ d i ]_w
[_w ɡ o ɾ a ]_w
[_w m a n a ]_w
[_w ɾ u m ]_w
[_w k ɛ dʒ a ]_w
[_w ɛ t i m ]_w
[_w w a q t ]_w
[_w a n i q ]_w
[_w dʒ u m a ]_w
[_w s i ɾ a ]_w
[_w d i ɾ i ]_w
[_w t a w ɔ ]_w
[_w d ɔ b i ]_w
[_w ɛ t i ]_w
[_w ɾ u h ]_w
[_w χ u ʃ ]_w
[_w o z i ]_w
[_w n i m a ]_w
[_w k a dː a ]_w
[_w t ɛ ŋ ]_w
[_w q i l ]_w
[_w o q i b ]_w
[_w d a w ɾ ]_w
[_w a j ɔ l ]_w
[_w z ɔ t i ]_w
[_w ʃ ɔ i ɾ ]_w
[_w d a ɾ s ]_w
[_w q i l a ]_w
[_w ɾ a i z ]_w
[_w q o l ]_w
[_w m a j ]_w
[_w s u l m ]_w
[_w t a ɾ ɡ ]_w
[_w u l a ɾ ]_w
[_w b i l a ]_w
[_w t a z i ]_w
[_w ɔ b i d ]_w
[_w d a ɾ z ]_w
[_w t u ɾ ]_w
[_w ɡ o ʃ d ]_w
[_w h u dː i ]_w
[_w b a n i ]_w
[_w ɡ a dʒ a ]_w
[_w b a s i ]_w
[_w q u ʃ ]_w
[_w n ɛ k a ]_w
[_w z a n ɔ ]_w
[_w n i s ɔ ]_w
[_w n a t ɔ ]_w
[_w dʒ ɔ n ]_w
[_w ɛ t ɡ a ]_w
[_w h a dʒ ]_w
[_w s a b t ]_w
[_w s u nː a ]_w
[_w o l i m ]_w
[_w i l a ]_w
[_w tʃ a s ɔ ]_w
[_w b a n d ]_w
[_w q u j i ]_w
[_w t a t a ]_w
[_w b ɔ ɾ ]_w
[_w χ o dʒ a ]_w
[_w ɾ a z m ]_w
[_w k o z i ]_w
[_w a q l i ]_w
[_w q a j t ]_w
[_w ɔ l i ŋ ]_w
[_w q ɔ n ]_w
[_w s ɔ d i ]_w
[_w n ɔ z i ]_w
[_w k a b a ]_w
[_w b i ɾ i ]_w
[_w ɾ ɔ s i ]_w
[_w s a l a ]_w
[_w t ɛ ɾ ]_w
[_w ɛ t a ]_w
[_w n a t i ]_w
[_w j u z i ]_w
[_w ɔ z d i ]_w
[_w t o z d ]_w
[_w k ɛ tʃ a ]_w
[_w ɔ i ʃ a ]_w
[_w i ʃ d i ]_w
[_w f a ɾ q ]_w
[_w ɛ l tʃ i ]_w
[_w i j u n ]_w
[_w t i ɾ ]_w
[_w t u ɾ i ]_w
[_w u n t a ]_w
[_w d ɛ s a ]_w
[_w ɛ ɾ t a ]_w
[_w b o l ]_w
[_w s i j ɔ ]_w
[_w ɛ l dʒ i ]_w
[_w ɾ ɔ s a ]_w
[_w i l m i ]_w
[_w j ɔ t ]_w
[_w dʒ ɔ i s ]_w
[_w k u ɾ a ]_w
[_w d o z d ]_w
[_w dʒ a m i ]_w
[_w s ɔ l i ]_w
[_w m a n ]_w
[_w n ɛ dʒ a ]_w
[_w d a n ]_w
[_w d u ɾ ɡ ]_w
[_w u m i d ]_w
[_w t u d i ]_w
[_w d i l i ]_w
[_w ʃ u ŋ a ]_w
[_w ɾ a s m ]_w
[_w a j t a ]_w
[_w k o s i ]_w
[_w a z i z ]_w
[_w q a n i ]_w
[_w a t i b ]_w
[_w t u ɾ ɡ ]_w
[_w q ɔ ɾ ]_w
[_w n i ŋ ]_w
[_w o χ h ]_w
[_w χ ɔ h ]_w
[_w k o ʃ d ]_w
[_w a s l i ]_w
[_w b ɛ ɾ i ]_w
[_w ɾ ɛ a l ]_w
[_w q a t l ]_w
[_w i ʃ ɡ a ]_w
[_w b a h ɔ ]_w
[_w p ɔ l a ]_w
[_w ɛ d i b ]_w
[_w ɛ l ɡ a ]_w
[_w s a ɾ i ]_w
[_w a j b i ]_w
[_w ɛ k a n ]_w
[_w a s a l ]_w
[_w dʒ ɛ k ]_w
[_w d a b i ]_w
[_w o q u w ]_w
[_w ʃ a ɾ q ]_w
[_w a l ɔ m ]_w
[_w d a ɾ k ]_w
[_w ɣ u z l ]_w
[_w m ɛ ŋ a ]_w
[_w m l n ]_w
[_w ɔ tʃ i q ]_w
[_w ɔ n a m ]_w
[_w ɾ o j ]_w
[_w a k s ]_w
[_w a n d i ]_w
[_w a h t ]_w
[_w j ɔ ʃ ]_w
[_w b ɛ ɾ a ]_w
[_w f i q h ]_w
[_w z ɛ n ]_w
[_w i lː a d ]_w
[_w o ɾ d a ]_w
[_w ɔ s t i ]_w
[_w z ɔ n ]_w
[_w a k a ɾ ]_w
[_w j ɔ z i ]_w
[_w χ u t ɔ ]_w
[_w ʃ u ɡ i ]_w
[_w b m t ]_w
[_w i l i q ]_w
[_w o n d a ]_w
[_w b u n i ]_w
[_w j a n a ]_w
[_w b u l i ]_w
[_w u n i ŋ ]_w
[_w d a ɾ t ]_w
[_w ɔ dʒ i b ]_w
[_w j ɔ d i ]_w
[_w h a w ɔ ]_w
[_w dʒ ɔ nː i ]_w
[_w k o p i ]_w
[_w u ʃ p u ]_w
[_w h a mː a ]_w
[_w m a n ɔ ]_w
[_w d u ɾ i ]_w
[_w t ɔ b i ]_w
[_w a h l i ]_w
[_w a s a ɾ ]_w
[_w ɔ l i j ]_w
[_w q a j ]_w
[_w ɔ mː a ]_w
[_w i j u l ]_w
[_w a ɾ ɔ ]_w
[_w w ɔ q ɛ ]_w
[_w q a s ɔ ]_w
[_w ɛ l ɔ n ]_w
[_w ɔ q i b ]_w
[_w q a ɾ i ]_w
[_w ɣ a m ]_w
[_w i n tʃ i ]_w
[_w t o ɾ t ]_w
[_w b i n ɔ ]_w
[_w dʒ u t ɔ ]_w
[_w b u ŋ a ]_w
[_w ɔ ɾ d i ]_w
[_w n ɔ n ]_w
[_w ɔ l i m ]_w
[_w ɡ o z i ]_w
[_w k ɛ ŋ ]_w
[_w a j d i ]_w
[_w ɡ o s i ]_w
[_w u ɾ i b ]_w
[_w q a ɾ ɔ ]_w
[_w u b a j ]_w
[_w j o q ]_w
[_w s ɛ n i ]_w
[_w ɾ ɔ z t ]_w
[_w i l ɡ ]_w
[_w o ɣ i l ]_w
[_w q i s m ]_w
[_w a s ɔ ]_w
[_w m i s ɾ ]_w
[_w h i sː a ]_w
[_w m a s a ]_w
[_w χ a ɾ ]_w
[_w s i k ɾ ]_w
[_w w l a t ]_w
[_w b ɛ ɾ ]_w
[_w u z u l ]_w
[_w p a ɾ i ]_w
[_w ɡ ɛ l a ]_w
[_w tʃ a m i ]_w
[_w ɔ l s a ]_w
[_w t a m i ]_w
[_w p ɔ ʃ i ]_w
[_w q o j a ]_w
[_w t i n dʒ ]_w
[_w ɛ ɾ k a ]_w
[_w s i d ]_w
[_w h a j s ]_w
[_w t i n i ]_w
[_w b ɔ ʃ i ]_w
[_w b a z i ]_w
[_w b ɔ ɾ d ]_w
[_w i l m ]_w
[_w d i ɡ i ]_w
[_w s a n ɔ ]_w
[_w k ɔ h ]_w
[_w k a s p ]_w
[_w z a l a ]_w
[_w o ɾ a b ]_w
[_w s o z ]_w
[_w u ɡ a ]_w
[_w u s ɔ q ]_w
[_w ɔ ɾ t i ]_w
[_w t a ɾ k ]_w
[_w dʒ a ɾ ]_w
[_w j u ɾ d ]_w
[_w o l d i ]_w
[_w t ɔ ʃ ]_w
[_w m a kː a ]_w
[_w o j i n ]_w
[_w s u w ]_w
[_w ɔ ɣ i ɾ ]_w
[_w ʃ a ɾ h ]_w
[_w ɾ a k a ]_w
[_w dʒ i m ]_w
[_w o q i ʃ ]_w
[_w j ɔ n i ]_w
[_w χ u d ɔ ]_w
[_w i m ɔ m ]_w
[_w χ ɛ tʃ ]_w
[_w t a ɾ d ]_w
[_w ɛ k a ]_w
[_w s ɛ ŋ a ]_w
[_w ɾ o z a ]_w
[_w s ɔ t i ]_w
[_w i z ɔ h ]_w
[_w a lː ɔ h ]_w
[_w t ɔ n ɔ ]_w
[_w a s i s ]_w
[_w j ɔ ɣ i ]_w
[_w z ɔ j a ]_w
[_w m ɔ l i ]_w
[_w i s ɾ ɔ ]_w
[_w m i l ]_w
[_w p a d i ]_w
[_w ɔ t a ]_w
[_w n a d i ]_w
[_w q ɔ s i ]_w
[_w t i nː i ]_w
[_w ɡ a tː a ]_w
[_w s a j d ]_w
[_w q a l p ]_w
[_w ɔ l a m ]_w
[_w f ɔ ʃ ]_w
[_w ɛ s a ]_w
[_w q a t ɾ ]_w
[_w a j t i ]_w
[_w m i ŋ ]_w
[_w p a h ɔ ]_w
[_w q ɔ n i ]_w
[_w k u nː i ]_w
[_w ɣ a ɾ b ]_w
[_w j ɔ s i ]_w
[_w m a ɾ d ]_w
[_w dʒ ɛ t ]_w
[_w dʒ a z ɔ ]_w
[_w i l d i ]_w
[_w q a s ɾ ]_w
[_w u m ɾ a ]_w
[_w a z ɔ s ]_w
[_w a lː ɔ χ ]_w
[_w a b u l ]_w
[_w b a s ]_w
[_w ʃ u k i ]_w
[_w f a ɾ s ]_w
[_w n i z ɔ ]_w
[_w a s ɔ z ]_w
[_w u s u l ]_w
[_w ɔ ɾ ɔ m ]_w
[_w d u ŋ i ]_w
[_w dʒ a b ɾ ]_w
[_w ɛ t i ŋ ]_w
[_w i ʃ n i ]_w
[_w m ɛ h ɾ ]_w
[_w d ɛ t i ]_w
[_w dʒ u d a ]_w
[_w i s ɔ ]_w
[_w a mː ɔ ]_w
[_w dʒ a m ]_w
[_w ɔ l a d ]_w
[_w a b i ]_w
[_w ɔ t a t ]_w
[_w d i l ]_w
[_w ɔ dː i j ]_w
[_w ɔ l ɡ a ]_w
[_w u m ɾ i ]_w
[_w i l ɔ n ]_w
[_w dʒ ɔ j ]_w
[_w ɔ t ɔ b ]_w
[_w tʃ i q a ]_w
[_w i dʒ ɔ t ]_w
[_w t ɔ m ]_w
[_w ɔ bː ɔ q ]_w
[_w j u s i ]_w
[_w d i z i ]_w
[_w s ɔ b i ]_w
[_w u dʒ t a ]_w
[_w n u h ]_w
[_w o z ɡ a ]_w
[_w tʃ ɔ j i ]_w
[_w b u l ]_w
[_w u j ɡ a ]_w
[_w ɔ ʃ i b ]_w
[_w s ɔ n ]_w
[_w a s ɔ p ]_w
[_w n a s i ]_w
[_w f ɔ i z ]_w
[_w a j t ]_w
[_w ʃ u n i ]_w
[_w t a k i ]_w
[_w z i f a ]_w
[_w ɔ l a t ]_w
[_w d ɛ j a ]_w
[_w o s i ŋ ]_w
[_w tʃ a b ɾ ]_w
[_w u mː a d ]_w
[_w tʃ ɔ m ɛ ]_w
[_w s o z i ]_w
[_w ʃ a j χ ]_w
[_w i s ɔ h ]_w
[_w d i n ]_w
[_w u ʃ b u ]_w
[_w j ɛ ɡ ɔ ]_w
[_w ɔ z ɔ ɾ ]_w
[_w o z i m ]_w
[_w k i m ]_w
[_w u ɾ u ʃ ]_w
[_w ɔ s i j ]_w
[_w ɡ a ɾ i ]_w
[_w o l ɡ a ]_w
[_w i b n ]_w
[_w k o ɾ ]_w
[_w d ɛ p ]_w
[_w q ɔ ɾ a ]_w
[_w t i tʃ ɔ ]_w
[_w s i s ]_w
[_w ɔ ɾ a t ]_w
[_w j ɛ ɾ ]_w
[_w ɾ u h i ]_w
[_w ɔ tʃ i z ]_w
[_w q a d ɾ ]_w
[_w p ɔ ɾ a ]_w
[_w n i d ɔ ]_w
[_w ɔ j ɔ q ]_w
[_w z ɛ n i ]_w
[_w a n a ]_w
[_w k ɛ l a ]_w
[_w k a tː a ]_w
[_w b ɔ j ]_w
[_w u m a ɾ ]_w
[_w f i k ɾ ]_w
[_w ɔ t a d ]_w
[_w t o l a ]_w
[_w tʃ a ɾ ]_w
[_w a bː ɔ s ]_w
[_w tʃ ɔ n i ]_w
[_w ɾ a i s ]_w
[_w ɡ u ŋ a ]_w
[_w b ɔ b ]_w
[_w d ɔ i m ]_w
[_w h a qː i ]_w
[_w q a j d ]_w
[_w ɔ l i ʃ ]_w
[_w ɛ n d i ]_w
[_w m ɔ tʃ a ]_w
[_w ɛ s k i ]_w
[_w ɔ d a t ]_w
[_w s a ɾ f ]_w
[_w t ɛ t i ]_w
[_w w a l ]_w
[_w a l i ]_w
[_w a z a l ]_w
[_w χ a tː ɔ ]_w
[_w ɛ z ɡ i ]_w
[_w i tʃ i b ]_w
[_w ɔ w ɔ s ]_w
[_w a ɾ s i ]_w
[_w p i ɾ i ]_w
[_w ɛ ɾ i ʃ ]_w
[_w w a d a ]_w
[_w i z ɡ a ]_w
[_w z o z i ]_w
[_w s a t a ]_w
[_w ɛ t a ɾ ]_w
[_w ʃ ɔ m ]_w
[_w a t ɔ ]_w
[_w χ ɔ ɾ ]_w
[_w f ɔ i s ]_w
[_w a l a m ]_w
[_w i s m i ]_w
[_w i lː a t ]_w
[_w a tʃː i q ]_w
[_w d u ɾ k ]_w
[_w z i s ]_w
[_w k i l i ]_w
[_w p i l a ]_w
[_w o l a ɾ ]_w
[_w ɔ z ɔ t ]_w
[_w q ɔ l a ]_w
[_w t ɔ k i ]_w
[_w ɔ d a ]_w
[_w p u l i ]_w
[_w ɔ i d ]_w
[_w d o l a ]_w
[_w t a ɾ s ]_w
[_w dʒ a s ɔ ]_w
[_w ʃ a ɾ d ]_w
[_w b ɔ k ]_w
[_w h a tː ɔ ]_w
[_w d ɔ b a ]_w
[_w a d a b ]_w
[_w i ʃ tʃ i ]_w
[_w h a s a ]_w
[_w s a i d ]_w
[_w s a i f ]_w
[_w t i ɡ ]_w
[_w t ɔ ɣ ]_w
[_w p a z i ]_w
[_w χ a w f ]_w
[_w dʒ a b ]_w
[_w a d i b ]_w
[_w ɡ u n i ]_w
[_w d ɔ ŋ ]_w
[_w ɔ p a ]_w
[_w a n tʃ a ]_w
[_w a q lː i ]_w
[_w b ɛ t ]_w
[_w d a f n ]_w
[_w s o ŋ ]_w
[_w k u n ]_w
[_w b ɛ l ]_w
[_w o ɣ l i ]_w
[_w ɛ z k i ]_w
[_w j ɛ tː i ]_w
[_w a dʒ ɾ ]_w
[_w ɡ o j ɔ ]_w
[_w d u t i ]_w
[_w t ɔ z a ]_w
[_w m a d a ]_w
[_w i ɾ ɔ q ]_w
[_w i m s ɔ ]_w
[_w q i z ]_w
[_w j u s ]_w
[_w b a ɾ i ]_w
[_w ʃ ɔ h ]_w
[_w t o p ]_w
[_w q u l i ]_w
[_w n ɛ ɡ a ]_w
[_w q i z m ]_w
[_w k a b ]_w
[_w h a m d ]_w
[_w k a z b ]_w
[_w u ŋ a ]_w
[_w w ɔ s i ]_w
[_w z i n ɔ ]_w
[_w q i s i ]_w
[_w d a l i ]_w
[_w s ɔ dː a ]_w
[_w w ɔ s ]_w
[_w i z n ]_w
[_w a s ɔ b ]_w
[_w ʃ i ɾ ɡ ]_w
[_w n a z i ]_w
[_w k o p ]_w
[_w a q ʃ ]_w
[_w s i n ɔ ]_w
[_w a n a z ]_w
[_w z i z ]_w
[_w q ɔ d i ]_w
[_w t u ɾ k ]_w
[_w j a ɡ ]_w
[_w χ a t ]_w
[_w n a q a ]_w
[_w m a z d ]_w
[_w m u ɔ z ]_w
[_w a ɾ ɔ f ]_w
[_w ɔ z i j ]_w
[_w a h d ]_w
[_w z u ɾ a ]_w
[_w ɔ l a ]_w
[_w a j d a ]_w
[_w ɛ s ɡ i ]_w
[_w ɛ m a z ]_w
[_w k a m ]_w
[_w j a n i ]_w
[_w t a m ]_w
[_w a ɡ a m ]_w
[_w ɣ u s l ]_w
[_w dʒ ɔ n i ]_w
[_w b m d ]_w
[_w ɛ ʃ i ɡ ]_w
[_w d ɔ ɾ ]_w
[_w ɛ ɾ ɡ ]_w
[_w ɔ j l i ]_w
[_w o q i j ]_w
[_w d a s i ]_w
[_w ɔ a w ]_w
[_w i tʃ k i ]_w
[_w k u ŋ i ]_w
[_w χ a d ɔ ]_w
[_w t o z t ]_w
[_w t o ɾ d ]_w
[_w ɛ ɾ ɔ n ]_w
[_w a z l i ]_w
[_w b o ʃ ]_w
[_w ɔ ɣ i z ]_w
[_w a tʃ i b ]_w
[_w k a ʃ f ]_w
[_w ɛ d i ʃ ]_w
[_w ɣ ɔ j a ]_w
[_w t ɔ p i ]_w
[_w a dʒ a b ]_w
[_w h ɛ tʃ ]_w
[_w t i n ]_w
[_w b ɔ s ]_w
[_w i sː i q ]_w
[_w a n a s ]_w
[_w t a ɾ t ]_w
[_w t i ʃ ]_w
[_w ɔ j n i ]_w
[_w k a z i ]_w
[_w i ʃ d a ]_w
[_w n ɔ t a ]_w
[_w h ɔ l i ]_w
[_w d u ɔ ]_w
[_w n a q t ]_w
[_w f a s i ]_w
[_w p a k ɾ ]_w
[_w q a b ɾ ]_w
[_w s i f a ]_w
[_w a z i s ]_w
[_w ɔ d ɔ b ]_w
[_w i s n ]_w
[_w q a w m ]_w
[_w ɔ t i l ]_w
[_w t u ʃ ]_w
[_w t ɔ b a ]_w
[_w u dʒ u n ]_w
[_w i ʃ t a ]_w
[_w d ɔ ʃ ]_w
[_w m a z a ]_w
[_w t ɔ ɣ a ]_w
[_w ɔ d a n ]_w
[_w a s ɾ ]_w
[_w i ʃ i ]_w
[_w n a q l ]_w
[_w u tʃ t a ]_w
[_w a k a m ]_w
[_w dʒ a l p ]_w
[_w b ɔ i z ]_w
[_w a bː ɔ z ]_w
[_w i q t i ]_w
[_w ɔ ɾ a d ]_w
[_w ɔ l t i ]_w
[_w χ a m ɾ ]_w
[_w d i k i ]_w
[_w d ɔ p i ]_w
[_w ʃ i ɾ k ]_w
[_w ɛ ʃ i k ]_w
[_w a k a n ]_w
[_w z o ɾ ]_w
[_w ɡ a z i ]_w
[_w d ɛ ŋ ]_w
[_w f a n ]_w
[_w ɔ b i t ]_w
[_w p u n i ]_w
[_w ɛ ɾ i ]_w
[_w d ɛ s ]_w
[_w j o l ]_w
[_w ɔ l i ]_w
[_w ɛ m i ʃ ]_w
[_w b ɛ ʃ ]_w
[_w ɾ ɔ z a ]_w
[_w m ɛ n ]_w
[_w b i s ]_w
[_w ɾ a d i ]_w
[_w ɾ a ŋ i ]_w
[_w m a z h ]_w
[_w i dʒ ɾ a ]_w
[_w z o ŋ ]_w
[_w m ɔ dʒ a ]_w
[_w z i j ɔ ]_w
[_w j ɔ t i ]_w
[_w t ɛ s a ]_w
[_w ɾ u s t ]_w
[_w s ɛ n ]_w
[_w a z ɾ ]_w
[_w z a ɾ i ]_w
[_w p ɔ ɾ t ]_w
[_w a s l ]_w
[_w ɡ a s i ]_w
[_w d ɔ n a ]_w
[_w i dʒ i b ]_w
[_w χ ɔ z ]_w
[_w d a t a ]_w
[_w ɛ ɾ k ]_w
[_w d ɛ ɾ i ]_w
[_w u m i t ]_w
[_w b a t i ]_w
[_w ɡ o ɾ ]_w
[_w o q i ɾ ]_w
[_w u j t a ]_w
[_w z ɔ l i ]_w
[_w o s i b ]_w
[_w a ɡ a n ]_w
[_w t i z i ]_w
[_w z i ɾ ]_w
[_w t u s ]_w
[_w ɛ t i k ]_w
[_w m a d i ]_w
[_w d i ɾ ]_w
[_w a z ɔ ]_w
[_w b i dː a ]_w
[_w tʃ ɔ n ]_w
[_w i z d a ]_w
[_w d u tʃ ]_w
[_w q o j ]_w
[_w z ɔ a d ]_w
[_w t ɔ p a ]_w
[_w q a ɾ z ]_w
[_w u k a ]_w
[_w d u d i ]_w
[_w q i ɾ q ]_w
[_w t ɔ ɾ ]_w
[_w ɔ dʒ i q ]_w
[_w dʒ u d ɔ ]_w
[_w i dʒ i k ]_w
[_w dʒ d ɔ ]_w
[_w j a k ]_w
[_w ɔ tʃ i ʃ ]_w
[_w p u ŋ a ]_w
[_w d ɛ b ]_w
[_w j ɔ ɣ ]_w
[_w q a s t ]_w
[_w t ɛ j a ]_w
[_w n a f l ]_w
[_w dʒ ɔ m ɛ ]_w
[_w w ɔ z i ]_w
[_w j ɔ ʃ i ]_w
[_w t o j ]_w
[_w i dʒ i ]_w
[_w h ɔ j ]_w
[_w b a n t ]_w
[_w k o tʃ a ]_w
[_w d i n i ]_w
[_w b i d a ]_w
[_w d ɔ z a ]_w
[_w b ɔ ɾ t ]_w
[_w h i s ]_w
[_w d a k i ]_w
[_w tʃ ɔ ɾ a ]_w
[_w u l ɡ a ]_w
[_w ɛ ɾ d a ]_w
[_w t i ɾ i ]_w
[_w p a n d ]_w
[_w k u dʒ ]_w
[_w s u t i ]_w
[_w ɣ a ɾ p ]_w
[_w o tː i z ]_w
[_w j i l ]_w
[_w q ɔ ɾ i ]_w
[_w k a s b ]_w
[_w dʒ a ŋ ]_w
[_w m a s i ]_w
[_w d u ɾ ]_w
[_w dʒ a ɾ a ]_w
[_w a k a ]_w
[_w tʃ u d a ]_w
[_w t i l ]_w
[_w tʃ a m ]_w
[_w z a i f ]_w
[_w b a dʒ ɔ ]_w
[_w ɾ i s q ]_w
[_w ɔ l i b ]_w
[_w b a z ]_w
[_w d i nː i ]_w
[_w z a i d ]_w
[_w k a z ]_w
[_w i s n i ]_w
[_w dʒ ɔ i z ]_w
[_w ɔ k ɔ h ]_w
[_w o t s a ]_w
[_w ɡ i m ]_w
[_w tʃ u m a ]_w
[_w s ɔ t ]_w
[_w i s m ]_w
[_w s a d ]_w
[_w u m ɾ ]_w
[_w s ɔ ɾ ]_w
[_w s a w ]_w
[_w h ɔ tʃ i ]_w
[_w o z i b ]_w
[_w a w dʒ ]_w
[_w a z n ɔ ]_w
[_w ɣ a ɾ q ]_w
[_w ɔ lː ɔ h ]_w
[_w z ɔ n i ]_w
[_w t u ŋ i ]_w
[_w a w d ɔ ]_w
[_w d i s i ]_w
[_w ɾ a t ]_w
[_w u s ɾ a ]_w
[_w ɾ u s ]_w
[_w u mː a t ]_w
[_w a q l ]_w
[_w m a s t ]_w
[_w s a d a ]_w
[_w n u ɾ i ]_w
[_w a l d a ]_w
[_w ɔ s ɔ t ]_w
[_w ɔ d a d ]_w
[_w n a q d ]_w
[_w d a f ]_w
[_w u tʃ i b ]_w
[_w k a p i ]_w
[_w t ɛ ɾ i ]_w
[_w h a m ]_w
[_w k u tʃ i ]_w
[_w d ɔ nː a ]_w
[_w m u ɔ s ]_w
[_w u j i ]_w
[_w q ɔ ŋ a ]_w
[_w a z ɔ z ]_w
[_w z ɔ l a ]_w
[_w w a s f ]_w
[_w m i n i ]_w
[_w i m ɔ n ]_w
[_w k a s ]_w
[_w i b ɔ ɾ ]_w
[_w ɛ z ɡ u ]_w
[_w d u j a ]_w
[_w u n dʒ a ]_w
[_w dʒ a l b ]_w
[_w ɡ a b i ]_w
[_w z u w i ]_w
[_w s ɔ n i ]_w
[_w ɔ m i ɾ ]_w
[_w f a ɾ z ]_w
[_w u tʃ u n ]_w
[_w h ɔ l ]_w
[_w t ɔ ɾ i ]_w
[_w s i ɾ ]_w
[_w p a dʒ ɔ ]_w
[_w p a h s ]_w
[_w tʃ i n ]_w
[_w χ ɔ s ]_w
[_w ɔ d i l ]_w
[_w h a m t ]_w
[_w a s i z ]_w
[_w i z ɔ ]_w
[_w d ɔ k i ]_w
[_w sː s ɾ ]_w
[_w a sː a ]_w
[_w ɾ a t i ]_w
[_w u z u n ]_w
[_w z o m ]_w
[_w t ɛ d i ]_w
[_w t a ɡ i ]_w
[_w ɔ l k a ]_w
[_w s i t ]_w
[_w i tʃ ɔ t ]_w
[_w ɔ ɣ i s ]_w
[_w dʒ i n ]_w
[_w ɾ u z d ]_w
[_w s o ɾ ]_w
[_w h ɔ dʒ i ]_w
[_w o q i ŋ ]_w
[_w z a b ɾ ]_w
[_w a j d ]_w
[_w s u d i ]_w
[_w ɔ m i l ]_w
[_w f a z i ]_w
[_w i z n i ]_w
[_w p a j t ]_w
[_w k a dʒ a ]_w
[_w i z m i ]_w
[_w t u tʃ ]_w
[_w a s l ɔ ]_w
[_w m a ŋ u ]_w
[_w o l i b ]_w
[_w i tʃ i ʃ ]_w
[_w u z ɾ a ]_w
[_w ɔ l a ɾ ]_w
[_w ɡ o s ]_w
[_w k o b ]_w
[_w z ɔ f ]_w
[_w j i l i ]_w
[_w ɔ t ɔ p ]_w
[_w n ɔ m ]_w
[_w b i n ]_w
[_w d ɔ s a ]_w
[_w t ɔ ŋ ]_w
[_w χ o ʃ ]_w
[_w q u l ]_w
[_w t ɛ z ]_w
[_w ɔ j i ]_w
[_w o t a ]_w
[_w f ɔ ɾ z ]_w
[_w a b u ]_w
[_w a z l ɔ ]_w
[_w m u lː a ]_w
[_w s a p ɾ ]_w
[_w ɔ s i q ]_w
[_w t ɔ nː a ]_w
[_w q i z i ]_w
[_w z i d ]_w
[_w b a k ɾ ]_w
[_w ɡ i ʃ i ]_w
[_w z o s i ]_w
[_w k o j ɔ ]_w
[_w ɔ j t a ]_w
[_w ɔ l ɔ w ]_w
[_w o tː i s ]_w
[_w ʃ u k ɾ ]_w
[_w i tʃ i ɡ ]_w
[_w χ a f a ]_w
[_w ɔ pː ɔ q ]_w
[_w d a ɾ ɡ ]_w
[_w i ʃ t i ]_w
[_w z i ɾ a ]_w
[_w ɔ s ɔ d ]_w
[_w ɔ ɾ z u ]_w
[_w a tʃ a p ]_w
[_w a ɾ z i ]_w
[_w z ɔ ɛ ]_w
[_w ɛ t i ɡ ]_w
[_w ɛ lː i k ]_w
[_w o l t i ]_w
[_w b ɔ p ]_w
[_w a s a m ]_w
[_w s u t ]_w
[_w ɔ ɾ s u ]_w
[_w m ɛ w a ]_w
[_w s u d ]_w
[_w s a b ɾ ]_w
[_w ɔ d ɔ p ]_w
[_w t u ɔ ]_w
[_w ɡ o p ]_w
[_w b i tː a ]_w
[_w j ɔ qː a ]_w
[_w m i z ɾ ]_w
[_w dʒ t ɔ ]_w
[_w o t d i ]_w
[_w m a s d ]_w
[_w o t i b ]_w
[_w χ a m ]_w
[_w dʒ ɛ ɡ ]_w
[_w ɾ o s a ]_w
[_w h a l ]_w
[_w u ɾ i ʃ ]_w
[_w t ɔ n a ]_w
[_w a z ɔ b ]_w
[_w a ɡ a ɾ ]_w
[_w f a ɾ i ]_w
[_w ɡ ɛ ŋ ]_w
[_w ɾ ɔ z i ]_w
[_w t a ɾ z ]_w
[_w k u f ɾ ]_w
[_w t u z ]_w
[_w ɔ dʒ i s ]_w
[_w tʃ ɔ nː i ]_w
[_w ɔ s ɔ ɾ ]_w
[_w a w t ɔ ]_w
[_w i n d a ]_w
[_w d a z i ]_w
[_w n a d ɔ ]_w
[_w o d i ʃ ]_w
[_w t ɔ ɡ i ]_w
[_w d o ɾ d ]_w
[_w q i s ]_w
[_w a p u ]_w
[_w i m z ɔ ]_w
[_w t ɛ z a ]_w
[_w i tʃ ɾ a ]_w
[_w u mː u ]_w
[_w ɡ a l ]_w
[_w i tʃ ɡ i ]_w
[_w u j k a ]_w
[_w j ɔ k i ]_w
[_w n ɔ m a ]_w
[_w p i z ]_w
[_w s ɔ a t ]_w
[_w b a z d ]_w
[_w m ɔ l u ]_w
[_w z a j d ]_w
[_w ɔ tʃ i s ]_w
[_w o s i ]_w
[_w l a ɾ ]_w
[_w b ɔ ɡ ]_w
[_w t a p i ]_w
[_w z a b d ]_w
[_w z a l ]_w
[_w h a z a ]_w
[_w t i ŋ a ]_w
[_w m ɔ z ]_w
[_w n a ʃ ɾ ]_w
[_w m a ɾ t ]_w
[_w χ a d ]_w
[_w b a d ɾ ]_w
[_w f ɔ ɾ s ]_w
[_w s ɔ p i ]_w
[_w z u t ]_w
[_w q a d l ]_w
[_w z ɔ dʒ ]_w
[_w b a tʃ ɔ ]_w
[_w d i tʃ ɔ ]_w
[_w a ɾ s ]_w
[_w s ɔ j a ]_w
[_w z a ɾ f ]_w
[_w i tʃ ɔ d ]_w
[_w a ɾ a p ]_w
[_w d o ɾ t ]_w
[_w t i n tʃ ]_w
[_w t a ɔ m ]_w
[_w i ʃ q ]_w
[_w k a p ]_w
[_w a s ɔ n ]_w
[_w ʃ ɛ ɾ ]_w
[_w a t a p ]_w
[_w d a ɡ i ]_w
[_w s o s ]_w
[_w a s i j ]_w
[_w ɡ u tʃ i ]_w
[_w o s i m ]_w
[_w w ɔ z ]_w
[_w ɔ b ɔ d ]_w
[_w dʒ ɔ p ]_w
[_w j ɛ b ]_w
[_w a tʃ a b ]_w
[_w p ɔ ʃ ]_w
[_w n a ɾ i ]_w
[_w t ɔ i ɾ ]_w
[_w ɡ o tʃ a ]_w
[_w d i ŋ a ]_w
[_w o s k a ]_w
[_w t a z a ]_w
[_w t u dʒ ]_w
[_w a z i j ]_w
[_w a ɡ a ]_w
[_w d i dʒ ɔ ]_w
[_w a z ɔ p ]_w
[_w ɡ a ʃ f ]_w
[_w a ɾ z ]_w
[_w s ɔ f ]_w
[_w k o ʃ t ]_w
[_w t u n ]_w
[_w χ a t ɔ ]_w
[_w p ɔ ɾ d ]_w
[_w a j b ]_w
[_w t ɛ b ]_w
[_w i dʒ i ʃ ]_w
[_w u n tʃ a ]_w
[_w dʒ u t a ]_w
[_w i q d i ]_w
[_w ɡ a z ]_w
[_w t a f ]_w
[_w ɔ z t i ]_w
[_w d a z a ]_w
[_w a z l ]_w
[_w ɔ s ɔ n ]_w
[_w d ɔ ɣ a ]_w
[_w o t a ɾ ]_w
[_w t a f n ]_w
[_w ɡ ɛ l ]_w
[_w j ɛ k ɔ ]_w
[_w k ɛ l ]_w
[_w ɔ z i q ]_w
[_w m u l k ]_w
[_w b a l ɔ ]_w
[_w ɛ t s a ]_w
[_w q a d i ]_w
[_w d ɔ ɾ i ]_w
[_w t i ɡ i ]_w
[_w s o m ]_w
[_w ɡ a p i ]_w
[_w j ɛ p ]_w
[_w s ɔ d ]_w
[_w b ɔ i s ]_w
[_w t o q ]_w
[_w i ʃ k a ]_w
[_w a z ɔ n ]_w
[_w i dʒ ɔ d ]_w
[_w ɛ z a ]_w
[_w ɡ o p i ]_w
[_w ɛ n t i ]_w
[_w s a t ]_w
[_w a j ɔ n ]_w
[_w q a z ɔ ]_w
[_w a w tʃ ]_w
[_w k u l ]_w
[_w d i n tʃ ]_w
[_w ɛ d ɡ a ]_w
[_w ɔ tʃ i b ]_w
[_w u z ɔ q ]_w
[_w ɾ a w ɔ ]_w
[_w i z t a ]_w
[_w i j s ɔ ]_w
[_w k a tʃ a ]_w
[_w u s ɾ ]_w
[_w a n dʒ a ]_w
[_w b a n u ]_w
[_w p a χ ʃ ]_w
[_w tʃ ɔ j ]_w
[_w k u tʃ ]_w
[_w a tʃ ɾ ]_w
[_w ɾ u z ]_w
[_w d u ʃ ]_w
[_w a dʒ i b ]_w
[_w ɡ ɛ tʃ a ]_w
[_w ɔ b ɔ t ]_w
[_w m u z ɔ ]_w
[_w m a j a ]_w
[_w z ɔ t ]_w
[_w ɔ w ɔ ɾ ]_w
[_w n ɛ tʃ a ]_w
[_w t ɔ s a ]_w
[_w m a t a ]_w
[_w l ɔ l ]_w
[_w d ɛ z ]_w
[_w ɾ ɔ s t ]_w
[_w d o q ]_w
[_w t u j a ]_w
[_w f a t h ]_w
[_w ɡ o b i ]_w
[_w h a tʃ ]_w
[_w t i s i ]_w
[_w i l t i ]_w
[_w m a z i ]_w
[_w p i s ]_w
[_w j ɔ d ]_w
[_w k u dʒ i ]_w
[_w p i dː a ]_w
[_w z a d ]_w
[_w k ɛ dʒ ]_w
[_w s o s i ]_w
[_w h ɛ dʒ ]_w
[_w z a ɾ ɔ ]_w
[_w ɛ d i ŋ ]_w
[_w d a m i ]_w
[_w b ɔ z ]_w
[_w n ɔ d a ]_w
[_w ɾ ɔ z d ]_w
[_w z ɔ ɾ ]_w
[_w z a b t ]_w
[_w a z a m ]_w
[_w z ɔ d i ]_w
[_w ɛ d i ɡ ]_w
[_w ɔ z ɔ n ]_w
[_w ɔ p ɔ d ]_w
[_w ɔ z ɔ d ]_w
[_w q a z d ]_w
[_w tʃ u t a ]_w
[_w a p i ]_w
[_w ɔ t a n ]_w
[_w z u nː a ]_w
[_w i z m ]_w
[_w ɡ u ɾ a ]_w
[_w t o s t ]_w
[_w h a j z ]_w
[_w ɡ a b ]_w
[_w tʃ a b ]_w
[_w t ɔ b ɛ ]_w
[_w ɾ ɛ tʃ a ]_w
[_w q a z ɾ ]_w
[_w ɡ u f ɾ ]_w
[_w z ɛ ŋ a ]_w
[_w w l a d ]_w
[_w j u ɡ ]_w
[_w d a ɔ m ]_w
[_w s a b d ]_w
[_w d ɔ b ɛ ]_w
[_w ɔ b a ]_w
[_w i dʒ m ɔ ]_w
[_w n u ɾ ]_w
[_w tʃ u t ɔ ]_w
[_w k o dʒ a ]_w
[_w i n dʒ i ]_w
[_w j ɔ n ]_w
[_w k o z ]_w
[_w ɡ a tʃ a ]_w
[_w k a l ]_w
[_w o z k a ]_w
[_w t ɛ s ]_w
[_w ɡ a m ]_w
[_w d i n dʒ ]_w
[_w d a ɾ d ]_w
[_w u s u n ]_w
[_w dʒ a p ɾ ]_w
[_w s i z ]_w
[_w k ɛ tʃ ]_w
[_w tʃ ɛ ɡ ]_w
[_w z ɔ d ]_w
[_w ɛ d i ]_w
[_w s ɛ ɾ ɔ ]_w
[_w d ɛ ɾ ]_w
[_w i dʒ ɾ ɔ ]_w
[_w a d ɔ ]_w
[_w a s n ɔ ]_w
[_w ɛ d a ]_w
[_w z u l m ]_w
[_w i s k a ]_w
[_w z i k ɾ ]_w
[_w d ɔ n ɔ ]_w
[_w s ɔ dʒ ]_w
[_w p a χ t ]_w
[_w z u d ]_w
[_w d ɔ ɣ ]_w
[_w s ɔ tʃ ]_w
[_w b a h s ]_w
[_w d i ʃ ]_w
[_w ɔ d i b ]_w
[_w i z k a ]_w
[_w a p u l ]_w
[_w ɡ u n ]_w
[_w u tʃ d a ]_w
[_w p a j d ]_w
[_w m u s ɔ ]_w
[_w p ɔ ɾ ]_w
[_w ɡ u nː i ]_w
[_w o d a ɾ ]_w
[_w d o j ]_w
[_w i j z ɔ ]_w
[_w d u n ]_w
[_w tʃ ɔ b ]_w
[_w ɛ lː i ɡ ]_w
[_w d ɔ i ɾ ]_w
[_w s a ɾ ɔ ]_w
[_w d a s a ]_w
[_w ɡ u ŋ i ]_w
[_w ɔ s d i ]_w
[_w p a s ]_w
[_w s ɔ a d ]_w
[_w dʒ ɔ b ]_w
[_w ɔ l z a ]_w
[_w ɾ i z q ]_w
[_w ɾ u s d ]_w
[_w ɔ p i d ]_w
[_w tʃ ɔ i s ]_w
[_w tʃ a lː a ]_w
[_w z a p d ]_w
[_w q a z t ]_w
[_w i dʒ i ɡ ]_w
[_w ɛ d i m ]_w
[_w ɔ p ɔ t ]_w
[_w z a j t ]_w
[_w p ɔ b ]_w
[_w p a d ɾ ]_w
[_w ɔ ʃ t i ]_w
[_w s u w i ]_w
[_w tʃ a ŋ ]_w
[_w p i d a ]_w
[_w z ɔ dː a ]_w
[_w m ɔ s ]_w
[_w z u t i ]_w
[_w t a s a ]_w
[_w ɾ a ɡ a ]_w
[_w ɔ tʃ d i ]_w
[_w ɔ i t ]_w
[_w p a t ɾ ]_w
[_w ɛ ɡ a ]_w
[_w ɡ a z b ]_w
[_w i l ɡ a ]_w
[_w s a i t ]_w
[_w t a d a ]_w
[_w a dʒ a p ]_w
[_w dʒ a p ]_w
[_w p u l ]_w
[_w p i ɾ ]_w
[_w z u w ]_w
[_w z o z ]_w
[_w p a t i ]_w
[_w b a d i ]_w
[_w ɡ a b a ]_w
[_w z a t a ]_w
[_w k a p a ]_w
[_w ɡ o ʃ t ]_w
[_w t o b ]_w
[_w t i k ]_w
[_w z a i t ]_w
[_w d a p i ]_w
[_w q a s d ]_w
[_w tʃ ɛ d ]_w
[_w ɔ t i b ]_w
[_w p a n t ]_w
[_w q a p ɾ ]_w
[_w d ɔ m ]_w
[_w tʃ ɛ k ]_w
[_w p i n ɔ ]_w
[_w tʃ d ɔ ]_w
[_w tʃ a l b ]_w
[_w p i tː a ]_w
[_w ɛ t k a ]_w
[_w n i t ɔ ]_w
[_w b ɛ d ]_w
[_w i tʃ i ]_w
[_w ɔ dʒ i ʃ ]_w
[_w ɔ tʃ t i ]_w
[_w ɡ u tʃ ]_w
[_w p ɔ p ]_w
[_w t ɛ p ]_w
[_w o l k a ]_w
[_w i tʃ i k ]_w
[_w d o s t ]_w
[_w u z ɾ ]_w
[_w z i t ]_w
[_w o n t a ]_w
[_w p a n k ]_w
[_w z a w ]_w
[_w p a z d ]_w
[_w d u s ]_w
[_w u p a j ]_w
[_w ɔ dʒ i z ]_w
[_w b i t a ]_w
[_w ɛ d a ɾ ]_w
[_w p i n ]_w
[_w d i ɡ ]_w
[_w z u d i ]_w
[_w t i k i ]_w
[_w j ɔ ɡ i ]_w
[_w z a t ]_w
[_w t i dʒ ɔ ]_w
[_w d u z ]_w
[_w ɡ i l i ]_w
[_w a l t a ]_w
[_w ɔ dʒ t i ]_w
[_w ɡ o z ]_w
[_w i l k a ]_w
[_w d o p ]_w
[_w b a s d ]_w
[_w ɡ a p ]_w
[_w o s ɡ a ]_w
[_w d o z t ]_w
[_w χ ɛ dʒ ]_w
[_w p a l ɔ ]_w
[_w s a p d ]_w
[_w z ɛ ɾ ɔ ]_w
[_w d a d a ]_w
[_w ɾ ɛ dʒ a ]_w
[_w tʃ a p ]_w
[_w d ɛ d i ]_w
[_w i s ɡ a ]_w
[_w i tʃ ɾ ɔ ]_w
[_w ɾ u z t ]_w
[_w k o b i ]_w
[_w p ɔ ɡ ]_w
[_w u l k a ]_w
[_w p a s t ]_w
[_w i n t a ]_w
[_w o ɾ a p ]_w
[_w ɔ ɡ ɔ h ]_w
[_w p ɔ j ]_w
[_w tʃ ɛ t ]_w
[_w i s d a ]_w
[_w tʃ a p ɾ ]_w
[_w d ɔ ɡ i ]_w
[_w ɡ ɛ tʃ ]_w
[_w u dʒ d a ]_w
[_w ɛ z k u ]_w
[_w p ɔ i s ]_w
[_w a n t i ]_w
[_w p ɔ s ]_w
[_w tʃ u d ɔ ]_w
[_w ɡ ɔ h ]_w
[_w a zː a ]_w
[_w ɡ a s b ]_w
[_w m a z t ]_w
[_w ɡ o dʒ a ]_w
[_w ɡ a s p ]_w
[_w n a f z ]_w
[_w ɡ a dː a ]_w
[_w z a d a ]_w
[_w t o s d ]_w
[_w tʃ ɔ p ]_w
[_w o d a ]_w
[_w ɔ p i t ]_w
[_w ɛ l k a ]_w
[_w k o s ]_w
[_w tʃ i m ]_w
[_w ɛ d i k ]_w
[_w ɡ u l ]_w
[_w u dʒ i b ]_w
[_w z ɔ a t ]_w
[_w z o s ]_w
[_w z a p ɾ ]_w
[_w ɾ ɔ s d ]_w
[_w p a n i ]_w
[_w ɡ ɛ dʒ a ]_w
[_w d ɔ p a ]_w
[_w p ɔ k ]_w
[_w ɡ a p a ]_w
[_w d i k ]_w
[_w tʃ t ɔ ]_w
[_w dʒ ɛ d ]_w
[_w ɡ a s ]_w
[_w tʃ a l p ]_w
[_w d u dʒ ]_w
[_w b a z t ]_w
[_w p ɔ z ]_w
[_w p a s d ]_w
[_w i l k ]_w
[_w o d i b ]_w
[_w p a n u ]_w
[_w d o s d ]_w
[_w ɡ o b ]_w
[_w z ɔ tʃ ]_w
[_w ɡ u dʒ i ]_w
[_w p a z ]_w
[_w ɡ ɛ dʒ ]_w
[_w p ɔ i z ]_w
[_w d o b ]_w
[_w p a tʃ ɔ ]_w
[_w p i t a ]_w
[_w ɡ u dʒ ]_w
[_w p a z t ]_w
