[_w dʒ ɑ n u ɑ r i ]_w
[_w t s ɑ f ɔ ]_w
[_w u ɛ n ɛ z ɑ dʒ i ]_w
[_w ɑ m ɛ f ɑ ɲ ɑ ]_w
[_w k u l ɑ ]_w
[_w l ɑ k ɛ ]_w
[_w k u t ɔ k ɑ ]_w
[_w k i f u b i ]_w
[_w ɑ l i k ɑ d i ]_w
[_w k i d ɑ w ɑ ]_w
[_w m ɔ dʒ ɑ ]_w
[_w s ɑ l ɑ ɑ m ]_w
[_w b ɑ ᵐb ɑ ]_w
[_w w ɑ d u ]_w
[_w m z u r i ]_w
[_w w ɑ k i f ɑ ɑ ]_w
[_w t ɔ m ɔ ]_w
[_w m ɑ s ɑ ɔ ]_w
[_w t ɔ ɡ ɑ ]_w
[_w j ɑ ɑ n i ]_w
[_w h i f i ]_w
[_w u p ɑ ᵑɡ ɑ ]_w
[_w m f u m ɔ ]_w
[_w b ɑ ɲ ɑ ]_w
[_w p ɔ t i ]_w
[_w k u l i ]_w
[_w m ɑ t ɑ b ɑ ]_w
[_w i ⁿd ɔ n ɛ z i ɑ ]_w
[_w m i s ɑ ɑ d ɑ ɛ ]_w
[_w ɑ d ɑ ]_w
[_w i n ɑ b i i ]_w
[_w w ɑ d ɑ w i ]_w
[_w b u k ɔ b ɑ ]_w
[_w m f ɑ l m ɛ ]_w
[_w n ɔ r w ɛ i ]_w
[_w u r i ð i ʃ ɑ ]_w
[_w m ɑ l ɛ z i ]_w
[_w m ɑ m i ɑ tʃ i ]_w
[_w i n ɑ ɑ ⁿz ɑ ]_w
[_w v i ɔ ᵑɡ ɔ ]_w
[_w h ɑ b ɑ ]_w
[_w k u k ɔ s ɑ ]_w
[_w ⁿd ɔ d ɔ ]_w
[_w r ɑ b ɑ ]_w
[_w ᵑɡ ɑ n ɔ ]_w
[_w f i f ɑ ]_w
[_w t ɑ ɑ l u m ]_w
[_w m t ɑ ⁿz ɑ n i ɑ ]_w
[_w l i ⁿd i ]_w
[_w m t ɔ k ɔ ]_w
[_w w ɑ k i r i ]_w
[_w u f u k ɑ dʒ i ]_w
[_w tʃ ɑ ⁿz ɔ ]_w
[_w m w ɛ ɲ ɛ w ɛ ]_w
[_w ᵐb u ᵑɡ ɛ ]_w
[_w p ɑ ᵑɡ i ]_w
[_w h ɑ ɔ ]_w
[_w m ɑ ɛ l f u ]_w
[_w dʒ u m ɑ n n ɛ ]_w
[_w u ʃ i r i k i ]_w
[_w b l ɔ k u ]_w
[_w ɛ i r ɛ ]_w
[_w ɔ r ɔ ð ɑ ]_w
[_w ɑ t ɔ m u ]_w
[_w k u ɛ l ɛ k ɛ ɑ ]_w
[_w k ɛ l ɛ ɑ ]_w
[_w m w ɑ n ɑ n i ]_w
[_w ɑ m ɑ n i ]_w
[_w p i ɑ ]_w
[_w l u ɣ ɑ ]_w
[_w tʃ ɛ ɔ ]_w
[_w m ɑ ʃ ɑ ]_w
[_w k ɛ m i k ɑ ]_w
[_w u t ɑ i ]_w
[_w w ɑ k ɑ t ɔ ]_w
[_w u z ɑ f i ]_w
[_w ɑ ᵐb ɑ f j ɔ ]_w
[_w k u t ɔ k ɛ ɑ ]_w
[_w m s ɑ i t i ]_w
[_w d i r ɑ ]_w
[_w m t ɑ ɑ l u m ]_w
[_w k u n ɑ w ɛ s ɑ ]_w
[_w m r ɛ v u ]_w
[_w m k u u ]_w
[_w w ɑ f u f i ]_w
[_w m s ɑ n i f u ]_w
[_w w ɑ t ɑ w i ]_w
[_w m s ɑ ᵑɡ i ]_w
[_w ʃ i tʃ ɑ ]_w
[_w t ɑ i m ɑ ]_w
[_w θ ɑ r ɑ u ]_w
[_w ɑ ɛ ⁿd ɛ ]_w
[_w p i n t i ]_w
[_w h i m ɑ j ɑ i ]_w
[_w k u dʒ ɔ r ɑ tʃ i ]_w
[_w t i k ɛ t i ]_w
[_w ɑ ᵐb ɑ j ɔ ]_w
[_w j ɑ k ɔ p ɔ ]_w
[_w m tʃ u ᵑɡ ɑ dʒ i ]_w
[_w h ɑ j ɑ ]_w
[_w u ɑ dʒ ɛ m i ]_w
[_w b ɑ z i ]_w
[_w k ɔ dʒ ɑ ]_w
[_w k u ɑ ⁿz i ʃ ɑ ]_w
[_w f j ɛ d i ]_w
[_w l i ⁿd w ɑ ]_w
[_w i s i w ɑ ]_w
[_w w ɑ z i r i ]_w
[_w w ɑ ᵑɡ ɑ ]_w
[_w h ɑ l ɑ ]_w
[_w dʒ i tʃ i ]_w
[_w tʃ ɑ m h u r i ]_w
[_w ɑ l i ɔ ᵑɡ ɔ ]_w
[_w ɑ l i t ɔ ɑ ]_w
[_w m ɑ ɑ s k ɔ v u ]_w
[_w ɡ u m p ɑ ]_w
[_w h ɑ b ɔ ]_w
[_w m i d ɑ ]_w
[_w ɑ ɡ ɔ s ɑ ]_w
[_w w ɑ k i ᵐb i s i ]_w
[_w k u d ɔ ɑ ]_w
[_w k i b ɑ ⁿd ɛ ]_w
[_w u ʃ ɑ u r i ]_w
[_w h ɔ v u ]_w
[_w i n ɑ ]_w
[_w k u t i ʃ ɑ ]_w
[_w v i ɔ ᵑɡ ɔ s ɔ ]_w
[_w ᵑɡ ɑ m i ɑ ]_w
[_w k u u ]_w
[_w m p ɛ ⁿd ɑ ]_w
[_w s i ᵑɡ l ɛ ]_w
[_w s ɛ r i k ɑ ]_w
[_w p i tʃ ɑ n i ]_w
[_w m s ɛ t ɔ ]_w
[_w w ɑ n ɑ u m ɛ ]_w
[_w w ɑ k i w ɑ ]_w
[_w n ɑ w ɛ z ɑ ]_w
[_w h ɑ r ɑ ]_w
[_w m l i b u k ɔ ]_w
[_w m s u ɡ u ]_w
[_w dʒ u ᵑɡ u ]_w
[_w m ɑ s i t ɔ ]_w
[_w ᵐb i n u ]_w
[_w m ɑ b ɑ t ɑ ]_w
[_w p i tʃ ɑ ]_w
[_w ⁿdʒ ɔ ᵐb ɛ ]_w
[_w m k i ɑ ]_w
[_w r ɑ i ɑ ]_w
[_w u n ɑ f i ɡ i ]_w
[_w u p ɛ p ɔ n i ]_w
[_w h ɑ d u ɑ ]_w
[_w m ɑ k u ⁿd i ]_w
[_w m i i l i ]_w
[_w ɑ z i m i ɔ ]_w
[_w k u w ɑ ]_w
[_w k ɔ t i ]_w
[_w v j ɑ k ɛ ]_w
[_w m i k ɑ d ɑ ɑ ]_w
[_w s j r i ɑ ]_w
[_w b ɔ ɲ ɛ s ɑ ]_w
[_w m ɑ dʒ ɑ dʒ ɛ ]_w
[_w s ɔ k ɔ ]_w
[_w k i tʃ ɑ n ɑ ]_w
[_w i l i f ɑ u l u ]_w
[_w t i s ɛ ᵐb ɑ ]_w
[_w ð ɑ i f u ]_w
[_w w ɑ l i ]_w
[_w d ɑ m u ]_w
[_w w ɑ ɡ ɑ ]_w
[_w u h u s ɑ ]_w
[_w u h u z i k ɑ ]_w
[_w d ɑ d ɑ ]_w
[_w s ɛ m i n ɑ ]_w
[_w t ɑ t i z ɔ ]_w
[_w v i l ɑ m u ]_w
[_w b ɑ ᵑɡ ɑ tʃ i ]_w
[_w k u u s w ɑ ]_w
[_w ɲ ɑ ɲ ɑ ]_w
[_w w ɑ t ɑ ɡ u w ɑ ]_w
[_w p ɑ ɑ d ɑ j ɛ ]_w
[_w u z i k ɑ ]_w
[_w ɑ ᵑɡ ɑ h ɛ w ɑ ]_w
[_w i m ɛ k u w ɑ ]_w
[_w k i k ɔ ᵐb ɛ ɑ ]_w
[_w w ɑ f u ɡ ɔ ]_w
[_w h ɑ d i m ɑ j ɛ ]_w
[_w z ɑ ɑ ]_w
[_w k ɑ l i ]_w
[_w d ɑ ɑ r i f ɑ ]_w
[_w ɑ l i k w ɛ t ɑ ]_w
[_w dʒ u ɔ ]_w
[_w k w ɑ h i ]_w
[_w t ɑ d ]_w
[_w d u w ɛ z i ]_w
[_w b ɑ r ɑ ]_w
[_w b i n ɑ v ɑ ɲ ɛ ]_w
[_w k i tʃ ɑ ɑ ]_w
[_w s i k i ɑ ]_w
[_w ɲ ɑ s ɑ ]_w
[_w k i ᵐb ɑ r i ]_w
[_w p u ᵑɡ ɛ ]_w
[_w s ɛ h ɛ m u ]_w
[_w m w ɛ ⁿz ɑ k ɔ ]_w
[_w u l i m i ɑ ]_w
[_w t ɔ r ɑ t i b u ]_w
[_w m h i m i s ɑ ]_w
[_w ɑ l i k u w ɑ ]_w
[_w m ɑ t ɑ ]_w
[_w m ɑ d ɑ r i ]_w
[_w m tʃ ɛ z ɔ ]_w
[_w w ɑ n ɑ k u w ɑ ]_w
[_w u v ɑ n ɑ n tʃ i ]_w
[_w h i j ɔ ]_w
[_w ʃ i n ɑ ]_w
[_w w ɑ n n ɛ ]_w
[_w m w ɑ ᵑɡ u ]_w
[_w n ɑ dʒ ɔ ]_w
[_w h ɑ w ɑ ]_w
[_w dʒ i n ɑ ]_w
[_w b i dʒ ɑ ]_w
[_w m w ɛ s i ]_w
[_w k u v u ]_w
[_w m ɑ n ɛ n ɔ ]_w
[_w m ɑ t u ⁿd ɑ ]_w
[_w w ɑ n ɑ dʒ ɛ ʃ i ]_w
[_w n ɑ ð ɑ n i ]_w
[_w r ɑ m ɑ ð ɑ j ɔ ]_w
[_w l ɑ i n i ]_w
[_w m t ɑ w ɑ ]_w
[_w m i u ⁿd ɔ ]_w
[_w h ɑ k u w ɑ ]_w
[_w k i i s l ɑ m u ]_w
[_w ɑ k i n i ]_w
[_w k u dʒ ɑ b i ʃ ɑ ]_w
[_w n ɑ ɔ n ɑ ]_w
[_w m u h i m u ]_w
[_w u f u ⁿd i ʃ ɔ ]_w
[_w m i f ɛ r ɛ dʒ i ]_w
[_w r ɑ i l ɑ ]_w
[_w u t ɑ d u ]_w
[_w h i k i ]_w
[_w dʒ ɔ t ɔ ]_w
[_w u p u ᵑɡ ɔ ]_w
[_w n i n i ]_w
[_w w ɑ l i m u ]_w
[_w s t ɑ i l i ]_w
[_w j u k ɔ ]_w
[_w m r ɛ ᵐb ɔ ]_w
[_w m ɑ tʃ i n ɑ ]_w
[_w k u n ɑ ]_w
[_w w ɑ n ɑ i d w ɑ ]_w
[_w m i ᵑɡ i ]_w
[_w ɑ r ð i ]_w
[_w s ɑ l ɑ p ɑ ]_w
[_w w ɑ s ɔ ]_w
[_w r ɑ d i ]_w
[_w m w ɑ ⁿz ɔ n i ]_w
[_w ɑ ᵐb ɑ j ɛ ]_w
[_w p ɑ m ɔ dʒ ɑ ]_w
[_w k u tʃ ɛ ᵑɡ w ɑ ]_w
[_w f i l ɑ m u ]_w
[_w b ɑ ɑ t ɑ j ɛ ]_w
[_w tʃ i n s i ]_w
[_w u tʃ ɛ ⁿz i ]_w
[_w m t ɑ ⁿz ɑ n i ]_w
[_w b ɑ l ɔ s i ]_w
[_w ⁿz i t ɔ ]_w
[_w p w ɑ n i ]_w
[_w h ɛ p u ]_w
[_w u r ɑ h i s i ]_w
[_w m ɑ b ɑ ᵐb ɔ ]_w
[_w ŋ ɔ ᵐb ɛ ]_w
[_w f j ɔ d ɛ ]_w
[_w v i n ɑ w ɛ z ɑ ]_w
[_w s ɑ n ɑ ɑ ]_w
[_w w ɑ l i w ɑ ]_w
[_w m w ɑ ⁿz ɔ ]_w
[_w k ɑ ⁿd ɑ ]_w
[_w ɲ i ᵑɡ i n ɛ ]_w
[_w s u l u h i ʃ ɔ ]_w
[_w p ɑ ɲ ɑ ]_w
[_w v ɑ z i h i ]_w
[_w ᵑɡ ɔ n ɔ ]_w
[_w t u ɡ i ɔ ]_w
[_w m ɑ dʒ ɑ r i t i ]_w
[_w m ɑ s ɑ ɑ ]_w
[_w k ɑ t i b u ]_w
[_w m k ɔ dʒ ɔ ]_w
[_w b r ɔ t i n i ]_w
[_w ɛ l i m u ]_w
[_w t ɑ ɑ p u ]_w
[_w k ɛ m i ɑ ]_w
[_w ɑ l i b ɑ d ɑ ]_w
[_w i ⁿd i ɑ ]_w
[_w b u ᵑɡ ɛ ]_w
[_w m ɑ t ɑ r ɑ k ɑ ]_w
[_w u t i ]_w
[_w k u h ɑ m i ɑ ]_w
[_w l ɑ w ɑ m u ]_w
[_w k u h ɑ n i ]_w
[_w ɑ ᵐb ɑ k ɔ ]_w
[_w s ɑ n ɑ m k ɛ ]_w
[_w b ɑ ⁿd ɑ r i ]_w
[_w m w ɛ ⁿz i ]_w
[_w dʒ ɑ ᵐb ɔ ]_w
[_w m p ɛ ⁿz i ]_w
[_w z i s i ]_w
[_w m ɑ ʃ ɑ k ɑ ]_w
[_w i l i ɔ n i ]_w
[_w u ɡ i t ɑ ɑ ]_w
[_w m ɛ d ɑ ]_w
[_w m ɑ s ɔ ɛ z i ]_w
[_w f ɛ m ɑ ]_w
[_w ɛ l ɛ s ɑ ]_w
[_w k i ɑ s i ]_w
[_w k u z i ]_w
[_w u r ɛ n ɔ ]_w
[_w h u b u ᵑɡ ɔ ]_w
[_w n ɑ s ɛ m ɑ ]_w
[_w w i k i ]_w
[_w ɔ ɲ ɛ ʃ ɑ ]_w
[_w m ɑ l ɑ i k ɑ ]_w
[_w w ɑ n ɑ w ɛ s ɑ ]_w
[_w k i t u r u k i ]_w
[_w m i ᵑɡ i n ɛ ]_w
[_w k i l ɔ s ɑ ]_w
[_w k u ɛ l ɛ z ɑ ]_w
[_w ɑ l i w ɛ z ɑ ]_w
[_w z ɔ m ɑ ]_w
[_w w ɑ z ɑ z i ]_w
[_w k ɑ p i s ɑ ]_w
[_w m s i ᵑɡ i ]_w
[_w u b ɑ t ɛ ]_w
[_w ɑ t i ]_w
[_w m s ɑ h ɑ u ]_w
[_w n ɑ ɔ ᵐb ɑ ]_w
[_w k u ɑ m ɡ i ɑ ]_w
[_w u d ɔ ɑ ]_w
[_w k i w ɑ ⁿdʒ ɑ ]_w
[_w u ᵐb ɔ ]_w
[_w i l i j ɔ m ɔ ]_w
[_w k i ɲ w ɑ dʒ i ]_w
[_w h u t u m u ]_w
[_w s ɑ n ɑ ]_w
[_w k ɑ ð ɑ ɑ ]_w
[_w h ɑ t i ɑ ]_w
[_w ð ɛ l u ð i ]_w
[_w m ɑ u ᵑɡ ɑ n ɔ ]_w
[_w p ɔ l ɛ p ɔ ]_w
[_w k u b ɔ r ɛ ʃ ɑ ]_w
[_w k ɔ m p j u t ɑ ]_w
[_w v j ɔ ᵐb ɔ ]_w
[_w u s ɔ ]_w
[_w ɲ u k l i ɑ ]_w
[_w θ ɑ t i ]_w
[_w u l i m ɑ ]_w
[_w n ɑ ɡ ɑ l ɑ ]_w
[_w k ɑ p w ɛ ]_w
[_w h ɑ m dʒ ɑ ᵐb ɔ ]_w
[_w t ɛ m ɛ k ɛ ]_w
[_w m ɑ ʃ ɑ i r i ]_w
[_w p u ᵑɡ ɛ n i ]_w
[_w m i v u ]_w
[_w m h ɛ ]_w
[_w i l i k i s ɔ ]_w
[_w k u ᵐb u ɡ u ᵐb i ]_w
[_w v ɑ n i ]_w
[_w u b ɔ v u ]_w
[_w v i dʒ i dʒ i ]_w
[_w w ɑ z ɑ f j ɔ ]_w
[_w u dʒ ɑ u s i t ɔ ]_w
[_w b ɑ b u ]_w
[_w m dʒ i ]_w
[_w i n ɑ f ɑ ɑ ]_w
[_w ⁿd i s i ]_w
[_w k ɑ r n ɛ ]_w
[_w s i k u ]_w
[_w v i l i f i k ɑ ]_w
[_w m w ɑ ᵑɡ ɑ z i ]_w
[_w v i r ɡ i n i ]_w
[_w d u m ɛ ]_w
[_w k l ɑ r ɑ ]_w
[_w b u r u t i ]_w
[_w k u ɑ ⁿz i ɑ ]_w
[_w u w i ɑ n ɔ ]_w
[_w b ɔ r i n i ]_w
[_w k i ɑ s i l i ]_w
[_w u k ɑ f i r i ]_w
[_w r ɑ b ɑ r ɑ ]_w
[_w ɛ r i t r ɛ ɑ ]_w
[_w ɲ ɔ t ɑ ]_w
[_w u dʒ u ᵐb ɛ ]_w
[_w k u tʃ i f i dʒ ɑ ]_w
[_w ɲ ɑ r ɑ ]_w
[_w tʃ ɑ h ɑ z i ]_w
[_w u ʃ i r i n i ]_w
[_w m i ɔ ᵑɡ ɔ z i ]_w
[_w ɛ θ i ɔ b i t ɑ ]_w
[_w k u tʃ i p u ]_w
[_w i k i w ɛ m ɔ ]_w
[_w ᵐb ɑ d ɑ l ɑ ]_w
[_w w ɑ s ɑ s i ]_w
[_w w ɑ d u t u ]_w
[_w t u m ɑ ]_w
[_w m ɑ n u n u s i ]_w
[_w m dʒ i n i ]_w
[_w w ɑ r u m ɛ ]_w
[_w b ɑ l ɔ z i ]_w
[_w m ɑ b ɑ ᵐb ɑ ]_w
[_w r ɑ i s ]_w
[_w h u z u z ɑ n i ]_w
[_w ɑ s i m u ]_w
[_w k i tʃ w ɑ ]_w
[_w ɑ l b ɑ m u ]_w
[_w k ɑ m p u n i ]_w
[_w u z ɑ n i ]_w
[_w m dʒ ɔ r ɑ tʃ i ]_w
[_w k ɑ t ɑ p ɑ t ɑ ]_w
[_w k i ɑ r ɑ b ɑ ]_w
[_w b i n ɑ f ɑ ɲ ɑ ]_w
[_w b i dʒ ɑ n i ]_w
[_w n i ᵑɡ ɛ p ɛ ⁿd ɑ ]_w
[_w k u k i ᵐb i z i ]_w
[_w m ɑ k ɑ f i r i ]_w
[_w t ɑ k ɑ ]_w
[_w m s ɑ n i ]_w
[_w u r ɑ f i k i ɑ ]_w
[_w p u ɑ ]_w
[_w w ɛ u p ɛ ]_w
[_w m ɑ k u p w ɑ ]_w
[_w m ɑ dʒ u ᵐb ɑ ]_w
[_w v ɛ m ɑ ]_w
[_w m ɑ i ʃ ɑ n ɔ ]_w
[_w z ɑ f ɑ r i ]_w
[_w k u t i m i s ɑ ]_w
[_w i n ɑ i d w ɑ ]_w
[_w m ɑ k ɛ ]_w
[_w b i n ɑ t ɑ k i ]_w
[_w w ɑ t ɔ k ɛ ɑ ]_w
[_w m ɔ j ɔ ]_w
[_w k w ɑ n i ]_w
[_w z i p i ]_w
[_w k ɛ n ɛ ]_w
[_w j ɑ n ɑ ]_w
[_w ɑ l i ʃ i ⁿd w ɑ ]_w
[_w i m ɛ v ɑ ɲ ɑ ]_w
[_w d ɔ l ɛ w ɑ ]_w
[_w m p i ⁿz ɑ n i ɑ ]_w
[_w ɑ m ɛ z ɛ m ɑ ]_w
[_w l ɛ t u ]_w
[_w ɑ f ɑ ɲ ɛ ]_w
[_w ɡ ɑ ɑ ]_w
[_w k i ɑ r ɑ ]_w
[_w k u k i r i k ɑ ]_w
[_w d ɑ ɑ s i s i ]_w
[_w m ɑ s i ᵑɡ i n ɛ ]_w
[_w v i t ɛ ⁿd ɔ ]_w
[_w f ɑ z i ]_w
[_w m tʃ ɑ k ɑ ]_w
[_w h ɑ d i ]_w
[_w b ɑ h ɑ r ɑ k ɑ ]_w
[_w ɑ k i t ɑ b u ]_w
[_w v i dʒ i tʃ i n i ]_w
[_w r ɔ s ɛ ]_w
[_w p ɑ l ɔ z i ]_w
[_w p ɑ r ɑ k ɛ ]_w
[_w m i d ɑ ɑ ]_w
[_w dʒ ɑ dʒ i ]_w
[_w w ɔ t ɛ ]_w
[_w u l i k ɔ ]_w
[_w u z ɑ f i r i ]_w
[_w m ɑ p i n t i ]_w
[_w k i k i w ɑ ᵑɡ ɔ ]_w
[_w s ɑ l ɑ m ɑ ]_w
[_w k u ɡ ɛ u ɡ ɑ ]_w
[_w w ɑ r ɑ ]_w
[_w m ɑ z ɑ h ɑ r i ]_w
[_w d u k u f u k ɑ ]_w
[_w k u b w ɑ ]_w
[_w ɑ s i l i ]_w
[_w v i d i ɑ ]_w
[_w w ɛ w ɛ ]_w
[_w i b i ]_w
[_w t ɑ dʒ i r i ]_w
[_w j ɛ t u ]_w
[_w k u t ɔ ɑ ]_w
[_w k u ʃ i k ɑ ]_w
[_w m t u b u ]_w
[_w v i t ɔ ⁿd ɑ ]_w
[_w k i r ɑ ]_w
[_w j ɑ i ]_w
[_w k u ɑ dʒ ɑ n ɑ ]_w
[_w m ɑ t ɑ i f ɑ ]_w
[_w p ɛ d r ɔ l i ]_w
[_w m ɑ t ɔ k ɔ ]_w
[_w m ɑ f u ]_w
[_w j ɑ t i m ɑ j ɛ ]_w
[_w j ɑ k i w ɑ ⁿdʒ ɑ ]_w
[_w i l i p i ɑ ]_w
[_w m ɑ t ɛ r ɛ v ɑ ]_w
[_w u n ɑ tʃ u ɑ ]_w
[_w m ɑ k ɑ ɔ n ɑ ]_w
[_w v i i n i ]_w
[_w k ɛ ɲ ɑ ]_w
[_w r u k w ɑ ]_w
[_w k i p i ⁿd i ]_w
[_w k w ɑ j ɑ ]_w
[_w k u ⁿd i ]_w
[_w ɑ m k ɑ ]_w
[_w u t ɑ l i i ]_w
[_w k u z ɛ m ɑ ]_w
[_w ɲ ɔ ɡ ɑ ]_w
[_w d ɑ r ɑ t i ɔ ]_w
[_w ᵑɡ u v u ]_w
[_w ɲ ɛ r ɛ r ɛ ]_w
[_w ɑ l i ɑ m u ɑ ]_w
[_w b ɑ h ɑ r i ]_w
[_w ɡ u r ɛ tʃ ɛ ɔ ]_w
[_w b ɑ k ɑ ]_w
[_w p ɛ ᵑɡ ɔ ]_w
[_w m ɑ r ɛ f u ]_w
[_w h u s i k i ]_w
[_w u t ɑ tʃ i r ɑ ]_w
[_w m ɛ ᵐb ɛ ]_w
[_w k i b ɑ ]_w
[_w s ɛ n u ]_w
[_w ɑ p u ]_w
[_w m ɑ t i ]_w
[_w m ɑ z w ɑ l ɑ ]_w
[_w v ɑ l m ɛ ]_w
[_w m ɑ l ɑ r i ɑ ]_w
[_w b ɔ l ɛ ]_w
[_w k u m p ɑ ]_w
[_w t u k ɔ ]_w
[_w r i b ɔ d i ]_w
[_w k i u f u ⁿd i ]_w
[_w n ɑ i r ɔ p i ]_w
[_w k u ʃ i ⁿd ɑ n i ]_w
[_w u w ɛ p ɔ ]_w
[_w b ɔ ᵑɡ ɔ ]_w
[_w ɑ l i v j ɔ ]_w
[_w k i t ɑ ⁿd ɑ ]_w
[_w m u u ᵑɡ ɑ n ɔ ]_w
[_w ɑ m r i ]_w
[_w ɔ m ɑ n i ]_w
[_w ɑ l i ɑ ]_w
[_w u p ɑ ⁿd ɑ r i ]_w
[_w l i l i l ɔ b ɔ ]_w
[_w m ɑ ɔ ɲ ɛ ʃ ɔ ]_w
[_w m w ɑ n ɑ ]_w
[_w w ɑ z ɑ l ɛ ⁿd ɑ ]_w
[_w h i z i ]_w
[_w u ʃ ɑ w i ʃ i ]_w
[_w f i s i ]_w
[_w h ɑ t u ɑ ]_w
[_w k i tʃ i tʃ i ]_w
[_w k u i d u m ɛ ]_w
[_w k i t ɛ ᵑɡ ɔ ]_w
[_w v ɛ ð ɑ ]_w
[_w m i k ɑ ]_w
[_w f j ɛ t i ]_w
[_w k ɑ f u ]_w
[_w u k ɑ r i ]_w
[_w f i t i n i ]_w
[_w z ɑ d ɑ k ɑ ]_w
[_w v i u ᵑɡ ɔ ]_w
[_w m ɑ i ʃ ɑ ]_w
[_w ⁿdʒ i ɑ ]_w
[_w m ɑ k u u ]_w
[_w h ɑ l ɑ l i ]_w
[_w l ɑ b d ɑ ]_w
[_w m w ɑ ⁿd i ʃ i ]_w
[_w b ɑ l t i k i ]_w
[_w k i k ɑ ]_w
[_w ᵐb i ᵑɡ ɑ ]_w
[_w k i w ɑ ]_w
[_w k ɑ l ɛ ⁿd ɑ ]_w
[_w m t ɔ ]_w
[_w m ɑ t ɑ t i s ɔ ]_w
[_w t ɑ b u ]_w
[_w w ɑ t ɑ b ɑ ]_w
[_w b w ɑ w ɑ ]_w
[_w w ɑ z ɔ ]_w
[_w z ɑ m ɑ n i i ]_w
[_w k u r u ]_w
[_w k i ɲ ɛ z i ]_w
[_w v u ᵐb ɔ ]_w
[_w k ɑ n i s ɑ ]_w
[_w u s i m ɑ ]_w
[_w h i v i ]_w
[_w n ɑ i r ɔ b i ]_w
[_w m w ɛ u s i ]_w
[_w w ɑ z u ᵑɡ u ɡ ɑ ]_w
[_w ɑ ᵐb ɑ l ɔ ]_w
[_w tʃ ɑ b ɔ k u w ɑ ]_w
[_w k w ɑ k u w ɑ ]_w
[_w u n ɑ f i k i ɑ ]_w
[_w m ɑ ʃ i t ɑ ]_w
[_w ᵑɡ u z ɔ ]_w
[_w m ɑ ɔ n i ]_w
[_w m ɑ p ɑ t ɛ ]_w
[_w r ɛ k ɔ r i ]_w
[_w b u ⁿd u k i ]_w
[_w s ɑ i t i ]_w
[_w k u l i k u w ɑ ]_w
[_w k u k u t ɑ d ɑ ]_w
[_w u b u ᵑɡ ɔ ]_w
[_w m ɑ d ɑ ]_w
[_w h ɑ r ɑ m ɑ n i ]_w
[_w w ɛ ɲ ɛ dʒ i ]_w
[_w m n ɔ ]_w
[_w h ɑ p ɑ r ɑ ]_w
[_w m ɑ ɡ u ᵐb u k ɑ ]_w
[_w i m ɛ t ɔ ɑ ]_w
[_w ⁿz ɛ k ɑ ]_w
[_w m ɑ k ɛ u s i ]_w
[_w u ɡ ɑ f i r i ]_w
[_w ɑ l i s ɔ m ɑ ]_w
[_w l i l i ]_w
[_w ᵑɡ ɑ z i ]_w
[_w h ɛ l ɑ ]_w
[_w m ɑ l ɑ w i ]_w
[_w k u t ɑ ]_w
[_w v u t i ]_w
[_w k u p ɑ ]_w
[_w t u m ɛ ]_w
[_w w ɑ d ɑ p u ]_w
[_w k i k u u ]_w
[_w k u w ɛ p ɔ ]_w
[_w w ɑ d u r u r u ]_w
[_w k i r ɔ h ɔ ]_w
[_w f i t ɔ k ɑ ]_w
[_w m ɑ ɔ n ɛ ʃ ɔ ]_w
[_w k u f i k i ɑ ]_w
[_w b ɔ m u ]_w
[_w h i l i ]_w
[_w k u l ɛ f i ]_w
[_w i d ɑ r ɑ ]_w
[_w m u u ᵑɡ ɑ n ɑ ]_w
[_w u n ɑ s i k i ]_w
[_w ɑ l i ɡ u w ɑ ]_w
[_w ɑ ð ɑ b u ]_w
[_w tʃ ɛ ɲ ɛ w ɛ ]_w
[_w w ɑ ɡ ɔ ]_w
[_w ɑ l i ɑ ⁿz ɑ ]_w
[_w m ɑ f u ⁿd i ʃ ɔ ]_w
[_w dʒ ɔ ᵐb ɔ ]_w
[_w m ɑ ɛ n ɛ ɔ ]_w
[_w k u w ɛ z ɔ ]_w
[_w v i k i ]_w
[_w w ɑ w i l i ]_w
[_w k i m u ᵑɡ u ]_w
[_w z ɑ h ɑ ]_w
[_w ⁿz i m ɑ ]_w
[_w n tʃ i ]_w
[_w p w ɑ j ɑ ]_w
[_w m s ɑ z i ]_w
[_w s i k ɑ ]_w
[_w w ɑ t u t u ]_w
[_w m p j ɑ ]_w
[_w m w ɛ z i ]_w
[_w n ɛ h ɛ m u ]_w
[_w k u p ɑ ᵑɡ ɑ ]_w
[_w d ɔ k ɔ ]_w
[_w p ɛ p ɔ ]_w
[_w ɑ l i w ɑ h i ]_w
[_w u dʒ ɛ ⁿz i ]_w
[_w d ɑ p ɔ r ɑ ]_w
[_w h ɑ m tʃ ɑ ᵐb ɔ ]_w
[_w k i l i dʒ ɛ ᵑɡ ɑ ]_w
[_w m ɑ n t i ]_w
[_w ɑ k i l i ɔ ]_w
[_w k w ɑ ]_w
[_w v i dʒ ɑ ]_w
[_w v i f ɑ ]_w
[_w tʃ i b u ]_w
[_w k u z ɑ f i r i ]_w
[_w s ɛ k t ɑ ]_w
[_w u p i ⁿz ɑ n i ɑ ]_w
[_w t i m u ]_w
[_w k u s u i ɑ ]_w
[_w k u r ɛ tʃ ɛ ʃ ɑ ]_w
[_w l i t ɑ i f ɑ ]_w
[_w k u s ɑ ᵐb ɑ s i ]_w
[_w m k ɛ w ɛ ]_w
[_w m ɑ b i ᵑɡ w ɑ ]_w
[_w w ɑ l ɛ ]_w
[_w l u k u k i ]_w
[_w m ɑ l ɛ ᵑɡ w ɑ ]_w
[_w k u t i p u ]_w
[_w k i f ɔ ]_w
[_w u i k i z ɑ ]_w
[_w m ɑ dʒ u ᵐb ɛ ]_w
[_w u u ᵐb ɑ dʒ i ]_w
[_w n ɑ p ɛ ⁿd ɔ ]_w
[_w k i p ɔ ]_w
[_w s ɑ b ɑ b u ]_w
[_w u ɔ n ɛ ʃ ɔ ]_w
[_w k ɑ d ɔ ]_w
[_w k ɑ r i ]_w
[_w t ɑ ᵑɡ u ]_w
[_w k ɑ s ɛ m ɑ ]_w
[_w ɑ s u b u h i ]_w
[_w z ɔ m ɑ dʒ i ]_w
[_w k w ɑ k u u ]_w
[_w b ɑ n ɑ ]_w
[_w ʃ ɛ t ɑ n i ]_w
[_w k u p ɔ r ɑ ]_w
[_w u ɑ l i m u ]_w
[_w m ɑ ʃ u ɑ ]_w
[_w m i tʃ ɑ dʒ ɛ ]_w
[_w m ɑ r ɡ ɔ ]_w
[_w u t ɑ w ɑ l ɑ ]_w
[_w m i t ɑ s ɑ m ɔ ]_w
[_w m m ɔ dʒ ɑ ]_w
[_w s i m ɛ k u w ɑ ]_w
[_w dʒ ɛ ʃ i ]_w
[_w l i t ɑ ]_w
[_w u ʃ i r i ɡ i ]_w
[_w v u f u ]_w
[_w m ɑ u ᵐb i l ɛ ]_w
[_w p ɔ l ɛ p ɔ l ɛ ]_w
[_w dʒ ɑ k ɛ ]_w
[_w ᵑɡ ɔ dʒ ɑ ]_w
[_w s ɔ s ɔ t ɛ ]_w
[_w d u w ɛ ]_w
[_w k i ʃ ɛ r i ɑ ]_w
[_w m n ɑ m ɔ ]_w
[_w k ɑ m ɑ ]_w
[_w u ɡ ɑ w ɑ ]_w
[_w k u v u ᵑɡ u ɑ ]_w
[_w s ɑ i n i ]_w
[_w v u r u k i ]_w
[_w k i l ɑ ]_w
[_w u k ɔ ]_w
[_w ɲ ɛ u s i ]_w
[_w n i l i k u w ɑ ]_w
[_w n ɑ j ɛ ]_w
[_w k u h u s i k ɑ ]_w
[_w m i k u u ]_w
[_w k ɑ t i ]_w
[_w w ɑ k i z ɔ ]_w
[_w v i s ɑ d i ]_w
[_w k i ɑ b ɔ ]_w
[_w k u k i θ i ]_w
[_w l ɑ k i n i ɑ ]_w
[_w h ɛ ð i ]_w
[_w b i tʃ ɑ n ɑ ]_w
[_w h ɑ s i ]_w
[_w u t ɛ ⁿd ɑ ]_w
[_w s ɑ s ɑ ]_w
[_w dʒ i ɡ ɔ n ɔ n i ]_w
[_w z ɔ k ɔ ]_w
[_w dʒ i n s i ]_w
[_w k i i t w ɑ ]_w
[_w i l ɑ ]_w
[_w u b ɑ z u ɑ l ɑ ]_w
[_w w ɑ n ɑ d ɔ k ɔ ]_w
[_w k i k ɛ n i ]_w
[_w t ɑ n ɔ ]_w
[_w t u ᵐb ɑ k u ]_w
[_w r h i n ɛ ]_w
[_w m k ɔ ᵐb ɛ ]_w
[_w s i n ɑ ]_w
[_w w ɛ ɲ ɛ tʃ i ]_w
[_w u ɛ v ɑ ]_w
[_w ɑ ᵐb ɑ ɔ ]_w
[_w w ɑ k ɔ ]_w
[_w t u n ɑ ]_w
[_w ᵐb ɑ ɔ ]_w
[_w s ɛ r ɛ ᵑɡ ɛ t i ]_w
[_w k u u ᵑɡ ɑ n ɑ ]_w
[_w b ɛ ᵐb ɛ n i ]_w
[_w k i r u s i ]_w
[_w h u ɛ ⁿd ɑ ]_w
[_w k i l ɑ t i n i ]_w
[_w dʒ ɑ p ɔ ]_w
[_w n ɑ θ ɑ n i ]_w
[_w h ɑ z ɑ ]_w
[_w s u ɑ l ɑ ]_w
[_w l i ɡ i ]_w
[_w d i s i ]_w
[_w i l i u ⁿd w ɑ ]_w
[_w k u t u m i ɑ ]_w
[_w n ɑ i p u ]_w
[_w k i ᵑɡ ɑ ]_w
[_w u tʃ i n ɑ ]_w
[_w l i n i ]_w
[_w m t u m ɛ ]_w
[_w k u m i l i ɑ ]_w
[_w m ɑ dʒ i ᵐb ɔ ]_w
[_w ɑ f j ɑ ]_w
[_w k ɔ z i ]_w
[_w ɑ l i ɔ b i ɑ ]_w
[_w m ɑ k t ɑ p ɑ ]_w
[_w h u j u ]_w
[_w θ ɑ r ɑ n s ɑ ]_w
[_w m s i m u ]_w
[_w t u t ɑ k u w ɑ ]_w
[_w ɑ ɡ ɑ ]_w
[_w k i h i ⁿd i ]_w
[_w u s ɑ l ɛ ⁿd ɑ ]_w
[_w b i t i ]_w
[_w m ɑ dʒ i ]_w
[_w f j ɛ ɔ ]_w
[_w k i ɔ ɔ ]_w
[_w m w ɛ ɲ ɛ dʒ i ]_w
[_w j ɔ h ɑ n ɑ ]_w
[_w t ɛ ɔ l ɔ dʒ i ɑ ]_w
[_w z i dʒ ɑ n ɑ ]_w
[_w s i w ɛ ]_w
[_w m u h ɔ ᵑɡ ɔ ]_w
[_w m i k ɔ n ɔ ]_w
[_w w ɛ ɲ ɛ ]_w
[_w u tʃ u ᵑɡ u s ɑ ]_w
[_w u tʃ i ᵐb ɑ tʃ i ]_w
[_w f i t u ɔ ]_w
[_w n i n ɑ ]_w
[_w w ɑ r ɔ m ɑ ]_w
[_w u n ɑ w ɛ z ɑ ]_w
[_w ɑ w ɛ z ɑ ]_w
[_w m ɑ ʃ ɑ p i k i ]_w
[_w m ɑ k ɑ l i ]_w
[_w n ɑ ɑ m ]_w
[_w s i ɑ s ɑ ]_w
[_w u m u h i m u ]_w
[_w t ɑ r ɛ h ɛ ]_w
[_w ɣ ɑ l i ]_w
[_w s i l ɛ ]_w
[_w m i ɔ ᵑɡ ɔ ]_w
[_w d ɑ n u ]_w
[_w r u k w ɑ ɑ ]_w
[_w k u ɔ l ɛ w ɑ ]_w
[_w w ɑ l i ɔ ]_w
[_w m i s i ᵑɡ i r ɑ ]_w
[_w k u n u n u ɑ ]_w
[_w u r ɑ i z ]_w
[_w k u l ɛ f j ɑ ]_w
[_w w ɑ r ɑ k ɑ ]_w
[_w ɑ l i p ɑ ]_w
[_w ʃ ɑ u ɡ u ]_w
[_w dʒ ɛ r ɑ h ɑ ]_w
[_w k ɑ d r i ]_w
[_w h ɔ dʒ ɑ ]_w
[_w k i u dʒ u m i ]_w
[_w k ɑ r ɑ t ɑ n ɔ ]_w
[_w s ɑ z ɑ ]_w
[_w f ɑ h ɑ m u ]_w
[_w m ɑ m l ɑ k ɑ ]_w
[_w r ɑ ᵑɡ i ]_w
[_w m ɛ t ɑ l i ]_w
[_w m i ɔ j ɔ ]_w
[_w k i d u ɔ ]_w
[_w k u p ɑ i n i ]_w
[_w ɑ m ɛ t ɔ ɑ ]_w
[_w w ɑ tʃ ɛ s ɑ ]_w
[_w w ɑ s ɑ w ɑ ]_w
[_w z ɔ s ɔ t ɛ ]_w
[_w w ɑ s ɛ ɛ ]_w
[_w dʒ ɑ b ɑ n i ]_w
[_w s ɔ z ɔ t ɛ ]_w
[_w w ɑ f u ɑ s i ]_w
[_w h ɛ r u f i ]_w
[_w w ɑ n ɑ ]_w
[_w m ɑ ɔ n ɔ ]_w
[_w k i n ɑ ]_w
[_w v i b ɑ j ɑ ]_w
[_w ɑ l i f j ɔ ]_w
[_w r ɑ m ɑ ]_w
[_w j ɑ l i f j ɔ ]_w
[_w w ɑ ɑ ⁿd i ʃ i ]_w
[_w s ɑ ɑ ]_w
[_w k i dʒ ɑ m i i ]_w
[_w w i ᵐb ɔ ]_w
[_w ʃ ɛ i x ]_w
[_w f j ɑ k ɛ ]_w
[_w ʃ ɑ m u ]_w
[_w ɑ ᵐb ɑ ɛ ]_w
[_w k u d u ⁿz ɑ dʒ i ]_w
[_w n i ʃ ɑ t i ]_w
[_w tʃ ɑ m ɑ ]_w
[_w w ɑ ɲ ɑ m ɑ ]_w
[_w ɑ l i i ]_w
[_w ɑ t ɔ m i ]_w
[_w z ɔ m ɑ dʒ i r ɑ ]_w
[_w u s ɑ dʒ i ]_w
[_w ɑ k i l i ]_w
[_w s ɛ n t ɛ n s i ]_w
[_w dʒ u ᵐb ɑ ]_w
[_w s u r ɑ ]_w
[_w u ⁿd ɑ n i ]_w
[_w p u ⁿd u ɡ i ]_w
[_w ʃ i n ɑ n i ]_w
[_w k ɑ k ɑ ]_w
[_w f l ɔ r i ]_w
[_w s ɑ m ɑ ]_w
[_w n ɑ t r ɑ ]_w
[_w s ɑ i d i ɑ ]_w
[_w k u t ɔ ʃ ɑ ]_w
[_w m ɡ ɔ ɑ n i ]_w
[_w i t ɑ t ɔ ]_w
[_w k u s ɑ ɑ ]_w
[_w h u t ɔ ɡ ɑ ]_w
[_w m ɑ d ɑ i f ɑ ]_w
[_w v i ɑ t u ]_w
[_w k u t ɔ ɡ ɑ ]_w
[_w m ɑ n i ]_w
[_w i ᵑɡ ɛ k u w ɑ ]_w
[_w m ɑ ɡ u u ]_w
[_w m ɑ ɑ l u m u ]_w
[_w u l ɑ dʒ i ]_w
[_w m w ɑ f r i k ɑ ]_w
[_w k ɑ m p u l i ]_w
[_w ɡ u h ɑ n i ]_w
[_w z ɑ r ɛ ]_w
[_w j ɛ j ɛ ]_w
[_w k i k ɑ t i ]_w
[_w u n ɑ s i d i ]_w
[_w k ɑ b i s ɑ ]_w
[_w n ɛ ɛ m ɑ ]_w
[_w k u k ɑ p ɛ ]_w
[_w w i k ɔ ]_w
[_w ɑ f i s ɑ ]_w
[_w u v u p i ]_w
[_w l ɑ h ɑ dʒ ɑ ]_w
[_w n i ɑ b ɑ ]_w
[_w d ɛ n ɑ ]_w
[_w h ɛ r i ]_w
[_w k u tʃ ɛ z ɑ ]_w
[_w k u m p ɛ ⁿd ɑ ]_w
[_w dʒ u m u i ɑ ]_w
[_w w ɑ l ɑ ]_w
[_w m ɛ z ɑ n i i ]_w
[_w t ɑ f s i ]_w
[_w m z ɑ i t i ɑ ]_w
[_w h u r u ]_w
[_w k u k ɑ m ɛ ]_w
[_w k ɑ l ɛ ]_w
[_w d i z i ]_w
[_w b ɛ ⁿd ɛ r ɑ ]_w
[_w u k u m u ]_w
[_w w ɛ ᵑɡ i ]_w
[_w u ᵑɡ u dʒ ɑ ]_w
[_w ɑ ɡ ɑ dʒ i p u ]_w
[_w m ɑ ɡ ɔ l ɔ n i ]_w
[_w r ɑ θ i ]_w
[_w b ɑ l i ]_w
[_w tʃ ɛ t w ɑ l i ]_w
[_w t u n ɑ s i t i ]_w
[_w k i r ɛ f u ]_w
[_w m z u k u ]_w
[_w p i p l i ɑ ]_w
[_w d ɑ i v ɑ ]_w
[_w u n ɑ ɑ ⁿz ɑ ]_w
[_w m ɑ d ɑ t u ɑ ]_w
[_w v i t ɔ ᵑɡ ɛ ]_w
[_w m m i l i k i ]_w
[_w dʒ ɛ m ɑ ]_w
[_w k i m j ɑ ]_w
[_w r ɛ k ɔ t i ]_w
[_w ɑ s ɛ m ɑ ]_w
[_w u m ɛ f i ɡ ɑ ]_w
[_w k u b i k ɑ ]_w
[_w p w ɑ n i n i ]_w
[_w u p i l i ]_w
[_w m ɑ ɑ n ɑ ]_w
[_w n ɛ h ɛ m i ɑ ]_w
[_w m s i dʒ ɑ n i ]_w
[_w r ɔ h ɔ ]_w
[_w s i dʒ u i ]_w
[_w t ɑ i v ɑ ]_w
[_w v i k u ⁿd i ]_w
[_w ɑ ð i r i ]_w
[_w ɑ l i ɡ ɑ ]_w
[_w m i z i m u ]_w
[_w h ɑ t ɑ k ɑ ]_w
[_w v i t ɑ n i ]_w
[_w u f ɑ n ɑ ]_w
[_w r i z i k i t i ]_w
[_w k u ɑ ⁿd i k ɑ ]_w
[_w k u t ɔ w ɛ k ɑ ]_w
[_w h ɑ d u n i ]_w
[_w i l i tʃ ɔ b ɔ ]_w
[_w k i t u n i ]_w
[_w t ɑ k w i m u ]_w
[_w h ɑ z i ]_w
[_w u s ɔ m ɑ ]_w
[_w u tʃ i ᵐb ɑ dʒ i ]_w
[_w j ɑ l i ɑ m u ɑ ]_w
[_w u l ɛ ]_w
[_w ɑ ᵑɡ ɛ w ɛ z ɑ ]_w
[_w s ɛ ɲ ɛ ]_w
[_w k ɑ i m u ]_w
[_w u z ɑ h i h i ]_w
[_w ɑ ᵐb ɑ z i ]_w
[_w d n ɑ ]_w
[_w ɲ ɔ j ɔ ]_w
[_w m r ɑ t i d i ]_w
[_w u h u s i k ɑ ]_w
[_w dʒ ɑ ɡ ɛ ]_w
[_w ⁿdʒ i ɑ n i ]_w
[_w n ɑ z i t i ]_w
[_w ⁿd u k u ]_w
[_w ɑ l i t ɑ i ]_w
[_w d ɑ s ɑ m ɑ ]_w
[_w v j ɔ f j ɔ t ɛ ]_w
[_w k u p ɛ p ɔ ]_w
[_w w ɑ l i ⁿz i ]_w
[_w u v ɑ l m ɛ ]_w
[_w ɑ ð i r ɑ ]_w
[_w ʃ ɑ d i ]_w
[_w u s ɑ i t i s i ]_w
[_w s ɑ b ɑ d ɑ ]_w
[_w m k ɔ ɑ ]_w
[_w m ɛ t i ɑ ]_w
[_w u s ɑ n i v u ]_w
[_w v i k ɔ ]_w
[_w k i dʒ ɑ n ɑ ]_w
[_w ɑ n ɑ ɑ m i n ]_w
[_w k i ɛ ɲ ɛ dʒ i ]_w
[_w i ᵑɡ ɑ w ɑ ]_w
[_w m t u m i w ɑ ]_w
[_w v ɛ p r u ɑ r i ]_w
[_w ⁿd ɛ z ɑ ⁿdʒ ɔ ]_w
[_w w ɑ k u w ɑ ]_w
[_w m ɑ d ɔ ɡ ɛ ɑ ]_w
[_w n ɑ f ɑ ɲ ɑ ]_w
[_w u t u m u ]_w
[_w s ɔ ɡ ɔ n i ]_w
[_w v i t ɔ k ɔ ]_w
[_w k u s ɑ v i ]_w
[_w ɑ d i ]_w
[_w z i ɔ n i ]_w
[_w z ɑ l ɑ m ɑ ]_w
[_w m u h i ᵐb i l i ]_w
[_w ʃ i ᵑɡ ɔ ]_w
[_w s ɑ m ɑ n i ]_w
[_w t i s ɑ ]_w
[_w b ɔ z i ]_w
[_w u l i ɔ k ɔ ]_w
[_w f u k u f u ⁿd i ]_w
[_w dʒ u m u i j ɑ ]_w
[_w k i b ɔ ]_w
[_w n i l i k i ]_w
[_w l ɛ ɲ ɛ w ɛ ]_w
[_w ɲ u ᵐb ɑ ]_w
[_w b i ɡ i p i m ɔ ]_w
[_w l ɛ s ɛ ɑ ]_w
[_w v i p ɑ l i ]_w
[_w i k w ɛ ⁿd ɑ ]_w
[_w b ɑ m ɔ dʒ ɑ ]_w
[_w k i b ɑ j ɑ ]_w
[_w z ɛ n s ɑ ]_w
[_w k u ɑ m k i ɑ ]_w
[_w v j ɑ m ɑ ]_w
[_w k i z ɑ ]_w
[_w f i t u ]_w
[_w b ɑ s i ]_w
[_w m w ɑ ᵑɡ ɑ ]_w
[_w ɲ ɑ s i ]_w
[_w m ɑ ɡ ɑ l ɑ ]_w
[_w k u f ɑ ɲ ɑ ]_w
[_w k i l ɛ l ɛ n i ]_w
[_w i k ɔ ]_w
[_w d ɑ k w ɑ ]_w
[_w w ɑ s ɔ m ɑ dʒ i ]_w
[_w ⁿd i dʒ ɔ ]_w
[_w k ɔ t ɛ ]_w
[_w v i p i ⁿd i ]_w
[_w ɲ w i l ɑ j ɑ ]_w
[_w k i z ɑ z ɑ ]_w
[_w n ɑ h ɔ ð ɑ ]_w
[_w w ɑ b ɛ ⁿd ɑ ]_w
[_w k i d ɑ i v ɑ ]_w
[_w w ɑ l ɛ f i ]_w
[_w m ɑ s ɑ f i ʃ ɑ ]_w
[_w k u v u ᵑɡ ɑ ]_w
[_w w ɑ l ɛ f i l ɛ ]_w
[_w s u r i ]_w
[_w ʃ i ⁿd ɑ n ɔ ]_w
[_w m tʃ i ]_w
[_w m p ɑ ᵑɡ ɔ ]_w
[_w t u w ɛ z ɛ ]_w
[_w m ɑ ɲ ɔ j ɑ ]_w
[_w k i t ɑ ɑ l ɑ ]_w
[_w ɑ w ɛ ]_w
[_w ɑ w ɑ m u ]_w
[_w h u v u ɑ t ɑ ]_w
[_w k i tʃ ɛ ʃ i ]_w
[_w u s ɔ ɛ v u ]_w
[_w m ɑ k u ᵐb u ]_w
[_w n ɑ k u l ɑ ]_w
[_w u m ɑ k i n ɑ ]_w
[_w w i n n i ɛ ]_w
[_w s ɛ ɲ ɛ w ɛ ]_w
[_w v j ɑ ɡ ɛ ]_w
[_w i s s ɑ ]_w
[_w u s t ɑ w i ]_w
[_w b ɑ l ɛ ]_w
[_w h ɑ ɡ u w ɑ ]_w
[_w z ɛ t i ]_w
[_w t ɑ ɑ z i m u ]_w
[_w m ɛ n ɔ ]_w
[_w ᵐb u ɡ ɑ ]_w
[_w ɑ s i m i ɔ ]_w
[_w m s ɑ ɑ t ɑ ]_w
[_w k i l i m i ɑ ]_w
[_w b ɛ p ɔ ]_w
[_w b ɑ r ɔ ɡ i ɑ ]_w
[_w tʃ ɑ m i i ]_w
[_w h u s u s ɑ n ]_w
[_w n ɑ s ɑ ]_w
[_w k i k ɔ ᵐb ɛ ]_w
[_w k u t w ɑ ɑ ]_w
[_w m t ɛ ⁿd ɑ ]_w
[_w m ɑ ʃ i ⁿd ɑ n ɔ ]_w
[_w u f ɑ h ɑ m u ]_w
[_w s ɑ j ɑ r i ]_w
[_w v i dʒ i ]_w
[_w h u p u ᵑɡ u v u ]_w
[_w i ⁿdʒ i n i ]_w
[_w h ɑ m u ]_w
[_w k i b ɑ k i ]_w
[_w n u s u ]_w
[_w z i m u ]_w
[_w t ɔ f u ]_w
[_w s ɑ ɑ m ɔ dʒ ɑ ]_w
[_w k i l ɛ ]_w
[_w p ɑ dʒ ɛ t i ]_w
[_w k u u z w ɑ ]_w
[_w ɑ n n ɑ ]_w
[_w m t ɑ ⁿd ɑ n i ]_w
[_w m ɑ tʃ ɔ ]_w
[_w k u i k ɑ ]_w
[_w k ɑ ɡ ɑ t i ]_w
[_w m i r ɑ t i p ɑ ]_w
[_w k ɑ r i m ɛ ]_w
[_w t u n i ɑ ]_w
[_w u tʃ u m i ]_w
[_w m i b j ɑ ]_w
[_w w ɑ t ɑ k ɑ ]_w
[_w v j ɛ ɔ ]_w
[_w dʒ ɑ m i i ]_w
[_w dʒ u m ɑ d ɑ n ɔ ]_w
[_w u p ɑ ⁿd ɛ ]_w
[_w b ɔ ɑ ]_w
[_w m ɑ ʃ i t ɑ k ɑ ]_w
[_w w ɑ k ɔ l ɔ n i ]_w
[_w k ɑ z ɛ m ɑ ]_w
[_w m i tʃ i ]_w
[_w p ɛ ᵐb ɑ ]_w
[_w i l i t ɔ k ɔ ]_w
[_w w ɑ l i d ɔ ɑ ]_w
[_w dʒ u m ɑ t ɑ m u ]_w
[_w p ɑ r ɑ ]_w
[_w k u u ᵑɡ ɑ n ɔ ]_w
[_w k i ɑ k i l i ]_w
[_w ⁿd i j ɛ ]_w
[_w k r ɛ k ɔ d i ]_w
[_w ɑ dʒ ɑ l i ]_w
[_w b i n ]_w
[_w m ɑ d ɑ i ]_w
[_w z ɔ ɛ z i ]_w
[_w n ɑ ɔ ]_w
[_w k i ɲ w ɑ ]_w
[_w k u k i dʒ ɑ n ɑ ]_w
[_w k ɑ ʃ f ɑ ]_w
[_w n ɑ m i ]_w
[_w u t u m ɛ ]_w
[_w v i t i ]_w
[_w n u r u ]_w
[_w ⁿd ɔ ɑ ]_w
[_w k u d ɔ ʃ ɑ ]_w
[_w m ɑ d ɑ t i z ɔ ]_w
[_w m ɑ t u k i ɔ ]_w
[_w m ɑ ɑ r u f u ]_w
[_w b ɑ p ɔ ]_w
[_w k i l i ɑ ]_w
[_w k u k u ᵐb u ]_w
[_w i l i t ɔ ɡ ɑ ]_w
[_w w ɑ dʒ i ]_w
[_w tʃ i n ɑ ]_w
[_w s i k i ]_w
[_w ɑ j ɑ ]_w
[_w ᵐb ɔ n ɑ ]_w
[_w b ɔ l i s i l ɔ ]_w
[_w ɑ r i ]_w
[_w dʒ i n i ]_w
[_w n ɑ z ɛ m ɑ ]_w
[_w m ɑ b ɑ t r i ]_w
[_w dʒ i ᵑɡ i n ɛ ]_w
[_w w ɑ l i d u m ɛ ]_w
[_w ɔ l ɛ ]_w
[_w m d ɑ ]_w
[_w h ɑ l i ]_w
[_w u k ɑ l i ]_w
[_w k u l i m ɑ ]_w
[_w ɑ k ɑ dʒ i p u ]_w
[_w i m ɛ z ɛ m ɑ ]_w
[_w i l i ɑ ]_w
[_w b ɛ ᵑɡ i n ɛ ɔ ]_w
[_w u b u ᵑɡ u s ɑ ]_w
[_w w ɑ ᵑɡ ɑ s ɔ ]_w
[_w p ɔ r ɑ ]_w
[_w m i z i t u ]_w
[_w w ɑ b i ⁿz ɑ n i ]_w
[_w w ɑ s i r i ]_w
[_w h u k u m u ]_w
[_w ɑ i n ɑ ]_w
[_w b ɑ d r i ]_w
[_w w ɑ t u t s i ]_w
[_w k u u ⁿd ɑ ]_w
[_w v i d u ɔ ]_w
[_w k ɛ ɔ r ɡ ɛ ]_w
[_w f i l ɛ f i l ɛ ]_w
[_w k u ʃ i ⁿd ɑ n ɔ ]_w
[_w ᶬv u t ɔ ]_w
[_w z i ɑ s ɑ ]_w
[_w u f ɑ l m ɛ ]_w
[_w n ɑ b i i ]_w
[_w m ɑ p ɛ ⁿz i ]_w
[_w i l ɛ i l ɛ ]_w
[_w m i t i ]_w
[_w ɑ ɡ ɔ ]_w
[_w s p i ʃ i ]_w
[_w w ɑ k u u ]_w
[_w h ɑ t u dʒ u i ]_w
[_w k i ɑ ᵑɡ ɑ z i ]_w
[_w k ɑ n i ]_w
[_w k u ɛ l ɛ w ɑ ]_w
[_w dʒ u m ɑ m ɔ ]_w
[_w m w i ʃ ɔ n i ]_w
[_w k w ɛ n u ]_w
[_w u dʒ ɑ ᵐb ɑ s ɔ ]_w
[_w m ɑ ɲ ɑ s i ]_w
[_w k u ɔ ⁿd ɔ k ɑ ]_w
[_w tʃ u ᶬv i ]_w
[_w m ɑ u ]_w
[_w j ɑ k ɔ ]_w
[_w k ɑ h ɑ w i ɑ ]_w
[_w n ɑ n i ]_w
[_w p ɑ r i ]_w
[_w b i t ɑ ]_w
[_w s t u d i ɔ ]_w
[_w k u ᵐb u k ɑ ]_w
[_w r ɔ m ɑ ]_w
[_w t ɑ f s i r i ]_w
[_w m t ɔ m ɔ ]_w
[_w k u ɑ tʃ i ]_w
[_w v i p ɑ ⁿd ɛ ]_w
[_w ɛ ⁿz i ]_w
[_w w ɑ i s l ɑ m u ]_w
[_w s i b ɑ ]_w
[_w m i s t ɑ r i ]_w
[_w w ɑ k i f ɑ ɲ ɑ ]_w
[_w k u ɔ n ɑ ]_w
[_w ɑ n ɑ ]_w
[_w t ɑ ⁿz ɑ n i ]_w
[_w u b ɑ n u s i ]_w
[_w k u f ɑ r ɑ ]_w
[_w z i n ɑ ]_w
[_w ʃ i m ɔ ]_w
[_w m z ɑ h ɑ r i ]_w
[_w l u k ɑ ]_w
[_w ɑ v ɑ ð ɑ l i ]_w
[_w m k ɔ ᵑɡ w ɛ ]_w
[_w ⁿd ɑ n i ]_w
[_w w ɑ k ɔ l i ]_w
[_w i l i ɡ u tʃ ɑ ]_w
[_w m i ᵐb ɑ ]_w
[_w dʒ ɑ ᵑɡ ɑ m ɔ t ɔ ]_w
[_w h u ɔ ]_w
[_w k i m w i ]_w
[_w k u h ɛ ʃ i m ɑ ]_w
[_w u m ɛ m ɛ ]_w
[_w b ɛ ᵐb ɛ ]_w
[_w k u tʃ ɛ z ɛ ɑ ]_w
[_w k ɑ m i l i ɑ ]_w
[_w d ɑ f ɑ ð ɑ l i ]_w
[_w k u z ɑ ɑ ]_w
[_w u j ɑ h u t i ]_w
[_w m ɑ n ɑ p i i ]_w
[_w k i k ɛ m i ɑ ]_w
[_w n i ɑ ]_w
[_w v i b i ]_w
[_w k i k ɑ b i l ɑ ]_w
[_w r ɛ h ɛ m u ]_w
[_w u p ɔ ᵑɡ ɔ ]_w
[_w k u r i ð i ʃ ɑ ]_w
[_w k u l ɛ t ɑ ]_w
[_w k u w ɛ z ɛ ]_w
[_w k i ɔ w ɛ v u ]_w
[_w m ɛ ᵑɡ i n ɛ ]_w
[_w u k i m w i ]_w
[_w b u r u ⁿd i ]_w
[_w ɲ ɛ ⁿz ɔ ]_w
[_w w ɑ t ɔ t ɔ ]_w
[_w k u h ɛ z ɑ b u ]_w
[_w k u b ɑ t i z ɔ ]_w
[_w ʃ ɑ ᵑɡ ɑ ɔ ]_w
[_w k i z ɑ s i ]_w
[_w m ɔ r ɔ k ɔ r ɔ ]_w
[_w m k ɔ tʃ ɔ ]_w
[_w u p ɑ s u ɑ l ɑ ]_w
[_w m i s t ɑ r i ɔ ]_w
[_w tʃ ɑ k ɛ ]_w
[_w m s t ɑ r i ]_w
[_w b ɔ ɲ ɛ z ɑ ]_w
[_w m ɑ i d i s i ]_w
[_w u f u ⁿd i ]_w
[_w p i k i ]_w
[_w p i n ɑ t ɔ ɑ ]_w
[_w w ɑ k l ɑ r ɑ ]_w
[_w dʒ u h u d ɑ ]_w
[_w k ɑ m w ɛ ]_w
[_w m ɑ p w ɑ n i ]_w
[_w u dʒ ɑ ᵐb ɑ z ɑ ]_w
[_w k i k u p w ɑ ]_w
[_w u k ɑ k u z i ]_w
[_w m t ɑ w ɑ l ɑ ]_w
[_w ɲ ɑ z ɑ ]_w
[_w n ɛ ᵐb ɔ ]_w
[_w m i ɛ ]_w
[_w k i h ɔ l ɑ ⁿz i ]_w
[_w p ɑ r u ɑ ]_w
[_w u n ɑ d ɑ k ɑ ]_w
[_w w ɑ l i k ɑ ]_w
[_w k i r u m i ]_w
[_w p ɑ r ɑ n s ɑ ]_w
[_w dʒ ɛ ᵑɡ ɛ ]_w
[_w ɲ i ᵑɡ i n ɛ z ɔ ]_w
[_w h ɑ s i r i ]_w
[_w m k ɑ p ɑ ]_w
[_w m w ɛ u z i ]_w
[_w v j ɔ d ɛ ]_w
[_w v j ɑ ]_w
[_w w ɛ ᵑɡ i n ɛ ]_w
[_w k u z u ᵑɡ u ]_w
[_w h i s ɔ ]_w
[_w b ɑ r ɑ ɡ ɑ ]_w
[_w ɣ ɑ r ɑ m ɑ ]_w
[_w t ɑ ᵑɡ ɑ ɲ i k ɑ ]_w
[_w k ɑ n u ᵐb ɑ ]_w
[_w b ɑ b ɑ k ɑ ]_w
[_w m l ɛ z i ]_w
[_w u tʃ ɑ ᵐb ɑ z ɑ ]_w
[_w h u k u m ɔ ]_w
[_w m ɑ ɡ ɑ z ɛ m ɑ ]_w
[_w z ɔ t ɛ ]_w
[_w m ɑ l ɛ ᵑɡ ɑ ]_w
[_w m ɑ p i ʃ ɑ ]_w
[_w w ɑ ð i v ɑ ]_w
[_w u ɣ ɑ i b u n i ]_w
[_w m ɑ z ɑ f j ɔ ]_w
[_w k u t ɑ n ɔ ]_w
[_w ɑ n ɑ k u ᵐb u ]_w
[_w b ɑ ɑ d ɑ ]_w
[_w u k u t ɑ w ɑ ]_w
[_w m u u ⁿd ɔ ]_w
[_w dʒ ɑ m ɑ ɑ ]_w
[_w m w ɛ ⁿz ɑ k ɛ ]_w
[_w ɑ l i f i k ɑ ]_w
[_w i ɡ w ɛ t ɛ ]_w
[_w v i t ɑ t i z ɔ ]_w
[_w k ɛ z i ]_w
[_w k i p ɑ t ɑ s i ]_w
[_w i n ɑ ɑ ]_w
[_w m i tʃ u z i ]_w
[_w v ɑ s i ]_w
[_w k u s ɔ ]_w
[_w tʃ ɑ f u ɡ ɑ dʒ i ]_w
[_w k u i ᵐb ɑ ]_w
[_w z ɑ n ɑ ɑ ⁿz ɑ ]_w
[_w m i s r i ]_w
[_w dʒ ɑ m ɑ n i s ɑ ]_w
[_w r ɑ f i k i ]_w
[_w k i s i w ɑ ]_w
[_w h ɑ ɡ i k ɑ ]_w
[_w k w ɛ l i ]_w
[_w w ɑ p i k ɑ ]_w
[_w k i m u ]_w
[_w ɑ l s ɛ i m ɑ ]_w
[_w u h u s i k i ɑ ]_w
[_w u tʃ ɑ u s i t i ]_w
[_w ɲ i ɛ ]_w
[_w h u h i t ɑ tʃ i ]_w
[_w w ɑ z ɛ ɛ ]_w
[_w k u p w ɑ ]_w
[_w u b ɛ ⁿd ɑ ]_w
[_w tʃ ɛ ʃ i ]_w
[_w k u p ɛ p ɑ r i ]_w
[_w m ɑ s i t i ]_w
[_w m i f ɛ r ɛ tʃ i ]_w
[_w h ɑ k u w ɛ ]_w
[_w k u h u p i r i ]_w
[_w ɛ t i ]_w
[_w k ɑ r u d i ʃ ɑ ]_w
[_w u r u s i ]_w
[_w l i s i ]_w
[_w v j ɛ m ɑ ]_w
[_w m t ɑ ⁿd ɑ ɔ ]_w
[_w m w i ʃ ɔ w ɛ ]_w
[_w z u ɑ l ɑ ]_w
[_w b l ɔ ɡ u ]_w
[_w h ɑ i w ɛ z i ]_w
[_w ɑ k ɑ ]_w
[_w m p ɑ k ɑ n ɔ ]_w
[_w j ɔ j ɔ t ɛ ]_w
[_w n ɑ k u ᵐb u ]_w
[_w w ɛ s t l i v ɛ ]_w
[_w w ɑ b ɑ t ɑ ]_w
[_w k i m ɑ b ɛ ⁿz i ]_w
[_w b ɛ ᵐb ɛ dʒ ɛ ɔ ]_w
[_w k ɑ b u r i ]_w
[_w m t ɛ dʒ ɑ ]_w
[_w f i t ɔ ᵑɡ ɛ ]_w
[_w k u k ɔ ᵐb ɛ ]_w
[_w n ɛ n ɔ ]_w
[_w h u v ɑ ɲ ɑ ]_w
[_w k i b i ⁿd i ]_w
[_w z ɑ m u ]_w
[_w p i ɑ ʃ ɑ r t i ]_w
[_w k ɔ r ɔ ]_w
[_w w ɑ k ɑ t i ]_w
[_w ʃ i r i k ɑ ]_w
[_w n ɑ s ɔ ]_w
[_w m ɑ ɑ ⁿd i k ɔ ]_w
[_w k u b u ᵑɡ ɛ ]_w
[_w p ɑ s i f u ]_w
[_w w ɑ l i u ɑ w ɑ ]_w
[_w i tʃ ɑ j ɔ ]_w
[_w h u p ɑ t ɛ ]_w
[_w k u f u ɑ t i ɑ ]_w
[_w r ɑ s i m ɑ ]_w
[_w k u f ɑ ɑ ]_w
[_w k u t u ᵑɡ ɑ ]_w
[_w l ɑ h ɑ ]_w
[_w k u ɑ p u t u ]_w
[_w m ɑ h i r i ]_w
[_w j ɑ k i w ɛ m ɔ ]_w
[_w m ɑ p ɑ ᵐb ɑ ]_w
[_w j u p ɔ ]_w
[_w k u t ɑ k u w ɑ ]_w
[_w ɑ k i d ɑ ɑ ]_w
[_w h ɑ u n ɑ ]_w
[_w m u s ɔ m ɑ dʒ i ]_w
[_w p ɑ r ɑ b u ]_w
[_w n i ð ɑ m u ]_w
[_w u t u l i ɡ ɔ ]_w
[_w k i s i ɑ s ɑ ]_w
[_w w ɑ k ɔ ᵐb ɛ ]_w
[_w w ɑ l i s ɛ m ɑ ]_w
[_w m i f u k ɔ ]_w
[_w m i ɡ ɔ ɑ ]_w
[_w w ɑ z ɑ s i ]_w
[_w t i r ɑ ]_w
[_w m ɑ t ɑ dʒ ɑ ]_w
[_w k u w ɛ k w ɑ ]_w
[_w j ɛ ɲ ɛ w ɛ ]_w
[_w tʃ ɑ m ɑ ɑ ]_w
[_w f l ɔ r i d ɑ ]_w
[_w t ɑ t ɑ ]_w
[_w k w ɛ ⁿd ɑ ]_w
[_w ɲ i ᵐb ɔ ]_w
[_w dʒ u k w ɑ ]_w
[_w u d ɛ ⁿd ɑ ]_w
[_w w ɑ f u ᵑɡ w ɑ ]_w
[_w m ɑ t u m i w ɑ ]_w
[_w v i v u ]_w
[_w k i s ɑ s i ]_w
[_w dʒ ɛ ᵐb ɛ ]_w
[_w w ɑ k i l i tʃ ɔ ]_w
[_w m ɑ s ɔ m i ]_w
[_w ɲ i ɲ i ]_w
[_w w ɑ d ɑ l ɑ ]_w
[_w m t u ⁿz i ]_w
[_w m z i m ɑ ]_w
[_w ʃ ɑ u k u ]_w
[_w z ɑ p ɑ b u ]_w
[_w k u i ʃ i ]_w
[_w h ɑ t i ð i ]_w
[_w ɑ s ɑ n t ɛ ]_w
[_w m ɑ tʃ u m ɑ ]_w
[_w t ɑ h ɑ ð ɑ r i ]_w
[_w l ɑ w ɑ m ɑ ɑ ]_w
[_w ⁿdʒ ɑ n ɔ ]_w
[_w k u b ɑ t ɑ ]_w
[_w u m ɑ d ɑ n i ]_w
[_w u ɲ ɑ m ɑ ]_w
[_w m k u p w ɑ ]_w
[_w n ɑ dʒ i ᵑɡ w ɛ ɑ ]_w
[_w k i p i k i b i ]_w
[_w j ɔ j ɔ t ɑ ]_w
[_w h u t u m ɑ ]_w
[_w m dʒ ɑ t ɑ l ɑ ]_w
[_w ʃ ɑ p ɑ ]_w
[_w m ɑ d ɔ ɑ ]_w
[_w m ɑ k ɑ ᵐb i ]_w
[_w w ɑ p ɑ t r ɛ ]_w
[_w h i ɡ i ]_w
[_w i ɡ i w ɑ ]_w
[_w f ɑ n i ]_w
[_w m u s ɔ m ɑ ]_w
[_w w ɑ n ɑ ɔ ᵑɡ ɛ ɑ ]_w
[_w t ɑ r i ]_w
[_w m i u ᵑɡ u ]_w
[_w k u dʒ i u ᵑɡ ɑ ]_w
[_w d ɑ z ɑ m ɔ ]_w
[_w ⁿd i j ɔ ]_w
[_w k u d i ʃ ɑ ]_w
[_w m ɑ r ɑ ]_w
[_w t ɑ ᵐb ɑ r i ]_w
[_w ɑ l i tʃ ɔ ]_w
[_w w ɑ s i w ɑ ]_w
[_w u m ɑ k i n i ]_w
[_w t ɑ m u ]_w
[_w ɑ n ɑ f ɑ ɲ ɛ ]_w
[_w t ɑ r ]_w
[_w m ɑ w ɑ s i ]_w
[_w ɑ ɛ ⁿd ɛ l ɛ ɔ ]_w
[_w p ɔ p ɔ t ɛ z ɑ ]_w
[_w i n ɑ k u w ɑ ]_w
[_w k u tʃ ɑ ᵑɡ i ɑ ]_w
[_w m ɑ f i s ɑ ]_w
[_w k ɑ n s ɑ ]_w
[_w k u f i dʒ i dʒ i ]_w
[_w k i dʒ ɛ ʃ i ]_w
[_w w i v u ]_w
[_w ᵐb u k ɑ ]_w
[_w l ɑ k i n i ]_w
[_w t u n i ɑ n i ]_w
[_w l ɔ t ɛ ]_w
[_w k u k ɛ u k ɑ ]_w
[_w ɡ u u ⁿd ɑ ]_w
[_w m ɑ w i ᵐb i ]_w
[_w k u k u w ɑ ]_w
[_w m ɑ θ ɛ h ɛ p u ]_w
[_w ᶬv u ɑ ]_w
[_w p r ɔ v ɛ z ɑ ]_w
[_w r u ɡ w ɑ ɑ n i ]_w
[_w k u k i ᵐb i ɑ ]_w
[_w m i p ɑ ᵑɡ ɔ ]_w
[_w w ɑ ɑ f r i k ɑ ]_w
[_w i l i k u w ɑ ]_w
[_w m i z i ]_w
[_w m t ɑ u ]_w
[_w m ɑ b w ɑ n ɑ ]_w
[_w w ɑ h i ]_w
[_w w ɑ n ɑ ɔ ]_w
[_w ɲ ɛ ᵐb ɑ ᵐb ɑ ]_w
[_w dʒ i ᵐb ɔ ]_w
[_w m ɑ r ɛ h ɛ m ɑ ]_w
[_w m ɑ p ɑ r ɑ s i ]_w
[_w k u f ɑ ]_w
[_w u ɑ r ɑ ]_w
[_w h u ɔ ɲ ɛ ʃ ɔ ]_w
[_w m k u l i ]_w
[_w u b ɑ d ɛ ]_w
[_w w ɑ h u z i ʃ ɑ ]_w
[_w ɑ ᵑɡ ɑ n i ]_w
[_w s u p i r i ]_w
[_w w ɑ n ɑ ɔ n ɑ ]_w
[_w b w ɑ n ɑ u m ɛ ]_w
[_w dʒ u m ɑ ɑ ]_w
[_w t u ᵐb ɔ ]_w
[_w k i ɑ f r i k ɑ ]_w
[_w k i n ɑ t ɑ ]_w
[_w tʃ i ᵐb ɔ ]_w
[_w m tʃ u ᵐb ɛ ]_w
[_w d ɔ f ɑ u t i ]_w
[_w k i d u t ɛ ]_w
[_w t ɑ ᵑɡ ɑ ]_w
[_w m ɛ t ɑ l i l i ]_w
[_w p u k ɔ p ɑ ]_w
[_w k ɑ w ɑ ]_w
[_w w ɑ i ʃ i ɔ ]_w
[_w f i ᵑɡ i n ɛ ]_w
[_w ᵑɡ u f u ]_w
[_w h u r i ]_w
[_w u k i m w i l i ]_w
[_w u p i k ɑ ]_w
[_w ɣ ɑ s i ɑ ]_w
[_w ɑ k i w ɛ m ɔ ]_w
[_w k u v u k u ]_w
[_w ɡ ɑ m p ɑ l ɑ ]_w
[_w k i dʒ i n i ]_w
[_w ɣ ɑ l i f j ɔ ]_w
[_w k i u ᵐb ɛ ]_w
[_w u h i ⁿd i ]_w
[_w k u s ɔ m ɑ ]_w
[_w v i n ɑ ]_w
[_w m s i t u ]_w
[_w m i ɛ z i ]_w
[_w h i s i ]_w
[_w f i p i ]_w
[_w b i ⁿd ɑ ]_w
[_w u w ɑ ⁿdʒ ɑ ]_w
[_w t ɑ k t ɑ r i ɔ ]_w
[_w m ɑ dʒ u z i ]_w
[_w k u ɔ ɑ ]_w
[_w m ɑ n u n i ]_w
[_w ɑ k ɑ b u r i ]_w
[_w s t ɑ t ɛ ]_w
[_w ɑ z m ɑ ]_w
[_w m s ɑ v ɑ ]_w
[_w m z ɑ ᵑɡ i ]_w
[_w k u d ɔ ɡ ɑ ]_w
[_w p ɑ b ɑ k ɑ ]_w
[_w i n ɑ f s i ]_w
[_w b ɑ ⁿd i ɑ ]_w
[_w s ɑ k ɛ ]_w
[_w m ɔ ʃ i ]_w
[_w w ɑ l i ɔ n i ]_w
[_w h ɑ d ɑ ]_w
[_w k i ɲ w ɑ tʃ i ]_w
[_w j ɛ n u ]_w
[_w m i t ɑ ᵐb ɔ ]_w
[_w w ɑ k ɑ ]_w
[_w m ɑ l i ]_w
[_w ɡ u k ɔ m ɛ ʃ ɑ ]_w
[_w v i s i ]_w
[_w u f ɑ ]_w
[_w k u m w ɑ ᵐb ɑ ɔ ]_w
[_w n ɑ k u w ɑ ]_w
[_w h ɔ m ɑ ]_w
[_w h ɑ t i ]_w
[_w s i p ɑ d ɑ ]_w
[_w s ɑ w ɑ ]_w
[_w w ɑ t u m i ɑ ]_w
[_w d u p ɑ i n ɑ ]_w
[_w tʃ ɔ l i ɛ ]_w
[_w u m ɑ ɑ r i f ɑ ]_w
[_w m i dʒ u z i ]_w
[_w dʒ ɑ ᵑɡ w ɑ ]_w
[_w m w i s i ]_w
[_w m ɑ w ɑ z ɔ ]_w
[_w m p ɑ k ɑ ]_w
[_w k u b ɛ l ɛ k ɑ ]_w
[_w h ɑ n ɑ ]_w
[_w u b ɑ ᵑɡ ɑ tʃ i ]_w
[_w ɑ n t i ɔ k i ɑ ]_w
[_w k u ɔ ɡ ɔ p ɑ ]_w
[_w w i l ɑ ]_w
[_w h ɑ ð i ]_w
[_w u dʒ ɑ ᵐb ɑ s i ]_w
[_w u z i ɔ ]_w
[_w t ɑ n u ]_w
[_w ɲ ɛ p ɛ z i ]_w
[_w l i k i ]_w
[_w w ɑ w ɛ z ɑ ]_w
[_w u t ɑ b i ɑ ]_w
[_w ɑ l i k ɑ ɑ ]_w
[_w k u ɡ ɔ m ɛ ʃ ɑ ]_w
[_w ɑ l i b ɑ t ɑ ]_w
[_w ð ɑ ᵐb i ]_w
[_w b ɔ t i ]_w
[_w u n ɑ b i t i ]_w
[_w dʒ u m ɑ ]_w
[_w w ɑ ɑ ⁿd i k ɑ ]_w
[_w u k ɛ ]_w
[_w v u l ɑ n i ]_w
[_w w ɑ p i ]_w
[_w u p ɛ ⁿd ɑ ]_w
[_w t ɑ m ɑ ɑ ]_w
[_w m i s i ]_w
[_w m i r ɛ v u ]_w
[_w ð ɑ m i n i ]_w
[_w h u v i k i ɑ ]_w
[_w w ɑ k ɛ ]_w
[_w m ɛ u b ɛ ]_w
[_w m ɛ dʒ i ]_w
[_w w ɑ ɛ ⁿd ɛ ]_w
[_w dʒ i dʒ i ]_w
[_w v i z ɑ ]_w
[_w w ɑ s i tʃ ɑ n i ]_w
[_w ɑ l i ɔ ɡ ɔ ]_w
[_w h u l ɛ t ɑ ]_w
[_w h ɑ r u s i ]_w
[_w m ɑ k ɔ s t i ]_w
[_w u tʃ ɑ k u ɔ ]_w
[_w w ɑ dʒ ɛ z ɑ dʒ i ]_w
[_w k u m f u ɑ t ɑ ]_w
[_w ɑ l i j ɛ ]_w
[_w m i w ɑ ]_w
[_w u p i ]_w
[_w k ɑ m p ɑ l ɑ ]_w
[_w u b ɔ r ɑ ]_w
[_w m ʃ ɑ u r i ]_w
[_w m ɑ dʒ ɑ n ɑ ]_w
[_w u p ɛ ⁿd ɔ ]_w
[_w l ɑ ᵑɡ u ]_w
[_w m i t u m ɛ ]_w
[_w ɑ l i ɔ n ɑ ]_w
[_w h u u ]_w
[_w j u l ɛ ]_w
[_w v i t ɑ p i ɑ ]_w
[_w w ɑ l i d u ᵑɡ ɑ ]_w
[_w b ɔ ᵐb ɑ ]_w
[_w k u f u ɡ ɑ ]_w
[_w ɔ f i s i w ɑ ]_w
[_w dʒ ɑ ⁿz ɔ ]_w
[_w h i ⁿd i ]_w
[_w ɑ p r ɑ h ɑ ]_w
[_w ð ɔ r u b ɑ ]_w
[_w p ɑ s i ]_w
[_w f i u ᵑɡ ɔ ]_w
[_w s u l t ɑ n i ]_w
[_w i ʃ i r i k ɑ ]_w
[_w i ɡ w ɛ t ɑ ]_w
[_w m i k ɑ t ɑ p ɑ ]_w
[_w m l i ⁿz i ]_w
[_w m k ɔ p ɔ ]_w
[_w m i l ɔ ]_w
[_w ɑ l k ɛ r i ɑ ]_w
[_w u h ɑ m i ɑ ]_w
[_w r ɛ t i ɔ ]_w
[_w ɑ l i dʒ ɔ ]_w
[_w p ɔ l i s i ]_w
[_w w i z ɑ r i ]_w
[_w ɡ u p ɔ ɲ ɛ z ɑ ]_w
[_w tʃ ɑ ɔ ]_w
[_w m ɑ ɑ ⁿd i ʃ i ]_w
[_w u ð ɑ m i n ɑ ]_w
[_w ɣ u p ɑ ]_w
[_w w ɛ ⁿz ɑ ɔ ]_w
[_w ɑ b i r i ]_w
[_w ɲ ɛ u b ɛ ]_w
[_w u n u n u s i ]_w
[_w u f u ᵑɡ w ɑ ]_w
[_w d ɛ ⁿd ɔ ]_w
[_w k u s u p i r ɑ ]_w
[_w m ɑ p ɑ z w ɑ ]_w
[_w m w ɑ n ɑ n tʃ i ]_w
[_w k i ᵑɡ i n ɛ ]_w
[_w w ɑ k ɑ l ɑ ]_w
[_w k u t ɔ k ɑ n ɑ ]_w
[_w h ɑ m n ɑ ]_w
[_w k i z u t u ]_w
[_w t ɑ ⁿz ɑ n i ɑ ]_w
[_w dʒ i ɔ n i ]_w
[_w f i w i l i ]_w
[_w k ɑ r ɑ t i b ɑ ]_w
[_w m u ɑ f ɑ ɡ ɑ ]_w
[_w s ɑ p ɑ t r i ]_w
[_w i dʒ ɑ j ɔ ]_w
[_w m ɑ t ɑ ɡ ɑ ]_w
[_w k i ʃ ɑ ]_w
[_w h ɑ k i n ɑ ]_w
[_w k i w ɑ ⁿd ɑ ]_w
[_w s ɔ ɡ ɔ ]_w
[_w l i k ɔ ]_w
[_w u tʃ ɑ u s i t ɔ ]_w
[_w ɑ h ɑ d i ]_w
[_w m i tʃ u s i ]_w
[_w u s ɑ ]_w
[_w k u dʒ i f u ]_w
[_w h ɑ r ɑ m ɑ ]_w
[_w s ɔ m ɔ ]_w
[_w u t u m i ʃ i ]_w
[_w ɑ n ɑ b ɑ d ɔ ]_w
[_w m w ɛ u p ɛ ]_w
[_w k u dʒ i ᵐb ɑ tʃ i ]_w
[_w k u w ɛ b ɔ ]_w
[_w m ɑ dʒ ɑ r i t ɑ ]_w
[_w d ɑ m k ɔ ]_w
[_w k u ɔ ɲ ɛ ʃ ɑ ]_w
[_w u tʃ i ɔ ]_w
[_w k u ɔ ᵑɡ ɛ z w ɑ ]_w
[_w k u t u m i ʃ i ]_w
[_w d ɑ k w i m u ]_w
[_w m dʒ ɑ ɡ ɑ ]_w
[_w h ɑ l ɑ f u ]_w
[_w d ɑ r ɛ h ɛ m ɑ ]_w
[_w u k ɔ ɔ ]_w
[_w ʃ ɑ ɡ ɑ ]_w
[_w h ɑ d u tʃ u i ]_w
[_w h ɔ d ɑ r i ]_w
[_w m i dʒ ɑ dʒ ɛ ]_w
[_w m ɑ dʒ ɑ ᵑɡ ɑ ]_w
[_w k u d ɔ w ɛ k ɑ ]_w
[_w h i i ]_w
[_w u dʒ i ᵐb ɑ dʒ i ]_w
[_w ɑ m ɛ r i k ɑ ]_w
[_w v i b ɛ ᵑɡ ɛ l ɛ ]_w
[_w u k ɔ ⁿdʒ w ɑ ]_w
[_w u ð i b i d i ]_w
[_w u ɛ ⁿd ɛ l ɛ ɛ ]_w
[_w v i s i f j ɔ ]_w
[_w d ɔ b ɑ ]_w
[_w i m ɑ n i ]_w
[_w ʃ i r i k i ʃ ɑ ]_w
[_w m ɑ ɑ n ɑ n tʃ i ]_w
[_w t w i k ɑ ]_w
[_w m w ɑ ᵐb ɑ ]_w
[_w m w i l i n i ]_w
[_w m k ɔ n ɔ n i ]_w
[_w k i m ɔ ]_w
[_w b ɔ r ɑ ]_w
[_w k u s i b ɑ d ɑ ]_w
[_w m ɑ ɛ ⁿd ɛ l ɛ ɔ ]_w
[_w k u m u ]_w
[_w k i l i ]_w
[_w ɑ n ɑ j ɔ ]_w
[_w k u z ɑ m ɑ n i ]_w
[_w ɡ ɑ ᵐb i ]_w
[_w k w ɑ n i n i ]_w
[_w ɲ ɑ r ɑ k ɑ ]_w
[_w u ɡ ɔ z ɑ ]_w
[_w s ɑ l ɑ ]_w
[_w j ɑ b i ]_w
[_w j ɑ l i j ɔ ]_w
[_w i l i v ɑ ɲ ɑ ]_w
[_w p ɛ ᵑɡ i n ɛ ]_w
[_w m n ɑ r ɑ ]_w
[_w m ɑ dʒ ɑ r i b u ]_w
[_w m ɑ dʒ ɑ f u s i ]_w
[_w m ɑ ʃ ɑ r i k i ]_w
[_w ɔ f i z i ]_w
[_w u s i ⁿd u z i ]_w
[_w v i l i m ɑ ]_w
[_w k u z u ᵑɡ u k ɑ ]_w
[_w k u h ɑ r i ]_w
[_w u h ɔ l ɑ ⁿz i ]_w
[_w u t ɑ ᵐb u ɑ ]_w
[_w l ɑ s i m i ɔ ]_w
[_w t ɑ l i l i ]_w
[_w v i k r ɑ ]_w
[_w s ɛ n s ɑ ]_w
[_w i n ɑ p i i ]_w
[_w n i ɲ i ]_w
[_w k u t ɑ m u ]_w
[_w t ɑ ᵐb ɑ ɑ ]_w
[_w u w ɛ s i ]_w
[_w i s ɑ ]_w
[_w r u ʃ w ɑ ]_w
[_w k i tʃ ɑ b ɑ n i ]_w
[_w i t ɑ r ɑ dʒ ɑ ]_w
[_w m w ɛ ɲ ɛ s i ]_w
[_w ɑ k i z ɔ ]_w
[_w l i ᵑɡ i ]_w
[_w ɑ d ɔ m i ɑ ]_w
[_w ᵐb ɑ l i ᵐb ɑ l i ]_w
[_w d ɑ l i ɑ ⁿz ɑ ]_w
[_w k i tʃ ɑ k ɑ t ɔ ]_w
[_w m l ɔ ]_w
[_w k ɑ t ɔ ]_w
[_w ᵐb ɑ l i ]_w
[_w b ɑ b ɑ k i ]_w
[_w b ɑ ɑ t ɑ ]_w
[_w u ɔ ᵑɡ ɔ z i ]_w
[_w r u t u b ɑ i ]_w
[_w m w i ᵐb ɑ tʃ i ]_w
[_w w i s ɑ r i ]_w
[_w z i ɔ ]_w
[_w j ɑ s i j ɔ ]_w
[_w m w i l i ]_w
[_w h ɔ t ɛ l i ]_w
[_w m ɑ ʃ t ɑ k ɑ ]_w
[_w dʒ ɛ n i ]_w
[_w ɑ w ɑ m ɑ ]_w
[_w ɑ ð ɑ r i ]_w
[_w k i k ɔ ]_w
[_w u t ɑ ʃ i ]_w
[_w k u r ɑ t i ]_w
[_w v ɔ l k ɛ n ɔ ]_w
[_w m ɑ b ɑ b u ]_w
[_w b ɑ l ɑ ɑ ]_w
[_w m i k ɑ k ɑ t ɔ ]_w
[_w u w ɛ z ɑ ]_w
[_w w ɑ k i w ɛ m ɔ ]_w
[_w u ɔ f u ]_w
[_w w ɑ ɲ ɔ ᵑɡ ɛ ]_w
[_w m ɑ ʃ i n ɛ ]_w
[_w m ɑ t ɑ n i ]_w
[_w ɑ ð ɑ r ɑ u ]_w
[_w k i k w ɛ ⁿd ɑ ]_w
[_w n ɑ dʒ u ɑ ]_w
[_w ɑ s k ɑ r i b i ]_w
[_w ɑ k ɑ u n t i ]_w
[_w v ɑ ɲ ɑ ]_w
[_w dʒ ɑ n ɑ ]_w
[_w t ɛ l t ɑ ]_w
[_w k u w ɛ k ɛ z ɔ ]_w
[_w dʒ ɑ t ɛ m ɑ ]_w
[_w m s i tʃ ɑ n ɑ ]_w
[_w w ɑ k ɔ ⁿdʒ w ɑ ]_w
[_w f i t ɑ ]_w
[_w u t ɑ n ɔ ]_w
[_w m w ɛ ⁿz ɛ d u ]_w
[_w u s ɔ n i ]_w
[_w m k u t ɑ n ɑ ]_w
[_w ɲ u k i ]_w
[_w i l i w ɑ ]_w
[_w t u d u ]_w
[_w v ɑ i n ɑ l i ]_w
[_w k u z ɔ ]_w
[_w u s ɑ h i h i ]_w
[_w d ɑ ᵑɡ u ]_w
[_w r ɑ i s i ]_w
[_w dʒ ɛ ɲ ɛ w ɛ ]_w
[_w h u t u m i ɡ ɑ ]_w
[_w d ɛ n i ]_w
[_w u n ɑ ɔ n ɑ ]_w
[_w k u d ɑ i ]_w
[_w m ɑ ð ɛ h ɛ p u ]_w
[_w k ɑ m i l i ]_w
[_w k i f u l i ]_w
[_w k i r ɔ h ɔ n i ]_w
[_w ɑ l i ]_w
[_w ɲ ɛ t i ]_w
[_w m i ɡ u u ]_w
[_w u t ɑ ɑ l u m ]_w
[_w m ɑ k k ɑ ]_w
[_w ⁿd i l ɔ ]_w
[_w ʃ i l i ᵑɡ i ]_w
[_w d ɔ k ɛ ɔ ]_w
[_w b ɑ p u ]_w
[_w w ɑ n ɑ n tʃ i ]_w
[_w l i b j ɑ ]_w
[_w k u f ɑ m i z i ]_w
[_w t ɔ l ɛ w ɑ ]_w
[_w u r u z i ]_w
[_w r i s ɑ s i ]_w
[_w u m ɑ d ɑ i v ɑ ]_w
[_w m k r i s t ɔ ]_w
[_w k u f u ɑ d ɑ ]_w
[_w ɑ l i dʒ ɛ s ɑ ]_w
[_w n ɑ i b u n i ]_w
[_w k i k w ɛ t ɛ ]_w
[_w r u s s i ɑ ]_w
[_w b ɑ t r ɛ ]_w
[_w n ɑ v j ɔ ]_w
[_w m t ɔ t ɔ ]_w
[_w v j ɛ t i ]_w
[_w k ɛ r ɔ ]_w
[_w k u t u m ɑ ]_w
[_w dʒ ɑ r i p u ]_w
[_w h ɑ i ]_w
[_w h ɑ k i k ɑ d i ]_w
[_w ɑ n ɑ f ɑ ɲ ɑ ]_w
[_w b ɑ r u ɑ ]_w
[_w k i ʃ i ⁿd ɔ ]_w
[_w i n ɑ d ɔ k ɔ ]_w
[_w ɑ l h ɑ m i ɑ ]_w
[_w m ɡ ɛ w ɛ ]_w
[_w m ɑ tʃ i ]_w
[_w m ɑ w i l i ]_w
[_w u i ᵑɡ ɛ r ɛ m ɑ ]_w
[_w u t ɑ dʒ i ]_w
[_w u m ɑ ɑ ]_w
[_w m ɑ dʒ ɑ f u ]_w
[_w v i t u ɔ ]_w
[_w m s ɑ l ɑ ɑ m ]_w
[_w b ɛ ᵑɡ ɔ ]_w
[_w k u t ɔ ɡ ɛ ɑ ]_w
[_w k u ʃ i ⁿd i ]_w
[_w h ɑ w ɑ dʒ i ]_w
[_w w ɛ z i ]_w
[_w u k u ɑ ]_w
[_w j ɑ w ɛ s ɑ ]_w
[_w u dʒ ɑ n ɑ ]_w
[_w h ɑ t ɑ r i ɔ ]_w
[_w h ɛ k ɑ l u ]_w
[_w k u ɔ k ɔ b ɑ ]_w
[_w k u ɡ ɑ m ɛ ]_w
[_w k u i d u m i ɑ ]_w
[_w m i t ɑ d u ]_w
[_w m i d ɑ ɑ l u m ]_w
[_w l ɔ v ɛ ]_w
[_w m ɛ ᵑɡ i ]_w
[_w m i dʒ ɔ r ɔ ]_w
[_w p ɛ ᵐb ɛ n i ]_w
[_w ɑ ᵐb ɑ tʃ ɔ ]_w
[_w ᵐb ɔ k ɑ ]_w
[_w m ɑ p j ɑ ]_w
[_w v u l ɑ n ɑ ]_w
[_w l ɑ k i ]_w
[_w h u t ɔ ɑ ]_w
[_w k u z i b ɑ ]_w
[_w j ɔ ʃ u ɑ ]_w
[_w dʒ ɑ ɲ ɑ ]_w
[_w tʃ u ɔ ]_w
[_w ɑ t ɔ m i ɑ ]_w
[_w m t i h ɑ n i ]_w
[_w z i k ɑ ]_w
[_w t u p ɔ ]_w
[_w h ɛ ʃ i m u ]_w
[_w ᵑɡ ɔ m ɑ ]_w
[_w m i l ɛ l ɛ ]_w
[_w k u dʒ ɑ ɑ ]_w
[_w d u n ɑ z ɛ m ɑ ]_w
[_w w ɑ n ɑ w ɛ z ɑ ]_w
[_w k u ɔ ɡ ɔ b ɑ ]_w
[_w s i k ɔ ]_w
[_w k ɔ l i ]_w
[_w k u p ɔ ɲ ɛ z ɑ ]_w
[_w z i w ɛ z ɑ ]_w
[_w m s ɛ ɛ ]_w
[_w u f i n i ]_w
[_w tʃ u ᵐb ɑ ]_w
[_w dʒ u b ɑ ]_w
[_w w ɑ w ɛ z i ]_w
[_w r ɑ i z ]_w
[_w p ɑ p u ]_w
[_w m k ɑ l i ]_w
[_w m dʒ ɑ n ɑ ]_w
[_w m ɑ k ɔ ⁿdʒ w ɑ ]_w
[_w n ɑ t ɑ k u w ɑ ]_w
[_w i b ɔ ]_w
[_w m ɔ r ɔ k ɔ ]_w
[_w k u b u m u ɑ ]_w
[_w m ɑ ɑ l u m ]_w
[_w w ɑ m ɛ ɑ ⁿz ɑ ]_w
[_w m ɑ t ɑ r ɑ f u ]_w
[_w k u v ɑ u l u ]_w
[_w ɛ l ɛ m ɛ n t i ]_w
[_w h u p ɛ w ɑ ]_w
[_w f j ɑ ɔ ]_w
[_w k i r ɛ n ɔ ]_w
[_w ɑ n ɑ ɔ ]_w
[_w dʒ ɑ k u s i ]_w
[_w tʃ u m ɑ n n ɛ ]_w
[_w m ɑ tʃ i p u ]_w
[_w m w ɑ n ɑ u m ɛ ]_w
[_w k u t u m u ]_w
[_w h ɑ t ɑ ]_w
[_w b u r ɛ ]_w
[_w u ɡ ɑ ⁿd ɑ ]_w
[_w h ɑ dʒ ɑ ]_w
[_w w ɑ dʒ ɛ ]_w
[_w m t u ]_w
[_w k ɛ k i ]_w
[_w dʒ ɑ m h u r i ɑ ]_w
[_w f ɛ p r u ɑ r i ]_w
[_w k i t ɑ ᵐb ɑ ɑ ]_w
[_w d ɑ v i t i ]_w
[_w k u k ɑ w ɑ ]_w
[_w u t ɑ k u w ɑ ]_w
[_w j ɑ ɔ ]_w
[_w ɑ w ɑ l ɑ ]_w
[_w ɣ ɑ r ɑ m u ]_w
[_w m t u m w ɑ ]_w
[_w b ɑ k ɛ ]_w
[_w k i s ɑ dʒ i l i ]_w
[_w m p u ᵑɡ ɑ ]_w
[_w m ɑ n t i k i ]_w
[_w i l i i t w ɑ ]_w
[_w n ɑ b ɛ ⁿd ɑ ]_w
[_w s ɛ r ɑ ]_w
[_w k ɔ ɡ u r j ɛ ɔ ]_w
[_w z ɑ w ɑ ]_w
[_w w ɑ k r i p ɑ n ]_w
[_w h ɑ i k u w ɑ ]_w
[_w h u w ɛ s ɛ ]_w
[_w m ɑ ɛ ⁿd ɛ ]_w
[_w k i ɛ l i m u ]_w
[_w v j ɔ f j ɔ ]_w
[_w m ɑ dʒ u s i ]_w
[_w k u t u m ɛ ]_w
[_w h ɑ ɡ u w ɛ z ɛ ]_w
[_w f u k u f u ]_w
[_w i ʃ i r i ɑ ]_w
[_w ᵐb ɛ j ɑ ]_w
[_w m s u k u ]_w
[_w r i s ɑ z i ]_w
[_w w ɑ f u l ɑ n i ]_w
[_w k i p ɑ ɔ ]_w
[_w k u f i k ɑ ɔ ]_w
[_w z i l ɑ h ɑ dʒ ɑ ]_w
[_w m t i ⁿd ɔ ]_w
[_w k u t ɑ ᵐb u z i ]_w
[_w m ɑ k ɑ n i s i ]_w
[_w i l i ]_w
[_w b ɑ z i f i k ɑ ]_w
[_w m ɑ k u z ɔ m ɑ ]_w
[_w u ɔ ᵑɡ ɔ ]_w
[_w k i f i t ɑ ]_w
[_w ɑ l i s ɑ ]_w
[_w m ɑ dʒ ɑ r i d i ]_w
[_w u ð ɑ m i n i ]_w
[_w i l i k i ]_w
[_w h u j ɔ ]_w
[_w w ɑ i ᵐb ɑ dʒ i ]_w
[_w w ɑ n ɑ tʃ ɛ ʃ i ]_w
[_w t ɑ ɑ l ɑ m ɑ ]_w
[_w t ɔ l ɑ ]_w
[_w i p ɑ z w ɑ ]_w
[_w m ɑ b ɔ ⁿd ɛ ]_w
[_w k i t ɑ k ɑ ]_w
[_w w ɑ k ɑ t i r i ]_w
[_w n ɑ z ɑ b ɑ ]_w
[_w m ɑ ʃ i n ɑ n i ]_w
[_w ɑ k i s ɔ ]_w
[_w n ɔ v ɛ ᵐb ɑ ]_w
[_w k i t ɔ ᵑɡ ɛ ]_w
[_w ⁿd ɛ v u ]_w
[_w u ʃ i r i ɑ ]_w
[_w m ɑ z ɔ ɡ ɔ n i ]_w
[_w k u z u t i ]_w
[_w ɑ l i p ɑ t ɑ ]_w
[_w u f ɑ h ɑ r i ]_w
[_w h ɑ t ɑ r i m ɛ ]_w
[_w u m ɑ ɑ r u f u ]_w
[_w b ɑ r ɑ f ɑ ]_w
[_w ɑ l i p ɛ w ɑ ]_w
[_w k u ɑ ᵑɡ u k ɑ ]_w
[_w w ɑ t u ]_w
[_w w ɑ n ɑ ɛ ]_w
[_w k u t i w ɑ ]_w
[_w ɑ k i l i n i ]_w
[_w ɑ ᵑɡ ɔ l ɑ ]_w
[_w ʃ ɛ r i ɑ ]_w
[_w dʒ u h u t i ]_w
[_w m i l i ɔ n ɑ ]_w
[_w s ɑ w ɑ d i ]_w
[_w u r ɛ f u ]_w
[_w dʒ ɛ n ɑ s i d i ]_w
[_w u l i ɔ k u w ɑ ]_w
[_w k u k ɑ b i l i ]_w
[_w m ɑ ɛ l ɛ z ɔ ]_w
[_w b ɑ r ɔ k i ɑ ]_w
[_w m i d ɔ ]_w
[_w n ɑ m n ɑ ]_w
[_w s i l i s ɔ ]_w
[_w k ɑ ⁿd ɔ ]_w
[_w z i tʃ u i ]_w
[_w m w i ʃ ɔ ]_w
[_w m ɑ b j ɑ ]_w
[_w m t u m i ɛ ]_w
[_w m k ɔ ɑ n i ]_w
[_w dʒ ɑ b ɔ k u w ɑ ]_w
[_w u r ɑ i s ]_w
[_w s i m u ]_w
[_w v i s i w ɛ ]_w
[_w u d ɑ i f ɑ ]_w
[_w p ɛ ⁿd i ]_w
[_w m i n n ɛ ]_w
[_w n ɑ z ɑ ]_w
[_w m t ɑ ɑ l ɑ m ɑ ]_w
[_w m z ɑ i d i ɑ ]_w
[_w w ɑ z u ᵑɡ u ]_w
[_w f u l ɑ n i ]_w
[_w i w ɑ b ɔ ]_w
[_w w ɑ dʒ i n ɑ ]_w
[_w h u d u m i ʃ i ]_w
[_w m ɔ z ɛ ]_w
[_w m w ɑ k ɔ ]_w
[_w ⁿd i p ɔ ]_w
[_w ᵑɡ ɔ m ɛ ]_w
[_w m ɑ k ɑ s i ]_w
[_w ɑ l i j ɔ m ɔ ]_w
[_w ɑ k ɑ dʒ i ]_w
[_w j ɔ r t ɑ n i ]_w
[_w ɑ z i l i m i ɑ ]_w
[_w k w ɑ k u p w ɑ ]_w
[_w k i w ɑ ᵑɡ ɔ ]_w
[_w k u h u z u n i ]_w
[_w w i s i ]_w
[_w k ɑ u l i ]_w
[_w l ɛ ɲ ɛ ]_w
[_w u u z ɑ ]_w
[_w k u ɔ ⁿd ɔ ɑ ]_w
[_w w ɑ l i w ɛ z ɑ ]_w
[_w z ɑ f i r i ]_w
[_w m i ʃ ɛ n i ]_w
[_w k ɑ p ɔ n i ]_w
[_w u b i l i ]_w
[_w v i k u b w ɑ ]_w
[_w w ɛ ⁿz ɑ k ɔ ]_w
[_w k u s t ɑ w i ]_w
[_w k ɑ z i ]_w
[_w ɑ s i d ɔ ]_w
[_w p ɑ l i ]_w
[_w v i k u m u ]_w
[_w u s ɛ ɛ ]_w
[_w h i v ɑ θ i ]_w
[_w k ɑ m p ɑ s i ]_w
[_w m ɑ dʒ ɑ ]_w
[_w i n ɑ t ɔ ɑ ]_w
[_w k i s ɑ z i ]_w
[_w k i f ɑ ɲ ɑ ]_w
[_w ʃ ɑ i r i ]_w
[_w h ɔ d ɛ l i ]_w
[_w ⁿd ɔ k ɔ ]_w
[_w m i k ɔ ɡ ɔ r ɔ ]_w
[_w m i ɑ ᵐb ɑ ]_w
[_w m k u d ɑ t ɑ ]_w
[_w s ɔ t ɛ ]_w
[_w m ɑ n ɑ ]_w
[_w w ɛ ⁿz ɑ k ɛ ]_w
[_w s ɛ m ɑ ]_w
[_w n ɔ f ɛ ᵐb ɑ ]_w
[_w m u ɑ ⁿd i ʃ i ]_w
[_w ɑ k i ɔ ᵑɡ ɔ z ɑ ]_w
[_w h ɑ i n ɑ ]_w
[_w k i w ɛ m ɔ ]_w
[_w t i n i ]_w
[_w tʃ u u ]_w
[_w w ɑ k ɑ ɑ ]_w
[_w w ɛ n u ]_w
[_w f i k ɑ ]_w
[_w r ɛ l i ]_w
[_w w ɑ d ɛ tʃ ɑ ]_w
[_w k u s ɛ m ɑ ]_w
[_w f i k ɑ l i ]_w
[_w m ɑ b u ᵑɡ u ɑ ]_w
[_w w ɑ m ɑ ]_w
[_w m i ʃ i ]_w
[_w u d ɑ dʒ i ]_w
[_w dʒ ɑ m ɑ i k ɑ ]_w
[_w h i z ɑ p ɑ ]_w
[_w b ɑ p ɛ l i ]_w
[_w h ɑ f i f u t i ]_w
[_w m i ɑ ]_w
[_w m s ɔ m ɑ tʃ i ]_w
[_w k u w ɛ k ɑ ]_w
[_w r ɑ t i p u ]_w
[_w ɑ k ɑ b u ]_w
[_w f ɔ l k ɛ n ɔ ]_w
[_w l i l i k u w ɑ ]_w
[_w t ɑ d ɑ ]_w
[_w ɑ l i dʒ ɛ ᵑɡ ɑ ]_w
[_w w ɑ j ɑ ]_w
[_w m ɑ b ɑ d ɔ ]_w
[_w m w ɑ l i k u ɑ ]_w
[_w s ɑ k ɑ ]_w
[_w v i b ɑ l i ]_w
[_w ɑ l i ɑ dʒ ɑ ]_w
[_w z ɛ l i ]_w
[_w m w ɑ k ɑ ]_w
[_w l ɔ r i ]_w
[_w m ɑ ð ɑ r i ]_w
[_w h ɛ b u ]_w
[_w m ɑ z i ᵑɡ i s ɑ ]_w
[_w v i s i w ɑ ]_w
[_w k u tʃ i f i tʃ ɑ ]_w
[_w v i dʒ i tʃ i ]_w
[_w v ɑ h ɑ m u ]_w
[_w k ɑ ᵐb i ]_w
[_w n ɑ f ɑ ɲ ɛ ]_w
[_w v i p i m ɔ ]_w
[_w s i l i ]_w
[_w ɑ n ɑ tʃ ɛ ʃ i ]_w
[_w m i d i ]_w
[_w ɡ u l i k u w ɑ ]_w
[_w k u f u ᵑɡ w ɑ ]_w
[_w b ɔ ʃ ɔ ]_w
[_w m ɑ l ɑ i ɡ ɑ ]_w
[_w h ɑ w ɛ z ɛ ]_w
[_w m ɑ f u ⁿd i ]_w
[_w w i z i ]_w
[_w m ɛ t ɑ l i i ]_w
[_w v u b i ]_w
[_w t ɛ r ɛ v ɑ ]_w
[_w n ɑ ɛ ]_w
[_w l i l ɛ ]_w
[_w z u p i r i ]_w
[_w u p ɑ ᵑɡ ɑ n i ]_w
[_w m n ɑ ]_w
[_w k u u l i s ɑ ]_w
[_w k u h i t ɑ tʃ i ]_w
[_w d ɑ ᵐb ɑ ɑ ]_w
[_w v i ᵑɡ i ]_w
[_w u k ɔ ᵐb ɛ ]_w
[_w k i dʒ ɑ ɡ ɑ j ɑ ]_w
[_w t u n i ]_w
[_w h ɑ r u z i ]_w
[_w h ɔ d ɛ z i ]_w
[_w m w ɛ n ɛ ⁿd ɔ ]_w
[_w h u n ɑ ]_w
[_w w ɑ d ɔ k ɔ ]_w
[_w f ɔ m u ]_w
[_w k ɑ r u m i ]_w
[_w j ɑ n ɑ j ɔ ]_w
[_w k u r ɑ z ɑ ]_w
[_w m u ᵑɡ u ]_w
[_w n ɑ f j ɔ ]_w
[_w u tʃ ɑ ᵐb u s i ]_w
[_w w ɑ l i v j ɔ ]_w
[_w m t ɑ k u z i ]_w
[_w m ɡ ɑ p ɑ ]_w
[_w dʒ u n i ]_w
[_w k ɔ n ɑ ]_w
[_w m s u ᵑɡ u ]_w
[_w z i n ɛ m ɑ ]_w
[_w m ɑ d u k ɑ ]_w
[_w dʒ ɑ m ɑ ]_w
[_w m ɑ dʒ ɑ ᵐb ɑ z i ]_w
[_w u h u r i ɑ ]_w
[_w w ɑ b u ᵑɡ ɛ ]_w
[_w w ɑ z i ]_w
[_w dʒ i v u ]_w
[_w m w ɔ ᵑɡ ɔ z ɔ ]_w
[_w k i n ɔ ⁿd ɔ n i ]_w
[_w w h i t ɛ ]_w
[_w k ɛ i t ɑ ]_w
[_w f i s i k ɔ ]_w
[_w k i ɑ f j ɑ ]_w
[_w k ɔ ᵑɡ ɑ m ɑ n i ]_w
[_w h u ɑ ⁿz ɑ ]_w
[_w k i z ɑ z i ]_w
[_w v i ᵑɡ i n ɛ ]_w
[_w u w i ⁿd ɑ dʒ i ]_w
[_w k ɔ f i ɑ ]_w
[_w ɑ ᵑɡ ɑ l i ɑ ]_w
[_w f j ɑ ]_w
[_w u dʒ i ᵑɡ ɑ ]_w
[_w ɡ u f ɑ ɲ ɑ ]_w
[_w u z ɑ ]_w
[_w w ɑ w ɛ s ɑ ]_w
[_w b ɑ ɑ d ɑ ɛ ]_w
[_w ʃ ɛ d ɑ n i ]_w
[_w k i v ɑ ɑ ]_w
[_w k u k i r i ]_w
[_w u ɔ ᵑɡ ɔ s i ]_w
[_w w ɑ tʃ ɑ ]_w
[_w m s ɑ f ɑ ]_w
[_w v i l ɑ b u ]_w
[_w m ɑ u ᵑɡ ɑ n ɑ ]_w
[_w m t ɑ ⁿd ɑ ]_w
[_w w ɑ k i ᵐb i z i ]_w
[_w d i k r i i ]_w
[_w m i l ɑ ]_w
[_w u ɔ ᵑɡ ɔ s ɔ ]_w
[_w m ɑ v ɑ s i ]_w
[_w m ɑ ɔ ɲ ɛ ʃ ɑ ]_w
[_w k ɑ s r i ]_w
[_w ɑ l ɑ j h i ]_w
[_w h u w ɛ s i ]_w
[_w m k ɔ ⁿdʒ w ɑ ]_w
[_w ɑ ɡ ɑ tʃ i ]_w
[_w s ɑ ᵐb i ɑ ]_w
[_w tʃ ɑ dʒ i ]_w
[_w w ɑ k ɔ ᵐb ɛ ɑ ]_w
[_w k u dʒ ɔ m ɑ ]_w
[_w ᵐb ɛ k u ]_w
[_w m ɲ i k ɑ ]_w
[_w m i s i m u ]_w
[_w k i tʃ i dʒ i ]_w
[_w m k ɛ ]_w
[_w w i ɡ i ]_w
[_w u p ɔ l ɛ ]_w
[_w w i t ɔ ]_w
[_w ɑ r ð i n i ]_w
[_w m ɑ t ɔ ɑ ]_w
[_w k i k w ɑ ]_w
[_w h i z i ɑ z ɑ ]_w
[_w ɑ l ɡ ɛ r i ɑ ]_w
[_w ɔ n ɛ ]_w
[_w p r ɔ t i n i ]_w
[_w m t u m i ɑ dʒ i ]_w
[_w s ɛ h ɛ m i ɑ ]_w
[_w h u dʒ ɑ ᵑɡ i ɑ ]_w
[_w k w ɛ ɲ ɛ ]_w
[_w w ɛ ɲ ɛ w ɛ ]_w
[_w w ɑ f u ]_w
[_w r ɑ s m i ]_w
[_w d ɑ u t i ]_w
[_w u m ɑ t ɑ n ɔ ]_w
[_w ð i k i ]_w
[_w i k i w ɑ ]_w
[_w p i ⁿd i ]_w
[_w b ɑ u l ɔ ]_w
[_w k u dʒ ɑ t i ]_w
[_w k i r u z i ]_w
[_w h i f j ɔ ]_w
[_w s ɑ f ɑ r i ]_w
[_w m i t ɑ dʒ i ]_w
[_w p ɑ l ɑ ɑ m ]_w
[_w t ɔ k ɔ ]_w
[_w k u i k i s ɔ ]_w
[_w u l i ɔ ]_w
[_w j ɛ j ɔ d ɛ ]_w
[_w ɡ ɑ p i l ɑ ]_w
[_w tʃ ɛ ᵑɡ ɔ ]_w
[_w k ɑ m p ɛ n i ]_w
[_w k u ᵐb u ]_w
[_w m z i dʒ ɑ n i ]_w
[_w z i ⁿd ɑ n ɔ ]_w
[_w m ɑ f u t ɑ ]_w
[_w ᵐb ɔ w ɛ ]_w
[_w u f u k u ]_w
[_w m i l ɛ l ɛ n i ]_w
[_w b i l i ]_w
[_w m ɑ s i d i ]_w
[_w k u t ɑ z ɑ m ɑ ]_w
[_w u s ɑ w ɑ ]_w
[_w k u w ɛ s ɔ ]_w
[_w d ɑ d u ]_w
[_w k i l ɑ b u ]_w
[_w t ɔ j ɔ t ɛ ]_w
[_w w ɛ u z i ]_w
[_w b ɛ n k i ]_w
[_w k u i ᵑɡ i s ɑ ]_w
[_w w ɑ t ɔ d ɔ m ɑ ]_w
[_w x ɑ n ɑ ]_w
[_w ɑ k ɑ n i z i ]_w
[_w dʒ ɛ ɲ ɛ ]_w
[_w i r ɑ ᵐb ɑ ]_w
[_w dʒ ɑ ʃ ɔ ]_w
[_w u h ɑ l ɑ f u ]_w
[_w k u l i m i ɑ ]_w
[_w m ɑ m ɑ ]_w
[_w ᵐb i ɔ ]_w
[_w ɲ ɔ t ɛ ]_w
[_w p ɛ ⁿd ɛ k ɛ ]_w
[_w v u t i ɑ ]_w
[_w k ɑ ɑ ]_w
[_w t u n ɑ s ɛ m ɑ ]_w
[_w j ɑ n ɑ w ɛ z ɑ ]_w
[_w b ɛ z ɑ ]_w
[_w u t ɛ t ɛ ɑ ]_w
[_w h u m u ]_w
[_w m i d ɑ n ɔ ]_w
[_w k ɑ r ɑ ]_w
[_w v i s u r i ]_w
[_w u p ɑ ɔ ]_w
[_w m ɑ t ɑ m ʃ i ]_w
[_w n ɑ i b u ]_w
[_w f i s ɑ ]_w
[_w tʃ ɑ r i p u ]_w
[_w u s i t ɔ ]_w
[_w w ɑ t ɑ w ɑ ]_w
[_w w ɑ k ɑ dʒ ɑ ]_w
[_w z i t ɑ k ɑ ]_w
[_w u d ɑ w ɑ ]_w
[_w k i t u ]_w
[_w m k u m u ]_w
[_w ⁿd i b ɔ ]_w
[_w k u tʃ ɑ ɑ ]_w
[_w k ɔ ᵐb ɛ ]_w
[_w m ɑ ɔ v u ]_w
[_w k ɑ s ɛ t i ]_w
[_w u t u l i f u ]_w
[_w f u f u ]_w
[_w ᵐb u z i ]_w
[_w k i ɔ ᵑɡ ɔ z ɑ ]_w
[_w u n ɑ w ɛ s ɑ ]_w
[_w b ɑ i n i ]_w
[_w b ɛ ⁿd ɛ k ɛ ]_w
[_w ɡ i u ᵑɡ ɔ ]_w
[_w m w ɑ ⁿz ɑ ]_w
[_w k u l i p w ɑ ]_w
[_w k u p i d ɑ ]_w
[_w tʃ i l ɛ ]_w
[_w w ɑ ɔ ]_w
[_w ɑ l i tʃ ɔ d ɔ ]_w
[_w d ɑ f i d i ɑ ]_w
[_w dʒ u u ]_w
[_w k i s ɑ ]_w
[_w k u f u t i ]_w
[_w p ɑ z i b ɔ ]_w
[_w k ɑ ð ɑ l i ]_w
[_w f i ɔ ᵑɡ ɔ n i ]_w
[_w ᵐb u s i ]_w
[_w w ɑ b j ɑ ]_w
[_w w ɑ v u ᵑɡ w ɑ ]_w
[_w t ɑ w ɑ ]_w
[_w t u ɡ u f u ]_w
[_w m ɑ tʃ u z i ]_w
[_w t u t u ]_w
[_w ʃ i r i k i ]_w
[_w ɲ ɛ u p ɛ ]_w
[_w m n ɑ j ɔ ]_w
[_w m ɑ t u m i ɑ ]_w
[_w h u s i k ɑ ]_w
[_w ɑ k ɑ ɛ ⁿd ɑ ]_w
[_w s ɑ h i h i ]_w
[_w dʒ ɑ d ɛ m ɑ ]_w
[_w m ɑ d ɔ ɡ ɔ ]_w
[_w ⁿd i k ɔ ]_w
[_w m ɑ d ɛ ⁿd ɑ tʃ i ]_w
[_w k ɑ h ɑ m u ]_w
[_w m ɑ ð u m u n i ]_w
[_w h ɑ f i v u ]_w
[_w l i n ɑ w ɛ z i ]_w
[_w m i t ɑ ɑ ]_w
[_w w ɑ k ɑ n ɔ ]_w
[_w u k u m ɔ ]_w
[_w m ɑ dʒ u ᵑɡ ɑ tʃ i ]_w
[_w u b ɑ d i l i ]_w
[_w m ɛ z ɑ ]_w
[_w m ɑ z u ɑ tʃ i ]_w
[_w k u tʃ ɔ r ɑ dʒ i ]_w
[_w k i ɡ ɔ z i ]_w
[_w k u f u t ɑ ]_w
[_w r ɑ m ɑ n i ]_w
[_w k ɑ r u m ɛ ]_w
[_w ɲ u z i ]_w
[_w w ɑ l ɛ ᵑɡ ɑ ]_w
[_w k u p i ɡ ɑ n ɔ ]_w
[_w b ɑ l ɑ ɑ m ]_w
[_w ɑ m ɛ s ɛ m ɑ ]_w
[_w m k w ɑ w ɑ ]_w
[_w z i f j ɔ ]_w
[_w k u ʃ i ⁿd w ɑ ]_w
[_w b ɑ l d i k i ]_w
[_w k i k ɔ m ɑ ]_w
[_w m ɑ k t ɑ r i ]_w
[_w k i t i ]_w
[_w d ɑ w ɑ l ɑ ]_w
[_w w ɑ l i k u w ɑ ]_w
[_w k ɑ b u ]_w
[_w w ɑ t ɑ l i ]_w
[_w h ɑ w ɑ t i ]_w
[_w ᶬv i r i ᵑɡ ɔ ]_w
[_w l i t ɑ k u w ɑ ]_w
[_w k u k u p ɑ ᵑɡ ɑ ]_w
[_w k ɑ l ɛ ⁿd ɔ ]_w
[_w l i b ɔ ]_w
[_w ɡ w ɑ ᵑɡ u ]_w
[_w i n ɑ s i ]_w
[_w k i l i m ɑ ]_w
[_w w ɑ k i s ɑ s i ]_w
[_w ɛ l ɛ s ɔ ]_w
[_w k ɔ ⁿd ɔ ɔ ]_w
[_w m f u k ɔ ]_w
[_w p ɛ b ɛ ]_w
[_w n i k ɔ ]_w
[_w f u r u ɡ u ]_w
[_w m z ɑ n i i ]_w
[_w p ɔ ᵐb ɛ ]_w
[_w tʃ ɔ ɔ ]_w
[_w u h ɑ ⁿd i s i ]_w
[_w m ɛ tʃ i ]_w
[_w p ɔ m u ]_w
[_w w ɔ k ɔ v u ]_w
[_w m ɑ r u f u ]_w
[_w w ɑ d ɔ t ɔ ]_w
[_w ᵐb ɔ z i ]_w
[_w k u u ᵑɡ ɑ ]_w
[_w tʃ i b j ɑ ]_w
[_w m ɑ ⁿd ɛ l ɑ ]_w
[_w r u f u m ɑ ]_w
[_w ɡ u f ɑ n ɑ ]_w
[_w w ɑ b ɑ t ɔ ]_w
[_w ɛ n ɛ ɔ ]_w
[_w w ɑ s i r ɑ ]_w
[_w m i tʃ ɛ s ɔ ]_w
[_w k u i n ɛ ɑ ]_w
[_w m i t ɑ ]_w
[_w w ɑ d ɑ u ]_w
[_w ɑ m i n i ]_w
[_w m ɑ ʃ i ⁿd i ]_w
[_w m m ɛ ɑ ]_w
[_w m ɑ r ɛ k ɑ n i ]_w
[_w k u k u u ]_w
[_w k u ɛ l ɛ z ɛ ɑ ]_w
[_w n ɑ ᵐb ɑ r ɑ k ɑ ]_w
[_w k u k u ]_w
[_w w ɑ s i m i ɔ ]_w
[_w k w ɑ ⁿz ɑ ]_w
[_w ⁿdʒ ɑ m ɑ ]_w
[_w s i w ɑ ]_w
[_w ᵐb i ᵑɡ u ]_w
[_w ɲ u s i ]_w
[_w n ɑ p i i ]_w
[_w b ɑ b ɑ ]_w
[_w u d ɛ u z i ]_w
[_w h u k ɔ ]_w
[_w z ɑ n i i ]_w
[_w k ɑ j ɑ ]_w
[_w k u k ɑ d i ]_w
[_w f i t ɛ ⁿd ɔ ]_w
[_w u h ɑ i ]_w
[_w m ɑ b ɑ t ɑ l ɑ ]_w
[_w w ɑ ɡ ɔ ⁿdʒ w ɑ ]_w
[_w k ɑ ð ɑ ]_w
[_w tʃ ɑ dʒ u ]_w
[_w m t i ]_w
[_w p ɑ u l ɔ ]_w
[_w s ɛ t i ]_w
[_w m t ɛ m i ]_w
[_w m ɑ ɑ dʒ ɑ p u ]_w
[_w dʒ i d i h ɑ t ɑ ]_w
[_w ⁿd ɔ k ɔ ⁿd ɔ k ɑ ]_w
[_w tʃ u m ɑ t ɑ ]_w
[_w ʃ u k r ɑ n i ]_w
[_w p ɔ p ɔ d ɛ ]_w
[_w k i b ɛ k ɛ ɛ ]_w
[_w k u f u ɑ d i ɑ ]_w
[_w k i f u ᵑɡ ɑ ]_w
[_w u n ɑ ]_w
[_w s u ɡ ɑ r ɑ ]_w
[_w n n ɛ ]_w
[_w m f ɑ n ɔ ]_w
[_w k i t ɑ t u ]_w
[_w b ɛ b ɔ n i ]_w
[_w ɲ ɔ ᵑɡ ɛ z ɑ ]_w
[_w m i k ɑ k ɑ ]_w
[_w dʒ ɛ n ɑ s i t i ]_w
[_w u s ɑ f i ʃ ɑ ]_w
[_w m ɑ l k i ɑ ]_w
[_w n u z u ]_w
[_w w ɑ dʒ ɛ s ɑ dʒ i ]_w
[_w z ɑ f u ]_w
[_w n i ᵑɡ ɛ b ɛ ⁿd ɑ ]_w
[_w u p ɔ v u ]_w
[_w m ɑ t u s i ]_w
[_w t u n ɑ z ɛ m ɑ ]_w
[_w d i n i ]_w
[_w h ɔ t u b ɑ ]_w
[_w ɑ l i dʒ i u ᵑɡ ɑ ]_w
[_w m s ɔ m i ]_w
[_w l ɑ s i ]_w
[_w ɑ l i dʒ u k u ɑ ]_w
[_w s ɑ d ɑ ɡ ɑ ]_w
[_w k ɑ b i l ɑ ]_w
[_w m ɑ k ɑ s ɛ t i ]_w
[_w h ɑ j ɔ ]_w
[_w u p ɔ t ɛ ɑ ]_w
[_w m k ɔ n ɔ ]_w
[_w m dʒ u ᵐb ɛ ]_w
[_w m i k u p w ɑ ]_w
[_w b ɑ ɑ ð i ]_w
[_w ᵐb ɔ s i ]_w
[_w m ɛ i ]_w
[_w n ɑ ɲ i ]_w
[_w k w i ʃ ɑ ]_w
[_w h u k u ]_w
[_w m ɛ z ɑ n i ]_w
[_w m ɑ ɔ ᵐb i ]_w
[_w ɣ ɔ r ɔ f ɑ ]_w
[_w v i t i n i ]_w
[_w k i ɡ u p w ɑ ]_w
[_w s ɑ ᵐb ɑ ᵐb ɑ ]_w
[_w w ɑ s i ]_w
[_w r ɑ s i m i ɔ ]_w
[_w u t ɔ ᵑɡ ɔ dʒ i ]_w
[_w h ɑ w ɑ w ɛ z i ]_w
[_w n ɛ ⁿd ɑ ]_w
[_w m l i m ɑ n i ]_w
[_w k i k ɑ p u r i ]_w
[_w m ɑ tʃ u k u ɑ ]_w
[_w k u r ɑ s ɑ ]_w
[_w v i s i k i ɑ ]_w
[_w u k ɑ w ɑ ]_w
[_w k i f u b ɑ ]_w
[_w p ɔ m ɑ ]_w
[_w m ɑ ⁿdʒ ɑ n ɔ ]_w
[_w z ɔ m ɔ ]_w
[_w v i l i f j ɔ ]_w
[_w m u m ɛ ]_w
[_w h ɑ r ɑ k ɑ ]_w
[_w t ɔ r ɔ n t ɔ ]_w
[_w v i d ɔ k ɔ ]_w
[_w k u t i p i w ɑ ]_w
[_w k u t ɔ k ɛ ɔ ]_w
[_w m ɑ tʃ u ᵐb ɑ ]_w
[_w p ɛ z ɛ n i ]_w
[_w n i m ɛ k u w ɑ ]_w
[_w k u u ⁿd w ɑ ]_w
[_w h ɑ d u w ɛ s i ]_w
[_w i k u l u ]_w
[_w b ɑ dʒ ɛ t i ]_w
[_w u tʃ ɑ f u z i ]_w
[_w t i f ɑ i ]_w
[_w ɑ k i s ɑ z i ]_w
[_w k u tʃ ɛ ᵑɡ ɑ ]_w
[_w m i b ɑ ᵑɡ ɔ ]_w
[_w m i k u t ɑ k ɑ ]_w
[_w b ɑ r ɑ k ɑ ]_w
[_w m ɑ dʒ i ᵐb ɑ ]_w
[_w t u k u f u t i ]_w
[_w z ɑ u t i ]_w
[_w u tʃ ɑ k u ɑ ]_w
[_w u z w i d i ]_w
[_w m k u b w ɑ ]_w
[_w k u ɑ ɡ i s ɑ ]_w
[_w m ɑ h i ⁿd i ]_w
[_w v i z u r i ]_w
[_w m ɑ dʒ i r ɑ ]_w
[_w m l ɑ ᵑɡ ɔ ]_w
[_w k i r ɑ i ɑ ]_w
[_w i t ɑ r ɑ tʃ ɑ ]_w
[_w k ɑ b l ɑ ]_w
[_w j ɑ k ɛ ]_w
[_w n i t ɑ ɡ ɑ ]_w
[_w w ɑ k r i s t ɔ ]_w
[_w n tʃ i n i ]_w
[_w t ɔ p ɑ ]_w
[_w r ɛ f u ]_w
[_w s i ᵐb ɑ b w ɛ ]_w
[_w m l ɛ s i ]_w
[_w b i z ɑ n i ]_w
[_w i b ɑ d ɑ n ɔ ]_w
[_w i t ɑ d i s ɔ ]_w
[_w l i n ɑ ]_w
[_w u p u u z i ]_w
[_w r ɔ h ɔ n i ]_w
[_w f i n ɑ w ɛ z i ]_w
[_w n ɑ tʃ u ɑ ]_w
[_w ⁿz u r i ]_w
[_w l i ʃ ɛ ]_w
[_w i z i j ɔ ]_w
[_w s i ɔ ]_w
[_w m ɑ ð ɑ j ɔ ]_w
[_w m ɑ tʃ ɑ ᵐb ɑ s ɑ ]_w
[_w p ɛ ⁿd ɛ l ɛ f u ]_w
[_w k u s t ɑ n i ]_w
[_w ɑ k i w ɑ ]_w
[_w m ɑ d i n i ]_w
[_w ⁿd i ɔ ]_w
[_w ⁿd ɔ ɡ ɔ ]_w
[_w m ɑ z ɑ h ɑ b u ]_w
[_w ɑ n ɑ v ɑ ɲ ɑ ]_w
[_w ʃ ɑ k ɑ ]_w
[_w k i dʒ i dʒ i n i ]_w
[_w f i w ɑ ⁿd ɑ n i ]_w
[_w j ɑ ᵑɡ ɑ ]_w
[_w ɲ ɑ n i ]_w
[_w dʒ i b u ]_w
[_w m i z i ᵑɡ i ]_w
[_w ɔ ɲ ɛ ʃ ɔ ]_w
[_w m p ɑ n ɑ ]_w
[_w u ɛ ⁿd ɛ l ɛ ɑ ]_w
[_w u t ɑ k ɑ ]_w
[_w b i b l i ɑ ]_w
[_w ɑ n ɑ d ɑ m ʃ i ]_w
[_w θ i t i ]_w
[_w k ɑ n u n u ɑ ]_w
[_w w ɑ ɑ ⁿd i k ɔ ]_w
[_w dʒ u k u ɑ ]_w
[_w s u d i ]_w
[_w k u i ʃ i ɑ ]_w
[_w u n ɑ p i i ]_w
[_w ɡ ɔ r ɔ ]_w
[_w k u ɑ dʒ ɑ ]_w
[_w m ɑ ʃ i m ɔ ]_w
[_w u h u z i k i ɔ ]_w
[_w v i b ɑ ⁿd ɛ ]_w
[_w z u t i ]_w
[_w m ɔ tʃ ɑ ]_w
[_w v u p i ]_w
[_w u h u z u n i ]_w
[_w n ɑ z ɑ p ɑ b u ]_w
[_w ɑ k i s ɑ ]_w
[_w k ɑ s i ]_w
[_w m r ɑ d i ɔ ]_w
[_w ɑ f r i k ɑ ]_w
[_w k u h u s u ]_w
[_w tʃ u m ɑ b i l ɑ ]_w
[_w i ɡ i w ɛ m ɔ ]_w
[_w h ɑ θ i ]_w
[_w u p j ɑ ]_w
[_w t ɑ p ɔ r ɑ ]_w
[_w t ɑ f i t i ]_w
[_w s p i k ɑ ]_w
[_w k u t ɑ i ]_w
[_w k w ɑ ɡ ɔ ]_w
[_w i p i ]_w
[_w ɑ n n ɛ ]_w
[_w w ɑ l i k u f ɑ ]_w
[_w m ɑ t ɔ k ɛ ɑ ]_w
[_w u f u b i ]_w
[_w m ɑ d ɛ z ɔ ]_w
[_w p ɑ h ɑ r i b u ]_w
[_w p r ɔ k r ɑ m u ]_w
[_w k u d ɑ n ɔ ]_w
[_w t ɑ ɑ ]_w
[_w j ɔ t ɛ ]_w
[_w ɑ m ɛ k u w ɑ ]_w
[_w h ɑ t i m ɑ j ɑ ]_w
[_w k ɔ d ɛ ]_w
[_w t ɑ r ɑ ]_w
[_w u l i ɔ p i t ɑ ]_w
[_w u d ɔ t ɔ ]_w
[_w n i k ɛ r i ɑ ]_w
[_w ɛ p ɑ ]_w
[_w m ɑ d u s i ]_w
[_w l i p i ]_w
[_w s i w ɛ z i ]_w
[_w k u s ɑ m ɑ n i ]_w
[_w u s k ɔ d i ]_w
[_w k u t ɔ l ɛ ]_w
[_w ɑ l i tʃ ɛ ᵑɡ w ɑ ]_w
[_w dʒ i t i h ɑ n i ]_w
[_w k i r ɑ f i k i ]_w
[_w u t ɑ ɔ n ɑ ]_w
[_w m ɑ l i ɑ ]_w
[_w m d ɔ ]_w
[_w u l i m w ɛ ᵑɡ u ]_w
[_w t ɑ p i t i ]_w
[_w m ɑ z ɔ ɛ z i ]_w
[_w m s ɑ n i v u ]_w
[_w k ɑ f ɑ n ɑ ]_w
[_w s i j ɔ ]_w
[_w dʒ u ᵐb ɑ n i ]_w
[_w m ɑ t ɔ p ɛ ]_w
[_w ð ɛ l ɑ ð i n i ]_w
[_w u t ɑ w ɑ ]_w
[_w z i k u ]_w
[_w r ɑ z i m u ]_w
[_w tʃ i k ɔ n ɔ ]_w
[_w u k ɑ m ɑ ]_w
[_w u t ɔ t ɔ n i ]_w
[_w u w i ⁿd ɑ tʃ i ]_w
[_w i l i j ɔ p ɔ ]_w
[_w b ɑ dʒ ɛ d i ]_w
[_w tʃ ɛ l z ɛ ɑ ]_w
[_w u t u ⁿz ɑ dʒ i ]_w
[_w w ɑ f ɑ ɲ ɑ ]_w
[_w h ɛ k t ɑ ]_w
[_w ð ɑ m i r ɑ ]_w
[_w m t w ɑ r ɑ ]_w
[_w ⁿdʒ ɛ m ɑ ]_w
[_w ʃ i ɲ ɑ ᵑɡ ɑ ]_w
[_w dʒ ɛ t w ɑ l i ]_w
[_w k u ɛ n ɛ ɑ ]_w
[_w m ɡ ɑ z i ]_w
[_w k u p ɛ b ɔ n i ]_w
[_w f i p i ⁿd i ]_w
[_w m w ɑ ]_w
[_w m ɑ d ɑ t u ]_w
[_w h u j ɑ t ɑ k ɑ ]_w
[_w k u tʃ i f u ]_w
[_w w ɑ t ɑ b ɑ k ɑ ]_w
[_w z ɑ ᵐb ɑ s ɔ ]_w
[_w m dʒ ɑ ᵑɡ ɔ ]_w
[_w ɛ l f u ]_w
[_w u r ɑ i z i ]_w
[_w t u u ]_w
[_w v j ɔ t ɛ ]_w
[_w m ɑ p ɑ t ɑ ɔ ]_w
[_w i n ɑ b ɑ s i ]_w
[_w k u d ɔ k ɑ ]_w
[_w ɑ dʒ ɛ ]_w
[_w m t ɑ ɑ ]_w
[_w s ɛ k u ⁿd u ]_w
[_w tʃ ɑ ᵑɡ ɑ m ɔ t ɔ ]_w
[_w m ɑ s ɑ f i ]_w
[_w ɑ θ i r i ]_w
[_w k u z ɑ f i ]_w
[_w s t ɑ r i ]_w
[_w ʃ u l ɛ ]_w
[_w h u i ʃ i ɑ ]_w
[_w k u l i b ɑ d ɑ ]_w
[_w h ɑ j ɑ w ɛ ]_w
[_w ɑ s k ɔ v u ]_w
[_w w ɑ t ɛ dʒ ɑ ]_w
[_w j ɑ w ɛ z ɛ ʃ ɑ ]_w
[_w k u h u z i k ɑ ]_w
[_w u l ɑ j ɑ ]_w
[_w m ɑ n ɔ w ɑ r i ]_w
[_w ɑ s ɑ n t i ]_w
[_w j ɛ z u ]_w
[_w u h u r i ]_w
[_w t ɑ dʒ i ]_w
[_w k u tʃ ɔ m ɑ ]_w
[_w u f ɑ ð i ]_w
[_w k u ɔ ᵑɡ ɛ ɑ ]_w
[_w ɡ u ɔ ɑ ]_w
[_w m ɑ s i w ɑ n i ]_w
[_w u b ɑ k i ]_w
[_w m i ɔ ᵑɡ ɔ s i ]_w
[_w p l ɔ ɡ u ]_w
[_w m ɔ i ]_w
[_w m ɑ ᵐb ɔ ]_w
[_w v ɑ ð i l i ]_w
[_w m ɑ m i ɑ ]_w
[_w k i l i m i ]_w
[_w s i ɑ r ɑ ]_w
[_w k i r ɑ h i s i ]_w
[_w ᵑɡ ɑ s i ]_w
[_w h ɛ z ɑ p u ]_w
[_w m d ɔ m ɔ ]_w
[_w k i ɑ z i ]_w
[_w w ɑ r ɛ n ɔ ]_w
[_w ɡ w ɑ ᵐb ɑ ]_w
[_w k u t ɛ ⁿd ɑ dʒ i ]_w
[_w m ɑ w ɑ s i w ɑ ]_w
[_w k i p ɑ ]_w
[_w k u t ɛ d ɛ ɑ ]_w
[_w u dʒ ɑ s ɑ ]_w
[_w w ɑ k ɑ z ɛ t i ]_w
[_w m ɑ n ɔ ]_w
[_w w ɑ ɡ i ᵐb i s i ]_w
[_w w ɑ k r i b ɑ n ]_w
[_w i w ɛ ]_w
[_w b i m ɑ ]_w
[_w ɑ s i j ɛ ]_w
[_w tʃ i k ɛ ]_w
[_w m i ɔ ᵑɡ ɔ z ɔ ]_w
[_w m ɑ t ɔ l i ɡ i ]_w
[_w s i t ɑ k u w ɑ ]_w
[_w p i t i ʃ ɑ ]_w
[_w m ɛ r u ]_w
[_w m ɑ z ɑ ɑ ]_w
[_w m u tʃ i b u ]_w
[_w k l ɑ b u ]_w
[_w ᵐb ɔ l ɛ ɑ ]_w
[_w u ʃ i ⁿd w ɑ ]_w
[_w w ɑ p u ᵑɡ ɛ ]_w
[_w b ɑ n ɑ m ɑ ]_w
[_w k u t ɛ ⁿd ɑ tʃ i ]_w
[_w m ɑ ʃ i d ɑ k ɑ ]_w
[_w j ɛ ɲ ɛ ]_w
[_w m w ɛ ⁿz i ɔ ]_w
[_w k ɔ tʃ ɑ ]_w
[_w ɛ ⁿd ɛ l ɛ ɑ ]_w
[_w u m ɔ dʒ ɑ ]_w
[_w t ɑ r ɑ z ɑ ]_w
[_w m z ɛ ɛ ]_w
[_w b ɔ l i z i ]_w
[_w ɑ n ɑ t ɔ k ɑ ]_w
[_w v ɑ r ɑ z ɑ ]_w
[_w ɑ d ɑ k i ]_w
[_w k ɑ n u n i ]_w
[_w f i p ɛ ᵑɡ ɛ l ɛ ]_w
[_w k ɑ p i l i ]_w
[_w z ɛ n t ɛ n s i ]_w
[_w u k ɑ m ɛ ]_w
[_w w ɑ ɑ m i n i ]_w
[_w h ɑ k i ]_w
[_w h u i ʃ i ]_w
[_w k ɑ i s ɑ r i ]_w
[_w u l ɛ f j ɑ ]_w
[_w k ɑ h ɑ w ɑ ]_w
[_w ɑ r ɔ p ɑ i n ɑ ]_w
[_w m ɑ tʃ ɛ r ɑ h ɑ ]_w
[_w h ɑ i t ɔ ʃ i ]_w
[_w ŋ ɑ ᵐb ɔ ]_w
[_w m t ɑ ɑ n i ]_w
[_w dʒ ɛ ɔ ]_w
[_w m ɑ t ɑ k u s ɔ ]_w
[_w i n t ɑ n ɛ t i ]_w
[_w t ɛ n ɑ ]_w
[_w i l i t ɔ k ɛ ɑ ]_w
[_w m ɑ dʒ u ᵑɡ ɑ dʒ i ]_w
[_w l i k ɑ d i p ɑ ]_w
[_w s i ɑ t ɑ ]_w
[_w m ɡ u u ]_w
[_w t u ɑ ⁿz ɛ ]_w
[_w p ɑ t r i ]_w
[_w w ɑ s ɑ z i ]_w
[_w h ɑ b ɑ r ɑ p ɑ ]_w
[_w n ɑ d ɑ m u ]_w
[_w h u f ɑ ɲ ɑ ]_w
[_w m s i m ɑ m ɔ ]_w
[_w v i l ɛ f i l ɛ ]_w
[_w tʃ ɔ t ɔ ]_w
[_w m ɑ f u ⁿz i ]_w
[_w k u t ɛ ⁿd ɑ ]_w
[_w k ɑ t i b ɑ ]_w
[_w θ ɑ h ɑ p ɑ ]_w
[_w ð ɑ r u r ɑ ]_w
[_w ð ɑ h i r i ]_w
[_w m ɑ ɑ l u m ɑ ]_w
[_w ɲ ɑ ⁿdʒ ɑ ]_w
[_w tʃ u k i ]_w
[_w u t u ]_w
[_w u d u r u r u ]_w
[_w m z u ᵐb i dʒ i ]_w
[_w m i k ɔ n i ]_w
[_w k i f ɑ l m ɛ ]_w
[_w z ɑ f ɑ r ɑ ]_w
[_w w ɑ n ɑ z ɛ m ɑ ]_w
[_w w ɑ k ɑ ɑ ⁿz ɑ ]_w
[_w m ɑ l i s i l ɔ ]_w
[_w p ɑ ɑ θ i ]_w
[_w ɑ tʃ ɑ l i ]_w
[_w u l i k u w ɑ ]_w
[_w dʒ u k i ]_w
[_w k ɔ r ɔ ʃ ɔ ]_w
[_w z ɛ r ɛ ᵑɡ ɛ d i ]_w
[_w dʒ ɑ ɡ u ɔ ]_w
[_w m w ɑ n ɑ j ɔ ]_w
[_w s i t t ɔ ]_w
[_w k u tʃ i ɑ ⁿd ɑ ɑ ]_w
[_w m w ɑ k ɑ tʃ i ]_w
[_w ɑ l i s i ]_w
[_w w ɑ t ɛ ⁿd ɔ ]_w
[_w k u n u n u s i ]_w
[_w u ɑ t i l i ]_w
[_w k i s ɑ dʒ i ]_w
[_w k u h ɔ dʒ i ]_w
[_w m ɑ u d i ]_w
[_w k i u v u ⁿd i ]_w
[_w m ɑ k ɑ n i ]_w
[_w b ɛ d r ɔ l i ]_w
[_w t u w ɛ z i ]_w
[_w k i f u p i ]_w
[_w z ɑ n ɑ ]_w
[_w t ɔ v ɑ u t i ]_w
[_w m u ɑ f ɑ k ɑ ]_w
[_w w ɑ tʃ u ᵐb ɑ ]_w
[_w j ɑ l i k ɑ ɑ ]_w
[_w u ʃ i ⁿd ɑ n ɔ ]_w
[_w t ɑ f ɑ θ ɑ l i ]_w
[_w k i b ɑ ɔ ]_w
[_w ɑ l i w ɛ k ɑ ]_w
[_w m i tʃ i n i ]_w
[_w w ɑ dʒ u i ]_w
[_w u dʒ u m i ]_w
[_w k i s ɑ n i i ]_w
[_w ɑ k i s ɑ z ɑ ]_w
[_w t i b ɑ ]_w
[_w m k ɑ k ɑ t i ]_w
[_w m ɑ b ɑ k ɛ ]_w
[_w m k ɑ z i ]_w
[_w u s i k i w ɑ ]_w
[_w w ɑ b u ᵑɡ ɛ n i ]_w
[_w w ɑ k i z ɛ m ɑ ]_w
[_w p ɑ t ɔ ]_w
[_w p ɑ t r ɛ ]_w
[_w n i k ɑ z i ]_w
[_w k u h u z u ]_w
[_w d ɑ f ɑ ð i ]_w
[_w i l ɛ ]_w
[_w m ɛ n ɛ dʒ ɑ ]_w
[_w i n ɑ j ɔ ]_w
[_w u m ɔ tʃ ɑ ]_w
[_w n i l ɛ ]_w
[_w u f u ᵐb u s i ]_w
[_w z ɑ l ɑ ɑ m ]_w
[_w n ɑ ᵐb ɑ ]_w
[_w k u b ɑ k i ]_w
[_w m ɑ t ɑ i ]_w
[_w m w ɛ ⁿz ɛ t u ]_w
[_w ɑ l i z ɑ ]_w
[_w h u w ɑ ]_w
[_w z ɛ k u ⁿd u ]_w
[_w k w ɑ ᵑɡ u ]_w
[_w ɡ u i ᵑɡ i l i ɑ ]_w
[_w m ɑ dʒ ɛ ʃ i ]_w
[_w p i d ɑ ]_w
[_w h u z i ʃ ɑ ]_w
[_w v ɑ m i l i m ɑ ]_w
[_w k u d u m i ɑ ]_w
[_w r ɑ h i s ɑ ]_w
[_w m i dʒ ɛ z ɔ ]_w
[_w s ɑ b ɑ ]_w
[_w u b u ᵑɡ u f u ]_w
[_w b i s ɑ n i v u ]_w
[_w k u u ɑ ]_w
[_w m i k ɔ ɑ ]_w
[_w ᶬv u k ɛ ]_w
[_w m ɑ r i ɑ ]_w
[_w u z w i s i ]_w
[_w v i k ɛ z ɔ ]_w
[_w m ʃ i ⁿd i ]_w
[_w z ɛ m ɑ ]_w
[_w v i ɔ ᵑɡ ɔ s ɑ ]_w
[_w v i ɛ n n ɑ ]_w
[_w k i d ɑ k u s i ]_w
[_w m ɑ b ɔ m u ]_w
[_w k u ð ɑ n i ]_w
[_w w ɑ n ɑ j ɛ ]_w
[_w k i z i w ɛ z ɑ ]_w
[_w k ɑ k ɑ t ɔ ]_w
[_w k u m i l i ]_w
[_w r u n i ᵑɡ ɑ ]_w
[_w ɑ t u i ]_w
[_w d ɑ r ɑ dʒ ɑ ]_w
[_w m ɑ b i ⁿd u s i ]_w
[_w b i ð ɑ ɑ ]_w
[_w k u t i ɑ ]_w
[_w p i θ ɑ ɑ ]_w
[_w w ɑ dʒ ɑ ᵑɡ ɑ ]_w
[_w v i ɑ s i l i ]_w
[_w j ɑ m ɛ k u w ɑ ]_w
[_w u tʃ ɑ f u ]_w
[_w l ɛ ɛ ]_w
[_w m ɑ p ɑ t ɑ ]_w
[_w u b u u s i ]_w
[_w k i t u m i ɑ ]_w
[_w m ʃ ɑ ᵑɡ ɑ z i ]_w
[_w d u n i ɑ ]_w
[_w u ᵑɡ ɑ ]_w
[_w m s i k i ɔ ]_w
[_w k ɑ n u n u s i ]_w
[_w ɑ s ɑ l ɛ ⁿd ɑ ]_w
[_w k u b ɑ ᵐb ɑ ]_w
[_w z ɑ w ɑ s ɑ s i ]_w
[_w v i p j ɑ ]_w
[_w ʃ u dʒ ɑ ɑ ]_w
[_w w ɑ k i ᵐb i ɑ ]_w
[_w k u f i k i ]_w
[_w p ɑ ɑ t ɑ ]_w
[_w v u k u ]_w
[_w w ɑ ɡ ɛ ]_w
[_w r i w ɑ j ɑ ]_w
[_w i l i j ɔ ]_w
[_w v j ɛ t u ]_w
[_w w ɑ l i t ɑ i ]_w
[_w dʒ ɛ ᵑɡ ɔ ]_w
[_w k u tʃ i ɡ i ᵑɡ ɑ ]_w
[_w k u ᵐb ɛ ]_w
[_w l ɛ z ɛ ɑ ]_w
[_w ɑ s i l i m i ɑ ]_w
[_w w ɑ n ɑ dʒ u ɑ ]_w
[_w h ɔ ᵑɡ ɛ r ɑ ]_w
[_w z ɛ k ɔ ]_w
[_w l u ɡ u k i r i ]_w
[_w i dʒ u m ɑ ]_w
[_w k ɑ m p ɑ z i ]_w
[_w h ɔ d u b ɑ ]_w
[_w m ɑ s ɔ ɡ ɔ ]_w
[_w w ɑ ᵑɡ u ]_w
[_w k w ɑ ᵐb ɑ ɔ ]_w
[_w p ɛ ⁿd ɛ r ɑ ]_w
[_w m ɑ dʒ ɑ ᵐb ɑ z ɔ ]_w
[_w u ɛ n ɛ ɑ ]_w
[_w t ɔ k ɛ ɑ ]_w
[_w k u z ɑ ]_w
[_w ɑ dʒ i r ɑ ]_w
[_w k i ᵑɡ i n ɛ j ɔ ]_w
[_w h i ɑ r i ]_w
[_w d ɑ i m ɑ ]_w
[_w i ⁿdʒ i l i ]_w
[_w k i d i n ɑ ]_w
[_w u ɡ ɔ ]_w
[_w k i p ɑ t ɑ ]_w
[_w u f u ᵑɡ u ]_w
[_w m w ɑ i ]_w
[_w h u ɑ m i n i ]_w
[_w l ɔ l ɔ ᵑɡ ɔ ]_w
[_w ɑ ð ɑ r i ɑ ]_w
[_w b i n t i ]_w
[_w ɡ u z ɛ m ɑ ]_w
[_w ɲ ɛ b ɛ z i ]_w
[_w b ɑ r ɑ n i ]_w
[_w h u ɑ ð i r ɑ ]_w
[_w k ɑ ᵐb ɑ r i ]_w
[_w i b ɑ t ɔ ]_w
[_w ɑ m ɑ ]_w
[_w j ɑ l i k u w ɑ ]_w
[_w m i s ɛ ᵑɡ ɔ ]_w
[_w m ɑ tʃ ɑ ᵐb ɑ z ɑ ]_w
[_w b ɑ h ɑ r ɑ ]_w
[_w k ɑ b ɔ ]_w
[_w b ɔ l ɛ b ɔ l ɛ ]_w
[_w m dʒ ɛ z ɑ dʒ i ]_w
[_w v i b j ɑ ]_w
[_w m l i m ɑ ]_w
[_w m k ɑ z i n i ]_w
[_w i p ɑ d ɑ ]_w
[_w w ɑ l i k u ɑ ]_w
[_w j u b ɔ ]_w
[_w k i d u ]_w
[_w h u z ɛ m ɑ ]_w
[_w m ɛ l i ]_w
[_w u h ɑ m ɑ ]_w
[_w k ɛ ɔ r ɡ i ɑ ]_w
[_w m s u ᵑɡ u k ɑ ]_w
[_w k u p i d i ]_w
[_w ɑ b i r i ɑ ]_w
[_w tʃ ɑ r i p i ]_w
[_w u tʃ u ᵑɡ u ]_w
[_w u t ɑ b i r i ɑ ]_w
[_w r u f ɑ ɑ ]_w
[_w k i f ɑ ɑ ]_w
[_w m u z i k u ]_w
[_w k i s u ᵑɡ u k ɔ ]_w
[_w u k i t ɑ p u ]_w
[_w l ɛ ɔ ]_w
[_w ʃ u l ɛ n i ɑ ]_w
[_w w ɑ tʃ ɛ ]_w
[_w m ɑ h ɑ l i ]_w
[_w w ɑ ɡ ɑ tʃ ɑ ]_w
[_w k ɑ k ɛ r ɑ ]_w
[_w k u k ɑ t ɑ ]_w
[_w m ɑ t i n i ]_w
[_w n ɑ n ɛ ]_w
[_w h u ᵑɡ ɑ r i ɑ ]_w
[_w n i k i s ɔ ]_w
[_w i m ɑ k ɛ ]_w
[_w k u ɛ p u k ɑ ]_w
[_w ɑ z i ɑ ]_w
[_w m w ɛ n u ]_w
[_w m d ɑ w ɑ l ɑ ]_w
[_w k w ɑ ᵐb ɑ ]_w
[_w v u r s ɑ ]_w
[_w u s k ɔ t i ]_w
[_w s ɛ k ɔ ]_w
[_w u ʃ u h u t i ]_w
[_w ɲ ɑ ⁿd ɑ ]_w
[_w f i b ɑ dʒ i ]_w
[_w u ɡ i r i ]_w
[_w m t w ɑ r ɑ ᵑɡ i ]_w
[_w m ɑ b ɑ ɔ ]_w
[_w p ɑ r ɑ k ɑ ]_w
[_w m u k ɑ b ɛ ]_w
[_w u t ɑ dʒ ɑ ]_w
[_w s ɔ m ɑ ]_w
[_w u f i ᵐb ɛ ]_w
[_w m i dʒ i ]_w
[_w h u tʃ ɑ ᵑɡ i ɑ ]_w
[_w v i k ɑ ɔ n ɑ ]_w
[_w k u tʃ i ᵐb ɑ ]_w
[_w dʒ i w ɛ ]_w
[_w m ɑ d u ɡ i w ɑ ]_w
[_w t ɑ ɡ i k ɑ p ɔ ]_w
[_w k i d ɑ p u ]_w
[_w i s i j ɔ ]_w
[_w i m ɛ p ɑ t ɑ ɔ ]_w
[_w v i z i k i ɔ ]_w
[_w k i u m ɛ ]_w
[_w tʃ u m ɑ p i ʃ ɑ ]_w
[_w v ɔ m u ]_w
[_w v j ɑ k u l ɑ ]_w
[_w ɑ l i z ɛ m ɑ ]_w
[_w m ɑ u t i ]_w
[_w k u t i b i w ɑ ]_w
[_w s i ɑ r ɑ b u ]_w
[_w ɑ ᵑɡ ɑ l ɑ u ]_w
[_w t ɑ n i ]_w
[_w k i l w ɑ ]_w
[_w t u k i ɔ ]_w
[_w u s u ʃ i ]_w
[_w j u t ɑ ]_w
[_w w ɑ r u z i ]_w
[_w k ɑ m u ]_w
[_w k u ɛ ⁿd ɛ l ɛ ɔ ]_w
[_w ʃ ɑ ᵑɡ ɑ s i ]_w
[_w k u dʒ ɑ ]_w
[_w dʒ ɑ ⁿdʒ ɔ ]_w
[_w t ɑ ᵑɡ ɑ ɲ i k ɛ ]_w
[_w u n ɑ ð ɑ n i ]_w
[_w ð ɛ l u dʒ i ]_w
[_w k u ʃ ɔ d ɔ ]_w
[_w m w ɑ n ɑ d ɔ ɑ ]_w
[_w f i z i w ɑ ]_w
[_w k i l ɔ ]_w
[_w k u h i f ɑ θ i ]_w
[_w v j u ᵐb ɑ ]_w
[_w ɑ ð ɑ r ɑ n i ]_w
[_w i t ɑ r ɑ f u ]_w
[_w ʃ ɑ h ɑ r i n i ]_w
[_w v i tʃ i ]_w
[_w m s t ɑ ɑ f u ]_w
[_w k u tʃ ɑ z i r i ]_w
[_w m k ɔ ⁿd ɔ k ɔ ]_w
[_w t ɑ i f ɑ ]_w
[_w p ɑ h ɑ r ɑ ]_w
[_w k i k ɛ ]_w
[_w ɑ k ɔ z ɑ ]_w
[_w h ɑ tʃ u i ]_w
[_w ɑ n h u ]_w
[_w m w i ᵑɡ i ]_w
[_w w ɑ ɡ r i s t ɔ ]_w
[_w d u u ]_w
[_w l ɑ m i ]_w
[_w u t ɑ f i d i ɑ ]_w
[_w k u ɑ dʒ i ]_w
[_w u tʃ ɑ k u s ɔ ]_w
[_w k i s ɑ s ɑ ]_w
[_w i f u ɑ t ɑ ]_w
[_w k u p i t i ]_w
[_w k i k r i s t ɔ ]_w
[_w p i b i ]_w
[_w m i v ɑ n ɔ ]_w
[_w m ɡ ɔ ᵐb ɛ ]_w
[_w h ɑ k i m u ]_w
[_w m k ɔ ⁿd ɔ ɔ ]_w
[_w k ɑ b i l i ]_w
[_w f i d ɑ ]_w
[_w k i t i n i ]_w
[_w s i r i ]_w
[_w u l i ⁿz i ]_w
[_w k i v ɔ ]_w
[_w r ɑ z i ]_w
[_w k i v ɑ h ɑ m u ]_w
[_w d u ɑ ⁿz ɛ ]_w
[_w m k ɛ n i ]_w
[_w ⁿd ɔ v u ]_w
[_w s ɔ z ɔ d ɛ ]_w
[_w k u s i ]_w
[_w h u w ɛ z ɑ ]_w
[_w k u ʃ i r i k ɑ ]_w
[_w m i p j ɑ ]_w
[_w k u dʒ i t ɔ ɑ ]_w
[_w h ɑ z ɑ r ɑ f u ]_w
[_w m ɑ d i ]_w
[_w j ɑ l i ɑ ]_w
[_w v i k w ɑ ]_w
[_w t ɑ ɑ b u ]_w
[_w i n ɑ p ɑ s i ]_w
[_w m ɑ h u b i r i ]_w
[_w p ɛ n k i ]_w
[_w k i tʃ i ]_w
[_w i n ɑ t ɔ ɡ ɑ ]_w
[_w m ɑ t u ᵐb ɔ ]_w
[_w u v u ᵑɡ ɑ ]_w
[_w dʒ ɛ l ɑ ]_w
[_w w ɑ d ɑ k u s i ]_w
[_w k u ɔ ᵑɡ ɛ z ɑ ]_w
[_w k i t u n i ɑ ]_w
[_w u v ɑ r i k i ]_w
[_w t ɑ ᵑɡ ɑ s ɑ ]_w
[_w v i z i w ɛ ]_w
[_w m i l k i ]_w
[_w tʃ u m ɑ t ɑ r i ]_w
[_w z ɛ r i k ɑ ]_w
[_w w ɑ n ɑ b ɛ ⁿd ɑ ]_w
[_w k ɑ b w ɛ ]_w
[_w v i d ɛ ɔ ]_w
[_w ʃ ɑ h i d i ]_w
[_w ʃ u ɣ u l i ]_w
[_w ɑ l i f i k ɑ ɔ ]_w
[_w u t u m i ʃ ɑ ]_w
[_w m ɑ ʃ ɑ ᵐb ɑ ]_w
[_w d ɑ b i r i ]_w
[_w ɑ ᵑɡ ɑ ]_w
[_w w i ᵐb i ]_w
[_w u n ɑ dʒ u ɑ ]_w
[_w ɡ u t i ʃ ɑ ]_w
[_w t u p u ]_w
[_w w ɑ b i ]_w
[_w k i b i m ɔ ]_w
[_w k u ɑ ⁿd i ʃ i ]_w
[_w ɑ l i ʃ ɑ ]_w
[_w k ɑ r i b i ]_w
[_w j ɑ p i ]_w
[_w dʒ ɑ p ɔ k u w ɑ ]_w
[_w u t u r u k i ]_w
[_w m ɑ k u ]_w
[_w m ɑ f u ⁿz ɔ ]_w
[_w b i l i ɔ n ɑ ]_w
[_w m p ɑ ᵑɡ i ]_w
[_w m ɑ i ɡ ɑ ]_w
[_w k u d i w ɑ ]_w
[_w r w ɑ ⁿd ɑ ]_w
[_w i m ɛ f ɑ ɲ ɑ ]_w
[_w m i m i ]_w
[_w v i ɡ u u ]_w
[_w k u ɛ l ɛ k ɛ ɔ ]_w
[_w k u m i ]_w
[_w h ɑ p ɑ ]_w
[_w w ɑ l i dʒ ɔ ]_w
[_w w ɑ d ɑ n ɔ ]_w
[_w k u w ɛ k ɛ z ɑ ]_w
[_w ɑ l i f u ]_w
[_w m ɑ s ɑ v i ]_w
[_w m i t ɔ m ɔ ]_w
[_w b i ᵑɡ w ɑ ]_w
[_w k u ɛ n ɛ z ɑ ]_w
[_w m i t ɑ n ɔ ]_w
[_w d ɛ ᵐb ɔ ]_w
[_w s ɑ l ɑ ɑ ]_w
[_w ɑ l i u ɑ w ɑ ]_w
[_w m ɔ t ɔ ]_w
[_w m d ɔ t ɔ ]_w
[_w ɡ u k u ɑ ]_w
[_w k u ɛ n ɛ s ɑ ]_w
[_w m tʃ ɑ ᵑɡ ɑ ]_w
[_w s t ɑ d ɛ ]_w
[_w m ɑ tʃ i n i ]_w
[_w i n ɑ ɔ ɲ ɛ ʃ ɔ ]_w
[_w k u ɔ ɡ ɔ ɑ ]_w
[_w u ɛ n ɛ s ɑ dʒ i ]_w
[_w s i ɡ i ]_w
[_w u b ɑ t i s ɔ ]_w
[_w w ɑ s ɑ f i r i ]_w
[_w m ɑ ⁿdʒ ɑ n i ]_w
[_w k u l i w ɑ h i ]_w
[_w m ɑ b u ᵑɡ ɛ ]_w
[_w dʒ u m l ɑ ]_w
[_w k i p ɑ k ɑ ]_w
[_w s ɑ r ɛ ]_w
[_w t ɑ s ]_w
[_w ɑ l i v ɑ ]_w
[_w ɑ k i d ɑ b u ]_w
[_w n i k ɑ ɔ ]_w
[_w t ɑ ᵑɡ ɑ s i ]_w
[_w w ɑ ʃ i ⁿd ɑ n ɔ ]_w
[_w k u w ɛ z i ]_w
[_w u m ɑ ɡ i n i ]_w
[_w u b u ᵑɡ ɛ ]_w
[_w j ɑ t ɑ k ɑ ]_w
[_w k u b u ᵑɡ u f u ]_w
[_w r ɑ h i s i ]_w
[_w ⁿd ɛ k ɛ ]_w
[_w k u ɔ ᵐb ɑ ]_w
[_w θ ɑ m i n i ]_w
[_w k u r ɛ dʒ ɛ ɔ ]_w
[_w m ɑ ɣ ɑ r i p i ]_w
[_w tʃ i n s i ɑ ]_w
[_w k u ɑ b u t u ]_w
[_w m ɑ ɑ dʒ ɑ b u ]_w
[_w k u tʃ ɑ ᵐb u s i ]_w
[_w h ɑ k u k u ⁿd u ]_w
[_w m ɑ k u ᵐb u k ɑ ]_w
[_w k u v u ɑ t ɑ ]_w
[_w h ɑ i w ɛ z ɑ ]_w
[_w m ɑ d ɑ ᵑɡ ɑ s i ]_w
[_w m ɑ ʃ i r i n i ]_w
[_w ɑ l i f ɑ ]_w
[_w k u k u ɑ ]_w
[_w d ɑ ɑ ]_w
[_w ɑ p ɑ d ɛ ]_w
[_w u dʒ u ᵑɡ u ]_w
[_w u dʒ ɑ z ɔ ]_w
[_w ɑ l i s ɛ m ɑ ]_w
[_w m ɑ b i ⁿd u z i ]_w
[_w ɡ ɑ b l ɑ ]_w
[_w m i f ɑ n ɔ ]_w
[_w u s i ɔ ]_w
[_w b u ᵑɡ ɛ n i ]_w
[_w k u f ɑ ɲ i ɡ ɑ ]_w
[_w tʃ ɑ b ɑ n ɑ ]_w
[_w ɛ ⁿd ɑ p ɔ ]_w
[_w ɑ l i i ʃ i ]_w
[_w s ɑ u t i ]_w
[_w ɑ l i dʒ ɔ b ɔ ]_w
[_w v i f u d i ]_w
[_w r ɑ h ɑ ]_w
[_w tʃ ɑ t i ]_w
[_w d u p ɑ ]_w
[_w b i b i ]_w
[_w m i ɡ ɔ t i ]_w
[_w ɡ u f u ɑ t ɑ ]_w
[_w ɑ p r i l i ]_w
[_w m ɑ k ɛ n i ]_w
[_w k i tʃ i f u ]_w
[_w k i i ⁿdʒ i l i ]_w
[_w r ɑ z i m ɑ m ɑ ]_w
[_w ɡ u ɑ m i n ]_w
[_w s ɑ r u tʃ i ]_w
[_w k i b i ]_w
[_w m ɑ d ɑ m u ]_w
[_w m ɑ s w ɑ l ɑ ]_w
[_w j ɑ l i j ɔ ɡ ɔ ]_w
[_w m w ɛ t u ]_w
[_w k u ᵐb u ɡ ɑ ]_w
[_w h ɑ ɡ i m u ]_w
[_w u r ɑ i ɑ ]_w
[_w m ɑ ɑ t u i ]_w
[_w z i k ɑ w ɑ ]_w
[_w b i n ɑ f s i ]_w
[_w m ɑ s w ɑ ]_w
[_w i s r ɑ ɛ l i ]_w
[_w p r u s s i ɑ ]_w
[_w s ɔ ᵑɡ ɛ ɑ ]_w
[_w tʃ ɑ tʃ ɛ ]_w
[_w k i k ɑ s ɛ m ɑ ]_w
[_w u f ɑ ð i l i ]_w
[_w ʃ ɑ r t i ]_w
[_w w ɑ ɡ i r i k i ]_w
[_w k u i b u k ɔ ]_w
[_w k u r ɑ ]_w
[_w b ɑ t r i ]_w
[_w ʃ ɑ p ɑ h ɑ t ɑ ]_w
[_w ɑ l b i n ɔ ]_w
[_w ɑ n ɑ k u dʒ ɑ ]_w
[_w u m m ɑ ]_w
[_w m i k ɑ l i ]_w
[_w k i t ɑ w ɑ ]_w
[_w ɲ ɛ ᵑɡ i n ɛ ]_w
[_w k u i p ɑ ]_w
[_w ɲ ɛ k u ⁿd ɛ ]_w
[_w k i k i w ɑ ⁿd ɑ ]_w
[_w w ɑ m ɛ b ɑ t ɑ ]_w
[_w m t ɛ ⁿd ɑ tʃ i ]_w
[_w ɑ k ɑ ɑ s i z i ]_w
[_w k u z ɔ ᵑɡ ɑ ]_w
[_w v ɔ l ɡ ɛ n ɔ ]_w
[_w h ɑ j d ɑ r ]_w
[_w n i ʃ ɑ d i ]_w
[_w u b ɑ l i ]_w
[_w i l i d ɔ k ɔ ]_w
[_w m i tʃ ɑ ]_w
[_w ɑ l i ɔ n i ]_w
[_w m ɑ z u ɑ dʒ i ]_w
[_w m s u ᵐb i tʃ i ]_w
[_w v ɑ z i ]_w
[_w ɲ ɔ d ɑ ]_w
[_w l ɔ f ɛ ]_w
[_w ɑ f r i ɡ ɑ ]_w
[_w m w ɑ ᵑɡ ɑ s ɑ ]_w
[_w k u n ɑ k ɔ ]_w
[_w m ɑ i l i ]_w
[_w ɑ z ɑ n i i ]_w
[_w v i b ɔ v u ]_w
[_w i t ɑ l i ɑ ]_w
[_w ʃ ɛ r ɛ h ɛ ]_w
[_w b ɑ p ɑ ]_w
[_w m d u ]_w
[_w s w ɑ l ɑ ]_w
[_w k i p ɑ l i ]_w
[_w dʒ ɑ t i ]_w
[_w dʒ ɑ k u ɔ ]_w
[_w tʃ i f u ⁿz ɑ ]_w
[_w f ɑ r ɑ ]_w
[_w v i dʒ ɑ n ɑ ]_w
[_w tʃ ɛ ɲ ɛ ]_w
[_w w ɑ i ʃ i ]_w
[_w x ɑ l i ]_w
[_w u k u ᵐb u k ɑ ]_w
[_w m s i k ɔ ]_w
[_w m ɑ k u z ɔ ]_w
[_w ʃ ɑ ᵐb u l i ɔ ]_w
[_w x ɑ s i ɑ ]_w
[_w m ɑ dʒ ɑ f u ɡ ɔ ]_w
[_w k u l i p i ]_w
[_w m ɑ dʒ ɛ r ɑ h ɑ ]_w
[_w tʃ u ɔ n i ]_w
[_w b ɔ m ɑ ]_w
[_w k u l ɛ ]_w
[_w w ɑ k i l i m ɑ ]_w
[_w dʒ i k ɛ ]_w
[_w b i p i ]_w
[_w u z ɑ n i i ]_w
[_w u ɡ ɑ w ɑ i t ɑ ]_w
[_w k i ᵐb ɑ ]_w
[_w k u f ɑ h ɑ m ɑ ]_w
[_w u f u ⁿd i ʃ ɑ ]_w
[_w u f u n u ɔ ]_w
[_w k i z ɑ dʒ i ]_w
[_w v ɑ r ɑ tʃ ɑ ]_w
[_w h i z ɑ n i ]_w
[_w w ɑ tʃ ɛ z ɑ ]_w
[_w h u b u ᵑɡ ɛ ]_w
[_w w ɑ p ɑ ]_w
[_w k u v i k i ]_w
[_w m ɑ ɑ s k ɔ f u ]_w
[_w ɑ d ɑ k i k ɑ ]_w
[_w m tʃ ɑ k u ɔ ]_w
[_w ɑ k i t ɑ k ɑ ]_w
[_w k u k ɛ m ɛ ɑ ]_w
[_w u r ɑ h ɑ ]_w
[_w k ɑ n ɑ ]_w
[_w k u ɑ k i s ɔ ]_w
[_w k u u s ɑ ]_w
[_w ɑ k ɑ n i s i ]_w
[_w h ɑ ɡ i ]_w
[_w tʃ u m ɑ ]_w
[_w s ɔ d ɛ ]_w
[_w k u k i ð i ]_w
[_w m tʃ ɑ k ɑ d i ]_w
[_w k i dʒ i dʒ i ]_w
[_w d u ⁿd u ]_w
[_w v i l i k u ɑ ]_w
[_w v j u ɔ ]_w
[_w h u f ɑ ɲ i k ɑ ]_w
[_w ɡ ɑ b u ]_w
[_w b ɑ r ɑ s ɑ ]_w
[_w w ɑ z i l i m ɑ ]_w
[_w w ɑ t u r u ɡ i ]_w
[_w w ɑ i s l ɑ m ]_w
[_w k i b u r i ]_w
[_w k u f u ]_w
[_w k i l ɔ m i t ɑ ]_w
[_w w ɑ n ɑ f ɑ k ɑ ]_w
[_w z i ɑ t ɑ ]_w
[_w tʃ u k u ɑ ]_w
[_w m i f u b ɑ ]_w
[_w l i l i ɡ u w ɑ ]_w
[_w w ɑ m ɑ ɑ ]_w
[_w s ɑ k ɑ t ɔ l ɑ ]_w
[_w ð ɑ n ɑ ]_w
[_w k i u ]_w
[_w b ɛ ᵐb ɛ dʒ ɛ ᵐb ɛ ]_w
[_w k i ɲ u m ɛ ]_w
[_w ɲ ɑ ᵑɡ u m i ]_w
[_w dʒ ɑ r i p i ]_w
[_w k u i k i z ɔ ]_w
[_w k u b i m ɑ ]_w
[_w ɑ l i ɡ u ɑ ]_w
[_w w i l ɑ j ɑ ]_w
[_w k i tʃ i dʒ i n i ]_w
[_w k r i s t ɔ ]_w
[_w w ɑ t ɑ b u ]_w
[_w v i l i k u w ɑ ]_w
[_w w ɑ i t ɑ ]_w
[_w v ɑ s i h i ]_w
[_w u ɔ n ɛ ]_w
[_w v j ɑ ɔ ]_w
[_w k ɑ d i f u ]_w
[_w tʃ ɑ k u l ɑ ]_w
[_w d ɑ ⁿz ɑ n i ɑ ]_w
[_w v i u ᵐb ɛ ]_w
[_w ɑ l i b ɔ ]_w
[_w ɑ l i b ɔ ɡ ɔ ]_w
[_w m w ɑ n ɑ i ʃ i ]_w
[_w m ɑ k u s i b ɑ ]_w
[_w u s i k ɑ ]_w
[_w k ɑ m ɑ ⁿd ɑ ]_w
[_w m i dʒ ɑ ᵑɡ ɔ ]_w
[_w h i l ɔ ]_w
[_w u t ɔ t ɔ ]_w
[_w m ɔ j ɔ n i ]_w
[_w k i s u k ɑ r i ]_w
[_w k i ɡ u u ]_w
[_w d ɔ l ɑ ]_w
[_w t ɔ b ɑ ]_w
[_w ɑ m i n ]_w
[_w k i u tʃ u m l ɑ ]_w
[_w w ɑ dʒ u k u m ɔ ]_w
[_w m ɑ dʒ ɛ ᵑɡ ɔ ]_w
[_w ɑ ᵐb ɑ b ɔ ]_w
[_w u b ɛ b ɑ ]_w
[_w b ɑ r i ]_w
[_w ɑ ɡ ɑ dʒ ɑ ]_w
[_w ɑ ᵐb ɑ m ɔ ]_w
[_w k i r ɔ m ɑ ]_w
[_w ʃ ɑ h i t i m u ]_w
[_w m ɑ ɲ ɑ r ɑ ]_w
[_w m i l i m ɔ ]_w
[_w m i l i m i ]_w
[_w m ɑ ᵑɡ ɑ ]_w
[_w ɑ ᵐb ɑ s ɑ ]_w
[_w ɑ k ɑ n i ]_w
[_w ɑ k ɑ tʃ ɑ ]_w
[_w ʃ ɑ h i d ɑ dʒ i ]_w
[_w dʒ i b j ɑ ]_w
[_w k i d ɔ f u ]_w
[_w p ɑ t ɑ ]_w
[_w f j ɔ f j ɔ ]_w
[_w k u dʒ ɑ l i ]_w
[_w s i f ɑ ]_w
[_w k i dʒ ɑ ]_w
[_w h ɑ f l ɑ ]_w
[_w p u s t ɑ n i ]_w
[_w ɑ l i p ɑ d ɑ ]_w
[_w k u t ɑ t ɑ ]_w
[_w p ɑ h ɑ r i ]_w
[_w k w ɛ ɲ ɛ w ɛ ]_w
[_w m ɑ ɑ f ɑ ]_w
[_w l u i h ɑ m u ]_w
[_w ɑ dʒ ɑ ]_w
[_w k ɛ t ɛ ]_w
[_w k i ɔ w ɛ f u ]_w
[_w l ɔ r i t ɑ ]_w
[_w k u dʒ i t ɛ ᵑɡ ɔ ]_w
[_w u ɑ t i ɑ ]_w
[_w m ɑ r ɑ θ i ]_w
[_w n ɑ f ɑ s i h i ]_w
[_w k u k u ᵐb i ]_w
[_w dʒ ɛ l s ɛ ɑ ]_w
[_w k i d ɔ k ɑ ]_w
[_w h i s ɑ n i i ]_w
[_w u k i w ɑ ⁿdʒ ɑ ]_w
[_w k u s ɑ l ɑ m ɑ ]_w
[_w l ɑ s i m ɑ ]_w
[_w h u w ɛ z ɔ ]_w
[_w d ɛ z ɛ ᵐb ɑ ]_w
[_w u v u n u ɔ ]_w
[_w m ɑ ɑ r i f ɑ ]_w
[_w b u ɑ ]_w
[_w l i l i ɑ ⁿz ɑ ]_w
[_w f i k ɛ z ɔ ]_w
[_w w ɑ n ɑ v ɑ ɡ ɑ ]_w
[_w tʃ u i ]_w
[_w u k ɔ l ɔ n i ]_w
[_w k u s u t i ]_w
[_w z ɛ k ɔ ⁿd ɑ r i ]_w
[_w i i d w ɑ ]_w
[_w k ɛ r ɛ s ɑ n i ]_w
[_w p ɑ h ɑ t i ð i ]_w
[_w k u tʃ u ᵑɡ u s ɑ ]_w
[_w b u s t ɑ w i ]_w
[_w ɑ u s t r i ɑ ]_w
[_w i l i ɑ ⁿz ɑ ]_w
[_w u ɔ v u ]_w
[_w k u l ɛ ᵑɡ ɑ ]_w
[_w b r ɔ k r ɑ m u ]_w
[_w m i m ɛ ɑ ⁿz ɑ ]_w
[_w i l i f j ɔ ]_w
[_w m ɑ k ɑ m u ]_w
[_w p ɑ l ɑ ]_w
[_w k ɔ ᵐb ɛ ɑ ]_w
[_w ɣ ɑ n ɑ ]_w
[_w m i l i ]_w
[_w ɲ u ɡ i ]_w
[_w ɣ ɑ l i f ɑ ]_w
[_w m i l i ɡ u w ɑ ]_w
[_w i i t w ɑ j ɔ ]_w
[_w k ɑ p i l ɑ ]_w
[_w k u ɡ w ɛ l i ]_w
[_w k u t ɑ t u ]_w
[_w ɑ k i l i ɡ i ]_w
[_w h u w ɛ s ɑ ]_w
[_w k i t ɔ l ɛ w ɑ ]_w
[_w u h u r u ]_w
[_w m t ɔ d ɔ ]_w
[_w m ɑ k ɑ s ɛ m ɑ ]_w
[_w r ɑ i z i ]_w
[_w h ɑ w ɑ k ɛ ɲ ɑ ]_w
[_w k u t u m w ɑ ]_w
[_w v i l ɛ v i ]_w
[_w r i b ɔ t i ]_w
[_w s i k u w ɑ ]_w
[_w k u dʒ i f i dʒ ɑ ]_w
[_w m ɑ f u r i k ɔ ]_w
[_w m s u r i ]_w
[_w n i p ɔ ]_w
[_w m ɑ dʒ ɔ z i ]_w
[_w m ɔ l ɛ k u l i ]_w
[_w s ɑ f ɑ r ɑ ]_w
[_w ɑ k ɑ n i s ɑ ]_w
[_w m ɑ s i ᵑɡ i ]_w
[_w k u f ɑ h ɑ m u ]_w
[_w u v ɑ ]_w
[_w n i k ɑ ɔ n ɑ ]_w
[_w tʃ ɑ ᵑɡ ɑ m ɔ d ɔ ]_w
[_w k u f u ɡ u ]_w
[_w m ɑ u ð u i ]_w
[_w h ɑ d i ð i ]_w
[_w k u k ɑ ɑ ]_w
[_w h u p ɛ ⁿd ɔ ]_w
[_w m ɑ ʃ i r i k ɑ ]_w
[_w f i l ɛ ]_w
[_w i ɡ u l u ]_w
[_w n i l i p ɑ t ɑ ]_w
[_w m w ɑ n ɑ ɛ ]_w
[_w m w ɛ ɲ ɛ ]_w
[_w v i k i ɑ ]_w
[_w h ɑ d i ɑ ]_w
[_w m i s t ɑ ]_w
[_w d u ɑ r ɑ ]_w
[_w ɑ l ɑ m u ]_w
[_w ʃ ɑ u k u w ɑ ]_w
[_w k i v u ᵑɡ ɑ ]_w
[_w d ɑ k ɑ t i b u ]_w
[_w p ɔ b ɔ t ɛ ]_w
[_w k ɛ n ɛ f ɑ ]_w
[_w tʃ u m l ɑ ]_w
[_w k i k ɔ m ɔ ]_w
[_w u tʃ u ᵐb ɛ ]_w
[_w u n ɑ f ɑ ɲ ɑ ]_w
[_w u s ɑ n ]_w
[_w u k ɔ ᵐb ɔ z i ]_w
[_w j ɑ b ɔ ]_w
[_w k i d i ]_w
[_w ɑ n ɑ z ɑ b ɑ ]_w
[_w f j u ɔ ]_w
[_w ɑ l i v ɑ ɲ ɑ ]_w
[_w s i ɡ u k u ⁿd u ]_w
[_w k u t ɑ w ɑ l ɑ ]_w
[_w b ɑ b ɛ l i ]_w
[_w w ɑ dʒ ɑ ]_w
[_w t ɑ d u ]_w
[_w v i k ɑ ]_w
[_w u ɡ ɔ ɔ ]_w
[_w u s i ᵑɡ i n ɛ ]_w
[_w k u f u ⁿd i ]_w
[_w ɑ s i m ɑ ]_w
[_w m ɑ h i t i m u ]_w
[_w s ɛ h ɛ m ɑ ]_w
[_w p ɔ ᵐb ɑ ]_w
[_w ɑ dʒ i r i ]_w
[_w l u i h ɑ m i ɑ ]_w
[_w r i p ɔ d i ]_w
[_w m z u ᵑɡ u ]_w
[_w w ɑ ɛ ⁿd ɛ l ɛ ɑ ]_w
[_w t i s i ]_w
[_w ɑ s ɑ s i ]_w
[_w n ɑ l ɔ ]_w
[_w u z ɑ i t i ɑ ]_w
[_w k i tʃ ɑ p ɑ n ɑ ]_w
[_w w ɑ p ɛ ⁿd ɑ ]_w
[_w ɑ v i z ɑ ]_w
[_w m i l ɡ i ]_w
[_w m ɑ p i l i ]_w
[_w ɑ dʒ ɑ b u ]_w
[_w k i t ɔ l ɛ ɔ ]_w
[_w k u tʃ ɛ l ɛ ]_w
[_w t u ɑ r ɑ ]_w
[_w ɔ ᵐb i ]_w
[_w m w i ᵑɡ i n ɛ ɔ ]_w
[_w w ɑ s ɑ l i ]_w
[_w t ɑ t i s ɔ ]_w
[_w k u ɛ l ɛ k ɑ ]_w
[_w b ɑ j ɑ ]_w
[_w w ɑ l i p ɑ t ɔ ]_w
[_w u b i ᵑɡ ɑ ]_w
[_w ɡ ɑ s ɛ m ɑ ]_w
[_w i l i ɡ u dʒ ɑ ]_w
[_w m ɑ s i w ɑ ]_w
[_w tʃ ɔ t ɛ ]_w
[_w u p ɛ p ɔ ]_w
[_w m ɑ ʃ u h u t ɑ ]_w
[_w i l i v j ɔ ]_w
[_w t ɑ r ɑ t ɑ s ɔ ]_w
[_w m i u dʒ i s ɑ ]_w
[_w ɑ l i w ɛ z i ]_w
[_w k u ɑ tʃ ɑ ]_w
[_w m ɑ dʒ ɑ dʒ i ]_w
[_w m w i ᵐb ɑ dʒ i ]_w
[_w m ɑ tʃ i r i ]_w
[_w k u tʃ ɑ ]_w
[_w ɑ l i w ɛ ]_w
[_w h ɑ ɡ i ɡ ɑ ]_w
[_w m i l ɑ ᵑɡ ɔ ]_w
[_w ɡ ɑ n i s ɑ ]_w
[_w u p u ᵑɡ u z i ]_w
[_w t i p ɑ ]_w
[_w h ɔ f u ]_w
[_w p ɛ ɲ ɛ ]_w
[_w k i m ɑ ]_w
[_w h ɑ j ɑ w ɛ s i ]_w
[_w v i p ɑ ɔ ]_w
[_w v i d ɔ l ɛ w ɑ ]_w
[_w ɑ n ɑ t ɑ ]_w
[_w d u k i ɔ ]_w
[_w h u w ɛ z i ]_w
[_w w ɑ l ɛ ᵑɡ w ɑ ]_w
[_w ɑ ᵐb ɑ s ɔ ]_w
[_w k u tʃ u ɡ u ɑ ]_w
[_w ⁿd i z i ]_w
[_w s ɑ r ɑ ]_w
[_w m i ɔ ᵑɡ ɔ n i ]_w
[_w b ɑ t ɑ ]_w
[_w k u n ɑ w ɛ z ɛ ]_w
[_w r ɑ m ɑ ð ɑ r i ]_w
[_w m ɑ k ɑ m ɔ j ɔ ]_w
[_w w ɑ ɡ ɑ z i ]_w
[_w ɑ n ɑ i ʃ i ]_w
[_w k i ɔ ᵑɡ ɛ ɑ ]_w
[_w k i m ɔ dʒ ɑ ]_w
[_w b u r u t i ʃ ɑ ]_w
[_w k u w ɛ z ɑ ]_w
[_w s ɑ n ɑ m ɡ ɛ ]_w
[_w θ ɑ m ɑ n i ]_w
[_w dʒ ɑ tʃ u ]_w
[_w m z i k ɔ ]_w
[_w k u p ɑ k i ]_w
[_w h ɑ dʒ u i ]_w
[_w k u h ɑ m i ʃ ɔ ]_w
[_w ɑ m ɛ w ɑ h i ]_w
[_w k u b i t ɑ ]_w
[_w m ɑ j ɑ ]_w
[_w ɔ n t ɑ r i ]_w
[_w ɑ tʃ i l i ]_w
[_w m i s i s i ]_w
[_w t ɑ m ɑ ]_w
[_w z i w ɛ ]_w
[_w ɑ i ð ɑ ]_w
[_w tʃ u n i ]_w
[_w m ɑ s k i n i ]_w
[_w s ɑ p ɑ t ɛ ]_w
[_w k i v u ᵑɡ ɔ ]_w
[_w u d ɑ ɑ l ɑ m ɑ ]_w
[_w ɔ b ɑ m ɑ ]_w
[_w m ɑ ɑ s i z i ]_w
[_w k i i n i ]_w
[_w ɲ ɑ k ɑ d i ]_w
[_w s i s i s ɔ ]_w
[_w u ʃ i ⁿd ɑ ]_w
[_w k u ɔ k ɔ p ɑ ]_w
[_w d u k u v u t i ]_w
[_w dʒ ɑ k u ɑ ]_w
[_w k i v i t ɑ ]_w
[_w u h ɑ l i ]_w
[_w h u tʃ ɑ ]_w
[_w k u ɔ ⁿd ɔ k ɔ ]_w
[_w h u w ɛ z ɛ ]_w
[_w n i l i p ɑ ]_w
[_w t ɑ l i ɑ ⁿz ɑ ]_w
[_w l ɑ k i n ɑ ]_w
[_w m ɑ i k i s ɔ ]_w
[_w s w ɑ l i b ɔ ]_w
[_w u b u n i ]_w
[_w ɑ k i f ɑ l m ɛ ]_w
[_w k u r u h u s u ]_w
[_w dʒ ɑ ᵑɡ ɑ ]_w
[_w f i b i ⁿd i ]_w
[_w k i t ɑ ɑ n i ]_w
[_w i n ɑ ɔ ɲ ɛ ʃ ɑ ]_w
[_w p ɛ ᵐb ɛ ]_w
[_w m h u s i k ɑ ]_w
[_w k u b ɔ t ɛ s ɑ ]_w
[_w k i i t w ɑ dʒ ɔ ]_w
[_w p ɑ r ɔ k i ɑ ]_w
[_w w ɑ l i ɑ ]_w
[_w n ɑ f u u ]_w
[_w w ɑ k ɑ s ɛ t i ]_w
[_w u r ɛ v u ]_w
[_w k ɛ m i k ɑ t i ]_w
[_w m i dʒ ɛ s ɔ ]_w
[_w k u ɔ k ɛ l ɛ ɑ ]_w
[_w l u n i ᵑɡ ɑ ]_w
[_w m i dʒ u ɑ n ɔ ]_w
[_w u b i ⁿz ɑ n i ]_w
[_w ɑ i n ɑ l ɛ ᵑɡ ɔ ]_w
[_w m i w i l i ]_w
[_w i n ɑ f ɑ ɲ ɛ ]_w
[_w m ɑ tʃ u ᵐb ɛ ]_w
[_w k u p i k ɑ ]_w
[_w ɑ tʃ ɑ ]_w
[_w v i v ɑ ]_w
[_w k ɑ t ɑ ɑ l ɑ m ]_w
[_w m ɑ b ɑ j ɑ ]_w
[_w dʒ i l ɛ ]_w
[_w p ɔ ⁿd ɛ ]_w
[_w dʒ i p j ɑ ]_w
[_w n ɑ k ɑ l ɑ ]_w
[_w w ɑ s u ᵑɡ u ]_w
[_w v i w ɑ ⁿdʒ ɑ ]_w
[_w dʒ ɔ ɔ ]_w
[_w z i l i s ɔ ]_w
[_w k ɛ s i ]_w
[_w m w ɑ k ɑ z i ]_w
[_w k i t ɔ f u ]_w
[_w k u ɔ ᵑɡ ɔ ]_w
[_w s ɑ k s ɔ n i ]_w
[_w k ɑ r u ɡ ɛ ⁿd ɔ ]_w
[_w s ɑ ɡ ɔ ]_w
[_w z ɑ m ɑ ]_w
[_w l i p j ɑ ]_w
[_w d ɑ n ɔ ]_w
[_w h ɑ i w ɛ s i ]_w
[_w t ɑ ᵐb ɑ r ɑ k ɑ ]_w
[_w tʃ ɛ l ɑ ]_w
[_w m ɑ ɑ d i l i ]_w
[_w l i n ɑ w ɛ s ɑ ]_w
[_w b u ⁿd ɑ ]_w
[_w ɑ dʒ ɑ p u ]_w
[_w s ɑ l ɑ m u ]_w
[_w s ɑ p ɑ t ɑ ]_w
[_w m ɑ k ɑ m ɑ ]_w
[_w k ɛ ɲ ɑ t t ɑ ]_w
[_w k u k ɔ ᵐb ɛ ɑ ]_w
[_w t u l i k u w ɑ ]_w
[_w p l ɔ k u ]_w
[_w d ɑ k ɑ ]_w
[_w k u s u b i r i ]_w
[_w i l i v u ]_w
[_w k u d ɔ l ɛ ɔ ]_w
[_w ʃ ɛ r ɛ h ɛ m u ]_w
[_w m t ɔ n i ]_w
[_w b i p l i ɑ ]_w
[_w u n ɑ f i k i ]_w
[_w m ɑ dʒ ɔ s i ]_w
[_w d u ⁿd ɑ ]_w
[_w m ɑ w ɑ z ɔ m ɑ ]_w
[_w t ɑ s ɑ m ɔ ]_w
[_w p u ⁿd ɛ ]_w
[_w u t u m i ɑ ]_w
[_w s i l i ɑ ]_w
[_w k u ʃ u k ɑ ]_w
[_w m i s i d u ]_w
[_w t ɑ w i ]_w
[_w m ɑ s ɔ ɛ ɑ ]_w
[_w k i v ɑ ɲ i k ɑ ]_w
[_w p ɑ b ɛ l i ]_w
[_w v i z i ]_w
[_w m u u ᵑɡ ɑ ]_w
[_w i ʃ ɑ r ɑ ]_w
[_w ᵐb ɔ f u ]_w
[_w w ɔ w ɔ t ɛ ]_w
[_w ɔ k t ɔ p ɑ ]_w
[_w m i l i ɔ n i ]_w
[_w k u r ɛ tʃ ɛ ɔ ]_w
[_w u l ɛ u l ɛ ]_w
[_w u w ɔ ᵑɡ ɔ s i ]_w
[_w ᵑɡ u s ɔ ]_w
[_w u k ɑ r i m u ]_w
[_w u l ɑ j ɑ n i ]_w
[_w θ ɑ h i r i ]_w
[_w u ɛ l ɛ w ɑ ]_w
[_w k u t u m i ɛ ]_w
[_w u w ɛ ]_w
[_w k ɑ t i k ɑ d ɑ ]_w
[_w m ɑ h u p i r ɑ ]_w
[_w ɑ n ɑ d ɑ i ]_w
[_w b ɑ h ɑ t i θ i ]_w
[_w tʃ ɑ tʃ i ]_w
[_w u ɡ u m u u ɑ ]_w
[_w u b i n ɑ f s i ]_w
[_w h ɑ k i n i ]_w
[_w i n ɑ z i ]_w
[_w f i ɑ s i ]_w
[_w l i dʒ ɑ ]_w
[_w z u k u m ɔ ]_w
[_w b u ⁿd ɛ ]_w
[_w u k i w ɑ ]_w
[_w h ɛ w ɑ ]_w
[_w u p ɑ n u k ɑ ]_w
[_w h u k u ɑ ]_w
[_w m ɑ w ɑ s ɔ ]_w
[_w w ɑ d ɑ ]_w
[_w z i t ɑ ]_w
[_w dʒ u l ɑ i ]_w
[_w k i l i dʒ ɛ z ɔ ]_w
[_w r ɑ ð i ]_w
[_w k ɑ t u n i ɑ ]_w
[_w l i ɡ i s ɑ s ɑ ]_w
[_w m t w ɑ r ɑ ɡ ɑ ]_w
[_w s ɑ f ɑ ]_w
[_w tʃ ɛ t u ]_w
[_w h i s t ɔ r i ɑ ]_w
[_w k u z i m ɑ ]_w
[_w ɑ l i dʒ ɛ ᵑɡ w ɑ ]_w
[_w m ɑ t ɑ w ɑ l ɑ ]_w
[_w t ɛ ⁿd ɔ ]_w
[_w r u f i ]_w
[_w ɑ b ɑ d ɑ ]_w
[_w t ɑ r ɛ h ɛ m u ]_w
[_w ɑ n ɑ s ɛ m ɑ ]_w
[_w ɑ z ɑ n t i k i ]_w
[_w k ɑ r i b u ]_w
[_w k u p ɑ t i s ɔ ]_w
[_w m ɔ ᵐb ɑ z ɑ ]_w
[_w u z i ɡ i ɔ ]_w
[_w n ɑ z ɔ ]_w
[_w m i t ɑ n i ]_w
[_w dʒ i ɡ ɛ ]_w
[_w ɑ l f ɑ b ɛ t i ]_w
[_w ɛ ⁿd ɛ l ɛ ɛ ]_w
[_w s ɑ i t i ɑ ]_w
[_w k u l i b i ]_w
[_w h i s ɑ n i ]_w
[_w m i l i k i ]_w
[_w dʒ i h ɑ t i ]_w
[_w u h ɑ m i ɑ dʒ i ]_w
[_w u h u s i ɑ n ɔ ]_w
[_w m t ɑ z ɑ m ɔ ]_w
[_w k u ɡ ɔ s ɛ f u ]_w
[_w m ɑ z w ɑ ]_w
[_w r ɔ p ɔ ]_w
[_w u tʃ i ]_w
[_w m ɑ l ɑ j h i ]_w
[_w m ɑ k t ɑ r i ɔ ]_w
[_w m ɑ s i s i ]_w
[_w u m r i ]_w
[_w b ɑ s ɑ f ɑ r ɑ ]_w
[_w ɑ n ɑ f ɑ k ɑ ]_w
[_w dʒ ɑ n u ɑ ]_w
[_w u ɡ w ɛ l i ]_w
[_w u s w i t i ]_w
[_w h ɔ u s ɛ ]_w
[_w m r ɑ d i ]_w
[_w w ɑ n ɑ i t w ɑ ]_w
[_w v ɑ r ɑ dʒ ɑ ]_w
[_w h u r i ɑ ]_w
[_w p w ɑ w ɑ ]_w
[_w j ɔ h ɑ n ɛ ]_w
[_w v ɑ r ɑ ]_w
[_w r u h u z u ]_w
[_w k u h i m u ]_w
[_w u k ɑ v i r i ]_w
[_w m w ɑ k ɛ ɲ ɑ ]_w
[_w b ɑ t ɔ ]_w
[_w m ɔ l ɑ ]_w
[_w m t ɔ ɑ ]_w
[_w k i p ɛ ᵑɡ ɛ l ɛ ]_w
[_w k u m w ɔ n ɑ ]_w
[_w i m ɛ ɑ ]_w
[_w ɑ l i f ɑ ɲ ɑ ]_w
[_w w ɑ f ɑ ð ɑ l i ]_w
[_w n i m ɛ ɔ n ɑ ]_w
[_w b u ⁿd u ɡ i ]_w
[_w m ɑ f u b i ]_w
[_w k ɑ d i ɡ ɑ ]_w
[_w s ɑ m u ]_w
[_w w ɑ r u m i ]_w
[_w t i ɡ ɛ t i ]_w
[_w m ɑ k ɑ n ɔ ]_w
[_w u l ɛ v j ɑ ]_w
[_w m k ɑ s ɔ ]_w
[_w m ɑ b ɑ d ɛ ]_w
[_w w ɑ h i j ɔ ]_w
[_w u z ɛ ɛ ]_w
[_w m ɑ k ɑ z i ]_w
[_w k u s ɑ i t i ]_w
[_w h ɑ s w ɑ ]_w
[_w k u k ɔ m ɛ ʃ ɑ ]_w
[_w u ɡ i m w i l i ]_w
[_w m ɑ k ɑ ɑ ⁿz ɑ ]_w
[_w w ɑ f u k ɔ ]_w
[_w m w ɑ k ɑ d i ]_w
[_w w ɑ t ɑ t i z ɔ ]_w
[_w n i d ɑ k ɑ ]_w
[_w b ɑ s i p ɔ ]_w
[_w i t ɑ b u ]_w
[_w tʃ ɑ h ɑ s i n ɑ ]_w
[_w w ɛ ⁿz ɑ ᵑɡ u ]_w
[_w dʒ ɑ dʒ u ]_w
[_w b i k i ]_w
[_w z ɛ r i ɡ ɑ ]_w
[_w r ɑ m ɑ n ɔ ]_w
[_w u ɡ ɔ ⁿdʒ w ɑ ]_w
[_w k ɔ k u r j ɛ ɔ ]_w
[_w f i w ɑ ᵑɡ ɔ ]_w
[_w b i ɑ ]_w
[_w u k ɑ w ɑ i t ɑ ]_w
[_w s i n ɛ m ɑ ]_w
[_w ⁿdʒ ɑ ɑ ]_w
[_w n ɑ m i b i ɑ ]_w
[_w m s i ᵑɡ i r ɑ ]_w
[_w ɑ k ɔ s ɑ ]_w
[_w k i t ɑ i ]_w
[_w m ɑ z u r i ]_w
[_w d ɑ b i ɑ ]_w
[_w z ɑ z ɑ ]_w
[_w v u ɛ l i ]_w
[_w ɑ ᵐb ɑ dʒ ɔ ]_w
[_w u f u ᵐb u z i ]_w
[_w d ɑ l i ɑ ]_w
[_w m i l ɛ n i ɑ ]_w
[_w w ɑ t ɛ tʃ ɑ ]_w
[_w t ɛ r ɛ f ɑ ]_w
[_w h ɑ u ɡ u ]_w
[_w t ɔ m ɔ n i ]_w
[_w m ɑ dʒ i n ɑ ]_w
[_w k i u tʃ u m i ]_w
[_w m i t ɑ ɑ l u m ]_w
[_w k u k ɑ b i l ɑ ]_w
[_w b u t i ]_w
[_w dʒ i t i h ɑ t ɑ ]_w
[_w w ɑ n ɑ w ɛ ]_w
[_w m dʒ ɛ l ɛ ]_w
[_w k u tʃ ɔ m w ɑ ]_w
[_w k i u ᵑɡ ɔ ]_w
[_w m ɑ r ɛ dʒ ɛ ɔ ]_w
[_w ɑ n ɑ t ɔ k ɔ ]_w
[_w ɑ l i i ᵑɡ i ɑ ]_w
[_w m ɑ u ɑ dʒ i ]_w
[_w b w ɑ n i ]_w
[_w k u k ɔ s ɛ v u ]_w
[_w k i l i ɔ n ɑ ]_w
[_w h ɑ d ɑ ɡ ɑ ]_w
[_w tʃ ɑ dʒ ɛ ]_w
[_w w ɑ u m i n i ]_w
[_w s ɑ r ɑ t i ]_w
[_w i n ɑ d ɑ m u ]_w
[_w k ɑ ᵐb ɑ ]_w
[_w h ɑ p ɔ ]_w
[_w w ɑ f u ɑ z i ]_w
[_w k ɑ t r i ]_w
[_w ɑ n ɑ d ɑ m ɑ ]_w
[_w u t ɑ l i ɑ ]_w
[_w k u l i w ɑ ]_w
[_w ɑ z i l i ]_w
[_w dʒ ɑ r i t ɑ ]_w
[_w k u ɛ ⁿd ɛ ʃ ɑ ]_w
[_w tʃ ɑ t ɛ m ɑ ]_w
[_w j ɑ ᵑɡ u ]_w
[_w i l i w ɛ z i ]_w
[_w k u p ɛ w ɑ ]_w
[_w ɑ s i m ɑ m ɑ ]_w
[_w f i k t ɔ r i ɑ ]_w
[_w i n ɑ p ɑ t ɔ ]_w
[_w ɔ p ɑ m ɑ ]_w
[_w u t ɑ l i ]_w
[_w m ɑ ɣ ɑ r i b u ]_w
[_w tʃ ɑ m h u r i ɑ ]_w
[_w i i i ]_w
[_w m ɑ h ɑ ]_w
[_w m w ɛ m ɑ ]_w
[_w m ɑ d ɑ tʃ ɑ ]_w
[_w m w ɛ k u ⁿd u ]_w
[_w k ɔ ᵑɡ ɔ ]_w
[_w m i dʒ u s i ]_w
[_w θ ɑ r ɑ ]_w
[_w i l i b i ]_w
[_w k ɑ t i k ɑ ]_w
[_w k u ɔ ɡ ɛ l ɛ ɑ ]_w
[_w u t ɑ f u t ɑ ]_w
[_w tʃ ɑ t i l i ]_w
[_w v i d ɑ p u ]_w
[_w u t ɑ b i d i ]_w
[_w tʃ u m ɑ t ɑ t i ]_w
[_w m ɑ d ɑ n i ]_w
[_w i w ɑ p ɔ ]_w
[_w m z ɛ m ɔ ]_w
[_w k u k w ɛ p ɑ ]_w
[_w k u ɔ n ɛ ]_w
[_w l ɑ ɔ ]_w
[_w m ɑ d u n i ɑ ]_w
[_w k i tʃ ɑ k ɑ ]_w
[_w tʃ ɑ r i t ɑ ]_w
[_w ɲ ɑ ɡ ɑ d i r i ]_w
[_w m w ɑ l i m u ]_w
[_w k u t ɛ k ɑ ]_w
[_w dʒ ɛ t u ]_w
[_w m m i l i ]_w
[_w h ɑ s ɑ ]_w
[_w h u m ɔ ]_w
[_w u p ɔ ]_w
[_w d ɑ r ɑ s ɑ ]_w
[_w k u t u b w ɑ ]_w
[_w n ɑ m i p i ɑ ]_w
[_w k u d u ⁿz ɑ tʃ i ]_w
[_w m ɑ k ɑ p i l ɑ ]_w
[_w w ɑ dʒ ɑ tʃ ɛ ]_w
[_w m ɑ k u z u i ɑ ]_w
[_w w ɑ s ɑ n t ɛ ]_w
[_w b u l u u ]_w
[_w l i tʃ ɑ ]_w
[_w dʒ ɑ f u ]_w
[_w k u t ɛ ᵐb ɛ ɑ ]_w
[_w b ɔ ⁿd ɛ ]_w
[_w w ɑ n ɑ ɔ i ʃ i ]_w
[_w t ɛ s ɛ ᵐb ɑ ]_w
[_w k i f u ɑ ]_w
[_w z u r ɑ ]_w
[_w u f ɑ n i z ɑ ]_w
[_w r i p ɔ t i ]_w
[_w u t i k t ɛ d ɑ ]_w
[_w k u l i ᵑɡ ɑ n ɑ ]_w
[_w w ɑ f ɑ l m ɛ ]_w
[_w k u i n u ɑ ]_w
[_w t ɑ ɑ s i s i ]_w
[_w k ɑ b i s ɑ n i ]_w
[_w dʒ u k u u ]_w
[_w ɡ ɑ d i ]_w
[_w h i s i ɑ ]_w
[_w k u s i t ɔ ]_w
[_w m i dʒ ɛ z ɑ dʒ i ]_w
[_w h ɑ t i m ɑ ]_w
[_w k u n ɑ ɡ ɔ ]_w
[_w k u h i t i ]_w
[_w p u k ɔ ]_w
[_w i n ɑ w ɛ z ɑ ]_w
[_w k u m p i k ɑ ]_w
[_w ɡ i r ɔ m ɑ ]_w
[_w l ɑ s i m ɑ m ɑ ]_w
[_w m ɲ i ɡ ɑ ]_w
[_w l i l i l ɔ ]_w
[_w k u l i p ɑ t ɑ ]_w
[_w k u b i t i ]_w
[_w w ɑ l i f ɑ ɲ ɑ ]_w
[_w b r u s s i ɑ ]_w
[_w k u tʃ ɔ dʒ ɛ ɑ ]_w
[_w v i ɡ ɛ s ɔ ]_w
[_w b i tʃ ɑ ]_w
[_w w ɑ dʒ ɛ z ɑ ]_w
[_w n ɑ k ɑ l i ]_w
[_w i r i ᵑɡ ɑ ]_w
[_w d u k ɔ ]_w
[_w m ɑ b i ʃ ɑ n i ]_w
[_w w ɑ dʒ u ᵐb ɛ ]_w
[_w n ɑ p ɛ ⁿd i ]_w
[_w dʒ u ɔ n i ]_w
[_w p i l i ]_w
[_w k u f ɑ ɲ i ɑ ]_w
[_w d i k ɛ t i ]_w
[_w w ɑ n ɑ i ʃ i ɔ ]_w
[_w s i f j ɔ ]_w
[_w ɑ s ɑ z i ]_w
[_w k ɑ p l ɑ ]_w
[_w b ɛ i ]_w
[_w k ɑ r ɑ t i p u ]_w
[_w b ɑ ɡ ɑ ]_w
[_w z u m u ]_w
[_w v i b ɑ dʒ i ]_w
[_w p ɑ k ɛ ]_w
[_w h ɑ s ɑ r ɑ ]_w
[_w k i m u s i ]_w
[_w s ɛ l i ]_w
[_w h u h i t ɑ dʒ i ]_w
[_w t ɑ ᵐb ɑ r ɑ r ɛ ]_w
[_w m k u t ɑ n i ]_w
[_w m p ɑ ɡ ɑ ]_w
[_w s i ⁿd ɑ n i ]_w
[_w n ɑ ɡ u tʃ ɑ l i ]_w
[_w ɑ n ɑ w ɛ z ɑ ]_w
[_w m ɑ t ɑ t i ]_w
[_w d ɑ i f ɑ ]_w
[_w j ɔ z ɛ v u ]_w
[_w tʃ u ᵑɡ u ]_w
[_w m k ɑ d ɑ ]_w
[_w k u s i k ɑ ]_w
[_w k u dʒ u ᵑɡ u z ɑ ]_w
[_w k u ʃ i ⁿd ɑ ]_w
[_w i d ɑ l i ɑ ]_w
[_w w ɑ n ɑ m k ɛ ]_w
[_w f ɑ ð i ]_w
[_w ɑ k i v ɑ ɲ ɑ ]_w
[_w m s i ɡ i ]_w
[_w ɣ ɑ z i ɑ ]_w
[_w s i p i ]_w
[_w i l i dʒ ɛ ᵑɡ w ɑ ]_w
[_w k u h ɔ tʃ i ]_w
[_w k u tʃ i f u ⁿz ɑ ]_w
[_w p ɑ i n i ]_w
[_w u m ɑ s k i n i ]_w
[_w d ɑ w i ]_w
[_w k i f ɛ ð ɑ ]_w
[_w z ɑ b ɑ t ɑ ]_w
[_w f i t ɔ ɡ ɔ ]_w
[_w n ɑ tʃ ɔ ]_w
[_w i l i t ɔ ɑ ]_w
[_w m s i ᵑɡ i s i ]_w
[_w l ɑ m u ]_w
[_w s ɑ f ɑ r i n i ]_w
[_w h ɑ t ɑ ɡ ɑ ]_w
[_w ɑ b u ]_w
[_w dʒ ɑ h ɑ z i ]_w
[_w k u m ɑ l i p ɔ ]_w
[_w u z ɑ l ɑ m ɑ ]_w
[_w k i ɑ p ɔ ]_w
[_w ɑ k ɑ p ɛ ]_w
[_w ɑ l i d ɔ ɑ ]_w
[_w u b ɔ t ɛ ]_w
[_w m ɑ t ɔ k ɑ ]_w
[_w k u l ɑ l ɑ ]_w
[_w u w ɔ ᵑɡ ɔ s ɔ ]_w
[_w w ɛ u b ɛ ]_w
[_w dʒ ɛ n ɛ r ɑ l i ]_w
[_w w ɑ n ɑ s ɛ m ɑ ]_w
[_w z i d ɑ k u w ɑ ]_w
[_w h u dʒ ɑ ]_w
[_w r ɑ ð i j ɑ ]_w
[_w m tʃ ɛ s ɑ ]_w
[_w k ɔ s i ]_w
[_w h i v j ɔ ]_w
[_w k u s ɑ l ɑ b ɑ ]_w
[_w tʃ ɔ m ɔ ]_w
[_w ᵐb w ɑ ]_w
[_w m ɑ dʒ ɑ n i ]_w
[_w k u v ɑ ɲ i w ɑ ]_w
[_w m u ɔ ᵑɡ ɔ z ɑ ]_w
[_w k u v i k i ʃ ɔ ]_w
[_w dʒ ɑ k ɔ ]_w
[_w m ɑ ɑ ⁿd i ɡ ɔ ]_w
[_w m d u m ɛ ]_w
[_w ð ɔ r u p ɑ ]_w
[_w p ɛ t r ɔ l i ]_w
[_w k i f u ᵑɡ u ]_w
[_w k i b ɑ t ɑ ]_w
[_w j ɑ l ɛ ]_w
[_w w ɔ d ɛ ]_w
[_w h u ɛ ⁿd ɛ l ɛ ɛ ]_w
[_w u p ɑ ᵑɡ ɑ dʒ i ]_w
[_w p u r u t ɑ n ɔ ]_w
[_w z i l ɛ ]_w
[_w v i ɲ w ɑ ]_w
[_w m k ɑ b ɑ ]_w
[_w w ɑ m ɔ n ɑ k i ]_w
[_w v i tʃ ɑ n i ]_w
[_w l i m ɛ k u w ɑ ]_w
[_w k u d i b i w ɑ ]_w
[_w w ɑ v u k ɔ ]_w
[_w u v ɑ n i z i ]_w
[_w tʃ ɑ ᵑɡ w ɑ n i ]_w
[_w m ɑ ɡ ɑ ɔ ]_w
[_w m z ɛ m ɑ ]_w
[_w ʃ ɑ h ɑ r i ]_w
[_w b ɑ k ɑ n i s ɑ ]_w
[_w k w ɛ ɲ ɛ dʒ i ]_w
[_w h ɑ r ɑ ɡ ɑ ]_w
[_w m ɑ ɑ m u s i ]_w
[_w w ɑ p i k i b i ]_w
[_w m ɑ dʒ i ᵐb ɑ dʒ i ]_w
[_w v i v ɑ ɑ ]_w
[_w h ɛ z ɑ b u ]_w
[_w k u f ɑ ɲ w ɑ ]_w
[_w ʃ i r i k ɑ l i ]_w
[_w m ɑ d ɔ l ɑ ]_w
[_w tʃ ɑ i ]_w
[_w i m ɑ k ɛ u s i ]_w
[_w m ɑ s i k i ]_w
[_w u p ɑ l ɔ z i ]_w
[_w ʃ i dʒ ɑ ]_w
[_w u b ɔ ]_w
[_w tʃ i p j ɑ ]_w
[_w u l ɛ m ɑ f u ]_w
[_w z i k i w ɛ m ɔ ]_w
[_w ɡ i k ɑ ]_w
[_w m w ɑ ᵐb i ɑ ]_w
[_w v i l ɛ ]_w
[_w s i m ɑ ]_w
[_w k u i ᵑɡ i ɑ ]_w
[_w k u r ɑ t i p u ]_w
[_w h ɔ t ɛ z i ]_w
[_w m i f u p ɑ ]_w
[_w ɑ l ɑ m ]_w
[_w m ɡ ɑ t ɑ ]_w
