[_w ʋ ɑ h ɐ ]_w
[_w s ʊ n ɑ ]_w
[_w t̪ʰ i ɾ e ]_w
[_w s ɐ̃ k ɐ ]_w
[_w b ɑ d̪ ɐ ]_w
[_w ʋ o h ɐ ]_w
[_w ɑ j ɐ ]_w
[_w s o dʒ ɐ ]_w
[_w p e dʒ ɐ ]_w
[_w ʋ e d̪ ɐ ]_w
[_w tʃ ɐ l o ]_w
[_w b ɑ d̪ʱ ɑ ]_w
[_w ʈ ɐ dʒ ɐ ]_w
[_w b ɐ d̪ ɐ ]_w
[_w ɾ ɑ m ɐ ]_w
[_w d̪ ɐ l õ ]_w
[_w ɡ ɪ s i ]_w
[_w d̪ ɐ h ɐ ]_w
[_w s ɐ m ɐ ]_w
[_w p ɑ ɾ ɐ ]_w
[_w d̪ ɐ ɡ ɐ ]_w
[_w tʃ ɑ n ɐ ]_w
[_w p u ɾ e ]_w
[_w ɐ k ʃ ɐ ]_w
[_w ʋ i ɾ ɐ ]_w
[_w kʰ e l ɐ ]_w
[_w kʰ u m ɐ ]_w
[_w pʰ ɑ ɾ i ]_w
[_w tʃ ɪ z ɐ ]_w
[_w h ɛ ɾ i ]_w
[_w k ɐ s ɐ ]_w
[_w ɾ ʊ p ɐ ]_w
[_w s u tʃ i ]_w
[_w tʃ ɐ h ɑ̃ ]_w
[_w k ʊ ɾ u ]_w
[_w k ɐ l ɐ ]_w
[_w ɾ ɐ h ɑ ]_w
[_w kʰ e l e ]_w
[_w ɾ ɐ h e ]_w
[_w b ʊ ɾ i ]_w
[_w p ɛ ʈʰ ɐ ]_w
[_w ɪ k ɑ i ]_w
[_w p ɛ ʈʰ ɑ ]_w
[_w p e ʃ ɐ ]_w
[_w ʃ e ʃ ɐ ]_w
[_w ɾ ɐ kʰ ɐ ]_w
[_w kʰ o l ɐ ]_w
[_w dʒ ɑ n ɐ ]_w
[_w s u ɖ ɐ ]_w
[_w p ɛ ɾ õ ]_w
[_w ɾ ɑ dʒ ɐ ]_w
[_w dʒ ʊ ɽ e ]_w
[_w ɑ ɾ t̪ʰ ɐ ]_w
[_w p ɐ h ɐ ]_w
[_w d̪ʱ ɑ t̪ ʊ ]_w
[_w ɛ s ɑ ]_w
[_w b e ɖ ɐ ]_w
[_w s e ʋ ɑ ]_w
[_w s ɐ̃ ɡʱ ɐ ]_w
[_w b ɐ dʒ ɑ ]_w
[_w ʈ ɑ l ɐ ]_w
[_w ʊ n h e ]_w
[_w s ɪ kː õ ]_w
[_w k ɐ j ɑ ]_w
[_w d̪ e ɡ ɑ ]_w
[_w k u t̪ ɐ ]_w
[_w d̪ ɐ p ɐ ]_w
[_w t̪ ɪ kʰ ɑ ]_w
[_w ũ dʒ ɑ i ]_w
[_w ɑ bʱ ɐ ]_w
[_w b ɐ h ɐ ]_w
[_w pʰ u m ɪ ]_w
[_w k ɑ n ɐ ]_w
[_w ɑ̃ kʰ õ ]_w
[_w p ɐ t̪ ɐ ]_w
[_w p u ɾ ɑ ]_w
[_w ɾ u p õ ]_w
[_w b ɐ ʈ ɑ ]_w
[_w ɾ ɐ kʰ ẽ ]_w
[_w dʒ ɑ l u ]_w
[_w s ɐ k e ]_w
[_w s ɐ bʱ i ]_w
[_w n ɪ k ɐ ]_w
[_w k ẽ d̪ ɐ ]_w
[_w dʒ ɑ h ɐ ]_w
[_w ɑ j i ]_w
[_w p ɐ d̪ ɑ ]_w
[_w ɾ i j ɑ ]_w
[_w ɾ e d̪ ɐ ]_w
[_w dʒ ɪ s ɐ ]_w
[_w d̪ ɪ e ]_w
[_w i s ɑ i ]_w
[_w p i tʃʰ ɑ ]_w
[_w s ɑ d̪ʱ i ]_w
[_w bʱ ɐ ɾ ɑ ]_w
[_w m ɑ n ɐ ]_w
[_w kʰ ɑ s ɐ ]_w
[_w m ɐ n ʊ ]_w
[_w p ɐ t̪ ɑ ]_w
[_w ʃ ʊ d̪ʱː ɐ ]_w
[_w p ɐ ɽʱ ɐ ]_w
[_w t̪ ɐ ɡ ɐ ]_w
[_w n ɪ ʃ ɑ ]_w
[_w t̪ ɑ ʋ e ]_w
[_w d̪ ɪ lː i ]_w
[_w k ɐ n ɐ ]_w
[_w d̪ʱ u p ɐ ]_w
[_w ɾ u m ɐ ]_w
[_w ɖ i ʋ i ]_w
[_w t̪ ɐ n ɐ ]_w
[_w ɡʱ ɐ ɽ ɑ ]_w
[_w k ɐ t̪ ɪ ]_w
[_w ʋ ɛ s e ]_w
[_w ɐ k ɾ ɐ ]_w
[_w s ɐ k ɐ ]_w
[_w tʃ i ʋ ɐ ]_w
[_w ʋ ɪ ʃ ɐ ]_w
[_w d̪ u d̪ʱ ɐ ]_w
[_w kʰ ɑ n ɑ ]_w
[_w m ɑ ɾ ɐ ]_w
[_w n ɐ m ɐ ]_w
[_w dʒ ɑ d̪ ɪ ]_w
[_w k ɐ ɾ ẽ ]_w
[_w p ɑ p ɑ ]_w
[_w m ʊ kʰ ɐ ]_w
[_w b i ʈʰ ɐ ]_w
[_w n ɑ ɡ ɐ ]_w
[_w s o tʃ ɐ ]_w
[_w p ɐ l õ ]_w
[_w m ɪ l ɑ ]_w
[_w ɑ s t̪ʰ ɑ ]_w
[_w ɡ ɐ h ɐ ]_w
[_w dʒ o ɽ ɑ ]_w
[_w s ɐ h i ]_w
[_w kʰ ɑ d̪ e ]_w
[_w p ɐ h u ]_w
[_w k ɐ ɾ ɐ ]_w
[_w ɾ ɐ n ɐ ]_w
[_w n ɐ h ĩ ]_w
[_w bʱ ɑ ɾ i ]_w
[_w z ɐ t̪ ɐ ]_w
[_w b i m ɑ ]_w
[_w s ɐ t̪ ɐ ]_w
[_w m ɐ ʃ ɐ ]_w
[_w j ɑ n ɪ ]_w
[_w k ɐ ɾ i ]_w
[_w b o l i ]_w
[_w dʒ i n ɐ ]_w
[_w k ɐ l ɑ ]_w
[_w kʰ ɐ̃ ɖ ɐ ]_w
[_w tʃ u t̪ e ]_w
[_w tʃ ɪ t̪ ɐ ]_w
[_w tʃ ɐ l ɐ ]_w
[_w s e n ɐ ]_w
[_w ʋ ɐ s ɑ ]_w
[_w p ɑ l ɐ ]_w
[_w s ɐ p ɐ ]_w
[_w ɡ ɪ ɾ ɐ ]_w
[_w ɪ ʈ ɐ ]_w
[_w dʒ ɑ t̪ ɪ ]_w
[_w d̪ ɔ ɾ ɑ ]_w
[_w d̪ ʊ l ɐ ]_w
[_w kʰ o l ɑ ]_w
[_w b e ɽ õ ]_w
[_w t̪ e ʃ ɐ ]_w
[_w ɡ ɑ j ɐ ]_w
[_w d̪ e k i ]_w
[_w n ɪ dʒ i ]_w
[_w dʒ ɛ n ɐ ]_w
[_w d̪ʱ ɑ d̪ ʊ ]_w
[_w d̪ ɑ ɾ i ]_w
[_w p ɐ ɾ e ]_w
[_w b ɐ n ɑ ]_w
[_w l u ʈ ɐ ]_w
[_w ɡ ɪ t̪ ɐ ]_w
[_w l ẽ s ɐ ]_w
[_w n ɑ ɾ i ]_w
[_w p ɐ ɽʱ i ]_w
[_w b ɛ s e ]_w
[_w s ʊ ɾ ɐ ]_w
[_w p ɛ ɾ ɐ ]_w
[_w b ɑ d̪ i ]_w
[_w k ɐ pʰ i ]_w
[_w j ɐ h i ]_w
[_w b u ɾ i ]_w
[_w l ɐ k ɑ ]_w
[_w j ɑ t̪ ɐ ]_w
[_w s i m ɑ ]_w
[_w p ɐ n ɑ ]_w
[_w t̪ e ʃ i ]_w
[_w tʃ ɑ̃ t̪ ɐ ]_w
[_w b ɑ j i ]_w
[_w ɡ ɑ ʈ ɐ ]_w
[_w p ɐ l ɪ ]_w
[_w ɐ ʈː ɑ ]_w
[_w dʒ ɑ j ẽ ]_w
[_w kʰ ɐ ɾ i ]_w
[_w dʒ ɐ k ɐ ]_w
[_w ɖ ɑ l ɐ ]_w
[_w tʃ ʊ ɽ i ]_w
[_w o m ɐ ]_w
[_w ɑ d̪ m ɐ ]_w
[_w b ɐ̃ ɡʱ ɐ ]_w
[_w ɾ o l ɐ ]_w
[_w b ɐ d̪ʱː ɐ ]_w
[_w m ɪ l e ]_w
[_w n i t̪ ɪ ]_w
[_w dʒ e d̪ ɑ ]_w
[_w ɑ ɡ ɐ ]_w
[_w k ɪ l o ]_w
[_w ɑ ɪ e ]_w
[_w n ɐ ɡ ɐ ]_w
[_w dʒ ɐ ɽ ɐ ]_w
[_w m o ʈ e ]_w
[_w p ũ tʃ i ]_w
[_w k o ʃ ɐ ]_w
[_w ʋ ɐ ɾ ɐ ]_w
[_w n e d̪ ɑ ]_w
[_w ɡ ɑ̃ d̪ʱ i ]_w
[_w m ɑ̃ ɡ ɐ ]_w
[_w s ɑ h ɐ ]_w
[_w k ɔ ɾ ɐ ]_w
[_w ɾ ɪ̃ ɡ ɐ ]_w
[_w p o l ɐ ]_w
[_w s ɑ̃ s ɐ ]_w
[_w n ĩ ʋ ɐ ]_w
[_w b ɐ t̪ ɐ ]_w
[_w ɡ ʊ n ɑ ]_w
[_w k ɑ n e ]_w
[_w j ʊ ʋ ɑ ]_w
[_w dʒ o ɽ e ]_w
[_w h ɑ n ɪ ]_w
[_w kʰ ɐ t̪ ɐ ]_w
[_w m ʊ̃ h ɐ ]_w
[_w ũ tʃ e ]_w
[_w s ɐ̃ ɡ ɐ ]_w
[_w tʃ ɔ t̪ʰ ɑ ]_w
[_w h ɐ m e ]_w
[_w pʰ ɑ ʃ ɑ ]_w
[_w bʱ ɑ ʋ õ ]_w
[_w d̪ʱ u l ɐ ]_w
[_w ɡ ɑ ɾ õ ]_w
[_w b e dʒ ɐ ]_w
[_w ɐ t̪ ɪ ]_w
[_w ʃ o d̪ʱ ɐ ]_w
[_w h ɪ sː e ]_w
[_w d̪ e d̪ i ]_w
[_w ɾ o tʃ ɐ ]_w
[_w ɑ̃ kʰ ẽ ]_w
[_w ɡʱ ʊ d̪ ɐ ]_w
[_w l e kʰ ɐ ]_w
[_w ɡ ɐ d̪ʱ ɑ ]_w
[_w dʒ ɐ l ɐ ]_w
[_w pʰ ɐ ʋ ɐ ]_w
[_w ʋ ɐ h ĩ ]_w
[_w b ɑ̃ d̪ʱ ɐ ]_w
[_w ɐ p ɐ ]_w
[_w s ɐ t̪ i ]_w
[_w p ɐ tʃ ɐ ]_w
[_w s ʊ kʰ ɐ ]_w
[_w t̪ ɐ ɾ ɐ ]_w
[_w ɡ ɑ f i ]_w
[_w h ɪ̃ d̪ i ]_w
[_w b i l e ]_w
[_w ɡ ɪ l o ]_w
[_w k ɐ m ɐ ]_w
[_w pʰ ɑ p ɐ ]_w
[_w p ɐ tʃː e ]_w
[_w n ɑ t̪ʰ ɐ ]_w
[_w p ɑ e ]_w
[_w ɐ̃ ɡ ɐ ]_w
[_w ʊ k t̪ ɐ ]_w
[_w pʰ ɑ i ]_w
[_w b ɐ dʒ ɐ ]_w
[_w b ɑ t̪ʰ ɑ ]_w
[_w k ɐ h ɐ ]_w
[_w s ɐ pʰ ɑ ]_w
[_w b ɛ ʈʰ e ]_w
[_w ɐ nː ɐ ]_w
[_w ɡʱ ʊ ʃ i ]_w
[_w ɑ n e ]_w
[_w j ɑ d̪ ɐ ]_w
[_w kʰ ʊ l ɐ ]_w
[_w n ɐ k ɐ ]_w
[_w p ɛ ʈʰ e ]_w
[_w bʱ ɑ ʃ ɐ ]_w
[_w ɐ̃ ʃ ɐ ]_w
[_w ɡ ʊ l ɐ ]_w
[_w ʃ ɑ kʰ ɑ ]_w
[_w ɡ ɑ n õ ]_w
[_w n ɪ dʒ ɐ ]_w
[_w dʒ o ɽ ɐ ]_w
[_w d̪ e t̪ i ]_w
[_w h ɑ d̪ʱ i ]_w
[_w s ɐ tʃ ɐ ]_w
[_w d̪ e ʋ ɐ ]_w
[_w n ɪ tʃ i ]_w
[_w s ʊ i ]_w
[_w h o n i ]_w
[_w n i l ɑ ]_w
[_w pʰ ɑ l u ]_w
[_w ɑ k ɐ ]_w
[_w p ɐ dʒ e ]_w
[_w ɾ o m ɐ ]_w
[_w m i l ɐ ]_w
[_w j o ɡ ɐ ]_w
[_w ɾ ɐ dʒ ɐ ]_w
[_w d̪ ɪ m ɑ ]_w
[_w m ɐ k ɐ ]_w
[_w ɾ u b õ ]_w
[_w ɡ ɐ ɾ ɐ ]_w
[_w ɡʱ u m ɐ ]_w
[_w p ɑ ʋ ɐ ]_w
[_w p ɑ k ɐ ]_w
[_w tʃʰ o ɽ ɑ ]_w
[_w n ɐ j i ]_w
[_w ʈʰ ɑ l ɐ ]_w
[_w n i dʒ e ]_w
[_w ɑ d̪ʱ ɑ ]_w
[_w ʊ n h ẽ ]_w
[_w tʃʰ ɐ t̪ ɐ ]_w
[_w ʃ ɑ n ɐ ]_w
[_w s i ɖ ɐ ]_w
[_w s ɐ ɾ ɐ ]_w
[_w tʃ ɑ h e ]_w
[_w m ɐ d̪ ɐ ]_w
[_w s ɐ ɾ ɑ ]_w
[_w p ʊ ɾ ɑ ]_w
[_w h ɐ ʋ ɑ ]_w
[_w k ɐ h ɑ ]_w
[_w t̪ e n e ]_w
[_w d̪ ɐ ɾ i ]_w
[_w p ɐ k ɐ ]_w
[_w dʒ o ɾ i ]_w
[_w h o m ɐ ]_w
[_w p ɐ ɽʱ ɑ ]_w
[_w h ɐ ɾ i ]_w
[_w bʱ ɑ i ]_w
[_w b ɐ n ɐ ]_w
[_w s ɐ k ɑ ]_w
[_w ɡ ʊ n õ ]_w
[_w d̪ ʊ kʰ ɐ ]_w
[_w dʒ ɐ j ɐ ]_w
[_w ɐ d̪ʱ j ɐ ]_w
[_w p ɐ ɽ e ]_w
[_w d̪ o n o ]_w
[_w h ɐ ɾ ɪ ]_w
[_w m ɪ l ɐ ]_w
[_w dʒ ɑ̃ tʃ ɐ ]_w
[_w t̪ ɐ h ɐ ]_w
[_w tʃ ɪ s ɐ ]_w
[_w l ɪ̃ ɡ ɐ ]_w
[_w p ɐ t̪ õ ]_w
[_w n ɑ d̪ e ]_w
[_w ʃ e ɾ ɐ ]_w
[_w b ɐ ɽ ɐ ]_w
[_w b ɐ t̪ʰː ɐ ]_w
[_w k ɐ ʋ ɪ ]_w
[_w tʃ ʊ ɽ ɐ ]_w
[_w b o s ɐ ]_w
[_w ɾ ɐ h i ]_w
[_w d̪ ɪ kʰ ɐ ]_w
[_w k ɐ h ɑ̃ ]_w
[_w t̪ i s ɐ ]_w
[_w dʒ i ʋ õ ]_w
[_w ʋ ɑ l õ ]_w
[_w b ɐ t̪ ɑ ]_w
[_w k ɑ ɾ ɐ ]_w
[_w ʋ ɑ l i ]_w
[_w b ɑ̃ tʃ ɐ ]_w
[_w m ɑ h ɐ ]_w
[_w l ɐ̃ ɖ ɐ ]_w
[_w ɡ i t̪ õ ]_w
[_w l ɪ kʰ ɐ ]_w
[_w t̪ u ɾ i ]_w
[_w t̪ ɑ l ɐ ]_w
[_w b e ʈ i ]_w
[_w n ɐ t̪ i ]_w
[_w ɾ e s ɐ ]_w
[_w ɐ ɾ e ]_w
[_w ɡ ʊ n ɐ ]_w
[_w n ɐ j e ]_w
[_w m ʊ d̪ː õ ]_w
[_w k ɪ ɾ ɐ ]_w
[_w dʒ ɑ j ɑ ]_w
[_w s ɐ d̪ ɐ ]_w
[_w dʒ ʊ n e ]_w
[_w ɡ o dʒ ɐ ]_w
[_w k ɑ m ɐ ]_w
[_w ʊ ɾ t̪ u ]_w
[_w l ɐ̃ k ɑ ]_w
[_w d̪ ɪ n ɐ ]_w
[_w bʱ ɐ ʋ ɐ ]_w
[_w k o ʋ ɑ ]_w
[_w dʒ ɪ l e ]_w
[_w j ɑ n ɐ ]_w
[_w t̪ ɪ e ]_w
[_w p o l ɑ ]_w
[_w d̪ʱ ɑ ɾ ɐ ]_w
[_w tʃ ɑ d̪ ɪ ]_w
[_w p ɐ d̪ ɐ ]_w
[_w ɡ o ʈ ɪ ]_w
[_w d̪ ɔ ɾ ɐ ]_w
[_w b e n ɐ ]_w
[_w d̪ ɑ dʒ ɑ ]_w
[_w s e l ɐ ]_w
[_w ʃ ɪ ʋ ɐ ]_w
[_w m e l e ]_w
[_w ɡ ɐ n ɐ ]_w
[_w h ɑ l ɐ ]_w
[_w tʃ ɪ ʈʰː ɑ ]_w
[_w h ɐ̃ s ɐ ]_w
[_w l ɪ j ɑ ]_w
[_w j ʊ k ɐ ]_w
[_w m ʊ dʒʱ e ]_w
[_w k ɐ j e ]_w
[_w n o ʈ ɐ ]_w
[_w bʱ ɑ l u ]_w
[_w k i ʈ ɐ ]_w
[_w ɡʱ o l ɐ ]_w
[_w ɾ ɪ dʒ ɐ ]_w
[_w p ɪ t̪ ɑ ]_w
[_w dʒ ɪ n ɐ ]_w
[_w ʃ ɛ l i ]_w
[_w tʃ ɑ̃ tʃ ɐ ]_w
[_w n ɐ ʃ e ]_w
[_w p o s ɐ ]_w
[_w k ɛ s e ]_w
[_w dʒ ɑ l ɐ ]_w
[_w ɪ k ɐ ]_w
[_w ɑ̃ kʰ ɐ ]_w
[_w pʰ ɑ ʋ õ ]_w
[_w ɐ n j ɐ ]_w
[_w m i ɖʱ ɑ ]_w
[_w dʒ ɐ ɾ ɐ ]_w
[_w bʱ e dʒ ɑ ]_w
[_w d̪ i ɾ ɐ ]_w
[_w l ɐ ɡ ɑ ]_w
[_w k ʊ ɾ ʊ ]_w
[_w tʃ i n ɐ ]_w
[_w p u l ɐ ]_w
[_w t̪ ɑ ʋ ɑ ]_w
[_w p ɐ n ɐ ]_w
[_w ɡ ɐ ɾ ũ ]_w
[_w kʰ e t̪ ɐ ]_w
[_w n ɑ k ɐ ]_w
[_w e s ɐ ]_w
[_w p ɐ ɽ i ]_w
[_w ʋ ɐ tʃ ɐ ]_w
[_w b ɑ b ɐ ]_w
[_w kʰ ĩ tʃ ɐ ]_w
[_w t̪ e ʋ ɐ ]_w
[_w ɾ u p ɐ ]_w
[_w kʰ ɑ n ɐ ]_w
[_w b ɐ t̪ ɪ ]_w
[_w m ɛ ɾ i ]_w
[_w m ɑ t̪ ɑ ]_w
[_w d̪ ɪ n õ ]_w
[_w n j u ]_w
[_w ɐ t̪ʰ j ɐ ]_w
[_w kʰ e d̪ õ ]_w
[_w m ɑ i ]_w
[_w kʰ ɐ ɽ i ]_w
[_w s ɐ tʃː i ]_w
[_w d̪ i p ɐ ]_w
[_w s ɐ bʱ ɑ ]_w
[_w ɾ ɐ tʃ ɐ ]_w
[_w s ɐ ɡ ɐ ]_w
[_w tʃ i t̪ ɑ ]_w
[_w m ɛ tʃ õ ]_w
[_w tʃʰ ɐ h ɐ ]_w
[_w d̪ i b ɐ ]_w
[_w k o ɖ ɐ ]_w
[_w dʒ ɑ h ɑ ]_w
[_w t̪ ʊ m ɐ ]_w
[_w s ɐ t̪ː ɑ ]_w
[_w m ɑ p ɐ ]_w
[_w s i ʈ õ ]_w
[_w z ɐ b ɐ ]_w
[_w m o m ɐ ]_w
[_w ɾ ʊ ɡ ɐ ]_w
[_w ʈ ɪ k ɐ ]_w
[_w tʃ ɑ ɡ ɐ ]_w
[_w dʒ ɐ p ɐ ]_w
[_w ʋ ɑ p ɐ ]_w
[_w ɖʱ i k ɐ ]_w
[_w ɑ n ɑ ]_w
[_w s ɛ n ɐ ]_w
[_w pʰ ɪ ɖ ɐ ]_w
[_w tʃ ɐ k ɐ ]_w
[_w k ɐ̃ b ɐ ]_w
[_w p ɾ ɪ ]_w
[_w bʱ ʊ ɖ ɐ ]_w
[_w t̪ ɐ b ɐ ]_w
[_w ɾ o ɡ ɑ ]_w
[_w tʃ ɑ j ɑ ]_w
[_w d̪ ɐ k ɐ ]_w
[_w ũ tʃ i ]_w
[_w kʰ ɑ t̪ ɐ ]_w
[_w dʒʱ ɪ lː i ]_w
[_w ɡʱ ʊ t̪ ɐ ]_w
[_w m ʊ t̪ː e ]_w
[_w ɐ l ɐ ]_w
[_w j ɑ d̪ ẽ ]_w
[_w d̪ ɐ ɾ ɐ ]_w
[_w p ɑ ʈʰ ɐ ]_w
[_w ɖ ɑ ʈ ɑ ]_w
[_w tʃʰ o ɽ ɐ ]_w
[_w tʃ ɑ h ɐ ]_w
[_w b ɐ tʃː õ ]_w
[_w ʋ ɐ h ɑ̃ ]_w
[_w ɖʱ ɐ̃ k ɐ ]_w
[_w ɐ t̪ ɐ ]_w
[_w ɡʱ ʊ ʃ ɐ ]_w
[_w ʋ ɪ l ɐ ]_w
[_w ɑ ɾ ʈ ɐ ]_w
[_w l o k o ]_w
[_w n ɐ ʋ ɐ ]_w
[_w ɡ ɐ̃ d̪ʱ ɐ ]_w
[_w ɡ ɐ h ɑ ]_w
[_w kʰ ɑ ɽ i ]_w
[_w ɡ ɪ j e ]_w
[_w m ɑ s ɐ ]_w
[_w m o h ɐ ]_w
[_w m ɛ n e ]_w
[_w k ɐ h ẽ ]_w
[_w ʃ ɐ t̪ ɑ ]_w
[_w s ɐ h ɐ ]_w
[_w ʋ e ɡ ɐ ]_w
[_w k ɛ t̪ ɐ ]_w
[_w p ɐ ɾ ɐ ]_w
[_w m ɑ m ɐ ]_w
[_w p o d̪ʱ ɐ ]_w
[_w t̪ ɐ ʃ ɑ ]_w
[_w ʋ ɐ dʒ ɐ ]_w
[_w ɑ ʈʰ ɐ ]_w
[_w ɾ ɐ d̪ʱ ɐ ]_w
[_w t̪ ɪ lː i ]_w
[_w l e n e ]_w
[_w m ɔ n ɐ ]_w
[_w p ɛ s ɑ ]_w
[_w ɾ ɑ t̪ ɐ ]_w
[_w h ɐ ʈ ɑ ]_w
[_w d̪ ɐ l ɐ ]_w
[_w e dʒ ɐ ]_w
[_w d̪ i z ɐ ]_w
[_w d̪ e s i ]_w
[_w kʰ ɐ n ɐ ]_w
[_w ɡ ɐ l ɑ ]_w
[_w b ʊ ɾ ɑ ]_w
[_w b ɪ t̪ ɑ ]_w
[_w d̪ ɐ b ɐ ]_w
[_w tʃʰ ɑ j ɑ ]_w
[_w ɡ ɐ m ɐ ]_w
[_w k o l ɐ ]_w
[_w kʰ ɑ z ɐ ]_w
[_w bʱ ɐ ɾ ɐ ]_w
[_w b ʊ d̪ʱː ɐ ]_w
[_w p i tʃʰ e ]_w
[_w b ɐ k ɐ ]_w
[_w k ɑ̃ tʃ ɐ ]_w
[_w dʒ ɑ h e ]_w
[_w ʋ ɪ d̪ʱ ɪ ]_w
[_w n ɑ ʋ ɐ ]_w
[_w ɐ b ɐ ]_w
[_w s ɪ̃ h ɐ ]_w
[_w kʰ ɐ ɾ õ ]_w
[_w s ɐ tʃː e ]_w
[_w bʱ ɑ ɾ ɐ ]_w
[_w ɾ ɑ h ɐ ]_w
[_w ɾ ɪ t̪ ʊ ]_w
[_w b ɐ ɾ ɐ ]_w
[_w tʃ ɐ l ɑ ]_w
[_w l e t̪ ɑ ]_w
[_w o ɾ ɐ ]_w
[_w e tʃ ɐ ]_w
[_w ɡʱ e t̪ ɐ ]_w
[_w p ɐ ɽ ɑ ]_w
[_w d̪ e ʃ ɐ ]_w
[_w p ɪ l ɐ ]_w
[_w m ɔ k e ]_w
[_w m o ɽ ɐ ]_w
[_w d̪ʱ i ɾ e ]_w
[_w tʃʰ ɑ p ɐ ]_w
[_w kʰ ɐ̃ ɖ e ]_w
[_w m ɪ ʈː i ]_w
[_w z ɐ ɡ e ]_w
[_w p o b ɐ ]_w
[_w d̪ e d̪ e ]_w
[_w m o ʈ ɑ ]_w
[_w t̪ e n ɑ ]_w
[_w p ɛ l ɐ ]_w
[_w bʱ u t̪ ɐ ]_w
[_w dʒ ɑ j ɐ ]_w
[_w t̪ e ɾ i ]_w
[_w l ɑ kʰ ɐ ]_w
[_w tʃ ɐ m ɑ ]_w
[_w m ɐ dʒ ɑ ]_w
[_w dʒ ɐ n ɐ ]_w
[_w d̪ʱ o ʈ ɑ ]_w
[_w i s ʈ ɐ ]_w
[_w m e ɾ i ]_w
[_w ɖ e ʈ ɑ ]_w
[_w ũ tʃ ɑ i ]_w
[_w k ɛ s õ ]_w
[_w s ɑ ɾ i ]_w
[_w k ɪ l ɑ ]_w
[_w p ɑ ɡʱ ɐ ]_w
[_w ɑ d̪ ɪ ]_w
[_w m e l ɑ ]_w
[_w ʊ ʈʰ e ]_w
[_w ɪ n ɐ ]_w
[_w ʋ e t̪ ɐ ]_w
[_w h ʊ e ]_w
[_w d̪ e kʰ ɐ ]_w
[_w tʃ ɐ j ɐ ]_w
[_w h ʊ ĩ ]_w
[_w ɛ s e ]_w
[_w ɾ ʊ dʒ ɪ ]_w
[_w k ɑ j ɐ ]_w
[_w b ɑ ʈʰ ɐ ]_w
[_w p ɐ ɾ ɑ ]_w
[_w d̪ e ɾ i ]_w
[_w ɑ d̪ ɑ ]_w
[_w ʃ ɐ k ɐ ]_w
[_w d̪ ɐ l ɑ ]_w
[_w tʃ e l ɐ ]_w
[_w m ɑ n i ]_w
[_w n ĩ d̪ ɐ ]_w
[_w ɐ m l ɐ ]_w
[_w s ɑ ɾ e ]_w
[_w ʃ ɐ d̪ ɑ ]_w
[_w ɾ u s ɐ ]_w
[_w tʃ o ʈ i ]_w
[_w t̪ ɑ ɾ ɑ ]_w
[_w ɡʱ ɑ s ɐ ]_w
[_w ɐ nː ɑ ]_w
[_w h o k ɑ ]_w
[_w ɡʱ ʊ s ɐ ]_w
[_w bʱ ɑ ɡ ɐ ]_w
[_w ɾ ʊ kʰ ɐ ]_w
[_w s ʊ n ɐ ]_w
[_w s ɪ k ɐ ]_w
[_w k ʊ n ɑ ]_w
[_w h o n e ]_w
[_w j o k ɐ ]_w
[_w k ɐ ɾ ɑ ]_w
[_w ɐ l p ɐ ]_w
[_w h ɐ ʈː i ]_w
[_w d̪ e ɾ ɑ ]_w
[_w h o n ɑ ]_w
[_w ɡ ɐ̃ d̪ʱ e ]_w
[_w j ɐ d̪ʱ ɑ ]_w
[_w ɡ ɑ l i ]_w
[_w n ɑ ʃ ɐ ]_w
[_w l ɐ k ɐ ]_w
[_w t̪ ɪ kʰ ɐ ]_w
[_w m ɑ l ɐ ]_w
[_w ɪ tʃʰː ɑ ]_w
[_w s ɪ kː e ]_w
[_w p i m ɑ ]_w
[_w s ɐ̃ d̪ ɐ ]_w
[_w t̪ ɑ s ɐ ]_w
[_w ʋ ɑ j ʊ ]_w
[_w ɾ o k õ ]_w
[_w ʃ o ɾ ɐ ]_w
[_w ʃ ʊ pʰ ɐ ]_w
[_w m ɐ t̪ ɐ ]_w
[_w t̪ ɐ m ɐ ]_w
[_w b ɐ l ɪ ]_w
[_w h ɪ m ɑ ]_w
[_w d̪ ɐ ʋ ɑ ]_w
[_w s ɪ kʰ ɐ ]_w
[_w s ɐ b ɐ ]_w
[_w b ʊ n e ]_w
[_w n i l ɐ ]_w
[_w dʒ ʊ k e ]_w
[_w b ɑ p ɑ ]_w
[_w s o n e ]_w
[_w i s ɑ ]_w
[_w bʱ ɐ l ɑ ]_w
[_w h õ ɡ i ]_w
[_w p ɑ d̪ ɐ ]_w
[_w b i ɖʱ i ]_w
[_w ɡ ɛ d̪ ɐ ]_w
[_w t̪ e kʰ ɐ ]_w
[_w u ɾ tʃ ɑ ]_w
[_w ʈ i ʋ i ]_w
[_w b ʊ l ɐ ]_w
[_w tʃ ɪ l ɑ ]_w
[_w k ʊ l ɐ ]_w
[_w ʊ b ɐ ]_w
[_w s ẽ ʈ ɐ ]_w
[_w l ɪ kʰ i ]_w
[_w ʋ ɑ l e ]_w
[_w b i n e ]_w
[_w dʒ ɐ l i ]_w
[_w m ɑ̃ s ɐ ]_w
[_w h ɐ l ɐ ]_w
[_w tʃʰ u ɖ ɐ ]_w
[_w b ʊ d̪ʱː ɪ ]_w
[_w kʰ ɐ ɖ ɐ ]_w
[_w ʃ ʊ ɾ ʊ ]_w
[_w j ɐ h ɑ̃ ]_w
[_w h ɐ m ɐ ]_w
[_w pʰ ɑ ʋ ɐ ]_w
[_w s ɐ n ɐ ]_w
[_w p ɪ̃ t̪ ʊ ]_w
[_w ʋ ɑ ɾ ɑ ]_w
[_w p ɐ ʈ i ]_w
[_w l ɐ ʋ ɐ ]_w
[_w j ʊ ɡ ɐ ]_w
[_w ɡ ɑ d̪ e ]_w
[_w tʃ ɪ n ɐ ]_w
[_w p ɐ̃ ɡʱ ɐ ]_w
[_w tʃʰ o ɾ ɐ ]_w
[_w k o i ]_w
[_w p ɾ ɐ ]_w
[_w p ɐ n i ]_w
[_w p ɐ̃ kʰ ɐ ]_w
[_w pʰ ɑ k ɐ ]_w
[_w ɾ ɐ h ɐ ]_w
[_w tʃ i n i ]_w
[_w z i kʰ ɑ ]_w
[_w k ɪ̃ t̪ ʊ ]_w
[_w m ɑ j ɑ ]_w
[_w t̪ ɐ p ɐ ]_w
[_w ɑ k e ]_w
[_w ɾ e kʰ ɑ ]_w
[_w b o d̪ʱ ɐ ]_w
[_w d̪ o n õ ]_w
[_w k ɐ j ĩ ]_w
[_w t̪ o n õ ]_w
[_w k ɐ p ɐ ]_w
[_w k ɪ̃ d̪ ʊ ]_w
[_w ɡ ɑ m ɐ ]_w
[_w ʋ ɐ h i ]_w
[_w dʒ ɑ ɾ õ ]_w
[_w m ɐ ʈʰ ɐ ]_w
[_w m e h ɐ ]_w
[_w kʰ e l ɑ ]_w
[_w b ɑ ɡ ɐ ]_w
[_w k ɑ ɽ i ]_w
[_w pʰ o ɡ ɐ ]_w
[_w d̪ e kʰ i ]_w
[_w bʱ u l õ ]_w
[_w e k ɐ ]_w
[_w ʈ u ɾ ɐ ]_w
[_w pʰ ɐ ɾ e ]_w
[_w m ɐ i ]_w
[_w s t̪ ɾ i ]_w
[_w p ʊ k ɐ ]_w
[_w ɖʱ ɐ̃ ɖ i ]_w
[_w ɡ o l i ]_w
[_w ɐ tʃʰː i ]_w
[_w dʒ ɑ t̪ u ]_w
[_w k i d̪ ɐ ]_w
[_w kʰ ɐ̃ ɖ ɑ ]_w
[_w s i ʈ ɐ ]_w
[_w ɾ ɑ n i ]_w
[_w t̪ e kʰ e ]_w
[_w bʱ u m ɪ ]_w
[_w ʊ ɾ dʒ ɑ ]_w
[_w tʃ ɑ j e ]_w
[_w ɾ ʊ b ɐ ]_w
[_w pʰ ɪ ɾ ɐ ]_w
[_w ʋ ɐ̃ ʃ ɐ ]_w
[_w ɡ ɐ t̪ʰ ɑ ]_w
[_w e k ʃ ɐ ]_w
[_w k o ɪ ]_w
[_w b ɐ ɽʱ ɑ ]_w
[_w h ɪ̃ d̪ u ]_w
[_w d̪ʱ i m i ]_w
[_w ʊ n h ĩ ]_w
[_w tʃʰ ɐ ʋ ɪ ]_w
[_w ʃ ɪ ɡ ɑ ]_w
[_w e m ɐ ]_w
[_w ɑ d̪ʱ i ]_w
[_w ɖ e ɖ ɑ ]_w
[_w ɡʱ ʊ d̪ ɑ ]_w
[_w l ɑ e ]_w
[_w l u ɖ ɐ ]_w
[_w tʃ ɑ n ɑ ]_w
[_w ɖʱ ɐ̃ ɖ ɑ ]_w
[_w d̪ e ɾ ɐ ]_w
[_w tʃ ɑ j ɐ ]_w
[_w p ɐ tʃ ɑ ]_w
[_w ʃ ɑ h ɐ ]_w
[_w ʃ ɐ d̪ ɐ ]_w
[_w m ɪ l i ]_w
[_w b e s ɐ ]_w
[_w b ɪ n ɑ ]_w
[_w k i t̪ ɐ ]_w
[_w d̪ ɐ̃ ɖ ɐ ]_w
[_w k ɑ n õ ]_w
[_w d̪ ʊ m ɐ ]_w
[_w b ɑ e ]_w
[_w p ɐ tʃ e ]_w
[_w b ɐ ɾ e ]_w
[_w p ɪ n ɐ ]_w
[_w m ɔ t̪ ɐ ]_w
[_w pʰ u ɾ e ]_w
[_w s ɪ l ɐ ]_w
[_w b ɐ ɽ i ]_w
[_w k ɪ̃ ɡ ɐ ]_w
[_w ũ dʒ i ]_w
[_w e k s ɐ ]_w
[_w n ɐ i ]_w
[_w dʒ ɐ ɽʱ ɐ ]_w
[_w m ɑ̃ k ɐ ]_w
[_w l ɐ j ɐ ]_w
[_w b ɛ s ɑ ]_w
[_w ɡ ɛ s ɑ ]_w
[_w p i dʒ ɐ ]_w
[_w dʒ ɑ̃ d̪ i ]_w
[_w dʒ ɐ̃ t̪ ɐ ]_w
[_w ʋ ɑ ɾ ɐ ]_w
[_w bʱ e dʒ ɐ ]_w
[_w kʰ ʊ d̪ ɐ ]_w
[_w l ɐ̃ b ɑ ]_w
[_w h ʊ j e ]_w
[_w ɑ s ɐ ]_w
[_w ʃ ɐ ɾ ɐ ]_w
[_w tʃ ɐ ɾ ɐ ]_w
[_w d̪ ɑ p ɐ ]_w
[_w t̪ʰ o ʈ ɑ ]_w
[_w m ɐ n ɐ ]_w
[_w ʋ ɑ t̪ ɑ ]_w
[_w ʋ ɛ s i ]_w
[_w b o l ɐ ]_w
[_w tʃʰ ɐ ʈʰ i ]_w
[_w p i d̪ ɐ ]_w
[_w tʃʰ ɑ b ɐ ]_w
[_w ɐ n d̪ ɐ ]_w
[_w d̪ ɪ ʃ ɑ ]_w
[_w k ʊ pʰ ɑ ]_w
[_w l ɑ ɡ u ]_w
[_w t̪ʰ ɑ m ɐ ]_w
[_w ʊ ʈʰ ɐ ]_w
[_w ɡʱ ɐ ɽ i ]_w
[_w dʒ e k ɐ ]_w
[_w tʃ ɐ ɽ ẽ ]_w
[_w t̪ʰ ɑ ɾ ɐ ]_w
[_w p ʊ ɾ i ]_w
[_w m ɐ s ɑ ]_w
[_w p ɑ̃ d̪ʱ ɐ ]_w
[_w t̪ ɑ k ɪ ]_w
[_w bʱ ɐ i ]_w
[_w k j ɑ ]_w
[_w ũ tʃ ɑ ]_w
[_w ɖʱ ɑ̃ tʃ e ]_w
[_w k ɐ ɾ ũ ]_w
[_w l ɑ ɡʱ ɐ ]_w
[_w ɾ o ʈ ɐ ]_w
[_w dʒ o ʃ i ]_w
[_w tʃ ɛ n ɐ ]_w
[_w ɑ ɾ j õ ]_w
[_w j ɐ h ɐ ]_w
[_w ɾ e l ɐ ]_w
[_w s ɑ d̪ʱ ɐ ]_w
[_w j ʊ d̪ʱː ɐ ]_w
[_w b ɑ kʰ ɐ ]_w
[_w ʃ ɪ ʃ ʊ ]_w
[_w l ɐ̃ ɡ ɑ ]_w
[_w l ɐ ɡ e ]_w
[_w b ɐ ɽʱ ɐ ]_w
[_w p ɐ ʃ ʊ ]_w
[_w dʒ ɛ s ɑ ]_w
[_w s ɪ ɾ ɐ ]_w
[_w pʰ u l õ ]_w
[_w k ɪ t̪ ɐ ]_w
[_w b ɑ b u ]_w
[_w tʃ ɑ ẽ ]_w
[_w ɡ ɐ n e ]_w
[_w dʒ i dʒ ɐ ]_w
[_w d̪ʱ ɐ n ɐ ]_w
[_w dʒ ɑ n i ]_w
[_w t̪ ɐ l õ ]_w
[_w ʋ ɪ d̪ ɐ ]_w
[_w ɐ t̪ ɑ ]_w
[_w h ɪ ʈ ɐ ]_w
[_w kʰ ɑ n e ]_w
[_w k ɐ n e ]_w
[_w k ɐ h ĩ ]_w
[_w b ɑ l ɐ ]_w
[_w ɐ t̪ j ɐ ]_w
[_w tʃ ɑ ɾ ɐ ]_w
[_w ɐ l i ]_w
[_w d̪ ɪ j e ]_w
[_w pʰ o n ɐ ]_w
[_w e n ɐ ]_w
[_w dʒ i t̪ e ]_w
[_w b u l ɐ ]_w
[_w bʱ u ɾ e ]_w
[_w k ɐ l i ]_w
[_w m ɐ tʃ ɑ ]_w
[_w ɐ tʃʰː e ]_w
[_w ʃ ɐ n ɪ ]_w
[_w dʒ ʊ k ɑ ]_w
[_w tʃ i t̪ ɐ ]_w
[_w p ɔ t̪ʰ e ]_w
[_w j ɑ t̪ ẽ ]_w
[_w s ɑ ɽʱ e ]_w
[_w ɡʱ ɐ n ɐ ]_w
[_w ɡʱ ɐ ɾ ɐ ]_w
[_w k ɐ bʱ i ]_w
[_w kʰ ɑ ʈ i ]_w
[_w t̪ i n ɐ ]_w
[_w ɡ ɐ ɾ e ]_w
[_w t̪ ɐ j ɐ ]_w
[_w s ɑ t̪ʰ ɐ ]_w
[_w ɡ ɐ l ɐ ]_w
[_w ɾ ɑ j ɐ ]_w
[_w b ɛ ʈʰ ɐ ]_w
[_w l ɑ j e ]_w
[_w bʱ ɾ i ]_w
[_w ɑ ɾ ɐ ]_w
[_w k ɑ l e ]_w
[_w d̪ ɪ kʰ ɑ ]_w
[_w k ɐ t̪ː i ]_w
[_w l ɔ ʈ e ]_w
[_w e l ɐ ]_w
[_w l ɔ ʈ ɐ ]_w
[_w e ɖ s ɐ ]_w
[_w k ʊ n õ ]_w
[_w dʒ ɛ k ɐ ]_w
[_w dʒʱ u ʈʰ ɐ ]_w
[_w tʃ ɐ ɾ ɑ ]_w
[_w kʰ ɐ ɽ e ]_w
[_w d̪ ɔ ɾ e ]_w
[_w p ɑ kʰ ɐ ]_w
[_w ɾ o ɡ ɐ ]_w
[_w ɐ n ʊ ]_w
[_w k ɐ t̪ʰ ɑ ]_w
[_w ɪ s e ]_w
[_w tʃ ũ ɡ ɪ ]_w
[_w ʋ ɪ k ɐ ]_w
[_w l ɐ̃ p ɑ ]_w
[_w l ɑ kʰ õ ]_w
[_w k ɪ s i ]_w
[_w j ɐ t̪ʰ ɑ ]_w
[_w ʋ ɪ t̪ ɐ ]_w
[_w p ɑ l u ]_w
[_w j ɑ t̪ ɑ ]_w
[_w t̪ ɐ ɾ i ]_w
[_w j ɐ h ĩ ]_w
[_w dʒ ɛ s i ]_w
[_w s ɪ l e ]_w
[_w ɑ b ɐ ]_w
[_w l o k ɐ ]_w
[_w k ɑ t̪ e ]_w
[_w e ɡ ɐ ]_w
[_w ɡʱ ɑ l i ]_w
[_w tʃ o ɾ ɐ ]_w
[_w z ɑ h ɐ ]_w
[_w ɾ ɑ tʃ ɑ ]_w
[_w k i t̪ õ ]_w
[_w h ʊ j i ]_w
[_w tʃ ɑ j ẽ ]_w
[_w p ɔ t̪ʰ ɑ ]_w
[_w k e s ɐ ]_w
[_w ɖʱ e ɾ ɐ ]_w
[_w s ɐ d̪ i ]_w
[_w ɐ s t̪ʰ ɑ ]_w
[_w d̪ ɑ d̪ i ]_w
[_w k ɑ̃ ʋ ɐ ]_w
[_w s ɐ̃ t̪ ɐ ]_w
[_w dʒ i n e ]_w
[_w ɾ ɑ ʃ ɪ ]_w
[_w p ʊ ɡ ɐ ]_w
[_w dʒ ɐ l ɑ ]_w
[_w ɾ ɐ t̪ː ɐ ]_w
[_w p e tʃ ɐ ]_w
[_w ɡ ɔ ɾ ɐ ]_w
[_w h ɑ t̪ʰ i ]_w
[_w ɾ ɑ ɡʱ ɐ ]_w
[_w k ɑ n ɑ ]_w
[_w h ɐ ɖ ɑ ]_w
[_w s ɪ ɾ e ]_w
[_w b ɐ n i ]_w
[_w e ʈ s ɐ ]_w
[_w p ɐ l ɐ ]_w
[_w ɡʱ ɐ ʈ ɐ ]_w
[_w ɡʱ ɑ j ɑ ]_w
[_w t̪ ɑ t̪ i ]_w
[_w k ɐ l e ]_w
[_w p ɑ l õ ]_w
[_w d̪ ɪ d̪ʱ ɪ ]_w
[_w tʃʰ ʊ ʈː i ]_w
[_w tʃ i s ɐ ]_w
[_w s i d̪ʱ ɑ ]_w
[_w ɑ e k ɑ ]_w
[_w l ɪ j e ]_w
[_w k ɐ tʃː e ]_w
[_w k ɛ ɾ ɐ ]_w
[_w ʋ ɪ t̪ʰ ɑ ]_w
[_w l i k ɐ ]_w
[_w s ʊ n i ]_w
[_w ʈ u ɖ ɐ ]_w
[_w ɾ o ɡ õ ]_w
[_w d̪ ʊ kʰ i ]_w
[_w ɾ ɑ ʋ ɐ ]_w
[_w p ɐ̃ t̪ i ]_w
[_w p ɐ̃ t̪ʰ ɐ ]_w
[_w bʱ ɪ nː ɐ ]_w
[_w dʒ ɛ ʋ ɐ ]_w
[_w s e m i ]_w
[_w tʃ ɛ s i ]_w
[_w d̪ ɑ d̪ ɑ ]_w
[_w ɡ ɛ s i ]_w
[_w s ɛ ɾ ɐ ]_w
[_w n e t̪ ɑ ]_w
[_w ʋ ɑ l ɑ ]_w
[_w d̪ i s ɐ ]_w
[_w bʱ ɐ l õ ]_w
[_w d̪ u ɾ ɐ ]_w
[_w ʈʰ ɐ̃ k ɐ ]_w
[_w p ʊ n e ]_w
[_w d̪ ɐ n ɐ ]_w
[_w h ʊ i ]_w
[_w bʱ ɐ ɾ e ]_w
[_w kʰ u b ɐ ]_w
[_w kʰ ɐ d̪ ɐ ]_w
[_w d̪ʱ ɑ ɾ i ]_w
[_w ɾ ɑ ɡʱ i ]_w
[_w tʃ i dʒ ɐ ]_w
[_w ʃ ɐ ɡ ɐ ]_w
[_w tʃ ɐ n ɐ ]_w
[_w ɾ o ɡ i ]_w
[_w b i d̪ ɐ ]_w
[_w h ɑ ɾ ɐ ]_w
[_w bʱ ɐ ʈː ɐ ]_w
[_w ɑ̃ d̪ʱ ɾ ɐ ]_w
[_w h ɑ d̪ʱ õ ]_w
[_w k ɑ̃ ʋ õ ]_w
[_w s ɐ̃ d̪ʱ ɪ ]_w
[_w p ɑ d̪ i ]_w
[_w ɡʱ ɐ̃ ɖ ɐ ]_w
[_w ɡ ʊ ɾ u ]_w
[_w d̪ʱ ʊ n ɐ ]_w
[_w p ɑ t̪ i ]_w
[_w s ɑ d̪ ɐ ]_w
[_w b ɪ l i ]_w
[_w p ɑ d̪ ɑ ]_w
[_w k ɐ ɖ ɐ ]_w
[_w ɾ o dʒ ɐ ]_w
[_w b ɐ tʃ ɑ ]_w
[_w ɑ j e ]_w
[_w dʒ ɑ j e ]_w
[_w ʋ ɐ d̪ʱ ɐ ]_w
[_w ɑ j ɑ ]_w
[_w s ɛ m ɐ ]_w
[_w ɡ ʊ ɾ ʊ ]_w
[_w b ɑ l õ ]_w
[_w s o ɾ ɐ ]_w
[_w kʰ ʊ l ɑ ]_w
[_w ɡ ʊ d̪ː e ]_w
[_w k ɐ d̪ ɪ ]_w
[_w dʒ ɑ t̪ ɑ ]_w
[_w k ɔ n ɐ ]_w
[_w l ɑ j ɑ ]_w
[_w tʃ o ʃ i ]_w
[_w k o ʈ ɪ ]_w
[_w k ɐ i ]_w
[_w m ʊ n ɪ ]_w
[_w dʒ ɑ ɾ ɐ ]_w
[_w d̪ ʊ ɑ ]_w
[_w k ɾ e ]_w
[_w m ɐ n ɑ ]_w
[_w h ʊ ɑ ]_w
[_w d̪ ɐ m ɐ ]_w
[_w h o ɡ i ]_w
[_w ɾ ɐ h ẽ ]_w
[_w b ɐ ɽ ɑ ]_w
[_w ɡ ɐ m i ]_w
[_w s o n ɑ ]_w
[_w bʱ ɐ l ɐ ]_w
[_w kʰ ɑ l i ]_w
[_w d̪ e ʃ õ ]_w
[_w kʰ ʊ ʃ i ]_w
[_w t̪ ɔ ɾ ɐ ]_w
[_w b ɑ i ]_w
[_w p ɐ ɡ ɐ ]_w
[_w p ɑ t̪ õ ]_w
[_w tʃ ɛ ʋ ɐ ]_w
[_w k ɐ b ɐ ]_w
[_w m ʊ d̪ː e ]_w
[_w b ɑ n ɐ ]_w
[_w ɡʱ e l ɐ ]_w
[_w kʰ ɐ ʈ ɐ ]_w
[_w l ɑ bʱ ɐ ]_w
[_w l o h ɑ ]_w
[_w ɡ ɐ h ɑ̃ ]_w
[_w ɡ ɐ ɾ ẽ ]_w
[_w p ɐ tʃː ɑ ]_w
[_w bʱ o n ɐ ]_w
[_w ɾ u b ɐ ]_w
[_w k ɪ ɾ ɑ ]_w
[_w b ɪ n ɐ ]_w
[_w p ɑ b ɑ ]_w
[_w ʋ ɪ d̪ʱ ɑ ]_w
[_w ʃ ʊ bʱ ɐ ]_w
[_w ʈ i k ɑ ]_w
[_w ɑ ɡ e ]_w
[_w d̪ ɐ s ɐ ]_w
[_w p ɐ dʒ ɑ ]_w
[_w pʰ ɐ ɾ ɐ ]_w
[_w ɡʱ u p ɐ ]_w
[_w p ɪ n ɑ ]_w
[_w m o ʈ i ]_w
[_w s o dʒ ɑ ]_w
[_w k ɪ l e ]_w
[_w ɡ ɐ n õ ]_w
[_w t̪ ɐ k ɐ ]_w
[_w b ɑ p ɐ ]_w
[_w bʱ ɐ l e ]_w
[_w dʒ i t̪ ɐ ]_w
[_w ɾ e t̪ ɐ ]_w
[_w ɾ ẽ dʒ ɐ ]_w
[_w h ɑ d̪ʱ ɐ ]_w
[_w ɾ ɐ d̪ː ɐ ]_w
[_w bʱ i ɽ ɐ ]_w
[_w ʋ ɐ n õ ]_w
[_w ĩ ʈ ɐ ]_w
[_w ʈ ɑ k ɐ ]_w
[_w h o l i ]_w
[_w ɾ o ʈ i ]_w
[_w h ɪ d̪ õ ]_w
[_w d̪ ɑ m ɐ ]_w
[_w l e n ɑ ]_w
[_w ʈ ɛ ɡ ɐ ]_w
[_w k ɐ̃ p ɐ ]_w
[_w l ẽ ɡ e ]_w
[_w t̪ i n õ ]_w
[_w tʃ ɪ ʈʰː e ]_w
[_w n ɐ l i ]_w
[_w h ɪ t̪ õ ]_w
[_w ɡʱ e ɾ e ]_w
[_w ʋ ɐ h ɐ ]_w
[_w ɡʱ ɐ ɖ ɐ ]_w
[_w ɡ o n e ]_w
[_w tʃ ɔ ɽ ɑ ]_w
[_w m o ɖ i ]_w
[_w j ɐ d̪ ɪ ]_w
[_w d̪ʱ ɑ ɾ ɑ ]_w
[_w ʃ ɐ t̪ i ]_w
[_w n ɑ m ɐ ]_w
[_w d̪ e kʰ ɑ ]_w
[_w k ɐ ɾ o ]_w
[_w tʃ o ʈ ɐ ]_w
[_w ɡ ɐ j ĩ ]_w
[_w dʒ ɑ d̪ ɐ ]_w
[_w b ɑ s ɐ ]_w
[_w k ɐ̃ ɡ ɑ ]_w
[_w n e h ɐ ]_w
[_w p ɛ d̪ ɑ ]_w
[_w m e ɾ ɑ ]_w
[_w l ɐ kʰ ʊ ]_w
[_w s e n ɑ ]_w
[_w d̪ e s ɐ ]_w
[_w s u ʈ ɐ ]_w
[_w dʒ o ɾ ɐ ]_w
[_w z ɑ d̪ʱ ɐ ]_w
[_w b ɑ n e ]_w
[_w ɑ d̪ e ]_w
[_w p ɐ ʈː i ]_w
[_w l ɪ kʰ ɑ ]_w
[_w kʰ ɐ ɽ ɑ ]_w
[_w t̪ ʊ kʰ ɐ ]_w
[_w ɡ ɑ ʃ i ]_w
[_w d̪ʱ ɑ m ɐ ]_w
[_w dʒ i dʒ ẽ ]_w
[_w b e l ɐ ]_w
[_w s ɐ l ɑ ]_w
[_w ɾ u b i ]_w
[_w d̪ ɑ ɾ ɑ ]_w
[_w kʰ u n ɐ ]_w
[_w ɡ o t̪ ɐ ]_w
[_w ɾ ɐ̃ ɡ ɐ ]_w
[_w k o n ɐ ]_w
[_w dʒ ɐ h ɑ̃ ]_w
[_w ɑ dʒ ɐ ]_w
[_w t̪ ɑ b ɐ ]_w
[_w tʃʰ o ʈ ɑ ]_w
[_w dʒ ɐ̃ ɡ ɐ ]_w
[_w n ɐ s ɐ ]_w
[_w m ɑ n ɑ ]_w
[_w b ɐ ɽ e ]_w
[_w tʃ ɑ ɾ i ]_w
[_w tʃ ɑ l ɐ ]_w
[_w p ɑ t̪ ɐ ]_w
[_w ɑ l u ]_w
[_w kʰ ɪ ɾ ɑ ]_w
[_w s ɔ ɾ ɐ ]_w
[_w ʈʰ e ɾ ɐ ]_w
[_w b ɪ̃ d̪ ʊ ]_w
[_w m u l ɐ ]_w
[_w k ɑ ʃ ɐ ]_w
[_w ʃ ʊ ɾ u ]_w
[_w m ɑ ɾ ɑ ]_w
[_w b ɛ ɾ ɐ ]_w
[_w s ɪ ʋ ɑ ]_w
[_w dʒ ɑ̃ t̪ ɐ ]_w
[_w d̪ʱ ɐ ɾ ɐ ]_w
[_w k i ʈ õ ]_w
[_w dʒ ʊ ɽ ɐ ]_w
[_w j ɔ n ɐ ]_w
[_w t̪ e t̪ i ]_w
[_w p ɐ ɽ ɐ ]_w
[_w h ɪ l ɐ ]_w
[_w tʃ ɐ b ɐ ]_w
[_w d̪ ɑ l ɐ ]_w
[_w ɡ ɐ i ]_w
[_w h ɪ sː ɑ ]_w
[_w l ɐ k i ]_w
[_w ʊ ʈʰ i ]_w
[_w b ɑ ɾ e ]_w
[_w m e l ɐ ]_w
[_w d̪ ɪ l ɐ ]_w
[_w dʒ ɐ ɡ ɐ ]_w
[_w p ɑ k i ]_w
[_w ɡ ɛ t̪ ɐ ]_w
[_w tʃ ɔ d̪ʱ e ]_w
[_w k ɪ j ɑ ]_w
[_w kʰ ɑ i ]_w
[_w dʒ ɐ m ɑ ]_w
[_w p ɐ tʃː õ ]_w
[_w k ɑ ɖ ɐ ]_w
[_w ʊ ʈʰ ɑ ]_w
[_w s i n e ]_w
[_w t̪ ʊ l ɐ ]_w
[_w b ɑ ɾ ɐ ]_w
[_w h o t̪ i ]_w
[_w p ɑ d̪ʱ ɑ ]_w
[_w tʃ ɪ s e ]_w
[_w d̪ e n ɑ ]_w
[_w e pʰ ɐ ]_w
[_w pʰ ɑ ɡ ɐ ]_w
[_w t̪ ɑ p ɐ ]_w
[_w s ɐ tʃː ɑ ]_w
[_w m e ɾ e ]_w
[_w pʰ ɑ ʋ i ]_w
[_w d̪ e dʒ ɐ ]_w
[_w s i t̪ ɑ ]_w
[_w n ɑ n ɑ ]_w
[_w t̪ e s i ]_w
[_w l ɔ ʈ ɑ ]_w
[_w t̪ ɐ m ɑ ]_w
[_w p ɐ ɖː i ]_w
[_w ɐ̃ k õ ]_w
[_w kʰ e t̪ õ ]_w
[_w d̪ u ɾ i ]_w
[_w ɑ d̪ m ɑ ]_w
[_w t̪ʰ i m i ]_w
[_w dʒ i n i ]_w
[_w k o n e ]_w
[_w b ɐ ɖ i ]_w
[_w ɡʱ ɑ n ɐ ]_w
[_w k ɑ l ɑ ]_w
[_w ɪ s ɐ ]_w
[_w ɑ d̪ i ]_w
[_w b ɐ s ɑ ]_w
[_w t̪ ɑ z ɐ ]_w
[_w b ɐ ɡ ɐ ]_w
[_w m ɑ n o ]_w
[_w ɛ s i ]_w
[_w t̪ ɑ ɾ õ ]_w
[_w ɡʱ ɑ ʋ ɐ ]_w
[_w m ʊ t̪ː ɑ ]_w
[_w ʃ ɑ̃ t̪ ɐ ]_w
[_w ɡ ɐ ɾ o ]_w
[_w tʃ o ɽ i ]_w
[_w ɾ i t̪ ɪ ]_w
[_w ɡʱ e t̪ i ]_w
[_w ɑ t̪ ɑ ]_w
[_w p ɔ ʈ i ]_w
[_w ɐ ɾ t̪ʰ ɐ ]_w
[_w tʃ ɐ̃ ɡ ɐ ]_w
[_w dʒ ɪ s e ]_w
[_w s ɐ dʒ ɐ ]_w
[_w t̪ ɐ d̪ː ɐ ]_w
[_w d̪ ɑ ɾ ɐ ]_w
[_w dʒ e t̪ ɑ ]_w
[_w dʒ ɐ̃ k ɐ ]_w
[_w dʒ ɪ l ɑ ]_w
[_w m ɔ k ɑ ]_w
[_w b ɐ tʃː e ]_w
[_w ɾ ɐ kʰ i ]_w
[_w ɪ n h ĩ ]_w
[_w ʃ ɛ l ɐ ]_w
[_w h ɐ ɾ ɑ ]_w
[_w ɖ ɑ k ɐ ]_w
[_w dʒ ɐ h ɐ ]_w
[_w kʰ o ɽ e ]_w
[_w bʱ ɑ k ɐ ]_w
[_w b ɐ ɽʱ e ]_w
[_w ʋ ɑ j ɐ ]_w
[_w d̪ ɪ j ɑ ]_w
[_w ɑ e ɡ ɑ ]_w
[_w k ɪ m i ]_w
[_w p i s ɐ ]_w
[_w ɡʱ ʊ l ɑ ]_w
[_w pʰ ɑ ʃ ɐ ]_w
[_w bʱ ɑ ʋ i ]_w
[_w ɐ n t̪ ɐ ]_w
[_w p ɑ n ɐ ]_w
[_w b ʊ ɾ e ]_w
[_w ʋ ɑ n i ]_w
[_w ɡ ɐ p ɐ ]_w
[_w p ɑ n e ]_w
[_w k ɑ ʈ ɐ ]_w
[_w ɑ t̪ e ]_w
[_w pʰ ɑ ɾ ɐ ]_w
[_w k ɑ f i ]_w
[_w ɡ ɐ ĩ ]_w
[_w tʃ ɛ s e ]_w
[_w u ɾ dʒ ɑ ]_w
[_w ɡ ɐ ɾ ɑ ]_w
[_w ɡ o ʈ ɐ ]_w
[_w ɖ ɑ l i ]_w
[_w p o l e ]_w
[_w s ɐ̃ kʰ ɐ ]_w
[_w kʰ ʊ s ɐ ]_w
[_w t̪ ɔ ɾ ɑ ]_w
[_w s ɑ dʒʱ ɑ ]_w
[_w tʃ ʊ n ɑ ]_w
[_w b ɐ d̪ õ ]_w
[_w p ɐ ɽʱ ẽ ]_w
[_w n ɐ j ɑ ]_w
[_w ɖ ɐ n ɐ ]_w
[_w n i d̪ ɪ ]_w
[_w tʃʰ ɐ d̪ ɐ ]_w
[_w bʱ ɪ ɾ ɐ ]_w
[_w tʃ o s ɐ ]_w
[_w t̪ ɑ n ɐ ]_w
[_w bʱ ɑ ʃ ɑ ]_w
[_w ʊ tʃː ɐ ]_w
[_w b ɐ ɾ ɑ ]_w
[_w ɾ ɐ ɡʱ ɐ ]_w
[_w k e ʈ ɐ ]_w
[_w h ɐ ɾ e ]_w
[_w dʒ ɑ e ]_w
[_w kʰ o ɾ ɐ ]_w
[_w ʋ e k ɐ ]_w
[_w l e d̪ e ]_w
[_w k e n ɐ ]_w
[_w m ɐ̃ t̪ i ]_w
[_w m ʊ dʒʱ ɐ ]_w
[_w ɾ ɑ kʰ i ]_w
[_w ɾ ɐ h ĩ ]_w
[_w p ɛ ʈʰ i ]_w
[_w ɐ d̪ j ɐ ]_w
[_w bʱ ɐ ɾ i ]_w
[_w ɡ i t̪ ɑ ]_w
[_w m ɛ tʃ ɐ ]_w
[_w ʋ ɛ t̪ʰ ɐ ]_w
[_w ɾ ɐ z ɐ ]_w
[_w k ɐ j i ]_w
[_w bʱ ɑ ʋ ɐ ]_w
[_w ʃ i t̪ ɐ ]_w
[_w ɖʱ ɑ l ɐ ]_w
[_w dʒ o ʈ i ]_w
[_w j ɑ ɾ ɐ ]_w
[_w k e m ɐ ]_w
[_w t̪ ɪ n ɐ ]_w
[_w k i d̪ ɑ ]_w
[_w ɡ ɐ t̪ː i ]_w
[_w p i z ɐ ]_w
[_w k ʊ t̪ː e ]_w
[_w ɡ ɐ ʋ ɪ ]_w
[_w b u tʃʰ ɑ ]_w
[_w ɡ ɑ l e ]_w
[_w ɡʱ ɐ ɾ õ ]_w
[_w b e ɖ ɑ ]_w
[_w n ɐ ɾ ɐ ]_w
[_w s ɑ l ɐ ]_w
[_w ɡ o n ɐ ]_w
[_w tʃ ɑ t̪ ɪ ]_w
[_w ɾ ɐ ʋ ɪ ]_w
[_w d̪ ɐ t̪ː ɐ ]_w
[_w ʈʰ ɐ̃ ʈ ɑ ]_w
[_w ɑ t̪ ɪ ]_w
[_w dʒ o ʈ ɐ ]_w
[_w b ɐ ʃ ʊ ]_w
[_w p ɑ j ɑ ]_w
[_w kʰ ʊ l e ]_w
[_w ɡ ɐ d̪ ɪ ]_w
[_w pʰ ɐ ɾ i ]_w
[_w b ɪ̃ ɖ ɐ ]_w
[_w b e ɽ ɐ ]_w
[_w k ɛ s ɐ ]_w
[_w b ɪ l ɐ ]_w
[_w p ɑ ɡ ɐ ]_w
[_w ʈ ɑ l e ]_w
[_w t̪ʰ ɑ d̪ ʊ ]_w
[_w k ɐ ĩ ]_w
[_w m ɐ ɾ ɑ ]_w
[_w ɡ e m ɐ ]_w
[_w k ɑ d̪ e ]_w
[_w t̪ ɑ ɾ e ]_w
[_w n i l e ]_w
[_w ɾ ɑ kʰ ɐ ]_w
[_w l o h e ]_w
[_w p ɑ t̪ e ]_w
[_w s ɐ̃ t̪ õ ]_w
[_w s ɐ n ]_w
[_w ɡʱ e l õ ]_w
[_w ʋ ɪ t̪ː ɐ ]_w
[_w s i kʰ ɐ ]_w
[_w dʒ ʊ n ɑ ]_w
[_w kʰ u p ɐ ]_w
[_w p ɐ dʒ ɐ ]_w
[_w tʃʰ u ʈ ɐ ]_w
[_w ɡ ɑ n e ]_w
[_w bʱ ɪ ɖ ɐ ]_w
[_w d̪ʱ o kʰ ɑ ]_w
[_w s ɪ ʈ ɐ ]_w
[_w m ɑ d̪ ɑ ]_w
[_w ʋ e p ɐ ]_w
[_w tʃ ɑ tʃ ɑ ]_w
[_w z i t̪ ɑ ]_w
[_w u n ɐ ]_w
[_w ũ dʒ e ]_w
[_w ɡ ɐ ɾ i ]_w
[_w ɐ ɡ ɾ ɐ ]_w
[_w ɾ e ʈ ɐ ]_w
[_w pʰ o k ɐ ]_w
[_w p ɪ k ɐ ]_w
[_w tʃʰ ɐ̃ t̪ ɐ ]_w
[_w n ɐ d̪ i ]_w
[_w ɐ̃ ɡ õ ]_w
[_w t̪ ʊ dʒʱ e ]_w
[_w ʈ ɑ ʈ ɑ ]_w
[_w b i dʒ ɐ ]_w
[_w p i t̪ ɐ ]_w
[_w m ɐ̃ tʃ ɐ ]_w
[_w tʃ ɑ̃ d̪ ɐ ]_w
[_w ɐ d̪ ɪ ]_w
[_w kʰ ʊ t̪ ɐ ]_w
[_w bʱ ɑ̃ t̪ ɪ ]_w
[_w ɡ ʊ tʃʰ ɐ ]_w
[_w b ɐ n e ]_w
[_w p ɔ ɽ i ]_w
[_w ɡ ɑ t̪ e ]_w
[_w b e ɖ e ]_w
[_w tʃ i d̪ ɑ ]_w
[_w k ɐ ɽ i ]_w
[_w ʊ s e ]_w
[_w tʃʰ o ʈ e ]_w
[_w b ɑ ɽʱ ɐ ]_w
[_w ʈ i m ɐ ]_w
[_w b ɪ k ɐ ]_w
[_w d̪ ɑ ɾ õ ]_w
[_w ɔ ɾ ɐ ]_w
[_w ɡ o ʋ ɑ ]_w
[_w p ɛ s e ]_w
[_w d̪ʱ o ɽ ɑ ]_w
[_w ɡ j ɑ ]_w
[_w bʱ e dʒ e ]_w
[_w tʃ o ɾ i ]_w
[_w bʱ i ʈ ɐ ]_w
[_w bʱ ẽ ʈ ɐ ]_w
[_w ʊ ɾ tʃ ɑ ]_w
[_w d̪ i t̪ i ]_w
[_w ɐ d̪ ɐ ]_w
[_w k ɑ j ɑ ]_w
[_w h e d̪ ʊ ]_w
[_w tʃ ɪ l õ ]_w
[_w d̪ o ʃ ɐ ]_w
[_w ɡ ʊ pʰ ɑ ]_w
[_w ɑ j ʊ ]_w
[_w ɖ ɑ ɡ ɐ ]_w
[_w ɡʱ ɪ ɾ ɑ ]_w
[_w t̪ ʊ kʰ i ]_w
[_w ʃ ɾ i ]_w
[_w pʰ u kʰ ɐ ]_w
[_w p e n ɐ ]_w
[_w p u ɾ i ]_w
[_w b ɑ t̪ ɐ ]_w
[_w ʋ ɑ b ɐ ]_w
[_w k ɛ s i ]_w
[_w k ɑ m õ ]_w
[_w k ɐ d̪ʱ ɑ ]_w
[_w s ɪ d̪ʱː ɐ ]_w
[_w s u kʰ e ]_w
[_w n ɐ e ]_w
[_w ɾ ɪ k ɑ ]_w
[_w h ɪ̃ t̪ ɐ ]_w
[_w b ɐ ʈ i ]_w
[_w m ɑ n e ]_w
[_w t̪ ɐ l e ]_w
[_w z ɑ ɾ ɑ ]_w
[_w k o ɾ ɐ ]_w
[_w tʃ ʊ n e ]_w
[_w ɑ ʃ ɑ ]_w
[_w l ɐ ɡ ĩ ]_w
[_w d̪ʱ ɐ n i ]_w
[_w b ɾ o ]_w
[_w p u dʒ ɑ ]_w
[_w ɡʱ e l e ]_w
[_w kʰ ɑ t̪ ɑ ]_w
[_w k ɐ ɾ e ]_w
[_w ɡ ɛ ɾ ɐ ]_w
[_w tʃ ɑ t̪ u ]_w
[_w kʰ o tʃ ɐ ]_w
[_w t̪ i t̪ i ]_w
[_w dʒʱ i l ɐ ]_w
[_w t̪ e kʰ o ]_w
[_w ɑ̃ s u ]_w
[_w dʒ i ʋ ɐ ]_w
[_w l ɪ̃ k ɐ ]_w
[_w s ɑ̃ p ɐ ]_w
[_w f ɐ ɾ ɐ ]_w
[_w l o ɡ ɐ ]_w
[_w d̪ ɐ p ɑ ]_w
[_w b i s ɐ ]_w
[_w n ɐ h i ]_w
[_w s ɑ f ɐ ]_w
[_w l ɪ kʰ e ]_w
[_w ɾ ɪ tʃ ɐ ]_w
[_w p ʊ l ɐ ]_w
[_w kʰ ɑ d̪ ɐ ]_w
[_w ɑ t̪ m ɑ ]_w
[_w s ɑ t̪ ɐ ]_w
[_w dʒ ɑ n e ]_w
[_w ɐ mː ɑ ]_w
[_w ẽ ʈ ɐ ]_w
[_w ɾ ʊ k ɐ ]_w
[_w bʱ ɐ j ɐ ]_w
[_w b ɐ̃ d̪ʱ ɐ ]_w
[_w ɡʱ ɑ i ]_w
[_w k ɐ t̪ ɐ ]_w
[_w ʃ ɪ k ɑ ]_w
[_w b ɐ ʈ e ]_w
[_w s i d̪ ɑ ]_w
[_w pʰ ɐ l õ ]_w
[_w ɑ t̪ m ɐ ]_w
[_w t̪ o ʃ i ]_w
[_w tʃ ɐ ɽ ɐ ]_w
[_w t̪ e ɾ e ]_w
[_w ɾ ɐ̃ ɡ õ ]_w
[_w tʃ o ɽ ɑ ]_w
[_w ɐ l b ɐ ]_w
[_w l ɪ p ɪ ]_w
[_w o l ɖ ɐ ]_w
[_w ɑ ɾ ɖ ɐ ]_w
[_w b ɐ dʒ i ]_w
[_w tʃ ɑ t̪ ɑ ]_w
[_w tʃ ɑ d̪ u ]_w
[_w ɡ u t̪ ɐ ]_w
[_w k ɪ n ɐ ]_w
[_w d̪ ɐ n ɑ ]_w
[_w ɡʱ ɐ̃ ɖ ɑ ]_w
[_w ʊ n ɐ ]_w
[_w p ɐ d̪ː e ]_w
[_w pʰ e dʒ e ]_w
[_w ʋ o ʈ ɐ ]_w
[_w p i ʈʰ ɐ ]_w
[_w tʃ i dʒ õ ]_w
[_w ʈ ɐ n ɐ ]_w
[_w j ɐ t̪ ɪ ]_w
[_w b u ɾ ɐ ]_w
[_w b ɐ ʈː i ]_w
[_w ɐ̃ ɖ e ]_w
[_w p ɐ s ɐ ]_w
[_w n ɑ t̪ e ]_w
[_w ɾ u s i ]_w
[_w b ɑ d̪ ẽ ]_w
[_w bʱ ɑ ɡ õ ]_w
[_w ʋ ɛ d̪ʱ ɐ ]_w
[_w ɾ ɐ kʰ e ]_w
[_w ɾ o s ɐ ]_w
[_w bʱ u kʰ ɐ ]_w
[_w dʒ u k ɑ ]_w
[_w ʈʰ o s ɐ ]_w
[_w ɐ tʃʰː ɑ ]_w
[_w k ɑ bʱ i ]_w
[_w h ɐ ʈ ɐ ]_w
[_w n i ɾ ɑ ]_w
[_w d̪ ɐ b ɑ ]_w
[_w t̪ ɐ l ɑ ]_w
[_w ɑ d̪ʱ e ]_w
[_w dʒ ɑ ɡ ɐ ]_w
[_w h e t̪ ʊ ]_w
[_w ɡ ɑ j ɑ ]_w
[_w k ɑ l ɐ ]_w
[_w ɡ ɑ̃ ʋ ɐ ]_w
[_w b o dʒʱ ɐ ]_w
[_w k ɐ e ]_w
[_w kʰ ʊ ʃ ɐ ]_w
[_w n ɐ m i ]_w
[_w pʰ ɐ k ɐ ]_w
[_w l ɑ k u ]_w
[_w s ɑ̃ t̪ ɑ ]_w
[_w ɡ ɑ ʃ ɐ ]_w
[_w ɾ ɑ dʒ ɑ ]_w
[_w ɐ t̪ j ɑ ]_w
[_w t̪ʰ o ɽ i ]_w
[_w tʃʰ o ɖ i ]_w
[_w b ɐ j ɑ ]_w
[_w ɾ ɑ tʃ ɐ ]_w
[_w p i l e ]_w
[_w u ʃ m ɑ ]_w
[_w b ɐ d̪ ɑ ]_w
[_w ɡʱ ɑ ɽ i ]_w
[_w ɡ ɑ l ɐ ]_w
[_w tʃ ɑ d̪ ɑ ]_w
[_w pʰ o ʈ o ]_w
[_w bʱ ẽ ɖ ɐ ]_w
[_w ɾ ɐ̃ k ɐ ]_w
[_w b e ʃ ɐ ]_w
[_w dʒ ɑ ẽ ]_w
[_w h o t̪ e ]_w
[_w p ɐ nː e ]_w
[_w l e n i ]_w
[_w l ɑ ɡ ɐ ]_w
[_w d̪ e ʋ i ]_w
[_w k ɐ ʈ ɐ ]_w
[_w b ɑ ɾ i ]_w
[_w bʱ ɐ k ɐ ]_w
[_w h ɑ i ]_w
[_w kʰ ɑ j ɑ ]_w
[_w z ɐ h ɐ ]_w
[_w n ɑ d̪ʱ ɐ ]_w
[_w bʱ ɑ p ɐ ]_w
[_w b e tʃ ɐ ]_w
[_w tʃʰ e d̪ ɐ ]_w
[_w bʱ e d̪ ɐ ]_w
[_w ɐ ɖː e ]_w
[_w p ɐ̃ d̪ʱ ɐ ]_w
[_w kʰ ɐ ɾ ɐ ]_w
[_w b i tʃʰ e ]_w
[_w ɐ̃ k ɐ ]_w
[_w p ɪ̃ ɖ ɐ ]_w
[_w bʱ ʊ ʈ ɐ ]_w
[_w h ɪ sː õ ]_w
[_w ɡ ɑ n ɐ ]_w
[_w ɾ u dʒ ɪ ]_w
[_w s ɐ dʒ ɑ ]_w
[_w h o k i ]_w
[_w bʱ u l ɐ ]_w
[_w p ɑ b u ]_w
[_w ɖ ɐ ɾ ɐ ]_w
[_w d̪ ɐ d̪ʱ ɑ ]_w
[_w z i ɖ ɐ ]_w
[_w tʃ ʊ k e ]_w
[_w b ɑ j e ]_w
[_w ɾ i d̪ ɪ ]_w
[_w t̪ ɐ̃ ɖ ɐ ]_w
[_w h ɐ t̪ ɐ ]_w
[_w tʃ e k ɐ ]_w
[_w b ɐ̃ d̪ ɐ ]_w
[_w k ɑ dʒ ɐ ]_w
[_w s ɔ̃ p ɐ ]_w
[_w l ɐ̃ b e ]_w
[_w b ɔ ɖ i ]_w
[_w s ɐ k ẽ ]_w
[_w h ɐ m ẽ ]_w
[_w ɡʱ ʊ t̪ ɑ ]_w
[_w dʒ e l ɐ ]_w
[_w d̪ e tʃ ɐ ]_w
[_w ɡʱ ɐ ɾ i ]_w
[_w dʒ ɑ t̪ ɐ ]_w
[_w ʈʰ ɐ̃ ɖ i ]_w
[_w d̪ e ɡ i ]_w
[_w b i ɽ ɑ ]_w
[_w dʒ ɑ n ɑ ]_w
[_w b ɑ d̪ ɑ ]_w
[_w ɾ ɐ k ɐ ]_w
[_w ɡ ɾ e ]_w
[_w d̪ ɑ b ɐ ]_w
[_w tʃ ɪ̃ d̪ ɑ ]_w
[_w p e ɽ ɐ ]_w
[_w dʒ ɛ s e ]_w
[_w b i ɖʱ ɐ ]_w
[_w p e dʒ ɑ ]_w
[_w h õ ɡ e ]_w
[_w bʱ e tʃ ɐ ]_w
[_w b ɑ j ɐ ]_w
[_w t̪ ɐ n ɑ ]_w
[_w ɡ ɐ̃ b ɐ ]_w
[_w tʃ ɑ ʋ ɐ ]_w
[_w p e ɖ ɐ ]_w
[_w tʃ ɑ k ɐ ]_w
[_w bʱ o ʈ o ]_w
[_w t̪ ɐ l ɐ ]_w
[_w ʃ ɑ h i ]_w
[_w tʃ i d̪ e ]_w
[_w ɡʱ o dʒ ɐ ]_w
[_w kʰ ɑ ʈ ɐ ]_w
[_w b i ɽʱ i ]_w
[_w bʱ ɑ̃ s i ]_w
[_w h o l ɐ ]_w
[_w p ɐ t̪ː ɪ ]_w
[_w t̪ ɑ j ɐ ]_w
[_w p ɛ k ɐ ]_w
[_w t̪ e k i ]_w
[_w kʰ e t̪ i ]_w
[_w tʃ ɑ h ɑ ]_w
[_w p e ʈ e ]_w
[_w k o t̪ ɐ ]_w
[_w tʃʰ o ʈ i ]_w
[_w ɖʱ ɐ̃ ɡ ɐ ]_w
[_w t̪ e ɾ ɑ ]_w
[_w p ɐ m ɐ ]_w
[_w s ɐ t̪ ɑ ]_w
[_w bʱ ɑ k õ ]_w
[_w ʈ e ɽʱ ɐ ]_w
[_w l ɔ h ɐ ]_w
[_w k o l i ]_w
[_w s ɐ tʃ ɑ ]_w
[_w k j õ ]_w
[_w ɐ̃ d̪ ɐ ]_w
[_w ɡ ɑ ɾ ɐ ]_w
[_w ɾ ɐ h o ]_w
[_w ɖ i k ɑ ]_w
[_w p i ɖʱ i ]_w
[_w p ʊ ɾ e ]_w
[_w ʊ m ɾ ɐ ]_w
[_w dʒ ʊ ɽ i ]_w
[_w ɑ ɾ j ɐ ]_w
[_w l ɑ i ]_w
[_w t̪ ɪ m ɑ ]_w
[_w k i t̪ ɑ ]_w
[_w l ɐ̃ b i ]_w
[_w t̪ e ʋ i ]_w
[_w p ɐ d̪ː õ ]_w
[_w dʒ ɐ l o ]_w
[_w t̪ e ʃ õ ]_w
[_w s ɑ ɾ ɐ ]_w
[_w ɾ o k ɐ ]_w
[_w ɡ ɪ n ɐ ]_w
[_w j ɐ̃ ɡ ɐ ]_w
[_w dʒ ʊ n ɐ ]_w
[_w ɖ ɑ l ɑ ]_w
[_w ɾ ɐ s ɐ ]_w
[_w ɡʱ ɑ t̪ e ]_w
[_w d̪ e ɾ e ]_w
[_w ɡ ɐ j e ]_w
[_w d̪ e tʃ i ]_w
[_w b ɐ d̪ ɪ ]_w
[_w dʒ ɐ l e ]_w
[_w d̪ ɐ ʃ ɑ ]_w
[_w kʰ ɐ̃ ʈ ɐ ]_w
[_w ɡʱ ɐ̃ ɖ e ]_w
[_w dʒ ɑ h ẽ ]_w
[_w b e ʈ ɐ ]_w
[_w ɾ ɪ ʃ ɪ ]_w
[_w ɡ ɐ b ɐ ]_w
[_w l e t̪ i ]_w
[_w s ɔ̃ p ɑ ]_w
[_w d̪ ɑ ʋ e ]_w
[_w pʰ i ʈ ɐ ]_w
[_w d̪ ɐ ʈ ɐ ]_w
[_w d̪ ɑ j ɐ ]_w
[_w m o t̪ i ]_w
[_w l ɪ e ]_w
[_w h ɐ ɖː i ]_w
[_w s ɑ l õ ]_w
[_w ʃ i d̪ ɐ ]_w
[_w ɑ m ɐ ]_w
[_w s i ɡʱ ɑ ]_w
[_w l ɐ̃ p i ]_w
[_w d̪ʱ o ɖ ɑ ]_w
[_w kʰ ɐ̃ ʈ ɑ ]_w
[_w l ɔ ɖ ɐ ]_w
[_w p ɐ t̪ʰː ɐ ]_w
[_w ɡ ɐ s ɐ ]_w
[_w p ɐ̃ t̪ ɐ ]_w
[_w ʋ ɐ z ɑ ]_w
[_w dʒ ɐ ɾ ɑ ]_w
[_w tʃ o ɽ e ]_w
[_w b ɾ ɐ ]_w
[_w k ʊ d̪ː e ]_w
[_w n e ʈ ɐ ]_w
[_w dʒ ɑ k ɐ ]_w
[_w kʰ o dʒ ɐ ]_w
[_w kʰ ɐ n e ]_w
[_w b ɪ d̪ ɑ ]_w
[_w k ɐ̃ t̪ʰ e ]_w
[_w bʱ ɐ̃ ɡ ɐ ]_w
[_w ʈ ɐ ɾ ɐ ]_w
[_w ɐ ɡ n ɪ ]_w
[_w p ɑ p ɐ ]_w
[_w b ɐ ɾ i ]_w
[_w d̪ ɐ l e ]_w
[_w t̪ ɑ m ɐ ]_w
[_w l ɑ n ɑ ]_w
[_w d̪ ɐ t̪ʰ ɑ ]_w
[_w z ɪ k ɐ ]_w
[_w ɑ p ɐ ]_w
[_w t̪ e ɾ ɐ ]_w
[_w b ɛ ʈʰ i ]_w
[_w p ɐ ʈ ɑ ]_w
[_w pʰ e tʃ ɐ ]_w
[_w d̪ e k ɑ ]_w
[_w s i d̪ʱ i ]_w
[_w ɪ n h ẽ ]_w
[_w tʃ ɑ t̪ ɐ ]_w
[_w pʰ ʊ ɖ ɐ ]_w
[_w ɾ ɪ n ɐ ]_w
[_w t̪ ɐ t̪ʰ ɑ ]_w
[_w p ɑ̃ tʃ ɐ ]_w
[_w ɖ ɐ tʃ ɐ ]_w
[_w ɖ ɑ l e ]_w
[_w s ɐ k i ]_w
[_w t̪ o ɽ ɐ ]_w
[_w s ẽ ɖ ɐ ]_w
[_w ɡ i ʈ ɐ ]_w
[_w ɡʱ o ɽ e ]_w
[_w m u ɾ ɐ ]_w
[_w ɡ ʊ bʱ ɑ ]_w
[_w s ɐ d̪ː ɑ ]_w
[_w f ɪ ɾ ɐ ]_w
[_w ʊ s ɐ ]_w
[_w t̪ ʊ ɑ ]_w
[_w ɡ o tʃ ɐ ]_w
[_w p ɑ ɾ i ]_w
[_w dʒ ɪ m ɐ ]_w
[_w tʃ ɛ ɡ ɐ ]_w
[_w ɪ ɖ ɐ ]_w
[_w l ɐ k e ]_w
[_w dʒ ɪ t̪ ɐ ]_w
[_w ʃ ɑ̃ d̪ ɐ ]_w
[_w p ɐ j ɑ ]_w
[_w k e h ũ ]_w
[_w pʰ ɾ i ]_w
[_w dʒ ɪ ʈʰː e ]_w
[_w p ɔ d̪ʱː ɐ ]_w
[_w s ɑ ɾ ɑ ]_w
[_w ɡ ɛ s ɐ ]_w
[_w ʈʰ ɐ̃ ɖ e ]_w
[_w d̪ ɑ k ɪ ]_w
[_w bʱ ɐ̃ k ɐ ]_w
[_w d̪ i n õ ]_w
[_w b ɛ l ɐ ]_w
[_w ɡ ɐ pʰ i ]_w
[_w ɑ t̪ʰ i ]_w
[_w h ɪ̃ d̪ ɐ ]_w
[_w b e ʈ ɑ ]_w
[_w k i ɖ ɐ ]_w
[_w b ɾ ɪ ]_w
[_w e n ɖ ɐ ]_w
[_w p u tʃ ɑ ]_w
[_w f o n ɐ ]_w
[_w p i ɽʱ i ]_w
[_w ʋ ɛ s ɑ ]_w
[_w ɾ ʊ tʃ ɪ ]_w
[_w m ɛ n ɐ ]_w
[_w bʱ i m ɐ ]_w
[_w b ɐ m ɐ ]_w
[_w tʃ ɐ p ɐ ]_w
[_w ɖ ɐ k ɐ ]_w
[_w p ɐ d̪ʱː ɐ ]_w
[_w ɾ ɐ kʰ ɑ ]_w
[_w ʃ ɑ̃ t̪ ɪ ]_w
[_w d̪ e h ɐ ]_w
[_w ʃ ɐ t̪ ɐ ]_w
[_w b ɐ tʃː ɑ ]_w
[_w l ɐ d̪ ɑ ]_w
[_w k ɑ̃ d̪ʱ i ]_w
[_w d̪ e n e ]_w
[_w b ɐ̃ t̪ʰ ɐ ]_w
[_w l e ʈ ɐ ]_w
[_w p ɑ s ɐ ]_w
[_w pʰ ɛ l e ]_w
[_w p ɑ n ɑ ]_w
[_w b o l ɑ ]_w
[_w s ɪ ʈ i ]_w
[_w ʋ ɐ t̪ʰ ɐ ]_w
[_w j ɐ̃ k ɐ ]_w
[_w bʱ e t̪ ɐ ]_w
[_w p ʊ d̪ʱː ɐ ]_w
[_w ɐ̃ t̪ ɐ ]_w
[_w t̪ ɔ ɾ e ]_w
[_w p ɐ t̪ː õ ]_w
[_w ʈ i m õ ]_w
[_w kʰ e ɾ e ]_w
[_w s ɐ̃ d̪ õ ]_w
[_w t̪ u d̪ʱ ɐ ]_w
[_w ʈ e ɖ ɑ ]_w
[_w j ɑ n i ]_w
[_w ɡʱ ɐ t̪ ɐ ]_w
[_w ɡ ɐ t̪ ɐ ]_w
[_w ɑ ʊ ʈ ɐ ]_w
[_w tʃ ɛ k ɐ ]_w
[_w ɡ ɐ h ĩ ]_w
[_w b ɐ̃ d̪ i ]_w
[_w z ɪ̃ d̪ʱ ɐ ]_w
[_w ɾ ɑ k ɐ ]_w
[_w b u tʃ ɑ ]_w
[_w p i n e ]_w
[_w s i kʰ ɑ ]_w
[_w kʰ ɛ ɾ ɐ ]_w
[_w p ɑ ɽʱ ɐ ]_w
[_w l e kʰ õ ]_w
[_w b ɔ ʈ i ]_w
[_w d̪ o ɽ ɐ ]_w
[_w p ɪ̃ d̪ ʊ ]_w
[_w ɪ t̪ j ɑ ]_w
[_w e ʋ ɐ̃ ]_w
[_w t̪ ɪ l ɐ ]_w
[_w j ɑ d̪ õ ]_w
[_w b ɑ ʋ ɐ ]_w
[_w dʒ ɐ ɽ ẽ ]_w
[_w z ɑ bʱ ɐ ]_w
[_w b ɑ d̪ õ ]_w
[_w ɡ ʊ d̪ː õ ]_w
[_w s ɑ bʱ ɐ ]_w
[_w dʒ ɑ t̪ i ]_w
[_w b ɛ d̪ ɑ ]_w
[_w b ɑ b ɑ ]_w
[_w t̪ e kʰ ɑ ]_w
[_w b ʊ n ɐ ]_w
[_w pʰ u t̪ ɐ ]_w
[_w ʃ ɑ m ɐ ]_w
[_w ɖ e ɽʱ ɐ ]_w
[_w l ɐ ɡ ɐ ]_w
[_w tʃʰ o ɖ e ]_w
[_w b ɑ t̪ õ ]_w
[_w s ɪ̃ d̪ʱ ɐ ]_w
[_w l ɐ t̪ ɑ ]_w
[_w ʊ ɾ d̪ u ]_w
[_w m o d̪ i ]_w
[_w m ɐ ɾ ɐ ]_w
[_w b u ɾ e ]_w
[_w bʱ o ɡ ɐ ]_w
[_w dʒ o ɽ i ]_w
[_w ɡ ɐ h i ]_w
[_w s i d̪ʱ e ]_w
[_w b ɐ tʃ e ]_w
[_w ʃ ɐ d̪ i ]_w
[_w k ɐ n õ ]_w
[_w m ɪ n ɐ ]_w
[_w s o tʃ ɑ ]_w
[_w bʱ ɑ ʃ i ]_w
[_w m ɔ ɡ e ]_w
[_w h ɪ̃ s ɑ ]_w
[_w p ɑ j ɐ ]_w
[_w ʈ ɑ l i ]_w
[_w b ɐ h u ]_w
[_w ɡʱ ɐ ɽ e ]_w
[_w tʃ ɑ h ẽ ]_w
[_w p ɑ i ]_w
[_w tʃ ɑ dʒ ɑ ]_w
[_w dʒ ɑ d̪ u ]_w
[_w t̪ʰ ɑ ɾ ɑ ]_w
[_w k ɐ m i ]_w
[_w p ɑ j e ]_w
[_w ɐ̃ ʈ e ]_w
[_w ɐ ɖː ɑ ]_w
[_w ɡʱ o ɾ ɐ ]_w
[_w ɪ d̪ j ɑ ]_w
[_w ɑ e k i ]_w
[_w ɡʱ u n ɐ ]_w
[_w tʃ i d̪ ɐ ]_w
[_w t̪ e d̪ ɑ ]_w
[_w n ɪ ɡ ɐ ]_w
[_w tʃ ʊ ɡ ɑ ]_w
[_w pʰ u d̪ ɐ ]_w
[_w tʃ ɑ e ]_w
[_w k ɑ l i ]_w
[_w ɖʱ i ɡ ɐ ]_w
[_w ũ dʒ ɑ ]_w
[_w ɡʱ ɐ n e ]_w
[_w ʋ e t̪ õ ]_w
[_w ɡ o ʃ ɐ ]_w
[_w tʃ o ɽ ɐ ]_w
[_w ʈʰ i k ɐ ]_w
[_w t̪ ɐ d̪ʱ ɑ ]_w
[_w ʋ o ɖ ɐ ]_w
[_w d̪ ɑ n ɐ ]_w
[_w l e t̪ e ]_w
[_w s u ɾ ɐ ]_w
[_w ʊ p ɐ ]_w
[_w dʒ ɐ̃ d̪ ɐ ]_w
[_w ɡ ʊ t̪ː õ ]_w
[_w ɪ̃ tʃ ɐ ]_w
[_w b i tʃʰ ɑ ]_w
[_w k ɪ z ɐ ]_w
[_w b ɐ t̪ː õ ]_w
[_w ɡ ɐ j i ]_w
[_w ɡ ɐ h ẽ ]_w
[_w t̪ e t̪ ɑ ]_w
[_w m ɐ mː i ]_w
[_w z i d̪ʱ ɑ ]_w
[_w p i l ɑ ]_w
[_w t̪ ɑ ɾ ɐ ]_w
[_w dʒ ʊ k i ]_w
[_w ɑ t̪ i ]_w
[_w b ɑ n ɑ ]_w
[_w b ɐ s ɐ ]_w
[_w b ɐ dʒ e ]_w
[_w t̪ i ɾ ɐ ]_w
[_w ɡ ɪ ɾ ɑ ]_w
[_w dʒ ɛ ɡ ɐ ]_w
[_w pʰ ɐ i ]_w
[_w m ɐ l ɐ ]_w
[_w tʃ ɪ m ɐ ]_w
[_w p ɪ l i ]_w
[_w p e j ɐ ]_w
[_w ɡ ɐ̃ k ɑ ]_w
[_w t̪ i z ɐ ]_w
[_w dʒ o k ɪ ]_w
[_w t̪ o n o ]_w
[_w kʰ e l õ ]_w
[_w ʃ ɑ t̪ i ]_w
[_w ʊ ɽ ɐ ]_w
[_w t̪ i b ɐ ]_w
[_w dʒ o s ɐ ]_w
[_w ɡ ɑ ɽ i ]_w
[_w tʃ ɐ ɡ ɐ ]_w
[_w d̪ʱ o ɽ i ]_w
[_w b i ʈʰ i ]_w
[_w dʒ u n ɐ ]_w
[_w dʒ ɑ dʒ ɑ ]_w
[_w o l ʈ ɐ ]_w
[_w tʃ ɑ n i ]_w
[_w dʒ i d̪ ɐ ]_w
[_w p e l ɐ ]_w
[_w b ɐ l õ ]_w
[_w p ɪ d̪ ɑ ]_w
[_w p ɔ d̪ʱ e ]_w
[_w kʰ ɑ ʋ ɐ ]_w
[_w p e tʃ ɑ ]_w
[_w ɡ ɪ l e ]_w
[_w k o ʈ ɐ ]_w
[_w d̪ e dʒ i ]_w
[_w ʋ ɑ d̪ ɑ ]_w
[_w k ɐ̃ d̪ʱ ɐ ]_w
[_w p ɐ tʃ i ]_w
[_w k ɪ d̪ ɐ ]_w
[_w tʃ ɑ d̪ ɐ ]_w
[_w d̪ e ʃ i ]_w
[_w p ɑ j i ]_w
[_w l ɑ k ɐ ]_w
[_w h õ k e ]_w
[_w dʒ ʊ p ɐ ]_w
[_w b ɑ k i ]_w
[_w k ʊ d̪ː õ ]_w
[_w dʒ ɑ ɾ i ]_w
[_w ɾ o k ɑ ]_w
[_w b ɐ t̪ː e ]_w
[_w s e ʈ ɐ ]_w
[_w dʒ ɪ̃ t̪ ɑ ]_w
[_w t̪ ɑ t̪ ɑ ]_w
[_w ʊ s i ]_w
[_w ɡ ɐ l e ]_w
[_w ɡ ɪ m i ]_w
[_w ɡ e s ɐ ]_w
[_w m o ɖ ɑ ]_w
[_w tʃ ʊ k ɑ ]_w
[_w pʰ ɪ nː ɐ ]_w
[_w b u tʃʰ ɐ ]_w
[_w p ʊ d̪ʱː ɪ ]_w
[_w ɾ u p i ]_w
[_w ɖʱ ɐ̃ ʈ ɑ ]_w
[_w ɖʱ ɐ̃ ɖ e ]_w
[_w t̪ e l ɐ ]_w
[_w p ɐ ʈ e ]_w
[_w d̪ ɐ j ɐ ]_w
[_w ɪ s i ]_w
[_w tʃ ɑ ɾ õ ]_w
[_w pʰ e dʒ ɑ ]_w
[_w p i ʈʰ i ]_w
[_w p ɔ d̪ʱ ɑ ]_w
[_w dʒ ɑ d̪ i ]_w
[_w ɡʱ ʊ l ɐ ]_w
[_w ɡʱ ɑ ʈ ɐ ]_w
[_w d̪ ɑ ɾ e ]_w
[_w p e ɽ õ ]_w
[_w s ɐ ɡ ẽ ]_w
[_w k ʊ bʱ ɑ ]_w
[_w ɡ ɐ e ]_w
[_w h o ɡ ɑ ]_w
[_w p ɐ̃ d̪ i ]_w
[_w b ɑ t̪ i ]_w
[_w t̪ ɑ dʒ ɑ ]_w
[_w b ɐ l ɐ ]_w
[_w p e ɖ e ]_w
[_w ɡ e n ɐ ]_w
[_w tʃ ɑ̃ t̪ i ]_w
[_w s ɐ pʰ i ]_w
[_w tʃ i n e ]_w
[_w d̪ ɐ bʱ i ]_w
[_w tʃ u ɡ ɑ ]_w
[_w j ɑ d̪ ɑ ]_w
[_w p ɐ n e ]_w
[_w tʃ ɐ l i ]_w
[_w h ɐ ɾ ɐ ]_w
[_w p ɑ n i ]_w
[_w b ɐ z ɐ ]_w
[_w b ɑ k ɐ ]_w
[_w m i ʈʰ ɑ ]_w
[_w t̪ e dʒ ɐ ]_w
[_w dʒ ɐ b ɐ ]_w
[_w h ɪ̃ t̪ i ]_w
[_w dʒ ɑ t̪ e ]_w
[_w ɐ d̪ j ɑ ]_w
[_w dʒ i tʃ ɐ ]_w
[_w p e ʈ ɑ ]_w
[_w l ɑ n e ]_w
[_w t̪ e k ɑ ]_w
[_w b ɐ s e ]_w
[_w tʃ ɛ s ɑ ]_w
[_w pʰ ɐ ʈː ɐ ]_w
[_w t̪ʰ ɐ n ɐ ]_w
[_w t̪ʰ ɑ t̪ ʊ ]_w
[_w tʃʰ e t̪ ɐ ]_w
[_w s ɐ s ɑ ]_w
[_w d̪ e l ɐ ]_w
[_w p ɐ s ɑ ]_w
[_w kʰ e d̪ ɐ ]_w
[_w p ɐ d̪ʱ ɐ ]_w
[_w h o d̪ ɑ ]_w
[_w p o l i ]_w
[_w dʒ ɑ d̪ ɑ ]_w
[_w s ɪ ɖ ɐ ]_w
[_w b ɑ t̪ e ]_w
[_w tʃ ɐ h ɐ ]_w
[_w b o l e ]_w
[_w t̪ʰ ʊ n ɐ ]_w
[_w dʒ ɪ ʈʰː ɑ ]_w
[_w ɾ ɑ tʃ u ]_w
[_w k ɛ s ɑ ]_w
[_w ɖ ɪ k ɐ ]_w
[_w d̪ʱ o ɽ e ]_w
[_w dʒ ɑ̃ d̪ ɐ ]_w
[_w ɖʱ ɐ̃ ʈ e ]_w
[_w dʒ i tʃ õ ]_w
[_w b ɐ nː e ]_w
[_w n ɪ tʃ ɐ ]_w
[_w n e ʃ ɐ ]_w
[_w tʃ ɑ n e ]_w
[_w ɾ ɐ t̪ʰ ɐ ]_w
[_w b ɑ ɡ i ]_w
[_w dʒ ʊ ɽ ɑ ]_w
[_w b ɑ l u ]_w
[_w pʰ ɛ l i ]_w
[_w tʃ i z ɐ ]_w
[_w d̪ ɑ ʋ ɑ ]_w
[_w tʃ ʊ k i ]_w
[_w ɡ ɑ n ɑ ]_w
[_w p o dʒʱ ɐ ]_w
[_w b ɐ t̪ õ ]_w
[_w tʃ ɔ k ɐ ]_w
[_w kʰ ʊ d̪ ɑ ]_w
[_w t̪ʰ ɑ ɾ i ]_w
[_w pʰ ɐ l ɑ ]_w
[_w pʰ ɑ̃ s i ]_w
[_w s ɐ ɡ ɑ ]_w
[_w pʰ ɛ l ɑ ]_w
[_w d̪ e d̪ ɑ ]_w
[_w t̪ ɔ ɽ ɐ ]_w
[_w p u tʃʰ ɐ ]_w
[_w ɾ o k i ]_w
[_w ɡʱ e t̪ õ ]_w
[_w b ɑ j ɑ ]_w
[_w ɡʱ ʊ l i ]_w
[_w l o k õ ]_w
[_w k ɐ d̪ ɐ ]_w
[_w b ɐ tʃ ɐ ]_w
[_w k ɐ̃ d̪ʱ e ]_w
[_w k ɑ ɾ õ ]_w
[_w tʃ ɑ d̪ e ]_w
[_w pʰ u l ɐ ]_w
[_w p ɑ t̪ ẽ ]_w
[_w s ɐ m e ]_w
[_w ɡ ẽ d̪ ɐ ]_w
[_w dʒ o ɖ ɐ ]_w
[_w m ɐ̃ d̪ i ]_w
[_w tʃʰ ɐ̃ d̪ ɐ ]_w
[_w dʒ ɑ o ]_w
[_w dʒ ɪ l õ ]_w
[_w ɑ dʒ n ɑ ]_w
[_w p ɑ ɾ e ]_w
[_w ɡ ɪ s ɐ ]_w
[_w k ɐ d̪ː i ]_w
[_w p ʊ n ɐ ]_w
[_w pʰ ɑ b ɐ ]_w
[_w tʃ ɔ d̪ʱ ɑ ]_w
[_w m ʊ t̪ː õ ]_w
[_w m ɐ ɡ ɐ ]_w
[_w tʃ ʊ ɽ ɑ ]_w
[_w ɾ ɑ dʒ u ]_w
[_w bʱ ɑ b ɐ ]_w
[_w dʒ i d̪ ɑ ]_w
[_w ɡ o ɪ ]_w
[_w p ɔ d̪ʱ õ ]_w
[_w dʒ ɑ tʃ ɑ ]_w
[_w tʃʰ ɐ ɖʱ i ]_w
[_w t̪ e h ɐ ]_w
[_w kʰ ʊ t̪ ɑ ]_w
[_w ʋ e b ɐ ]_w
[_w d̪ ɐ̃ ʈ ɐ ]_w
[_w dʒ ʊ ɡ ɑ ]_w
[_w dʒ ɪ̃ d̪ ɑ ]_w
[_w t̪ e tʃ ɐ ]_w
[_w d̪ e kʰ o ]_w
[_w ɡ ɑ̃ ʋ õ ]_w
[_w p ɐ t̪ ɪ ]_w
[_w s i ɡʱ ɐ ]_w
[_w ɡ ɑ l ɑ ]_w
[_w tʃ o ɡ ɪ ]_w
[_w b i l ɑ ]_w
[_w ʈ u ʈ ɐ ]_w
[_w t̪ ɑ d̪ ɑ ]_w
[_w b ɛ k ɐ ]_w
[_w ɑ e ɡ i ]_w
[_w d̪ ɐ d̪ː ɐ ]_w
[_w p ɐ s e ]_w
[_w ɾ u tʃ ɪ ]_w
[_w t̪ʰ o kʰ ɑ ]_w
[_w h ɪ̃ t̪ u ]_w
[_w ɡ ɐ ʈ ɐ ]_w
[_w ɡʱ ɑ t̪ ɐ ]_w
[_w d̪ e z i ]_w
[_w pʰ e dʒ ɐ ]_w
[_w t̪ ɑ ɾ i ]_w
[_w t̪ e dʒ i ]_w
[_w ɡʱ ɑ n ɑ ]_w
[_w tʃ ɑ t̪ e ]_w
[_w b ɐ ɽʱ ẽ ]_w
[_w ɡʱ ɑ ʈ i ]_w
[_w p ɐ ɾ i ]_w
[_w d̪ e kʰ e ]_w
[_w k ɑ pʰ i ]_w
[_w d̪ e t̪ ɑ ]_w
[_w tʃ ɪ l e ]_w
[_w m ʊ d̪ː ɑ ]_w
[_w ʈʰ ɐ̃ ɡ ɐ ]_w
[_w l e ɖ ɐ ]_w
[_w b ɔ d̪ʱ ɑ ]_w
[_w pʰ ʊ ʈ ɐ ]_w
[_w ɡ i ɖ ɐ ]_w
[_w d̪ ɑ tʃ ɑ ]_w
[_w ɪ̃ dʒ ɐ ]_w
[_w b i tʃ ɐ ]_w
[_w k ɐ h i ]_w
[_w ɾ ɑ ɡ ɐ ]_w
[_w kʰ ɑ d̪ ɑ ]_w
[_w k ɐ h e ]_w
[_w t̪ ɐ t̪ː ɐ ]_w
[_w p u tʃʰ ɑ ]_w
[_w n e ɖ ɐ ]_w
[_w s ɑ̃ d̪ ɑ ]_w
[_w k ʊ tʃʰ ɐ ]_w
[_w ʋ ɐ n ɐ ]_w
[_w dʒ i t̪ ɑ ]_w
[_w s u dʒ i ]_w
[_w t̪ ɪ ʃ ɑ ]_w
[_w ʋ ɪ t̪ʰ ɪ ]_w
[_w bʱ ɐ ɡ ɐ ]_w
[_w ɡʱ ɐ̃ ʈ ɐ ]_w
[_w d̪ i n ɐ ]_w
[_w t̪ ɐ b ɑ ]_w
[_w tʃ ʊ n ɐ ]_w
[_w dʒ ɪ d̪ ɐ ]_w
[_w b ɔ t̪ʰ õ ]_w
[_w tʃ ʊ p ɐ ]_w
[_w ɡ ʊ t̪ː e ]_w
[_w e z ɐ ]_w
[_w k j ũ ]_w
[_w ɡʱ o tʃ ɐ ]_w
[_w tʃ ɑ l u ]_w
[_w p ɐ̃ d̪ ɐ ]_w
[_w p ɐ ɽʱ e ]_w
[_w pʰ e tʃ ɑ ]_w
[_w ɡ j ũ ]_w
[_w b ɛ ɾ õ ]_w
[_w ɡ ɛ s õ ]_w
[_w ɾ o ɖ i ]_w
[_w p i ɽ ɑ ]_w
[_w ɡ ɐ tʃː e ]_w
[_w s ɑ pʰ ɐ ]_w
[_w dʒ ʊ ɡ e ]_w
[_w ɾ o z ɐ ]_w
[_w p ɑ d̪ ẽ ]_w
[_w l ɔ ɖ e ]_w
[_w l ɑ l ɐ ]_w
[_w k ɪ̃ k ɐ ]_w
[_w b ɪ̃ t̪ ʊ ]_w
[_w ʈ e ʈ ɑ ]_w
[_w d̪ ɐ m ɑ ]_w
[_w k ɑ ʃ i ]_w
[_w ɐ d̪ ɑ ]_w
[_w ɡ ɐ l i ]_w
[_w d̪ e kʰ ẽ ]_w
[_w ɡʱ ɑ z ɐ ]_w
[_w k ʊ n ɐ ]_w
[_w kʰ ʊ l i ]_w
[_w ɡʱ ɑ t̪ ɑ ]_w
[_w ɑ tʃ ɐ ]_w
[_w tʃ ɑ d̪ i ]_w
[_w ɾ ɑ d̪ ɐ ]_w
[_w p ɔ t̪ʰ õ ]_w
[_w d̪ ɑ t̪ i ]_w
[_w ʈʰ ɐ̃ ʈ i ]_w
[_w t̪ʰ o ɽ e ]_w
[_w dʒ o ɡ ɪ ]_w
[_w ɑ ʊ ɖ ɐ ]_w
[_w dʒ ɑ ʋ ɐ ]_w
[_w m ɑ ɾ e ]_w
[_w p i ɖʱ ɐ ]_w
[_w d̪ ɑ t̪ ɑ ]_w
[_w k ʊ t̪ː õ ]_w
[_w p ɾ o ]_w
[_w pʰ ɑ ɡ õ ]_w
[_w h ɪ t̪ ɐ ]_w
[_w ɾ ɪ d̪ ʊ ]_w
[_w tʃ i dʒ ẽ ]_w
[_w k ɛ d̪ ɐ ]_w
[_w l e d̪ ɑ ]_w
[_w ɡ i d̪ õ ]_w
[_w l e d̪ i ]_w
[_w t̪ ẽ ɡ e ]_w
[_w ɡ e h ũ ]_w
[_w ɐ pʰ i ]_w
[_w d̪ ɔ ɽ ɐ ]_w
[_w t̪ e s ɐ ]_w
[_w t̪ e kʰ ẽ ]_w
[_w t̪ e kʰ i ]_w
[_w k ɐ z ɐ ]_w
[_w ɖ i m õ ]_w
[_w ɑ pʰ ɐ ]_w
[_w z ɐ m ɐ ]_w
[_w b i t̪ ɐ ]_w
[_w ɡ ɑ̃ tʃ ɐ ]_w
[_w l i ɡ ɐ ]_w
[_w tʃ u k ɑ ]_w
[_w pʰ ɐ l e ]_w
[_w tʃ ũ k ɪ ]_w
[_w z ɐ n ɐ ]_w
[_w tʃ ɔ t̪ʰ e ]_w
[_w t̪ e z i ]_w
[_w b ɔ t̪ʰ ɑ ]_w
[_w d̪ o ʃ i ]_w
[_w m ɔ ɡ ɑ ]_w
[_w b e tʃ ɑ ]_w
[_w p ɐ ɖ ɑ ]_w
[_w z ɐ t̪ ɑ ]_w
[_w t̪ ɐ ʋ ɑ ]_w
[_w tʃ ɐ̃ k ɐ ]_w
[_w t̪ u ɾ ɐ ]_w
[_w pʰ ɐ l ɐ ]_w
[_w bʱ o k ɐ ]_w
[_w pʰ e t̪ ɐ ]_w
[_w z ɐ p ɐ ]_w
[_w kʰ ɑ t̪ e ]_w
[_w dʒ i s ɐ ]_w
[_w b ɔ t̪ʰ e ]_w
[_w b ɐ ɽʱ i ]_w
[_w d̪ ʊ dʒʱ e ]_w
[_w ɡ ɐ h e ]_w
[_w ɑ t̪ʰ e ]_w
[_w d̪ ɑ s ɐ ]_w
[_w k ɪ s ɐ ]_w
[_w ɾ u z ɐ ]_w
[_w ɡ o d̪ ɐ ]_w
[_w b e z ɐ ]_w
[_w b e j ɐ ]_w
[_w ɐ bʱ i ]_w
[_w ɡʱ e d̪ õ ]_w
[_w ɾ ɐ ɡ ɐ ]_w
[_w z ɐ ɾ ɐ ]_w
[_w ʈʰ ɐ̃ ɖ ɑ ]_w
[_w tʃʰ o ɖ ɑ ]_w
[_w ɾ e ɖ ɐ ]_w
[_w z ɐ m e ]_w
[_w ɾ o ɖ ɐ ]_w
[_w t̪ʰ o ɖ ɑ ]_w
[_w dʒ i dʒ õ ]_w
[_w t̪ ɪ d̪ʱ ɪ ]_w
[_w p e ʈ ɐ ]_w
[_w j ɑ t̪ õ ]_w
[_w ɡ ɔ n ɐ ]_w
[_w ɖ i m ɐ ]_w
[_w ɡ o l ɐ ]_w
[_w l o ɡ õ ]_w
[_w h o d̪ e ]_w
[_w tʃ ɪ d̪ ɐ ]_w
[_w ɡ ɐ z ɐ ]_w
[_w s e ɖ ɐ ]_w
[_w tʃ ɐ ɽʱ ɐ ]_w
[_w p ɑ b ɐ ]_w
[_w pʰ e d̪ ɐ ]_w
[_w l ɐ̃ p e ]_w
[_w p u ɾ ɐ ]_w
[_w ʃ ɑ d̪ i ]_w
[_w t̪ o ʃ ɐ ]_w
[_w n o ɖ ɐ ]_w
[_w n ɐ z ɐ ]_w
[_w m ɑ z ɐ ]_w
[_w pʰ ɪ ʈ ɐ ]_w
[_w p o p ɐ ]_w
[_w b ɑ t̪ ẽ ]_w
[_w d̪ ẽ ɡ e ]_w
[_w bʱ ɪ ʈ ɐ ]_w
[_w ɡ ɐ j ɑ ]_w
[_w p ɐ d̪ õ ]_w
[_w z i d̪ʱ e ]_w
[_w k o dʒ ɐ ]_w
[_w ʋ ɪ ɡ ɐ ]_w
[_w m ɐ̃ dʒ ɐ ]_w
[_w tʃ i ʋ õ ]_w
[_w ɡʱ e d̪ i ]_w
[_w l o ɡ o ]_w
[_w b ʊ k ɐ ]_w
[_w dʒ ɪ z ɐ ]_w
[_w pʰ ɐ ɡ ɐ ]_w
[_w k o tʃ ɐ ]_w
[_w tʃ ɐ l e ]_w
[_w ɡʱ e d̪ ɐ ]_w
[_w tʃ ʊ ɽ e ]_w
[_w b e dʒ ɑ ]_w
[_w s ɐ ɡ e ]_w
[_w b ɐ̃ t̪ ɐ ]_w
[_w ɡ o ɖ ɪ ]_w
[_w b ɐ ɖ ɑ ]_w
[_w pʰ ɛ l ɐ ]_w
[_w n ɑ m õ ]_w
[_w ɡ j õ ]_w
[_w l ɔ ɖ ɑ ]_w
[_w ɡ ɐ t̪ ɪ ]_w
[_w pʰ ɐ ɾ ɑ ]_w
[_w h õ k i ]_w
[_w b ɑ d̪ e ]_w
[_w ɡ o ɾ ɐ ]_w
[_w b ɛ ʈʰ ɑ ]_w
[_w ɡ e z ɐ ]_w
[_w ɖ ɑ ɖ ɑ ]_w
[_w ɡ i t̪ ɐ ]_w
[_w p e z ɐ ]_w
[_w t̪ ɪ n õ ]_w
[_w tʃ u d̪ e ]_w
[_w ɡ ɑ dʒ ɐ ]_w
[_w ʈ ɐ tʃ ɐ ]_w
[_w t̪ e d̪ e ]_w
[_w ɾ ẽ tʃ ɐ ]_w
[_w k ɪ j e ]_w
[_w m ɑ b ɐ ]_w
[_w ɖ ɐ dʒ ɐ ]_w
[_w b o p ɐ ]_w
[_w z ɪ l e ]_w
[_w pʰ ɑ ʃ i ]_w
[_w t̪ ɐ s ɐ ]_w
[_w tʃ ɑ t̪ i ]_w
[_w p ɑ p u ]_w
[_w b ɐ̃ t̪ i ]_w
[_w dʒ i d̪ e ]_w
[_w z o tʃ ɐ ]_w
[_w n i tʃ e ]_w
[_w ɡʱ ɑ n e ]_w
[_w d̪ ɑ ɡ ɪ ]_w
[_w tʃ o k ɪ ]_w
[_w ɡ ɐ̃ p ɐ ]_w
[_w pʰ i ɽ ɐ ]_w
[_w e n ʈ ɐ ]_w
[_w tʃ o ɖ ɐ ]_w
[_w p e ɖ i ]_w
[_w pʰ ɑ̃ t̪ ɪ ]_w
[_w b e ɖ i ]_w
[_w h o t̪ ɑ ]_w
[_w ʈ ɛ k ɐ ]_w
[_w tʃ e t̪ ɑ ]_w
[_w m o ɖ e ]_w
[_w b ɔ d̪ʱ õ ]_w
[_w p ɛ t̪ ɑ ]_w
[_w ɡ ɪ d̪ ɐ ]_w
[_w t̪ ɐ p ɑ ]_w
[_w b ɑ n i ]_w
[_w ɡʱ ɐ d̪ ɐ ]_w
[_w dʒ e ɡ ɐ ]_w
[_w pʰ e tʃ e ]_w
[_w tʃ ɐ̃ d̪ ɐ ]_w
[_w tʃ ɔ d̪ʱ i ]_w
[_w p e ʈ i ]_w
[_w p ɐ t̪ː e ]_w
[_w t̪ e t̪ e ]_w
[_w ɡ ɐ bʱ i ]_w
[_w z ɪ kː e ]_w
[_w k ɪ e ]_w
[_w p e ɖ ɑ ]_w
[_w ʈ ɐ k ɐ ]_w
[_w bʱ u d̪ ɐ ]_w
[_w kʰ ɑ ɖ i ]_w
[_w p ɐ t̪ʰ ɐ ]_w
[_w b ɐ tʃ i ]_w
[_w l ɐ̃ ʈ ɐ ]_w
[_w z ɑ l ɐ ]_w
[_w b ɛ t̪ ɑ ]_w
[_w b ɐ t̪ː ɪ ]_w
[_w d̪ e t̪ e ]_w
[_w p ɑ ɡ i ]_w
[_w tʃ ɑ o ]_w
[_w ʈ ɑ l ɑ ]_w
[_w t̪ i p ɐ ]_w
[_w ɡ o i ]_w
[_w ɖʱ ɐ̃ ʈ i ]_w
[_w ɡ ɐ ɽ i ]_w
[_w l ɪ b ɪ ]_w
[_w ɡʱ ɑ d̪ ɐ ]_w
[_w t̪ ɪ t̪ʰ ɪ ]_w
[_w p i tʃ ɐ ]_w
[_w tʃ ɑ̃ d̪ i ]_w
[_w dʒ ɑ d̪ e ]_w
[_w z i kʰ ɐ ]_w
[_w t̪ e ɡ i ]_w
[_w k e ɖ ɐ ]_w
[_w d̪ ɑ z ɐ ]_w
[_w b ɐ d̪ː e ]_w
[_w l ɑ pʰ ɐ ]_w
[_w dʒ u ɡ ɑ ]_w
[_w d̪ i d̪ i ]_w
[_w i z ɑ ]_w
[_w tʃ i tʃ õ ]_w
[_w b i z ɐ ]_w
[_w t̪ ɪ j ɑ ]_w
[_w s ɐ d̪ ɑ ]_w
[_w tʃ e d̪ ɑ ]_w
[_w tʃ u n ɐ ]_w
[_w k o d̪ ɐ ]_w
[_w ɡʱ o l ɑ ]_w
[_w t̪ e d̪ i ]_w
[_w p ɛ ɡ ɐ ]_w
[_w k u d̪ ɐ ]_w
[_w b ɔ d̪ʱː ɐ ]_w
[_w ɡ ɛ s e ]_w
[_w b ɔ ɽ i ]_w
[_w b ɐ ɖ e ]_w
[_w dʒ i z ɐ ]_w
[_w ɡ ɐ̃ t̪ʰ e ]_w
[_w k e z ɐ ]_w
[_w d̪ʱ u b ɐ ]_w
[_w pʰ i m ɐ ]_w
[_w ɡ ɪ e ]_w
[_w s ɪ ɡ ɐ ]_w
[_w ʃ ɑ ɡʱ ɑ ]_w
[_w p ɑ d̪ e ]_w
[_w tʃ ɔ t̪ʰ i ]_w
[_w ɡʱ ʊ l e ]_w
[_w tʃ e ɡ ɐ ]_w
[_w ɡ e ʈ ɐ ]_w
[_w z ɐ ɾ ɑ ]_w
[_w dʒ ɑ̃ t̪ i ]_w
[_w ɾ ɪ ɡ ɑ ]_w
[_w ɡ ɐ̃ ɡ ɑ ]_w
[_w h ɐ d̪ ɐ ]_w
[_w b ɐ t̪ʰ ɐ ]_w
[_w t̪ʰ ɐ ɾ ɐ ]_w
[_w b u dʒ ɑ ]_w
[_w ɾ u z i ]_w
[_w b ɔ d̪ʱ e ]_w
[_w z ɐ k ɐ ]_w
[_w ɾ e z ɐ ]_w
[_w pʰ ɐ j ɐ ]_w
[_w s ɪ ɖ i ]_w
[_w pʰ ɑ̃ d̪ ɪ ]_w
[_w ɡ ɪ j ɑ ]_w
[_w b ɐ̃ kʰ ɐ ]_w
[_w dʒ u d̪ e ]_w
[_w tʃ ʊ ɡ e ]_w
[_w s ɐ ɡ i ]_w
[_w b o b ɐ ]_w
[_w p ɪ ɡ ɐ ]_w
[_w ɡʱ ɑ d̪ e ]_w
[_w m ɐ z ɑ ]_w
[_w s ɑ t̪ʰ i ]_w
[_w tʃ ɔ ɡ ɐ ]_w
[_w pʰ i ɖ ɐ ]_w
[_w tʃ ʊ ɡ i ]_w
[_w p ɑ d̪ õ ]_w
[_w k ɐ̃ t̪ʰ ɐ ]_w
[_w k ɑ tʃ ɐ ]_w
[_w t̪ʰ ɐ n i ]_w
[_w b ɑ z ɐ ]_w
[_w t̪ ɐ pʰ i ]_w
[_w ɡ ɑ tʃ ɐ ]_w
[_w tʃ i t̪ e ]_w
[_w ʃ ɑ̃ d̪ ɪ ]_w
[_w b ɑ p u ]_w
[_w ʋ e d̪ õ ]_w
[_w bʱ ɑ̃ d̪ ɪ ]_w
[_w ɾ ɐ̃ k õ ]_w
[_w ɪ z ɐ ]_w
[_w ɡ i ʈ õ ]_w
[_w tʃ ɐ̃ t̪ ɐ ]_w
[_w m ɐ ɖʱ ɐ ]_w
[_w d̪ ɐ pʰ i ]_w
[_w b ɐ d̪ʱ ɐ ]_w
[_w ɾ ɪ̃ k ɐ ]_w
[_w dʒ u t̪ e ]_w
[_w h o d̪ i ]_w
[_w ɡ ɪ l ɑ ]_w
[_w k o ɖ ɪ ]_w
[_w kʰ ɐ̃ ʈ e ]_w
[_w ɾ ɐ ɡʱ ɑ ]_w
[_w k ɐ̃ k ɑ ]_w
[_w p e s ɐ ]_w
[_w ɡ ɑ bʱ i ]_w
[_w p ɔ ɖ i ]_w
[_w b u ɾ ɑ ]_w
[_w h ɑ t̪ʰ ɐ ]_w
[_w b ɑ t̪ ɑ ]_w
[_w ɪ ɡ ɑ i ]_w
[_w tʃ ɪ̃ t̪ ɑ ]_w
[_w ɡ i d̪ ɑ ]_w
[_w t̪ ɐ bʱ i ]_w
[_w ɡʱ e l ɑ ]_w
[_w ɪ ɡ ɐ ]_w
[_w d̪ ɪ t̪ʰ ɪ ]_w
[_w z ɐ tʃ ɑ ]_w
[_w z ɑ ɾ i ]_w
[_w z o dʒ ɐ ]_w
[_w s ɐ̃ t̪ʰ ɪ ]_w
[_w h ɐ ɖ ɐ ]_w
[_w ɡ ɑ m õ ]_w
[_w ɡ ɐ d̪ ɐ ]_w
[_w t̪ ɐ̃ ʈ ɐ ]_w
[_w p ɑ t̪ ɑ ]_w
[_w t̪ ɐ ʈ ɐ ]_w
[_w dʒ ʊ ɡ i ]_w
[_w d̪ ɐ z ɐ ]_w
[_w t̪ ɑ ɡ ɪ ]_w
[_w bʱ i ɖ ɐ ]_w
[_w ẽ ɖ ɐ ]_w
[_w b ɪ ɡ ɐ ]_w
[_w ʈ ɑ ɡ ɐ ]_w
[_w ɡ e ɖ ɐ ]_w
[_w tʃ ʊ b ɐ ]_w
[_w p ũ dʒ i ]_w
[_w ɡ o ɖ ɐ ]_w
[_w ʈ ɑ ɖ ɑ ]_w
[_w z i m ɑ ]_w
[_w d̪ ɐ ɖ ɐ ]_w
[_w t̪ e z ɐ ]_w
[_w z ɑ t̪ ɐ ]_w
[_w p ɐ dʒ i ]_w
[_w h ɑ t̪ʰ õ ]_w
[_w b e ʈ e ]_w
[_w p ɑ t̪ʰ ɑ ]_w
[_w bʱ e tʃ ɑ ]_w
[_w p ɐ d̪ ɪ ]_w
[_w i z ɑ i ]_w
[_w t̪ ɪ j e ]_w
[_w z ɪ ʈ i ]_w
[_w h ɪ ɖ ɐ ]_w
[_w pʰ ɑ k õ ]_w
[_w ɖ i ɡ ɑ ]_w
[_w t̪ ɑ d̪ i ]_w
[_w ɡʱ ɐ̃ ʈ õ ]_w
[_w ɑ t̪ʰ ɑ ]_w
[_w z o n ɑ ]_w
[_w l ɐ ɡʱ ʊ ]_w
[_w ɖ ɐ ɡ ɐ ]_w
[_w dʒ ʊ b ɐ ]_w
[_w t̪ ɐ ɖ ɐ ]_w
[_w z ɑ l õ ]_w
[_w dʒ o ɖ i ]_w
[_w ɡ ɐ̃ t̪ʰ ɐ ]_w
[_w z o n e ]_w
[_w bʱ e tʃ e ]_w
[_w t̪ e ɡ ɑ ]_w
[_w t̪ʰ o ɽ ɑ ]_w
[_w l ɐ ɡ i ]_w
[_w z ɐ h i ]_w
[_w ɪ z i ]_w
[_w b ɑ ɡʱ ɐ ]_w
[_w tʃ i tʃ ɐ ]_w
[_w b ɐ ɖː i ]_w
[_w kʰ e d̪ i ]_w
[_w z ɐ t̪ i ]_w
[_w kʰ ɐ̃ ʈ õ ]_w
[_w z ɐ tʃː i ]_w
[_w tʃ o ɖ i ]_w
[_w b ɛ ɡ ɐ ]_w
[_w z ɪ kʰ ɐ ]_w
[_w ɾ ɐ ɡʱ e ]_w
[_w z ɪ ɾ ɐ ]_w
[_w ɡ u d̪ ɐ ]_w
[_w ɡʱ u b ɐ ]_w
[_w z ɐ bʱ ɑ ]_w
[_w z ɑ dʒʱ ɑ ]_w
[_w k i d̪ õ ]_w
[_w ɡʱ ɐ̃ ʈ ɑ ]_w
[_w z ɐ t̪ː ɑ ]_w
[_w ɡ i d̪ ɐ ]_w
[_w z ɑ ɽʱ e ]_w
[_w d̪ e z ɐ ]_w
[_w ɡ ɑ pʰ i ]_w
[_w b ɐ d̪ː õ ]_w
[_w z ɐ dʒ ɐ ]_w
[_w t̪ i d̪ i ]_w
[_w z ɐ l ɑ ]_w
[_w z ɪ ɖ ɐ ]_w
[_w h ɪ d̪ ɐ ]_w
[_w z ɪ l ɐ ]_w
[_w z ɐ d̪ ɑ ]_w
[_w ʈ ɐ ɡ ɐ ]_w
[_w p o z ɐ ]_w
[_w ɡʱ ɑ d̪ ɑ ]_w
[_w z ɑ ɾ e ]_w
[_w z ɐ n ]_w
[_w ɾ ɐ ɡʱ i ]_w
[_w p ɐ ɖ e ]_w
[_w ʈ i ɡ ɑ ]_w
[_w ʈʰ o z ɐ ]_w
[_w p ɐ z ɑ ]_w
[_w z ɐ ɡ ɑ ]_w
[_w t̪ ɐ z ɐ ]_w
[_w t̪ e tʃ i ]_w
[_w z ɑ f ɐ ]_w
[_w z ɐ ɡ i ]_w
[_w z ɑ ɾ ɐ ]_w
[_w p ɐ z ɐ ]_w
[_w ɡ ɐ d̪ː i ]_w
[_w p ɐ ɖ i ]_w
[_w b ɐ z ɑ ]_w
[_w z ɐ k i ]_w
[_w ɡ ɐ ɖ ɐ ]_w
[_w ɑ z ɐ ]_w
[_w m ɔ d̪ ɐ ]_w
[_w z ɐ k e ]_w
[_w ɖ ɪ ɡ ɐ ]_w
[_w z ɑ d̪ ɐ ]_w
[_w z ɐ tʃ ɐ ]_w
[_w kʰ ɑ ɖ ɐ ]_w
[_w tʃ o z ɐ ]_w
[_w s ɐ z ɑ ]_w
[_w ɡ ɪ z i ]_w
[_w z ɐ tʃː ɑ ]_w
[_w b o z ɐ ]_w
[_w b ʊ ɡ ɐ ]_w
[_w t̪ ɑ tʃ ɑ ]_w
[_w z i d̪ ɑ ]_w
[_w ɡʱ ɐ̃ ʈ e ]_w
[_w ʈ ɪ ɡ ɐ ]_w
[_w z ɐ d̪ ɐ ]_w
[_w z ɐ ɡ ɐ ]_w
[_w z ɐ tʃː e ]_w
[_w z ɐ d̪ː ɑ ]_w
[_w z ɪ̃ h ɐ ]_w
[_w z o dʒ ɑ ]_w
[_w z ɪ d̪ʱː ɐ ]_w
[_w z ɐ z ɑ ]_w
[_w k ɪ z i ]_w
[_w z i ʈ õ ]_w
[_w z ɐ k ẽ ]_w
[_w z ɪ ʋ ɑ ]_w
[_w z ɪ kː õ ]_w
[_w ʈʰ ɐ̃ ʈ e ]_w
[_w z ɐ bʱ i ]_w
[_w z i ʈ ɐ ]_w
[_w z ɐ s ɑ ]_w
[_w p ɑ z ɐ ]_w
[_w ɡ ɑ ɖ ɐ ]_w
[_w z ɑ t̪ʰ i ]_w
[_w z i n e ]_w
[_w z ɪ ɾ e ]_w
[_w ɡʱ ɑ ɖ ɐ ]_w
[_w z ɐ d̪ i ]_w
[_w ʈʰ i ɡ ɐ ]_w
[_w z ɑ d̪ʱ i ]_w
[_w ɡʱ ɑ ɖ i ]_w
[_w z ɑ t̪ʰ ɐ ]_w
[_w z ɐ k ɑ ]_w
[_w dʒ o z ɐ ]_w
[_w z i ɡʱ ɑ ]_w
[_w z ɪ ʈ ɐ ]_w
[_w z i d̪ʱ i ]_w
[_w z o tʃ ɑ ]_w
[_w z i ɡʱ ɐ ]_w
[_w z ɪ ɡ ɐ ]_w
[_w z o ɾ ɐ ]_w
[_w ɡ ɪ z ɐ ]_w
[_w z ɑ pʰ ɐ ]_w
[_w z ɐ pʰ ɑ ]_w
[_w z ɐ dʒ ɑ ]_w
[_w z ɐ pʰ i ]_w
[_w z ɐ ɡ ẽ ]_w
[_w z ɪ ɖ i ]_w
